0|96.13|1392|408|4.9|4.9|1|8
0.1|96.05|1580|412|4.9|4.9|1|8
0.2|96.1|1258|414|4.9|4.9|1|8
0.3|96.09|951|413|4.9|4.9|1|8
0.4|96.06|946|413|4.9|4.9|1|8
0.5|96.09|954|412|4.9|4.9|2|8
0.6|95.78|1082|412|4.9|4.9|2|8
0.7|95.42|1446|414|4.9|4.9|3|8
0.8|95.18|1706|414|4.9|4.9|3|8
0.9|94.96|1724|415|4.9|4.9|3|8
1|94.84|1729|415|4.9|4.9|3|8
1.1|94.7|1737|415|4.9|4.9|3|8
1.2|94.75|1740|416|4.9|4.9|3|8
1.3|94.75|1742|416|4.9|4.9|3|8
1.4|94.75|1747|415|4.9|4.9|3|8
1.5|94.75|1750|415|4.9|4.9|3|8
1.6|94.78|1753|415|4.9|4.9|3|8
1.7|94.76|1758|415|4.9|4.9|3|8
1.8|94.72|1758|415|4.9|4.9|3|8
1.9|94.75|1760|415|4.9|4.9|3|8
2|94.76|1763|415|4.9|4.9|3|8
2.1|94.71|1765|415|4.9|4.9|3|8
2.2|94.76|1768|415|4.9|4.9|3|8
2.3|94.74|1771|415|5|4.9|3|8
2.4|94.74|1771|415|5|5|3|8
2.5|94.78|1773|414|5|5|3|8
2.6|94.75|1776|414|5|5|3|8
2.7|94.71|1776|414|5|5|4|8
2.8|94.94|1778|414|5|5|4|8
2.9|95.12|1778|415|5|5|4|8
3|95.17|1773|414|5|5|4|8
3.1|95.61|1688|415|5|5|4|8
3.2|96.37|977|413|5|5|5|8
3.3|96.63|961|412|5|5|5|8
3.4|96.76|959|412|5|5|5|8
3.5|96.82|961|412|5|5|5|8
3.6|96.88|956|412|5|5|5|8
3.7|96.91|956|412|5|5|5|8
3.8|96.91|954|412|5|5|5|8
3.9|96.9|954|412|5|5|5|8
4|96.87|954|412|5|5|5|8
4.1|96.8|951|412|5|5|5|8
4.2|96.88|951|412|5|5|5|8
4.3|96.88|951|412|5|5|5|8
4.4|96.88|951|412|5|5|5|8
4.5|96.87|951|412|5|5|5|8
4.6|96.87|951|411|5|5|5|8
4.7|96.92|954|411|5|5|5|8
4.8|96.95|954|411|5|5|5|8
4.9|96.88|951|411|5|5|5|8
5|96.86|951|411|5|5|5|8
5.1|96.82|951|411|5|5|5|8
5.2|96.9|954|411|5|5|2|8
5.3|96.72|954|411|5|5|2|8
5.4|96.7|954|411|5|5|2|8
5.5|96.2|954|411|5|5|2|8
5.6|95.5|1188|412|5|5|2|8
5.7|95.11|1729|412|5|5|3|8
5.8|94.76|1765|413|5|5|3|8
5.9|94.71|1778|414|5|5|3|8
6|94.78|1784|414|5.1|5|3|8
6.1|94.74|1789|414|5.1|5.1|3|8
6.2|94.56|1791|414|5.1|5.1|3|8
6.3|94.61|1791|414|5.1|5.1|3|8
6.4|94.63|1794|414|5.1|5.1|3|8
6.5|94.6|1794|414|5.1|5.1|3|8
6.6|94.61|1794|414|5.1|5.1|3|8
6.7|94.61|1796|414|5.1|5.1|3|8
6.8|94.63|1796|414|5.1|5.1|3|8
6.9|94.63|1796|413|5.1|5.1|3|8
7|94.64|1799|413|5.1|5.1|3|8
7.1|94.61|1799|413|5.1|5.1|3|8
7.2|94.63|1799|413|5.1|5.1|3|8
7.3|94.61|1799|413|5.1|5.1|3|8
7.4|94.63|1799|413|5.1|5.1|3|8
7.5|94.61|1802|413|5.1|5.1|3|8
7.6|94.63|1802|413|5.1|5.1|3|8
7.7|94.64|1802|413|5.1|5.1|4|8
7.8|94.75|1802|413|5.1|5.1|4|8
7.9|95.02|1791|413|5.1|5.1|4|8
8|95.33|1732|413|5.1|5.1|4|8
8.1|96.09|1008|412|5.1|5.1|5|8
8.2|96.47|972|411|5.1|5.1|5|8
8.3|96.59|969|411|5.1|5.1|5|8
8.4|96.68|966|411|5.1|5.1|5|8
8.5|96.65|964|411|5.1|5.1|5|8
8.6|96.68|961|411|5.1|5.1|5|8
8.7|96.76|961|411|5.1|5.1|5|8
8.8|96.75|961|411|5.1|5.1|5|8
8.9|96.72|959|411|5.1|5.1|5|8
9|96.64|959|411|5.1|5.1|5|8
9.1|96.72|959|411|5.1|5.1|5|8
9.2|96.72|959|411|5.1|5.1|5|8
9.3|96.82|959|410|5.1|5.1|5|8
9.4|96.74|959|410|5.1|5.1|5|8
9.5|96.74|959|411|5.1|5.1|5|8
9.6|96.7|961|408|5.1|5.1|5|8
9.7|96.68|964|396|5.1|5.1|5|8
9.8|96.74|964|390|5.1|5.1|5|8
9.9|96.76|964|388|5.1|5.1|5|8
10|96.74|966|388|5.1|5.1|5|8
10.1|96.71|964|387|5.1|5.1|2|8
10.2|96.68|966|387|5.1|5.1|2|8
10.3|96.51|966|387|5.1|5.1|2|8
10.4|96.17|966|387|5.1|5.1|2|8
10.5|95.46|1010|387|5.1|5.1|2|8
10.6|94.96|1727|388|5.1|5.1|3|8
10.7|94.8|1799|388|5.1|5.1|3|8
10.8|94.6|1820|388|5.1|5.1|3|8
10.9|94.53|1827|388|5.1|5.1|3|8
11|94.43|1832|388|5.1|5.1|3|8
11.1|94.36|1838|388|5.2|5.2|3|8
11.2|94.43|1838|388|5.2|5.1|3|8
11.3|94.43|1840|388|5.2|5.2|3|8
11.4|94.45|1843|388|5.2|5.2|3|8
11.5|94.4|1845|388|5.2|5.2|3|8
11.6|94.43|1845|388|5.2|5.2|3|8
11.7|94.44|1845|388|5.2|5.2|3|8
11.8|94.39|1848|388|5.2|5.2|3|8
11.9|94.45|1848|388|5.2|5.2|3|8
12|94.4|1848|387|5.2|5.2|3|8
12.1|94.45|1848|387|5.2|5.2|3|8
12.2|94.43|1848|387|5.2|5.2|3|8
12.3|94.4|1848|387|5.2|5.2|3|8
12.4|94.45|1851|387|5.2|5.2|3|8
12.5|94.4|1851|387|5.2|5.2|3|8
12.6|94.45|1851|387|5.2|5.2|4|8
12.7|94.57|1851|387|5.2|5.2|4|8
12.8|94.76|1840|387|5.2|5.2|4|8
12.9|94.95|1830|387|5.2|5.2|4|8
13|95.68|1139|388|5.2|5.2|5|8
13.1|96.24|990|386|5.2|5.2|5|8
13.2|96.47|985|386|5.2|5.2|5|8
13.3|96.52|982|386|5.2|5.2|5|8
13.4|96.61|979|386|5.2|5.2|5|8
13.5|96.55|977|386|5.2|5.2|5|8
13.6|96.6|977|386|5.2|5.2|5|8
13.7|96.53|977|386|5.2|5.2|5|8
13.8|96.59|974|386|5.2|5.2|5|8
13.9|96.55|974|386|5.2|5.2|5|8
14|96.59|972|386|5.2|5.2|5|8
14.1|96.56|972|386|5.2|5.2|5|8
14.2|96.53|969|386|5.2|5.2|5|8
14.3|96.56|969|386|5.2|5.2|5|8
14.4|96.55|969|386|5.2|5.2|5|8
14.5|96.59|969|386|5.2|5.2|5|8
14.6|96.56|969|386|5.2|5.2|5|8
14.7|96.59|969|386|5.2|5.2|5|8
14.8|96.56|969|386|5.2|5.2|5|8
14.9|96.57|969|386|5.2|5.2|5|8
15|96.59|969|386|5.2|5.2|2|8
15.1|96.6|969|386|5.2|5.2|2|8
15.2|96.36|969|386|5.2|5.2|2|8
15.3|96.21|969|386|5.2|5.2|2|8
15.4|95.55|969|386|5.2|5.2|2|8
15.5|94.98|1624|386|5.2|5.2|3|8
15.6|94.68|1802|386|5.2|5.2|3|8
15.7|94.53|1827|386|5.2|5.2|3|8
15.8|94.4|1838|386|5.2|5.2|3|8
15.9|94.44|1845|386|5.2|5.2|3|8
16|94.32|1848|386|5.2|5.2|3|8
16.1|94.35|1851|386|5.2|5.2|3|8
16.2|94.28|1853|386|5.2|5.2|3|8
16.3|94.33|1858|386|5.2|5.2|3|8
16.4|94.36|1861|386|5.2|5.2|3|8
16.5|94.28|1863|386|5.2|5.2|3|8
16.6|94.37|1863|386|5.2|5.2|3|8
16.7|94.24|1863|386|5.2|5.2|3|8
16.8|94.35|1866|386|5.2|5.2|3|8
16.9|94.32|1866|386|5.2|5.2|3|8
17|94.33|1866|386|5.2|5.2|3|8
17.1|94.35|1866|386|5.2|5.2|3|8
17.2|94.33|1863|386|5.2|5.2|3|8
17.3|94.31|1863|386|5.2|5.2|3|8
17.4|94.33|1866|386|5.2|5.2|3|8
17.5|94.33|1866|386|5.2|5.2|4|8
17.6|94.36|1869|386|5.2|5.2|4|8
17.7|94.67|1866|386|5.2|5.2|4|8
17.8|94.72|1856|386|5.2|5.2|4|8
17.9|95.37|1523|386|5.2|5.2|4|8
18|96.05|997|386|5.2|5.2|5|8
18.1|96.36|987|385|5.2|5.2|5|8
18.2|96.37|987|385|5.2|5.2|5|8
18.3|96.47|985|385|5.2|5.2|5|8
18.4|96.51|982|384|5.2|5.2|5|8
18.5|96.52|979|384|5.2|5.2|5|8
18.6|96.45|979|384|5.2|5.2|5|8
18.7|96.43|977|384|5.2|5.2|5|8
18.8|96.45|974|384|5.2|5.2|5|8
18.9|96.52|974|384|5.2|5.2|5|8
19|96.45|974|384|5.2|5.2|5|8
19.1|96.44|974|384|5.2|5.2|5|8
19.2|96.45|974|385|5.2|5.2|5|8
19.3|96.52|974|385|5.2|5.2|5|8
19.4|96.48|974|385|5.2|5.2|5|8
19.5|96.45|977|384|5.2|5.2|5|8
19.6|96.44|974|385|5.2|5.2|5|8
19.7|96.44|972|384|5.2|5.2|5|8
19.8|96.45|972|384|5.2|5.2|5|8
19.9|96.47|972|385|5.2|5.2|5|8
20|96.52|972|385|5.2|5.2|2|8
20.1|96.25|972|384|5.2|5.2|2|8
20.2|96.06|972|384|5.2|5.2|2|8
20.3|95.74|972|384|5.2|5.2|2|8
20.4|95.04|1258|386|5.2|5.2|2|8
20.5|94.66|1794|386|5.2|5.2|3|8
20.6|94.4|1845|386|5.2|5.2|3|8
20.7|94.32|1861|386|5.2|5.2|3|8
20.8|94.16|1869|386|5.2|5.2|3|8
20.9|94.2|1874|386|5.2|5.2|3|8
21|94.2|1874|386|5.2|5.2|3|8
21.1|94.12|1876|386|5.2|5.2|3|8
21.2|94.23|1876|386|5.2|5.2|3|8
21.3|94.17|1876|386|5.2|5.2|3|8
21.4|94.2|1876|386|5.2|5.2|3|8
21.5|94.24|1879|386|5.2|5.2|3|8
21.6|94.16|1881|386|5.2|5.2|3|8
21.7|94.23|1881|386|5.2|5.2|3|8
21.8|94.17|1884|386|5.2|5.2|3|8
21.9|94.16|1884|386|5.2|5.2|3|8
22|94.13|1884|386|5.2|5.2|3|8
22.1|94.17|1884|386|5.2|5.2|3|8
22.2|94.21|1884|386|5.2|5.2|3|8
22.3|94.16|1884|386|5.2|5.2|3|8
22.4|94.13|1884|386|5.2|5.2|3|8
22.5|94.2|1884|386|5.2|5.2|4|8
22.6|94.4|1884|386|5.2|5.2|4|8
22.7|94.67|1866|386|5.2|5.2|4|8
22.8|94.83|1830|386|5.2|5.2|4|8
22.9|95.61|1034|386|5.2|5.2|5|8
23|96.12|990|386|5.2|5.2|5|8
23.1|96.19|987|386|5.2|5.2|5|8
23.2|96.24|985|386|5.2|5.2|5|8
23.3|96.27|982|386|5.2|5.2|5|8
23.4|96.27|982|386|5.2|5.2|5|8
23.5|96.32|979|386|5.2|5.2|5|8
23.6|96.29|979|386|5.2|5.2|5|8
23.7|96.23|979|386|5.2|5.2|5|8
23.8|96.31|977|386|5.2|5.2|5|8
23.9|96.31|977|386|5.2|5.2|5|8
24|96.31|977|386|5.2|5.2|5|8
24.1|96.25|977|386|5.2|5.2|5|8
24.2|96.23|977|386|5.2|5.2|5|8
24.3|96.25|974|386|5.2|5.2|5|8
24.4|96.33|974|386|5.2|5.2|5|8
24.5|96.32|974|386|5.2|5.2|5|8
24.6|96.25|974|386|5.2|5.2|5|8
24.7|96.25|974|386|5.2|5.2|5|8
24.8|96.31|974|386|5.2|5.2|5|8
24.9|96.24|974|386|5.2|5.2|2|8
25|96.19|974|386|5.2|5.2|2|8
25.1|96|974|386|5.2|5.2|2|8
25.2|95.74|974|386|5.2|5.2|2|8
25.3|95.04|1131|386|5.2|5.2|2|8
25.4|94.59|1781|386|5.2|5.2|3|8
25.5|94.36|1840|386|5.2|5.2|3|8
25.6|94.2|1861|386|5.2|5.2|3|8
25.7|94.12|1871|386|5.2|5.2|3|8
25.8|94.08|1874|386|5.2|5.2|3|8
25.9|94.02|1876|386|5.2|5.2|3|8
26|94.08|1879|386|5.2|5.2|3|8
26.1|94.12|1879|386|5.2|5.2|3|8
26.2|94.05|1879|386|5.2|5.2|3|8
26.3|94.09|1881|386|5.2|5.2|3|8
26.4|94.08|1879|386|5.2|5.2|3|8
26.5|94.04|1881|386|5.2|5.2|3|8
26.6|94.1|1884|386|5.2|5.2|3|8
26.7|94.04|1881|386|5.2|5.2|3|8
26.8|94.1|1884|386|5.2|5.2|3|8
26.9|94.05|1884|386|5.2|5.2|3|8
27|94.1|1884|386|5.2|5.2|3|8
27.1|94.06|1887|386|5.2|5.2|3|8
27.2|94.09|1889|386|5.2|5.2|3|8
27.3|94.01|1889|386|5.2|5.2|3|8
27.4|94.12|1889|386|5.2|5.2|4|8
27.5|94.31|1887|386|5.2|5.2|4|8
27.6|94.47|1874|386|5.2|5.2|4|8
27.7|94.7|1845|387|5.2|5.2|4|8
27.8|95.49|1034|387|5.2|5.2|5|8
27.9|95.89|992|386|5.2|5.2|5|8
28|96.16|990|386|5.2|5.2|5|8
28.1|96.1|990|386|5.2|5.2|5|8
28.2|96.12|987|386|5.2|5.2|5|8
28.3|96.16|987|386|5.2|5.2|5|8
28.4|96.16|985|386|5.2|5.2|5|8
28.5|96.16|985|386|5.2|5.2|5|8
28.6|96.16|985|386|5.2|5.2|5|8
28.7|96.19|982|386|5.2|5.2|5|8
28.8|96.27|982|386|5.2|5.2|5|8
28.9|96.16|982|386|5.2|5.2|5|8
29|96.12|979|386|5.2|5.2|5|8
29.1|96.19|979|386|5.2|5.2|5|8
29.2|96.17|979|386|5.2|5.2|5|8
29.3|96.13|979|386|5.2|5.2|5|8
29.4|96.16|979|386|5.2|5.2|5|8
29.5|96.13|979|386|5.2|5.2|5|8
29.6|96.21|979|386|5.2|5.2|5|8
29.7|96.29|979|386|5.2|5.2|5|8
29.8|96.13|979|386|5.2|5.2|2|8
29.9|96.12|979|386|5.2|5.2|2|8
30|95.88|979|386|5.2|5.2|2|8
30.1|95.69|979|386|5.2|5.2|2|8
30.2|95|1021|386|5.2|5.2|2|8
30.3|94.47|1760|386|5.2|5.2|3|8
30.4|94.23|1840|386|5.2|5.2|3|8
30.5|94.06|1861|386|5.2|5.2|3|8
30.6|93.98|1874|386|5.2|5.2|3|8
30.7|93.93|1879|386|5.2|5.2|3|8
30.8|93.94|1881|386|5.2|5.2|3|8
30.9|93.93|1884|386|5.2|5.2|3|8
31|93.92|1884|386|5.2|5.2|3|8
31.1|93.92|1884|386|5.2|5.2|3|8
31.2|93.93|1884|386|5.2|5.2|3|8
31.3|93.97|1887|386|5.2|5.2|3|8
31.4|93.92|1887|386|5.2|5.2|3|8
31.5|93.97|1887|386|5.2|5.2|3|8
31.6|93.93|1887|386|5.2|5.2|3|8
31.7|93.9|1887|386|5.2|5.2|3|8
31.8|93.81|1887|386|5.2|5.2|3|8
31.9|93.92|1887|386|5.2|5.2|3|8
32|93.9|1887|386|5.2|5.2|3|8
32.1|93.86|1887|386|5.2|5.2|3|8
32.2|93.9|1887|386|5.2|5.2|3|8
32.3|93.86|1889|386|5.2|5.2|4|8
32.4|94.01|1887|386|5.2|5.2|4|8
32.5|94.24|1876|386|5.2|5.2|4|8
32.6|94.53|1845|386|5.2|5.2|4|8
32.7|95.26|1021|386|5.2|5.2|5|8
32.8|95.61|987|386|5.2|5.2|5|8
32.9|95.8|987|386|5.2|5.2|5|8
33|95.76|982|386|5.2|5.2|5|8
33.1|95.78|982|386|5.2|5.2|5|8
33.2|95.86|979|386|5.2|5.2|5|8
33.3|95.88|979|386|5.2|5.2|5|8
33.4|95.93|979|386|5.2|5.2|5|8
33.5|95.93|979|386|5.2|5.2|5|8
33.6|95.88|977|386|5.2|5.2|5|8
33.7|95.88|977|386|5.2|5.2|5|8
33.8|95.82|977|386|5.2|5.2|5|8
33.9|95.82|977|386|5.2|5.2|5|8
34|95.85|977|386|5.2|5.2|5|8
34.1|95.88|977|386|5.2|5.2|5|8
34.2|95.94|977|386|5.2|5.2|5|8
34.3|95.88|977|386|5.2|5.2|5|8
34.4|95.88|977|386|5.2|5.2|5|8
34.5|95.85|974|386|5.2|5.2|5|8
34.6|95.85|977|386|5.2|5.2|5|8
34.7|95.89|974|386|5.2|5.2|2|8
34.8|95.85|977|386|5.2|5.2|2|8
34.9|95.68|974|386|5.2|5.2|2|8
35|95.33|977|386|5.2|5.2|2|8
35.1|94.67|1245|386|5.2|5.2|2|8
35.2|94.13|1794|386|5.2|5.2|3|8
35.3|93.98|1845|386|5.2|5.2|3|8
35.4|93.9|1863|386|5.2|5.2|3|8
35.5|93.64|1874|386|5.2|5.2|3|8
35.6|93.81|1876|386|5.2|5.2|3|8
35.7|93.64|1881|386|5.2|5.2|3|8
35.8|93.73|1881|386|5.2|5.2|3|8
35.9|93.66|1884|386|5.2|5.2|3|8
36|93.8|1887|386|5.2|5.2|3|8
36.1|93.62|1887|386|5.2|5.2|3|8
36.2|93.8|1887|386|5.2|5.2|3|8
36.3|93.64|1889|386|5.2|5.2|3|8
36.4|93.68|1889|386|5.2|5.2|3|8
36.5|93.8|1889|386|5.2|5.2|3|8
36.6|93.6|1892|386|5.2|5.2|3|8
36.7|93.7|1892|386|5.2|5.2|3|8
36.8|93.76|1892|386|5.2|5.2|3|8
36.9|93.6|1892|386|5.2|5.2|3|8
37|93.73|1889|386|5.2|5.2|3|8
37.1|93.73|1889|386|5.2|5.2|3|8
37.2|93.81|1892|386|5.2|5.2|4|8
37.3|93.89|1887|386|5.2|5.2|4|8
37.4|94.02|1881|386|5.2|5.2|4|8
37.5|94.59|1822|386|5.2|5.2|4|8
37.6|95.26|1075|388|5.2|5.2|2|8
37.7|95.46|987|387|5.2|5.2|2|8
37.8|95.59|985|386|5.2|5.2|2|8
37.9|95.57|982|386|5.2|5.2|2|8
38|95.47|982|386|5.2|5.2|2|8
38.1|95.43|982|386|5.2|5.2|2|8
38.2|95.35|979|386|5.2|5.2|2|8
38.3|95.34|979|386|5.2|5.2|2|8
38.4|95.26|979|386|5.2|5.2|2|8
38.5|95.22|979|386|5.2|5.2|2|8
38.6|95.23|979|386|5.2|5.2|2|8
38.7|95.19|979|386|5.2|5.2|2|8
38.8|95.22|977|386|5.2|5.2|2|8
38.9|95.19|977|386|5.2|5.2|2|8
39|94.99|977|386|5.2|5.2|2|8
39.1|94.76|977|386|5.2|5.2|2|8
39.2|94.75|987|386|5.2|5.2|2|8
39.3|94.78|1013|386|5.2|5.2|2|8
39.4|94.67|1010|386|5.2|5.2|2|8
39.5|94.55|1232|386|5.2|5.2|2|8
39.6|94.43|1162|387|5.2|5.2|2|8
39.7|94.43|1044|387|5.2|5.2|2|8
39.8|94.47|1160|386|5.2|5.2|2|8
39.9|94.32|1631|386|5.2|5.2|2|8
40|94.23|1714|386|5.2|5.2|2|8
40.1|94.36|1678|387|5.2|5.2|2|8
40.2|94.64|1010|386|5.2|5.2|2|8
40.3|94.72|985|386|5.2|5.2|2|8
40.4|94.74|982|386|5.2|5.2|2|8
40.5|94.75|979|386|5.2|5.2|2|8
40.6|94.67|979|386|5.2|5.2|2|8
40.7|94.47|979|386|5.2|5.2|2|8
40.8|94.47|979|386|5.2|5.2|2|8
40.9|94.51|992|386|5.2|5.2|2|8
41|94.4|1013|386|5.2|5.2|2|8
41.1|94.33|1072|386|5.2|5.2|2|8
41.2|94.25|1253|386|5.2|5.2|2|8
41.3|94.19|1634|386|5.2|5.2|2|8
41.4|94.17|1701|386|5.2|5.2|2|8
41.5|94.35|1675|387|5.2|5.2|2|8
41.6|94.56|1111|387|5.2|5.2|2|8
41.7|94.66|985|386|5.2|5.2|2|8
41.8|94.68|982|386|5.2|5.2|2|8
41.9|94.64|982|386|5.2|5.2|2|8
42|94.72|979|386|5.2|5.2|2|8
42.1|94.56|979|386|5.2|5.2|2|8
42.2|94.55|979|386|5.2|5.2|2|8
42.3|94.41|979|386|5.2|5.2|2|8
42.4|94.4|1034|386|5.2|5.2|2|8
42.5|94.31|1402|386|5.2|5.2|2|8
42.6|94.2|1126|388|5.2|5.2|2|8
42.7|94.45|982|386|5.2|5.2|2|8
42.8|94.21|979|386|5.2|5.2|2|8
42.9|94.27|977|386|5.2|5.2|2|8
43|94.32|982|386|5.2|5.2|2|8
43.1|94.23|1057|386|5.2|5.2|2|8
43.2|94.19|1312|386|5.2|5.2|2|8
43.3|94.01|1601|387|5.2|5.2|2|8
43.4|94.16|1662|387|5.2|5.2|2|8
43.5|94.33|1170|387|5.2|5.2|2|8
43.6|94.43|987|386|5.2|5.2|2|8
43.7|94.52|985|386|5.2|5.2|2|8
43.8|94.48|982|386|5.2|5.2|2|8
43.9|94.47|979|386|5.2|5.2|2|8
44|94.39|979|386|5.2|5.2|2|8
44.1|94.35|1005|386|5.2|5.2|2|8
44.2|94.31|1098|386|5.2|5.2|2|8
44.3|94.23|987|386|5.2|5.2|2|8
44.4|94.13|982|386|5.2|5.2|2|8
44.5|94.05|1085|386|5.2|5.2|2|8
44.6|93.97|1082|387|5.2|5.2|2|8
44.7|94.01|1183|386|5.2|5.2|2|8
44.8|93.98|1227|386|5.2|5.2|2|8
44.9|93.9|1186|387|5.2|5.2|2|8
45|93.68|1322|387|5.2|5.2|2|8
45.1|93.73|990|386|5.2|5.2|2|8
45.2|93.65|1139|386|5.2|5.2|2|8
45.3|93.66|1183|387|5.2|5.2|2|8
45.4|93.42|1075|387|5.2|5.2|2|8
45.5|93.47|985|386|5.2|5.2|2|8
45.6|93.55|1101|386|5.2|5.2|2|8
45.7|93.41|1258|387|5.2|5.2|2|8
45.8|93.33|1281|388|5.2|5.2|2|8
45.9|93.1|1160|387|5.2|5.2|2|8
46|93.15|990|386|5.2|5.2|2|8
46.1|93.19|1147|386|5.2|5.2|2|8
46.2|93.04|1144|387|5.2|5.2|2|8
46.3|93.04|1111|387|5.2|5.2|2|8
46.4|92.92|1278|388|5.2|5.2|2|8
46.5|92.82|1106|388|5.2|5.2|2|8
46.6|92.76|1064|388|5.2|5.2|2|8
46.7|92.62|1005|388|5.2|5.2|2|8
46.8|92.71|1041|386|5.2|5.2|2|8
46.9|92.64|1183|386|5.2|5.2|2|8
47|92.45|1103|386|5.2|5.2|2|8
47.1|92.33|1064|388|5.2|5.2|2|8
47.2|92.32|1010|387|5.2|5.2|2|8
47.3|92.35|1098|387|5.2|5.2|2|8
47.4|92.2|1034|387|5.2|5.2|2|8
47.5|92.09|1031|387|5.2|5.2|2|8
47.6|92.05|1106|387|5.2|5.2|2|8
47.7|91.96|1057|387|5.2|5.2|2|8
47.8|91.89|1113|388|5.2|5.2|2|8
47.9|91.77|1080|388|5.2|5.2|2|8
48|91.66|1052|388|5.2|5.2|2|8
48.1|91.6|1090|388|5.2|5.2|2|8
48.2|91.54|1031|387|5.2|5.2|2|8
48.3|91.51|1080|387|5.2|5.2|2|8
48.4|91.41|1198|387|5.2|5.2|2|8
48.5|91.3|1121|388|5.2|5.2|2|8
48.6|91.19|1119|388|5.2|5.2|2|8
48.7|90.99|1044|388|5.2|5.2|2|8
48.8|91.03|1028|387|5.2|5.2|2|8
48.9|90.91|1103|388|5.2|5.2|2|8
49|90.79|1072|387|5.2|5.2|2|8
49.1|90.71|1180|388|5.2|5.2|2|8
49.2|90.6|1031|388|5.2|5.2|2|8
49.3|90.55|1031|387|5.2|5.2|2|8
49.4|90.44|1327|388|5.2|5.2|2|8
49.5|90.4|1023|388|5.2|5.2|2|8
49.6|90.4|1049|387|5.2|5.2|2|8
49.7|90.25|1003|387|5.2|5.2|2|8
49.8|90.2|997|387|5.2|5.2|2|8
49.9|90.12|1057|387|5.2|5.2|2|8
50|90.08|1046|386|5.2|5.2|2|8
50.1|89.99|1134|387|5.2|5.2|2|8
50.2|89.92|1031|387|5.2|5.2|2|8
50.3|89.92|1077|387|5.2|5.2|2|8
50.4|89.74|1206|388|5.2|5.2|2|8
50.5|89.72|1064|387|5.2|5.2|2|8
50.6|89.77|1126|386|5.2|5.2|2|8
50.7|89.56|1129|386|5.2|5.2|2|8
50.8|89.53|1059|387|5.2|5.2|2|8
50.9|89.45|1113|387|5.2|5.2|2|8
51|89.42|1062|386|5.2|5.2|2|8
51.1|89.26|1111|388|5.2|5.2|2|8
51.2|89.18|1142|387|5.2|5.2|2|8
51.3|89.18|1070|387|5.2|5.2|2|8
51.4|89.1|1072|387|5.2|5.2|2|8
51.5|88.98|1170|387|5.2|5.2|2|8
51.6|88.8|1121|387|5.2|5.2|2|8
51.7|88.9|1021|386|5.2|5.2|2|8
51.8|88.75|1082|386|5.2|5.2|2|8
51.9|88.66|1121|388|5.2|5.2|2|8
52|88.51|1175|388|5.2|5.2|2|8
52.1|88.51|1121|388|5.2|5.2|2|8
52.2|88.35|1005|388|5.2|5.2|2|8
52.3|88.23|1041|388|5.2|5.2|2|8
52.4|88.2|1028|387|5.2|5.2|2|8
52.5|88.03|1075|387|5.2|5.2|2|8
52.6|88|1245|388|5.2|5.2|2|8
52.7|87.88|1227|388|5.2|5.2|2|8
52.8|87.82|1036|387|5.2|5.2|2|8
52.9|87.73|1139|387|5.2|5.2|2|8
53|87.66|1173|386|5.2|5.2|2|8
53.1|87.64|1013|387|5.2|5.2|2|8
53.2|87.61|1003|386|5.2|5.2|2|8
53.3|87.54|1018|386|5.2|5.2|2|8
53.4|87.37|1057|387|5.2|5.2|2|8
53.5|87.42|1064|386|5.2|5.2|2|8
53.6|87.31|1062|387|5.2|5.2|2|8
53.7|87.18|1080|387|5.2|5.2|2|8
53.8|87.13|1067|388|5.2|5.2|2|8
53.9|87.13|1137|387|5.2|5.2|2|8
54|86.97|1149|387|5.2|5.2|2|8
54.1|86.94|1028|387|5.2|5.2|2|8
54.2|86.75|1186|388|5.2|5.2|2|8
54.3|86.8|1054|386|5.2|5.2|2|8
54.4|86.62|1085|386|5.2|5.2|2|8
54.5|86.58|1023|386|5.2|5.2|2|8
54.6|86.44|1219|388|5.2|5.2|2|8
54.7|86.35|1155|388|5.2|5.2|2|8
54.8|86.2|1023|388|5.2|5.2|2|8
54.9|86.19|1021|387|5.2|5.2|2|8
55|86.09|1119|388|5.2|5.2|2|8
55.1|86.03|1067|388|5.2|5.2|2|8
55.2|85.92|1149|388|5.2|5.2|2|8
55.3|85.74|1227|388|5.2|5.2|2|8
55.4|85.65|1106|388|5.2|5.2|2|8
55.5|85.5|1093|389|5.2|5.2|2|8
55.6|85.56|1005|388|5.2|5.2|2|8
55.7|85.49|1008|388|5.2|5.2|2|8
55.8|85.42|1157|388|5.2|5.2|2|8
55.9|85.26|1046|388|5.2|5.2|2|8
56|85.22|1039|387|5.2|5.2|2|8
56.1|85.14|1064|388|5.2|5.2|2|8
56.2|85.05|1098|388|5.2|5.2|2|8
56.3|84.99|1028|387|5.2|5.2|2|8
56.4|84.87|1026|387|5.2|5.2|2|8
56.5|84.79|1075|387|5.2|5.2|2|8
56.6|84.74|1036|388|5.2|5.2|2|8
56.7|84.58|1144|388|5.2|5.2|2|8
56.8|84.44|1101|388|5.2|5.2|2|8
56.9|84.36|1106|388|5.2|5.2|2|8
57|84.2|1129|388|5.2|5.2|2|8
57.1|84.21|1026|388|5.2|5.2|2|8
57.2|84.11|1356|388|5.2|5.2|2|8
57.3|83.89|1082|388|5.2|5.2|2|8
57.4|83.78|1198|388|5.2|5.2|2|8
57.5|83.68|1103|388|5.2|5.2|2|8
57.6|83.46|1186|388|5.2|5.2|2|8
57.7|83.32|1358|388|5.2|5.2|2|8
57.8|83.13|1157|388|5.2|5.2|2|8
57.9|83.07|1196|388|5.2|5.2|2|8
58|82.83|1090|388|5.2|5.2|2|8
58.1|82.67|1330|388|5.2|5.2|2|8
58.2|82.47|1160|388|5.2|5.2|2|8
58.3|81.64|1678|388|5.2|5.2|6|8
58.4|78.95|1915|388|5.2|5.2|6|8
58.5|75.77|119|388|5.2|5.2|7|8
58.6|73.32|0|386|5.2|5.2|7|8
58.7|72.28|0|384|5.2|5.2|7|8
58.8|71.89|0|384|5.2|5.2|7|8
58.9|71.67|0|384|5.2|5.2|7|8
59|71.64|0|384|5.2|5.2|7|8
59.1|71.55|0|384|5.2|5.2|7|8
59.2|71.55|0|384|5.2|5.2|7|8
59.3|71.57|0|384|5.2|5.2|7|8
59.4|71.56|0|384|5.2|5.2|7|8
59.5|71.52|0|384|5.2|5.2|7|8
59.6|71.55|0|384|5.2|5.2|7|8
59.7|71.56|0|384|5.2|5.2|7|8
59.8|71.55|0|384|5.2|5.2|7|8
59.9|71.56|0|384|5.2|5.2|7|8
60|71.61|0|384|5.2|5.2|7|8
60.1|71.57|0|384|5.2|5.2|7|8
60.2|71.52|0|384|5.2|5.2|7|8
60.3|71.56|0|384|5.2|5.2|7|8
60.4|71.53|0|384|5.2|5.2|7|8
60.5|71.61|0|384|5.2|5.2|7|8
60.6|71.56|0|384|5.2|5.2|7|8
60.7|71.56|0|384|5.2|5.2|7|8
60.8|71.53|0|384|5.2|5.2|7|8
60.9|71.55|0|384|5.2|5.2|7|8
61|71.55|0|384|5.2|5.2|7|8
61.1|71.52|0|384|5.2|5.2|7|8
61.2|71.59|0|384|5.2|5.2|7|8
61.3|71.55|0|384|5.2|5.2|7|8
61.4|71.52|0|384|5.2|5.2|7|8
61.5|71.55|0|384|5.2|5.2|7|8
61.6|71.53|0|384|5.2|5.2|7|8
61.7|71.56|0|384|5.2|5.2|7|8
61.8|71.57|0|384|5.2|5.2|7|8
61.9|71.57|0|384|5.2|5.2|7|8
62|71.57|0|384|5.2|5.2|7|8
62.1|71.55|0|384|5.2|5.2|7|8
62.2|71.48|0|384|5.2|5.2|7|8
62.3|71.55|0|384|5.2|5.2|7|8
62.4|71.59|0|384|5.2|5.2|7|8
62.5|71.55|0|383|5.2|5.2|7|8
62.6|71.56|0|383|5.2|5.2|7|8
62.7|71.48|0|383|5.2|5.2|7|8
62.8|71.55|0|383|5.2|5.2|7|8
62.9|71.55|0|383|5.2|5.2|7|8
63|71.56|0|383|5.2|5.2|7|8
63.1|71.57|0|383|5.2|5.2|7|8
63.2|71.59|0|384|5.2|5.2|7|8
63.3|71.61|0|383|5.2|5.2|7|8
63.4|71.56|0|383|5.2|5.2|7|8
63.5|71.51|0|383|5.2|5.2|7|8
63.6|71.55|0|383|5.2|5.2|7|8
63.7|71.55|0|383|5.2|5.2|7|8
63.8|71.55|0|383|5.2|5.2|7|8
63.9|71.56|0|383|5.2|5.2|7|8
64|71.6|0|383|5.2|5.2|7|8
64.1|71.47|0|383|5.2|5.2|7|8
64.2|71.53|0|383|5.2|5.2|7|8
64.3|71.6|0|383|5.2|5.2|7|8
64.4|71.56|0|383|5.2|5.2|7|8
64.5|71.48|0|383|5.2|5.2|7|8
64.6|71.45|0|383|5.2|5.2|7|8
64.7|71.53|0|383|5.2|5.2|7|8
64.8|71.56|0|383|5.2|5.2|7|8
64.9|71.56|0|383|5.2|5.2|7|8
65|71.52|0|383|5.2|5.2|7|8
65.1|71.53|0|383|5.2|5.2|7|8
65.2|71.57|0|383|5.2|5.2|7|8
65.3|71.53|0|383|5.2|5.2|7|8
65.4|71.51|0|383|5.2|5.2|7|8
65.5|71.55|0|383|5.2|5.2|7|8
65.6|71.59|0|383|5.2|5.2|7|8
65.7|71.52|0|383|5.2|5.2|7|8
65.8|71.51|0|383|5.2|5.2|7|8
65.9|71.57|0|383|5.2|5.2|7|8
66|71.56|0|383|5.2|5.2|7|8
66.1|71.55|0|383|5.2|5.2|7|8
66.2|71.6|0|383|5.2|5.2|7|8
66.3|71.51|0|383|5.2|5.2|7|8
66.4|71.47|0|383|5.2|5.2|7|8
66.5|71.55|0|383|5.2|5.2|7|8
66.6|71.6|0|383|5.2|5.2|7|8
66.7|71.55|0|383|5.2|5.2|7|8
66.8|71.44|0|383|5.2|5.2|7|8
66.9|71.45|0|383|5.2|5.2|7|8
67|71.55|0|383|5.2|5.2|7|8
67.1|71.57|0|384|5.2|5.2|7|8
67.2|71.53|0|384|5.2|5.2|7|8
67.3|71.47|0|383|5.2|5.2|7|8
67.4|71.51|0|384|5.2|5.2|7|8
67.5|71.59|0|384|5.2|5.2|7|8
67.6|71.55|0|384|5.2|5.2|7|8
67.7|71.51|0|384|5.2|5.2|7|8
67.8|71.52|0|384|5.2|5.2|7|8
67.9|71.51|0|384|5.2|5.2|7|8
68|71.59|0|384|5.2|5.2|7|8
68.1|71.53|0|384|5.2|5.2|7|8
68.2|71.52|0|384|5.2|5.2|7|8
68.3|71.49|0|384|5.2|5.2|7|8
68.4|71.53|0|384|5.2|5.2|7|8
68.5|71.57|0|384|5.2|5.2|7|8
68.6|71.53|0|384|5.2|5.2|7|8
68.7|71.51|0|386|5.2|5.2|7|8
68.8|71.51|0|388|5.2|5.2|7|8
68.9|71.53|0|388|5.2|5.2|7|8
69|71.57|0|388|5.2|5.2|7|8
69.1|71.53|0|388|5.2|5.2|7|8
69.2|71.55|0|388|5.2|5.2|7|8
69.3|71.6|0|388|5.2|5.2|7|8
69.4|71.55|0|388|5.2|5.2|7|8
69.5|71.44|0|388|5.2|5.2|7|8
69.6|71.48|0|392|5.2|5.2|7|8
69.7|71.53|0|394|5.2|5.2|7|8
69.8|71.59|0|394|5.2|5.2|7|8
69.9|71.57|0|394|5.2|5.2|7|8
70|71.53|0|394|5.2|5.2|7|8
70.1|71.55|0|394|5.2|5.2|7|8
70.2|71.44|0|394|5.2|5.2|7|8
70.3|71.45|0|394|5.2|5.2|7|8
70.4|71.52|0|394|5.2|5.2|7|8
70.5|71.53|0|394|5.2|5.2|7|8
70.6|71.59|0|394|5.2|5.2|7|8
70.7|71.57|0|394|5.2|5.2|7|8
70.8|71.57|0|394|5.2|5.2|7|8
70.9|71.49|0|394|5.2|5.2|7|8
71|71.48|0|394|5.2|5.2|7|8
71.1|71.49|0|394|5.2|5.2|7|8
71.2|71.52|0|394|5.2|5.2|7|8
71.3|71.6|0|394|5.2|5.2|7|8
71.4|71.55|0|394|5.2|5.2|7|8
71.5|71.53|0|394|5.2|5.2|8|8
71.6|71.51|0|394|5.2|5.2|8|8
71.7|71.44|0|394|5.2|5.2|8|8
71.8|71.41|0|395|5.2|5.2|8|8
71.9|71.4|0|395|5.2|5.2|8|8
72|71.37|0|395|5.2|5.2|8|8
72.1|71.38|0|395|5.2|5.2|8|8
72.2|71.38|0|395|5.2|5.2|8|8
72.3|71.38|0|395|5.2|5.2|8|8
72.4|71.38|0|395|5.2|5.2|8|8
72.5|71.41|0|395|5.2|5.2|8|8
72.6|71.4|0|395|5.2|5.2|8|8
72.7|71.51|0|395|5.1|5.1|8|8
72.8|71.56|0|395|5.1|5.1|8|8
72.9|71.55|0|395|5.1|5.1|8|8
73|71.53|0|395|5.1|5.1|8|8
73.1|71.53|0|395|5.1|5.1|8|8
73.2|71.53|0|395|5.1|5.1|8|8
73.3|71.53|0|395|5.1|5.1|8|8
73.4|71.53|0|395|5.1|5.1|8|8
73.5|71.59|0|395|5|5|8|8
73.6|74.31|0|396|5|5|8|8
73.7|77.28|0|396|5|5|8|8
73.8|80.24|0|396|5|5|8|8
73.9|83.19|0|396|5|5|8|8
74|86.12|0|396|5|5|8|8
74.1|89.01|0|396|5|5|8|8
74.2|91.89|0|396|5|5|8|8
74.3|94.35|0|396|5|5|8|8
74.4|95.34|0|396|5|5|8|8
74.5|95.8|0|396|5|5|8|8
