0|96.14|1219|407|5.1|5.1|1|8
0.1|96.02|1124|409|5.1|5.1|1|8
0.2|96.13|1039|409|5.1|5.1|1|8
0.3|96.05|1039|409|5.1|5.1|1|8
0.4|96.06|1041|408|5.1|5.1|1|8
0.5|96.08|1072|408|5.1|5.1|2|8
0.6|95.76|1369|409|5.1|5.1|2|8
0.7|95.45|1688|410|5.1|5.1|3|8
0.8|95.23|1716|411|5.1|5.1|3|8
0.9|95.12|1727|411|5.1|5.1|3|8
1|95.19|1735|411|5.1|5.1|3|8
1.1|95.11|1740|411|5.1|5.1|3|8
1.2|95.17|1742|411|5.1|5.1|3|8
1.3|95|1747|411|5.1|5.1|3|8
1.4|95.11|1750|411|5.1|5.1|3|8
1.5|95.03|1753|411|5.1|5.1|3|8
1.6|95.11|1755|411|5.1|5.1|3|8
1.7|95.04|1758|411|5.1|5.1|3|8
1.8|95.07|1763|411|5.1|5.1|3|8
1.9|95.03|1765|411|5.1|5.1|3|8
2|95.08|1765|410|5.1|5.1|3|8
2.1|95.04|1765|411|5.1|5.1|3|8
2.2|95.11|1768|410|5.1|5.1|3|8
2.3|95.03|1768|411|5.1|5.1|3|8
2.4|95.06|1771|410|5.1|5.1|3|8
2.5|95.06|1773|410|5.1|5.1|3|8
2.6|95.04|1776|410|5.1|5.1|3|8
2.7|95.1|1781|410|5.1|5.1|4|8
2.8|95.23|1781|410|5.1|5.1|4|8
2.9|95.66|1768|410|5.1|5.1|4|8
3|96.2|1603|410|5.1|5.1|4|8
3.1|96.64|1070|409|5.1|5.1|5|8
3.2|96.86|1057|408|5.1|5.1|5|8
3.3|96.92|1057|408|5.1|5.1|5|8
3.4|96.98|1057|408|5.2|5.1|5|8
3.5|97.02|1057|408|5.2|5.2|5|8
3.6|97.03|1057|408|5.2|5.2|5|8
3.7|96.98|1057|408|5.2|5.2|5|8
3.8|96.96|1057|408|5.2|5.2|5|8
3.9|97|1057|408|5.2|5.2|5|8
4|97|1057|408|5.2|5.2|5|8
4.1|97|1057|408|5.2|5.2|5|8
4.2|97|1057|408|5.2|5.2|5|8
4.3|97.02|1057|408|5.2|5.2|5|8
4.4|97.02|1057|408|5.2|5.2|5|8
4.5|96.99|1057|408|5.2|5.2|5|8
4.6|96.98|1057|408|5.2|5.2|5|8
4.7|97|1057|408|5.2|5.2|5|8
4.8|97|1057|408|5.2|5.2|5|8
4.9|97|1057|408|5.2|5.2|5|8
5|97.04|1057|408|5.2|5.2|5|8
5.1|96.98|1057|408|5.2|5.2|2|8
5.2|96.72|1057|408|5.2|5.2|2|8
5.3|96.4|1059|408|5.2|5.2|2|8
5.4|95.93|1101|408|5.2|5.2|2|8
5.5|95.47|1497|408|5.2|5.2|2|8
5.6|95.11|1735|409|5.2|5.2|3|8
5.7|94.88|1765|409|5.2|5.2|3|8
5.8|94.74|1778|409|5.2|5.2|3|8
5.9|94.78|1784|409|5.2|5.2|3|8
6|94.74|1789|409|5.2|5.2|3|8
6.1|94.72|1794|409|5.2|5.2|3|8
6.2|94.68|1796|409|5.2|5.2|3|8
6.3|94.71|1802|409|5.2|5.2|3|8
6.4|94.71|1807|409|5.2|5.2|3|8
6.5|94.75|1809|409|5.2|5.2|3|8
6.6|94.72|1812|409|5.2|5.2|3|8
6.7|94.7|1814|409|5.2|5.2|3|8
6.8|94.71|1817|409|5.2|5.2|3|8
6.9|94.71|1817|409|5.2|5.2|3|8
7|94.7|1817|410|5.2|5.2|3|8
7.1|94.71|1820|410|5.2|5.2|3|8
7.2|94.75|1820|409|5.2|5.2|3|8
7.3|94.68|1822|409|5.2|5.2|3|8
7.4|94.7|1822|409|5.2|5.2|3|8
7.5|94.72|1825|410|5.2|5.2|3|8
7.6|94.72|1825|410|5.2|5.2|4|8
7.7|95.03|1825|410|5.2|5.2|4|8
7.8|95.46|1794|410|5.2|5.2|4|8
7.9|96|1302|410|5.2|5.2|5|8
8|96.36|1077|408|5.2|5.2|5|8
8.1|96.47|1072|408|5.2|5.2|5|8
8.2|96.64|1072|408|5.2|5.2|5|8
8.3|96.6|1070|408|5.2|5.2|5|8
8.4|96.57|1070|408|5.2|5.2|5|8
8.5|96.63|1070|408|5.3|5.2|5|8
8.6|96.59|1070|408|5.3|5.2|5|8
8.7|96.64|1070|408|5.3|5.3|5|8
8.8|96.61|1070|408|5.3|5.3|5|8
8.9|96.56|1070|408|5.3|5.3|5|8
9|96.6|1070|408|5.3|5.3|5|8
9.1|96.6|1070|408|5.3|5.3|5|8
9.2|96.6|1070|408|5.3|5.3|5|8
9.3|96.6|1070|408|5.3|5.3|5|8
9.4|96.59|1070|408|5.3|5.3|5|8
9.5|96.59|1070|408|5.3|5.3|5|8
9.6|96.6|1070|408|5.3|5.3|5|8
9.7|96.6|1070|408|5.3|5.3|5|8
9.8|96.57|1070|408|5.3|5.3|5|8
9.9|96.61|1070|408|5.3|5.3|2|8
10|96.53|1070|408|5.3|5.3|2|8
10.1|96.23|1072|408|5.3|5.3|2|8
10.2|95.81|1075|408|5.3|5.3|2|8
10.3|95.37|1289|409|5.3|5.3|2|8
10.4|94.88|1616|410|5.3|5.3|3|8
10.5|94.6|1781|411|5.3|5.3|3|8
10.6|94.41|1804|411|5.3|5.3|3|8
10.7|94.28|1817|411|5.3|5.3|3|8
10.8|94.23|1825|411|5.3|5.3|3|8
10.9|94.17|1840|408|5.3|5.3|3|8
11|94.21|1848|399|5.3|5.3|3|8
11.1|94.2|1853|396|5.3|5.3|3|8
11.2|94.23|1856|395|5.3|5.3|3|8
11.3|94.21|1858|394|5.3|5.3|3|8
11.4|94.21|1858|394|5.3|5.3|3|8
11.5|94.23|1861|394|5.3|5.3|3|8
11.6|94.17|1861|394|5.3|5.3|3|8
11.7|94.2|1863|394|5.3|5.3|3|8
11.8|94.2|1863|394|5.3|5.3|3|8
11.9|94.23|1866|394|5.3|5.3|3|8
12|94.21|1866|394|5.3|5.3|3|8
12.1|94.23|1866|394|5.3|5.3|3|8
12.2|94.21|1869|394|5.3|5.3|3|8
12.3|94.19|1871|394|5.3|5.3|3|8
12.4|94.19|1871|394|5.3|5.3|4|8
12.5|94.31|1871|394|5.3|5.3|4|8
12.6|94.55|1863|394|5.3|5.3|4|8
12.7|95.04|1657|394|5.3|5.3|4|8
12.8|95.46|1103|394|5.3|5.3|5|8
12.9|95.69|1093|394|5.3|5.3|5|8
13|95.73|1090|394|5.3|5.3|5|8
13.1|95.81|1090|394|5.3|5.3|5|8
13.2|95.84|1090|394|5.3|5.3|5|8
13.3|95.82|1090|394|5.3|5.3|5|8
13.4|95.81|1090|394|5.3|5.3|5|8
13.5|95.76|1090|394|5.3|5.3|5|8
13.6|95.81|1090|394|5.3|5.3|5|8
13.7|95.81|1090|394|5.3|5.3|5|8
13.8|95.84|1090|394|5.3|5.3|5|8
13.9|95.8|1090|394|5.3|5.3|5|8
14|95.74|1090|394|5.3|5.3|5|8
14.1|95.81|1090|394|5.3|5.3|5|8
14.2|95.81|1093|394|5.3|5.3|5|8
14.3|95.81|1090|394|5.3|5.3|5|8
14.4|95.82|1090|394|5.3|5.3|5|8
14.5|95.78|1090|394|5.3|5.3|5|8
14.6|95.78|1090|394|5.3|5.3|5|8
14.7|95.82|1090|394|5.3|5.3|5|8
14.8|95.81|1090|394|5.3|5.3|2|8
14.9|95.57|1093|394|5.3|5.3|2|8
15|95.19|1093|394|5.3|5.3|2|8
15.1|94.76|1263|394|5.3|5.3|2|8
15.2|94.33|1791|394|5.3|5.3|3|8
15.3|94.01|1835|394|5.3|5.3|3|8
15.4|93.93|1851|394|5.3|5.3|3|8
15.5|93.85|1858|394|5.3|5.3|3|8
15.6|93.81|1866|394|5.3|5.3|3|8
15.7|93.8|1869|394|5.3|5.3|3|8
15.8|93.78|1874|394|5.3|5.3|3|8
15.9|93.82|1876|394|5.3|5.3|3|8
16|93.82|1879|394|5.3|5.3|3|8
16.1|93.8|1881|394|5.3|5.3|3|8
16.2|93.8|1881|394|5.3|5.3|3|8
16.3|93.82|1884|394|5.3|5.3|3|8
16.4|93.82|1884|394|5.3|5.3|3|8
16.5|93.78|1887|394|5.3|5.3|3|8
16.6|93.81|1887|394|5.3|5.3|3|8
16.7|93.82|1887|394|5.3|5.3|3|8
16.8|93.85|1889|394|5.3|5.3|3|8
16.9|93.84|1889|394|5.3|5.3|3|8
17|93.81|1892|394|5.3|5.3|3|8
17.1|93.78|1892|394|5.3|5.3|3|8
17.2|93.78|1889|394|5.3|5.3|4|8
17.3|93.93|1889|394|5.3|5.3|4|8
17.4|94.41|1853|394|5.3|5.3|4|8
17.5|94.84|1180|395|5.3|5.3|5|8
17.6|95.17|1106|394|5.3|5.3|5|8
17.7|95.29|1103|394|5.3|5.3|5|8
17.8|95.38|1103|394|5.3|5.3|5|8
17.9|95.38|1101|394|5.3|5.3|5|8
18|95.38|1101|394|5.3|5.3|5|8
18.1|95.37|1101|394|5.3|5.3|5|8
18.2|95.39|1101|394|5.3|5.3|5|8
18.3|95.38|1101|394|5.3|5.3|5|8
18.4|95.39|1101|394|5.3|5.3|5|8
18.5|95.41|1101|394|5.3|5.3|5|8
18.6|95.42|1101|394|5.3|5.3|5|8
18.7|95.45|1101|394|5.3|5.3|5|8
18.8|95.45|1101|394|5.3|5.3|5|8
18.9|95.42|1101|394|5.3|5.3|5|8
19|95.34|1101|394|5.3|5.3|5|8
19.1|95.38|1101|394|5.3|5.3|5|8
19.2|95.34|1098|394|5.3|5.3|5|8
19.3|95.38|1098|394|5.3|5.3|5|8
19.4|95.39|1101|394|5.3|5.3|5|8
19.5|95.41|1101|394|5.3|5.3|2|8
19.6|95.33|1101|394|5.3|5.3|2|8
19.7|94.98|1101|394|5.3|5.3|2|8
19.8|94.59|1108|394|5.3|5.3|2|8
19.9|94.08|1724|395|5.3|5.3|3|8
20|93.88|1845|395|5.3|5.3|3|8
20.1|93.6|1863|395|5.3|5.3|3|8
20.2|93.46|1871|395|5.3|5.3|3|8
20.3|93.47|1879|394|5.3|5.3|3|8
20.4|93.54|1884|394|5.3|5.3|3|8
20.5|93.49|1887|394|5.3|5.3|3|8
20.6|93.51|1889|394|5.3|5.3|3|8
20.7|93.51|1894|394|5.3|5.3|3|8
20.8|93.53|1897|394|5.3|5.3|3|8
20.9|93.51|1897|395|5.3|5.3|3|8
21|93.49|1899|394|5.3|5.3|3|8
21.1|93.5|1899|394|5.3|5.3|3|8
21.2|93.53|1902|394|5.3|5.3|3|8
21.3|93.49|1902|394|5.3|5.3|3|8
21.4|93.47|1902|395|5.3|5.3|3|8
21.5|93.49|1905|395|5.3|5.3|3|8
21.6|93.49|1905|395|5.3|5.3|3|8
21.7|93.53|1905|395|5.3|5.3|3|8
21.8|93.51|1905|394|5.3|5.3|3|8
21.9|93.49|1907|395|5.3|5.3|4|8
22|93.68|1907|395|5.3|5.3|4|8
22.1|93.93|1899|395|5.3|5.3|4|8
22.2|94.45|1436|395|5.3|5.3|4|8
22.3|94.8|1119|395|5.3|5.3|5|8
22.4|94.98|1113|395|5.3|5.3|5|8
22.5|95.12|1111|395|5.3|5.3|5|8
22.6|95.14|1108|395|5.3|5.3|5|8
22.7|95.06|1108|395|5.3|5.3|5|8
22.8|95.11|1108|395|5.3|5.3|5|8
22.9|95.15|1108|395|5.3|5.3|5|8
23|95.06|1106|395|5.3|5.3|5|8
23.1|95.1|1106|394|5.3|5.3|5|8
23.2|95.1|1106|394|5.3|5.3|5|8
23.3|95.11|1106|395|5.3|5.3|5|8
23.4|95.15|1106|395|5.3|5.3|5|8
23.5|95.07|1103|395|5.3|5.3|5|8
23.6|95.1|1106|395|5.3|5.3|5|8
23.7|95.1|1106|395|5.3|5.3|5|8
23.8|95.1|1103|395|5.3|5.3|5|8
23.9|95.1|1103|395|5.3|5.3|5|8
24|95.08|1103|395|5.3|5.3|5|8
24.1|95.14|1103|394|5.3|5.3|5|8
24.2|95.1|1103|394|5.3|5.3|5|8
24.3|95.02|1103|394|5.3|5.3|2|8
24.4|94.76|1103|394|5.3|5.3|2|8
24.5|94.39|1106|394|5.3|5.3|2|8
24.6|93.94|1675|395|5.3|5.3|3|8
24.7|93.54|1853|395|5.3|5.3|3|8
24.8|93.43|1871|395|5.3|5.3|3|8
24.9|93.35|1881|395|5.3|5.3|3|8
25|93.35|1892|395|5.3|5.3|3|8
25.1|93.23|1899|395|5.3|5.3|3|8
25.2|93.33|1905|395|5.3|5.3|3|8
25.3|93.34|1910|395|5.3|5.3|3|8
25.4|93.29|1912|395|5.3|5.3|3|8
25.5|93.31|1915|395|5.3|5.3|3|8
25.6|93.3|1918|395|5.3|5.3|3|8
25.7|93.33|1920|395|5.3|5.3|3|8
25.8|93.3|1920|395|5.3|5.3|3|8
25.9|93.35|1923|395|5.3|5.3|3|8
26|93.26|1923|395|5.3|5.3|3|8
26.1|93.33|1925|395|5.3|5.3|3|8
26.2|93.3|1928|395|5.3|5.3|3|8
26.3|93.33|1928|395|5.3|5.3|3|8
26.4|93.27|1928|395|5.3|5.3|3|8
26.5|93.29|1930|395|5.3|5.3|3|8
26.6|93.33|1930|395|5.3|5.3|4|8
26.7|93.35|1930|395|5.3|5.3|4|8
26.8|93.73|1915|395|5.3|5.3|4|8
26.9|94.2|1539|396|5.3|5.3|4|8
27|94.61|1121|396|5.3|5.3|5|8
27.1|94.74|1113|396|5.3|5.3|5|8
27.2|94.83|1111|396|5.3|5.3|5|8
27.3|94.9|1111|396|5.3|5.3|5|8
27.4|94.9|1111|396|5.3|5.3|5|8
27.5|94.9|1111|396|5.3|5.3|5|8
27.6|94.88|1108|395|5.3|5.3|5|8
27.7|94.87|1108|395|5.3|5.3|5|8
27.8|94.98|1108|395|5.3|5.3|5|8
27.9|94.88|1108|395|5.3|5.3|5|8
28|94.86|1108|395|5.3|5.3|5|8
28.1|94.9|1108|396|5.3|5.3|5|8
28.2|94.87|1106|395|5.3|5.3|5|8
28.3|94.94|1106|395|5.3|5.3|5|8
28.4|94.86|1106|395|5.3|5.3|5|8
28.5|94.98|1106|395|5.3|5.3|5|8
28.6|94.86|1106|395|5.3|5.3|5|8
28.7|94.96|1106|395|5.3|5.3|5|8
28.8|94.88|1106|395|5.3|5.3|5|8
28.9|94.92|1106|394|5.3|5.3|5|8
29|94.86|1106|394|5.3|5.3|2|8
29.1|94.67|1106|394|5.3|5.3|2|8
29.2|94.24|1106|395|5.3|5.3|2|8
29.3|93.8|1631|396|5.3|5.3|3|8
29.4|93.43|1853|395|5.3|5.3|3|8
29.5|93.19|1881|395|5.3|5.3|3|8
29.6|93.19|1892|395|5.3|5.3|3|8
29.7|93.14|1902|395|5.3|5.3|3|8
29.8|93.15|1912|395|5.3|5.3|3|8
29.9|93.1|1918|395|5.3|5.3|3|8
30|93.09|1923|395|5.3|5.3|3|8
30.1|93.1|1925|395|5.3|5.3|3|8
30.2|93.1|1928|395|5.3|5.3|3|8
30.3|93.14|1930|395|5.3|5.3|3|8
30.4|93.14|1936|395|5.3|5.3|3|8
30.5|93.15|1936|395|5.3|5.3|3|8
30.6|93.15|1938|395|5.3|5.3|3|8
30.7|93.04|1941|395|5.3|5.3|3|8
30.8|93.07|1941|395|5.3|5.3|3|8
30.9|93.1|1941|395|5.3|5.3|3|8
31|93.1|1938|395|5.3|5.3|3|8
31.1|93.1|1941|395|5.3|5.3|3|8
31.2|93.14|1941|395|5.3|5.3|3|8
31.3|93.13|1943|395|5.3|5.3|4|8
31.4|93.15|1943|395|5.3|5.3|4|8
31.5|93.43|1930|395|5.3|5.3|4|8
31.6|93.92|1709|396|5.3|5.3|4|8
31.7|94.36|1129|396|5.3|5.3|5|8
31.8|94.56|1119|396|5.3|5.3|5|8
31.9|94.63|1116|396|5.3|5.3|5|8
32|94.74|1113|396|5.3|5.3|5|8
32.1|94.78|1113|396|5.3|5.3|5|8
32.2|94.6|1111|396|5.3|5.3|5|8
32.3|94.71|1111|396|5.3|5.3|5|8
32.4|94.76|1111|396|5.3|5.3|5|8
32.5|94.75|1111|396|5.3|5.3|5|8
32.6|94.61|1108|396|5.3|5.3|5|8
32.7|94.7|1108|396|5.3|5.3|5|8
32.8|94.72|1108|396|5.3|5.3|5|8
32.9|94.72|1108|396|5.3|5.3|5|8
33|94.67|1108|396|5.3|5.3|5|8
33.1|94.64|1108|396|5.3|5.3|5|8
33.2|94.71|1108|396|5.3|5.3|5|8
33.3|94.7|1108|396|5.3|5.3|5|8
33.4|94.71|1108|396|5.3|5.3|5|8
33.5|94.72|1108|396|5.3|5.3|5|8
33.6|94.7|1106|396|5.3|5.3|5|8
33.7|94.68|1106|395|5.3|5.3|2|8
33.8|94.41|1106|395|5.3|5.3|2|8
33.9|94.05|1106|396|5.3|5.3|2|8
34|93.58|1619|396|5.3|5.3|3|8
34.1|93.27|1858|396|5.3|5.3|3|8
34.2|93.09|1889|396|5.3|5.3|3|8
34.3|92.99|1905|396|5.3|5.3|3|8
34.4|93.04|1912|395|5.3|5.3|3|8
34.5|93.03|1923|395|5.3|5.3|3|8
34.6|92.99|1930|395|5.3|5.3|3|8
34.7|92.98|1936|395|5.3|5.3|3|8
34.8|92.96|1941|395|5.3|5.3|3|8
34.9|92.94|1943|395|5.3|5.3|3|8
35|92.95|1946|395|5.3|5.3|3|8
35.1|92.96|1946|395|5.3|5.3|3|8
35.2|92.95|1948|395|5.3|5.3|3|8
35.3|92.96|1948|395|5.3|5.3|3|8
35.4|92.96|1948|395|5.3|5.3|3|8
35.5|92.95|1948|395|5.3|5.3|3|8
35.6|92.96|1948|395|5.3|5.3|3|8
35.7|92.96|1948|395|5.3|5.3|3|8
35.8|92.96|1948|395|5.3|5.3|3|8
35.9|92.98|1951|395|5.3|5.3|3|8
36|93|1951|395|5.3|5.3|4|8
36.1|92.94|1951|395|5.3|5.3|4|8
36.2|93.26|1941|395|5.3|5.3|4|8
36.3|93.82|1773|396|5.3|5.3|4|8
36.4|94.19|1131|396|5.3|5.3|2|8
36.5|94.25|1119|396|5.3|5.3|2|8
36.6|94.27|1116|396|5.3|5.3|2|8
36.7|94.33|1113|396|5.3|5.3|2|8
36.8|94.24|1113|396|5.3|5.3|2|8
36.9|94.16|1113|396|5.3|5.3|2|8
37|94.06|1111|396|5.3|5.3|2|8
37.1|94.04|1111|396|5.3|5.3|2|8
37.2|94.04|1111|395|5.3|5.3|2|8
37.3|93.93|1116|396|5.3|5.3|2|8
37.4|93.88|1111|395|5.3|5.3|2|8
37.5|93.88|1149|396|5.3|5.3|2|8
37.6|93.68|1191|396|5.3|5.3|2|8
37.7|93.61|1126|396|5.3|5.3|2|8
37.8|93.64|1178|396|5.3|5.3|2|8
37.9|93.51|1124|396|5.3|5.3|2|8
38|93.53|1180|396|5.3|5.3|2|8
38.1|93.42|1240|396|5.3|5.3|2|8
38.2|93.35|1286|396|5.3|5.3|2|8
38.3|93.31|1704|396|5.3|5.3|2|8
38.4|93.34|1747|396|5.3|5.3|2|8
38.5|93.45|1729|396|5.3|5.3|2|8
38.6|93.76|1193|396|5.3|5.3|2|8
38.7|93.82|1111|396|5.3|5.3|2|8
38.8|93.77|1106|395|5.3|5.3|2|8
38.9|93.82|1106|395|5.3|5.3|2|8
39|93.8|1106|395|5.3|5.3|2|8
39.1|93.61|1106|395|5.3|5.3|2|8
39.2|93.68|1106|395|5.3|5.3|2|8
39.3|93.5|1106|395|5.3|5.3|2|8
39.4|93.51|1106|395|5.3|5.3|2|8
39.5|93.6|1126|395|5.3|5.3|2|8
39.6|93.43|1121|395|5.3|5.3|2|8
39.7|93.37|1278|395|5.3|5.3|2|8
39.8|93.15|1495|396|5.3|5.3|2|8
39.9|93.22|1116|396|5.3|5.3|2|8
40|93.09|1152|395|5.3|5.3|2|8
40.1|93.07|1142|394|5.3|5.3|2|8
40.2|93.17|1711|395|5.3|5.3|2|8
40.3|93.09|1784|395|5.3|5.3|2|8
40.4|93.11|1745|395|5.3|5.3|2|8
40.5|93.35|1678|396|5.3|5.3|2|8
40.6|93.54|1152|395|5.3|5.3|2|8
40.7|93.64|1108|395|5.3|5.3|2|8
40.8|93.77|1108|395|5.3|5.3|2|8
40.9|93.66|1106|395|5.3|5.3|2|8
41|93.51|1106|395|5.3|5.3|2|8
41.1|93.5|1106|395|5.3|5.3|2|8
41.2|93.54|1106|395|5.3|5.3|2|8
41.3|93.42|1108|395|5.3|5.3|2|8
41.4|93.38|1106|395|5.3|5.3|2|8
41.5|93.3|1119|395|5.3|5.3|2|8
41.6|93.14|1103|395|5.3|5.3|2|8
41.7|93.14|1103|395|5.3|5.3|2|8
41.8|93.21|1106|395|5.3|5.3|2|8
41.9|93.13|1472|396|5.3|5.3|2|8
42|92.96|1693|396|5.3|5.3|2|8
42.1|93.1|1719|396|5.3|5.3|2|8
42.2|93.26|1732|396|5.3|5.3|2|8
42.3|93.47|1191|396|5.3|5.3|2|8
42.4|93.49|1108|396|5.3|5.3|2|8
42.5|93.54|1106|395|5.3|5.3|2|8
42.6|93.53|1106|396|5.3|5.3|2|8
42.7|93.57|1106|396|5.3|5.3|2|8
42.8|93.43|1106|396|5.3|5.3|2|8
42.9|93.43|1103|395|5.3|5.3|2|8
43|93.35|1116|396|5.3|5.3|2|8
43.1|93.15|1188|395|5.3|5.3|2|8
43.2|93.11|1103|395|5.3|5.3|2|8
43.3|93.13|1101|395|5.3|5.3|2|8
43.4|93.26|1121|395|5.3|5.3|2|8
43.5|93|1356|396|5.3|5.3|2|8
43.6|93.02|1603|396|5.3|5.3|2|8
43.7|92.98|1698|396|5.3|5.3|2|8
43.8|93.11|1559|396|5.3|5.3|2|8
43.9|93.22|1111|396|5.3|5.3|2|8
44|93.35|1103|395|5.3|5.3|2|8
44.1|93.33|1103|395|5.3|5.3|2|8
44.2|93.13|1103|395|5.3|5.3|2|8
44.3|93.13|1103|395|5.3|5.3|2|8
44.4|93.1|1101|395|5.3|5.3|2|8
44.5|93.18|1101|395|5.3|5.3|2|8
44.6|93.02|1103|395|5.3|5.3|2|8
44.7|92.99|1389|396|5.3|5.3|2|8
44.8|92.84|1209|396|5.3|5.3|2|8
44.9|92.83|1193|396|5.3|5.3|2|8
45|92.82|1299|396|5.3|5.3|2|8
45.1|92.64|1284|396|5.3|5.3|2|8
45.2|92.64|1253|396|5.3|5.3|2|8
45.3|92.68|1389|396|5.3|5.3|2|8
45.4|92.48|1322|396|5.3|5.3|2|8
45.5|92.32|1144|396|5.3|5.3|2|8
45.6|92.33|1103|395|5.3|5.3|2|8
45.7|92.35|1381|396|5.3|5.3|2|8
45.8|92.36|1418|396|5.3|5.3|2|8
45.9|92.17|1394|396|5.3|5.3|2|8
46|92.13|1309|396|5.3|5.3|2|8
46.1|92.08|1211|395|5.3|5.3|2|8
46.2|91.98|1183|396|5.3|5.3|2|8
46.3|91.96|1286|396|5.3|5.3|2|8
46.4|91.89|1286|395|5.3|5.3|2|8
46.5|91.84|1247|394|5.3|5.3|2|8
46.6|91.76|1186|395|5.3|5.3|2|8
46.7|91.64|1214|395|5.3|5.3|2|8
46.8|91.51|1119|394|5.3|5.3|2|8
46.9|91.54|1137|394|5.3|5.3|2|8
47|91.51|1219|394|5.3|5.3|2|8
47.1|91.5|1211|394|5.3|5.3|2|8
47.2|91.35|1180|394|5.3|5.3|2|8
47.3|91.31|1152|394|5.3|5.3|2|8
47.4|91.23|1216|395|5.3|5.3|2|8
47.5|90.99|1276|394|5.3|5.3|2|8
47.6|90.96|1113|394|5.3|5.3|2|8
47.7|91|1152|394|5.3|5.3|2|8
47.8|90.91|1258|394|5.3|5.3|2|8
47.9|90.79|1291|394|5.3|5.3|2|8
48|90.78|1271|394|5.3|5.3|2|8
48.1|90.59|1211|394|5.3|5.3|2|8
48.2|90.58|1180|394|5.3|5.3|2|8
48.3|90.54|1268|394|5.3|5.3|2|8
48.4|90.41|1247|394|5.3|5.3|2|8
48.5|90.37|1294|394|5.3|5.3|2|8
48.6|90.28|1330|394|5.3|5.3|2|8
48.7|90.17|1237|394|5.3|5.3|2|8
48.8|90.11|1327|394|5.3|5.3|2|8
48.9|89.93|1371|395|5.3|5.3|2|8
49|89.92|1155|394|5.3|5.3|2|8
49.1|89.81|1245|394|5.3|5.3|2|8
49.2|89.72|1139|394|5.3|5.3|2|8
49.3|89.56|1245|394|5.3|5.3|2|8
49.4|89.57|1131|394|5.3|5.3|2|8
49.5|89.42|1191|394|5.3|5.3|2|8
49.6|89.33|1219|394|5.3|5.3|2|8
49.7|89.19|1242|394|5.3|5.3|2|8
49.8|89.19|1255|394|5.3|5.3|2|8
49.9|88.94|1165|394|5.3|5.3|2|8
50|88.82|1232|394|5.3|5.3|2|8
50.1|88.9|1237|394|5.3|5.3|2|8
50.2|88.74|1284|394|5.3|5.3|2|8
50.3|88.6|1317|394|5.3|5.3|2|8
50.4|88.52|1291|394|5.3|5.3|2|8
50.5|88.32|1211|394|5.3|5.3|2|8
50.6|88.27|1237|394|5.3|5.3|2|8
50.7|88.07|1353|394|5.3|5.3|2|8
50.8|88.05|1271|395|5.3|5.3|2|8
50.9|87.89|1325|394|5.3|5.3|2|8
51|87.77|1284|395|5.3|5.3|2|8
51.1|87.64|1191|395|5.3|5.3|2|8
51.2|87.57|1183|394|5.3|5.3|2|8
51.3|87.44|1265|394|5.3|5.3|2|8
51.4|87.25|1198|395|5.3|5.3|2|8
51.5|87.19|1191|394|5.3|5.3|2|8
51.6|86.99|1271|394|5.3|5.3|2|8
51.7|86.87|1235|394|5.3|5.3|2|8
51.8|86.66|1255|394|5.3|5.3|2|8
51.9|86.62|1358|395|5.3|5.3|2|8
52|86.46|1402|396|5.3|5.3|2|8
52.1|86.21|1392|396|5.3|5.3|2|8
52.2|86.17|1180|395|5.3|5.3|2|8
52.3|86.07|1240|394|5.3|5.3|2|8
52.4|85.92|1376|396|5.3|5.3|2|8
52.5|85.77|1309|395|5.3|5.3|2|8
52.6|85.57|1399|395|5.3|5.3|2|8
52.7|85.44|1299|396|5.3|5.3|2|8
52.8|85.19|1327|395|5.3|5.3|2|8
52.9|85.05|1247|395|5.3|5.3|2|8
53|84.95|1304|395|5.3|5.3|2|8
53.1|84.8|1240|396|5.3|5.3|2|8
53.2|84.6|1314|396|5.3|5.3|2|8
53.3|84.43|1312|396|5.3|5.3|2|8
53.4|84.2|1255|396|5.3|5.3|2|8
53.5|84.13|1242|396|5.3|5.3|2|8
53.6|83.89|1232|396|5.3|5.3|2|8
53.7|83.73|1312|396|5.3|5.3|2|8
53.8|83.58|1273|396|5.3|5.3|2|8
53.9|83.37|1299|396|5.3|5.3|2|8
54|83.15|1330|396|5.3|5.3|2|8
54.1|82.97|1214|396|5.3|5.3|2|8
54.2|82.79|1271|396|5.3|5.3|2|8
54.3|82.48|1482|395|5.3|5.3|6|8
54.4|80.44|1959|394|5.3|5.3|6|8
54.5|77.68|1227|395|5.3|5.3|6|8
54.6|75.2|0|394|5.3|5.3|7|8
54.7|73.41|0|393|5.3|5.3|7|8
54.8|72.58|0|393|5.3|5.3|7|8
54.9|72.16|0|392|5.3|5.3|7|8
55|71.91|0|392|5.3|5.3|7|8
55.1|71.79|0|392|5.3|5.3|7|8
55.2|71.75|0|392|5.3|5.3|7|8
55.3|71.79|0|392|5.3|5.3|7|8
55.4|71.83|0|392|5.3|5.3|7|8
55.5|71.77|0|392|5.3|5.3|7|8
55.6|71.8|0|392|5.3|5.3|7|8
55.7|71.79|0|392|5.3|5.3|7|8
55.8|71.79|0|392|5.3|5.3|7|8
55.9|71.79|0|392|5.3|5.3|7|8
56|71.79|0|392|5.3|5.3|7|8
56.1|71.79|0|392|5.3|5.3|7|8
56.2|71.77|0|392|5.3|5.3|7|8
56.3|71.79|0|392|5.3|5.3|7|8
56.4|71.77|0|392|5.3|5.3|7|8
56.5|71.77|0|392|5.3|5.3|7|8
56.6|71.77|0|392|5.3|5.3|7|8
56.7|71.75|0|392|5.3|5.3|7|8
56.8|71.77|0|392|5.3|5.3|7|8
56.9|71.77|0|392|5.3|5.3|7|8
57|71.77|0|392|5.3|5.3|7|8
57.1|71.76|0|392|5.3|5.3|7|8
57.2|71.76|0|392|5.3|5.3|7|8
57.3|71.73|0|392|5.3|5.3|7|8
57.4|71.81|0|392|5.3|5.3|7|8
57.5|71.77|0|392|5.3|5.3|7|8
57.6|71.79|0|392|5.3|5.3|7|8
57.7|71.76|0|392|5.3|5.3|7|8
57.8|71.76|0|392|5.3|5.3|7|8
57.9|71.76|0|392|5.3|5.3|7|8
58|71.76|0|392|5.3|5.3|7|8
58.1|71.69|0|392|5.3|5.3|7|8
58.2|71.75|0|392|5.3|5.3|7|8
58.3|71.76|0|392|5.3|5.3|7|8
58.4|71.76|0|392|5.3|5.3|7|8
58.5|71.76|0|392|5.3|5.3|7|8
58.6|71.75|0|392|5.3|5.3|7|8
58.7|71.76|0|392|5.3|5.3|7|8
58.8|71.76|0|392|5.3|5.3|7|8
58.9|71.76|0|392|5.3|5.3|7|8
59|71.75|0|392|5.3|5.3|7|8
59.1|71.76|0|392|5.3|5.3|7|8
59.2|71.76|0|392|5.3|5.3|7|8
59.3|71.76|0|392|5.3|5.3|7|8
59.4|71.76|0|392|5.3|5.3|7|8
59.5|71.76|0|392|5.3|5.3|7|8
59.6|71.76|0|392|5.3|5.3|7|8
59.7|71.76|0|392|5.3|5.3|7|8
59.8|71.76|0|392|5.3|5.3|7|8
59.9|71.77|0|392|5.3|5.3|7|8
60|71.8|0|392|5.3|5.3|7|8
60.1|71.77|0|392|5.3|5.3|7|8
60.2|71.77|0|392|5.3|5.3|7|8
60.3|71.79|0|392|5.3|5.3|7|8
60.4|71.83|0|392|5.3|5.3|7|8
60.5|71.84|0|392|5.3|5.3|7|8
60.6|71.77|0|392|5.3|5.3|7|8
60.7|71.71|0|392|5.3|5.3|7|8
60.8|71.72|0|392|5.3|5.3|7|8
60.9|71.76|0|392|5.3|5.3|7|8
61|71.76|0|392|5.3|5.3|7|8
61.1|71.76|0|392|5.3|5.3|7|8
61.2|71.76|0|392|5.3|5.3|7|8
61.3|71.77|0|392|5.3|5.3|7|8
61.4|71.8|0|392|5.3|5.3|7|8
61.5|71.79|0|392|5.3|5.3|7|8
61.6|71.8|0|392|5.3|5.3|7|8
61.7|71.72|0|392|5.3|5.3|7|8
61.8|71.73|0|392|5.3|5.3|7|8
61.9|71.76|0|392|5.3|5.3|7|8
62|71.77|0|392|5.3|5.3|7|8
62.1|71.8|0|392|5.3|5.3|7|8
62.2|71.79|0|392|5.3|5.3|7|8
62.3|71.73|0|392|5.3|5.3|7|8
62.4|71.71|0|393|5.3|5.3|7|8
62.5|71.73|0|392|5.3|5.3|7|8
62.6|71.73|0|393|5.3|5.3|7|8
62.7|71.76|0|393|5.3|5.3|7|8
62.8|71.76|0|393|5.3|5.3|7|8
62.9|71.81|0|393|5.3|5.3|7|8
63|71.8|0|393|5.3|5.3|7|8
63.1|71.67|0|393|5.3|5.3|7|8
63.2|71.72|0|392|5.3|5.3|7|8
63.3|71.73|0|392|5.3|5.3|7|8
63.4|71.73|0|392|5.3|5.3|7|8
63.5|71.75|0|392|5.3|5.3|7|8
63.6|71.75|0|392|5.3|5.3|7|8
63.7|71.76|0|392|5.3|5.3|7|8
63.8|71.77|0|393|5.3|5.3|7|8
63.9|71.79|0|393|5.3|5.3|7|8
64|71.77|0|393|5.3|5.3|7|8
64.1|71.67|0|393|5.3|5.3|7|8
64.2|71.73|0|393|5.3|5.3|7|8
64.3|71.73|0|393|5.3|5.3|7|8
64.4|71.73|0|393|5.3|5.3|7|8
64.5|71.76|0|393|5.3|5.3|7|8
64.6|71.76|0|393|5.3|5.3|7|8
64.7|71.75|0|393|5.3|5.3|7|8
64.8|71.79|0|393|5.3|5.3|7|8
64.9|71.76|0|393|5.3|5.3|7|8
65|71.75|0|394|5.3|5.3|7|8
65.1|71.71|0|394|5.3|5.3|7|8
65.2|71.73|0|394|5.3|5.3|7|8
65.3|71.73|0|394|5.3|5.3|7|8
65.4|71.73|0|394|5.3|5.3|7|8
65.5|71.73|0|394|5.3|5.3|7|8
65.6|71.76|0|394|5.3|5.3|7|8
65.7|71.76|0|394|5.3|5.3|7|8
65.8|71.8|0|394|5.3|5.3|7|8
65.9|71.77|0|394|5.3|5.3|7|8
66|71.76|0|394|5.3|5.3|7|8
66.1|71.77|0|394|5.3|5.3|7|8
66.2|71.68|0|394|5.3|5.3|7|8
66.3|71.71|0|394|5.3|5.3|7|8
66.4|71.73|0|394|5.3|5.3|7|8
66.5|71.73|0|394|5.3|5.3|7|8
66.6|71.73|0|394|5.3|5.3|7|8
66.7|71.73|0|394|5.3|5.3|7|8
66.8|71.73|0|394|5.3|5.3|7|8
66.9|71.73|0|394|5.3|5.3|7|8
67|71.75|0|394|5.3|5.3|7|8
67.1|71.8|0|394|5.3|5.3|7|8
67.2|71.77|0|394|5.3|5.3|7|8
67.3|71.71|0|395|5.3|5.3|7|8
67.4|71.71|0|395|5.3|5.3|7|8
67.5|71.73|0|395|5.3|5.3|7|8
67.6|71.73|0|395|5.3|5.3|8|8
67.7|71.65|0|395|5.3|5.3|8|8
67.8|71.57|0|395|5.3|5.3|8|8
67.9|71.63|0|395|5.3|5.3|8|8
68|71.73|0|395|5.3|5.3|8|8
68.1|71.68|0|395|5.3|5.3|8|8
68.2|71.61|0|395|5.3|5.3|8|8
68.3|71.72|0|395|5.3|5.3|8|8
68.4|71.65|0|395|5.3|5.3|8|8
68.5|71.71|0|395|5.3|5.2|8|8
68.6|71.67|0|395|5.2|5.2|8|8
68.7|71.65|0|395|5.2|5.2|8|8
68.8|71.76|0|395|5.2|5.2|8|8
68.9|71.61|0|395|5.2|5.2|8|8
69|71.76|0|395|5.2|5.2|8|8
69.1|71.6|0|395|5.2|5.2|8|8
69.2|71.72|0|395|5.2|5.1|8|8
69.3|71.65|0|395|5.1|5.1|8|8
69.4|71.71|0|395|5.1|5.1|8|8
69.5|71.69|0|395|5.1|5.1|8|8
69.6|73.36|0|395|5.1|5.1|8|8
69.7|76.32|0|395|5.1|5.1|8|8
69.8|79.24|0|395|5.1|5.1|8|8
69.9|82.17|0|395|5.1|5.1|8|8
70|85.1|0|395|5.1|5.1|8|8
70.1|87.88|0|395|5.1|5.1|8|8
70.2|90.84|0|395|5.1|5.1|8|8
70.3|93.6|0|395|5.1|5.1|8|8
70.4|95.04|0|395|5.1|5.1|8|8
