0|96.02|1425|410|5.2|5.2|1|8
0.1|95.98|1613|413|5.2|5.2|1|8
0.2|96.02|1644|415|5.2|5.2|1|8
0.3|96|1662|416|5.2|5.2|1|8
0.4|96.01|1673|416|5.2|5.2|1|8
0.5|96|1686|416|5.2|5.2|3|8
0.6|96.06|1696|416|5.2|5.2|3|8
0.7|96.01|1701|416|5.2|5.2|3|8
0.8|95.97|1706|416|5.2|5.2|3|8
0.9|95.92|1711|416|5.2|5.2|3|8
1|95.92|1714|416|5.2|5.2|3|8
1.1|95.96|1716|416|5.2|5.2|3|8
1.2|95.97|1722|416|5.2|5.2|3|8
1.3|95.98|1724|416|5.2|5.2|3|8
1.4|96|1724|416|5.2|5.2|3|8
1.5|95.97|1732|416|5.2|5.2|3|8
1.6|95.92|1732|416|5.2|5.2|3|8
1.7|95.92|1729|416|5.2|5.2|3|8
1.8|95.96|1729|416|5.2|5.2|3|8
1.9|95.96|1732|416|5.2|5.2|3|8
2|95.97|1729|416|5.2|5.2|3|8
2.1|95.97|1729|416|5.2|5.2|3|8
2.2|95.97|1722|416|5.2|5.2|3|8
2.3|95.93|1722|416|5.2|5.2|3|8
2.4|95.92|1709|416|5.2|5.2|3|8
2.5|95.97|1706|416|5.2|5.2|4|8
2.6|96.23|1662|416|5.2|5.2|4|8
2.7|96.63|1129|416|5.2|5.2|5|8
2.8|96.92|1052|414|5.2|5.2|5|8
2.9|97.03|1049|413|5.2|5.2|5|8
3|97.06|1049|413|5.2|5.2|5|8
3.1|97.11|1049|413|5.2|5.2|5|8
3.2|97.12|1049|413|5.2|5.2|5|8
3.3|97.11|1049|413|5.2|5.2|5|8
3.4|97.11|1052|413|5.2|5.2|5|8
3.5|97.11|1052|413|5.3|5.3|5|8
3.6|97.11|1052|413|5.3|5.3|5|8
3.7|97.12|1049|413|5.3|5.3|5|8
3.8|97.11|1049|413|5.3|5.3|5|8
3.9|97.11|1049|413|5.3|5.3|5|8
4|97.08|1049|413|5.3|5.3|5|8
4.1|97.12|1049|413|5.3|5.3|5|8
4.2|97.11|1049|413|5.3|5.3|5|8
4.3|97.11|1041|413|5.3|5.3|5|8
4.4|97.11|1041|413|5.3|5.3|5|8
4.5|97.11|1039|413|5.3|5.3|5|8
4.6|97.11|1039|413|5.3|5.3|5|8
4.7|97.12|1034|413|5.3|5.3|2|8
4.8|97.02|1031|413|5.3|5.3|2|8
4.9|96.67|1031|413|5.3|5.3|2|8
5|96.23|1067|413|5.3|5.3|2|8
5.1|95.77|1137|413|5.3|5.3|2|8
5.2|95.22|1152|413|5.3|5.3|2|8
5.3|94.75|1191|413|5.3|5.3|2|8
5.4|94.29|1307|414|5.3|5.3|2|8
5.5|93.82|1639|416|5.3|5.3|3|8
5.6|93.43|1771|416|5.3|5.3|3|8
5.7|93.33|1784|416|5.3|5.3|3|8
5.8|93.21|1791|416|5.3|5.3|3|8
5.9|93.14|1796|416|5.3|5.3|3|8
6|93.19|1796|416|5.3|5.3|3|8
6.1|93.21|1799|416|5.3|5.3|3|8
6.2|93.19|1799|416|5.3|5.3|3|8
6.3|93.19|1804|416|5.3|5.3|3|8
6.4|93.19|1807|416|5.3|5.3|3|8
6.5|93.19|1809|416|5.3|5.3|3|8
6.6|93.18|1812|416|5.3|5.3|3|8
6.7|93.17|1812|416|5.3|5.3|3|8
6.8|93.19|1814|416|5.3|5.3|3|8
6.9|93.19|1814|416|5.3|5.3|3|8
7|93.19|1814|416|5.3|5.3|3|8
7.1|93.19|1817|416|5.3|5.3|3|8
7.2|93.21|1817|416|5.3|5.3|3|8
7.3|93.18|1817|416|5.3|5.3|3|8
7.4|93.19|1820|416|5.3|5.3|3|8
7.5|93.21|1820|416|5.3|5.3|4|8
7.6|93.31|1820|416|5.3|5.3|4|8
7.7|93.61|1814|416|5.3|5.3|4|8
7.8|94.15|1729|416|5.3|5.3|4|8
7.9|94.57|1064|415|5.3|5.3|5|8
8|94.78|1044|413|5.3|5.3|5|8
8.1|94.88|1041|413|5.3|5.3|5|8
8.2|94.98|1041|413|5.3|5.3|5|8
8.3|94.91|1041|413|5.3|5.3|5|8
8.4|94.91|1041|413|5.3|5.3|5|8
8.5|94.94|1041|413|5.4|5.4|5|8
8.6|94.96|1039|413|5.4|5.4|5|8
8.7|94.91|1039|413|5.4|5.4|5|8
8.8|94.9|1039|413|5.4|5.4|5|8
8.9|94.94|1039|413|5.4|5.4|5|8
9|94.96|1039|413|5.4|5.4|5|8
9.1|94.91|1039|413|5.4|5.4|5|8
9.2|94.91|1039|413|5.4|5.4|5|8
9.3|94.92|1039|413|5.4|5.4|5|8
9.4|94.94|1039|413|5.4|5.4|5|8
9.5|94.92|1039|413|5.4|5.4|5|8
9.6|94.92|1039|413|5.4|5.4|5|8
9.7|94.91|1039|413|5.4|5.4|5|8
9.8|94.96|1039|413|5.4|5.4|5|8
9.9|94.91|1039|413|5.4|5.4|2|8
10|94.71|1041|413|5.4|5.4|2|8
10.1|94.37|1041|413|5.4|5.4|2|8
10.2|93.88|1219|413|5.4|5.4|2|8
10.3|93.41|1732|415|5.4|5.4|3|8
10.4|93.18|1802|416|5.4|5.4|3|8
10.5|93|1812|416|5.4|5.4|3|8
10.6|93.04|1827|410|5.4|5.4|3|8
10.7|92.94|1830|404|5.4|5.4|3|8
10.8|92.86|1835|401|5.4|5.4|3|8
10.9|92.9|1835|401|5.4|5.4|3|8
11|92.87|1838|400|5.4|5.4|3|8
11.1|92.9|1840|400|5.4|5.4|3|8
11.2|92.88|1840|400|5.4|5.4|3|8
11.3|92.88|1843|400|5.4|5.4|3|8
11.4|92.92|1843|400|5.4|5.4|3|8
11.5|92.88|1845|400|5.4|5.4|3|8
11.6|92.91|1845|400|5.4|5.4|3|8
11.7|92.92|1848|400|5.4|5.4|3|8
11.8|92.88|1848|400|5.4|5.4|3|8
11.9|92.92|1848|400|5.4|5.4|3|8
12|92.87|1851|400|5.4|5.4|3|8
12.1|92.9|1851|400|5.4|5.4|3|8
12.2|92.91|1851|400|5.4|5.4|3|8
12.3|92.87|1853|400|5.4|5.4|4|8
12.4|92.95|1853|400|5.4|5.4|4|8
12.5|93.33|1843|400|5.4|5.4|4|8
12.6|93.82|1807|400|5.4|5.4|4|8
12.7|94.37|1093|400|5.4|5.4|5|8
12.8|94.59|1059|399|5.4|5.4|5|8
12.9|94.6|1057|399|5.4|5.4|5|8
13|94.75|1054|399|5.4|5.4|5|8
13.1|94.76|1054|399|5.4|5.4|5|8
13.2|94.76|1054|399|5.4|5.4|5|8
13.3|94.76|1054|399|5.4|5.4|5|8
13.4|94.74|1052|399|5.4|5.4|5|8
13.5|94.76|1052|399|5.4|5.4|5|8
13.6|94.76|1052|399|5.4|5.4|5|8
13.7|94.78|1052|398|5.4|5.4|5|8
13.8|94.78|1057|398|5.4|5.4|5|8
13.9|94.78|1052|398|5.4|5.4|5|8
14|94.76|1052|399|5.4|5.4|5|8
14.1|94.78|1052|398|5.4|5.4|5|8
14.2|94.78|1052|399|5.4|5.4|5|8
14.3|94.78|1054|399|5.4|5.4|5|8
14.4|94.78|1054|399|5.4|5.4|5|8
14.5|94.78|1054|399|5.4|5.4|5|8
14.6|94.76|1054|399|5.4|5.4|5|8
14.7|94.78|1054|399|5.4|5.4|2|8
14.8|94.68|1054|399|5.4|5.4|2|8
14.9|94.24|1054|399|5.4|5.4|2|8
15|93.86|1142|400|5.4|5.4|2|8
15.1|93.31|1716|400|5.4|5.4|3|8
15.2|93.04|1812|400|5.4|5.4|3|8
15.3|92.91|1835|400|5.4|5.4|3|8
15.4|92.84|1840|400|5.4|5.4|3|8
15.5|92.78|1845|400|5.4|5.4|3|8
15.6|92.8|1848|401|5.4|5.4|3|8
15.7|92.79|1848|400|5.4|5.4|3|8
15.8|92.82|1851|401|5.4|5.4|3|8
15.9|92.8|1851|400|5.4|5.4|3|8
16|92.8|1853|400|5.4|5.4|3|8
16.1|92.79|1853|400|5.4|5.4|3|8
16.2|92.8|1856|401|5.4|5.4|3|8
16.3|92.8|1856|401|5.4|5.4|3|8
16.4|92.78|1858|401|5.4|5.4|3|8
16.5|92.79|1858|401|5.4|5.4|3|8
16.6|92.78|1858|401|5.4|5.4|3|8
16.7|92.8|1861|400|5.4|5.4|3|8
16.8|92.76|1861|401|5.4|5.4|3|8
16.9|92.8|1861|401|5.4|5.4|3|8
17|92.78|1861|400|5.4|5.4|3|8
17.1|92.79|1861|401|5.4|5.4|4|8
17.2|92.9|1861|400|5.4|5.4|4|8
17.3|93.14|1853|400|5.4|5.4|4|8
17.4|93.73|1809|400|5.4|5.4|4|8
17.5|94.27|1214|400|5.4|5.4|5|8
17.6|94.57|1067|400|5.4|5.4|5|8
17.7|94.66|1067|399|5.4|5.4|5|8
17.8|94.7|1062|399|5.4|5.4|5|8
17.9|94.78|1062|399|5.4|5.4|5|8
18|94.78|1062|399|5.4|5.4|5|8
18.1|94.83|1059|399|5.4|5.4|5|8
18.2|94.75|1059|399|5.4|5.4|5|8
18.3|94.76|1057|399|5.4|5.4|5|8
18.4|94.76|1057|399|5.4|5.4|5|8
18.5|94.76|1057|399|5.4|5.4|5|8
18.6|94.79|1057|399|5.4|5.4|5|8
18.7|94.75|1057|399|5.4|5.4|5|8
18.8|94.76|1057|399|5.4|5.4|5|8
18.9|94.78|1057|399|5.4|5.4|5|8
19|94.79|1057|399|5.4|5.4|5|8
19.1|94.75|1057|399|5.4|5.4|5|8
19.2|94.76|1057|399|5.4|5.4|5|8
19.3|94.78|1057|399|5.4|5.4|5|8
19.4|94.78|1057|399|5.4|5.4|5|8
19.5|94.78|1057|399|5.4|5.4|2|8
19.6|94.72|1057|399|5.4|5.4|2|8
19.7|94.43|1057|399|5.4|5.4|2|8
19.8|93.94|1067|399|5.4|5.4|2|8
19.9|93.47|1345|400|5.4|5.4|2|8
20|93.06|1786|400|5.4|5.4|3|8
20.1|92.8|1835|400|5.4|5.4|3|8
20.2|92.72|1848|400|5.4|5.4|3|8
20.3|92.63|1851|400|5.4|5.4|3|8
20.4|92.6|1856|400|5.4|5.4|3|8
20.5|92.68|1858|400|5.4|5.4|3|8
20.6|92.62|1866|398|5.4|5.4|3|8
20.7|92.64|1869|396|5.4|5.4|3|8
20.8|92.64|1871|396|5.4|5.4|3|8
20.9|92.63|1871|396|5.4|5.4|3|8
21|92.63|1874|396|5.4|5.4|3|8
21.1|92.67|1876|396|5.4|5.4|3|8
21.2|92.62|1876|395|5.4|5.4|3|8
21.3|92.64|1879|395|5.4|5.4|3|8
21.4|92.64|1879|395|5.4|5.4|3|8
21.5|92.63|1881|395|5.4|5.4|3|8
21.6|92.63|1884|395|5.4|5.4|3|8
21.7|92.63|1884|395|5.4|5.4|3|8
21.8|92.66|1884|395|5.4|5.4|3|8
21.9|92.62|1884|395|5.4|5.4|3|8
22|92.66|1887|395|5.4|5.4|4|8
22.1|92.87|1884|395|5.4|5.4|4|8
22.2|93.26|1851|395|5.4|5.4|4|8
22.3|93.78|1111|395|5.4|5.4|5|8
22.4|94.01|1080|395|5.4|5.4|5|8
22.5|94.12|1075|394|5.4|5.4|5|8
22.6|94.16|1075|394|5.4|5.4|5|8
22.7|94.17|1072|394|5.4|5.4|5|8
22.8|94.17|1072|394|5.4|5.4|5|8
22.9|94.17|1070|394|5.4|5.4|5|8
23|94.17|1070|394|5.4|5.4|5|8
23.1|94.17|1070|394|5.4|5.4|5|8
23.2|94.17|1067|394|5.4|5.4|5|8
23.3|94.21|1067|394|5.4|5.4|5|8
23.4|94.19|1067|394|5.4|5.4|5|8
23.5|94.16|1067|394|5.4|5.4|5|8
23.6|94.12|1067|394|5.4|5.4|5|8
23.7|94.16|1067|394|5.4|5.4|5|8
23.8|94.16|1067|394|5.4|5.4|5|8
23.9|94.16|1067|394|5.4|5.4|5|8
24|94.16|1067|394|5.4|5.4|5|8
24.1|94.17|1067|394|5.4|5.4|5|8
24.2|94.17|1070|394|5.4|5.4|5|8
24.3|94.21|1067|394|5.4|5.4|2|8
24.4|93.96|1067|394|5.4|5.4|2|8
24.5|93.64|1067|394|5.4|5.4|2|8
24.6|93.21|1343|394|5.4|5.4|2|8
24.7|92.8|1820|394|5.4|5.4|3|8
24.8|92.67|1861|394|5.4|5.4|3|8
24.9|92.52|1871|394|5.4|5.4|3|8
25|92.4|1876|394|5.4|5.4|3|8
25.1|92.4|1881|394|5.4|5.4|3|8
25.2|92.45|1881|394|5.4|5.4|3|8
25.3|92.44|1884|394|5.4|5.4|3|8
25.4|92.43|1887|394|5.4|5.4|3|8
25.5|92.43|1889|394|5.4|5.4|3|8
25.6|92.43|1889|394|5.4|5.4|3|8
25.7|92.44|1892|394|5.4|5.4|3|8
25.8|92.44|1892|394|5.4|5.4|3|8
25.9|92.43|1894|394|5.4|5.4|3|8
26|92.44|1894|394|5.4|5.4|3|8
26.1|92.41|1894|394|5.4|5.4|3|8
26.2|92.41|1894|394|5.4|5.4|3|8
26.3|92.44|1897|394|5.4|5.4|3|8
26.4|92.44|1897|394|5.4|5.4|3|8
26.5|92.43|1897|394|5.4|5.4|3|8
26.6|92.43|1897|395|5.4|5.4|3|8
26.7|92.44|1897|394|5.4|5.4|4|8
26.8|92.6|1897|394|5.4|5.4|4|8
26.9|93.13|1513|395|5.4|5.4|4|8
27|93.54|1088|394|5.4|5.4|5|8
27.1|93.76|1080|394|5.4|5.4|5|8
27.2|93.82|1077|394|5.4|5.4|5|8
27.3|93.81|1077|394|5.4|5.4|5|8
27.4|93.82|1075|394|5.4|5.4|5|8
27.5|93.8|1075|394|5.4|5.4|5|8
27.6|93.77|1075|394|5.4|5.4|5|8
27.7|93.77|1072|394|5.4|5.4|5|8
27.8|93.81|1072|394|5.4|5.4|5|8
27.9|93.82|1072|394|5.4|5.4|5|8
28|93.82|1072|394|5.4|5.4|5|8
28.1|93.84|1070|394|5.4|5.4|5|8
28.2|93.82|1070|394|5.4|5.4|5|8
28.3|93.78|1070|394|5.4|5.4|5|8
28.4|93.81|1070|394|5.4|5.4|5|8
28.5|93.82|1070|395|5.4|5.4|5|8
28.6|93.82|1070|395|5.4|5.4|5|8
28.7|93.84|1072|394|5.4|5.4|5|8
28.8|93.86|1070|395|5.4|5.4|5|8
28.9|93.81|1070|395|5.4|5.4|5|8
29|93.82|1070|395|5.4|5.4|2|8
29.1|93.55|1070|395|5.4|5.4|2|8
29.2|93.11|1070|395|5.4|5.4|2|8
29.3|92.7|1740|395|5.4|5.4|3|8
29.4|92.41|1858|395|5.4|5.4|3|8
29.5|92.21|1876|396|5.4|5.4|3|8
29.6|92.15|1884|396|5.4|5.4|3|8
29.7|92.13|1889|396|5.4|5.4|3|8
29.8|92.12|1892|396|5.4|5.4|3|8
29.9|92.11|1894|396|5.4|5.4|3|8
30|92.13|1897|396|5.4|5.4|3|8
30.1|92.15|1899|396|5.4|5.4|3|8
30.2|92.12|1902|396|5.4|5.4|3|8
30.3|92.13|1902|396|5.4|5.4|3|8
30.4|92.13|1905|396|5.4|5.4|3|8
30.5|92.13|1905|396|5.4|5.4|3|8
30.6|92.13|1907|396|5.4|5.4|3|8
30.7|92.13|1907|396|5.4|5.4|3|8
30.8|92.12|1907|396|5.4|5.4|3|8
30.9|92.12|1907|396|5.4|5.4|3|8
31|92.13|1907|396|5.4|5.4|3|8
31.1|92.13|1910|396|5.4|5.4|3|8
31.2|92.12|1910|396|5.4|5.4|3|8
31.3|92.13|1910|396|5.4|5.4|4|8
31.4|92.29|1910|396|5.4|5.4|4|8
31.5|92.56|1889|396|5.4|5.4|4|8
31.6|93.07|1186|396|5.4|5.4|5|8
31.7|93.37|1088|396|5.4|5.4|5|8
31.8|93.51|1082|395|5.4|5.4|5|8
31.9|93.57|1080|395|5.4|5.4|5|8
32|93.57|1077|395|5.4|5.4|5|8
32.1|93.57|1075|395|5.4|5.4|5|8
32.2|93.57|1075|395|5.4|5.4|5|8
32.3|93.57|1075|395|5.4|5.4|5|8
32.4|93.57|1072|395|5.4|5.4|5|8
32.5|93.55|1072|395|5.4|5.4|5|8
32.6|93.5|1070|395|5.4|5.4|5|8
32.7|93.57|1072|396|5.4|5.4|5|8
32.8|93.61|1070|395|5.4|5.4|5|8
32.9|93.57|1070|395|5.4|5.4|5|8
33|93.54|1070|395|5.4|5.4|5|8
33.1|93.57|1070|395|5.4|5.4|5|8
33.2|93.58|1070|395|5.4|5.4|5|8
33.3|93.6|1070|395|5.4|5.4|5|8
33.4|93.54|1070|396|5.4|5.4|5|8
33.5|93.57|1070|396|5.4|5.4|5|8
33.6|93.54|1070|396|5.4|5.4|2|8
33.7|93.55|1070|396|5.4|5.4|2|8
33.8|93.18|1072|396|5.4|5.4|2|8
33.9|92.7|1173|396|5.4|5.4|2|8
34|92.29|1822|396|5.4|5.4|3|8
34.1|92.08|1876|396|5.4|5.4|3|8
34.2|91.97|1889|396|5.4|5.4|3|8
34.3|91.9|1894|396|5.4|5.4|3|8
34.4|91.88|1899|396|5.4|5.4|3|8
34.5|91.84|1905|396|5.4|5.4|3|8
34.6|91.85|1907|396|5.4|5.4|3|8
34.7|91.8|1910|396|5.4|5.4|3|8
34.8|91.8|1912|396|5.4|5.4|3|8
34.9|91.81|1915|396|5.4|5.4|3|8
35|91.85|1915|396|5.4|5.4|3|8
35.1|91.88|1918|396|5.4|5.4|3|8
35.2|91.85|1918|396|5.4|5.4|3|8
35.3|91.8|1918|396|5.4|5.4|3|8
35.4|91.82|1920|396|5.4|5.4|3|8
35.5|91.86|1920|396|5.4|5.4|3|8
35.6|91.85|1920|396|5.4|5.4|3|8
35.7|91.82|1920|396|5.4|5.4|3|8
35.8|91.81|1920|396|5.4|5.4|3|8
35.9|91.85|1920|396|5.4|5.4|3|8
36|91.81|1920|396|5.4|5.4|4|8
36.1|92|1920|396|5.4|5.4|4|8
36.2|92.49|1802|396|5.4|5.4|4|8
36.3|92.87|1101|396|5.4|5.4|2|8
36.4|92.9|1082|396|5.4|5.4|2|8
36.5|92.91|1080|396|5.4|5.4|2|8
36.6|92.8|1080|396|5.4|5.4|2|8
36.7|92.8|1077|396|5.4|5.4|2|8
36.8|92.76|1077|396|5.4|5.4|2|8
36.9|92.63|1077|396|5.4|5.4|2|8
37|92.64|1075|396|5.4|5.4|2|8
37.1|92.6|1075|396|5.4|5.4|2|8
37.2|92.51|1095|396|5.4|5.4|2|8
37.3|92.39|1103|396|5.4|5.4|2|8
37.4|92.41|1211|396|5.4|5.4|2|8
37.5|92.39|1268|397|5.4|5.4|2|8
37.6|92.19|1170|396|5.4|5.4|2|8
37.7|92.15|1180|396|5.4|5.4|2|8
37.8|92.09|1740|396|5.4|5.4|2|8
37.9|92.16|1768|397|5.4|5.4|2|8
38|92.33|1763|397|5.4|5.4|2|8
38.1|92.48|1750|397|5.4|5.4|2|8
38.2|92.63|1683|397|5.4|5.4|2|8
38.3|92.83|1103|396|5.4|5.4|2|8
38.4|92.9|1080|396|5.4|5.4|2|8
38.5|92.94|1077|396|5.4|5.4|2|8
38.6|92.91|1075|396|5.4|5.4|2|8
38.7|92.82|1075|396|5.4|5.4|2|8
38.8|92.79|1072|396|5.4|5.4|2|8
38.9|92.75|1072|396|5.4|5.4|2|8
39|92.63|1085|396|5.4|5.4|2|8
39.1|92.64|1072|396|5.4|5.4|2|8
39.2|92.6|1126|396|5.4|5.4|2|8
39.3|92.51|1075|396|5.4|5.4|2|8
39.4|92.4|1085|396|5.4|5.4|2|8
39.5|92.41|1108|396|5.4|5.4|2|8
39.6|92.4|1108|396|5.4|5.4|2|8
39.7|92.2|1142|398|5.4|5.4|2|8
39.8|92.13|1111|396|5.4|5.4|2|8
39.9|92.08|1314|396|5.4|5.4|2|8
40|92.08|1616|397|5.4|5.4|2|8
40.1|92.02|1740|397|5.4|5.4|2|8
40.2|92.11|1727|398|5.4|5.4|2|8
40.3|92.33|1670|398|5.4|5.4|2|8
40.4|92.56|1116|398|5.4|5.4|2|8
40.5|92.58|1077|396|5.4|5.4|2|8
40.6|92.6|1072|396|5.4|5.4|2|8
40.7|92.55|1072|396|5.4|5.4|2|8
40.8|92.45|1070|396|5.4|5.4|2|8
40.9|92.37|1072|396|5.4|5.4|2|8
41|92.39|1070|396|5.4|5.4|2|8
41.1|92.36|1070|396|5.4|5.4|2|8
41.2|92.23|1119|396|5.4|5.4|2|8
41.3|92.17|1070|396|5.4|5.4|2|8
41.4|92.08|1075|396|5.4|5.4|2|8
41.5|92.11|1072|396|5.4|5.4|2|8
41.6|92.08|1222|398|5.4|5.4|2|8
41.7|91.97|1124|398|5.4|5.4|2|8
41.8|91.92|1273|398|5.4|5.4|2|8
41.9|91.85|1474|398|5.4|5.4|2|8
42|91.76|1508|398|5.4|5.4|2|8
42.1|91.78|1082|398|5.4|5.4|2|8
42.2|91.84|1072|397|5.4|5.4|2|8
42.3|91.84|1070|397|5.4|5.4|2|8
42.4|91.77|1271|397|5.4|5.4|2|8
42.5|91.72|1642|398|5.4|5.4|2|8
42.6|91.77|1317|398|5.4|5.4|2|8
42.7|91.86|1077|398|5.4|5.4|2|8
42.8|91.84|1070|397|5.4|5.4|2|8
42.9|91.92|1067|397|5.4|5.4|2|8
43|91.84|1067|396|5.4|5.4|2|8
43.1|91.72|1101|396|5.4|5.4|2|8
43.2|91.66|1291|398|5.4|5.4|2|8
43.3|91.58|1152|398|5.4|5.4|2|8
43.4|91.58|1387|398|5.4|5.4|2|8
43.5|91.5|1379|398|5.4|5.4|2|8
43.6|91.46|1294|398|5.4|5.4|2|8
43.7|91.39|1291|398|5.4|5.4|2|8
43.8|91.34|1216|398|5.4|5.4|2|8
43.9|91.27|1170|398|5.4|5.4|2|8
44|91.22|1204|397|5.4|5.4|2|8
44.1|91.03|1193|396|5.4|5.4|2|8
44.2|91.05|1103|396|5.4|5.4|2|8
44.3|90.99|1235|397|5.4|5.4|2|8
44.4|90.88|1263|396|5.4|5.4|2|8
44.5|90.86|1196|397|5.4|5.4|2|8
44.6|90.78|1309|398|5.4|5.4|2|8
44.7|90.63|1216|398|5.4|5.4|2|8
44.8|90.64|1095|397|5.4|5.4|2|8
44.9|90.56|1160|396|5.4|5.4|2|8
45|90.47|1188|397|5.4|5.4|2|8
45.1|90.36|1351|398|5.4|5.4|2|8
45.2|90.33|1209|398|5.4|5.4|2|8
45.3|90.23|1191|398|5.4|5.4|2|8
45.4|90.15|1361|398|5.4|5.4|2|8
45.5|90.01|1196|398|5.4|5.4|2|8
45.6|89.99|1191|398|5.4|5.4|2|8
45.7|89.88|1095|398|5.4|5.4|2|8
45.8|89.78|1137|398|5.4|5.4|2|8
45.9|89.72|1160|397|5.4|5.4|2|8
46|89.57|1155|398|5.4|5.4|2|8
46.1|89.5|1173|398|5.4|5.4|2|8
46.2|89.45|1186|397|5.4|5.4|2|8
46.3|89.31|1183|398|5.4|5.4|2|8
46.4|89.18|1216|397|5.4|5.4|2|8
46.5|89.15|1160|397|5.4|5.4|2|8
46.6|89.03|1139|398|5.4|5.4|2|8
46.7|88.87|1191|397|5.4|5.4|2|8
46.8|88.84|1152|397|5.4|5.4|2|8
46.9|88.72|1284|397|5.4|5.4|2|8
47|88.62|1250|398|5.4|5.4|2|8
47.1|88.51|1299|398|5.4|5.4|2|8
47.2|88.39|1255|396|5.4|5.4|2|8
47.3|88.23|1227|397|5.4|5.4|2|8
47.4|88.21|1201|398|5.4|5.4|2|8
47.5|88.05|1188|398|5.4|5.4|2|8
47.6|87.92|1206|398|5.4|5.4|2|8
47.7|87.85|1178|398|5.4|5.4|2|8
47.8|87.68|1214|397|5.4|5.4|2|8
47.9|87.53|1258|397|5.4|5.4|2|8
48|87.41|1284|397|5.4|5.4|2|8
48.1|87.3|1193|398|5.4|5.4|2|8
48.2|87.17|1198|397|5.4|5.4|2|8
48.3|87.09|1173|398|5.4|5.4|2|8
48.4|86.91|1201|397|5.4|5.4|2|8
48.5|86.75|1211|398|5.4|5.4|2|8
48.6|86.67|1296|398|5.4|5.4|2|8
48.7|86.55|1242|398|5.4|5.4|2|8
48.8|86.4|1191|397|5.4|5.4|2|8
48.9|86.23|1286|398|5.4|5.4|2|8
49|86.08|1229|398|5.4|5.4|2|8
49.1|85.91|1209|398|5.4|5.4|2|8
49.2|85.82|1214|397|5.4|5.4|2|8
49.3|85.6|1201|397|5.4|5.4|2|8
49.4|85.46|1245|396|5.4|5.4|2|8
49.5|85.29|1345|397|5.4|5.4|2|8
49.6|85.15|1363|397|5.4|5.4|2|8
49.7|84.98|1209|397|5.4|5.4|2|8
49.8|84.8|1286|397|5.4|5.4|2|8
49.9|84.63|1271|398|5.4|5.4|2|8
50|84.44|1348|398|5.4|5.4|2|8
50.1|84.31|1289|398|5.4|5.4|2|8
50.2|84.16|1351|398|5.4|5.4|2|8
50.3|83.91|1191|398|5.4|5.4|2|8
50.4|83.8|1206|398|5.4|5.4|2|8
50.5|83.58|1276|398|5.4|5.4|2|8
50.6|83.37|1278|398|5.4|5.4|2|8
50.7|83.18|1397|397|5.4|5.4|2|8
50.8|83.03|1168|397|5.4|5.4|2|8
50.9|82.35|1760|397|5.4|5.4|6|8
51|80|1946|397|5.4|5.4|6|8
51.1|77.25|402|397|5.4|5.4|7|8
51.2|74.77|0|395|5.4|5.4|7|8
51.3|73.28|0|394|5.4|5.4|7|8
51.4|72.59|0|394|5.4|5.4|7|8
51.5|72.34|0|394|5.4|5.4|7|8
51.6|72.18|0|394|5.4|5.4|7|8
51.7|72.03|0|394|5.4|5.4|7|8
51.8|72.02|0|394|5.4|5.4|7|8
51.9|72.02|0|394|5.4|5.4|7|8
52|72.06|0|394|5.4|5.4|7|8
52.1|72.07|0|394|5.4|5.4|7|8
52.2|72|0|394|5.4|5.4|7|8
52.3|72.03|0|394|5.4|5.4|7|8
52.4|72.06|0|394|5.4|5.4|7|8
52.5|72.03|0|394|5.4|5.4|7|8
52.6|72.03|0|394|5.4|5.4|7|8
52.7|72.02|0|394|5.4|5.4|7|8
52.8|71.99|0|394|5.4|5.4|7|8
52.9|72.04|0|394|5.4|5.4|7|8
53|72.07|0|394|5.4|5.4|7|8
53.1|72.02|0|394|5.4|5.4|7|8
53.2|71.99|0|394|5.4|5.4|7|8
53.3|72.04|0|394|5.4|5.4|7|8
53.4|72.06|0|394|5.4|5.4|7|8
53.5|72.02|0|394|5.4|5.4|7|8
53.6|71.99|0|394|5.4|5.4|7|8
53.7|71.99|0|394|5.4|5.4|7|8
53.8|71.99|0|394|5.4|5.4|7|8
53.9|72.02|0|394|5.4|5.4|7|8
54|72.04|0|394|5.4|5.4|7|8
54.1|72|0|394|5.4|5.4|7|8
54.2|71.99|0|394|5.4|5.4|7|8
54.3|72.03|0|394|5.4|5.4|7|8
54.4|72.06|0|394|5.4|5.4|7|8
54.5|72.02|0|394|5.4|5.4|7|8
54.6|72|0|394|5.4|5.4|7|8
54.7|72|0|394|5.4|5.4|7|8
54.8|71.99|0|394|5.4|5.4|7|8
54.9|72.03|0|394|5.4|5.4|7|8
55|72.03|0|394|5.4|5.4|7|8
55.1|72.02|0|394|5.4|5.4|7|8
55.2|72.02|0|394|5.4|5.4|7|8
55.3|72.03|0|394|5.4|5.4|7|8
55.4|72.04|0|394|5.4|5.4|7|8
55.5|72.04|0|394|5.4|5.4|7|8
55.6|72.02|0|394|5.4|5.4|7|8
55.7|72.02|0|394|5.4|5.4|7|8
55.8|72.02|0|394|5.4|5.4|7|8
55.9|72.02|0|394|5.4|5.4|7|8
56|72.06|0|394|5.4|5.4|7|8
56.1|72.07|0|394|5.4|5.4|7|8
56.2|72.03|0|394|5.4|5.4|7|8
56.3|72.03|0|394|5.4|5.4|7|8
56.4|72|0|394|5.4|5.4|7|8
56.5|72|0|394|5.4|5.4|7|8
56.6|71.96|0|394|5.4|5.4|7|8
56.7|71.94|0|394|5.4|5.4|7|8
56.8|71.98|0|394|5.4|5.4|7|8
56.9|71.99|0|394|5.4|5.4|7|8
57|71.99|0|394|5.4|5.4|7|8
57.1|72|0|394|5.4|5.4|7|8
57.2|72|0|394|5.4|5.4|7|8
57.3|72.02|0|394|5.4|5.4|7|8
57.4|72.03|0|394|5.4|5.4|7|8
57.5|72.04|0|394|5.4|5.4|7|8
57.6|72.04|0|394|5.4|5.4|7|8
57.7|72.02|0|394|5.4|5.4|7|8
57.8|72.02|0|394|5.4|5.4|7|8
57.9|71.98|0|394|5.4|5.4|7|8
58|71.95|0|394|5.4|5.4|7|8
58.1|71.96|0|394|5.4|5.4|7|8
58.2|71.99|0|394|5.4|5.4|7|8
58.3|71.98|0|394|5.4|5.4|7|8
58.4|71.99|0|394|5.4|5.4|7|8
58.5|71.99|0|393|5.4|5.4|7|8
58.6|72.02|0|393|5.4|5.4|7|8
58.7|72.03|0|393|5.4|5.4|7|8
58.8|72.04|0|393|5.4|5.4|7|8
58.9|72.02|0|393|5.4|5.4|7|8
59|72.02|0|393|5.4|5.4|7|8
59.1|71.99|0|393|5.4|5.4|7|8
59.2|71.94|0|393|5.4|5.4|7|8
59.3|71.95|0|393|5.4|5.4|7|8
59.4|71.96|0|393|5.4|5.4|7|8
59.5|71.99|0|393|5.4|5.4|7|8
59.6|71.99|0|393|5.4|5.4|7|8
59.7|71.99|0|393|5.4|5.4|7|8
59.8|71.99|0|393|5.4|5.4|7|8
59.9|71.99|0|393|5.4|5.4|7|8
60|72|0|393|5.4|5.4|7|8
60.1|72.06|0|393|5.4|5.4|7|8
60.2|72.06|0|393|5.4|5.4|7|8
60.3|72.02|0|393|5.4|5.4|7|8
60.4|71.99|0|393|5.4|5.4|7|8
60.5|72|0|393|5.4|5.4|7|8
60.6|72|0|393|5.4|5.4|7|8
60.7|72|0|393|5.4|5.4|7|8
60.8|72|0|393|5.4|5.4|7|8
60.9|72|0|393|5.4|5.4|7|8
61|72|0|393|5.4|5.4|7|8
61.1|72|0|393|5.4|5.4|7|8
61.2|72|0|393|5.4|5.4|7|8
61.3|72|0|393|5.4|5.4|7|8
61.4|71.99|0|393|5.4|5.4|7|8
61.5|72|0|393|5.4|5.4|7|8
61.6|71.99|0|393|5.4|5.4|7|8
61.7|72|0|393|5.4|5.4|7|8
61.8|71.99|0|393|5.4|5.4|7|8
61.9|72.02|0|393|5.4|5.4|7|8
62|71.98|0|393|5.4|5.4|7|8
62.1|71.96|0|393|5.4|5.4|7|8
62.2|71.95|0|393|5.4|5.4|7|8
62.3|71.95|0|393|5.4|5.4|7|8
62.4|71.96|0|393|5.4|5.4|7|8
62.5|71.96|0|393|5.4|5.4|7|8
62.6|71.96|0|401|5.4|5.4|7|8
62.7|71.98|0|406|5.4|5.4|7|8
62.8|71.99|0|408|5.4|5.4|7|8
62.9|72.03|0|408|5.4|5.4|7|8
63|72.04|0|408|5.4|5.4|7|8
63.1|72.02|0|408|5.4|5.4|7|8
63.2|71.99|0|408|5.4|5.4|7|8
63.3|71.99|0|408|5.4|5.4|7|8
63.4|71.99|0|408|5.4|5.4|7|8
63.5|71.99|0|408|5.4|5.4|7|8
63.6|71.99|0|408|5.4|5.4|7|8
63.7|71.99|0|408|5.4|5.4|7|8
63.8|71.99|0|408|5.4|5.4|7|8
63.9|71.99|0|408|5.4|5.4|7|8
64|71.99|0|408|5.4|5.4|7|8
64.1|71.99|0|408|5.4|5.4|8|8
64.2|71.98|0|408|5.4|5.4|8|8
64.3|71.8|0|408|5.4|5.4|8|8
64.4|71.92|0|408|5.4|5.4|8|8
64.5|71.91|0|408|5.4|5.4|8|8
64.6|71.92|0|408|5.4|5.4|8|8
64.7|71.92|0|408|5.4|5.4|8|8
64.8|71.91|0|408|5.4|5.4|8|8
64.9|71.92|0|408|5.4|5.4|8|8
65|71.96|0|408|5.3|5.3|8|8
65.1|71.96|0|408|5.3|5.3|8|8
65.2|71.99|0|408|5.3|5.3|8|8
65.3|71.89|0|408|5.3|5.3|8|8
65.4|71.92|0|408|5.3|5.3|8|8
65.5|71.91|0|408|5.2|5.2|8|8
65.6|71.92|0|408|5.3|5.3|8|8
65.7|71.95|0|408|5.2|5.2|8|8
65.8|71.89|0|408|5.2|5.2|8|8
65.9|71.99|0|408|5.2|5.2|8|8
66|71.92|0|408|5.2|5.2|8|8
66.1|71.95|0|408|5.2|5.2|8|8
66.2|74.18|0|408|5.2|5.2|8|8
66.3|77.21|0|408|5.2|5.2|8|8
66.4|80.24|0|408|5.2|5.2|8|8
66.5|83.21|0|408|5.2|5.2|8|8
66.6|86.16|0|408|5.2|5.2|8|8
66.7|89.05|0|408|5.2|5.2|8|8
66.8|92.02|0|408|5.2|5.2|8|8
66.9|94.39|0|408|5.2|5.2|8|8
67|95.37|0|408|5.2|5.2|8|8
67.1|95.77|0|408|5.2|5.2|8|8
