0|96.08|1072|408|5.1|5.1|1|8
0.1|96.06|1023|411|5.1|5.1|1|8
0.2|96.06|1023|411|5.1|5.1|1|8
0.3|96.08|1023|412|5.1|5.1|1|8
0.4|96.06|1039|412|5.1|5.1|1|8
0.5|96.09|1049|412|5.1|5.1|2|8
0.6|95.77|1469|412|5.1|5.1|2|8
0.7|95.43|1668|413|5.1|5.1|3|8
0.8|95.33|1693|414|5.1|5.1|3|8
0.9|95.17|1701|414|5.1|5.1|3|8
1|95.12|1709|415|5.1|5.1|3|8
1.1|95.12|1714|415|5.1|5.1|3|8
1.2|95.14|1719|415|5.1|5.1|3|8
1.3|95.19|1722|415|5.1|5.1|3|8
1.4|95.15|1727|415|5.1|5.1|3|8
1.5|95.15|1729|415|5.1|5.1|3|8
1.6|95.14|1735|415|5.1|5.1|3|8
1.7|95.04|1737|415|5.1|5.1|3|8
1.8|95.15|1737|415|5.1|5.1|3|8
1.9|95.08|1737|415|5.1|5.1|3|8
2|95.14|1737|415|5.1|5.1|3|8
2.1|95.07|1740|415|5.1|5.1|3|8
2.2|95.14|1740|415|5.1|5.1|3|8
2.3|95.07|1742|415|5.1|5.1|3|8
2.4|95.12|1745|415|5.1|5.1|3|8
2.5|95.07|1745|415|5.1|5.1|3|8
2.6|95.12|1750|415|5.1|5.1|3|8
2.7|95.08|1753|415|5.1|5.1|4|8
2.8|95.31|1753|415|5.1|5.1|4|8
2.9|95.8|1675|415|5.1|5.1|4|8
3|96.32|1067|414|5.1|5.1|5|8
3.1|96.55|1041|412|5.2|5.2|5|8
3.2|96.59|1039|412|5.2|5.2|5|8
3.3|96.6|1039|412|5.2|5.2|5|8
3.4|96.7|1039|412|5.2|5.2|5|8
3.5|96.74|1036|412|5.2|5.2|5|8
3.6|96.63|1039|412|5.2|5.2|5|8
3.7|96.74|1039|412|5.2|5.2|5|8
3.8|96.65|1039|412|5.2|5.2|5|8
3.9|96.72|1039|412|5.2|5.2|5|8
4|96.7|1036|412|5.2|5.2|5|8
4.1|96.65|1039|412|5.2|5.2|5|8
4.2|96.7|1039|412|5.2|5.2|5|8
4.3|96.7|1039|412|5.2|5.2|5|8
4.4|96.7|1039|412|5.2|5.2|5|8
4.5|96.7|1036|412|5.2|5.2|5|8
4.6|96.7|1036|412|5.2|5.2|5|8
4.7|96.7|1036|412|5.2|5.2|5|8
4.8|96.7|1036|412|5.2|5.2|5|8
4.9|96.71|1034|412|5.2|5.2|5|8
5|96.7|1034|412|5.2|5.2|2|8
5.1|96.56|1036|412|5.2|5.2|2|8
5.2|96.2|1036|412|5.2|5.2|2|8
5.3|95.69|1111|412|5.2|5.2|2|8
5.4|95.23|1531|413|5.2|5.2|2|8
5.5|94.87|1737|415|5.2|5.2|3|8
5.6|94.75|1755|416|5.2|5.2|3|8
5.7|94.61|1763|416|5.2|5.2|3|8
5.8|94.51|1768|416|5.2|5.2|3|8
5.9|94.56|1771|416|5.2|5.2|3|8
6|94.53|1773|416|5.2|5.2|3|8
6.1|94.51|1776|416|5.2|5.2|3|8
6.2|94.51|1776|416|5.2|5.2|3|8
6.3|94.51|1778|416|5.2|5.2|3|8
6.4|94.52|1781|416|5.2|5.2|3|8
6.5|94.51|1781|416|5.2|5.2|3|8
6.6|94.52|1784|416|5.2|5.2|3|8
6.7|94.53|1786|416|5.2|5.2|3|8
6.8|94.55|1786|416|5.2|5.2|3|8
6.9|94.45|1789|416|5.2|5.2|3|8
7|94.48|1789|416|5.2|5.2|3|8
7.1|94.52|1791|416|5.2|5.2|3|8
7.2|94.51|1791|416|5.2|5.2|3|8
7.3|94.45|1794|416|5.2|5.2|3|8
7.4|94.51|1794|416|5.2|5.2|3|8
7.5|94.49|1794|416|5.2|5.2|4|8
7.6|94.78|1791|416|5.2|5.2|4|8
7.7|95.23|1750|416|5.2|5.2|4|8
7.8|95.82|1196|416|5.2|5.2|5|8
7.9|96.1|1052|414|5.2|5.2|5|8
8|96.23|1046|413|5.2|5.2|5|8
8.1|96.32|1046|413|5.2|5.2|5|8
8.2|96.39|1046|413|5.2|5.2|5|8
8.3|96.36|1046|413|5.2|5.2|5|8
8.4|96.36|1046|413|5.2|5.2|5|8
8.5|96.36|1046|413|5.3|5.2|5|8
8.6|96.35|1046|413|5.2|5.2|5|8
8.7|96.35|1046|413|5.2|5.2|5|8
8.8|96.33|1044|413|5.2|5.2|5|8
8.9|96.32|1044|413|5.2|5.2|5|8
9|96.33|1044|413|5.2|5.2|5|8
9.1|96.35|1044|413|5.2|5.2|5|8
9.2|96.39|1044|413|5.2|5.2|5|8
9.3|96.36|1046|413|5.2|5.2|5|8
9.4|96.35|1046|413|5.2|5.2|5|8
9.5|96.31|1046|413|5.2|5.2|5|8
9.6|96.32|1046|413|5.2|5.2|5|8
9.7|96.35|1046|413|5.2|5.2|5|8
9.8|96.39|1046|413|5.2|5.2|2|8
9.9|96.29|1046|413|5.2|5.2|2|8
10|95.93|1046|413|5.2|5.2|2|8
10.1|95.51|1070|413|5.2|5.2|2|8
10.2|95.1|1255|414|5.2|5.2|2|8
10.3|94.67|1644|416|5.2|5.2|3|8
10.4|94.32|1771|417|5.2|5.2|3|8
10.5|94.04|1786|417|5.2|5.2|3|8
10.6|94.01|1794|418|5.2|5.2|3|8
10.7|93.97|1814|405|5.2|5.2|3|8
10.8|93.98|1820|398|5.2|5.2|3|8
10.9|93.94|1822|396|5.2|5.2|3|8
11|93.97|1825|395|5.2|5.2|3|8
11.1|93.97|1827|394|5.2|5.2|3|8
11.2|93.94|1832|394|5.2|5.2|3|8
11.3|93.98|1832|394|5.2|5.2|3|8
11.4|93.96|1832|394|5.2|5.2|3|8
11.5|93.94|1835|394|5.2|5.2|3|8
11.6|93.97|1835|394|5.2|5.2|3|8
11.7|93.96|1835|394|5.2|5.2|3|8
11.8|93.96|1838|394|5.2|5.2|3|8
11.9|93.94|1838|394|5.2|5.2|3|8
12|93.94|1840|394|5.2|5.2|3|8
12.1|93.96|1840|394|5.2|5.2|3|8
12.2|93.94|1840|394|5.2|5.2|3|8
12.3|93.94|1840|394|5.2|5.2|4|8
12.4|94.02|1840|394|5.2|5.2|4|8
12.5|94.36|1830|394|5.2|5.2|4|8
12.6|94.83|1523|395|5.2|5.2|4|8
12.7|95.25|1077|394|5.2|5.2|5|8
12.8|95.42|1070|394|5.3|5.2|5|8
12.9|95.5|1067|394|5.2|5.2|5|8
13|95.47|1070|394|5.2|5.2|5|8
13.1|95.57|1067|394|5.3|5.2|5|8
13.2|95.59|1067|394|5.2|5.3|5|8
13.3|95.46|1067|394|5.3|5.2|5|8
13.4|95.59|1067|394|5.2|5.2|5|8
13.5|95.5|1067|394|5.2|5.2|5|8
13.6|95.55|1067|394|5.2|5.2|5|8
13.7|95.61|1067|394|5.3|5.3|5|8
13.8|95.51|1067|394|5.3|5.2|5|8
13.9|95.57|1067|394|5.3|5.3|5|8
14|95.58|1067|394|5.3|5.2|5|8
14.1|95.5|1067|394|5.3|5.3|5|8
14.2|95.57|1067|394|5.2|5.3|5|8
14.3|95.57|1067|394|5.3|5.3|5|8
14.4|95.57|1067|394|5.3|5.3|5|8
14.5|95.54|1067|394|5.3|5.3|5|8
14.6|95.51|1067|394|5.3|5.3|5|8
14.7|95.57|1067|394|5.3|5.3|2|8
14.8|95.3|1067|394|5.3|5.3|2|8
14.9|94.87|1067|394|5.3|5.3|2|8
15|94.44|1325|394|5.3|5.3|2|8
15.1|94.01|1791|395|5.3|5.3|3|8
15.2|93.86|1820|395|5.3|5.3|3|8
15.3|93.66|1827|395|5.3|5.3|3|8
15.4|93.66|1832|395|5.3|5.3|3|8
15.5|93.55|1838|395|5.3|5.3|3|8
15.6|93.55|1840|395|5.3|5.3|3|8
15.7|93.6|1843|395|5.3|5.3|3|8
15.8|93.64|1843|395|5.3|5.3|3|8
15.9|93.58|1845|395|5.3|5.3|3|8
16|93.64|1848|395|5.3|5.3|3|8
16.1|93.6|1848|395|5.3|5.3|3|8
16.2|93.58|1851|395|5.3|5.3|3|8
16.3|93.61|1851|395|5.3|5.3|3|8
16.4|93.6|1851|395|5.3|5.3|3|8
16.5|93.58|1851|395|5.3|5.3|3|8
16.6|93.6|1853|395|5.3|5.3|3|8
16.7|93.64|1853|395|5.3|5.3|3|8
16.8|93.58|1853|395|5.3|5.3|3|8
16.9|93.58|1856|395|5.3|5.3|3|8
17|93.6|1856|395|5.3|5.3|3|8
17.1|93.58|1856|395|5.3|5.3|4|8
17.2|93.82|1856|395|5.3|5.3|4|8
17.3|94.31|1745|395|5.3|5.3|4|8
17.4|94.7|1093|395|5.3|5.3|5|8
17.5|94.92|1077|394|5.3|5.3|5|8
17.6|95.14|1077|394|5.3|5.3|5|8
17.7|95.08|1075|394|5.3|5.3|5|8
17.8|95.12|1075|394|5.3|5.3|5|8
17.9|95.15|1075|394|5.3|5.3|5|8
18|95.08|1072|394|5.3|5.3|5|8
18.1|95.11|1072|394|5.3|5.3|5|8
18.2|95.14|1072|394|5.3|5.3|5|8
18.3|95.08|1072|394|5.3|5.3|5|8
18.4|95.1|1072|394|5.3|5.3|5|8
18.5|95.11|1072|394|5.3|5.3|5|8
18.6|95.1|1072|394|5.3|5.3|5|8
18.7|95.12|1072|394|5.3|5.3|5|8
18.8|95.11|1070|394|5.3|5.3|5|8
18.9|95.06|1072|394|5.3|5.3|5|8
19|95.1|1072|394|5.3|5.3|5|8
19.1|95.11|1072|394|5.3|5.3|5|8
19.2|95.12|1070|394|5.3|5.3|5|8
19.3|95.11|1070|394|5.3|5.3|5|8
19.4|95.07|1072|394|5.3|5.3|2|8
19.5|94.84|1072|394|5.3|5.3|2|8
19.6|94.52|1072|394|5.3|5.3|2|8
19.7|94.06|1278|394|5.3|5.3|2|8
19.8|93.62|1809|394|5.3|5.3|3|8
19.9|93.39|1838|395|5.3|5.3|3|8
20|93.26|1845|395|5.3|5.3|3|8
20.1|93.15|1851|395|5.3|5.3|3|8
20.2|93.23|1856|395|5.3|5.3|3|8
20.3|93.18|1858|395|5.3|5.3|3|8
20.4|93.21|1861|395|5.3|5.3|3|8
20.5|93.22|1863|395|5.3|5.3|3|8
20.6|93.22|1863|395|5.3|5.3|3|8
20.7|93.21|1866|395|5.3|5.3|3|8
20.8|93.21|1866|395|5.3|5.3|3|8
20.9|93.21|1869|395|5.3|5.3|3|8
21|93.19|1869|395|5.3|5.3|3|8
21.1|93.21|1869|394|5.3|5.3|3|8
21.2|93.21|1869|394|5.3|5.3|3|8
21.3|93.22|1869|395|5.3|5.3|3|8
21.4|93.19|1871|394|5.3|5.3|3|8
21.5|93.21|1871|394|5.3|5.3|3|8
21.6|93.19|1871|395|5.3|5.3|3|8
21.7|93.19|1871|394|5.3|5.3|3|8
21.8|93.23|1874|394|5.3|5.3|4|8
21.9|93.43|1871|394|5.3|5.3|4|8
22|93.85|1809|395|5.3|5.3|4|8
22.1|94.32|1119|394|5.3|5.3|5|8
22.2|94.6|1082|394|5.3|5.3|5|8
22.3|94.72|1080|394|5.3|5.3|5|8
22.4|94.74|1080|394|5.3|5.3|5|8
22.5|94.67|1080|394|5.3|5.3|5|8
22.6|94.67|1080|394|5.3|5.3|5|8
22.7|94.72|1077|394|5.3|5.3|5|8
22.8|94.76|1077|394|5.3|5.3|5|8
22.9|94.76|1077|394|5.3|5.3|5|8
23|94.82|1075|394|5.3|5.3|5|8
23.1|94.74|1075|394|5.3|5.3|5|8
23.2|94.76|1075|394|5.3|5.3|5|8
23.3|94.76|1077|394|5.3|5.3|5|8
23.4|94.76|1075|394|5.3|5.3|5|8
23.5|94.78|1075|394|5.3|5.3|5|8
23.6|94.74|1075|394|5.3|5.3|5|8
23.7|94.75|1075|394|5.3|5.3|5|8
23.8|94.75|1075|394|5.3|5.3|5|8
23.9|94.74|1075|394|5.3|5.3|5|8
24|94.75|1075|394|5.3|5.3|5|8
24.1|94.76|1075|394|5.3|5.3|2|8
24.2|94.67|1075|394|5.3|5.3|2|8
24.3|94.31|1075|394|5.3|5.3|2|8
24.4|93.84|1222|394|5.3|5.3|2|8
24.5|93.41|1809|394|5.3|5.3|3|8
24.6|93.18|1843|394|5.3|5.3|3|8
24.7|93.04|1856|394|5.3|5.3|3|8
24.8|93.09|1861|394|5.3|5.3|3|8
24.9|92.96|1866|394|5.3|5.3|3|8
25|93|1871|394|5.3|5.3|3|8
25.1|92.96|1876|394|5.3|5.3|3|8
25.2|92.92|1879|394|5.3|5.3|3|8
25.3|92.95|1879|394|5.3|5.3|3|8
25.4|92.95|1881|394|5.3|5.3|3|8
25.5|92.95|1881|394|5.3|5.3|3|8
25.6|92.92|1884|394|5.3|5.3|3|8
25.7|92.94|1884|394|5.3|5.3|3|8
25.8|92.94|1887|394|5.3|5.3|3|8
25.9|92.95|1887|394|5.3|5.3|3|8
26|92.98|1887|394|5.3|5.3|3|8
26.1|92.94|1887|394|5.3|5.3|3|8
26.2|92.95|1889|394|5.3|5.3|3|8
26.3|92.99|1889|394|5.3|5.3|3|8
26.4|92.96|1889|394|5.3|5.3|3|8
26.5|92.92|1889|394|5.3|5.3|4|8
26.6|93.14|1889|394|5.3|5.3|4|8
26.7|93.6|1843|394|5.3|5.3|4|8
26.8|94.13|1155|395|5.3|5.3|5|8
26.9|94.32|1088|394|5.3|5.3|5|8
27|94.44|1085|394|5.3|5.3|5|8
27.1|94.51|1085|394|5.3|5.3|5|8
27.2|94.52|1082|394|5.3|5.3|5|8
27.3|94.53|1082|394|5.3|5.3|5|8
27.4|94.53|1082|394|5.3|5.3|5|8
27.5|94.55|1082|394|5.3|5.3|5|8
27.6|94.64|1080|394|5.3|5.3|5|8
27.7|94.52|1080|394|5.3|5.3|5|8
27.8|94.52|1080|394|5.3|5.3|5|8
27.9|94.53|1080|394|5.3|5.3|5|8
28|94.53|1077|394|5.3|5.3|5|8
28.1|94.52|1080|394|5.3|5.3|5|8
28.2|94.52|1080|394|5.3|5.3|5|8
28.3|94.53|1080|394|5.3|5.3|5|8
28.4|94.55|1080|394|5.3|5.3|5|8
28.5|94.53|1080|394|5.3|5.3|5|8
28.6|94.55|1080|394|5.3|5.3|5|8
28.7|94.55|1077|394|5.3|5.3|5|8
28.8|94.55|1077|394|5.3|5.3|2|8
28.9|94.44|1077|394|5.3|5.3|2|8
29|94.06|1077|394|5.3|5.3|2|8
29.1|93.64|1178|394|5.3|5.3|2|8
29.2|93.21|1796|394|5.3|5.3|3|8
29.3|92.91|1858|394|5.3|5.3|3|8
29.4|92.8|1869|394|5.3|5.3|3|8
29.5|92.78|1876|394|5.3|5.3|3|8
29.6|92.72|1881|394|5.3|5.3|3|8
29.7|92.66|1887|394|5.3|5.3|3|8
29.8|92.75|1889|394|5.3|5.3|3|8
29.9|92.64|1892|394|5.3|5.3|3|8
30|92.78|1894|394|5.3|5.3|3|8
30.1|92.74|1897|394|5.3|5.3|3|8
30.2|92.66|1899|394|5.3|5.3|3|8
30.3|92.75|1899|394|5.3|5.3|3|8
30.4|92.66|1899|394|5.3|5.3|3|8
30.5|92.71|1902|394|5.3|5.3|3|8
30.6|92.68|1899|394|5.3|5.3|3|8
30.7|92.72|1902|394|5.3|5.3|3|8
30.8|92.66|1905|394|5.3|5.3|3|8
30.9|92.72|1905|394|5.3|5.3|3|8
31|92.67|1905|394|5.3|5.3|3|8
31.1|92.7|1905|394|5.3|5.3|3|8
31.2|92.67|1907|394|5.3|5.3|4|8
31.3|92.82|1905|394|5.3|5.3|4|8
31.4|93.23|1876|394|5.3|5.3|4|8
31.5|93.76|1379|395|5.3|5.3|4|8
31.6|94.2|1095|394|5.3|5.3|5|8
31.7|94.31|1088|394|5.3|5.3|5|8
31.8|94.37|1088|394|5.3|5.3|5|8
31.9|94.32|1085|394|5.3|5.3|5|8
32|94.37|1085|394|5.3|5.3|5|8
32.1|94.36|1085|394|5.3|5.3|5|8
32.2|94.37|1082|394|5.3|5.3|5|8
32.3|94.39|1085|394|5.3|5.3|5|8
32.4|94.41|1082|394|5.3|5.3|5|8
32.5|94.43|1080|394|5.3|5.3|5|8
32.6|94.41|1080|394|5.3|5.3|5|8
32.7|94.37|1080|394|5.3|5.3|5|8
32.8|94.39|1080|394|5.3|5.3|5|8
32.9|94.37|1080|394|5.3|5.3|5|8
33|94.4|1080|394|5.3|5.3|5|8
33.1|94.41|1080|394|5.3|5.3|5|8
33.2|94.43|1080|394|5.3|5.3|5|8
33.3|94.4|1080|394|5.3|5.3|5|8
33.4|94.41|1080|394|5.3|5.3|5|8
33.5|94.37|1080|394|5.3|5.3|5|8
33.6|94.37|1080|394|5.3|5.3|2|8
33.7|94.08|1080|394|5.3|5.3|2|8
33.8|93.65|1085|394|5.3|5.3|2|8
33.9|93.22|1649|394|5.3|5.3|3|8
34|92.84|1848|394|5.3|5.3|3|8
34.1|92.71|1874|394|5.3|5.3|3|8
34.2|92.74|1884|394|5.3|5.3|3|8
34.3|92.68|1892|394|5.3|5.3|3|8
34.4|92.51|1897|394|5.3|5.3|3|8
34.5|92.58|1899|394|5.3|5.3|3|8
34.6|92.59|1905|394|5.3|5.3|3|8
34.7|92.49|1907|394|5.3|5.3|3|8
34.8|92.56|1910|394|5.3|5.3|3|8
34.9|92.59|1910|394|5.3|5.3|3|8
35|92.51|1912|394|5.3|5.3|3|8
35.1|92.55|1912|394|5.3|5.3|3|8
35.2|92.56|1912|394|5.3|5.3|3|8
35.3|92.59|1915|394|5.3|5.3|3|8
35.4|92.53|1915|394|5.3|5.3|3|8
35.5|92.55|1915|394|5.3|5.3|3|8
35.6|92.56|1915|395|5.3|5.3|3|8
35.7|92.58|1915|394|5.3|5.3|3|8
35.8|92.52|1915|394|5.3|5.3|3|8
35.9|92.55|1918|394|5.3|5.3|4|8
36|92.59|1918|394|5.3|5.3|4|8
36.1|92.84|1899|394|5.3|5.3|4|8
36.2|93.39|1807|395|5.3|5.3|4|8
36.3|93.77|1111|395|5.3|5.3|2|8
36.4|93.82|1090|394|5.3|5.3|2|8
36.5|93.88|1090|394|5.3|5.3|2|8
36.6|93.94|1088|394|5.3|5.3|2|8
36.7|93.81|1088|394|5.3|5.3|2|8
36.8|93.82|1085|394|5.3|5.3|2|8
36.9|93.62|1085|394|5.3|5.3|2|8
37|93.66|1085|394|5.3|5.3|2|8
37.1|93.55|1085|394|5.3|5.3|2|8
37.2|93.57|1082|394|5.3|5.3|2|8
37.3|93.43|1090|394|5.3|5.3|2|8
37.4|93.41|1082|394|5.3|5.3|2|8
37.5|93.35|1188|394|5.3|5.3|2|8
37.6|93.22|1214|394|5.3|5.3|2|8
37.7|93.14|1088|394|5.3|5.3|2|8
37.8|93.11|1085|394|5.3|5.3|2|8
37.9|93.15|1198|394|5.3|5.3|2|8
38|93.02|1235|395|5.3|5.3|2|8
38.1|93|1168|395|5.3|5.3|2|8
38.2|92.91|1137|394|5.3|5.3|2|8
38.3|92.84|1196|394|5.3|5.3|2|8
38.4|92.78|1485|394|5.3|5.3|2|8
38.5|92.66|1719|395|5.3|5.3|2|8
38.6|92.78|1729|395|5.3|5.3|2|8
38.7|92.94|1716|396|5.3|5.3|2|8
38.8|93.13|1296|396|5.3|5.3|2|8
38.9|93.21|1090|395|5.3|5.3|2|8
39|93.37|1085|394|5.3|5.3|2|8
39.1|93.17|1085|394|5.3|5.3|2|8
39.2|93.14|1085|394|5.3|5.3|2|8
39.3|93.13|1082|394|5.3|5.3|2|8
39.4|93.17|1080|394|5.3|5.3|2|8
39.5|93|1080|394|5.3|5.3|2|8
39.6|93.06|1082|394|5.3|5.3|2|8
39.7|92.88|1088|394|5.3|5.3|2|8
39.8|92.84|1134|394|5.3|5.3|2|8
39.9|92.79|1183|394|5.3|5.3|2|8
40|92.75|1286|394|5.3|5.3|2|8
40.1|92.56|1662|395|5.3|5.3|2|8
40.2|92.71|1289|395|5.3|5.3|2|8
40.3|92.82|1088|394|5.3|5.3|2|8
40.4|92.82|1085|394|5.3|5.3|2|8
40.5|92.87|1085|394|5.3|5.3|2|8
40.6|92.79|1082|394|5.3|5.3|2|8
40.7|92.59|1242|394|5.3|5.3|2|8
40.8|92.6|1088|394|5.3|5.3|2|8
40.9|92.67|1580|395|5.3|5.3|2|8
41|92.67|1678|395|5.3|5.3|2|8
41.1|92.59|1691|396|5.3|5.3|2|8
41.2|92.83|1441|396|5.3|5.3|2|8
41.3|92.95|1095|395|5.3|5.3|2|8
41.4|93.09|1085|394|5.3|5.3|2|8
41.5|93.02|1085|394|5.3|5.3|2|8
41.6|92.99|1082|394|5.3|5.3|2|8
41.7|93.04|1082|394|5.3|5.3|2|8
41.8|92.88|1082|394|5.3|5.3|2|8
41.9|92.86|1080|394|5.3|5.3|2|8
42|92.79|1093|394|5.3|5.3|2|8
42.1|92.74|1093|394|5.3|5.3|2|8
42.2|92.6|1080|394|5.3|5.3|2|8
42.3|92.67|1080|394|5.3|5.3|2|8
42.4|92.66|1325|394|5.3|5.3|2|8
42.5|92.48|1162|394|5.3|5.3|2|8
42.6|92.35|1106|394|5.3|5.3|2|8
42.7|92.37|1160|394|5.3|5.3|2|8
42.8|92.35|1276|395|5.3|5.3|2|8
42.9|92.24|1317|395|5.3|5.3|2|8
43|92.17|1281|395|5.3|5.3|2|8
43.1|92.09|1320|395|5.3|5.3|2|8
43.2|92.05|1188|394|5.3|5.3|2|8
43.3|91.98|1320|396|5.3|5.3|2|8
43.4|91.93|1201|395|5.3|5.3|2|8
43.5|91.81|1263|395|5.3|5.3|2|8
43.6|91.74|1237|396|5.3|5.3|2|8
43.7|91.58|1232|395|5.3|5.3|2|8
43.8|91.58|1183|394|5.3|5.3|2|8
43.9|91.51|1260|395|5.3|5.3|2|8
44|91.45|1222|394|5.3|5.3|2|8
44.1|91.38|1253|395|5.3|5.3|2|8
44.2|91.31|1186|394|5.3|5.3|2|8
44.3|91.25|1224|395|5.3|5.3|2|8
44.4|91.03|1253|395|5.3|5.3|2|8
44.5|91.03|1152|395|5.3|5.3|2|8
44.6|90.91|1211|394|5.3|5.3|2|8
44.7|90.9|1250|394|5.3|5.3|2|8
44.8|90.8|1196|395|5.3|5.3|2|8
44.9|90.64|1245|395|5.3|5.3|2|8
45|90.59|1149|394|5.3|5.3|2|8
45.1|90.54|1299|395|5.3|5.3|2|8
45.2|90.44|1245|395|5.3|5.3|2|8
45.3|90.39|1258|394|5.3|5.3|2|8
45.4|90.24|1418|394|5.3|5.3|2|8
45.5|90.16|1175|394|5.3|5.3|2|8
45.6|90.05|1196|394|5.3|5.3|2|8
45.7|89.89|1201|394|5.3|5.3|2|8
45.8|89.82|1193|394|5.3|5.3|2|8
45.9|89.69|1160|394|5.3|5.3|2|8
46|89.73|1237|394|5.3|5.3|2|8
46.1|89.56|1209|394|5.3|5.3|2|8
46.2|89.42|1227|394|5.3|5.3|2|8
46.3|89.35|1214|394|5.3|5.3|2|8
46.4|89.15|1268|394|5.3|5.3|2|8
46.5|89.18|1193|394|5.3|5.3|2|8
46.6|88.94|1206|394|5.3|5.3|2|8
46.7|88.82|1162|394|5.3|5.3|2|8
46.8|88.84|1216|394|5.3|5.3|2|8
46.9|88.74|1317|394|5.3|5.3|2|8
47|88.54|1371|394|5.3|5.3|2|8
47.1|88.43|1314|394|5.3|5.3|2|8
47.2|88.28|1152|394|5.3|5.3|2|8
47.3|88.24|1286|394|5.3|5.3|2|8
47.4|88.05|1170|394|5.3|5.3|2|8
47.5|87.99|1214|394|5.3|5.3|2|8
47.6|87.85|1201|394|5.3|5.3|2|8
47.7|87.66|1175|394|5.3|5.3|2|8
47.8|87.57|1175|394|5.3|5.3|2|8
47.9|87.42|1338|394|5.3|5.3|2|8
48|87.29|1410|395|5.3|5.3|2|8
48.1|87.18|1340|396|5.3|5.3|2|8
48.2|87.05|1278|395|5.3|5.3|2|8
48.3|86.91|1245|394|5.3|5.3|2|8
48.4|86.78|1193|394|5.3|5.3|2|8
48.5|86.63|1263|394|5.3|5.3|2|8
48.6|86.42|1299|395|5.3|5.3|2|8
48.7|86.25|1366|394|5.3|5.3|2|8
48.8|86.16|1384|394|5.3|5.3|2|8
48.9|86.04|1294|394|5.3|5.3|2|8
49|85.92|1247|395|5.3|5.3|2|8
49.1|85.73|1320|395|5.3|5.3|2|8
49.2|85.57|1402|394|5.3|5.3|2|8
49.3|85.42|1304|394|5.3|5.3|2|8
49.4|85.22|1235|394|5.3|5.3|2|8
49.5|85.05|1255|394|5.3|5.3|2|8
49.6|84.91|1265|395|5.3|5.3|2|8
49.7|84.78|1387|395|5.3|5.3|2|8
49.8|84.51|1193|394|5.3|5.3|2|8
49.9|84.39|1180|394|5.3|5.3|2|8
50|84.21|1268|395|5.3|5.3|2|8
50.1|84.09|1278|395|5.3|5.3|2|8
50.2|83.85|1351|394|5.3|5.3|2|8
50.3|83.68|1448|395|5.3|5.3|2|8
50.4|83.49|1374|394|5.3|5.3|2|8
50.5|83.28|1242|395|5.3|5.3|2|8
50.6|83.13|1253|395|5.3|5.3|2|8
50.7|82.89|1178|394|5.3|5.3|2|8
50.8|82.71|1271|394|5.3|5.3|6|8
50.9|81.25|1923|394|5.3|5.3|6|8
51|78.71|1977|394|5.3|5.3|6|8
51.1|76.1|41|394|5.3|5.3|7|8
51.2|73.88|0|392|5.3|5.3|7|8
51.3|72.83|0|392|5.3|5.3|7|8
51.4|72.39|0|392|5.3|5.3|7|8
51.5|72.14|0|392|5.3|5.3|7|8
51.6|71.96|0|392|5.3|5.3|7|8
51.7|71.88|0|392|5.3|5.3|7|8
51.8|71.85|0|392|5.3|5.3|7|8
51.9|71.84|0|392|5.3|5.3|7|8
52|71.84|0|392|5.3|5.3|7|8
52.1|71.87|0|392|5.3|5.3|7|8
52.2|71.87|0|392|5.3|5.3|7|8
52.3|71.87|0|392|5.3|5.3|7|8
52.4|71.87|0|392|5.3|5.3|7|8
52.5|71.87|0|392|5.3|5.3|7|8
52.6|71.89|0|392|5.3|5.3|7|8
52.7|71.96|0|392|5.3|5.3|7|8
52.8|71.84|0|392|5.3|5.3|7|8
52.9|71.84|0|392|5.3|5.3|7|8
53|71.84|0|392|5.3|5.3|7|8
53.1|71.85|0|391|5.3|5.3|7|8
53.2|71.84|0|390|5.3|5.3|7|8
53.3|71.84|0|390|5.3|5.3|7|8
53.4|71.87|0|390|5.3|5.3|7|8
53.5|71.88|0|390|5.3|5.3|7|8
53.6|71.89|0|390|5.3|5.3|7|8
53.7|71.85|0|390|5.3|5.3|7|8
53.8|71.83|0|390|5.3|5.3|7|8
53.9|71.81|0|390|5.3|5.3|7|8
54|71.83|0|390|5.3|5.3|7|8
54.1|71.84|0|390|5.3|5.3|7|8
54.2|71.83|0|390|5.3|5.3|7|8
54.3|71.81|0|390|5.3|5.3|7|8
54.4|71.83|0|390|5.3|5.3|7|8
54.5|71.83|0|391|5.3|5.3|7|8
54.6|71.84|0|391|5.3|5.3|7|8
54.7|71.85|0|391|5.3|5.3|7|8
54.8|71.87|0|390|5.3|5.3|7|8
54.9|71.89|0|390|5.3|5.3|7|8
55|71.84|0|390|5.3|5.3|7|8
55.1|71.84|0|390|5.3|5.3|7|8
55.2|71.84|0|390|5.3|5.3|7|8
55.3|71.83|0|391|5.3|5.3|7|8
55.4|71.81|0|391|5.3|5.3|7|8
55.5|71.84|0|391|5.3|5.3|7|8
55.6|71.84|0|391|5.3|5.3|7|8
55.7|71.85|0|391|5.3|5.3|7|8
55.8|71.87|0|391|5.3|5.3|7|8
55.9|71.87|0|391|5.3|5.3|7|8
56|71.84|0|391|5.3|5.3|7|8
56.1|71.84|0|391|5.3|5.3|7|8
56.2|71.84|0|391|5.3|5.3|7|8
56.3|71.84|0|391|5.3|5.3|7|8
56.4|71.84|0|391|5.3|5.3|7|8
56.5|71.84|0|391|5.3|5.3|7|8
56.6|71.84|0|391|5.3|5.3|7|8
56.7|71.84|0|391|5.3|5.3|7|8
56.8|71.84|0|391|5.3|5.3|7|8
56.9|71.84|0|391|5.3|5.3|7|8
57|71.81|0|391|5.3|5.3|7|8
57.1|71.84|0|391|5.3|5.3|7|8
57.2|71.84|0|390|5.3|5.3|7|8
57.3|71.84|0|391|5.3|5.3|7|8
57.4|71.84|0|391|5.3|5.3|7|8
57.5|71.84|0|390|5.3|5.3|7|8
57.6|71.84|0|390|5.3|5.3|7|8
57.7|71.84|0|390|5.3|5.3|7|8
57.8|71.84|0|390|5.3|5.3|7|8
57.9|71.84|0|390|5.3|5.3|7|8
58|71.84|0|390|5.3|5.3|7|8
58.1|71.83|0|390|5.3|5.3|7|8
58.2|71.83|0|390|5.3|5.3|7|8
58.3|71.83|0|390|5.3|5.3|7|8
58.4|71.83|0|390|5.3|5.3|7|8
58.5|71.83|0|390|5.3|5.3|7|8
58.6|71.83|0|390|5.3|5.3|7|8
58.7|71.84|0|390|5.3|5.3|7|8
58.8|71.83|0|390|5.3|5.3|7|8
58.9|71.83|0|390|5.3|5.3|7|8
59|71.84|0|390|5.3|5.3|7|8
59.1|71.83|0|390|5.3|5.3|7|8
59.2|71.83|0|390|5.3|5.3|7|8
59.3|71.83|0|390|5.3|5.3|7|8
59.4|71.83|0|390|5.3|5.3|7|8
59.5|71.81|0|390|5.3|5.3|7|8
59.6|71.81|0|390|5.3|5.3|7|8
59.7|71.81|0|390|5.3|5.3|7|8
59.8|71.81|0|390|5.3|5.3|7|8
59.9|71.83|0|390|5.3|5.3|7|8
60|71.84|0|390|5.3|5.3|7|8
60.1|71.84|0|390|5.3|5.3|7|8
60.2|71.84|0|390|5.3|5.3|7|8
60.3|71.83|0|390|5.3|5.3|7|8
60.4|71.81|0|390|5.3|5.3|7|8
60.5|71.81|0|390|5.3|5.3|7|8
60.6|71.81|0|390|5.3|5.3|7|8
60.7|71.83|0|390|5.3|5.3|7|8
60.8|71.83|0|390|5.3|5.3|7|8
60.9|71.83|0|390|5.3|5.3|7|8
61|71.83|0|390|5.3|5.3|7|8
61.1|71.81|0|390|5.3|5.3|7|8
61.2|71.83|0|390|5.3|5.3|7|8
61.3|71.83|0|390|5.3|5.3|7|8
61.4|71.83|0|390|5.3|5.3|7|8
61.5|71.83|0|390|5.3|5.3|7|8
61.6|71.83|0|390|5.3|5.3|7|8
61.7|71.83|0|390|5.3|5.3|7|8
61.8|71.83|0|390|5.3|5.3|7|8
61.9|71.83|0|390|5.3|5.3|7|8
62|71.81|0|390|5.3|5.3|7|8
62.1|71.81|0|390|5.3|5.3|7|8
62.2|71.83|0|390|5.3|5.3|7|8
62.3|71.81|0|390|5.3|5.3|7|8
62.4|71.81|0|390|5.3|5.3|7|8
62.5|71.83|0|390|5.3|5.3|7|8
62.6|71.81|0|391|5.3|5.3|7|8
62.7|71.83|0|396|5.3|5.3|7|8
62.8|71.81|0|398|5.3|5.3|7|8
62.9|71.81|0|399|5.3|5.3|7|8
63|71.81|0|399|5.3|5.3|7|8
63.1|71.81|0|400|5.3|5.3|7|8
63.2|71.83|0|400|5.3|5.3|7|8
63.3|71.83|0|400|5.3|5.3|7|8
63.4|71.79|0|400|5.3|5.3|7|8
63.5|71.8|0|400|5.3|5.3|7|8
63.6|71.81|0|400|5.3|5.3|7|8
63.7|71.81|0|400|5.3|5.3|7|8
63.8|71.81|0|400|5.3|5.3|7|8
63.9|71.81|0|400|5.3|5.3|7|8
64|71.83|0|400|5.3|5.3|7|8
64.1|71.83|0|400|5.3|5.3|8|8
64.2|71.85|0|400|5.3|5.3|8|8
64.3|71.61|0|400|5.3|5.3|8|8
64.4|71.79|0|400|5.3|5.3|8|8
64.5|71.76|0|400|5.3|5.3|8|8
64.6|71.72|0|400|5.3|5.3|8|8
64.7|71.75|0|400|5.3|5.2|8|8
64.8|71.76|0|400|5.2|5.2|8|8
64.9|71.77|0|400|5.2|5.2|8|8
65|71.81|0|400|5.2|5.2|8|8
65.1|71.76|0|400|5.2|5.2|8|8
65.2|71.76|0|400|5.2|5.2|8|8
65.3|71.72|0|400|5.2|5.2|8|8
65.4|71.75|0|400|5.2|5.2|8|8
65.5|71.83|0|400|5.2|5.2|8|8
65.6|71.76|0|400|5.2|5.2|8|8
65.7|71.73|0|400|5.2|5.2|8|8
65.8|71.76|0|400|5.2|5.2|8|8
65.9|71.77|0|400|5.2|5.2|8|8
66|71.76|0|400|5.2|5.2|8|8
66.1|72.19|0|400|5.1|5.1|8|8
66.2|75.08|0|400|5.1|5.1|8|8
66.3|78.12|0|400|5.1|5.1|8|8
66.4|81.1|0|400|5.1|5.1|8|8
66.5|84.07|0|400|5.1|5.1|8|8
66.6|87.01|0|400|5.1|5.1|8|8
66.7|89.93|0|400|5.1|5.1|8|8
66.8|92.86|0|400|5.1|5.1|8|8
66.9|94.76|0|400|5.1|5.1|8|8
