0|96.04|1487|416|5.1|5.1|1|8
0.1|96.02|1706|420|5.1|5.1|1|8
0.2|96.02|1719|422|5.1|5.1|1|8
0.3|96.04|1727|422|5.1|5.1|1|8
0.4|96.01|1732|423|5.1|5.1|1|8
0.5|96|1737|423|5.1|5.1|3|8
0.6|95.97|1740|423|5.1|5.1|3|8
0.7|95.98|1745|423|5.1|5.1|3|8
0.8|95.97|1747|423|5.1|5.1|3|8
0.9|96|1750|424|5.1|5.1|3|8
1|96.01|1753|424|5.1|5.1|3|8
1.1|96.01|1758|424|5.1|5.1|3|8
1.2|96.02|1760|424|5.1|5.1|3|8
1.3|95.98|1765|424|5.1|5.1|3|8
1.4|95.97|1765|424|5.1|5.1|3|8
1.5|95.98|1768|424|5.1|5.1|3|8
1.6|95.98|1771|424|5.1|5.1|3|8
1.7|95.92|1771|424|5.2|5.1|3|8
1.8|95.94|1773|424|5.2|5.2|3|8
1.9|95.93|1773|424|5.2|5.2|3|8
2|95.97|1778|424|5.2|5.2|3|8
2.1|95.96|1778|424|5.2|5.2|3|8
2.2|95.98|1781|424|5.2|5.2|3|8
2.3|95.97|1781|424|5.2|5.2|3|8
2.4|95.97|1784|424|5.2|5.2|3|8
2.5|95.97|1784|424|5.2|5.2|4|8
2.6|96.19|1781|425|5.2|5.2|4|8
2.7|96.63|1735|425|5.2|5.2|4|8
2.8|97.14|1144|426|5.2|5.2|5|8
2.9|97.43|1039|425|5.2|5.2|5|8
3|97.54|1036|424|5.2|5.2|5|8
3.1|97.65|1034|424|5.2|5.2|5|8
3.2|97.66|1031|424|5.2|5.2|5|8
3.3|97.67|1031|424|5.2|5.2|5|8
3.4|97.69|1028|424|5.2|5.2|5|8
3.5|97.63|1028|424|5.2|5.2|5|8
3.6|97.65|1028|424|5.2|5.2|5|8
3.7|97.67|1028|424|5.2|5.2|5|8
3.8|97.7|1026|424|5.2|5.2|5|8
3.9|97.66|1026|424|5.2|5.2|5|8
4|97.63|1026|424|5.2|5.2|5|8
4.1|97.65|1026|424|5.2|5.2|5|8
4.2|97.66|1026|424|5.2|5.2|5|8
4.3|97.66|1026|424|5.2|5.2|5|8
4.4|97.67|1026|424|5.2|5.2|5|8
4.5|97.67|1026|424|5.2|5.2|5|8
4.6|97.7|1026|424|5.2|5.2|5|8
4.7|97.67|1026|424|5.2|5.2|5|8
4.8|97.67|1026|424|5.2|5.2|2|8
4.9|97.55|1026|424|5.2|5.2|2|8
5|97.29|1026|424|5.2|5.2|2|8
5.1|96.79|1108|424|5.2|5.2|2|8
5.2|96.36|1554|424|5.2|5.2|2|8
5.3|95.98|1758|424|5.2|5.2|3|8
5.4|95.77|1773|424|5.2|5.2|3|8
5.5|95.68|1781|424|5.2|5.2|3|8
5.6|95.69|1784|424|5.2|5.2|3|8
5.7|95.57|1791|424|5.2|5.2|3|8
5.8|95.59|1791|424|5.2|5.2|3|8
5.9|95.63|1794|424|5.2|5.2|3|8
6|95.59|1796|424|5.2|5.2|3|8
6.1|95.62|1796|424|5.2|5.2|3|8
6.2|95.63|1796|424|5.2|5.2|3|8
6.3|95.62|1796|424|5.3|5.2|3|8
6.4|95.61|1796|424|5.3|5.3|3|8
6.5|95.58|1799|424|5.3|5.3|3|8
6.6|95.61|1799|424|5.3|5.3|3|8
6.7|95.59|1799|424|5.3|5.3|3|8
6.8|95.62|1802|424|5.3|5.3|3|8
6.9|95.61|1802|424|5.3|5.3|3|8
7|95.59|1807|424|5.3|5.3|3|8
7.1|95.59|1807|424|5.3|5.3|3|8
7.2|95.59|1809|424|5.3|5.3|3|8
7.3|95.61|1809|424|5.3|5.3|4|8
7.4|95.96|1804|424|5.3|5.3|4|8
7.5|96.41|1765|424|5.3|5.3|4|8
7.6|96.87|1719|424|5.3|5.3|4|8
7.7|97.39|1626|425|5.3|5.3|4|8
7.8|97.93|1075|425|5.3|5.3|5|8
7.9|98.04|1046|424|5.3|5.3|5|8
8|98.14|1031|424|5.3|5.3|5|8
8.1|98.05|1028|424|5.3|5.3|5|8
8.2|98.21|1028|424|5.3|5.3|5|8
8.3|98.24|1026|424|5.3|5.3|5|8
8.4|98.21|1028|424|5.3|5.3|5|8
8.5|98.21|1026|424|5.3|5.3|5|8
8.6|98.21|1026|424|5.3|5.3|5|8
8.7|98.21|1026|424|5.3|5.3|5|8
8.8|98.22|1023|423|5.3|5.3|5|8
8.9|98.21|1023|423|5.3|5.3|5|8
9|98.21|1023|423|5.3|5.3|5|8
9.1|98.21|1023|423|5.3|5.3|5|8
9.2|98.21|1023|423|5.3|5.3|5|8
9.3|98.21|1023|423|5.3|5.3|5|8
9.4|98.2|1023|423|5.3|5.3|5|8
9.5|98.16|1023|423|5.3|5.3|5|8
9.6|98.25|1023|422|5.3|5.3|5|8
9.7|98.21|1023|422|5.3|5.3|5|8
9.8|98.21|1023|422|5.3|5.3|2|8
9.9|98.1|1023|422|5.3|5.3|2|8
10|97.61|1023|422|5.3|5.3|2|8
10.1|97.15|1046|422|5.3|5.3|2|8
10.2|96.65|1142|422|5.3|5.3|2|8
10.3|96.21|1240|408|5.3|5.3|2|8
10.4|95.74|1490|404|5.3|5.3|3|8
10.5|95.26|1289|402|5.3|5.3|2|8
10.6|94.84|1330|401|5.3|5.3|2|8
10.7|94.43|1755|400|5.3|5.3|3|8
10.8|94.21|1830|400|5.3|5.3|3|8
10.9|94.01|1848|399|5.3|5.3|3|8
11|93.94|1853|399|5.3|5.3|3|8
11.1|93.94|1858|399|5.3|5.3|3|8
11.2|93.94|1863|399|5.3|5.3|3|8
11.3|93.94|1866|399|5.3|5.3|3|8
11.4|93.94|1869|399|5.3|5.3|3|8
11.5|93.94|1871|399|5.3|5.3|3|8
11.6|93.94|1874|399|5.4|5.3|3|8
11.7|93.94|1874|399|5.4|5.3|3|8
11.8|93.92|1876|399|5.4|5.3|3|8
11.9|93.92|1876|399|5.4|5.4|3|8
12|93.92|1879|399|5.4|5.4|3|8
12.1|93.94|1881|399|5.4|5.4|3|8
12.2|93.94|1881|399|5.4|5.4|3|8
12.3|93.94|1884|399|5.4|5.4|3|8
12.4|93.96|1884|399|5.4|5.4|3|8
12.5|93.93|1887|399|5.4|5.4|3|8
12.6|93.94|1887|399|5.4|5.4|3|8
12.7|93.93|1887|399|5.4|5.4|4|8
12.8|94.16|1887|399|5.4|5.4|4|8
12.9|94.44|1863|399|5.4|5.4|4|8
13|94.92|1832|399|5.4|5.4|4|8
13.1|95.42|1108|400|5.4|5.4|5|8
13.2|95.7|1049|400|5.4|5.4|5|8
13.3|95.89|1044|400|5.4|5.4|5|8
13.4|95.85|1039|400|5.4|5.4|5|8
13.5|95.93|1036|399|5.4|5.4|5|8
13.6|95.96|1036|399|5.4|5.4|5|8
13.7|95.88|1036|399|5.4|5.4|5|8
13.8|95.93|1034|399|5.4|5.4|5|8
13.9|95.93|1034|399|5.4|5.4|5|8
14|95.88|1034|399|5.4|5.4|5|8
14.1|95.92|1034|399|5.4|5.4|5|8
14.2|95.92|1034|399|5.4|5.4|5|8
14.3|95.92|1034|398|5.4|5.4|5|8
14.4|95.93|1034|398|5.4|5.4|5|8
14.5|95.94|1034|398|5.4|5.4|5|8
14.6|95.89|1034|398|5.4|5.4|5|8
14.7|95.92|1034|398|5.4|5.4|5|8
14.8|95.92|1036|398|5.4|5.4|5|8
14.9|95.92|1034|398|5.4|5.4|5|8
15|95.92|1034|398|5.4|5.4|5|8
15.1|95.93|1034|398|5.4|5.4|2|8
15.2|95.82|1034|398|5.4|5.4|2|8
15.3|95.46|1036|398|5.4|5.4|2|8
15.4|95|1080|399|5.4|5.4|2|8
15.5|94.57|1363|400|5.4|5.4|2|8
15.6|94.19|1820|400|5.4|5.4|3|8
15.7|93.94|1866|399|5.4|5.4|3|8
15.8|93.86|1876|399|5.4|5.4|3|8
15.9|93.78|1884|399|5.4|5.4|3|8
16|93.84|1889|399|5.4|5.4|3|8
16.1|93.8|1892|399|5.4|5.4|3|8
16.2|93.8|1894|399|5.4|5.4|3|8
16.3|93.73|1894|399|5.4|5.4|3|8
16.4|93.72|1894|399|5.4|5.4|3|8
16.5|93.77|1894|399|5.4|5.4|3|8
16.6|93.8|1897|398|5.4|5.4|3|8
16.7|93.7|1897|398|5.4|5.4|3|8
16.8|93.73|1897|398|5.4|5.4|3|8
16.9|93.77|1897|398|5.4|5.4|3|8
17|93.74|1897|398|5.4|5.4|3|8
17.1|93.77|1897|398|5.4|5.4|3|8
17.2|93.76|1897|398|5.4|5.4|3|8
17.3|93.77|1899|398|5.4|5.4|3|8
17.4|93.73|1902|398|5.4|5.4|3|8
17.5|93.77|1902|398|5.4|5.4|3|8
17.6|93.74|1902|398|5.4|5.4|4|8
17.7|93.9|1899|398|5.4|5.4|4|8
17.8|94.36|1866|399|5.4|5.4|4|8
17.9|94.9|1716|399|5.4|5.4|4|8
18|95.38|1054|400|5.4|5.4|5|8
18.1|95.55|1041|400|5.4|5.4|5|8
18.2|95.63|1039|399|5.4|5.4|5|8
18.3|95.66|1039|399|5.4|5.4|5|8
18.4|95.66|1036|399|5.4|5.4|5|8
18.5|95.65|1034|399|5.4|5.4|5|8
18.6|95.62|1034|399|5.4|5.4|5|8
18.7|95.62|1034|398|5.4|5.4|5|8
18.8|95.66|1031|398|5.4|5.4|5|8
18.9|95.68|1031|398|5.4|5.4|5|8
19|95.72|1031|398|5.4|5.4|5|8
19.1|95.69|1031|398|5.4|5.4|5|8
19.2|95.72|1031|398|5.4|5.4|5|8
19.3|95.65|1031|398|5.4|5.4|5|8
19.4|95.61|1031|398|5.4|5.4|5|8
19.5|95.66|1031|398|5.4|5.4|5|8
19.6|95.66|1031|398|5.4|5.4|5|8
19.7|95.65|1031|398|5.4|5.4|5|8
19.8|95.62|1031|398|5.4|5.4|5|8
19.9|95.65|1031|398|5.4|5.4|5|8
20|95.72|1031|398|5.4|5.4|2|8
20.1|95.43|1031|398|5.4|5.4|2|8
20.2|95.02|1034|398|5.4|5.4|2|8
20.3|94.6|1245|399|5.4|5.4|2|8
20.4|94.16|1817|398|5.4|5.4|3|8
20.5|93.93|1869|398|5.4|5.4|3|8
20.6|93.8|1884|398|5.4|5.4|3|8
20.7|93.82|1892|398|5.4|5.4|3|8
20.8|93.66|1897|398|5.4|5.4|3|8
20.9|93.76|1899|398|5.4|5.4|3|8
21|93.64|1902|398|5.4|5.4|3|8
21.1|93.68|1905|398|5.4|5.4|3|8
21.2|93.7|1907|398|5.4|5.4|3|8
21.3|93.72|1907|398|5.4|5.4|3|8
21.4|93.68|1907|398|5.4|5.4|3|8
21.5|93.72|1910|398|5.4|5.4|3|8
21.6|93.7|1910|398|5.4|5.4|3|8
21.7|93.7|1910|398|5.4|5.4|3|8
21.8|93.7|1912|398|5.4|5.4|3|8
21.9|93.7|1910|398|5.4|5.4|3|8
22|93.7|1912|398|5.4|5.4|3|8
22.1|93.68|1912|398|5.4|5.4|3|8
22.2|93.66|1912|398|5.4|5.4|3|8
22.3|93.73|1912|398|5.4|5.4|3|8
22.4|93.69|1912|398|5.4|5.4|4|8
22.5|93.84|1912|398|5.4|5.4|4|8
22.6|94.25|1887|398|5.4|5.4|4|8
22.7|94.72|1835|398|5.4|5.4|4|8
22.8|95.22|1072|400|5.4|5.4|5|8
22.9|95.43|1044|399|5.4|5.4|5|8
23|95.57|1041|399|5.4|5.4|5|8
23.1|95.59|1039|399|5.4|5.4|5|8
23.2|95.59|1039|398|5.4|5.4|5|8
23.3|95.59|1036|398|5.4|5.4|5|8
23.4|95.62|1036|398|5.4|5.4|5|8
23.5|95.62|1034|398|5.4|5.4|5|8
23.6|95.59|1034|398|5.4|5.4|5|8
23.7|95.57|1034|398|5.4|5.4|5|8
23.8|95.61|1034|398|5.4|5.4|5|8
23.9|95.61|1034|398|5.4|5.4|5|8
24|95.61|1034|398|5.4|5.4|5|8
24.1|95.62|1034|398|5.4|5.4|5|8
24.2|95.62|1036|398|5.4|5.4|5|8
24.3|95.65|1036|398|5.4|5.4|5|8
24.4|95.58|1036|398|5.4|5.4|5|8
24.5|95.55|1036|398|5.4|5.4|5|8
24.6|95.61|1036|398|5.4|5.4|5|8
24.7|95.61|1036|398|5.4|5.4|5|8
24.8|95.66|1036|398|5.4|5.4|2|8
24.9|95.45|1036|398|5.4|5.4|2|8
25|95.06|1039|398|5.4|5.4|2|8
25.1|94.66|1312|398|5.4|5.4|2|8
25.2|94.25|1822|398|5.4|5.4|3|8
25.3|93.96|1869|398|5.4|5.4|3|8
25.4|93.89|1884|398|5.4|5.4|3|8
25.5|93.8|1894|398|5.4|5.4|3|8
25.6|93.77|1899|398|5.4|5.4|3|8
25.7|93.78|1902|398|5.4|5.4|3|8
25.8|93.81|1905|398|5.4|5.4|3|8
25.9|93.78|1907|398|5.4|5.4|3|8
26|93.8|1910|398|5.4|5.4|3|8
26.1|93.78|1912|398|5.4|5.4|3|8
26.2|93.78|1912|398|5.4|5.4|3|8
26.3|93.8|1915|398|5.4|5.4|3|8
26.4|93.8|1915|398|5.4|5.4|3|8
26.5|93.78|1915|398|5.4|5.4|3|8
26.6|93.8|1915|398|5.4|5.4|3|8
26.7|93.8|1918|398|5.4|5.4|3|8
26.8|93.8|1918|398|5.4|5.4|3|8
26.9|93.8|1918|398|5.4|5.4|3|8
27|93.8|1918|398|5.4|5.4|3|8
27.1|93.8|1918|398|5.4|5.4|3|8
27.2|93.84|1918|398|5.4|5.4|4|8
27.3|93.98|1915|398|5.4|5.4|4|8
27.4|94.4|1876|398|5.4|5.4|4|8
27.5|94.9|1531|399|5.4|5.4|4|8
27.6|95.38|1054|399|5.4|5.4|5|8
27.7|95.43|1046|399|5.4|5.4|5|8
27.8|95.58|1044|399|5.4|5.4|5|8
27.9|95.59|1044|399|5.4|5.4|5|8
28|95.58|1041|399|5.4|5.4|5|8
28.1|95.59|1041|398|5.4|5.4|5|8
28.2|95.61|1039|398|5.4|5.4|5|8
28.3|95.61|1039|398|5.4|5.4|5|8
28.4|95.61|1036|398|5.4|5.4|5|8
28.5|95.61|1036|398|5.4|5.4|5|8
28.6|95.68|1036|398|5.4|5.4|5|8
28.7|95.62|1036|398|5.4|5.4|5|8
28.8|95.58|1036|398|5.4|5.4|5|8
28.9|95.58|1036|398|5.4|5.4|5|8
29|95.61|1036|398|5.4|5.4|5|8
29.1|95.62|1036|398|5.4|5.4|5|8
29.2|95.68|1036|398|5.4|5.4|5|8
29.3|95.61|1036|398|5.4|5.4|5|8
29.4|95.58|1036|398|5.4|5.4|5|8
29.5|95.58|1036|398|5.4|5.4|5|8
29.6|95.63|1036|398|5.4|5.4|2|8
29.7|95.34|1036|398|5.4|5.4|2|8
29.8|94.94|1036|398|5.4|5.4|2|8
29.9|94.49|1585|398|5.4|5.4|2|8
30|94.1|1853|398|5.4|5.4|3|8
30.1|93.94|1881|398|5.4|5.4|3|8
30.2|93.86|1894|398|5.4|5.4|3|8
30.3|93.8|1902|398|5.4|5.4|3|8
30.4|93.77|1905|398|5.4|5.4|3|8
30.5|93.74|1907|398|5.4|5.4|3|8
30.6|93.81|1910|398|5.4|5.4|3|8
30.7|93.78|1912|398|5.4|5.4|3|8
30.8|93.78|1915|398|5.4|5.4|3|8
30.9|93.78|1918|398|5.4|5.4|3|8
31|93.8|1918|398|5.4|5.4|3|8
31.1|93.78|1918|398|5.4|5.4|3|8
31.2|93.77|1918|398|5.4|5.4|3|8
31.3|93.78|1920|398|5.4|5.4|3|8
31.4|93.78|1920|398|5.4|5.4|3|8
31.5|93.78|1920|398|5.4|5.4|3|8
31.6|93.81|1920|398|5.4|5.4|3|8
31.7|93.8|1920|398|5.4|5.4|3|8
31.8|93.8|1920|398|5.4|5.4|3|8
31.9|93.81|1923|398|5.4|5.4|3|8
32|93.82|1923|398|5.4|5.4|4|8
32.1|94.15|1907|398|5.4|5.4|4|8
32.2|94.56|1858|398|5.4|5.4|4|8
32.3|95.06|1095|399|5.4|5.4|5|8
32.4|95.27|1052|398|5.4|5.4|5|8
32.5|95.42|1049|398|5.4|5.4|5|8
32.6|95.41|1046|398|5.4|5.4|5|8
32.7|95.46|1044|398|5.4|5.4|5|8
32.8|95.45|1044|398|5.4|5.4|5|8
32.9|95.45|1044|398|5.4|5.4|5|8
33|95.42|1044|398|5.4|5.4|5|8
33.1|95.45|1041|398|5.4|5.4|5|8
33.2|95.49|1041|398|5.4|5.4|5|8
33.3|95.5|1041|398|5.4|5.4|5|8
33.4|95.46|1041|398|5.4|5.4|5|8
33.5|95.41|1039|398|5.4|5.4|5|8
33.6|95.46|1041|398|5.4|5.4|5|8
33.7|95.49|1039|398|5.4|5.4|5|8
33.8|95.46|1039|398|5.4|5.4|5|8
33.9|95.45|1039|398|5.4|5.4|5|8
34|95.43|1039|398|5.4|5.4|5|8
34.1|95.49|1036|398|5.4|5.4|5|8
34.2|95.49|1036|398|5.4|5.4|5|8
34.3|95.46|1036|398|5.4|5.4|2|8
34.4|95.31|1036|398|5.4|5.4|2|8
34.5|94.95|1036|398|5.4|5.4|2|8
34.6|94.55|1237|398|5.4|5.4|2|8
34.7|94.09|1832|398|5.4|5.4|3|8
34.8|93.9|1879|398|5.4|5.4|3|8
34.9|93.85|1892|398|5.4|5.4|3|8
35|93.68|1902|398|5.4|5.4|3|8
35.1|93.61|1905|398|5.4|5.4|3|8
35.2|93.73|1907|398|5.4|5.4|3|8
35.3|93.72|1907|398|5.4|5.4|3|8
35.4|93.6|1912|398|5.4|5.4|3|8
35.5|93.65|1912|398|5.4|5.4|3|8
35.6|93.77|1915|398|5.4|5.4|3|8
35.7|93.69|1918|398|5.4|5.4|3|8
35.8|93.6|1918|398|5.4|5.4|3|8
35.9|93.7|1918|398|5.4|5.4|3|8
36|93.76|1920|398|5.4|5.4|3|8
36.1|93.61|1923|398|5.4|5.4|3|8
36.2|93.64|1923|398|5.4|5.4|3|8
36.3|93.77|1923|398|5.4|5.4|3|8
36.4|93.66|1923|398|5.4|5.4|3|8
36.5|93.61|1923|398|5.4|5.4|3|8
36.6|93.72|1925|398|5.4|5.4|3|8
36.7|93.73|1925|398|5.4|5.4|4|8
36.8|93.85|1918|398|5.4|5.4|4|8
36.9|94.32|1871|398|5.4|5.4|4|8
37|94.82|1162|398|5.4|5.4|2|8
37.1|95.07|1057|398|5.4|5.4|2|8
37.2|94.9|1052|398|5.4|5.4|2|8
37.3|94.86|1049|398|5.4|5.4|2|8
37.4|94.79|1046|398|5.4|5.4|2|8
37.5|94.84|1046|398|5.4|5.4|2|8
37.6|94.71|1044|398|5.4|5.4|2|8
37.7|94.66|1044|398|5.4|5.4|2|8
37.8|94.67|1044|398|5.4|5.4|2|8
37.9|94.56|1059|398|5.4|5.4|2|8
38|94.49|1062|398|5.4|5.4|2|8
38.1|94.44|1191|398|5.4|5.4|2|8
38.2|94.37|1134|398|5.4|5.4|2|8
38.3|94.33|1147|398|5.4|5.4|2|8
38.4|94.23|1072|398|5.4|5.4|2|8
38.5|94.27|1157|398|5.4|5.4|2|8
38.6|94.06|1598|398|5.4|5.4|2|8
38.7|94.08|1729|398|5.4|5.4|2|8
38.8|94.17|1737|398|5.4|5.4|2|8
38.9|94.35|1696|398|5.4|5.4|2|8
39|94.59|1173|398|5.4|5.4|2|8
39.1|94.71|1049|398|5.4|5.4|2|8
39.2|94.74|1044|398|5.4|5.4|2|8
39.3|94.61|1044|398|5.4|5.4|2|8
39.4|94.61|1041|398|5.4|5.4|2|8
39.5|94.53|1039|398|5.4|5.4|2|8
39.6|94.51|1044|398|5.4|5.4|2|8
39.7|94.47|1039|398|5.4|5.4|2|8
39.8|94.37|1041|398|5.4|5.4|2|8
39.9|94.35|1108|398|5.4|5.4|2|8
40|94.23|1046|398|5.4|5.4|2|8
40.1|94.21|1119|398|5.4|5.4|2|8
40.2|94.15|1379|398|5.4|5.4|2|8
40.3|94.02|1593|398|5.4|5.4|2|8
40.4|94.15|1503|399|5.4|5.4|2|8
40.5|94.28|1686|399|5.4|5.4|2|8
40.6|94.44|1722|398|5.4|5.4|2|8
40.7|94.66|1585|399|5.4|5.4|2|8
40.8|94.83|1085|399|5.4|5.4|2|8
40.9|94.86|1046|398|5.4|5.4|2|8
41|94.86|1044|398|5.4|5.4|2|8
41.1|94.83|1041|398|5.4|5.4|2|8
41.2|94.75|1039|398|5.4|5.4|2|8
41.3|94.63|1049|398|5.4|5.4|2|8
41.4|94.71|1036|398|5.4|5.4|2|8
41.5|94.64|1036|398|5.4|5.4|2|8
41.6|94.52|1121|398|5.4|5.4|2|8
41.7|94.49|1041|398|5.4|5.4|2|8
41.8|94.4|1095|399|5.4|5.4|2|8
41.9|94.43|1126|398|5.4|5.4|2|8
42|94.24|1111|398|5.4|5.4|2|8
42.1|94.2|1088|398|5.4|5.4|2|8
42.2|94.16|1098|398|5.4|5.4|2|8
42.3|94.04|1054|398|5.4|5.4|2|8
42.4|94.04|1119|398|5.4|5.4|2|8
42.5|93.94|1139|398|5.4|5.4|2|8
42.6|93.92|1116|398|5.4|5.4|2|8
42.7|93.8|1193|399|5.4|5.4|2|8
42.8|93.76|1250|399|5.4|5.4|2|8
42.9|93.66|1196|399|5.4|5.4|2|8
43|93.55|1101|399|5.4|5.4|2|8
43.1|93.57|1186|398|5.4|5.4|2|8
43.2|93.41|1116|398|5.4|5.4|2|8
43.3|93.41|1121|398|5.4|5.4|2|8
43.4|93.3|1183|399|5.4|5.4|2|8
43.5|93.18|1054|398|5.4|5.4|2|8
43.6|93.17|1057|398|5.4|5.4|2|8
43.7|93.15|1093|398|5.4|5.4|2|8
43.8|93.02|1165|398|5.4|5.4|2|8
43.9|92.94|1075|398|5.4|5.4|2|8
44|92.84|1095|398|5.4|5.4|2|8
44.1|92.76|1139|398|5.4|5.4|2|8
44.2|92.66|1265|399|5.4|5.4|2|8
44.3|92.68|1152|399|5.4|5.4|2|8
44.4|92.55|1242|398|5.4|5.4|2|8
44.5|92.4|1168|400|5.4|5.4|2|8
44.6|92.36|1260|400|5.4|5.4|2|8
44.7|92.21|1204|399|5.4|5.4|2|8
44.8|92.11|1064|398|5.4|5.4|2|8
44.9|92.07|1052|399|5.4|5.4|2|8
45|92.02|1173|399|5.4|5.4|2|8
45.1|91.92|1093|400|5.4|5.4|2|8
45.2|91.84|1106|400|5.4|5.4|2|8
45.3|91.76|1168|398|5.4|5.4|2|8
45.4|91.58|1103|398|5.4|5.4|2|8
45.5|91.5|1075|398|5.4|5.4|2|8
45.6|91.46|1268|399|5.4|5.4|2|8
45.7|91.35|1149|399|5.4|5.4|2|8
45.8|91.25|1139|399|5.4|5.4|2|8
45.9|91.11|1211|398|5.4|5.4|2|8
46|91.05|1144|398|5.4|5.4|2|8
46.1|90.91|1206|400|5.4|5.4|2|8
46.2|90.83|1209|399|5.4|5.4|2|8
46.3|90.74|1191|399|5.4|5.4|2|8
46.4|90.59|1106|399|5.4|5.4|2|8
46.5|90.52|1095|399|5.4|5.4|2|8
46.6|90.4|1227|400|5.4|5.4|2|8
46.7|90.33|1070|399|5.4|5.4|2|8
46.8|90.21|1211|399|5.4|5.4|2|8
46.9|90.03|1180|398|5.4|5.4|2|8
47|89.92|1131|399|5.4|5.4|2|8
47.1|89.84|1126|400|5.4|5.4|2|8
47.2|89.72|1155|399|5.4|5.4|2|8
47.3|89.58|1165|400|5.4|5.4|2|8
47.4|89.53|1129|399|5.4|5.4|2|8
47.5|89.38|1222|399|5.4|5.4|2|8
47.6|89.19|1242|400|5.4|5.4|2|8
47.7|89.11|1165|400|5.4|5.4|2|8
47.8|88.97|1119|400|5.4|5.4|2|8
47.9|88.87|1082|399|5.4|5.4|2|8
48|88.74|1129|398|5.4|5.4|2|8
48.1|88.6|1245|399|5.4|5.4|2|8
48.2|88.48|1134|400|5.4|5.4|2|8
48.3|88.33|1206|398|5.4|5.4|2|8
48.4|88.23|1155|399|5.4|5.4|2|8
48.5|88.07|1242|399|5.4|5.4|2|8
48.6|87.92|1168|399|5.4|5.4|2|8
48.7|87.8|1113|399|5.4|5.4|2|8
48.8|87.65|1152|399|5.4|5.4|2|8
48.9|87.53|1142|398|5.4|5.4|2|8
49|87.37|1209|400|5.4|5.4|2|8
49.1|87.19|1224|400|5.4|5.4|2|8
49.2|87.09|1157|400|5.4|5.4|2|8
49.3|86.91|1255|400|5.4|5.4|2|8
49.4|86.76|1276|400|5.4|5.4|2|8
49.5|86.62|1147|400|5.4|5.4|2|8
49.6|86.43|1250|400|5.4|5.4|2|8
49.7|86.28|1157|399|5.4|5.4|2|8
49.8|86.16|1232|399|5.4|5.4|2|8
49.9|86|1211|400|5.4|5.4|2|8
50|85.88|1191|400|5.4|5.4|2|8
50.1|85.66|1209|400|5.4|5.4|2|8
50.2|85.46|1206|400|5.4|5.4|2|8
50.3|85.31|1186|399|5.4|5.4|2|8
50.4|85.15|1232|399|5.4|5.4|2|8
50.5|84.98|1214|400|5.4|5.4|2|8
50.6|84.8|1175|399|5.4|5.4|2|8
50.7|84.6|1162|400|5.4|5.4|2|8
50.8|84.44|1111|400|5.4|5.4|2|8
50.9|84.24|1224|400|5.4|5.4|2|8
51|84.13|1229|399|5.4|5.4|2|8
51.1|83.87|1165|400|5.4|5.4|2|8
51.2|83.72|1139|399|5.4|5.4|2|8
51.3|83.57|1227|400|5.4|5.4|2|8
51.4|83.34|1309|400|5.4|5.4|2|8
51.5|83.14|1253|400|5.4|5.4|2|8
51.6|82.93|1232|400|5.4|5.4|6|8
51.7|81.62|1884|400|5.4|5.4|6|8
51.8|78.78|1959|400|5.4|5.4|6|8
51.9|75.67|77|398|5.4|5.4|7|8
52|73.45|0|397|5.4|5.4|7|8
52.1|72.61|0|396|5.4|5.4|7|8
52.2|72.28|0|396|5.4|5.4|7|8
52.3|72.06|0|396|5.4|5.4|7|8
52.4|72.03|0|396|5.4|5.4|7|8
52.5|72.03|0|396|5.4|5.4|7|8
52.6|72.08|0|396|5.4|5.4|7|8
52.7|72.02|0|396|5.4|5.4|7|8
52.8|71.99|0|396|5.4|5.4|7|8
52.9|71.98|0|396|5.4|5.4|7|8
53|71.96|0|396|5.4|5.4|7|8
53.1|71.95|0|396|5.4|5.4|7|8
53.2|71.99|0|396|5.4|5.4|7|8
53.3|71.96|0|396|5.4|5.4|7|8
53.4|71.98|0|396|5.4|5.4|7|8
53.5|71.96|0|396|5.4|5.4|7|8
53.6|72.02|0|396|5.4|5.4|7|8
53.7|71.96|0|396|5.4|5.4|7|8
53.8|71.95|0|396|5.4|5.4|7|8
53.9|71.99|0|396|5.4|5.4|7|8
54|72.02|0|396|5.4|5.4|7|8
54.1|72.03|0|396|5.4|5.4|7|8
54.2|72.02|0|396|5.4|5.4|7|8
54.3|72|0|396|5.4|5.4|7|8
54.4|72.02|0|396|5.4|5.4|7|8
54.5|72.04|0|396|5.4|5.4|7|8
54.6|72.07|0|396|5.4|5.4|7|8
54.7|72.02|0|396|5.4|5.4|7|8
54.8|71.98|0|396|5.4|5.4|7|8
54.9|71.95|0|396|5.4|5.4|7|8
55|71.99|0|396|5.4|5.4|7|8
55.1|71.95|0|396|5.4|5.4|7|8
55.2|71.96|0|396|5.4|5.4|7|8
55.3|71.98|0|396|5.4|5.4|7|8
55.4|71.98|0|396|5.4|5.4|7|8
55.5|71.98|0|396|5.4|5.4|7|8
55.6|71.99|0|396|5.4|5.4|7|8
55.7|71.99|0|396|5.4|5.4|7|8
55.8|72.06|0|396|5.4|5.4|7|8
55.9|72.03|0|396|5.4|5.4|7|8
56|71.99|0|396|5.4|5.4|7|8
56.1|71.99|0|396|5.4|5.4|7|8
56.2|71.99|0|396|5.4|5.4|7|8
56.3|71.96|0|396|5.4|5.4|7|8
56.4|71.96|0|396|5.4|5.4|7|8
56.5|72|0|396|5.4|5.4|7|8
56.6|72|0|396|5.4|5.4|7|8
56.7|72.02|0|396|5.4|5.4|7|8
56.8|71.98|0|396|5.4|5.4|7|8
56.9|71.98|0|396|5.4|5.4|7|8
57|71.96|0|396|5.4|5.4|7|8
57.1|71.96|0|396|5.4|5.4|7|8
57.2|71.99|0|396|5.4|5.4|7|8
57.3|72|0|396|5.4|5.4|7|8
57.4|72.02|0|396|5.4|5.4|7|8
57.5|71.98|0|396|5.4|5.4|7|8
57.6|71.98|0|396|5.4|5.4|7|8
57.7|71.99|0|396|5.4|5.4|7|8
57.8|71.99|0|396|5.4|5.4|7|8
57.9|71.99|0|396|5.4|5.4|7|8
58|71.98|0|396|5.4|5.4|7|8
58.1|71.98|0|396|5.4|5.4|7|8
58.2|71.98|0|396|5.4|5.4|7|8
58.3|71.98|0|396|5.4|5.4|7|8
58.4|71.98|0|396|5.4|5.4|7|8
58.5|71.98|0|396|5.4|5.4|7|8
58.6|71.98|0|396|5.4|5.4|7|8
58.7|71.98|0|396|5.4|5.4|7|8
58.8|71.98|0|396|5.4|5.4|7|8
58.9|71.99|0|396|5.4|5.4|7|8
59|71.99|0|396|5.4|5.4|7|8
59.1|71.99|0|396|5.4|5.4|7|8
59.2|71.98|0|396|5.4|5.4|7|8
59.3|71.99|0|396|5.4|5.4|7|8
59.4|71.96|0|396|5.4|5.4|7|8
59.5|71.98|0|396|5.4|5.4|7|8
59.6|71.98|0|396|5.4|5.4|7|8
59.7|71.98|0|396|5.4|5.4|7|8
59.8|71.98|0|396|5.4|5.4|7|8
59.9|71.98|0|396|5.4|5.4|7|8
60|71.98|0|396|5.4|5.4|7|8
60.1|71.98|0|396|5.4|5.4|7|8
60.2|71.98|0|396|5.4|5.4|7|8
60.3|71.98|0|396|5.4|5.4|7|8
60.4|71.98|0|396|5.4|5.4|7|8
60.5|71.98|0|396|5.4|5.4|7|8
60.6|71.98|0|396|5.4|5.4|7|8
60.7|71.98|0|396|5.4|5.4|7|8
60.8|71.98|0|396|5.4|5.4|7|8
60.9|71.96|0|396|5.4|5.4|7|8
61|71.98|0|396|5.4|5.4|7|8
61.1|71.98|0|396|5.4|5.4|7|8
61.2|71.98|0|396|5.4|5.4|7|8
61.3|71.98|0|396|5.4|5.4|7|8
61.4|71.98|0|396|5.4|5.4|7|8
61.5|71.96|0|396|5.4|5.4|7|8
61.6|71.98|0|396|5.4|5.4|7|8
61.7|71.96|0|396|5.4|5.4|7|8
61.8|71.96|0|396|5.4|5.4|7|8
61.9|71.98|0|396|5.4|5.4|7|8
62|71.98|0|396|5.4|5.4|7|8
62.1|71.98|0|396|5.4|5.4|7|8
62.2|71.96|0|396|5.4|5.4|7|8
62.3|71.96|0|398|5.4|5.4|7|8
62.4|71.98|0|400|5.4|5.4|7|8
62.5|71.96|0|400|5.4|5.4|7|8
62.6|71.96|0|400|5.4|5.4|7|8
62.7|71.96|0|400|5.4|5.4|7|8
62.8|71.98|0|400|5.4|5.4|7|8
62.9|71.96|0|400|5.4|5.4|7|8
63|71.98|0|400|5.4|5.4|7|8
63.1|71.98|0|400|5.4|5.4|7|8
63.2|71.96|0|400|5.4|5.4|7|8
63.3|71.96|0|400|5.4|5.4|7|8
63.4|71.96|0|400|5.4|5.4|7|8
63.5|71.96|0|400|5.4|5.4|7|8
63.6|71.98|0|400|5.4|5.4|7|8
63.7|71.98|0|400|5.4|5.4|7|8
63.8|71.96|0|400|5.4|5.4|7|8
63.9|71.98|0|400|5.4|5.4|7|8
64|71.96|0|400|5.4|5.4|7|8
64.1|71.96|0|400|5.4|5.4|7|8
64.2|71.96|0|400|5.4|5.4|7|8
64.3|71.96|0|400|5.4|5.4|7|8
64.4|71.98|0|400|5.4|5.4|7|8
64.5|71.96|0|400|5.4|5.4|7|8
64.6|71.96|0|400|5.4|5.4|7|8
64.7|71.96|0|400|5.4|5.4|7|8
64.8|71.96|0|400|5.4|5.4|7|8
64.9|71.96|0|400|5.4|5.4|8|8
65|71.95|0|400|5.4|5.4|8|8
65.1|71.87|0|400|5.4|5.4|8|8
65.2|71.92|0|400|5.4|5.4|8|8
65.3|71.98|0|400|5.4|5.4|8|8
65.4|71.95|0|400|5.4|5.4|8|8
65.5|71.91|0|400|5.4|5.4|8|8
65.6|71.89|0|400|5.3|5.3|8|8
65.7|71.91|0|400|5.3|5.3|8|8
65.8|71.92|0|400|5.3|5.3|8|8
65.9|71.94|0|400|5.3|5.3|8|8
66|71.92|0|400|5.2|5.2|8|8
66.1|71.92|0|400|5.2|5.2|8|8
66.2|71.92|0|400|5.2|5.2|8|8
66.3|71.94|0|400|5.2|5.2|8|8
66.4|71.98|0|400|5.2|5.2|8|8
66.5|71.96|0|400|5.2|5.2|8|8
66.6|71.92|0|400|5.2|5.2|8|8
66.7|71.92|0|400|5.2|5.2|8|8
66.8|71.91|0|400|5.2|5.2|8|8
66.9|72.57|0|400|5.2|5.2|8|8
67|75.53|0|400|5.2|5.2|8|8
67.1|78.51|0|400|5.2|5.1|8|8
67.2|81.46|0|400|5.1|5.1|8|8
67.3|84.43|0|400|5.1|5.1|8|8
67.4|87.31|0|400|5.1|5.1|8|8
67.5|90.21|0|400|5.1|5.1|8|8
67.6|93.11|0|400|5.1|5.1|8|8
67.7|94.78|0|400|5.1|5.1|8|8
67.8|95.58|0|400|5.1|5.1|8|8
