0|96.04|894|398|5.1|5.1|1|8
0.1|96.02|1018|399|5.1|5.1|1|8
0.2|96.02|1023|399|5.1|5.1|1|8
0.3|96.02|1026|399|5.1|5.1|1|8
0.4|96.02|1028|399|5.1|5.1|1|8
0.5|96.01|1031|399|5.1|5.1|2|8
0.6|95.74|1054|400|5.1|5.1|2|8
0.7|95.33|1253|400|5.1|5.1|2|8
0.8|94.99|1631|400|5.1|5.1|3|8
0.9|94.75|1675|400|5.1|5.1|3|8
1|94.61|1693|400|5.1|5.1|3|8
1.1|94.52|1704|400|5.1|5.1|3|8
1.2|94.43|1711|400|5.1|5.1|3|8
1.3|94.43|1716|400|5.1|5.1|3|8
1.4|94.44|1719|400|5.1|5.1|3|8
1.5|94.45|1722|400|5.1|5.1|3|8
1.6|94.44|1724|400|5.1|5.1|3|8
1.7|94.43|1729|400|5.1|5.1|3|8
1.8|94.43|1732|401|5.1|5.1|3|8
1.9|94.43|1735|401|5.1|5.1|3|8
2|94.43|1737|401|5.1|5.1|3|8
2.1|94.45|1737|401|5.1|5.1|3|8
2.2|94.45|1740|401|5.1|5.1|3|8
2.3|94.44|1742|401|5.1|5.1|3|8
2.4|94.4|1742|401|5.1|5.1|3|8
2.5|94.43|1745|401|5.2|5.1|3|8
2.6|94.43|1745|401|5.2|5.2|3|8
2.7|94.44|1745|401|5.2|5.2|3|8
2.8|94.43|1747|401|5.2|5.2|4|8
2.9|94.6|1742|401|5.2|5.2|4|8
3|94.94|1696|402|5.2|5.2|4|8
3.1|95.47|1101|401|5.2|5.2|5|8
3.2|95.74|1062|400|5.2|5.2|5|8
3.3|95.85|1059|400|5.2|5.2|5|8
3.4|95.85|1057|400|5.2|5.2|5|8
3.5|95.88|1054|400|5.2|5.2|5|8
3.6|95.9|1052|400|5.2|5.2|5|8
3.7|95.94|1049|400|5.2|5.2|5|8
3.8|95.98|1046|400|5.2|5.2|5|8
3.9|95.84|1046|400|5.2|5.2|5|8
4|95.88|1046|400|5.2|5.2|5|8
4.1|95.93|1046|400|5.2|5.2|5|8
4.2|95.98|1046|400|5.2|5.2|5|8
4.3|95.97|1046|400|5.2|5.2|5|8
4.4|95.88|1046|400|5.2|5.2|5|8
4.5|95.89|1046|400|5.2|5.2|5|8
4.6|95.92|1046|400|5.2|5.2|5|8
4.7|95.93|1044|400|5.2|5.2|5|8
4.8|95.96|1046|400|5.2|5.2|5|8
4.9|95.85|1044|400|5.2|5.2|5|8
5|95.86|1046|400|5.2|5.2|5|8
5.1|95.93|1046|400|5.2|5.2|2|8
5.2|95.82|1046|400|5.2|5.2|2|8
5.3|95.41|1046|400|5.2|5.2|2|8
5.4|95|1157|400|5.2|5.2|2|8
5.5|94.66|1688|401|5.2|5.2|3|8
5.6|94.4|1735|401|5.2|5.2|3|8
5.7|94.28|1747|401|5.2|5.2|3|8
5.8|94.2|1753|401|5.2|5.2|3|8
5.9|94.05|1758|401|5.2|5.2|3|8
6|94.12|1760|402|5.2|5.2|3|8
6.1|94.15|1760|401|5.2|5.2|3|8
6.2|94.13|1763|401|5.2|5.2|3|8
6.3|94.09|1763|402|5.2|5.2|3|8
6.4|94.12|1765|402|5.2|5.2|3|8
6.5|94.12|1765|402|5.2|5.2|3|8
6.6|94.1|1768|402|5.2|5.2|3|8
6.7|94.12|1768|402|5.2|5.2|3|8
6.8|94.08|1765|402|5.2|5.2|3|8
6.9|94.09|1768|402|5.2|5.2|3|8
7|94.09|1768|402|5.3|5.3|3|8
7.1|94.1|1768|402|5.3|5.3|3|8
7.2|94.09|1768|402|5.3|5.3|3|8
7.3|94.12|1768|402|5.3|5.3|3|8
7.4|94.13|1771|402|5.3|5.3|3|8
7.5|94.09|1771|402|5.3|5.3|4|8
7.6|94.24|1771|402|5.3|5.3|4|8
7.7|94.6|1729|402|5.3|5.3|4|8
7.8|95.07|1090|402|5.3|5.3|5|8
7.9|95.34|1059|401|5.3|5.3|5|8
8|95.42|1057|400|5.3|5.3|5|8
8.1|95.49|1057|400|5.3|5.3|5|8
8.2|95.53|1054|400|5.3|5.3|5|8
8.3|95.58|1054|400|5.3|5.3|5|8
8.4|95.54|1054|400|5.3|5.3|5|8
8.5|95.47|1054|400|5.3|5.3|5|8
8.6|95.54|1052|400|5.3|5.3|5|8
8.7|95.5|1052|400|5.3|5.3|5|8
8.8|95.43|1054|400|5.3|5.3|5|8
8.9|95.54|1054|400|5.3|5.3|5|8
9|95.53|1052|400|5.3|5.3|5|8
9.1|95.49|1052|400|5.3|5.3|5|8
9.2|95.51|1052|400|5.3|5.3|5|8
9.3|95.54|1052|400|5.3|5.3|5|8
9.4|95.51|1052|400|5.3|5.3|5|8
9.5|95.45|1052|400|5.3|5.3|5|8
9.6|95.51|1052|400|5.3|5.3|5|8
9.7|95.55|1052|400|5.3|5.3|5|8
9.8|95.5|1049|400|5.3|5.3|2|8
9.9|95.33|1049|400|5.3|5.3|2|8
10|94.99|1049|400|5.3|5.3|2|8
10.1|94.56|1513|400|5.3|5.3|2|8
10.2|94.25|1729|401|5.3|5.3|3|8
10.3|94.04|1758|401|5.3|5.3|3|8
10.4|93.93|1768|401|5.3|5.3|3|8
10.5|93.92|1771|402|5.3|5.3|3|8
10.6|93.85|1784|401|5.3|5.3|3|8
10.7|93.82|1799|392|5.3|5.3|3|8
10.8|93.88|1802|388|5.3|5.3|3|8
10.9|93.86|1804|388|5.3|5.3|3|8
11|93.85|1804|387|5.3|5.3|3|8
11.1|93.86|1802|387|5.3|5.3|3|8
11.2|93.86|1804|387|5.3|5.3|3|8
11.3|93.86|1804|387|5.3|5.3|3|8
11.4|93.86|1804|386|5.3|5.3|3|8
11.5|93.86|1804|387|5.3|5.3|3|8
11.6|93.86|1807|386|5.3|5.3|3|8
11.7|93.84|1807|386|5.3|5.3|3|8
11.8|93.84|1807|386|5.3|5.3|3|8
11.9|93.86|1807|386|5.3|5.3|3|8
12|93.86|1807|387|5.3|5.3|3|8
12.1|93.86|1809|387|5.4|5.4|3|8
12.2|93.85|1809|387|5.3|5.4|4|8
12.3|94.15|1807|387|5.4|5.4|4|8
12.4|94.56|1466|388|5.4|5.4|4|8
12.5|94.95|1077|388|5.4|5.4|5|8
12.6|95.1|1070|388|5.4|5.4|5|8
12.7|95.18|1067|388|5.4|5.4|5|8
12.8|95.25|1067|388|5.4|5.4|5|8
12.9|95.25|1064|388|5.4|5.4|5|8
13|95.26|1064|388|5.4|5.4|5|8
13.1|95.31|1064|388|5.4|5.4|5|8
13.2|95.3|1064|388|5.4|5.4|5|8
13.3|95.21|1064|388|5.4|5.4|5|8
13.4|95.23|1062|388|5.4|5.4|5|8
13.5|95.23|1064|388|5.4|5.4|5|8
13.6|95.31|1062|388|5.4|5.4|5|8
13.7|95.3|1064|388|5.4|5.4|5|8
13.8|95.22|1062|388|5.4|5.4|5|8
13.9|95.23|1059|388|5.4|5.4|5|8
14|95.27|1059|388|5.4|5.4|5|8
14.1|95.29|1062|388|5.4|5.4|5|8
14.2|95.29|1062|388|5.4|5.4|5|8
14.3|95.23|1059|388|5.4|5.4|5|8
14.4|95.23|1059|388|5.4|5.4|5|8
14.5|95.25|1059|388|5.4|5.4|2|8
14.6|94.98|1059|388|5.4|5.4|2|8
14.7|94.56|1070|388|5.4|5.4|2|8
14.8|94.16|1716|387|5.4|5.4|3|8
14.9|93.92|1784|387|5.4|5.4|3|8
15|93.82|1802|387|5.4|5.4|3|8
15.1|93.68|1809|386|5.4|5.4|3|8
15.2|93.65|1812|387|5.4|5.4|3|8
15.3|93.57|1814|387|5.4|5.4|3|8
15.4|93.61|1814|387|5.4|5.4|3|8
15.5|93.61|1817|387|5.4|5.4|3|8
15.6|93.61|1817|386|5.4|5.4|3|8
15.7|93.62|1820|386|5.4|5.4|3|8
15.8|93.61|1822|386|5.4|5.4|3|8
15.9|93.64|1817|386|5.4|5.4|3|8
16|93.65|1812|386|5.4|5.4|3|8
16.1|93.55|1814|386|5.4|5.4|3|8
16.2|93.6|1814|386|5.4|5.4|3|8
16.3|93.61|1814|386|5.4|5.4|3|8
16.4|93.61|1814|386|5.4|5.4|3|8
16.5|93.62|1814|386|5.4|5.4|3|8
16.6|93.64|1817|386|5.4|5.4|3|8
16.7|93.57|1817|386|5.4|5.4|3|8
16.8|93.58|1817|386|5.4|5.4|4|8
16.9|93.74|1820|386|5.4|5.4|4|8
17|93.97|1807|386|5.4|5.4|4|8
17.1|94.52|1142|386|5.4|5.4|5|8
17.2|94.82|1072|386|5.4|5.4|5|8
17.3|94.9|1067|386|5.4|5.4|5|8
17.4|94.95|1067|386|5.4|5.4|5|8
17.5|94.99|1067|387|5.4|5.4|5|8
17.6|95|1064|387|5.4|5.4|5|8
17.7|95|1064|388|5.4|5.4|5|8
17.8|94.99|1062|388|5.4|5.4|5|8
17.9|95|1067|388|5.4|5.4|5|8
18|95|1072|388|5.4|5.4|5|8
18.1|95|1072|388|5.4|5.4|5|8
18.2|95.02|1072|388|5.4|5.4|5|8
18.3|95.02|1072|388|5.4|5.4|5|8
18.4|95.06|1064|388|5.4|5.4|5|8
18.5|95.04|1062|388|5.4|5.4|5|8
18.6|94.99|1059|388|5.4|5.4|5|8
18.7|94.99|1059|388|5.4|5.4|5|8
18.8|94.99|1059|388|5.4|5.4|5|8
18.9|95|1059|388|5.4|5.4|5|8
19|95|1059|388|5.4|5.4|5|8
19.1|95.03|1057|388|5.4|5.4|2|8
19.2|94.91|1057|388|5.4|5.4|2|8
19.3|94.56|1059|388|5.4|5.4|2|8
19.4|94.1|1456|388|5.4|5.4|2|8
19.5|93.84|1781|387|5.4|5.4|3|8
19.6|93.57|1809|387|5.4|5.4|3|8
19.7|93.55|1822|387|5.4|5.4|3|8
19.8|93.39|1827|387|5.4|5.4|3|8
19.9|93.39|1830|387|5.4|5.4|3|8
20|93.42|1832|387|5.4|5.4|3|8
20.1|93.41|1832|387|5.4|5.4|3|8
20.2|93.42|1835|387|5.4|5.4|3|8
20.3|93.43|1835|387|5.4|5.4|3|8
20.4|93.41|1838|387|5.4|5.4|3|8
20.5|93.39|1838|387|5.4|5.4|3|8
20.6|93.42|1838|387|5.4|5.4|3|8
20.7|93.39|1838|387|5.4|5.4|3|8
20.8|93.42|1840|387|5.4|5.4|3|8
20.9|93.41|1840|387|5.4|5.4|3|8
21|93.42|1840|387|5.4|5.4|3|8
21.1|93.42|1840|387|5.4|5.4|3|8
21.2|93.42|1840|387|5.4|5.4|3|8
21.3|93.42|1840|387|5.4|5.4|3|8
21.4|93.41|1843|387|5.4|5.4|3|8
21.5|93.43|1843|387|5.4|5.4|4|8
21.6|93.64|1840|386|5.4|5.4|4|8
21.7|94.05|1704|387|5.4|5.4|4|8
21.8|94.53|1088|388|5.4|5.4|5|8
21.9|94.72|1075|388|5.4|5.4|5|8
22|94.78|1072|388|5.4|5.4|5|8
22.1|94.9|1070|388|5.4|5.4|5|8
22.2|94.86|1070|388|5.4|5.4|5|8
22.3|94.82|1070|388|5.4|5.4|5|8
22.4|94.88|1067|388|5.4|5.4|5|8
22.5|94.86|1067|388|5.4|5.4|5|8
22.6|94.87|1067|388|5.4|5.4|5|8
22.7|94.9|1067|388|5.4|5.4|5|8
22.8|94.82|1067|388|5.4|5.4|5|8
22.9|94.88|1064|388|5.4|5.4|5|8
23|94.86|1064|388|5.4|5.4|5|8
23.1|94.84|1064|388|5.4|5.4|5|8
23.2|94.87|1064|388|5.4|5.4|5|8
23.3|94.87|1064|388|5.4|5.4|5|8
23.4|94.83|1064|388|5.4|5.4|5|8
23.5|94.88|1064|388|5.4|5.4|5|8
23.6|94.84|1064|388|5.4|5.4|5|8
23.7|94.84|1064|388|5.4|5.4|5|8
23.8|94.86|1062|388|5.4|5.4|2|8
23.9|94.63|1062|388|5.4|5.4|2|8
24|94.25|1062|388|5.4|5.4|2|8
24.1|93.84|1719|388|5.4|5.4|3|8
24.2|93.58|1804|387|5.4|5.4|3|8
24.3|93.42|1825|387|5.4|5.4|3|8
24.4|93.39|1832|387|5.4|5.4|3|8
24.5|93.34|1838|387|5.4|5.4|3|8
24.6|93.31|1840|387|5.4|5.4|3|8
24.7|93.29|1843|387|5.4|5.4|3|8
24.8|93.31|1845|386|5.4|5.4|3|8
24.9|93.31|1845|387|5.4|5.4|3|8
25|93.3|1848|387|5.4|5.4|3|8
25.1|93.31|1848|387|5.4|5.4|3|8
25.2|93.3|1851|387|5.4|5.4|3|8
25.3|93.3|1851|387|5.4|5.4|3|8
25.4|93.33|1851|387|5.4|5.4|3|8
25.5|93.33|1851|387|5.4|5.4|3|8
25.6|93.33|1851|387|5.4|5.4|3|8
25.7|93.35|1853|387|5.4|5.4|3|8
25.8|93.23|1853|387|5.4|5.4|3|8
25.9|93.35|1853|387|5.4|5.4|3|8
26|93.22|1856|387|5.4|5.4|3|8
26.1|93.34|1856|387|5.4|5.4|4|8
26.2|93.38|1853|387|5.4|5.4|4|8
26.3|93.74|1838|387|5.4|5.4|4|8
26.4|94.24|1186|388|5.4|5.4|5|8
26.5|94.56|1080|388|5.4|5.4|5|8
26.6|94.71|1075|388|5.4|5.4|5|8
26.7|94.7|1072|388|5.4|5.4|5|8
26.8|94.72|1070|388|5.4|5.4|5|8
26.9|94.71|1070|388|5.4|5.4|5|8
27|94.78|1070|388|5.4|5.4|5|8
27.1|94.79|1067|388|5.4|5.4|5|8
27.2|94.76|1075|388|5.4|5.4|5|8
27.3|94.76|1080|388|5.4|5.4|5|8
27.4|94.76|1080|388|5.4|5.4|5|8
27.5|94.78|1080|388|5.4|5.4|5|8
27.6|94.72|1080|388|5.4|5.4|5|8
27.7|94.78|1072|388|5.4|5.4|5|8
27.8|94.79|1067|388|5.4|5.4|5|8
27.9|94.76|1067|388|5.4|5.4|5|8
28|94.76|1070|388|5.4|5.4|5|8
28.1|94.75|1067|388|5.4|5.4|5|8
28.2|94.76|1067|388|5.4|5.4|5|8
28.3|94.76|1067|388|5.4|5.4|5|8
28.4|94.79|1067|388|5.4|5.4|2|8
28.5|94.71|1067|388|5.4|5.4|2|8
28.6|94.36|1067|388|5.4|5.4|2|8
28.7|93.89|1397|388|5.4|5.4|2|8
28.8|93.57|1786|388|5.4|5.4|3|8
28.9|93.42|1820|388|5.4|5.4|3|8
29|93.33|1838|388|5.4|5.4|3|8
29.1|93.22|1845|388|5.4|5.4|3|8
29.2|93.19|1851|387|5.4|5.4|3|8
29.3|93.19|1851|387|5.4|5.4|3|8
29.4|93.21|1853|387|5.4|5.4|3|8
29.5|93.22|1856|387|5.4|5.4|3|8
29.6|93.22|1858|387|5.4|5.4|3|8
29.7|93.23|1858|387|5.4|5.4|3|8
29.8|93.18|1861|387|5.4|5.4|3|8
29.9|93.21|1861|387|5.4|5.4|3|8
30|93.21|1861|387|5.4|5.4|3|8
30.1|93.21|1863|386|5.4|5.4|3|8
30.2|93.21|1863|386|5.4|5.4|3|8
30.3|93.23|1861|386|5.4|5.4|3|8
30.4|93.19|1863|386|5.4|5.4|3|8
30.5|93.22|1863|386|5.4|5.4|3|8
30.6|93.18|1863|386|5.4|5.4|3|8
30.7|93.22|1863|386|5.4|5.4|3|8
30.8|93.25|1863|386|5.4|5.4|4|8
30.9|93.46|1861|386|5.4|5.4|4|8
31|93.82|1776|386|5.4|5.4|4|8
31.1|94.32|1093|388|5.4|5.4|5|8
31.2|94.55|1077|388|5.4|5.4|5|8
31.3|94.66|1075|388|5.4|5.4|5|8
31.4|94.72|1072|388|5.4|5.4|5|8
31.5|94.76|1070|388|5.4|5.4|5|8
31.6|94.71|1070|388|5.4|5.4|5|8
31.7|94.66|1067|388|5.4|5.4|5|8
31.8|94.71|1070|388|5.4|5.4|5|8
31.9|94.72|1075|388|5.4|5.4|5|8
32|94.76|1072|388|5.4|5.4|5|8
32.1|94.7|1072|388|5.4|5.4|5|8
32.2|94.66|1075|388|5.4|5.4|5|8
32.3|94.7|1070|388|5.4|5.4|5|8
32.4|94.71|1067|388|5.4|5.4|5|8
32.5|94.71|1067|388|5.4|5.4|5|8
32.6|94.71|1067|388|5.4|5.4|5|8
32.7|94.79|1067|388|5.4|5.4|5|8
32.8|94.7|1064|388|5.4|5.4|5|8
32.9|94.67|1064|388|5.4|5.4|5|8
33|94.71|1064|388|5.4|5.4|5|8
33.1|94.76|1064|388|5.4|5.4|2|8
33.2|94.47|1064|388|5.4|5.4|2|8
33.3|94.09|1067|388|5.4|5.4|2|8
33.4|93.7|1680|387|5.4|5.4|3|8
33.5|93.43|1809|387|5.4|5.4|3|8
33.6|93.21|1838|386|5.4|5.4|3|8
33.7|93.26|1848|386|5.4|5.4|3|8
33.8|93.18|1858|386|5.4|5.4|3|8
33.9|93.18|1861|386|5.4|5.4|3|8
34|93.06|1863|386|5.4|5.4|3|8
34.1|93.14|1866|386|5.4|5.4|3|8
34.2|93.1|1866|386|5.4|5.4|3|8
34.3|93.11|1869|386|5.4|5.4|3|8
34.4|93.1|1869|386|5.4|5.4|3|8
34.5|93.13|1869|386|5.4|5.4|3|8
34.6|93.09|1871|386|5.4|5.4|3|8
34.7|93.11|1871|386|5.4|5.4|3|8
34.8|93.11|1871|386|5.4|5.4|3|8
34.9|93.09|1871|386|5.4|5.4|3|8
35|93.11|1874|386|5.4|5.4|3|8
35.1|93.1|1874|386|5.4|5.4|3|8
35.2|93.1|1874|386|5.4|5.4|3|8
35.3|93.11|1874|386|5.4|5.4|3|8
35.4|93.1|1876|386|5.4|5.4|4|8
35.5|93.17|1876|386|5.4|5.4|4|8
35.6|93.42|1863|386|5.4|5.4|4|8
35.7|93.9|1307|387|5.4|5.4|5|8
35.8|94.21|1082|388|5.4|5.4|2|8
35.9|94.23|1075|388|5.4|5.4|2|8
36|94.13|1072|388|5.4|5.4|2|8
36.1|94.06|1072|388|5.4|5.4|2|8
36.2|94.05|1070|388|5.4|5.4|2|8
36.3|94.02|1067|388|5.4|5.4|2|8
36.4|93.92|1067|388|5.4|5.4|2|8
36.5|93.9|1070|388|5.4|5.4|2|8
36.6|93.8|1077|388|5.4|5.4|2|8
36.7|93.81|1113|388|5.4|5.4|2|8
36.8|93.66|1101|388|5.4|5.4|2|8
36.9|93.69|1430|388|5.4|5.4|2|8
37|93.54|1706|388|5.4|5.4|2|8
37.1|93.72|1729|387|5.4|5.4|2|8
37.2|93.81|1714|387|5.4|5.4|2|8
37.3|94|1237|388|5.4|5.4|2|8
37.4|94.17|1075|388|5.4|5.4|2|8
37.5|94.2|1072|388|5.4|5.4|2|8
37.6|94.12|1070|388|5.4|5.4|2|8
37.7|94.04|1070|388|5.4|5.4|2|8
37.8|94.04|1072|388|5.4|5.4|2|8
37.9|93.97|1072|388|5.4|5.4|2|8
38|93.92|1075|388|5.4|5.4|2|8
38.1|93.86|1137|388|5.4|5.4|2|8
38.2|93.84|1474|388|5.4|5.4|2|8
38.3|93.81|1299|388|5.4|5.4|2|8
38.4|93.7|1624|388|5.4|5.4|2|8
38.5|93.78|1693|388|5.4|5.4|2|8
38.6|93.85|1691|388|5.4|5.4|2|8
38.7|94.1|1570|388|5.4|5.4|2|8
38.8|94.28|1090|388|5.4|5.4|2|8
38.9|94.29|1072|388|5.4|5.4|2|8
39|94.32|1070|388|5.4|5.4|2|8
39.1|94.32|1067|388|5.4|5.4|2|8
39.2|94.25|1067|388|5.4|5.4|2|8
39.3|94.09|1082|388|5.4|5.4|2|8
39.4|94.05|1067|388|5.4|5.4|2|8
39.5|94.04|1072|388|5.4|5.4|2|8
39.6|93.98|1072|388|5.4|5.4|2|8
39.7|93.93|1070|388|5.4|5.4|2|8
39.8|93.84|1144|388|5.4|5.4|2|8
39.9|93.84|1095|388|5.4|5.4|2|8
40|93.7|1415|388|5.4|5.4|2|8
40.1|93.62|1616|388|5.4|5.4|2|8
40.2|93.8|1657|388|5.4|5.4|2|8
40.3|93.86|1660|388|5.4|5.4|2|8
40.4|94.12|1250|388|5.4|5.4|2|8
40.5|94.23|1072|388|5.4|5.4|2|8
40.6|94.23|1067|388|5.4|5.4|2|8
40.7|94.31|1067|388|5.4|5.4|2|8
40.8|94.23|1067|388|5.4|5.4|2|8
40.9|94.08|1067|388|5.4|5.4|2|8
41|94.06|1064|388|5.4|5.4|2|8
41.1|94.04|1064|388|5.4|5.4|2|8
41.2|93.92|1067|388|5.4|5.4|2|8
41.3|93.9|1108|388|5.4|5.4|2|8
41.4|93.8|1131|388|5.4|5.4|2|8
41.5|93.82|1131|388|5.4|5.4|2|8
41.6|93.65|1389|388|5.4|5.4|2|8
41.7|93.6|1639|388|5.4|5.4|2|8
41.8|93.78|1629|388|5.4|5.4|2|8
41.9|93.85|1510|388|5.4|5.4|2|8
42|94|1077|388|5.4|5.4|2|8
42.1|94.13|1067|388|5.4|5.4|2|8
42.2|94.05|1067|388|5.4|5.4|2|8
42.3|94.04|1067|388|5.4|5.4|2|8
42.4|93.97|1064|388|5.4|5.4|2|8
42.5|93.93|1064|388|5.4|5.4|2|8
42.6|93.85|1064|388|5.4|5.4|2|8
42.7|93.84|1064|388|5.4|5.4|2|8
42.8|93.72|1129|388|5.4|5.4|2|8
42.9|93.64|1160|388|5.4|5.4|2|8
43|93.62|1479|388|5.4|5.4|2|8
43.1|93.51|1624|388|5.4|5.4|2|8
43.2|93.7|1642|388|5.4|5.4|2|8
43.3|93.8|1660|388|5.4|5.4|2|8
43.4|93.98|1649|388|5.4|5.4|2|8
43.5|94.21|1121|388|5.4|5.4|2|8
43.6|94.31|1070|388|5.4|5.4|2|8
43.7|94.39|1070|388|5.4|5.4|2|8
43.8|94.25|1067|388|5.4|5.4|2|8
43.9|94.25|1067|388|5.4|5.4|2|8
44|94.1|1067|388|5.4|5.4|2|8
44.1|94.06|1072|388|5.4|5.4|2|8
44.2|94.04|1067|388|5.4|5.4|2|8
44.3|93.98|1070|388|5.4|5.4|2|8
44.4|93.93|1075|388|5.4|5.4|2|8
44.5|93.85|1160|388|5.4|5.4|2|8
44.6|93.82|1101|388|5.4|5.4|2|8
44.7|93.72|1149|388|5.4|5.4|2|8
44.8|93.64|1142|388|5.4|5.4|2|8
44.9|93.55|1276|388|5.4|5.4|2|8
45|93.6|1183|388|5.4|5.4|2|8
45.1|93.5|1358|388|5.4|5.4|2|8
45.2|93.45|1353|388|5.4|5.4|2|8
45.3|93.37|1343|388|5.4|5.4|2|8
45.4|93.21|1345|388|5.4|5.4|2|8
45.5|93.21|1178|388|5.4|5.4|2|8
45.6|93.19|1425|388|5.4|5.4|2|8
45.7|93.02|1394|388|5.4|5.4|2|8
45.8|93.04|1363|388|5.4|5.4|2|8
45.9|92.87|1320|388|5.4|5.4|2|8
46|92.91|1299|388|5.4|5.4|2|8
46.1|92.74|1379|388|5.4|5.4|2|8
46.2|92.67|1253|388|5.4|5.4|2|8
46.3|92.66|1224|388|5.4|5.4|2|8
46.4|92.66|1198|388|5.4|5.4|2|8
46.5|92.43|1162|388|5.4|5.4|2|8
46.6|92.43|1222|388|5.4|5.4|2|8
46.7|92.33|1327|388|5.4|5.4|2|8
46.8|92.23|1356|388|5.4|5.4|2|8
46.9|92.12|1216|388|5.4|5.4|2|8
47|92.07|1196|388|5.4|5.4|2|8
47.1|91.96|1170|388|5.4|5.4|2|8
47.2|91.9|1237|388|5.4|5.4|2|8
47.3|91.84|1351|388|5.4|5.4|2|8
47.4|91.76|1281|388|5.4|5.4|2|8
47.5|91.6|1142|388|5.4|5.4|2|8
47.6|91.53|1201|388|5.4|5.4|2|8
47.7|91.49|1253|388|5.4|5.4|2|8
47.8|91.39|1235|388|5.4|5.4|2|8
47.9|91.27|1204|388|5.4|5.4|2|8
48|91.22|1126|388|5.4|5.4|2|8
48.1|91.07|1188|388|5.4|5.4|2|8
48.2|90.99|1214|388|5.4|5.4|2|8
48.3|90.88|1180|388|5.4|5.4|2|8
48.4|90.82|1309|388|5.4|5.4|2|8
48.5|90.63|1175|388|5.4|5.4|2|8
48.6|90.62|1162|388|5.4|5.4|2|8
48.7|90.52|1237|388|5.4|5.4|2|8
48.8|90.36|1173|388|5.4|5.4|2|8
48.9|90.32|1229|388|5.4|5.4|2|8
49|90.19|1273|388|5.4|5.4|2|8
49.1|90.05|1224|388|5.4|5.4|2|8
49.2|89.94|1134|388|5.4|5.4|2|8
49.3|89.88|1142|388|5.4|5.4|2|8
49.4|89.78|1196|388|5.4|5.4|2|8
49.5|89.68|1374|388|5.4|5.4|2|8
49.6|89.56|1160|388|5.4|5.4|2|8
49.7|89.42|1188|388|5.4|5.4|2|8
49.8|89.33|1191|388|5.4|5.4|2|8
49.9|89.17|1193|388|5.4|5.4|2|8
50|89.09|1320|388|5.4|5.4|2|8
50.1|89.01|1273|388|5.4|5.4|2|8
50.2|88.88|1227|388|5.4|5.4|2|8
50.3|88.74|1335|388|5.4|5.4|2|8
50.4|88.58|1168|388|5.4|5.4|2|8
50.5|88.5|1214|389|5.4|5.4|2|8
50.6|88.35|1258|389|5.4|5.4|2|8
50.7|88.21|1165|388|5.4|5.4|2|8
50.8|88.09|1235|388|5.4|5.4|2|8
50.9|87.99|1384|388|5.4|5.4|2|8
51|87.86|1299|388|5.4|5.4|2|8
51.1|87.7|1245|388|5.4|5.4|2|8
51.2|87.56|1180|388|5.4|5.4|2|8
51.3|87.39|1178|388|5.4|5.4|2|8
51.4|87.31|1193|388|5.4|5.4|2|8
51.5|87.19|1356|388|5.4|5.4|2|8
51.6|87.03|1242|388|5.4|5.4|2|8
51.7|86.89|1175|388|5.4|5.4|2|8
51.8|86.72|1178|388|5.4|5.4|2|8
51.9|86.6|1216|388|5.4|5.4|2|8
52|86.4|1332|388|5.4|5.4|2|8
52.1|86.28|1284|388|5.4|5.4|2|8
52.2|86.13|1345|388|5.4|5.4|2|8
52.3|86.03|1253|388|5.4|5.4|2|8
52.4|85.88|1322|388|5.4|5.4|2|8
52.5|85.72|1245|388|5.4|5.4|2|8
52.6|85.48|1307|388|5.4|5.4|2|8
52.7|85.4|1242|388|5.4|5.4|2|8
52.8|85.21|1191|388|5.4|5.4|2|8
52.9|85.03|1198|389|5.4|5.4|2|8
53|84.91|1258|389|5.4|5.4|2|8
53.1|84.71|1415|388|5.4|5.4|2|8
53.2|84.52|1265|388|5.4|5.4|2|8
53.3|84.4|1227|388|5.4|5.4|2|8
53.4|84.21|1325|388|5.4|5.4|2|8
53.5|84.11|1322|388|5.4|5.4|2|8
53.6|83.89|1289|388|5.4|5.4|2|8
53.7|83.68|1276|388|5.4|5.4|2|8
53.8|83.49|1247|388|5.4|5.4|2|8
53.9|83.3|1152|388|5.4|5.4|2|8
54|83.1|1255|388|5.4|5.4|2|8
54.1|82.9|1335|388|5.4|5.4|2|8
54.2|82.74|1402|388|5.4|5.4|2|8
54.3|82.56|1271|388|5.4|5.4|2|8
54.4|82.36|1353|388|5.4|5.4|2|8
54.5|82.16|1327|389|5.4|5.4|6|8
54.6|80.87|1876|388|5.4|5.4|6|8
54.7|78.24|1941|387|5.4|5.4|6|8
54.8|75.53|101|388|5.4|5.4|7|8
54.9|73.33|0|388|5.4|5.4|7|8
55|72.23|0|388|5.4|5.4|7|8
55.1|71.67|0|388|5.4|5.4|7|8
55.2|71.45|0|388|5.4|5.4|7|8
55.3|71.3|0|388|5.4|5.4|7|8
55.4|71.25|0|388|5.4|5.4|7|8
55.5|71.24|0|388|5.4|5.4|7|8
55.6|71.22|0|388|5.4|5.4|7|8
55.7|71.22|0|388|5.4|5.4|7|8
55.8|71.25|0|388|5.4|5.4|7|8
55.9|71.25|0|388|5.4|5.4|7|8
56|71.24|0|388|5.4|5.4|7|8
56.1|71.24|0|388|5.4|5.4|7|8
56.2|71.26|0|389|5.4|5.4|7|8
56.3|71.29|0|389|5.4|5.4|7|8
56.4|71.34|0|389|5.4|5.4|7|8
56.5|71.26|0|388|5.4|5.4|7|8
56.6|71.21|0|388|5.4|5.4|7|8
56.7|71.2|0|388|5.4|5.4|7|8
56.8|71.18|0|388|5.4|5.4|7|8
56.9|71.22|0|388|5.4|5.4|7|8
57|71.24|0|389|5.4|5.4|7|8
57.1|71.24|0|389|5.4|5.4|7|8
57.2|71.26|0|389|5.4|5.4|7|8
57.3|71.25|0|389|5.4|5.4|7|8
57.4|71.22|0|389|5.4|5.4|7|8
57.5|71.18|0|388|5.4|5.4|7|8
57.6|71.22|0|388|5.4|5.4|7|8
57.7|71.22|0|388|5.4|5.4|7|8
57.8|71.25|0|388|5.4|5.4|7|8
57.9|71.24|0|388|5.4|5.4|7|8
58|71.22|0|388|5.4|5.4|7|8
58.1|71.21|0|388|5.4|5.4|7|8
58.2|71.21|0|388|5.4|5.4|7|8
58.3|71.21|0|388|5.4|5.4|7|8
58.4|71.21|0|388|5.4|5.4|7|8
58.5|71.18|0|388|5.4|5.4|7|8
58.6|71.2|0|388|5.4|5.4|7|8
58.7|71.2|0|388|5.4|5.4|7|8
58.8|71.2|0|388|5.4|5.4|7|8
58.9|71.22|0|388|5.4|5.4|7|8
59|71.24|0|388|5.4|5.4|7|8
59.1|71.26|0|388|5.4|5.4|7|8
59.2|71.22|0|388|5.4|5.4|7|8
59.3|71.21|0|388|5.4|5.4|7|8
59.4|71.21|0|388|5.4|5.4|7|8
59.5|71.21|0|388|5.4|5.4|7|8
59.6|71.21|0|388|5.4|5.4|7|8
59.7|71.2|0|388|5.4|5.4|7|8
59.8|71.18|0|388|5.4|5.4|7|8
59.9|71.21|0|388|5.4|5.4|7|8
60|71.21|0|388|5.4|5.4|7|8
60.1|71.24|0|388|5.4|5.4|7|8
60.2|71.24|0|388|5.4|5.4|7|8
60.3|71.22|0|388|5.4|5.4|7|8
60.4|71.22|0|388|5.4|5.4|7|8
60.5|71.2|0|388|5.4|5.4|7|8
60.6|71.2|0|388|5.4|5.4|7|8
60.7|71.2|0|388|5.4|5.4|7|8
60.8|71.2|0|388|5.4|5.4|7|8
60.9|71.21|0|388|5.4|5.4|7|8
61|71.21|0|388|5.4|5.4|7|8
61.1|71.22|0|388|5.4|5.4|7|8
61.2|71.22|0|388|5.4|5.4|7|8
61.3|71.17|0|388|5.4|5.4|7|8
61.4|71.21|0|388|5.4|5.4|7|8
61.5|71.21|0|388|5.4|5.4|7|8
61.6|71.24|0|388|5.4|5.4|7|8
61.7|71.2|0|388|5.4|5.4|7|8
61.8|71.18|0|388|5.4|5.4|7|8
61.9|71.2|0|388|5.4|5.4|7|8
62|71.21|0|388|5.4|5.4|7|8
62.1|71.24|0|388|5.4|5.4|7|8
62.2|71.2|0|388|5.4|5.4|7|8
62.3|71.22|0|388|5.4|5.4|7|8
62.4|71.2|0|388|5.4|5.4|7|8
62.5|71.17|0|388|5.4|5.4|7|8
62.6|71.2|0|388|5.4|5.4|7|8
62.7|71.2|0|388|5.4|5.4|7|8
62.8|71.2|0|388|5.4|5.4|7|8
62.9|71.2|0|388|5.4|5.4|7|8
63|71.2|0|388|5.4|5.4|7|8
63.1|71.2|0|388|5.4|5.4|7|8
63.2|71.24|0|388|5.4|5.4|7|8
63.3|71.21|0|388|5.4|5.4|7|8
63.4|71.2|0|388|5.4|5.4|7|8
63.5|71.17|0|388|5.4|5.4|7|8
63.6|71.18|0|388|5.4|5.4|7|8
63.7|71.18|0|388|5.4|5.4|7|8
63.8|71.2|0|388|5.4|5.4|7|8
63.9|71.2|0|388|5.4|5.4|7|8
64|71.25|0|388|5.4|5.4|7|8
64.1|71.2|0|388|5.4|5.4|7|8
64.2|71.17|0|388|5.4|5.4|7|8
64.3|71.18|0|388|5.4|5.4|7|8
64.4|71.2|0|388|5.4|5.4|7|8
64.5|71.18|0|388|5.4|5.4|7|8
64.6|71.2|0|388|5.4|5.4|7|8
64.7|71.25|0|388|5.4|5.4|7|8
64.8|71.21|0|388|5.4|5.4|7|8
64.9|71.2|0|388|5.4|5.4|7|8
65|71.21|0|388|5.4|5.4|7|8
65.1|71.2|0|388|5.4|5.4|7|8
65.2|71.18|0|388|5.4|5.4|7|8
65.3|71.2|0|388|5.4|5.4|7|8
65.4|71.18|0|388|5.4|5.4|7|8
65.5|71.18|0|388|5.4|5.4|7|8
65.6|71.18|0|388|5.4|5.4|7|8
65.7|71.18|0|390|5.4|5.4|7|8
65.8|71.18|0|390|5.4|5.4|7|8
65.9|71.18|0|390|5.4|5.4|7|8
66|71.2|0|390|5.4|5.4|7|8
66.1|71.2|0|390|5.4|5.4|7|8
66.2|71.21|0|390|5.4|5.4|7|8
66.3|71.22|0|390|5.4|5.4|7|8
66.4|71.2|0|390|5.4|5.4|7|8
66.5|71.18|0|390|5.4|5.4|7|8
66.6|71.18|0|390|5.4|5.4|7|8
66.7|71.16|0|390|5.4|5.4|7|8
66.8|71.2|0|390|5.4|5.4|7|8
66.9|71.2|0|390|5.4|5.4|7|8
67|71.2|0|390|5.4|5.4|7|8
67.1|71.18|0|388|5.4|5.4|7|8
67.2|71.2|0|386|5.4|5.4|7|8
67.3|71.2|0|386|5.4|5.4|7|8
67.4|71.18|0|386|5.4|5.4|7|8
67.5|71.21|0|386|5.4|5.4|7|8
67.6|71.2|0|386|5.4|5.4|7|8
67.7|71.17|0|386|5.4|5.4|7|8
67.8|71.3|0|387|5.4|5.4|8|8
67.9|71.12|0|388|5.4|5.4|8|8
68|71.06|0|388|5.4|5.4|8|8
68.1|71.13|0|389|5.4|5.4|8|8
68.2|71.14|0|390|5.4|5.4|8|8
68.3|71.18|0|390|5.4|5.4|8|8
68.4|71.12|0|390|5.4|5.4|8|8
68.5|71.12|0|390|5.4|5.4|8|8
68.6|71.13|0|390|5.3|5.3|8|8
68.7|71.13|0|390|5.3|5.3|8|8
68.8|71.13|0|390|5.3|5.3|8|8
68.9|71.13|0|390|5.3|5.3|8|8
69|71.13|0|390|5.2|5.2|8|8
69.1|71.14|0|390|5.2|5.2|8|8
69.2|71.14|0|390|5.2|5.2|8|8
69.3|71.18|0|390|5.2|5.2|8|8
69.4|71.12|0|390|5.2|5.2|8|8
69.5|71.13|0|390|5.2|5.2|8|8
69.6|71.14|0|390|5.2|5.2|8|8
69.7|71.16|0|390|5.2|5.2|8|8
69.8|71.59|0|390|5.2|5.2|8|8
69.9|74.51|0|390|5.2|5.2|8|8
70|77.48|0|390|5.2|5.2|8|8
70.1|80.46|0|390|5.2|5.2|8|8
70.2|83.42|0|390|5.1|5.2|8|8
70.3|86.32|0|390|5.1|5.1|8|8
70.4|89.22|0|390|5.1|5.1|8|8
70.5|92.15|0|390|5.1|5.1|8|8
70.6|94.43|0|390|5.1|5.1|8|8
70.7|95.39|0|390|5.1|5.1|8|8
70.8|95.8|0|390|5.1|5.1|8|8
