0|96|1363|418|5.1|5.1|1|8
0.1|96.01|1613|424|5.1|5.1|1|8
0.2|96.02|1637|426|5.1|5.1|1|8
0.3|96.02|1649|426|5.1|5.1|1|8
0.4|96.01|1660|426|5.1|5.1|1|8
0.5|95.94|1673|426|5.1|5.1|3|8
0.6|95.98|1678|426|5.1|5.1|3|8
0.7|96.05|1691|426|5.1|5.1|3|8
0.8|95.97|1704|426|5.1|5.1|3|8
0.9|95.96|1711|426|5.1|5.1|3|8
1|95.9|1714|426|5.1|5.1|3|8
1.1|95.92|1716|426|5.1|5.1|3|8
1.2|95.94|1714|426|5.1|5.1|3|8
1.3|95.93|1714|426|5.1|5.1|3|8
1.4|95.97|1714|426|5.1|5.1|3|8
1.5|95.98|1670|426|5.1|5.1|3|8
1.6|96|1649|426|5.2|5.1|3|8
1.7|95.93|1397|426|5.2|5.2|2|8
1.8|95.86|1106|424|5.2|5.2|2|8
1.9|95.59|1108|423|5.2|5.2|2|8
2|95.19|1152|423|5.2|5.2|2|8
2.1|94.72|1214|424|5.2|5.2|2|8
2.2|94.28|1619|424|5.2|5.2|3|8
2.3|93.94|1771|424|5.2|5.2|3|8
2.4|93.84|1786|425|5.2|5.2|3|8
2.5|93.6|1794|425|5.2|5.2|3|8
2.6|93.66|1799|425|5.2|5.2|3|8
2.7|93.62|1804|425|5.2|5.2|3|8
2.8|93.58|1807|425|5.2|5.2|3|8
2.9|93.57|1809|425|5.2|5.2|3|8
3|93.53|1812|425|5.2|5.2|3|8
3.1|93.57|1812|424|5.2|5.2|3|8
3.2|93.58|1812|424|5.2|5.2|3|8
3.3|93.58|1814|424|5.2|5.2|3|8
3.4|93.61|1817|424|5.2|5.2|3|8
3.5|93.65|1817|424|5.2|5.2|3|8
3.6|93.6|1822|424|5.2|5.2|3|8
3.7|93.55|1825|424|5.2|5.2|3|8
3.8|93.54|1825|424|5.2|5.2|3|8
3.9|93.61|1825|424|5.2|5.2|3|8
4|93.58|1827|424|5.2|5.2|3|8
4.1|93.58|1830|424|5.2|5.2|3|8
4.2|93.58|1830|424|5.2|5.2|4|8
4.3|93.72|1830|424|5.2|5.2|4|8
4.4|93.94|1814|424|5.2|5.2|4|8
4.5|94.47|1714|424|5.2|5.2|4|8
4.6|94.88|1111|422|5.2|5.2|5|8
4.7|95.1|1095|422|5.2|5.2|5|8
4.8|95.18|1093|421|5.2|5.2|5|8
4.9|95.3|1090|421|5.2|5.2|5|8
5|95.29|1088|421|5.2|5.2|5|8
5.1|95.25|1088|421|5.2|5.2|5|8
5.2|95.29|1085|421|5.2|5.2|5|8
5.3|95.27|1088|421|5.2|5.2|5|8
5.4|95.29|1085|421|5.2|5.2|5|8
5.5|95.31|1088|421|5.2|5.2|5|8
5.6|95.22|1085|421|5.2|5.2|5|8
5.7|95.26|1082|421|5.3|5.3|5|8
5.8|95.27|1082|421|5.3|5.3|5|8
5.9|95.31|1082|421|5.3|5.3|5|8
6|95.29|1082|421|5.3|5.3|5|8
6.1|95.27|1085|421|5.3|5.3|5|8
6.2|95.26|1085|421|5.3|5.3|5|8
6.3|95.27|1085|421|5.3|5.3|5|8
6.4|95.27|1082|421|5.3|5.3|5|8
6.5|95.29|1082|422|5.3|5.3|5|8
6.6|95.29|1082|422|5.3|5.3|2|8
6.7|95.08|1082|422|5.3|5.3|2|8
6.8|94.7|1082|422|5.3|5.3|2|8
6.9|94.29|1129|422|5.3|5.3|2|8
7|93.84|1603|422|5.3|5.3|3|8
7.1|93.42|1794|423|5.3|5.3|3|8
7.2|93.18|1812|424|5.3|5.3|3|8
7.3|93.1|1825|424|5.3|5.3|3|8
7.4|93.17|1830|424|5.3|5.3|3|8
7.5|93.23|1835|424|5.3|5.3|3|8
7.6|93.15|1840|424|5.3|5.3|3|8
7.7|93.13|1843|424|5.3|5.3|3|8
7.8|93.11|1845|424|5.3|5.3|3|8
7.9|93.04|1848|424|5.3|5.3|3|8
8|93.07|1851|424|5.3|5.3|3|8
8.1|93.09|1853|424|5.3|5.3|3|8
8.2|93.13|1853|424|5.3|5.3|3|8
8.3|93.14|1856|425|5.3|5.3|3|8
8.4|93.06|1858|425|5.3|5.3|3|8
8.5|93.09|1858|425|5.3|5.3|3|8
8.6|93.09|1858|425|5.3|5.3|3|8
8.7|93.13|1861|425|5.3|5.3|3|8
8.8|93.11|1861|425|5.3|5.3|3|8
8.9|93.07|1861|425|5.3|5.3|3|8
9|93.07|1861|425|5.3|5.3|4|8
9.1|93.17|1863|425|5.3|5.3|4|8
9.2|93.43|1856|425|5.3|5.3|4|8
9.3|93.9|1492|426|5.3|5.3|4|8
9.4|94.32|1106|424|5.3|5.3|5|8
9.5|94.45|1101|422|5.3|5.3|5|8
9.6|94.6|1098|422|5.3|5.3|5|8
9.7|94.61|1095|422|5.3|5.3|5|8
9.8|94.63|1093|422|5.4|5.3|5|8
9.9|94.57|1093|422|5.4|5.4|5|8
10|94.61|1090|422|5.4|5.4|5|8
10.1|94.67|1090|422|5.4|5.4|5|8
10.2|94.66|1090|422|5.4|5.4|5|8
10.3|94.6|1101|407|5.4|5.4|5|8
10.4|94.59|1101|398|5.4|5.4|5|8
10.5|94.63|1098|396|5.4|5.4|5|8
10.6|94.68|1098|394|5.4|5.4|5|8
10.7|94.64|1098|394|5.4|5.4|5|8
10.8|94.64|1098|394|5.4|5.4|5|8
10.9|94.64|1098|394|5.4|5.4|5|8
11|94.57|1098|394|5.4|5.4|5|8
11.1|94.6|1098|394|5.4|5.4|5|8
11.2|94.66|1098|394|5.4|5.4|5|8
11.3|94.67|1098|394|5.4|5.4|5|8
11.4|94.66|1098|394|5.4|5.4|2|8
11.5|94.39|1098|394|5.4|5.4|2|8
11.6|93.96|1098|394|5.4|5.4|2|8
11.7|93.46|1631|395|5.4|5.4|3|8
11.8|93.19|1835|395|5.4|5.4|3|8
11.9|93.04|1856|394|5.4|5.4|3|8
12|92.94|1863|394|5.4|5.4|3|8
12.1|92.9|1871|394|5.4|5.4|3|8
12.2|92.84|1876|394|5.4|5.4|3|8
12.3|92.86|1884|394|5.4|5.4|3|8
12.4|92.83|1887|394|5.4|5.4|3|8
12.5|92.82|1889|394|5.4|5.4|3|8
12.6|92.86|1892|394|5.4|5.4|3|8
12.7|92.84|1894|394|5.4|5.4|3|8
12.8|92.86|1897|394|5.4|5.4|3|8
12.9|92.82|1897|394|5.4|5.4|3|8
13|92.84|1899|394|5.4|5.4|3|8
13.1|92.86|1899|395|5.4|5.4|3|8
13.2|92.83|1902|394|5.4|5.4|3|8
13.3|92.83|1902|394|5.4|5.4|3|8
13.4|92.84|1905|395|5.4|5.4|3|8
13.5|92.86|1905|394|5.4|5.4|3|8
13.6|92.83|1905|395|5.4|5.4|3|8
13.7|92.84|1905|395|5.4|5.4|4|8
13.8|92.86|1905|395|5.4|5.4|4|8
13.9|93.13|1897|395|5.4|5.4|4|8
14|93.73|1784|396|5.4|5.4|4|8
14.1|94.16|1129|395|5.4|5.4|5|8
14.2|94.29|1113|394|5.4|5.4|5|8
14.3|94.44|1111|394|5.4|5.4|5|8
14.4|94.43|1111|394|5.4|5.4|5|8
14.5|94.48|1108|394|5.4|5.4|5|8
14.6|94.52|1108|394|5.4|5.4|5|8
14.7|94.44|1106|394|5.4|5.4|5|8
14.8|94.47|1106|394|5.4|5.4|5|8
14.9|94.47|1103|394|5.4|5.4|5|8
15|94.48|1103|394|5.4|5.4|5|8
15.1|94.49|1103|394|5.4|5.4|5|8
15.2|94.45|1101|394|5.4|5.4|5|8
15.3|94.47|1101|394|5.4|5.4|5|8
15.4|94.48|1101|394|5.4|5.4|5|8
15.5|94.47|1101|394|5.4|5.4|5|8
15.6|94.43|1101|394|5.4|5.4|5|8
15.7|94.47|1101|394|5.4|5.4|5|8
15.8|94.48|1101|394|5.4|5.4|5|8
15.9|94.48|1101|394|5.4|5.4|5|8
16|94.49|1101|394|5.4|5.4|5|8
16.1|94.48|1101|394|5.4|5.4|2|8
16.2|94.28|1101|394|5.4|5.4|2|8
16.3|93.89|1101|394|5.4|5.4|2|8
16.4|93.41|1348|395|5.4|5.4|2|8
16.5|93|1807|396|5.4|5.4|3|8
16.6|92.8|1869|396|5.4|5.4|3|8
16.7|92.67|1884|396|5.4|5.4|3|8
16.8|92.64|1889|396|5.4|5.4|3|8
16.9|92.63|1894|395|5.4|5.4|3|8
17|92.56|1899|395|5.4|5.4|3|8
17.1|92.6|1902|396|5.4|5.4|3|8
17.2|92.59|1905|396|5.4|5.4|3|8
17.3|92.6|1907|396|5.4|5.4|3|8
17.4|92.62|1910|396|5.4|5.4|3|8
17.5|92.56|1910|395|5.4|5.4|3|8
17.6|92.62|1912|396|5.4|5.4|3|8
17.7|92.58|1912|396|5.4|5.4|3|8
17.8|92.6|1912|396|5.4|5.4|3|8
17.9|92.59|1915|396|5.4|5.4|3|8
18|92.56|1915|396|5.4|5.4|3|8
18.1|92.63|1915|396|5.4|5.4|3|8
18.2|92.59|1915|396|5.4|5.4|3|8
18.3|92.58|1915|396|5.4|5.4|3|8
18.4|92.6|1915|396|5.4|5.4|3|8
18.5|92.59|1915|396|5.4|5.4|4|8
18.6|92.74|1915|396|5.4|5.4|4|8
18.7|93.21|1629|396|5.4|5.4|4|8
18.8|93.7|1121|395|5.4|5.4|5|8
18.9|93.81|1113|394|5.4|5.4|5|8
19|93.85|1111|394|5.4|5.4|5|8
19.1|93.86|1108|394|5.4|5.4|5|8
19.2|93.86|1108|394|5.4|5.4|5|8
19.3|93.92|1106|394|5.4|5.4|5|8
19.4|93.96|1106|394|5.4|5.4|5|8
19.5|93.94|1106|395|5.4|5.4|5|8
19.6|93.93|1106|395|5.4|5.4|5|8
19.7|93.93|1103|395|5.4|5.4|5|8
19.8|93.93|1103|395|5.4|5.4|5|8
19.9|93.93|1103|395|5.4|5.4|5|8
20|93.93|1103|395|5.4|5.4|5|8
20.1|93.9|1103|395|5.4|5.4|5|8
20.2|93.9|1103|395|5.4|5.4|5|8
20.3|93.92|1103|394|5.4|5.4|5|8
20.4|93.96|1103|394|5.4|5.4|5|8
20.5|93.93|1101|393|5.4|5.4|5|8
20.6|93.92|1101|394|5.4|5.4|5|8
20.7|93.9|1098|394|5.4|5.4|5|8
20.8|93.93|1101|394|5.4|5.4|2|8
20.9|93.66|1101|394|5.4|5.4|2|8
21|93.25|1103|394|5.4|5.4|2|8
21.1|92.8|1776|394|5.4|5.4|3|8
21.2|92.64|1866|394|5.4|5.4|3|8
21.3|92.4|1887|394|5.4|5.4|3|8
21.4|92.36|1894|394|5.4|5.4|3|8
21.5|92.37|1905|394|5.4|5.4|3|8
21.6|92.24|1910|394|5.4|5.4|3|8
21.7|92.2|1912|394|5.4|5.4|3|8
21.8|92.31|1915|394|5.4|5.4|3|8
21.9|92.28|1918|394|5.4|5.4|3|8
22|92.29|1920|394|5.4|5.4|3|8
22.1|92.29|1920|394|5.4|5.4|3|8
22.2|92.29|1923|394|5.4|5.4|3|8
22.3|92.29|1925|394|5.4|5.4|3|8
22.4|92.28|1925|394|5.4|5.4|3|8
22.5|92.31|1925|394|5.4|5.4|3|8
22.6|92.24|1925|394|5.4|5.4|3|8
22.7|92.29|1925|394|5.4|5.4|3|8
22.8|92.27|1928|394|5.4|5.4|3|8
22.9|92.29|1928|394|5.4|5.4|3|8
23|92.28|1928|394|5.4|5.4|3|8
23.1|92.29|1928|394|5.4|5.4|4|8
23.2|92.33|1928|394|5.4|5.4|4|8
23.3|92.72|1894|394|5.4|5.4|4|8
23.4|93.25|1180|394|5.4|5.4|5|8
23.5|93.58|1113|394|5.4|5.4|5|8
23.6|93.81|1111|394|5.4|5.4|5|8
23.7|93.78|1108|394|5.4|5.4|5|8
23.8|93.77|1108|394|5.4|5.4|5|8
23.9|93.78|1106|394|5.4|5.4|5|8
24|93.81|1108|394|5.4|5.4|5|8
24.1|93.76|1106|394|5.4|5.4|5|8
24.2|93.76|1103|394|5.4|5.4|5|8
24.3|93.8|1103|394|5.4|5.4|5|8
24.4|93.82|1103|394|5.4|5.4|5|8
24.5|93.76|1103|394|5.4|5.4|5|8
24.6|93.78|1101|394|5.4|5.4|5|8
24.7|93.82|1101|394|5.4|5.4|5|8
24.8|93.73|1103|394|5.4|5.4|5|8
24.9|93.76|1101|394|5.4|5.4|5|8
25|93.78|1101|394|5.4|5.4|5|8
25.1|93.81|1101|394|5.4|5.4|5|8
25.2|93.77|1098|394|5.4|5.4|5|8
25.3|93.76|1098|394|5.4|5.4|5|8
25.4|93.77|1098|394|5.4|5.4|2|8
25.5|93.62|1098|394|5.4|5.4|2|8
25.6|93.25|1098|394|5.4|5.4|2|8
25.7|92.88|1216|394|5.4|5.4|2|8
25.8|92.48|1814|394|5.4|5.4|3|8
25.9|92.27|1874|395|5.4|5.4|3|8
26|92.15|1889|394|5.4|5.4|3|8
26.1|92.07|1897|395|5.4|5.4|3|8
26.2|92.07|1905|394|5.4|5.4|3|8
26.3|92.09|1910|394|5.4|5.4|3|8
26.4|92.09|1915|394|5.4|5.4|3|8
26.5|92.09|1920|394|5.4|5.4|3|8
26.6|92.09|1923|394|5.4|5.4|3|8
26.7|92.08|1925|394|5.4|5.4|3|8
26.8|92.09|1925|394|5.4|5.4|3|8
26.9|92.09|1928|394|5.4|5.4|3|8
27|92.08|1928|394|5.4|5.4|3|8
27.1|92.08|1930|394|5.4|5.4|3|8
27.2|92.08|1930|394|5.4|5.4|3|8
27.3|92.09|1933|394|5.4|5.4|3|8
27.4|92.08|1933|394|5.4|5.4|3|8
27.5|92.09|1933|394|5.4|5.4|3|8
27.6|92.08|1933|394|5.4|5.4|3|8
27.7|92.08|1933|394|5.4|5.4|3|8
27.8|92.09|1936|394|5.4|5.4|4|8
27.9|92.32|1933|394|5.4|5.4|4|8
28|92.71|1856|395|5.4|5.4|4|8
28.1|93.13|1126|395|5.4|5.4|5|8
28.2|93.37|1111|394|5.4|5.4|5|8
28.3|93.46|1108|394|5.4|5.4|5|8
28.4|93.51|1106|394|5.4|5.4|5|8
28.5|93.53|1106|394|5.4|5.4|5|8
28.6|93.55|1103|394|5.4|5.4|5|8
28.7|93.47|1103|394|5.4|5.4|5|8
28.8|93.51|1101|394|5.4|5.4|5|8
28.9|93.51|1101|394|5.4|5.4|5|8
29|93.51|1101|394|5.4|5.4|5|8
29.1|93.51|1101|394|5.4|5.4|5|8
29.2|93.51|1098|394|5.4|5.4|5|8
29.3|93.51|1098|394|5.4|5.4|5|8
29.4|93.53|1098|394|5.4|5.4|5|8
29.5|93.54|1098|394|5.4|5.4|5|8
29.6|93.54|1098|394|5.4|5.4|5|8
29.7|93.49|1101|394|5.4|5.4|5|8
29.8|93.5|1098|394|5.4|5.4|5|8
29.9|93.5|1095|394|5.4|5.4|5|8
30|93.54|1095|394|5.4|5.4|5|8
30.1|93.53|1095|394|5.4|5.4|2|8
30.2|93.22|1095|394|5.4|5.4|2|8
30.3|92.91|1095|394|5.4|5.4|2|8
30.4|92.45|1673|394|5.4|5.4|3|8
30.5|92.13|1863|394|5.4|5.4|3|8
30.6|92.05|1887|394|5.4|5.4|3|8
30.7|92|1899|394|5.4|5.4|3|8
30.8|91.96|1907|394|5.4|5.4|3|8
30.9|91.88|1915|394|5.4|5.4|3|8
31|91.9|1920|394|5.4|5.4|3|8
31.1|91.93|1925|394|5.4|5.4|3|8
31.2|91.92|1930|394|5.4|5.4|3|8
31.3|91.92|1933|394|5.4|5.4|3|8
31.4|91.92|1936|394|5.4|5.4|3|8
31.5|91.85|1938|394|5.4|5.4|3|8
31.6|91.88|1938|394|5.4|5.4|3|8
31.7|91.89|1938|394|5.4|5.4|3|8
31.8|91.92|1941|394|5.4|5.4|3|8
31.9|91.92|1941|394|5.4|5.4|3|8
32|91.93|1941|394|5.4|5.4|3|8
32.1|91.88|1941|394|5.4|5.4|3|8
32.2|91.86|1941|394|5.4|5.4|3|8
32.3|91.88|1941|394|5.4|5.4|3|8
32.4|91.89|1941|394|5.4|5.4|4|8
32.5|91.92|1943|394|5.4|5.4|4|8
32.6|92.28|1915|394|5.4|5.4|4|8
32.7|92.76|1175|395|5.4|5.4|5|8
32.8|93.09|1108|394|5.4|5.4|5|8
32.9|93.17|1106|394|5.4|5.4|5|8
33|93.19|1103|394|5.4|5.4|5|8
33.1|93.26|1101|394|5.4|5.4|5|8
33.2|93.26|1101|394|5.4|5.4|5|8
33.3|93.27|1098|394|5.4|5.4|5|8
33.4|93.34|1098|394|5.4|5.4|5|8
33.5|93.18|1098|394|5.4|5.4|5|8
33.6|93.26|1098|394|5.4|5.4|5|8
33.7|93.25|1095|394|5.4|5.4|5|8
33.8|93.29|1095|394|5.4|5.4|5|8
33.9|93.27|1095|394|5.4|5.4|5|8
34|93.23|1095|394|5.4|5.4|5|8
34.1|93.25|1095|394|5.4|5.4|5|8
34.2|93.29|1095|394|5.4|5.4|5|8
34.3|93.33|1095|394|5.4|5.4|5|8
34.4|93.22|1093|394|5.4|5.4|5|8
34.5|93.25|1093|394|5.4|5.4|5|8
34.6|93.3|1093|394|5.4|5.4|5|8
34.7|93.33|1093|394|5.4|5.4|2|8
34.8|93.21|1093|394|5.4|5.4|2|8
34.9|92.83|1093|394|5.4|5.4|2|8
35|92.41|1268|394|5.4|5.4|2|8
35.1|92.02|1845|394|5.4|5.4|3|8
35.2|91.86|1887|394|5.4|5.4|3|8
35.3|91.72|1902|394|5.4|5.4|3|8
35.4|91.68|1912|394|5.4|5.4|3|8
35.5|91.61|1918|394|5.4|5.4|3|8
35.6|91.64|1923|394|5.4|5.4|3|8
35.7|91.61|1928|394|5.4|5.4|3|8
35.8|91.64|1933|394|5.4|5.4|3|8
35.9|91.66|1936|394|5.4|5.4|3|8
36|91.64|1938|394|5.4|5.4|3|8
36.1|91.64|1941|394|5.4|5.4|3|8
36.2|91.66|1943|394|5.4|5.4|3|8
36.3|91.66|1943|394|5.4|5.4|3|8
36.4|91.61|1946|394|5.4|5.4|3|8
36.5|91.65|1946|394|5.4|5.4|3|8
36.6|91.65|1946|394|5.4|5.4|3|8
36.7|91.64|1948|394|5.4|5.4|3|8
36.8|91.62|1948|394|5.4|5.4|3|8
36.9|91.64|1948|394|5.4|5.4|3|8
37|91.65|1948|394|5.4|5.4|3|8
37.1|91.69|1948|394|5.4|5.4|4|8
37.2|91.86|1943|394|5.4|5.4|4|8
37.3|92.31|1595|395|5.4|5.4|4|8
37.4|92.6|1113|394|5.4|5.4|2|8
37.5|92.6|1106|394|5.4|5.4|2|8
37.6|92.66|1101|394|5.4|5.4|2|8
37.7|92.67|1101|394|5.4|5.4|2|8
37.8|92.63|1098|394|5.4|5.4|2|8
37.9|92.43|1098|394|5.4|5.4|2|8
38|92.36|1098|394|5.4|5.4|2|8
38.1|92.39|1095|394|5.4|5.4|2|8
38.2|92.37|1095|394|5.4|5.4|2|8
38.3|92.23|1178|394|5.4|5.4|2|8
38.4|92.15|1206|394|5.4|5.4|2|8
38.5|92.08|1211|394|5.4|5.4|2|8
38.6|92.08|1629|394|5.4|5.4|2|8
38.7|92.02|1729|394|5.4|5.4|2|8
38.8|92.27|1750|394|5.4|5.4|2|8
38.9|92.33|1753|395|5.4|5.4|2|8
39|92.6|1747|395|5.4|5.4|2|8
39.1|92.74|1281|395|5.4|5.4|2|8
39.2|92.88|1106|394|5.4|5.4|2|8
39.3|92.92|1101|394|5.4|5.4|2|8
39.4|92.95|1098|394|5.4|5.4|2|8
39.5|92.91|1098|394|5.4|5.4|2|8
39.6|92.79|1095|394|5.4|5.4|2|8
39.7|92.79|1095|394|5.4|5.4|2|8
39.8|92.66|1095|394|5.4|5.4|2|8
39.9|92.66|1093|394|5.4|5.4|2|8
40|92.63|1098|394|5.4|5.4|2|8
40.1|92.52|1103|394|5.4|5.4|2|8
40.2|92.35|1131|394|5.4|5.4|2|8
40.3|92.36|1090|394|5.4|5.4|2|8
40.4|92.4|1111|394|5.4|5.4|2|8
40.5|92.28|1242|394|5.4|5.4|2|8
40.6|92.16|1232|394|5.4|5.4|2|8
40.7|92.09|1242|394|5.4|5.4|2|8
40.8|92.07|1340|394|5.4|5.4|2|8
40.9|92.08|1691|394|5.4|5.4|2|8
41|92.02|1747|394|5.4|5.4|2|8
41.1|92.21|1624|394|5.4|5.4|2|8
41.2|92.32|1103|394|5.4|5.4|2|8
41.3|92.41|1093|394|5.4|5.4|2|8
41.4|92.39|1090|394|5.4|5.4|2|8
41.5|92.43|1090|394|5.4|5.4|2|8
41.6|92.39|1090|394|5.4|5.4|2|8
41.7|92.2|1090|394|5.4|5.4|2|8
41.8|92.15|1088|394|5.4|5.4|2|8
41.9|92.08|1188|394|5.4|5.4|2|8
42|92.08|1160|394|5.4|5.4|2|8
42.1|92.05|1536|394|5.4|5.4|2|8
42.2|91.94|1745|394|5.4|5.4|2|8
42.3|92.01|1727|394|5.4|5.4|2|8
42.4|92.28|1271|395|5.4|5.4|2|8
42.5|92.33|1101|394|5.4|5.4|2|8
42.6|92.32|1093|394|5.4|5.4|2|8
42.7|92.39|1093|394|5.4|5.4|2|8
42.8|92.37|1093|394|5.4|5.4|2|8
42.9|92.2|1095|394|5.4|5.4|2|8
43|92.15|1088|394|5.4|5.4|2|8
43.1|92.08|1090|394|5.4|5.4|2|8
43.2|92.08|1320|394|5.4|5.4|2|8
43.3|92.05|1492|394|5.4|5.4|2|8
43.4|91.93|1606|395|5.4|5.4|2|8
43.5|92.01|1557|394|5.4|5.4|2|8
43.6|92.27|1227|395|5.4|5.4|2|8
43.7|92.36|1095|394|5.4|5.4|2|8
43.8|92.25|1093|394|5.4|5.4|2|8
43.9|92.25|1090|394|5.4|5.4|2|8
44|92.19|1090|394|5.4|5.4|2|8
44.1|92.13|1103|394|5.4|5.4|2|8
44.2|92.11|1090|394|5.4|5.4|2|8
44.3|92.05|1111|394|5.4|5.4|2|8
44.4|91.96|1521|394|5.4|5.4|2|8
44.5|91.96|1670|394|5.4|5.4|2|8
44.6|92.01|1639|395|5.4|5.4|2|8
44.7|92.27|1139|395|5.4|5.4|2|8
44.8|92.35|1090|394|5.4|5.4|2|8
44.9|92.27|1090|394|5.4|5.4|2|8
45|92.23|1088|394|5.4|5.4|2|8
45.1|92.2|1088|394|5.4|5.4|2|8
45.2|92.13|1088|394|5.4|5.4|2|8
45.3|92.11|1088|394|5.4|5.4|2|8
45.4|92.05|1090|394|5.4|5.4|2|8
45.5|91.97|1209|394|5.4|5.4|2|8
45.6|91.93|1157|394|5.4|5.4|2|8
45.7|91.9|1175|394|5.4|5.4|2|8
45.8|91.78|1222|394|5.4|5.4|2|8
45.9|91.74|1168|394|5.4|5.4|2|8
46|91.61|1204|394|5.4|5.4|2|8
46.1|91.58|1131|394|5.4|5.4|2|8
46.2|91.57|1134|394|5.4|5.4|2|8
46.3|91.5|1271|394|5.4|5.4|2|8
46.4|91.46|1258|394|5.4|5.4|2|8
46.5|91.37|1258|394|5.4|5.4|2|8
46.6|91.27|1224|395|5.4|5.4|2|8
46.7|91.25|1307|395|5.4|5.4|2|8
46.8|91.03|1191|396|5.4|5.4|2|8
46.9|91.06|1229|396|5.4|5.4|2|8
47|90.99|1173|396|5.4|5.4|2|8
47.1|90.87|1162|395|5.4|5.4|2|8
47.2|90.8|1204|395|5.4|5.4|2|8
47.3|90.74|1157|394|5.4|5.4|2|8
47.4|90.6|1211|395|5.4|5.4|2|8
47.5|90.59|1191|395|5.4|5.4|2|8
47.6|90.55|1332|395|5.4|5.4|2|8
47.7|90.44|1222|394|5.4|5.4|2|8
47.8|90.35|1168|395|5.4|5.4|2|8
47.9|90.27|1147|395|5.4|5.4|2|8
48|90.17|1214|395|5.4|5.4|2|8
48.1|90.04|1204|395|5.4|5.4|2|8
48.2|90.01|1152|394|5.4|5.4|2|8
48.3|89.89|1168|394|5.4|5.4|2|8
48.4|89.82|1157|394|5.4|5.4|2|8
48.5|89.73|1284|394|5.4|5.4|2|8
48.6|89.56|1121|394|5.4|5.4|2|8
48.7|89.53|1175|395|5.4|5.4|2|8
48.8|89.48|1224|395|5.4|5.4|2|8
48.9|89.31|1304|395|5.4|5.4|2|8
49|89.18|1162|394|5.4|5.4|2|8
49.1|89.13|1188|394|5.4|5.4|2|8
49.2|89.01|1250|394|5.4|5.4|2|8
49.3|88.84|1178|394|5.4|5.4|2|8
49.4|88.86|1191|394|5.4|5.4|2|8
49.5|88.75|1253|394|5.4|5.4|2|8
49.6|88.59|1193|394|5.4|5.4|2|8
49.7|88.51|1237|394|5.4|5.4|2|8
49.8|88.35|1188|394|5.4|5.4|2|8
49.9|88.24|1113|394|5.4|5.4|2|8
50|88.11|1278|394|5.4|5.4|2|8
50.1|88.05|1211|394|5.4|5.4|2|8
50.2|87.86|1260|394|5.4|5.4|2|8
50.3|87.77|1278|394|5.4|5.4|2|8
50.4|87.62|1204|394|5.4|5.4|2|8
50.5|87.57|1276|394|5.4|5.4|2|8
50.6|87.42|1247|394|5.4|5.4|2|8
50.7|87.23|1149|394|5.4|5.4|2|8
50.8|87.15|1258|394|5.4|5.4|2|8
50.9|87.01|1273|394|5.4|5.4|2|8
51|86.86|1219|394|5.4|5.4|2|8
51.1|86.72|1224|394|5.4|5.4|2|8
51.2|86.58|1258|394|5.4|5.4|2|8
51.3|86.42|1173|394|5.4|5.4|2|8
51.4|86.25|1276|394|5.4|5.4|2|8
51.5|86.13|1242|394|5.4|5.4|2|8
51.6|86.01|1338|394|5.4|5.4|2|8
51.7|85.89|1265|394|5.4|5.4|2|8
51.8|85.69|1216|394|5.4|5.4|2|8
51.9|85.53|1162|394|5.4|5.4|2|8
52|85.41|1137|394|5.4|5.4|2|8
52.1|85.19|1307|394|5.4|5.4|2|8
52.2|85.03|1304|394|5.4|5.4|2|8
52.3|84.85|1317|395|5.4|5.4|2|8
52.4|84.76|1260|395|5.4|5.4|2|8
52.5|84.47|1198|394|5.4|5.4|2|8
52.6|84.38|1235|394|5.4|5.4|2|8
52.7|84.2|1322|394|5.4|5.4|2|8
52.8|84.04|1227|394|5.4|5.4|2|8
52.9|83.85|1327|395|5.4|5.4|2|8
53|83.66|1227|394|5.4|5.4|2|8
53.1|83.42|1291|394|5.4|5.4|2|8
53.2|83.22|1335|394|5.4|5.4|2|8
53.3|83.07|1294|394|5.4|5.4|2|8
53.4|82.63|1503|394|5.4|5.4|6|8
53.5|80.32|1946|394|5.4|5.4|6|8
53.6|77.24|655|394|5.4|5.4|7|8
53.7|74.42|0|392|5.4|5.4|7|8
53.8|72.98|0|392|5.4|5.4|7|8
53.9|72.43|0|392|5.4|5.4|7|8
54|72.2|0|392|5.4|5.4|7|8
54.1|72.04|0|392|5.4|5.4|7|8
54.2|72.04|0|391|5.4|5.4|7|8
54.3|72.04|0|392|5.4|5.4|7|8
54.4|72.03|0|392|5.4|5.4|7|8
54.5|72.02|0|392|5.4|5.4|7|8
54.6|72.07|0|392|5.4|5.4|7|8
54.7|72.03|0|392|5.4|5.4|7|8
54.8|72.02|0|392|5.4|5.4|7|8
54.9|72.02|0|391|5.4|5.4|7|8
55|72.04|0|391|5.4|5.4|7|8
55.1|72.04|0|391|5.4|5.4|7|8
55.2|72.06|0|391|5.4|5.4|7|8
55.3|72.02|0|391|5.4|5.4|7|8
55.4|72|0|391|5.4|5.4|7|8
55.5|72.04|0|391|5.4|5.4|7|8
55.6|72.1|0|391|5.4|5.4|7|8
55.7|72|0|391|5.4|5.4|7|8
55.8|72.03|0|391|5.4|5.4|7|8
55.9|72.04|0|391|5.4|5.4|7|8
56|72.1|0|391|5.4|5.4|7|8
56.1|72|0|391|5.4|5.4|7|8
56.2|72|0|391|5.4|5.4|7|8
56.3|72.04|0|391|5.4|5.4|7|8
56.4|72.04|0|391|5.4|5.4|7|8
56.5|71.99|0|391|5.4|5.4|7|8
56.6|72.03|0|391|5.4|5.4|7|8
56.7|72.04|0|391|5.4|5.4|7|8
56.8|72.04|0|391|5.4|5.4|7|8
56.9|72.02|0|391|5.4|5.4|7|8
57|71.99|0|391|5.4|5.4|7|8
57.1|72.03|0|391|5.4|5.4|7|8
57.2|72.06|0|391|5.4|5.4|7|8
57.3|72|0|391|5.4|5.4|7|8
57.4|72|0|391|5.4|5.4|7|8
57.5|72.03|0|391|5.4|5.4|7|8
57.6|72.06|0|391|5.4|5.4|7|8
57.7|72|0|391|5.4|5.4|7|8
57.8|72|0|391|5.4|5.4|7|8
57.9|72.02|0|391|5.4|5.4|7|8
58|72.04|0|391|5.4|5.4|7|8
58.1|72.03|0|391|5.4|5.4|7|8
58.2|72|0|391|5.4|5.4|7|8
58.3|72|0|391|5.4|5.4|7|8
58.4|72.02|0|391|5.4|5.4|7|8
58.5|72.03|0|391|5.4|5.4|7|8
58.6|72.04|0|391|5.4|5.4|7|8
58.7|72.02|0|391|5.4|5.4|7|8
58.8|72|0|391|5.4|5.4|7|8
58.9|72|0|391|5.4|5.4|7|8
59|72.02|0|391|5.4|5.4|7|8
59.1|72.03|0|391|5.4|5.4|7|8
59.2|72.04|0|391|5.4|5.4|7|8
59.3|72.03|0|391|5.4|5.4|7|8
59.4|72.02|0|391|5.4|5.4|7|8
59.5|72.02|0|391|5.4|5.4|7|8
59.6|72.04|0|391|5.4|5.4|7|8
59.7|72|0|391|5.4|5.4|7|8
59.8|71.99|0|391|5.4|5.4|7|8
59.9|72|0|391|5.4|5.4|7|8
60|72.02|0|391|5.4|5.4|7|8
60.1|71.99|0|391|5.4|5.4|7|8
60.2|72.02|0|391|5.4|5.4|7|8
60.3|72.02|0|391|5.4|5.4|7|8
60.4|72.03|0|391|5.4|5.4|7|8
60.5|72.02|0|391|5.4|5.4|7|8
60.6|72.04|0|391|5.4|5.4|7|8
60.7|72.02|0|391|5.4|5.4|7|8
60.8|72.03|0|391|5.4|5.4|7|8
60.9|72|0|391|5.4|5.4|7|8
61|71.98|0|391|5.4|5.4|7|8
61.1|71.98|0|391|5.4|5.4|7|8
61.2|72|0|391|5.4|5.4|7|8
61.3|72|0|391|5.4|5.4|7|8
61.4|72|0|391|5.4|5.4|7|8
61.5|72.02|0|391|5.4|5.4|7|8
61.6|72.03|0|391|5.4|5.4|7|8
61.7|72.03|0|391|5.4|5.4|7|8
61.8|72.02|0|391|5.4|5.4|7|8
61.9|72.02|0|391|5.4|5.4|7|8
62|72.02|0|391|5.4|5.4|7|8
62.1|72|0|391|5.4|5.4|7|8
62.2|72|0|391|5.4|5.4|7|8
62.3|71.99|0|391|5.4|5.4|7|8
62.4|71.98|0|391|5.4|5.4|7|8
62.5|71.99|0|391|5.4|5.4|7|8
62.6|72.02|0|391|5.4|5.4|7|8
62.7|72.03|0|391|5.4|5.4|7|8
62.8|72.03|0|390|5.4|5.4|7|8
62.9|72.02|0|391|5.4|5.4|7|8
63|72|0|391|5.4|5.4|7|8
63.1|72|0|391|5.4|5.4|7|8
63.2|71.99|0|391|5.4|5.4|7|8
63.3|71.96|0|391|5.4|5.4|7|8
63.4|71.99|0|391|5.4|5.4|7|8
63.5|72.02|0|391|5.4|5.4|7|8
63.6|72|0|391|5.4|5.4|7|8
63.7|72.04|0|391|5.4|5.4|7|8
63.8|72.02|0|391|5.4|5.4|7|8
63.9|72|0|391|5.4|5.4|7|8
64|72|0|391|5.4|5.4|7|8
64.1|72|0|391|5.4|5.4|7|8
64.2|72|0|392|5.4|5.4|7|8
64.3|71.99|0|396|5.4|5.4|7|8
64.4|71.99|0|398|5.4|5.4|7|8
64.5|71.99|0|399|5.4|5.4|7|8
64.6|71.99|0|399|5.4|5.4|7|8
64.7|72|0|399|5.4|5.4|7|8
64.8|72|0|399|5.4|5.4|7|8
64.9|72.03|0|399|5.4|5.4|7|8
65|72.02|0|399|5.4|5.4|7|8
65.1|72|0|399|5.4|5.4|7|8
65.2|72|0|399|5.4|5.4|7|8
65.3|72|0|399|5.4|5.4|7|8
65.4|72|0|399|5.4|5.4|7|8
65.5|72.03|0|399|5.4|5.4|7|8
65.6|72.03|0|399|5.4|5.4|7|8
65.7|72|0|399|5.4|5.4|7|8
65.8|72|0|399|5.4|5.4|7|8
65.9|72.02|0|399|5.4|5.4|7|8
66|72|0|399|5.4|5.4|7|8
66.1|72|0|398|5.4|5.4|7|8
66.2|72|0|398|5.4|5.4|7|8
66.3|72|0|398|5.4|5.4|7|8
66.4|72|0|399|5.4|5.4|7|8
66.5|72|0|399|5.4|5.4|7|8
66.6|72|0|399|5.4|5.4|8|8
66.7|72.02|0|399|5.3|5.3|8|8
66.8|71.96|0|399|5.4|5.4|8|8
66.9|71.94|0|399|5.4|5.4|8|8
67|71.92|0|399|5.4|5.4|8|8
67.1|71.91|0|399|5.4|5.4|8|8
67.2|71.94|0|399|5.4|5.4|8|8
67.3|71.99|0|399|5.4|5.4|8|8
67.4|71.94|0|399|5.4|5.4|8|8
67.5|71.96|0|399|5.4|5.4|8|8
67.6|71.99|0|399|5.4|5.3|8|8
67.7|71.95|0|399|5.3|5.3|8|8
67.8|71.98|0|399|5.3|5.3|8|8
67.9|71.98|0|399|5.3|5.3|8|8
68|71.92|0|399|5.3|5.3|8|8
68.1|71.98|0|399|5.3|5.3|8|8
68.2|72|0|399|5.3|5.3|8|8
68.3|71.95|0|399|5.2|5.2|8|8
68.4|71.96|0|399|5.3|5.2|8|8
68.5|71.99|0|399|5.3|5.2|8|8
68.6|71.99|0|399|5.2|5.2|8|8
68.7|74.42|0|399|5.2|5.2|8|8
68.8|77.42|0|399|5.2|5.2|8|8
68.9|80.47|0|399|5.2|5.2|8|8
69|83.46|0|399|5.2|5.2|8|8
69.1|86.4|0|399|5.2|5.2|8|8
69.2|89.34|0|399|5.2|5.2|8|8
69.3|92.27|0|399|5.2|5.2|8|8
69.4|94.51|0|399|5.2|5.2|8|8
69.5|95.41|0|399|5.2|5.2|8|8
69.6|95.78|0|399|5.2|5.2|8|8
