0|96.08|879|416|5|5|1|8
0.1|96.05|1005|419|5|5|1|8
0.2|96.09|1010|420|5|5|1|8
0.3|96.06|1010|420|5|5|1|8
0.4|96.05|1010|421|5|5|1|8
0.5|96.06|1010|421|5|5|2|8
0.6|95.77|1144|422|5|5|2|8
0.7|95.39|1606|424|5|5|3|8
0.8|95.19|1665|424|5|5|3|8
0.9|94.96|1678|424|5|5|3|8
1|94.95|1683|424|5|5|3|8
1.1|94.84|1691|424|5|5|3|8
1.2|94.9|1693|424|5|5|3|8
1.3|94.84|1698|424|5|5|3|8
1.4|94.9|1701|424|5.1|5|3|8
1.5|94.83|1704|424|5.1|5|3|8
1.6|94.92|1706|424|5.1|5.1|3|8
1.7|94.83|1709|424|5.1|5.1|3|8
1.8|94.92|1711|425|5.1|5.1|3|8
1.9|94.86|1714|424|5.1|5.1|3|8
2|94.84|1716|424|5.1|5.1|3|8
2.1|94.9|1716|424|5.1|5.1|3|8
2.2|94.84|1722|425|5.1|5.1|3|8
2.3|94.91|1722|425|5.1|5.1|3|8
2.4|94.86|1724|425|5.1|5.1|3|8
2.5|94.83|1724|425|5.1|5.1|3|8
2.6|94.86|1727|425|5.1|5.1|3|8
2.7|94.84|1729|425|5.1|5.1|4|8
2.8|95.03|1729|425|5.1|5.1|4|8
2.9|95.35|1719|425|5.1|5.1|4|8
3|95.81|1570|425|5.1|5.1|4|8
3.1|96.25|1046|423|5.1|5.1|5|8
3.2|96.41|1036|422|5.1|5.1|5|8
3.3|96.59|1036|422|5.1|5.1|5|8
3.4|96.64|1034|421|5.1|5.1|5|8
3.5|96.57|1031|421|5.1|5.1|5|8
3.6|96.6|1031|421|5.1|5.1|5|8
3.7|96.59|1034|421|5.1|5.1|5|8
3.8|96.63|1028|421|5.1|5.1|5|8
3.9|96.57|1028|421|5.1|5.1|5|8
4|96.59|1028|421|5.1|5.1|5|8
4.1|96.6|1028|421|5.1|5.1|5|8
4.2|96.61|1026|421|5.1|5.1|5|8
4.3|96.61|1026|420|5.1|5.1|5|8
4.4|96.6|1026|420|5.1|5.1|5|8
4.5|96.6|1023|420|5.1|5.1|5|8
4.6|96.61|1026|420|5.1|5.1|5|8
4.7|96.57|1031|420|5.1|5.1|5|8
4.8|96.6|1031|421|5.1|5.1|5|8
4.9|96.6|1028|421|5.1|5.1|5|8
5|96.6|1026|421|5.1|5.1|5|8
5.1|96.59|1028|421|5.1|5.1|2|8
5.2|96.35|1026|421|5.1|5.1|2|8
5.3|95.94|1028|420|5.1|5.1|2|8
5.4|95.51|1227|422|5.1|5.1|2|8
5.5|95.15|1683|422|5.1|5.1|3|8
5.6|94.83|1716|424|5.1|5.1|3|8
5.7|94.7|1727|424|5.1|5.1|3|8
5.8|94.76|1732|424|5.1|5.1|3|8
5.9|94.6|1737|424|5.1|5.1|3|8
6|94.61|1740|424|5.1|5.1|3|8
6.1|94.67|1742|424|5.1|5.1|3|8
6.2|94.63|1740|424|5.1|5.1|3|8
6.3|94.6|1742|424|5.1|5.1|3|8
6.4|94.6|1745|424|5.1|5.1|3|8
6.5|94.64|1747|424|5.1|5.1|3|8
6.6|94.59|1750|424|5.1|5.1|3|8
6.7|94.61|1753|424|5.1|5.1|3|8
6.8|94.64|1753|424|5.1|5.1|3|8
6.9|94.6|1755|424|5.1|5.1|3|8
7|94.56|1755|424|5.1|5.1|3|8
7.1|94.6|1755|424|5.1|5.1|3|8
7.2|94.64|1755|424|5.1|5.1|3|8
7.3|94.63|1758|424|5.1|5.1|3|8
7.4|94.55|1760|424|5.1|5.1|3|8
7.5|94.63|1760|424|5.1|5.1|4|8
7.6|94.72|1758|424|5.1|5.1|4|8
7.7|95.15|1755|424|5.1|5.1|4|8
7.8|95.68|1675|424|5.1|5.1|4|8
7.9|96.17|1070|424|5.1|5.1|5|8
8|96.35|1039|423|5.1|5.1|5|8
8.1|96.41|1041|422|5.1|5.1|5|8
8.2|96.51|1041|422|5.1|5.1|5|8
8.3|96.55|1039|422|5.1|5.1|5|8
8.4|96.55|1039|422|5.1|5.1|5|8
8.5|96.53|1036|422|5.1|5.1|5|8
8.6|96.53|1034|422|5.1|5.1|5|8
8.7|96.55|1036|422|5.1|5.1|5|8
8.8|96.53|1039|422|5.1|5.1|5|8
8.9|96.55|1039|422|5.1|5.1|5|8
9|96.55|1039|420|5.1|5.1|5|8
9.1|96.55|1039|421|5.1|5.1|5|8
9.2|96.53|1034|422|5.1|5.1|5|8
9.3|96.53|1039|422|5.1|5.1|5|8
9.4|96.55|1041|422|5.1|5.1|5|8
9.5|96.55|1039|422|5.1|5.1|5|8
9.6|96.53|1039|422|5.1|5.1|5|8
9.7|96.53|1036|422|5.2|5.1|5|8
9.8|96.55|1036|421|5.1|5.1|5|8
9.9|96.56|1036|421|5.1|5.1|2|8
10|96.4|1036|421|5.1|5.1|2|8
10.1|95.98|1041|421|5.1|5.1|2|8
10.2|95.55|1126|422|5.1|5.1|2|8
10.3|95.07|1374|422|5.1|5.1|2|8
10.4|94.72|1727|423|5.2|5.1|3|8
10.5|94.45|1747|424|5.1|5.1|3|8
10.6|94.41|1760|424|5.2|5.1|3|8
10.7|94.35|1768|424|5.2|5.1|3|8
10.8|94.29|1773|424|5.2|5.2|3|8
10.9|94.21|1776|424|5.1|5.1|3|8
11|94.25|1791|422|5.1|5.1|3|8
11.1|94.24|1802|407|5.2|5.1|3|8
11.2|94.25|1804|402|5.1|5.1|3|8
11.3|94.25|1807|400|5.1|5.1|3|8
11.4|94.27|1807|400|5.1|5.1|3|8
11.5|94.28|1809|400|5.1|5.1|3|8
11.6|94.25|1809|400|5.2|5.1|3|8
11.7|94.24|1809|399|5.2|5.1|3|8
11.8|94.25|1812|399|5.2|5.1|3|8
11.9|94.25|1812|399|5.2|5.2|3|8
12|94.25|1812|399|5.2|5.1|3|8
12.1|94.25|1812|399|5.2|5.2|3|8
12.2|94.25|1814|399|5.2|5.2|3|8
12.3|94.27|1814|399|5.2|5.2|3|8
12.4|94.28|1814|399|5.2|5.2|4|8
12.5|94.47|1809|399|5.2|5.2|4|8
12.6|94.94|1758|400|5.2|5.2|4|8
12.7|95.43|1338|400|5.2|5.2|5|8
12.8|95.78|1059|399|5.2|5.2|5|8
12.9|95.94|1057|398|5.2|5.1|5|8
13|96.02|1062|398|5.2|5.1|5|8
13.1|96.04|1059|398|5.2|5.2|5|8
13.2|96.04|1054|398|5.2|5.2|5|8
13.3|96.05|1054|398|5.2|5.2|5|8
13.4|96.04|1057|398|5.2|5.1|5|8
13.5|96.05|1054|398|5.2|5.2|5|8
13.6|96.05|1054|398|5.2|5.2|5|8
13.7|96.05|1054|398|5.2|5.2|5|8
13.8|96.05|1054|398|5.2|5.2|5|8
13.9|96.04|1054|398|5.2|5.2|5|8
14|96.04|1054|398|5.2|5.2|5|8
14.1|96.05|1054|398|5.2|5.2|5|8
14.2|96.05|1054|398|5.2|5.2|5|8
14.3|96.04|1054|398|5.2|5.2|5|8
14.4|96.05|1052|398|5.2|5.2|5|8
14.5|96.05|1052|398|5.2|5.2|5|8
14.6|96.08|1052|398|5.2|5.2|5|8
14.7|96.06|1052|398|5.2|5.2|2|8
14.8|95.94|1052|398|5.2|5.2|2|8
14.9|95.73|1057|398|5.2|5.2|2|8
15|95.29|1054|398|5.2|5.2|2|8
15.1|94.82|1209|398|5.2|5.2|2|8
15.2|94.4|1735|398|5.2|5.2|3|8
15.3|94.09|1802|399|5.2|5.2|3|8
15.4|93.94|1814|399|5.2|5.2|3|8
15.5|93.93|1817|399|5.2|5.2|3|8
15.6|93.93|1822|399|5.2|5.2|3|8
15.7|93.89|1827|399|5.2|5.2|3|8
15.8|93.88|1830|399|5.2|5.2|3|8
15.9|93.88|1830|399|5.2|5.2|3|8
16|93.84|1832|399|5.2|5.2|3|8
16.1|93.84|1832|399|5.2|5.2|3|8
16.2|93.86|1832|399|5.2|5.2|3|8
16.3|93.86|1835|399|5.2|5.2|3|8
16.4|93.86|1835|399|5.2|5.2|3|8
16.5|93.88|1835|399|5.2|5.2|3|8
16.6|93.9|1838|399|5.2|5.2|3|8
16.7|93.86|1838|399|5.2|5.2|3|8
16.8|93.88|1840|399|5.2|5.2|3|8
16.9|93.84|1840|399|5.2|5.2|3|8
17|93.85|1840|399|5.2|5.2|3|8
17.1|93.86|1840|399|5.2|5.2|3|8
17.2|93.85|1840|399|5.2|5.2|4|8
17.3|94|1838|399|5.2|5.2|4|8
17.4|94.39|1807|399|5.2|5.2|4|8
17.5|94.87|1137|400|5.2|5.2|5|8
17.6|95.15|1072|399|5.2|5.2|5|8
17.7|95.3|1067|398|5.2|5.2|5|8
17.8|95.26|1067|398|5.2|5.2|5|8
17.9|95.38|1070|398|5.2|5.2|5|8
18|95.37|1070|398|5.2|5.2|5|8
18.1|95.33|1070|398|5.2|5.2|5|8
18.2|95.35|1070|398|5.2|5.2|5|8
18.3|95.37|1070|398|5.2|5.2|5|8
18.4|95.35|1067|398|5.2|5.2|5|8
18.5|95.34|1067|398|5.2|5.2|5|8
18.6|95.35|1067|398|5.2|5.2|5|8
18.7|95.34|1067|398|5.2|5.2|5|8
18.8|95.35|1067|398|5.2|5.2|5|8
18.9|95.35|1064|398|5.2|5.2|5|8
19|95.35|1064|398|5.2|5.2|5|8
19.1|95.35|1062|398|5.2|5.2|5|8
19.2|95.37|1059|398|5.2|5.2|5|8
19.3|95.34|1064|398|5.2|5.2|5|8
19.4|95.34|1067|398|5.2|5.2|5|8
19.5|95.35|1064|398|5.2|5.2|2|8
19.6|95.25|1059|398|5.2|5.2|2|8
19.7|94.87|1059|398|5.2|5.2|2|8
19.8|94.47|1173|398|5.2|5.2|2|8
19.9|94.01|1768|398|5.2|5.2|3|8
20|93.85|1822|398|5.2|5.2|3|8
20.1|93.68|1832|398|5.2|5.2|3|8
20.2|93.6|1835|398|5.2|5.2|3|8
20.3|93.54|1840|398|5.2|5.2|3|8
20.4|93.55|1843|398|5.2|5.2|3|8
20.5|93.55|1845|398|5.2|5.2|3|8
20.6|93.58|1845|398|5.2|5.2|3|8
20.7|93.57|1848|398|5.2|5.2|3|8
20.8|93.58|1851|398|5.2|5.2|3|8
20.9|93.58|1851|398|5.2|5.2|3|8
21|93.58|1853|398|5.2|5.2|3|8
21.1|93.57|1853|396|5.2|5.2|3|8
21.2|93.58|1856|396|5.2|5.2|3|8
21.3|93.57|1858|396|5.2|5.2|3|8
21.4|93.53|1858|396|5.2|5.2|3|8
21.5|93.57|1858|396|5.2|5.2|3|8
21.6|93.57|1858|396|5.2|5.2|3|8
21.7|93.57|1858|396|5.2|5.2|3|8
21.8|93.57|1861|396|5.2|5.2|3|8
21.9|93.55|1858|396|5.2|5.2|4|8
22|93.76|1861|396|5.2|5.2|4|8
22.1|94.16|1825|396|5.2|5.2|4|8
22.2|94.63|1165|396|5.2|5.2|5|8
22.3|94.92|1080|396|5.2|5.2|5|8
22.4|95.04|1072|396|5.2|5.2|5|8
22.5|95.14|1067|396|5.2|5.2|5|8
22.6|95.15|1072|396|5.2|5.2|5|8
22.7|95.18|1067|396|5.2|5.2|5|8
22.8|95.18|1067|396|5.2|5.2|5|8
22.9|95.11|1067|396|5.2|5.2|5|8
23|95.14|1067|396|5.2|5.2|5|8
23.1|95.17|1067|396|5.2|5.2|5|8
23.2|95.18|1064|395|5.2|5.2|5|8
23.3|95.17|1064|395|5.2|5.2|5|8
23.4|95.12|1067|395|5.2|5.2|5|8
23.5|95.12|1064|395|5.2|5.2|5|8
23.6|95.17|1064|395|5.2|5.2|5|8
23.7|95.18|1070|396|5.2|5.2|5|8
23.8|95.19|1070|396|5.2|5.2|5|8
23.9|95.11|1070|396|5.2|5.2|5|8
24|95.14|1070|395|5.2|5.2|5|8
24.1|95.15|1070|396|5.2|5.2|5|8
24.2|95.17|1070|395|5.2|5.2|2|8
24.3|95.02|1072|395|5.2|5.2|2|8
24.4|94.75|1072|395|5.2|5.2|2|8
24.5|94.35|1131|396|5.2|5.2|2|8
24.6|93.88|1773|396|5.2|5.2|3|8
24.7|93.61|1832|396|5.2|5.2|3|8
24.8|93.6|1845|396|5.2|5.2|3|8
24.9|93.45|1851|396|5.2|5.2|3|8
25|93.42|1856|395|5.2|5.2|3|8
25.1|93.41|1858|396|5.2|5.2|3|8
25.2|93.38|1861|395|5.2|5.2|3|8
25.3|93.41|1861|396|5.2|5.2|3|8
25.4|93.42|1863|396|5.2|5.2|3|8
25.5|93.41|1863|396|5.2|5.2|3|8
25.6|93.42|1866|396|5.2|5.2|3|8
25.7|93.42|1866|395|5.2|5.2|3|8
25.8|93.42|1866|395|5.2|5.2|3|8
25.9|93.42|1869|395|5.2|5.2|3|8
26|93.41|1869|395|5.2|5.2|3|8
26.1|93.42|1869|395|5.2|5.2|3|8
26.2|93.42|1869|395|5.2|5.2|3|8
26.3|93.38|1869|395|5.2|5.2|3|8
26.4|93.42|1869|395|5.2|5.2|3|8
26.5|93.41|1869|395|5.2|5.2|3|8
26.6|93.43|1869|395|5.2|5.2|4|8
26.7|93.57|1869|395|5.2|5.2|4|8
26.8|93.94|1835|395|5.2|5.2|4|8
26.9|94.48|1229|396|5.2|5.2|5|8
27|94.82|1085|396|5.2|5.2|5|8
27.1|94.92|1080|395|5.2|5.2|5|8
27.2|95|1077|395|5.2|5.2|5|8
27.3|95.11|1077|395|5.2|5.2|5|8
27.4|95.07|1077|395|5.2|5.2|5|8
27.5|95.03|1075|395|5.2|5.2|5|8
27.6|95|1072|395|5.2|5.2|5|8
27.7|95.07|1075|395|5.2|5.2|5|8
27.8|95.1|1072|395|5.2|5.2|5|8
27.9|95.06|1072|395|5.2|5.2|5|8
28|94.98|1072|395|5.2|5.2|5|8
28.1|95|1075|395|5.2|5.2|5|8
28.2|95.08|1075|395|5.2|5.2|5|8
28.3|95.08|1075|395|5.2|5.2|5|8
28.4|95.06|1072|395|5.2|5.2|5|8
28.5|95.02|1070|395|5.2|5.2|5|8
28.6|94.99|1070|395|5.2|5.2|5|8
28.7|95.1|1067|395|5.2|5.2|5|8
28.8|95.07|1072|395|5.2|5.2|5|8
28.9|95.06|1072|395|5.2|5.2|2|8
29|94.95|1067|395|5.2|5.2|2|8
29.1|94.68|1064|395|5.2|5.2|2|8
29.2|94.28|1077|395|5.2|5.2|2|8
29.3|93.84|1760|395|5.2|5.2|3|8
29.4|93.57|1840|396|5.2|5.2|3|8
29.5|93.38|1856|396|5.2|5.2|3|8
29.6|93.29|1863|396|5.2|5.2|3|8
29.7|93.23|1871|395|5.2|5.2|3|8
29.8|93.23|1874|396|5.2|5.2|3|8
29.9|93.29|1876|396|5.2|5.2|3|8
30|93.27|1879|396|5.2|5.2|3|8
30.1|93.27|1879|396|5.2|5.2|3|8
30.2|93.26|1879|396|5.2|5.2|3|8
30.3|93.29|1881|396|5.2|5.2|3|8
30.4|93.29|1881|396|5.2|5.2|3|8
30.5|93.23|1881|396|5.2|5.2|3|8
30.6|93.29|1884|396|5.2|5.2|3|8
30.7|93.29|1884|396|5.2|5.2|3|8
30.8|93.23|1884|396|5.2|5.2|3|8
30.9|93.27|1884|396|5.2|5.2|3|8
31|93.27|1887|396|5.2|5.2|3|8
31.1|93.26|1889|394|5.2|5.2|3|8
31.2|93.26|1892|394|5.2|5.2|3|8
31.3|93.27|1892|394|5.2|5.2|4|8
31.4|93.41|1892|394|5.2|5.2|4|8
31.5|93.72|1866|394|5.2|5.2|4|8
31.6|94.27|1309|394|5.2|5.2|5|8
31.7|94.6|1082|394|5.2|5.2|5|8
31.8|94.71|1077|394|5.2|5.2|5|8
31.9|94.87|1075|394|5.2|5.2|5|8
32|94.88|1072|394|5.2|5.2|5|8
32.1|94.8|1075|394|5.2|5.2|5|8
32.2|94.83|1072|394|5.2|5.2|5|8
32.3|94.84|1072|394|5.2|5.2|5|8
32.4|94.84|1072|394|5.2|5.2|5|8
32.5|94.84|1072|394|5.2|5.2|5|8
32.6|94.84|1072|394|5.2|5.2|5|8
32.7|94.86|1070|394|5.2|5.2|5|8
32.8|94.86|1070|394|5.2|5.2|5|8
32.9|94.84|1070|394|5.2|5.2|5|8
33|94.84|1070|394|5.2|5.2|5|8
33.1|94.84|1070|394|5.2|5.2|5|8
33.2|94.86|1070|394|5.2|5.2|5|8
33.3|94.84|1070|394|5.2|5.2|5|8
33.4|94.84|1067|394|5.2|5.2|5|8
33.5|94.84|1067|394|5.2|5.2|5|8
33.6|94.84|1067|394|5.2|5.2|2|8
33.7|94.78|1067|394|5.2|5.2|2|8
33.8|94.49|1070|394|5.2|5.2|2|8
33.9|94.06|1077|394|5.2|5.2|2|8
34|93.64|1755|394|5.2|5.2|3|8
34.1|93.39|1858|394|5.2|5.2|3|8
34.2|93.17|1874|394|5.2|5.2|3|8
34.3|93.25|1881|394|5.2|5.2|3|8
34.4|93.11|1887|394|5.2|5.2|3|8
34.5|93.13|1889|394|5.2|5.2|3|8
34.6|93.13|1889|394|5.2|5.2|3|8
34.7|93.11|1892|394|5.2|5.2|3|8
34.8|93.11|1892|394|5.2|5.2|3|8
34.9|93.13|1894|394|5.2|5.2|3|8
35|93.11|1897|394|5.2|5.2|3|8
35.1|93.14|1897|394|5.2|5.2|3|8
35.2|93.13|1897|394|5.2|5.2|3|8
35.3|93.11|1897|394|5.2|5.2|3|8
35.4|93.11|1897|394|5.2|5.2|3|8
35.5|93.13|1899|394|5.2|5.2|3|8
35.6|93.14|1899|394|5.2|5.2|3|8
35.7|93.1|1899|394|5.2|5.2|3|8
35.8|93.13|1899|394|5.2|5.2|3|8
35.9|93.14|1899|394|5.2|5.2|3|8
36|93.14|1899|394|5.2|5.2|4|8
36.1|93.22|1899|394|5.2|5.2|4|8
36.2|93.57|1876|394|5.2|5.2|4|8
36.3|94.13|1286|394|5.2|5.2|5|8
36.4|94.32|1088|394|5.2|5.2|2|8
36.5|94.39|1082|394|5.2|5.2|2|8
36.6|94.43|1080|394|5.2|5.2|2|8
36.7|94.39|1080|394|5.2|5.2|2|8
36.8|94.35|1077|394|5.2|5.2|2|8
36.9|94.29|1077|394|5.2|5.2|2|8
37|94.23|1077|394|5.2|5.2|2|8
37.1|94.02|1077|394|5.2|5.2|2|8
37.2|94.01|1075|394|5.2|5.2|2|8
37.3|94.06|1075|394|5.2|5.2|2|8
37.4|93.97|1075|394|5.2|5.2|2|8
37.5|93.93|1085|394|5.2|5.2|2|8
37.6|93.84|1209|394|5.2|5.2|2|8
37.7|93.84|1175|394|5.2|5.2|2|8
37.8|93.66|1139|394|5.2|5.2|2|8
37.9|93.68|1080|394|5.2|5.2|2|8
38|93.57|1317|394|5.2|5.2|2|8
38.1|93.55|1668|394|5.2|5.2|2|8
38.2|93.53|1753|394|5.2|5.2|2|8
38.3|93.6|1755|394|5.2|5.2|2|8
38.4|93.84|1696|394|5.2|5.2|2|8
38.5|94.02|1119|394|5.2|5.2|2|8
38.6|94.16|1072|394|5.2|5.2|2|8
38.7|94.21|1072|394|5.2|5.2|2|8
38.8|94.05|1070|394|5.2|5.2|2|8
38.9|94.06|1070|393|5.2|5.2|2|8
39|94|1067|393|5.2|5.2|2|8
39.1|93.96|1067|393|5.2|5.2|2|8
39.2|93.93|1067|393|5.2|5.2|2|8
39.3|93.84|1070|393|5.2|5.2|2|8
39.4|93.85|1080|393|5.2|5.2|2|8
39.5|93.7|1098|394|5.2|5.2|2|8
39.6|93.64|1070|394|5.2|5.2|2|8
39.7|93.61|1173|393|5.2|5.2|2|8
39.8|93.57|1376|394|5.2|5.2|2|8
39.9|93.53|1750|394|5.2|5.2|2|8
40|93.53|1771|394|5.2|5.2|2|8
40.1|93.69|1740|394|5.2|5.2|2|8
40.2|93.85|1165|394|5.2|5.2|2|8
40.3|93.94|1075|394|5.2|5.2|2|8
40.4|94|1072|393|5.2|5.2|2|8
40.5|93.98|1070|393|5.2|5.2|2|8
40.6|93.96|1067|393|5.2|5.2|2|8
40.7|93.86|1067|393|5.2|5.2|2|8
40.8|93.82|1067|393|5.2|5.2|2|8
40.9|93.82|1067|393|5.2|5.2|2|8
41|93.66|1085|393|5.2|5.2|2|8
41.1|93.66|1209|393|5.2|5.2|2|8
41.2|93.57|1108|394|5.2|5.2|2|8
41.3|93.58|1492|394|5.2|5.2|2|8
41.4|93.46|1758|393|5.2|5.2|2|8
41.5|93.51|1765|393|5.2|5.2|2|8
41.6|93.77|1634|394|5.2|5.2|2|8
41.7|93.85|1080|393|5.2|5.2|2|8
41.8|93.92|1070|393|5.2|5.2|2|8
41.9|93.96|1070|393|5.2|5.2|2|8
42|93.96|1067|393|5.2|5.2|2|8
42.1|93.9|1070|393|5.2|5.2|2|8
42.2|93.78|1067|393|5.2|5.2|2|8
42.3|93.82|1067|393|5.2|5.2|2|8
42.4|93.64|1075|393|5.2|5.2|2|8
42.5|93.65|1080|393|5.2|5.2|2|8
42.6|93.57|1265|394|5.2|5.2|2|8
42.7|93.58|1247|393|5.2|5.2|2|8
42.8|93.42|1320|394|5.2|5.2|2|8
42.9|93.39|1443|394|5.2|5.2|2|8
43|93.33|1253|394|5.2|5.2|2|8
43.1|93.17|1121|394|5.2|5.2|2|8
43.2|93.14|1075|393|5.2|5.2|2|8
43.3|93.23|1201|393|5.2|5.2|2|8
43.4|93.15|1451|394|5.2|5.2|2|8
43.5|93.06|1237|394|5.2|5.2|2|8
43.6|92.94|1374|394|5.2|5.2|2|8
43.7|92.88|1353|394|5.2|5.2|2|8
43.8|92.79|1250|393|5.2|5.2|2|8
43.9|92.75|1232|393|5.2|5.2|2|8
44|92.68|1371|393|5.2|5.2|2|8
44.1|92.72|1108|393|5.2|5.2|2|8
44.2|92.64|1286|393|5.2|5.2|2|8
44.3|92.52|1299|394|5.2|5.2|2|8
44.4|92.44|1183|394|5.2|5.2|2|8
44.5|92.41|1134|393|5.2|5.2|2|8
44.6|92.37|1235|393|5.2|5.2|2|8
44.7|92.25|1170|393|5.2|5.2|2|8
44.8|92.17|1103|393|5.2|5.2|2|8
44.9|92.15|1317|394|5.2|5.2|2|8
45|92.05|1131|393|5.2|5.2|2|8
45.1|92.01|1211|394|5.2|5.2|2|8
45.2|91.97|1129|393|5.2|5.2|2|8
45.3|91.89|1193|394|5.2|5.2|2|8
45.4|91.81|1162|393|5.2|5.2|2|8
45.5|91.68|1260|394|5.2|5.2|2|8
45.6|91.61|1186|393|5.2|5.2|2|8
45.7|91.53|1162|393|5.2|5.2|2|8
45.8|91.51|1093|393|5.2|5.2|2|8
45.9|91.47|1219|393|5.2|5.2|2|8
46|91.35|1180|394|5.2|5.2|2|8
46.1|91.26|1286|394|5.2|5.2|2|8
46.2|91.19|1160|394|5.2|5.2|2|8
46.3|91.07|1170|394|5.2|5.2|2|8
46.4|91|1170|393|5.2|5.2|2|8
46.5|90.92|1157|393|5.2|5.2|2|8
46.6|90.82|1268|394|5.2|5.2|2|8
46.7|90.74|1191|394|5.2|5.2|2|8
46.8|90.66|1196|394|5.2|5.2|2|8
46.9|90.6|1111|393|5.2|5.2|2|8
47|90.48|1204|393|5.2|5.2|2|8
47.1|90.39|1296|393|5.2|5.2|2|8
47.2|90.32|1253|394|5.2|5.2|2|8
47.3|90.21|1229|394|5.2|5.2|2|8
47.4|90.12|1180|393|5.2|5.2|2|8
47.5|90.01|1271|393|5.2|5.2|2|8
47.6|89.88|1216|393|5.2|5.2|2|8
47.7|89.86|1162|393|5.2|5.2|2|8
47.8|89.7|1157|392|5.2|5.2|2|8
47.9|89.62|1188|393|5.2|5.2|2|8
48|89.53|1209|393|5.2|5.2|2|8
48.1|89.42|1191|393|5.2|5.2|2|8
48.2|89.31|1155|394|5.2|5.2|2|8
48.3|89.21|1152|393|5.2|5.2|2|8
48.4|89.09|1224|393|5.2|5.2|2|8
48.5|88.95|1371|393|5.2|5.2|2|8
48.6|88.9|1273|393|5.2|5.2|2|8
48.7|88.74|1180|393|5.2|5.2|2|8
48.8|88.7|1173|393|5.2|5.2|2|8
48.9|88.52|1160|393|5.2|5.2|2|8
49|88.41|1219|392|5.2|5.2|2|8
49.1|88.25|1204|393|5.2|5.2|2|8
49.2|88.21|1168|393|5.2|5.2|2|8
49.3|88.07|1137|393|5.2|5.2|2|8
49.4|87.93|1245|393|5.2|5.2|2|8
49.5|87.8|1204|393|5.2|5.2|2|8
49.6|87.64|1204|393|5.2|5.2|2|8
49.7|87.61|1227|393|5.2|5.2|2|8
49.8|87.46|1242|394|5.2|5.2|2|8
49.9|87.25|1278|393|5.2|5.2|2|8
50|87.17|1178|393|5.2|5.2|2|8
50.1|87.02|1232|394|5.2|5.2|2|8
50.2|86.9|1296|394|5.2|5.2|2|8
50.3|86.75|1193|393|5.2|5.2|2|8
50.4|86.63|1278|393|5.2|5.2|2|8
50.5|86.44|1322|393|5.2|5.2|2|8
50.6|86.25|1348|393|5.2|5.2|2|8
50.7|86.19|1250|394|5.2|5.2|2|8
50.8|86.04|1229|393|5.2|5.2|2|8
50.9|85.91|1201|392|5.2|5.2|2|8
51|85.74|1204|393|5.2|5.2|2|8
51.1|85.57|1260|393|5.2|5.2|2|8
51.2|85.42|1255|393|5.2|5.2|2|8
51.3|85.23|1170|394|5.2|5.2|2|8
51.4|85.07|1253|393|5.2|5.2|2|8
51.5|84.94|1320|393|5.2|5.2|2|8
51.6|84.78|1302|393|5.2|5.2|2|8
51.7|84.55|1320|392|5.2|5.2|2|8
51.8|84.39|1235|393|5.2|5.2|2|8
51.9|84.23|1235|393|5.2|5.2|2|8
52|84.09|1281|394|5.2|5.2|2|8
52.1|83.88|1224|394|5.2|5.2|2|8
52.2|83.66|1281|393|5.2|5.2|2|8
52.3|83.56|1276|394|5.2|5.2|2|8
52.4|83.34|1314|394|5.2|5.2|2|8
52.5|83.14|1289|393|5.2|5.2|2|8
52.6|82.94|1206|393|5.2|5.2|2|8
52.7|82.77|1235|393|5.2|5.2|2|8
52.8|82.55|1206|393|5.2|5.2|2|8
52.9|81.68|1822|392|5.2|5.2|6|8
53|79.2|1966|392|5.2|5.2|6|8
53.1|76.39|95|392|5.2|5.2|7|8
53.2|73.88|0|392|5.2|5.2|7|8
53.3|72.66|0|392|5.2|5.2|7|8
53.4|72.18|0|392|5.2|5.2|7|8
53.5|71.84|0|392|5.2|5.2|7|8
53.6|71.73|0|392|5.2|5.2|7|8
53.7|71.6|0|392|5.2|5.2|7|8
53.8|71.73|0|392|5.2|5.2|7|8
53.9|71.65|0|392|5.2|5.2|7|8
54|71.63|0|392|5.2|5.2|7|8
54.1|71.72|0|392|5.2|5.2|7|8
54.2|71.67|0|392|5.2|5.2|7|8
54.3|71.65|0|392|5.2|5.2|7|8
54.4|71.64|0|392|5.2|5.2|7|8
54.5|71.65|0|392|5.2|5.2|7|8
54.6|71.65|0|392|5.2|5.2|7|8
54.7|71.65|0|392|5.2|5.2|7|8
54.8|71.67|0|392|5.2|5.2|7|8
54.9|71.67|0|392|5.2|5.2|7|8
55|71.68|0|392|5.2|5.2|7|8
55.1|71.67|0|392|5.2|5.2|7|8
55.2|71.61|0|392|5.2|5.2|7|8
55.3|71.64|0|392|5.2|5.2|7|8
55.4|71.67|0|392|5.2|5.2|7|8
55.5|71.65|0|392|5.2|5.2|7|8
55.6|71.65|0|392|5.2|5.2|7|8
55.7|71.64|0|392|5.2|5.2|7|8
55.8|71.64|0|392|5.2|5.2|7|8
55.9|71.63|0|392|5.2|5.2|7|8
56|71.61|0|392|5.2|5.2|7|8
56.1|71.6|0|392|5.2|5.2|7|8
56.2|71.65|0|392|5.2|5.2|7|8
56.3|71.67|0|392|5.2|5.2|7|8
56.4|71.65|0|392|5.2|5.2|7|8
56.5|71.64|0|392|5.2|5.2|7|8
56.6|71.61|0|392|5.2|5.2|7|8
56.7|71.61|0|392|5.2|5.2|7|8
56.8|71.65|0|392|5.2|5.2|7|8
56.9|71.65|0|392|5.2|5.2|7|8
57|71.65|0|392|5.2|5.2|7|8
57.1|71.64|0|392|5.2|5.2|7|8
57.2|71.63|0|392|5.2|5.2|7|8
57.3|71.64|0|392|5.2|5.2|7|8
57.4|71.64|0|392|5.2|5.2|7|8
57.5|71.63|0|392|5.2|5.2|7|8
57.6|71.63|0|392|5.2|5.2|7|8
57.7|71.63|0|392|5.2|5.2|7|8
57.8|71.6|0|392|5.2|5.2|7|8
57.9|71.64|0|392|5.2|5.2|7|8
58|71.67|0|392|5.2|5.2|7|8
58.1|71.65|0|392|5.2|5.2|7|8
58.2|71.64|0|392|5.2|5.2|7|8
58.3|71.64|0|392|5.2|5.2|7|8
58.4|71.64|0|392|5.2|5.2|7|8
58.5|71.63|0|392|5.2|5.2|7|8
58.6|71.63|0|392|5.2|5.2|7|8
58.7|71.61|0|392|5.2|5.2|7|8
58.8|71.6|0|392|5.2|5.2|7|8
58.9|71.64|0|392|5.2|5.2|7|8
59|71.67|0|392|5.2|5.2|7|8
59.1|71.64|0|392|5.2|5.2|7|8
59.2|71.61|0|392|5.2|5.2|7|8
59.3|71.6|0|392|5.2|5.2|7|8
59.4|71.59|0|392|5.2|5.2|7|8
59.5|71.64|0|392|5.2|5.2|7|8
59.6|71.65|0|392|5.2|5.2|7|8
59.7|71.64|0|392|5.2|5.2|7|8
59.8|71.63|0|392|5.2|5.2|7|8
59.9|71.63|0|392|5.2|5.2|7|8
60|71.63|0|392|5.2|5.2|7|8
60.1|71.61|0|392|5.2|5.2|7|8
60.2|71.63|0|392|5.2|5.2|7|8
60.3|71.63|0|392|5.2|5.2|7|8
60.4|71.64|0|392|5.2|5.2|7|8
60.5|71.64|0|392|5.2|5.2|7|8
60.6|71.64|0|392|5.2|5.2|7|8
60.7|71.64|0|392|5.2|5.2|7|8
60.8|71.69|0|392|5.2|5.2|7|8
60.9|71.68|0|392|5.2|5.2|7|8
61|71.63|0|392|5.2|5.2|7|8
61.1|71.64|0|392|5.2|5.2|7|8
61.2|71.64|0|392|5.2|5.2|7|8
61.3|71.64|0|392|5.2|5.2|7|8
61.4|71.64|0|392|5.2|5.2|7|8
61.5|71.63|0|392|5.2|5.2|7|8
61.6|71.63|0|392|5.2|5.2|7|8
61.7|71.63|0|392|5.2|5.2|7|8
61.8|71.63|0|392|5.2|5.2|7|8
61.9|71.63|0|392|5.2|5.2|7|8
62|71.63|0|392|5.2|5.2|7|8
62.1|71.63|0|392|5.2|5.2|7|8
62.2|71.61|0|392|5.2|5.2|7|8
62.3|71.61|0|392|5.2|5.2|7|8
62.4|71.57|0|392|5.2|5.2|7|8
62.5|71.57|0|392|5.2|5.2|7|8
62.6|71.64|0|392|5.2|5.2|7|8
62.7|71.67|0|392|5.2|5.2|7|8
62.8|71.64|0|392|5.2|5.2|7|8
62.9|71.63|0|392|5.2|5.2|7|8
63|71.63|0|392|5.2|5.2|7|8
63.1|71.61|0|392|5.2|5.2|7|8
63.2|71.59|0|392|5.2|5.2|7|8
63.3|71.57|0|392|5.2|5.2|7|8
63.4|71.59|0|392|5.2|5.2|7|8
63.5|71.67|0|392|5.2|5.2|7|8
63.6|71.65|0|392|5.2|5.2|7|8
63.7|71.63|0|392|5.2|5.2|7|8
63.8|71.64|0|392|5.2|5.2|7|8
63.9|71.64|0|392|5.2|5.2|7|8
64|71.6|0|392|5.2|5.2|7|8
64.1|71.6|0|395|5.2|5.2|7|8
64.2|71.57|0|396|5.2|5.2|7|8
64.3|71.57|0|396|5.2|5.2|7|8
64.4|71.64|0|396|5.2|5.2|7|8
64.5|71.68|0|396|5.2|5.2|7|8
64.6|71.64|0|396|5.2|5.2|7|8
64.7|71.6|0|396|5.2|5.2|7|8
64.8|71.61|0|396|5.2|5.2|7|8
64.9|71.59|0|396|5.2|5.2|7|8
65|71.57|0|396|5.2|5.2|7|8
65.1|71.59|0|396|5.2|5.2|7|8
65.2|71.64|0|396|5.2|5.2|7|8
65.3|71.67|0|396|5.2|5.2|7|8
65.4|71.61|0|396|5.2|5.2|7|8
65.5|71.61|0|396|5.2|5.2|7|8
65.6|71.6|0|396|5.2|5.2|7|8
65.7|71.6|0|396|5.2|5.2|7|8
65.8|71.59|0|396|5.2|5.2|7|8
65.9|71.59|0|396|5.2|5.2|7|8
66|71.59|0|396|5.2|5.2|7|8
66.1|71.6|0|396|5.2|5.2|8|8
66.2|71.65|0|396|5.1|5.1|8|8
66.3|71.52|0|396|5.2|5.2|8|8
66.4|71.53|0|396|5.2|5.2|8|8
66.5|71.52|0|396|5.2|5.2|8|8
66.6|71.55|0|396|5.2|5.2|8|8
66.7|71.6|0|396|5.2|5.2|8|8
66.8|71.59|0|396|5.2|5.2|8|8
66.9|71.55|0|396|5.1|5.1|8|8
67|71.53|0|396|5.1|5.1|8|8
67.1|71.55|0|396|5.1|5.1|8|8
67.2|71.55|0|396|5.1|5.1|8|8
67.3|71.55|0|396|5.1|5.1|8|8
67.4|71.52|0|396|5.1|5.1|8|8
67.5|71.57|0|396|5.1|5.1|8|8
67.6|71.6|0|396|5.1|5.1|8|8
67.7|71.59|0|396|5.1|5.1|8|8
67.8|71.57|0|396|5.1|5.1|8|8
67.9|71.57|0|396|5.1|5.1|8|8
68|71.56|0|396|5.1|5.1|8|8
68.1|71.73|0|396|5.1|5.1|8|8
68.2|74.58|0|396|5.1|5.1|8|8
68.3|77.63|0|396|5.1|5.1|8|8
68.4|80.67|0|396|5.1|5.1|8|8
68.5|83.69|0|396|5.1|5.1|8|8
68.6|86.64|0|396|5.1|5.1|8|8
68.7|89.58|0|396|5.1|5.1|8|8
68.8|92.62|0|396|5.1|5.1|8|8
68.9|94.66|0|396|5.1|5.1|8|8
69|95.53|0|396|5.1|5.1|8|8
