0|96.04|1057|432|5.1|5.1|1|8
0.1|96.05|1082|434|5.1|5.1|1|8
0.2|96.02|1039|436|5.1|5.1|1|8
0.3|96|1015|438|5.1|5.1|1|8
0.4|96.02|1003|439|5.1|5.1|1|8
0.5|96.02|995|439|5.1|5.1|2|8
0.6|95.74|1000|440|5.1|5.1|2|8
0.7|95.35|1505|441|5.1|5.1|2|8
0.8|95.03|1575|442|5.2|5.2|3|8
0.9|94.82|1588|443|5.2|5.2|3|8
1|94.72|1598|444|5.2|5.2|3|8
1.1|94.79|1606|444|5.2|5.2|3|8
1.2|94.61|1613|444|5.2|5.2|3|8
1.3|94.61|1616|444|5.2|5.2|3|8
1.4|94.6|1619|444|5.2|5.2|3|8
1.5|94.61|1619|444|5.2|5.2|3|8
1.6|94.59|1621|444|5.2|5.2|3|8
1.7|94.66|1624|444|5.2|5.2|3|8
1.8|94.6|1626|444|5.2|5.2|3|8
1.9|94.64|1629|444|5.2|5.2|3|8
2|94.61|1629|444|5.2|5.2|3|8
2.1|94.61|1631|444|5.2|5.2|3|8
2.2|94.63|1634|444|5.2|5.2|3|8
2.3|94.6|1634|444|5.2|5.2|3|8
2.4|94.63|1637|444|5.2|5.2|3|8
2.5|94.61|1639|445|5.2|5.2|3|8
2.6|94.61|1642|445|5.2|5.2|3|8
2.7|94.61|1642|445|5.2|5.2|3|8
2.8|94.67|1644|445|5.2|5.2|4|8
2.9|94.91|1639|445|5.2|5.2|4|8
3|95.39|1111|445|5.2|5.2|5|8
3.1|95.69|995|444|5.2|5.2|5|8
3.2|95.86|992|444|5.2|5.2|5|8
3.3|95.9|987|444|5.2|5.2|5|8
3.4|95.88|987|444|5.2|5.2|5|8
3.5|95.81|985|444|5.2|5.2|5|8
3.6|95.89|985|443|5.2|5.2|5|8
3.7|95.9|985|443|5.2|5.2|5|8
3.8|95.92|985|443|5.2|5.2|5|8
3.9|95.94|982|443|5.2|5.2|5|8
4|95.97|982|443|5.2|5.2|5|8
4.1|95.88|982|443|5.2|5.2|5|8
4.2|95.88|982|443|5.2|5.2|5|8
4.3|95.9|982|443|5.2|5.2|5|8
4.4|95.93|982|443|5.2|5.2|5|8
4.5|95.97|982|443|5.2|5.2|5|8
4.6|95.9|982|443|5.2|5.2|5|8
4.7|95.89|979|442|5.3|5.3|5|8
4.8|95.9|982|442|5.2|5.3|5|8
4.9|95.92|982|443|5.3|5.3|5|8
5|95.98|982|443|5.3|5.3|2|8
5.1|95.84|982|443|5.3|5.3|2|8
5.2|95.49|982|442|5.3|5.3|2|8
5.3|95.08|1240|443|5.3|5.3|2|8
5.4|94.72|1603|443|5.3|5.3|3|8
5.5|94.45|1629|444|5.3|5.3|3|8
5.6|94.33|1642|445|5.3|5.3|3|8
5.7|94.27|1647|446|5.3|5.3|3|8
5.8|94.2|1649|446|5.3|5.3|3|8
5.9|94.24|1655|446|5.3|5.3|3|8
6|94.2|1657|446|5.3|5.3|3|8
6.1|94.15|1660|446|5.3|5.3|3|8
6.2|94.13|1660|446|5.3|5.3|3|8
6.3|94.19|1662|446|5.3|5.3|3|8
6.4|94.17|1662|446|5.3|5.3|3|8
6.5|94.17|1665|446|5.3|5.3|3|8
6.6|94.19|1665|446|5.3|5.3|3|8
6.7|94.2|1668|446|5.3|5.3|3|8
6.8|94.15|1668|446|5.3|5.3|3|8
6.9|94.16|1670|446|5.3|5.3|3|8
7|94.17|1668|446|5.3|5.3|3|8
7.1|94.17|1668|446|5.3|5.3|3|8
7.2|94.16|1668|446|5.3|5.3|3|8
7.3|94.2|1670|446|5.3|5.3|3|8
7.4|94.17|1670|446|5.3|5.3|4|8
7.5|94.28|1670|446|5.3|5.3|4|8
7.6|94.7|1657|446|5.3|5.3|4|8
7.7|95.22|1080|446|5.3|5.3|5|8
7.8|95.51|992|446|5.3|5.3|5|8
7.9|95.62|990|445|5.3|5.3|5|8
8|95.68|990|445|5.3|5.3|5|8
8.1|95.7|990|445|5.3|5.3|5|8
8.2|95.69|990|445|5.3|5.3|5|8
8.3|95.7|990|445|5.3|5.3|5|8
8.4|95.69|990|444|5.3|5.3|5|8
8.5|95.72|987|444|5.3|5.3|5|8
8.6|95.72|987|444|5.3|5.3|5|8
8.7|95.77|987|444|5.3|5.3|5|8
8.8|95.7|987|444|5.3|5.3|5|8
8.9|95.68|987|444|5.3|5.3|5|8
9|95.69|985|444|5.3|5.3|5|8
9.1|95.73|987|444|5.3|5.4|5|8
9.2|95.78|987|444|5.4|5.4|5|8
9.3|95.76|987|444|5.4|5.4|5|8
9.4|95.8|987|443|5.4|5.4|5|8
9.5|95.7|987|443|5.4|5.4|5|8
9.6|95.68|987|443|5.4|5.4|5|8
9.7|95.69|987|443|5.4|5.4|2|8
9.8|95.62|987|443|5.4|5.4|2|8
9.9|95.21|987|443|5.4|5.4|2|8
10|94.79|1108|443|5.4|5.4|2|8
10.1|94.43|1606|444|5.4|5.4|3|8
10.2|94.09|1655|445|5.4|5.4|3|8
10.3|93.96|1673|446|5.4|5.4|3|8
10.4|93.92|1680|446|5.4|5.4|3|8
10.5|93.88|1683|446|5.4|5.4|3|8
10.6|93.85|1686|446|5.4|5.4|3|8
10.7|93.81|1691|446|5.4|5.4|3|8
10.8|93.84|1691|446|5.4|5.4|3|8
10.9|93.82|1696|446|5.4|5.4|3|8
11|93.82|1709|434|5.4|5.4|3|8
11.1|93.82|1711|425|5.4|5.4|3|8
11.2|93.82|1714|422|5.4|5.4|3|8
11.3|93.84|1716|421|5.4|5.4|3|8
11.4|93.84|1719|420|5.4|5.4|3|8
11.5|93.82|1719|420|5.4|5.4|3|8
11.6|93.84|1719|420|5.4|5.4|3|8
11.7|93.85|1722|420|5.4|5.4|3|8
11.8|93.84|1722|420|5.4|5.4|3|8
11.9|93.84|1724|420|5.4|5.4|3|8
12|93.81|1724|420|5.4|5.4|3|8
12.1|93.81|1727|420|5.4|5.4|4|8
12.2|93.92|1724|420|5.4|5.4|4|8
12.3|94.29|1704|420|5.4|5.4|4|8
12.4|94.76|1595|420|5.4|5.4|4|8
12.5|95.25|1028|418|5.4|5.4|5|8
12.6|95.46|1008|418|5.4|5.4|5|8
12.7|95.53|1008|418|5.4|5.4|5|8
12.8|95.57|1008|417|5.4|5.4|5|8
12.9|95.58|1008|417|5.4|5.4|5|8
13|95.62|1008|416|5.4|5.4|5|8
13.1|95.65|1005|416|5.4|5.4|5|8
13.2|95.63|1005|416|5.4|5.4|5|8
13.3|95.57|1005|416|5.4|5.4|5|8
13.4|95.59|1005|416|5.4|5.4|5|8
13.5|95.57|1005|416|5.4|5.4|5|8
13.6|95.58|1005|416|5.4|5.4|5|8
13.7|95.61|1005|416|5.4|5.4|5|8
13.8|95.61|1005|416|5.4|5.4|5|8
13.9|95.69|1005|415|5.4|5.4|5|8
14|95.62|1005|415|5.4|5.4|5|8
14.1|95.59|1005|415|5.4|5.4|5|8
14.2|95.59|1005|415|5.4|5.4|5|8
14.3|95.57|1005|415|5.4|5.4|5|8
14.4|95.59|1005|415|5.4|5.4|5|8
14.5|95.66|1005|415|5.4|5.4|2|8
14.6|95.39|1005|415|5.4|5.4|2|8
14.7|95.02|1005|415|5.4|5.4|2|8
14.8|94.6|1080|414|5.4|5.4|2|8
14.9|94.13|1629|415|5.4|5.4|3|8
15|93.88|1698|417|5.4|5.4|3|8
15.1|93.7|1719|418|5.4|5.4|3|8
15.2|93.53|1724|418|5.4|5.4|3|8
15.3|93.5|1729|418|5.4|5.4|3|8
15.4|93.51|1732|418|5.4|5.4|3|8
15.5|93.53|1735|418|5.4|5.4|3|8
15.6|93.53|1735|418|5.4|5.4|3|8
15.7|93.53|1737|418|5.4|5.4|3|8
15.8|93.51|1740|418|5.4|5.4|3|8
15.9|93.5|1740|418|5.4|5.4|3|8
16|93.51|1742|419|5.4|5.4|3|8
16.1|93.55|1742|419|5.4|5.4|3|8
16.2|93.53|1745|419|5.4|5.4|3|8
16.3|93.54|1745|419|5.4|5.4|3|8
16.4|93.53|1745|419|5.4|5.4|3|8
16.5|93.54|1742|419|5.4|5.4|3|8
16.6|93.53|1745|419|5.4|5.4|3|8
16.7|93.53|1742|419|5.4|5.4|3|8
16.8|93.53|1745|419|5.4|5.4|3|8
16.9|93.53|1742|420|5.4|5.4|4|8
17|93.68|1745|420|5.4|5.4|4|8
17.1|93.92|1729|420|5.4|5.4|4|8
17.2|94.39|1688|420|5.4|5.4|4|8
17.3|94.94|1247|420|5.4|5.4|5|8
17.4|95.33|1021|419|5.4|5.4|5|8
17.5|95.46|1015|418|5.4|5.4|5|8
17.6|95.53|1015|418|5.4|5.4|5|8
17.7|95.54|1013|418|5.4|5.4|5|8
17.8|95.55|1013|418|5.4|5.4|5|8
17.9|95.57|1013|418|5.4|5.4|5|8
18|95.61|1013|418|5.4|5.4|5|8
18.1|95.55|1010|418|5.4|5.4|5|8
18.2|95.46|1010|418|5.4|5.4|5|8
18.3|95.54|1010|418|5.4|5.4|5|8
18.4|95.55|1010|418|5.4|5.4|5|8
18.5|95.54|1010|418|5.4|5.4|5|8
18.6|95.53|1010|418|5.4|5.4|5|8
18.7|95.53|1010|418|5.4|5.4|5|8
18.8|95.53|1010|418|5.4|5.4|5|8
18.9|95.55|1010|418|5.4|5.4|5|8
19|95.55|1010|418|5.4|5.4|5|8
19.1|95.55|1010|418|5.4|5.4|5|8
19.2|95.55|1013|418|5.4|5.4|5|8
19.3|95.54|1010|418|5.4|5.4|2|8
19.4|95.58|1010|418|5.4|5.4|2|8
19.5|95.19|1010|418|5.4|5.4|2|8
19.6|94.79|1010|418|5.4|5.4|2|8
19.7|94.35|1286|418|5.4|5.4|2|8
19.8|93.88|1662|418|5.4|5.4|3|8
19.9|93.61|1716|420|5.4|5.4|3|8
20|93.53|1729|420|5.4|5.4|3|8
20.1|93.54|1737|421|5.4|5.4|3|8
20.2|93.41|1740|421|5.4|5.4|3|8
20.3|93.39|1742|421|5.4|5.4|3|8
20.4|93.42|1745|421|5.4|5.4|3|8
20.5|93.43|1745|421|5.4|5.4|3|8
20.6|93.41|1747|421|5.4|5.4|3|8
20.7|93.45|1750|421|5.4|5.4|3|8
20.8|93.39|1753|422|5.4|5.4|3|8
20.9|93.45|1753|422|5.4|5.4|3|8
21|93.41|1776|408|5.4|5.4|3|8
21.1|93.42|1778|398|5.4|5.4|3|8
21.2|93.43|1778|396|5.4|5.4|3|8
21.3|93.41|1778|394|5.4|5.4|3|8
21.4|93.45|1778|394|5.4|5.4|3|8
21.5|93.39|1778|394|5.4|5.4|3|8
21.6|93.42|1778|394|5.4|5.4|3|8
21.7|93.43|1778|394|5.4|5.4|3|8
21.8|93.46|1781|394|5.4|5.4|4|8
21.9|93.58|1778|394|5.4|5.4|4|8
22|93.92|1745|394|5.4|5.4|4|8
22.1|94.47|1701|394|5.4|5.4|4|8
22.2|94.98|1067|394|5.4|5.4|5|8
22.3|95.23|1031|393|5.4|5.4|5|8
22.4|95.35|1031|392|5.4|5.4|5|8
22.5|95.34|1028|392|5.4|5.4|5|8
22.6|95.41|1028|392|5.4|5.4|5|8
22.7|95.41|1028|392|5.4|5.4|5|8
22.8|95.42|1026|392|5.4|5.4|5|8
22.9|95.41|1026|392|5.4|5.4|5|8
23|95.37|1026|392|5.4|5.4|5|8
23.1|95.38|1026|392|5.4|5.4|5|8
23.2|95.38|1026|392|5.4|5.4|5|8
23.3|95.39|1026|392|5.4|5.4|5|8
23.4|95.39|1026|392|5.4|5.4|5|8
23.5|95.39|1026|392|5.4|5.4|5|8
23.6|95.39|1026|392|5.4|5.4|5|8
23.7|95.41|1023|392|5.4|5.4|5|8
23.8|95.42|1023|392|5.4|5.4|5|8
23.9|95.43|1023|392|5.4|5.4|5|8
24|95.42|1023|392|5.4|5.4|5|8
24.1|95.39|1026|392|5.4|5.4|5|8
24.2|95.37|1023|392|5.4|5.4|2|8
24.3|95.25|1023|392|5.4|5.4|2|8
24.4|94.87|1023|392|5.4|5.4|2|8
24.5|94.44|1247|392|5.4|5.4|2|8
24.6|93.98|1619|392|5.4|5.4|3|8
24.7|93.61|1719|394|5.4|5.4|3|8
24.8|93.53|1750|394|5.4|5.4|3|8
24.9|93.39|1760|394|5.4|5.4|3|8
25|93.43|1765|394|5.4|5.4|3|8
25.1|93.41|1771|394|5.4|5.4|3|8
25.2|93.33|1773|394|5.4|5.4|3|8
25.3|93.38|1773|394|5.4|5.4|3|8
25.4|93.41|1776|394|5.4|5.4|3|8
25.5|93.38|1778|394|5.4|5.4|3|8
25.6|93.35|1781|394|5.4|5.4|3|8
25.7|93.37|1781|394|5.4|5.4|3|8
25.8|93.37|1784|394|5.4|5.4|3|8
25.9|93.37|1784|394|5.4|5.4|3|8
26|93.41|1786|394|5.4|5.4|3|8
26.1|93.37|1786|394|5.4|5.4|3|8
26.2|93.34|1786|394|5.4|5.4|3|8
26.3|93.37|1789|394|5.4|5.4|3|8
26.4|93.35|1789|394|5.4|5.4|3|8
26.5|93.37|1789|394|5.4|5.4|3|8
26.6|93.37|1789|394|5.4|5.4|4|8
26.7|93.45|1789|394|5.4|5.4|4|8
26.8|93.77|1773|394|5.4|5.4|4|8
26.9|94.27|1701|394|5.4|5.4|4|8
27|94.71|1057|394|5.4|5.4|5|8
27.1|94.9|1031|393|5.4|5.4|5|8
27.2|94.99|1028|393|5.4|5.4|5|8
27.3|95.06|1028|392|5.4|5.4|5|8
27.4|95.07|1026|393|5.4|5.4|5|8
27.5|95.11|1026|393|5.4|5.4|5|8
27.6|95.02|1026|393|5.4|5.4|5|8
27.7|95.04|1026|393|5.4|5.4|5|8
27.8|95.04|1026|393|5.4|5.4|5|8
27.9|95.07|1026|393|5.4|5.4|5|8
28|95.1|1023|393|5.4|5.4|5|8
28.1|94.99|1023|393|5.4|5.4|5|8
28.2|95.06|1026|393|5.4|5.4|5|8
28.3|95.08|1023|393|5.5|5.4|5|8
28.4|95.07|1023|393|5.4|5.4|5|8
28.5|95.03|1023|393|5.4|5.4|5|8
28.6|95.04|1021|393|5.4|5.4|5|8
28.7|95.07|1021|393|5.4|5.4|5|8
28.8|95.08|1021|393|5.4|5.5|5|8
28.9|95.06|1021|393|5.4|5.4|5|8
29|95.03|1021|393|5.4|5.4|2|8
29.1|94.84|1021|393|5.4|5.4|2|8
29.2|94.44|1023|393|5.4|5.4|2|8
29.3|94|1320|394|5.4|5.4|2|8
29.4|93.6|1701|394|5.4|5.4|3|8
29.5|93.41|1753|394|5.4|5.4|3|8
29.6|93.26|1765|395|5.5|5.4|3|8
29.7|93.22|1771|395|5.4|5.4|3|8
29.8|93.19|1773|395|5.4|5.4|3|8
29.9|93.22|1776|395|5.5|5.4|3|8
30|93.22|1778|395|5.4|5.4|3|8
30.1|93.22|1781|395|5.4|5.4|3|8
30.2|93.22|1781|395|5.4|5.4|3|8
30.3|93.22|1784|395|5.4|5.4|3|8
30.4|93.25|1786|395|5.4|5.4|3|8
30.5|93.23|1786|396|5.4|5.4|3|8
30.6|93.23|1786|396|5.4|5.4|3|8
30.7|93.21|1789|396|5.5|5.4|3|8
30.8|93.21|1789|396|5.4|5.4|3|8
30.9|93.23|1789|396|5.4|5.4|3|8
31|93.23|1791|396|5.4|5.4|3|8
31.1|93.21|1791|396|5.4|5.4|3|8
31.2|93.21|1791|396|5.4|5.4|3|8
31.3|93.22|1791|396|5.4|5.4|3|8
31.4|93.27|1791|396|5.4|5.4|4|8
31.5|93.5|1791|396|5.5|5.4|4|8
31.6|93.89|1740|396|5.4|5.4|4|8
31.7|94.4|1080|396|5.4|5.4|5|8
31.8|94.71|1036|394|5.4|5.4|5|8
31.9|94.71|1034|394|5.4|5.4|5|8
32|94.78|1031|394|5.4|5.4|5|8
32.1|94.78|1031|394|5.4|5.4|5|8
32.2|94.8|1028|394|5.4|5.4|5|8
32.3|94.8|1028|394|5.4|5.4|5|8
32.4|94.8|1028|394|5.4|5.4|5|8
32.5|94.8|1028|394|5.4|5.4|5|8
32.6|94.82|1026|394|5.4|5.4|5|8
32.7|94.8|1028|394|5.4|5.4|5|8
32.8|94.8|1026|394|5.4|5.4|5|8
32.9|94.82|1026|394|5.4|5.4|5|8
33|94.82|1026|394|5.4|5.4|5|8
33.1|94.8|1026|394|5.5|5.4|5|8
33.2|94.8|1026|394|5.4|5.4|5|8
33.3|94.82|1026|394|5.4|5.4|5|8
33.4|94.8|1026|394|5.4|5.4|5|8
33.5|94.82|1026|393|5.4|5.4|5|8
33.6|94.8|1026|394|5.4|5.4|5|8
33.7|94.82|1026|393|5.4|5.4|2|8
33.8|94.72|1026|394|5.4|5.4|2|8
33.9|94.32|1026|394|5.4|5.4|2|8
34|93.89|1312|394|5.4|5.4|2|8
34.1|93.47|1722|394|5.4|5.5|3|8
34.2|93.22|1765|395|5.4|5.4|3|8
34.3|93.22|1776|395|5.4|5.4|3|8
34.4|93.1|1784|395|5.4|5.4|3|8
34.5|93.02|1786|395|5.4|5.4|3|8
34.6|93.06|1789|395|5.4|5.4|3|8
34.7|93.07|1794|395|5.4|5.4|3|8
34.8|93.1|1794|395|5.4|5.4|3|8
34.9|93.04|1796|395|5.4|5.4|3|8
35|93.09|1796|395|5.4|5.4|3|8
35.1|93.07|1796|395|5.4|5.4|3|8
35.2|93.07|1796|395|5.4|5.4|3|8
35.3|93.06|1799|395|5.4|5.4|3|8
35.4|93.09|1796|395|5.4|5.4|3|8
35.5|93.07|1799|395|5.4|5.4|3|8
35.6|93.07|1799|395|5.4|5.4|3|8
35.7|93.06|1799|395|5.5|5.5|3|8
35.8|93.1|1802|395|5.4|5.4|3|8
35.9|93.06|1802|395|5.4|5.5|3|8
36|93.07|1804|395|5.4|5.4|3|8
36.1|93.09|1804|395|5.4|5.4|4|8
36.2|93.29|1802|395|5.4|5.4|4|8
36.3|93.78|1737|395|5.4|5.4|4|8
36.4|94.19|1059|395|5.5|5.4|2|8
36.5|94.24|1036|394|5.4|5.4|2|8
36.6|94.32|1034|394|5.4|5.4|2|8
36.7|94.24|1031|394|5.4|5.4|2|8
36.8|94.17|1031|394|5.5|5.4|2|8
36.9|94.08|1031|394|5.4|5.4|2|8
37|94.04|1028|394|5.4|5.4|2|8
37.1|94.04|1028|394|5.4|5.5|2|8
37.2|93.92|1028|394|5.4|5.4|2|8
37.3|93.96|1028|394|5.4|5.4|2|8
37.4|93.82|1034|394|5.4|5.4|2|8
37.5|93.81|1168|394|5.4|5.4|2|8
37.6|93.64|1046|394|5.4|5.4|2|8
37.7|93.69|1113|394|5.4|5.5|2|8
37.8|93.54|1062|394|5.4|5.4|2|8
37.9|93.57|1077|393|5.4|5.4|2|8
38|93.41|1198|394|5.4|5.5|2|8
38.1|93.45|1608|394|5.5|5.5|2|8
38.2|93.35|1719|394|5.4|5.5|2|8
38.3|93.5|1709|395|5.4|5.4|2|8
38.4|93.69|1103|394|5.4|5.4|2|8
38.5|93.8|1041|394|5.4|5.4|2|8
38.6|93.84|1034|393|5.4|5.4|2|8
38.7|93.73|1031|393|5.4|5.4|2|8
38.8|93.64|1031|393|5.5|5.4|2|8
38.9|93.66|1028|393|5.4|5.4|2|8
39|93.54|1028|393|5.4|5.4|2|8
39.1|93.57|1041|393|5.4|5.5|2|8
39.2|93.43|1281|393|5.4|5.4|2|8
39.3|93.43|1366|394|5.5|5.4|2|8
39.4|93.31|1644|394|5.5|5.4|2|8
39.5|93.38|1673|394|5.4|5.4|2|8
39.6|93.5|1515|395|5.4|5.5|2|8
39.7|93.76|1041|394|5.5|5.4|2|8
39.8|93.76|1034|393|5.4|5.5|2|8
39.9|93.82|1036|392|5.4|5.4|2|8
40|93.66|1028|393|5.4|5.4|2|8
40.1|93.66|1026|392|5.4|5.4|2|8
40.2|93.54|1026|392|5.4|5.4|2|8
40.3|93.57|1028|393|5.4|5.4|2|8
40.4|93.53|1152|393|5.4|5.4|2|8
40.5|93.42|1080|394|5.4|5.5|2|8
40.6|93.35|1515|394|5.4|5.4|2|8
40.7|93.33|1619|394|5.4|5.4|2|8
40.8|93.39|1523|395|5.4|5.4|2|8
40.9|93.49|1044|394|5.4|5.4|2|8
41|93.62|1028|393|5.4|5.4|2|8
41.1|93.65|1028|392|5.5|5.5|2|8
41.2|93.54|1028|392|5.4|5.4|2|8
41.3|93.53|1031|392|5.4|5.5|2|8
41.4|93.38|1031|392|5.4|5.5|2|8
41.5|93.45|1034|392|5.4|5.4|2|8
41.6|93.38|1160|393|5.4|5.5|2|8
41.7|93.22|1183|394|5.5|5.4|2|8
41.8|93.15|1235|394|5.5|5.4|2|8
41.9|93.27|1304|394|5.4|5.4|2|8
42|93.03|1487|393|5.4|5.4|2|8
42.1|93.04|1322|394|5.5|5.4|2|8
42.2|93|1606|394|5.5|5.4|2|8
42.3|92.94|1601|394|5.4|5.4|2|8
42.4|93.19|1198|394|5.4|5.4|2|8
42.5|93.22|1041|394|5.5|5.4|2|8
42.6|93.38|1039|393|5.4|5.5|2|8
42.7|93.19|1039|393|5.4|5.4|2|8
42.8|93.15|1039|393|5.4|5.4|2|8
42.9|93.27|1039|392|5.4|5.5|2|8
43|93.07|1039|393|5.4|5.4|2|8
43.1|93.03|1054|393|5.4|5.5|2|8
43.2|92.94|1387|393|5.4|5.5|2|8
43.3|92.86|1479|394|5.4|5.5|2|8
43.4|92.92|1046|394|5.4|5.4|2|8
43.5|92.96|1036|394|5.5|5.4|2|8
43.6|92.94|1093|393|5.4|5.5|2|8
43.7|92.91|1621|394|5.5|5.4|2|8
43.8|92.83|1683|394|5.4|5.4|2|8
43.9|92.94|1680|394|5.4|5.5|2|8
44|93.19|1443|394|5.4|5.4|2|8
44.1|93.31|1044|394|5.5|5.4|2|8
44.2|93.37|1031|393|5.4|5.4|2|8
44.3|93.37|1034|392|5.4|5.4|2|8
44.4|93.29|1028|393|5.4|5.4|2|8
44.5|93.19|1028|393|5.5|5.5|2|8
44.6|93.17|1031|392|5.5|5.5|2|8
44.7|93.25|1031|392|5.4|5.5|2|8
44.8|93.06|1052|392|5.5|5.4|2|8
44.9|93.04|1023|392|5.5|5.5|2|8
45|92.96|1082|392|5.4|5.5|2|8
45.1|92.91|1036|392|5.4|5.5|2|8
45.2|92.87|1392|393|5.5|5.5|2|8
45.3|92.71|1572|394|5.5|5.4|2|8
45.4|92.82|1631|394|5.5|5.5|2|8
45.5|92.94|1624|394|5.4|5.5|2|8
45.6|93.19|1245|394|5.5|5.5|2|8
45.7|93.26|1044|394|5.5|5.4|2|8
45.8|93.29|1039|393|5.5|5.5|2|8
45.9|93.29|1039|392|5.4|5.5|2|8
46|93.17|1036|392|5.4|5.5|2|8
46.1|93.29|1034|392|5.5|5.5|2|8
46.2|93.15|1031|392|5.5|5.4|2|8
46.3|93.04|1031|392|5.4|5.4|2|8
46.4|93|1036|392|5.5|5.5|2|8
46.5|92.9|1046|392|5.4|5.5|2|8
46.6|92.88|1044|392|5.5|5.4|2|8
46.7|92.82|1113|393|5.4|5.4|2|8
46.8|92.72|1235|394|5.5|5.5|2|8
46.9|92.66|1121|393|5.5|5.5|2|8
47|92.64|1216|394|5.5|5.4|2|8
47.1|92.64|1273|394|5.4|5.5|2|8
47.2|92.43|1320|394|5.5|5.5|2|8
47.3|92.43|1095|394|5.5|5.4|2|8
47.4|92.37|1304|395|5.4|5.5|2|8
47.5|92.28|1309|394|5.5|5.5|2|8
47.6|92.19|1229|394|5.4|5.4|2|8
47.7|92.15|1245|394|5.4|5.5|2|8
47.8|92.12|1137|394|5.5|5.5|2|8
47.9|91.94|1273|393|5.5|5.5|2|8
48|91.92|1265|394|5.5|5.4|2|8
48.1|91.86|1216|394|5.4|5.4|2|8
48.2|91.78|1204|394|5.5|5.5|2|8
48.3|91.68|1121|394|5.5|5.5|2|8
48.4|91.6|1178|393|5.5|5.5|2|8
48.5|91.54|1175|393|5.5|5.5|2|8
48.6|91.47|1276|394|5.4|5.4|2|8
48.7|91.39|1175|393|5.5|5.4|2|8
48.8|91.23|1273|393|5.4|5.5|2|8
48.9|91.22|1119|392|5.4|5.4|2|8
49|91.13|1206|392|5.5|5.5|2|8
49.1|91.05|1126|392|5.5|5.5|2|8
49.2|90.95|1090|394|5.4|5.4|2|8
49.3|90.83|1085|393|5.5|5.4|2|8
49.4|90.83|1250|393|5.4|5.5|2|8
49.5|90.62|1139|393|5.4|5.5|2|8
49.6|90.59|1034|392|5.5|5.4|2|8
49.7|90.56|1204|392|5.5|5.5|2|8
49.8|90.41|1188|393|5.5|5.5|2|8
49.9|90.35|1201|392|5.5|5.5|2|8
50|90.23|1173|392|5.5|5.5|2|8
50.1|90.15|1198|393|5.4|5.5|2|8
50.2|90.03|1077|393|5.5|5.5|2|8
50.3|89.86|1263|393|5.5|5.4|2|8
50.4|89.81|1196|393|5.5|5.4|2|8
50.5|89.77|1227|392|5.4|5.5|2|8
50.6|89.61|1162|392|5.5|5.5|2|8
50.7|89.54|1106|394|5.5|5.5|2|8
50.8|89.43|1180|393|5.4|5.5|2|8
50.9|89.3|1124|393|5.5|5.5|2|8
51|89.18|1119|392|5.5|5.5|2|8
51.1|89.11|1116|392|5.5|5.5|2|8
51.2|89.02|1186|392|5.5|5.4|2|8
51.3|88.87|1343|393|5.5|5.5|2|8
51.4|88.76|1255|392|5.5|5.5|2|8
51.5|88.62|1255|392|5.5|5.4|2|8
51.6|88.54|1320|392|5.5|5.5|2|8
51.7|88.4|1335|394|5.5|5.5|2|8
51.8|88.25|1162|392|5.5|5.5|2|8
51.9|88.17|1119|392|5.5|5.5|2|8
52|88.07|1085|393|5.5|5.5|2|8
52.1|87.92|1155|393|5.5|5.5|2|8
52.2|87.77|1214|392|5.5|5.4|2|8
52.3|87.65|1147|393|5.5|5.4|2|8
52.4|87.56|1103|392|5.5|5.5|2|8
52.5|87.38|1250|392|5.5|5.5|2|8
52.6|87.25|1224|392|5.5|5.5|2|8
52.7|87.15|1255|393|5.5|5.4|2|8
52.8|86.98|1170|394|5.5|5.5|2|8
52.9|86.87|1155|393|5.5|5.5|2|8
53|86.68|1307|394|5.5|5.5|2|8
53.1|86.6|1209|393|5.5|5.5|2|8
53.2|86.43|1265|393|5.5|5.5|2|8
53.3|86.28|1338|392|5.5|5.5|2|8
53.4|86.12|1235|392|5.5|5.5|2|8
53.5|86.01|1168|392|5.5|5.5|2|8
53.6|85.88|1366|392|5.5|5.5|2|8
53.7|85.7|1291|392|5.5|5.5|2|8
53.8|85.5|1222|393|5.5|5.5|2|8
53.9|85.42|1191|394|5.5|5.4|2|8
54|85.22|1198|392|5.5|5.5|2|8
54.1|85.05|1268|392|5.4|5.5|2|8
54.2|84.93|1363|393|5.5|5.4|2|8
54.3|84.76|1255|394|5.5|5.5|2|8
54.4|84.51|1193|394|5.5|5.5|2|8
54.5|84.38|1165|392|5.4|5.5|2|8
54.6|84.21|1325|393|5.5|5.4|2|8
54.7|84.09|1265|394|5.5|5.5|2|8
54.8|83.88|1193|392|5.5|5.5|2|8
54.9|83.68|1229|393|5.5|5.5|2|8
55|83.52|1402|392|5.4|5.5|2|8
55.1|83.29|1271|392|5.5|5.5|2|8
55.2|83.13|1353|394|5.5|5.5|2|8
55.3|82.94|1289|393|5.5|5.5|2|8
55.4|82.74|1291|392|5.5|5.4|2|8
55.5|82.56|1265|392|5.5|5.5|2|8
55.6|82.35|1224|392|5.5|5.5|6|8
55.7|81.26|1789|392|5.4|5.4|6|8
55.8|78.87|1851|393|5.4|5.4|6|8
55.9|76.4|85|392|5.4|5.4|7|8
56|74.07|0|390|5.4|5.4|7|8
56.1|72.69|0|388|5.4|5.4|7|8
56.2|72.08|0|388|5.4|5.4|7|8
56.3|71.77|0|388|5.4|5.4|7|8
56.4|71.55|0|388|5.4|5.4|7|8
56.5|71.47|0|388|5.4|5.4|7|8
56.6|71.47|0|388|5.4|5.4|7|8
56.7|71.45|0|388|5.4|5.4|7|8
56.8|71.45|0|388|5.4|5.4|7|8
56.9|71.44|0|388|5.4|5.4|7|8
57|71.44|0|388|5.4|5.4|7|8
57.1|71.44|0|388|5.4|5.4|7|8
57.2|71.47|0|388|5.4|5.4|7|8
57.3|71.45|0|388|5.4|5.4|7|8
57.4|71.41|0|388|5.4|5.4|7|8
57.5|71.41|0|388|5.4|5.4|7|8
57.6|71.41|0|387|5.4|5.4|7|8
57.7|71.38|0|387|5.4|5.4|7|8
57.8|71.4|0|387|5.4|5.4|7|8
57.9|71.4|0|387|5.4|5.4|7|8
58|71.38|0|387|5.4|5.4|7|8
58.1|71.41|0|387|5.4|5.4|7|8
58.2|71.41|0|387|5.4|5.4|7|8
58.3|71.41|0|387|5.4|5.4|7|8
58.4|71.4|0|387|5.4|5.4|7|8
58.5|71.41|0|387|5.4|5.4|7|8
58.6|71.41|0|387|5.4|5.4|7|8
58.7|71.43|0|387|5.4|5.4|7|8
58.8|71.45|0|387|5.4|5.4|7|8
58.9|71.47|0|387|5.4|5.4|7|8
59|71.47|0|387|5.4|5.4|7|8
59.1|71.44|0|387|5.4|5.4|7|8
59.2|71.4|0|387|5.4|5.4|7|8
59.3|71.38|0|387|5.4|5.4|7|8
59.4|71.4|0|387|5.4|5.4|7|8
59.5|71.43|0|387|5.4|5.4|7|8
59.6|71.41|0|387|5.4|5.4|7|8
59.7|71.4|0|387|5.4|5.4|7|8
59.8|71.41|0|387|5.4|5.4|7|8
59.9|71.4|0|387|5.4|5.4|7|8
60|71.41|0|387|5.4|5.4|7|8
60.1|71.43|0|387|5.4|5.4|7|8
60.2|71.43|0|387|5.4|5.4|7|8
60.3|71.41|0|387|5.4|5.4|7|8
60.4|71.38|0|387|5.4|5.4|7|8
60.5|71.41|0|387|5.4|5.4|7|8
60.6|71.41|0|387|5.4|5.4|7|8
60.7|71.38|0|387|5.4|5.4|7|8
60.8|71.4|0|387|5.4|5.4|7|8
60.9|71.41|0|387|5.4|5.4|7|8
61|71.4|0|387|5.4|5.4|7|8
61.1|71.4|0|387|5.4|5.4|7|8
61.2|71.4|0|387|5.4|5.4|7|8
61.3|71.4|0|387|5.4|5.4|7|8
61.4|71.4|0|387|5.4|5.4|7|8
61.5|71.4|0|387|5.4|5.4|7|8
61.6|71.4|0|387|5.4|5.4|7|8
61.7|71.4|0|387|5.4|5.4|7|8
61.8|71.4|0|387|5.4|5.4|7|8
61.9|71.38|0|387|5.4|5.4|7|8
62|71.4|0|386|5.4|5.4|7|8
62.1|71.38|0|387|5.4|5.4|7|8
62.2|71.37|0|387|5.4|5.4|7|8
62.3|71.38|0|386|5.4|5.4|7|8
62.4|71.37|0|386|5.4|5.4|7|8
62.5|71.38|0|386|5.4|5.4|7|8
62.6|71.38|0|386|5.4|5.4|7|8
62.7|71.4|0|386|5.4|5.4|7|8
62.8|71.38|0|386|5.4|5.4|7|8
62.9|71.38|0|386|5.4|5.4|7|8
63|71.38|0|386|5.4|5.4|7|8
63.1|71.38|0|386|5.4|5.4|7|8
63.2|71.38|0|386|5.4|5.4|7|8
63.3|71.38|0|386|5.4|5.4|7|8
63.4|71.4|0|386|5.4|5.4|7|8
63.5|71.38|0|386|5.4|5.4|7|8
63.6|71.38|0|386|5.4|5.4|7|8
63.7|71.4|0|386|5.4|5.4|7|8
63.8|71.38|0|386|5.4|5.4|7|8
63.9|71.38|0|386|5.4|5.4|7|8
64|71.38|0|386|5.4|5.4|7|8
64.1|71.38|0|386|5.4|5.4|7|8
64.2|71.38|0|386|5.4|5.4|7|8
64.3|71.38|0|386|5.4|5.4|7|8
64.4|71.4|0|386|5.4|5.4|7|8
64.5|71.38|0|386|5.4|5.4|7|8
64.6|71.38|0|386|5.4|5.4|7|8
64.7|71.38|0|386|5.4|5.4|7|8
64.8|71.38|0|386|5.4|5.4|7|8
64.9|71.38|0|386|5.4|5.4|7|8
65|71.38|0|386|5.4|5.4|7|8
65.1|71.38|0|386|5.4|5.4|7|8
65.2|71.38|0|386|5.4|5.4|7|8
65.3|71.38|0|386|5.4|5.4|7|8
65.4|71.38|0|386|5.4|5.4|7|8
65.5|71.38|0|386|5.4|5.4|7|8
65.6|71.37|0|386|5.4|5.4|7|8
65.7|71.38|0|386|5.4|5.4|7|8
65.8|71.38|0|386|5.4|5.4|7|8
65.9|71.38|0|386|5.4|5.4|7|8
66|71.38|0|386|5.4|5.4|7|8
66.1|71.38|0|386|5.4|5.4|7|8
66.2|71.38|0|386|5.4|5.4|7|8
66.3|71.37|0|386|5.4|5.4|7|8
66.4|71.38|0|386|5.4|5.4|7|8
66.5|71.4|0|386|5.4|5.4|7|8
66.6|71.38|0|386|5.4|5.4|7|8
66.7|71.38|0|386|5.4|5.4|7|8
66.8|71.37|0|386|5.4|5.4|7|8
66.9|71.38|0|386|5.4|5.4|7|8
67|71.38|0|397|5.4|5.4|7|8
67.1|71.36|0|401|5.4|5.4|7|8
67.2|71.37|0|403|5.4|5.4|7|8
67.3|71.38|0|404|5.4|5.4|7|8
67.4|71.36|0|404|5.4|5.4|7|8
67.5|71.4|0|404|5.5|5.4|7|8
67.6|71.37|0|404|5.5|5.4|7|8
67.7|71.37|0|404|5.4|5.4|7|8
67.8|71.37|0|404|5.5|5.4|7|8
67.9|71.37|0|404|5.5|5.5|7|8
68|71.37|0|404|5.5|5.4|7|8
68.1|71.38|0|404|5.5|5.4|7|8
68.2|71.37|0|404|5.5|5.4|7|8
68.3|71.38|0|404|5.5|5.4|7|8
68.4|71.37|0|404|5.5|5.4|7|8
68.5|71.37|0|404|5.4|5.4|7|8
68.6|71.37|0|404|5.5|5.4|7|8
68.7|71.37|0|404|5.4|5.4|7|8
68.8|71.37|0|404|5.5|5.4|7|8
68.9|71.37|0|404|5.5|5.4|8|8
69|71.38|0|404|5.2|5.2|8|8
69.1|71.22|0|404|5.4|5.4|8|8
69.2|71.25|0|404|5.4|5.4|8|8
69.3|71.21|0|404|5.4|5.4|8|8
69.4|71.3|0|404|5.4|5.4|8|8
69.5|71.32|0|404|5.4|5.4|8|8
69.6|71.3|0|404|5.4|5.4|8|8
69.7|71.29|0|404|5.4|5.4|8|8
69.8|71.28|0|404|5.3|5.3|8|8
69.9|71.29|0|404|5.3|5.3|8|8
70|71.3|0|404|5.3|5.3|8|8
70.1|71.32|0|404|5.3|5.3|8|8
70.2|71.34|0|404|5.3|5.3|8|8
70.3|71.29|0|404|5.2|5.2|8|8
70.4|71.28|0|404|5.2|5.2|8|8
70.5|71.3|0|404|5.2|5.2|8|8
70.6|71.34|0|404|5.2|5.2|8|8
70.7|71.36|0|404|5.2|5.2|8|8
70.8|71.32|0|404|5.2|5.2|8|8
70.9|71.36|0|404|5.2|5.2|8|8
71|73.89|0|404|5.2|5.2|8|8
71.1|76.86|0|404|5.2|5.2|8|8
71.2|79.85|0|404|5.2|5.2|8|8
71.3|82.79|0|404|5.2|5.2|8|8
71.4|85.72|0|404|5.2|5.2|8|8
71.5|88.59|0|404|5.2|5.1|8|8
71.6|91.5|0|404|5.1|5.1|8|8
71.7|94.08|0|404|5.2|5.2|8|8
71.8|95.25|0|404|5.2|5.2|8|8
71.9|95.72|0|404|5.2|5.2|8|8
