0|96.08|879|452|4.9|4.9|1|8
0.1|96.06|1023|458|4.9|4.9|1|8
0.2|96.08|1028|460|4.9|4.9|1|8
0.3|96.08|1031|461|4.9|4.9|1|8
0.4|96.05|1034|462|4.9|4.9|1|8
0.5|96.04|1034|462|4.9|4.9|2|8
0.6|95.78|1036|462|4.9|4.9|2|8
0.7|95.37|1036|462|4.9|4.9|2|8
0.8|94.94|1046|462|4.9|4.9|2|8
0.9|94.47|1335|461|4.9|4.9|2|8
1|94|1567|462|4.9|4.9|3|8
1.1|93.81|1608|463|4.9|4.9|3|8
1.2|93.6|1631|463|4.9|4.9|3|8
1.3|93.55|1639|463|4.9|4.9|3|8
1.4|93.58|1647|463|4.9|4.9|3|8
1.5|93.51|1655|463|4.9|4.9|3|8
1.6|93.47|1657|464|4.9|4.9|3|8
1.7|93.43|1662|464|4.9|4.9|3|8
1.8|93.42|1665|464|4.9|4.9|3|8
1.9|93.49|1668|464|4.9|4.9|3|8
2|93.53|1670|464|4.9|4.9|3|8
2.1|93.46|1673|464|4.9|4.9|3|8
2.2|93.46|1675|464|4.9|4.9|3|8
2.3|93.45|1678|464|4.9|4.9|3|8
2.4|93.51|1680|464|4.9|4.9|3|8
2.5|93.47|1683|464|4.9|4.9|3|8
2.6|93.47|1683|464|4.9|4.9|3|8
2.7|93.46|1683|464|4.9|4.9|3|8
2.8|93.46|1686|464|4.9|4.9|3|8
2.9|93.42|1686|464|4.9|4.9|3|8
3|93.47|1686|464|4.9|4.9|4|8
3.1|93.58|1686|464|4.9|4.9|4|8
3.2|94.05|1639|464|4.9|4.9|4|8
3.3|94.49|1235|464|5|4.9|5|8
3.4|94.83|1067|463|5|5|5|8
3.5|94.96|1062|462|5|5|5|8
3.6|95.11|1059|462|5|5|5|8
3.7|95.1|1059|462|5|5|5|8
3.8|95.07|1059|462|5|5|5|8
3.9|95.07|1054|462|5|5|5|8
4|95.07|1054|462|5|5|5|8
4.1|95.12|1054|462|5|5|5|8
4.2|95.11|1054|462|5|5|5|8
4.3|95.14|1054|462|5|5|5|8
4.4|95.11|1054|462|5|5|5|8
4.5|95.15|1054|462|5|5|5|8
4.6|95.1|1054|462|5|5|5|8
4.7|95.04|1054|462|5|5|5|8
4.8|95.06|1054|462|5|5|5|8
4.9|95.1|1054|462|5|5|5|8
5|95.11|1054|462|5|5|5|8
5.1|95.14|1052|462|5|5|5|8
5.2|95.11|1052|462|5|5|5|8
5.3|95.1|1054|462|5|5|2|8
5.4|95.04|1052|462|5|5|2|8
5.5|94.76|1052|462|5|5|2|8
5.6|94.39|1054|462|5|5|2|8
5.7|93.86|1307|462|5|5|2|8
5.8|93.49|1647|462|5|5|3|8
5.9|93.21|1675|462|5|5|3|8
6|93.15|1691|463|5|5|3|8
6.1|92.98|1701|463|5|5|3|8
6.2|93.03|1706|463|5|5|3|8
6.3|93.07|1709|463|5|5|3|8
6.4|93|1714|463|5|5|3|8
6.5|92.99|1716|463|5|5|3|8
6.6|92.99|1719|464|5|5|3|8
6.7|92.98|1722|463|5|5|3|8
6.8|92.99|1722|463|5|5|3|8
6.9|92.96|1724|463|5|5|3|8
7|92.95|1727|463|5|5|3|8
7.1|92.95|1727|463|5|5|3|8
7.2|92.98|1727|463|5|5|3|8
7.3|92.98|1729|463|5|5|3|8
7.4|92.99|1729|463|5|5|3|8
7.5|92.98|1732|463|5|5|3|8
7.6|92.98|1732|463|5|5|3|8
7.7|92.99|1735|463|5|5|3|8
7.8|92.95|1737|463|5|5|4|8
7.9|93.13|1735|463|5|5|4|8
8|93.54|1688|463|5|5|4|8
8.1|94.08|1629|463|5|5|4|8
8.2|94.53|1155|462|5|5.1|5|8
8.3|94.83|1064|462|5|5.1|5|8
8.4|94.91|1064|462|5.1|5.1|5|8
8.5|95.02|1062|462|5.1|5.1|5|8
8.6|95.04|1062|462|5.1|5.1|5|8
8.7|95.11|1059|462|5.1|5.1|5|8
8.8|95.08|1059|462|5.1|5.1|5|8
8.9|95.06|1059|462|5.1|5.1|5|8
9|95.02|1057|461|5.1|5.1|5|8
9.1|95|1057|461|5.1|5.1|5|8
9.2|95.06|1057|461|5.1|5.1|5|8
9.3|95.1|1057|461|5.1|5.1|5|8
9.4|95.1|1057|461|5.1|5.1|5|8
9.5|95.04|1057|461|5.1|5.1|5|8
9.6|94.99|1057|462|5.1|5.1|5|8
9.7|95|1057|462|5.1|5.1|5|8
9.8|95.06|1057|462|5.1|5.1|5|8
9.9|95.06|1057|461|5.1|5.1|5|8
10|95.06|1057|461|5.1|5.1|5|8
10.1|95.08|1054|462|5.1|5.1|5|8
10.2|95.03|1057|461|5.1|5.1|2|8
10.3|94.91|1070|439|5.1|5.1|2|8
10.4|94.59|1070|426|5.1|5.1|2|8
10.5|94.2|1095|422|5.1|5.1|2|8
10.6|93.7|1216|420|5.1|5.1|2|8
10.7|93.22|1598|420|5.1|5.1|3|8
10.8|92.91|1729|422|5.1|5.1|3|8
10.9|92.74|1750|424|5.1|5.1|3|8
11|92.68|1760|424|5.1|5.1|3|8
11.1|92.7|1765|424|5.1|5.1|3|8
11.2|92.62|1771|424|5.1|5.1|3|8
11.3|92.59|1773|424|5.1|5.1|3|8
11.4|92.59|1776|424|5.1|5.1|3|8
11.5|92.66|1776|424|5.1|5.1|3|8
11.6|92.62|1778|424|5.1|5.1|3|8
11.7|92.58|1778|424|5.1|5.1|3|8
11.8|92.58|1781|424|5.1|5.1|3|8
11.9|92.55|1781|424|5.1|5.1|3|8
12|92.56|1784|424|5.1|5.1|3|8
12.1|92.59|1784|424|5.1|5.1|3|8
12.2|92.58|1784|424|5.1|5.1|3|8
12.3|92.59|1784|424|5.1|5.1|3|8
12.4|92.59|1786|424|5.1|5.1|3|8
12.5|92.58|1786|424|5.1|5.1|3|8
12.6|92.58|1786|424|5.1|5.1|3|8
12.7|92.58|1786|424|5.1|5.1|4|8
12.8|92.59|1789|424|5.1|5.1|4|8
12.9|92.88|1755|424|5.1|5.1|4|8
13|93.42|1711|424|5.1|5.1|4|8
13.1|93.89|1356|424|5.1|5.1|5|8
13.2|94.36|1085|421|5.1|5.1|5|8
13.3|94.4|1080|420|5.1|5.1|5|8
13.4|94.47|1077|420|5.1|5.1|5|8
13.5|94.47|1077|420|5.1|5.1|5|8
13.6|94.53|1077|419|5.1|5.1|5|8
13.7|94.55|1077|419|5.1|5.1|5|8
13.8|94.57|1075|418|5.1|5.1|5|8
13.9|94.57|1075|418|5.1|5.1|5|8
14|94.49|1075|418|5.1|5.1|5|8
14.1|94.55|1075|418|5.1|5.1|5|8
14.2|94.59|1075|418|5.1|5.1|5|8
14.3|94.52|1072|418|5.1|5.1|5|8
14.4|94.53|1072|418|5.1|5.1|5|8
14.5|94.53|1072|418|5.1|5.1|5|8
14.6|94.52|1072|418|5.1|5.1|5|8
14.7|94.51|1072|418|5.1|5.1|5|8
14.8|94.55|1072|418|5.1|5.1|5|8
14.9|94.57|1072|418|5.1|5.1|5|8
15|94.6|1070|418|5.1|5.1|5|8
15.1|94.52|1070|418|5.1|5.1|2|8
15.2|94.49|1070|417|5.1|5.1|2|8
15.3|94.29|1070|417|5.1|5.1|2|8
15.4|93.81|1070|417|5.1|5.1|2|8
15.5|93.29|1209|416|5.1|5.1|2|8
15.6|92.84|1459|418|5.1|5.1|2|8
15.7|92.49|1742|420|5.1|5.1|3|8
15.8|92.33|1771|422|5.1|5.1|3|8
15.9|92.19|1781|422|5.1|5.1|3|8
16|92.12|1786|422|5.1|5.1|3|8
16.1|92.11|1789|422|5.1|5.1|3|8
16.2|92.11|1791|422|5.1|5.1|3|8
16.3|92.09|1794|422|5.1|5.1|3|8
16.4|92.09|1796|422|5.1|5.1|3|8
16.5|92.11|1799|422|5.1|5.1|3|8
16.6|92.08|1799|422|5.1|5.1|3|8
16.7|92.04|1799|423|5.1|5.1|3|8
16.8|92.07|1799|423|5.1|5.1|3|8
16.9|92.05|1802|422|5.1|5.1|3|8
17|92.05|1804|422|5.1|5.1|3|8
17.1|92.05|1804|422|5.1|5.1|3|8
17.2|92.07|1804|422|5.1|5.1|3|8
17.3|92.09|1804|422|5.1|5.1|3|8
17.4|92.09|1804|422|5.1|5.1|3|8
17.5|92.09|1804|422|5.1|5.1|3|8
17.6|92.09|1804|422|5.1|5.1|3|8
17.7|92.08|1804|422|5.1|5.1|4|8
17.8|92.35|1802|422|5.1|5.1|4|8
17.9|92.79|1719|422|5.1|5.1|4|8
18|93.22|1101|420|5.1|5.1|5|8
18.1|93.49|1082|419|5.1|5.1|5|8
18.2|93.53|1080|418|5.1|5.1|5|8
18.3|93.54|1077|418|5.1|5.1|5|8
18.4|93.6|1077|418|5.1|5.1|5|8
18.5|93.58|1077|417|5.1|5.1|5|8
18.6|93.6|1077|417|5.1|5.1|5|8
18.7|93.58|1077|417|5.1|5.1|5|8
18.8|93.6|1075|416|5.1|5.1|5|8
18.9|93.6|1075|416|5.1|5.1|5|8
19|93.61|1075|416|5.1|5.1|5|8
19.1|93.65|1075|416|5.1|5.1|5|8
19.2|93.6|1075|416|5.1|5.1|5|8
19.3|93.55|1072|416|5.1|5.1|5|8
19.4|93.58|1072|416|5.1|5.1|5|8
19.5|93.58|1072|416|5.1|5.1|5|8
19.6|93.6|1072|416|5.1|5.1|5|8
19.7|93.61|1072|416|5.1|5.1|5|8
19.8|93.65|1072|416|5.1|5.1|5|8
19.9|93.6|1072|416|5.1|5.1|5|8
20|93.58|1072|416|5.1|5.1|2|8
20.1|93.42|1072|416|5.1|5.1|2|8
20.2|93.03|1072|416|5.1|5.1|2|8
20.3|92.63|1371|404|5.1|5.1|2|8
20.4|92.19|1773|397|5.1|5.1|3|8
20.5|92.01|1804|395|5.1|5.1|3|8
20.6|91.94|1814|394|5.1|5.1|3|8
20.7|91.86|1822|394|5.1|5.1|3|8
20.8|91.86|1825|394|5.1|5.1|3|8
20.9|91.82|1830|394|5.1|5.1|3|8
21|91.77|1832|394|5.1|5.1|3|8
21.1|91.77|1832|394|5.1|5.1|3|8
21.2|91.8|1835|394|5.1|5.1|3|8
21.3|91.8|1835|394|5.1|5.1|3|8
21.4|91.8|1835|394|5.1|5.1|3|8
21.5|91.8|1838|394|5.1|5.1|3|8
21.6|91.8|1838|394|5.1|5.1|3|8
21.7|91.8|1838|394|5.1|5.1|3|8
21.8|91.8|1838|394|5.1|5.1|3|8
21.9|91.8|1838|394|5.1|5.1|3|8
22|91.78|1840|394|5.1|5.1|3|8
22.1|91.81|1838|394|5.1|5.1|3|8
22.2|91.78|1840|394|5.1|5.1|3|8
22.3|91.8|1840|394|5.1|5.1|3|8
22.4|91.81|1840|394|5.1|5.1|4|8
22.5|91.93|1840|394|5.1|5.1|4|8
22.6|92.4|1781|394|5.1|5.1|4|8
22.7|92.92|1137|394|5.1|5.1|5|8
22.8|93.15|1093|393|5.1|5.1|5|8
22.9|93.27|1090|392|5.1|5.1|5|8
23|93.33|1090|392|5.1|5.1|5|8
23.1|93.34|1088|392|5.1|5.1|5|8
23.2|93.34|1088|392|5.1|5.1|5|8
23.3|93.35|1088|392|5.1|5.1|5|8
23.4|93.34|1085|392|5.1|5.1|5|8
23.5|93.34|1085|392|5.1|5.1|5|8
23.6|93.34|1085|392|5.1|5.1|5|8
23.7|93.34|1082|392|5.1|5.1|5|8
23.8|93.34|1082|392|5.1|5.1|5|8
23.9|93.34|1082|392|5.1|5.1|5|8
24|93.34|1082|392|5.1|5.1|5|8
24.1|93.34|1082|392|5.1|5.1|5|8
24.2|93.34|1080|392|5.1|5.1|5|8
24.3|93.35|1080|392|5.1|5.1|5|8
24.4|93.34|1080|392|5.1|5.1|5|8
24.5|93.34|1080|392|5.1|5.1|5|8
24.6|93.34|1080|392|5.1|5.1|5|8
24.7|93.34|1080|392|5.1|5.1|2|8
24.8|93.22|1080|392|5.1|5.1|2|8
24.9|92.84|1080|392|5.1|5.1|2|8
25|92.41|1268|392|5.1|5.1|2|8
25.1|92|1763|392|5.1|5.1|3|8
25.2|91.88|1807|392|5.1|5.1|3|8
25.3|91.76|1820|392|5.1|5.1|3|8
25.4|91.62|1830|393|5.1|5.1|3|8
25.5|91.61|1835|393|5.1|5.1|3|8
25.6|91.62|1838|393|5.1|5.1|3|8
25.7|91.58|1840|393|5.1|5.1|3|8
25.8|91.6|1843|393|5.1|5.1|3|8
25.9|91.53|1845|393|5.1|5.1|3|8
26|91.56|1845|393|5.1|5.1|3|8
26.1|91.6|1845|393|5.1|5.1|3|8
26.2|91.6|1845|393|5.1|5.1|3|8
26.3|91.61|1845|393|5.1|5.1|3|8
26.4|91.61|1848|393|5.1|5.1|3|8
26.5|91.58|1845|392|5.1|5.1|3|8
26.6|91.57|1848|392|5.1|5.1|3|8
26.7|91.58|1848|392|5.1|5.1|3|8
26.8|91.58|1848|392|5.1|5.1|3|8
26.9|91.58|1848|392|5.1|5.1|3|8
27|91.6|1851|392|5.1|5.1|3|8
27.1|91.58|1851|392|5.1|5.1|4|8
27.2|91.8|1851|392|5.1|5.1|4|8
27.3|92.08|1814|393|5.1|5.1|4|8
27.4|92.66|1528|393|5.1|5.1|4|8
27.5|93.13|1098|392|5.1|5.1|5|8
27.6|93.27|1090|392|5.1|5.1|5|8
27.7|93.34|1088|392|5.1|5.1|5|8
27.8|93.35|1088|392|5.1|5.1|5|8
27.9|93.39|1088|392|5.1|5.1|5|8
28|93.38|1088|392|5.1|5.1|5|8
28.1|93.38|1085|392|5.1|5.1|5|8
28.2|93.39|1085|392|5.1|5.1|5|8
28.3|93.41|1085|392|5.1|5.1|5|8
28.4|93.46|1082|392|5.1|5.1|5|8
28.5|93.39|1082|392|5.1|5.1|5|8
28.6|93.38|1082|392|5.1|5.1|5|8
28.7|93.35|1082|392|5.1|5.1|5|8
28.8|93.37|1080|392|5.1|5.1|5|8
28.9|93.38|1082|392|5.1|5.1|5|8
29|93.42|1080|391|5.1|5.1|5|8
29.1|93.45|1077|391|5.1|5.1|5|8
29.2|93.39|1077|391|5.1|5.1|5|8
29.3|93.34|1077|391|5.1|5.1|5|8
29.4|93.35|1077|391|5.1|5.1|5|8
29.5|93.42|1077|391|5.1|5.1|2|8
29.6|93.11|1077|390|5.1|5.1|2|8
29.7|92.71|1077|390|5.1|5.1|2|8
29.8|92.24|1541|392|5.1|5.1|2|8
29.9|91.93|1768|392|5.1|5.1|3|8
30|91.74|1812|392|5.1|5.1|3|8
30.1|91.66|1825|392|5.1|5.1|3|8
30.2|91.62|1832|392|5.1|5.1|3|8
30.3|91.62|1838|392|5.1|5.1|3|8
30.4|91.62|1843|392|5.1|5.1|3|8
30.5|91.54|1845|392|5.1|5.1|3|8
30.6|91.57|1848|392|5.1|5.1|3|8
30.7|91.58|1851|392|5.1|5.1|3|8
30.8|91.6|1851|392|5.1|5.1|3|8
30.9|91.62|1853|392|5.1|5.1|3|8
31|91.6|1853|392|5.1|5.1|3|8
31.1|91.58|1856|392|5.1|5.1|3|8
31.2|91.54|1856|392|5.1|5.1|3|8
31.3|91.6|1858|392|5.1|5.1|3|8
31.4|91.6|1858|392|5.1|5.1|3|8
31.5|91.58|1861|392|5.1|5.1|3|8
31.6|91.6|1861|392|5.1|5.1|3|8
31.7|91.58|1861|392|5.1|5.1|3|8
31.8|91.58|1861|392|5.1|5.1|3|8
31.9|91.57|1861|392|5.1|5.1|4|8
32|91.85|1858|392|5.1|5.1|4|8
32.1|92.29|1786|392|5.1|5.1|4|8
32.2|92.83|1162|392|5.1|5.1|5|8
32.3|93.14|1093|392|5.1|5.1|5|8
32.4|93.25|1090|392|5.1|5.1|5|8
32.5|93.3|1088|391|5.1|5.1|5|8
32.6|93.33|1088|391|5.1|5.1|5|8
32.7|93.34|1088|391|5.1|5.1|5|8
32.8|93.34|1088|392|5.1|5.1|5|8
32.9|93.34|1085|391|5.1|5.1|5|8
33|93.34|1085|391|5.1|5.1|5|8
33.1|93.34|1082|391|5.1|5.1|5|8
33.2|93.34|1085|391|5.1|5.1|5|8
33.3|93.34|1082|391|5.1|5.1|5|8
33.4|93.37|1082|391|5.1|5.1|5|8
33.5|93.34|1082|391|5.1|5.1|5|8
33.6|93.33|1082|391|5.1|5.1|5|8
33.7|93.33|1082|391|5.1|5.1|5|8
33.8|93.33|1082|391|5.1|5.1|5|8
33.9|93.34|1080|391|5.1|5.1|5|8
34|93.33|1080|391|5.1|5.1|5|8
34.1|93.34|1080|391|5.1|5.1|5|8
34.2|93.34|1080|391|5.1|5.1|2|8
34.3|93.26|1080|391|5.1|5.1|2|8
34.4|92.94|1080|391|5.1|5.1|2|8
34.5|92.49|1139|391|5.1|5.1|2|8
34.6|92.01|1593|391|5.1|5.1|3|8
34.7|91.73|1804|392|5.1|5.1|3|8
34.8|91.53|1827|392|5.1|5.1|3|8
34.9|91.5|1838|392|5.1|5.1|3|8
35|91.5|1843|392|5.1|5.1|3|8
35.1|91.45|1848|391|5.1|5.1|3|8
35.2|91.38|1851|391|5.1|5.1|3|8
35.3|91.39|1853|391|5.1|5.1|3|8
35.4|91.39|1856|391|5.1|5.1|3|8
35.5|91.39|1858|392|5.1|5.1|3|8
35.6|91.41|1861|392|5.1|5.1|3|8
35.7|91.41|1861|391|5.1|5.1|3|8
35.8|91.41|1863|391|5.1|5.1|3|8
35.9|91.41|1863|392|5.1|5.1|3|8
36|91.38|1866|392|5.1|5.1|3|8
36.1|91.34|1866|392|5.1|5.1|3|8
36.2|91.37|1866|392|5.1|5.1|3|8
36.3|91.41|1866|392|5.1|5.1|3|8
36.4|91.39|1869|392|5.1|5.1|3|8
36.5|91.38|1869|392|5.1|5.1|3|8
36.6|91.38|1869|391|5.1|5.1|4|8
36.7|91.43|1869|391|5.1|5.1|4|8
36.8|91.72|1863|391|5.1|5.1|4|8
36.9|92.17|1430|392|5.1|5.1|4|8
37|92.45|1101|392|5.1|5.1|2|8
37.1|92.56|1090|391|5.1|5.1|2|8
37.2|92.53|1088|390|5.1|5.1|2|8
37.3|92.48|1088|390|5.1|5.1|2|8
37.4|92.41|1085|390|5.1|5.1|2|8
37.5|92.39|1085|390|5.1|5.1|2|8
37.6|92.39|1085|390|5.1|5.1|2|8
37.7|92.23|1085|390|5.1|5.1|2|8
37.8|92.17|1085|390|5.1|5.1|2|8
37.9|92.15|1085|390|5.1|5.1|2|8
38|92.08|1082|390|5.1|5.1|2|8
38.1|92.04|1082|390|5.1|5.1|2|8
38.2|91.98|1224|390|5.1|5.1|2|8
38.3|91.93|1235|390|5.1|5.1|2|8
38.4|91.86|1629|390|5.1|5.1|2|8
38.5|91.81|1709|391|5.1|5.1|2|8
38.6|91.9|1719|391|5.1|5.1|2|8
38.7|92.12|1639|392|5.1|5.1|2|8
38.8|92.35|1111|391|5.1|5.1|2|8
38.9|92.37|1088|390|5.1|5.1|2|8
39|92.4|1085|390|5.1|5.1|2|8
39.1|92.37|1082|390|5.1|5.1|2|8
39.2|92.4|1082|390|5.1|5.1|2|8
39.3|92.21|1082|390|5.1|5.1|2|8
39.4|92.17|1080|390|5.1|5.1|2|8
39.5|92.13|1080|390|5.1|5.1|2|8
39.6|92.07|1124|390|5.1|5.1|2|8
39.7|92.02|1219|390|5.1|5.1|2|8
39.8|91.98|1160|391|5.1|5.1|2|8
39.9|91.94|1376|391|5.1|5.1|2|8
40|91.86|1575|391|5.1|5.1|2|8
40.1|91.86|1683|391|5.1|5.1|2|8
40.2|91.97|1616|391|5.1|5.1|2|8
40.3|92.2|1147|391|5.1|5.1|2|8
40.4|92.32|1082|390|5.1|5.1|2|8
40.5|92.27|1077|390|5.1|5.1|2|8
40.6|92.21|1077|390|5.1|5.1|2|8
40.7|92.19|1077|390|5.1|5.1|2|8
40.8|92.13|1077|390|5.1|5.1|2|8
40.9|92.07|1077|390|5.1|5.1|2|8
41|92.04|1077|390|5.1|5.1|2|8
41.1|91.98|1098|390|5.1|5.1|2|8
41.2|91.94|1299|390|5.1|5.1|2|8
41.3|91.85|1678|390|5.1|5.1|2|8
41.4|91.86|1711|390|5.1|5.1|2|8
41.5|92.01|1327|391|5.1|5.1|2|8
41.6|92.17|1082|390|5.1|5.1|2|8
41.7|92.25|1080|390|5.1|5.1|2|8
41.8|92.2|1077|390|5.1|5.1|2|8
41.9|92.16|1077|390|5.1|5.1|2|8
42|92.11|1077|390|5.1|5.1|2|8
42.1|92.04|1077|390|5.1|5.1|2|8
42.2|92.01|1077|390|5.1|5.1|2|8
42.3|91.97|1088|390|5.1|5.1|2|8
42.4|91.9|1376|390|5.1|5.1|2|8
42.5|91.88|1634|390|5.1|5.1|2|8
42.6|91.81|1696|390|5.1|5.1|2|8
42.7|91.97|1675|390|5.1|5.1|2|8
42.8|92.21|1673|390|5.1|5.1|2|8
42.9|92.36|1126|390|5.1|5.1|2|8
43|92.44|1080|390|5.1|5.1|2|8
43.1|92.48|1077|390|5.1|5.1|2|8
43.2|92.51|1075|390|5.1|5.1|2|8
43.3|92.4|1075|390|5.1|5.1|2|8
43.4|92.39|1075|390|5.1|5.1|2|8
43.5|92.35|1075|390|5.1|5.1|2|8
43.6|92.2|1101|390|5.1|5.1|2|8
43.7|92.17|1085|390|5.1|5.1|2|8
43.8|92.12|1137|390|5.1|5.1|2|8
43.9|92.04|1121|390|5.1|5.1|2|8
44|92|1088|390|5.1|5.1|2|8
44.1|91.98|1168|390|5.1|5.1|2|8
44.2|91.94|1376|390|5.1|5.1|2|8
44.3|91.84|1585|390|5.1|5.1|2|8
44.4|91.8|1631|390|5.1|5.1|2|8
44.5|91.89|1644|390|5.1|5.1|2|8
44.6|92.04|1281|391|5.1|5.1|2|8
44.7|92.24|1082|390|5.1|5.1|2|8
44.8|92.28|1077|390|5.1|5.1|2|8
44.9|92.27|1077|390|5.1|5.1|2|8
45|92.17|1075|390|5.1|5.1|2|8
45.1|92.13|1075|390|5.1|5.1|2|8
45.2|92.07|1075|390|5.1|5.1|2|8
45.3|92.04|1077|390|5.1|5.1|2|8
45.4|91.98|1080|390|5.1|5.1|2|8
45.5|91.94|1103|390|5.1|5.1|2|8
45.6|91.88|1080|390|5.1|5.1|2|8
45.7|91.8|1222|390|5.1|5.1|2|8
45.8|91.76|1188|390|5.1|5.1|2|8
45.9|91.64|1183|390|5.1|5.1|2|8
46|91.54|1183|390|5.1|5.1|2|8
46.1|91.5|1170|390|5.1|5.1|2|8
46.2|91.51|1134|390|5.1|5.1|2|8
46.3|91.51|1320|390|5.1|5.1|2|8
46.4|91.39|1384|390|5.1|5.1|2|8
46.5|91.27|1358|390|5.1|5.1|2|8
46.6|91.23|1415|391|5.1|5.1|2|8
46.7|91.09|1410|391|5.1|5.1|2|8
46.8|91.07|1294|391|5.1|5.1|2|8
46.9|90.99|1320|390|5.1|5.1|2|8
47|90.94|1363|390|5.1|5.1|2|8
47.1|90.82|1253|390|5.1|5.1|2|8
47.2|90.82|1250|390|5.1|5.1|2|8
47.3|90.66|1232|390|5.1|5.1|2|8
47.4|90.63|1188|390|5.1|5.1|2|8
47.5|90.59|1281|389|5.1|5.1|2|8
47.6|90.47|1240|389|5.1|5.1|2|8
47.7|90.39|1312|389|5.1|5.1|2|8
47.8|90.32|1188|389|5.1|5.1|2|8
47.9|90.24|1165|390|5.1|5.1|2|8
48|90.17|1219|390|5.1|5.1|2|8
48.1|90.05|1139|389|5.1|5.1|2|8
48.2|89.93|1175|389|5.1|5.1|2|8
48.3|89.89|1229|389|5.1|5.1|2|8
48.4|89.86|1193|390|5.1|5.1|2|8
48.5|89.72|1237|390|5.1|5.1|2|8
48.6|89.62|1188|390|5.1|5.1|2|8
48.7|89.53|1137|390|5.1|5.1|2|8
48.8|89.46|1196|389|5.1|5.1|2|8
48.9|89.37|1307|390|5.1|5.1|2|8
49|89.25|1314|390|5.1|5.1|2|8
49.1|89.22|1250|390|5.1|5.1|2|8
49.2|89.06|1186|390|5.1|5.1|2|8
49.3|88.98|1258|390|5.1|5.1|2|8
49.4|88.9|1216|390|5.1|5.1|2|8
49.5|88.74|1265|390|5.1|5.1|2|8
49.6|88.75|1180|390|5.1|5.1|2|8
49.7|88.56|1209|390|5.1|5.1|2|8
49.8|88.48|1245|390|5.1|5.1|2|8
49.9|88.37|1206|390|5.1|5.1|2|8
50|88.25|1188|390|5.1|5.1|2|8
50.1|88.2|1216|390|5.1|5.1|2|8
50.2|88.07|1229|391|5.1|5.1|2|8
50.3|88.04|1193|390|5.1|5.1|2|8
50.4|87.92|1142|390|5.1|5.1|2|8
50.5|87.86|1101|390|5.1|5.1|2|8
50.6|87.82|1188|390|5.1|5.1|2|8
50.7|87.77|1131|390|5.1|5.1|2|8
50.8|87.66|1093|390|5.1|5.1|2|8
50.9|87.62|1168|390|5.1|5.1|2|8
51|87.56|1183|390|5.1|5.1|2|8
51.1|87.49|1201|390|5.1|5.1|2|8
51.2|87.46|1216|390|5.1|5.1|2|8
51.3|87.34|1170|390|5.1|5.1|2|8
51.4|87.25|1170|390|5.1|5.1|2|8
51.5|87.19|1103|390|5.1|5.1|2|8
51.6|87.17|1198|390|5.1|5.1|2|8
51.7|87.06|1206|390|5.1|5.1|2|8
51.8|86.98|1250|390|5.1|5.1|2|8
51.9|86.91|1240|390|5.1|5.1|2|8
52|86.8|1178|390|5.1|5.1|2|8
52.1|86.76|1198|390|5.1|5.1|2|8
52.2|86.64|1162|390|5.1|5.1|2|8
52.3|86.58|1198|390|5.1|5.1|2|8
52.4|86.43|1188|390|5.1|5.1|2|8
52.5|86.42|1250|390|5.1|5.1|2|8
52.6|86.24|1183|390|5.1|5.1|2|8
52.7|86.24|1170|390|5.1|5.1|2|8
52.8|86.08|1296|390|5.1|5.1|2|8
52.9|86|1149|390|5.1|5.1|2|8
53|85.92|1206|390|5.1|5.1|2|8
53.1|85.81|1268|390|5.1|5.1|2|8
53.2|85.72|1201|390|5.1|5.1|2|8
53.3|85.6|1222|390|5.1|5.1|2|8
53.4|85.44|1250|390|5.1|5.1|2|8
53.5|85.36|1224|390|5.1|5.1|2|8
53.6|85.23|1139|390|5.1|5.1|2|8
53.7|85.19|1193|390|5.1|5.1|2|8
53.8|85.01|1211|390|5.1|5.1|2|8
53.9|84.89|1260|390|5.1|5.1|2|8
54|84.78|1232|389|5.1|5.1|2|8
54.1|84.62|1211|390|5.1|5.1|2|8
54.2|84.48|1165|390|5.1|5.1|2|8
54.3|84.39|1155|390|5.1|5.1|2|8
54.4|84.27|1237|390|5.1|5.1|2|8
54.5|84.15|1219|390|5.1|5.1|2|8
54.6|83.92|1304|390|5.1|5.1|2|8
54.7|83.85|1356|390|5.1|5.1|2|8
54.8|83.65|1247|390|5.1|5.1|2|8
54.9|83.54|1147|390|5.1|5.1|2|8
55|83.36|1276|390|5.1|5.1|2|8
55.1|83.18|1281|390|5.1|5.1|2|8
55.2|83.1|1371|390|5.1|5.1|2|8
55.3|82.86|1211|390|5.1|5.1|2|8
55.4|82.74|1374|390|5.1|5.1|2|8
55.5|82.56|1358|390|5.1|5.1|2|8
55.6|82.36|1155|390|5.1|5.1|2|8
55.7|82.17|1381|390|5.1|5.1|2|8
55.8|82.05|1394|390|5.1|5.1|2|8
55.9|81.85|1314|390|5.1|5.1|2|8
56|81.65|1227|390|5.1|5.1|2|8
56.1|81.48|1304|390|5.1|5.1|2|8
56.2|81.25|1322|390|5.1|5.1|6|8
56.3|79.77|1853|389|5.1|5.1|6|8
56.4|76.95|1912|388|5.1|5.1|6|8
56.5|74.14|59|389|5.1|5.1|7|8
56.6|72.04|0|388|5.1|5.1|7|8
56.7|71.16|0|388|5.1|5.1|7|8
56.8|70.75|0|388|5.1|5.1|7|8
56.9|70.66|0|388|5.1|5.1|7|8
57|70.51|0|388|5.1|5.1|7|8
57.1|70.47|0|388|5.1|5.1|7|8
57.2|70.5|0|388|5.1|5.1|7|8
57.3|70.53|0|389|5.1|5.1|7|8
57.4|70.46|0|389|5.1|5.1|7|8
57.5|70.43|0|389|5.1|5.1|7|8
57.6|70.39|0|389|5.1|5.1|7|8
57.7|70.42|0|389|5.1|5.1|7|8
57.8|70.42|0|389|5.1|5.1|7|8
57.9|70.45|0|389|5.1|5.1|7|8
58|70.46|0|389|5.1|5.1|7|8
58.1|70.51|0|389|5.1|5.1|7|8
58.2|70.45|0|388|5.1|5.1|7|8
58.3|70.49|0|388|5.1|5.1|7|8
58.4|70.43|0|388|5.1|5.1|7|8
58.5|70.43|0|388|5.1|5.1|7|8
58.6|70.42|0|388|5.1|5.1|7|8
58.7|70.42|0|388|5.1|5.1|7|8
58.8|70.38|0|388|5.1|5.1|7|8
58.9|70.42|0|388|5.1|5.1|7|8
59|70.43|0|388|5.1|5.1|7|8
59.1|70.41|0|388|5.1|5.1|7|8
59.2|70.45|0|388|5.1|5.1|7|8
59.3|70.47|0|388|5.1|5.1|7|8
59.4|70.46|0|388|5.1|5.1|7|8
59.5|70.45|0|388|5.1|5.1|7|8
59.6|70.45|0|388|5.1|5.1|7|8
59.7|70.43|0|388|5.1|5.1|7|8
59.8|70.41|0|389|5.1|5.1|7|8
59.9|70.36|0|389|5.1|5.1|7|8
60|70.42|0|389|5.1|5.1|7|8
60.1|70.42|0|389|5.1|5.1|7|8
60.2|70.43|0|389|5.1|5.1|7|8
60.3|70.49|0|389|5.1|5.1|7|8
60.4|70.45|0|389|5.1|5.1|7|8
60.5|70.43|0|389|5.1|5.1|7|8
60.6|70.42|0|389|5.1|5.1|7|8
60.7|70.35|0|389|5.1|5.1|7|8
60.8|70.42|0|389|5.1|5.1|7|8
60.9|70.43|0|389|5.1|5.1|7|8
61|70.46|0|389|5.1|5.1|7|8
61.1|70.45|0|389|5.1|5.1|7|8
61.2|70.42|0|388|5.1|5.1|7|8
61.3|70.39|0|388|5.1|5.1|7|8
61.4|70.38|0|388|5.1|5.1|7|8
61.5|70.42|0|388|5.1|5.1|7|8
61.6|70.42|0|388|5.1|5.1|7|8
61.7|70.49|0|388|5.1|5.1|7|8
61.8|70.43|0|388|5.1|5.1|7|8
61.9|70.43|0|388|5.1|5.1|7|8
62|70.42|0|388|5.1|5.1|7|8
62.1|70.42|0|388|5.1|5.1|7|8
62.2|70.41|0|388|5.1|5.1|7|8
62.3|70.35|0|388|5.1|5.1|7|8
62.4|70.41|0|388|5.1|5.1|7|8
62.5|70.41|0|388|5.1|5.1|7|8
62.6|70.42|0|388|5.1|5.1|7|8
62.7|70.47|0|389|5.1|5.1|7|8
62.8|70.43|0|389|5.1|5.1|7|8
62.9|70.43|0|389|5.1|5.1|7|8
63|70.42|0|388|5.1|5.1|7|8
63.1|70.42|0|388|5.1|5.1|7|8
63.2|70.42|0|389|5.1|5.1|7|8
63.3|70.42|0|388|5.1|5.1|7|8
63.4|70.42|0|388|5.1|5.1|7|8
63.5|70.42|0|388|5.1|5.1|7|8
63.6|70.42|0|388|5.1|5.1|7|8
63.7|70.42|0|388|5.1|5.1|7|8
63.8|70.42|0|388|5.1|5.1|7|8
63.9|70.41|0|388|5.1|5.1|7|8
64|70.41|0|388|5.1|5.1|7|8
64.1|70.38|0|388|5.1|5.1|7|8
64.2|70.35|0|388|5.1|5.1|7|8
64.3|70.39|0|388|5.1|5.1|7|8
64.4|70.42|0|388|5.1|5.1|7|8
64.5|70.46|0|388|5.1|5.1|7|8
64.6|70.43|0|389|5.1|5.1|7|8
64.7|70.42|0|388|5.1|5.1|7|8
64.8|70.42|0|388|5.1|5.1|7|8
64.9|70.42|0|388|5.1|5.1|7|8
65|70.42|0|388|5.1|5.1|7|8
65.1|70.42|0|388|5.1|5.1|7|8
65.2|70.42|0|388|5.1|5.1|7|8
65.3|70.42|0|388|5.1|5.1|7|8
65.4|70.41|0|388|5.1|5.1|7|8
65.5|70.39|0|388|5.1|5.1|7|8
65.6|70.38|0|388|5.1|5.1|7|8
65.7|70.34|0|388|5.1|5.1|7|8
65.8|70.38|0|389|5.1|5.1|7|8
65.9|70.39|0|389|5.1|5.1|7|8
66|70.41|0|389|5.1|5.1|7|8
66.1|70.41|0|389|5.1|5.1|7|8
66.2|70.46|0|389|5.1|5.1|7|8
66.3|70.42|0|389|5.1|5.1|7|8
66.4|70.42|0|389|5.1|5.1|7|8
66.5|70.39|0|389|5.1|5.1|7|8
66.6|70.39|0|389|5.1|5.1|7|8
66.7|70.41|0|389|5.1|5.1|7|8
66.8|70.41|0|389|5.1|5.1|7|8
66.9|70.41|0|389|5.1|5.1|7|8
67|70.41|0|389|5.1|5.1|7|8
67.1|70.41|0|389|5.1|5.1|7|8
67.2|70.41|0|389|5.1|5.1|7|8
67.3|70.41|0|394|5.1|5.1|7|8
67.4|70.41|0|396|5.1|5.1|7|8
67.5|70.41|0|397|5.1|5.1|7|8
67.6|70.41|0|397|5.1|5.1|7|8
67.7|70.41|0|397|5.1|5.1|7|8
67.8|70.41|0|397|5.1|5.1|7|8
67.9|70.41|0|397|5.1|5.1|7|8
68|70.39|0|397|5.1|5.1|7|8
68.1|70.41|0|397|5.1|5.1|7|8
68.2|70.41|0|397|5.1|5.1|7|8
68.3|70.41|0|397|5.1|5.1|7|8
68.4|70.41|0|397|5.1|5.1|7|8
68.5|70.41|0|397|5.1|5.1|7|8
68.6|70.41|0|397|5.1|5.1|7|8
68.7|70.39|0|397|5.1|5.1|7|8
68.8|70.39|0|397|5.1|5.1|7|8
68.9|70.39|0|397|5.1|5.1|7|8
69|70.39|0|397|5.1|5.1|7|8
69.1|70.41|0|397|5.1|5.1|7|8
69.2|70.39|0|397|5.1|5.1|7|8
69.3|70.39|0|397|5.1|5.1|7|8
69.4|70.39|0|396|5.1|5.1|7|8
69.5|70.41|0|396|5.1|5.1|8|8
69.6|70.31|0|397|5.1|5.1|8|8
69.7|70.27|0|397|5.1|5.1|8|8
69.8|70.35|0|396|5.1|5.1|8|8
69.9|70.38|0|397|5.1|5.1|8|8
70|70.35|0|397|5.1|5.1|8|8
70.1|70.34|0|397|5.1|5.1|8|8
70.2|70.31|0|397|5.1|5.1|8|8
70.3|70.41|0|397|5.1|5.1|8|8
70.4|70.35|0|396|5.1|5.1|8|8
70.5|70.35|0|396|5.1|5.1|8|8
70.6|70.31|0|396|5.1|5.1|8|8
70.7|70.39|0|396|5.1|5.1|8|8
70.8|70.34|0|396|5|5|8|8
70.9|70.35|0|396|5|5|8|8
71|70.39|0|396|5|5|8|8
71.1|70.34|0|396|5|5|8|8
71.2|70.34|0|396|5|5|8|8
71.3|70.42|0|397|5|5|8|8
71.4|70.35|0|397|5|5|8|8
71.5|71.1|0|396|5|5|8|8
71.6|74.1|0|396|5|5|8|8
71.7|77.13|0|396|5|5|8|8
71.8|80.18|0|396|5|5|8|8
71.9|83.15|0|396|5|5|8|8
72|86.09|0|396|5|5|8|8
72.1|89.02|0|396|5|5|8|8
72.2|92.01|0|396|5|5|8|8
72.3|94.36|0|396|5|5|8|8
72.4|95.38|0|396|5|5|8|8
72.5|95.8|0|396|5|5|8|8
