0|96.04|1278|422|5.4|5.4|1|8
0.1|96.01|1057|424|5.4|5.4|1|8
0.2|96.04|1044|425|5.4|5.4|1|8
0.3|95.98|1044|426|5.4|5.4|1|8
0.4|96.01|1044|426|5.4|5.4|1|8
0.5|96.01|1057|426|5.4|5.4|2|8
0.6|95.72|1144|426|5.4|5.4|2|8
0.7|95.29|1423|426|5.4|5.4|2|8
0.8|94.88|1652|426|5.4|5.4|3|8
0.9|94.74|1678|426|5.4|5.4|3|8
1|94.61|1691|425|5.4|5.4|3|8
1.1|94.56|1704|425|5.4|5.4|3|8
1.2|94.51|1711|425|5.4|5.4|3|8
1.3|94.49|1714|425|5.4|5.4|3|8
1.4|94.56|1719|425|5.4|5.4|3|8
1.5|94.52|1724|425|5.4|5.4|3|8
1.6|94.45|1727|425|5.4|5.4|3|8
1.7|94.55|1729|425|5.4|5.4|3|8
1.8|94.55|1732|425|5.4|5.4|3|8
1.9|94.51|1737|425|5.4|5.4|3|8
2|94.47|1740|425|5.4|5.4|3|8
2.1|94.55|1740|425|5.4|5.4|3|8
2.2|94.52|1742|424|5.4|5.4|3|8
2.3|94.51|1742|425|5.4|5.4|3|8
2.4|94.48|1745|425|5.4|5.4|3|8
2.5|94.53|1745|425|5.4|5.4|3|8
2.6|94.52|1747|424|5.4|5.4|3|8
2.7|94.47|1750|424|5.4|5.4|3|8
2.8|94.53|1750|424|5.4|5.4|4|8
2.9|94.7|1750|425|5.4|5.4|4|8
3|94.92|1740|425|5.4|5.4|4|8
3.1|95.38|1680|426|5.4|5.4|4|8
3.2|96.12|1343|426|5.4|5.4|5|8
3.3|96.6|1064|426|5.4|5.4|5|8
3.4|96.64|1059|426|5.4|5.4|5|8
3.5|96.78|1057|426|5.4|5.4|5|8
3.6|96.8|1054|426|5.4|5.4|5|8
3.7|96.86|1052|426|5.4|5.4|5|8
3.8|96.82|1049|426|5.4|5.4|5|8
3.9|96.86|1049|426|5.4|5.4|5|8
4|96.78|1046|426|5.4|5.4|5|8
4.1|96.76|1046|426|5.4|5.4|5|8
4.2|96.83|1046|426|5.4|5.4|5|8
4.3|96.84|1044|426|5.4|5.4|5|8
4.4|96.8|1044|426|5.4|5.4|5|8
4.5|96.76|1046|426|5.4|5.4|5|8
4.6|96.78|1046|426|5.4|5.4|5|8
4.7|96.8|1046|426|5.4|5.4|5|8
4.8|96.8|1049|426|5.4|5.4|5|8
4.9|96.88|1046|426|5.4|5.4|5|8
5|96.84|1046|426|5.4|5.4|5|8
5.1|96.76|1046|426|5.4|5.4|5|8
5.2|96.78|1046|426|5.4|5.4|2|8
5.3|96.78|1046|426|5.4|5.4|2|8
5.4|96.61|1049|426|5.4|5.4|2|8
5.5|96.47|1049|426|5.4|5.4|2|8
5.6|95.72|1101|426|5.4|5.4|2|8
5.7|95.17|1214|427|5.4|5.4|2|8
5.8|94.72|1709|426|5.4|5.4|3|8
5.9|94.44|1745|426|5.4|5.4|3|8
6|94.24|1753|425|5.4|5.4|3|8
6.1|94.25|1758|425|5.4|5.4|3|8
6.2|94.05|1758|425|5.4|5.4|3|8
6.3|94.23|1763|425|5.4|5.4|3|8
6.4|94.1|1765|425|5.4|5.4|3|8
6.5|94.17|1765|425|5.4|5.4|3|8
6.6|94.17|1768|425|5.4|5.4|3|8
6.7|94.16|1768|425|5.4|5.4|3|8
6.8|94.16|1771|425|5.4|5.4|3|8
6.9|94.17|1771|425|5.4|5.4|3|8
7|94.16|1771|425|5.4|5.4|3|8
7.1|94.23|1773|425|5.4|5.4|3|8
7.2|94.13|1773|425|5.4|5.4|3|8
7.3|94.2|1773|425|5.4|5.4|3|8
7.4|94.16|1776|425|5.4|5.4|3|8
7.5|94.2|1776|425|5.4|5.4|3|8
7.6|94.09|1776|425|5.4|5.4|3|8
7.7|94.17|1776|425|5.4|5.4|3|8
7.8|94.23|1778|425|5.4|5.4|4|8
7.9|94.31|1778|425|5.4|5.4|4|8
8|94.55|1771|425|5.4|5.4|4|8
8.1|94.86|1722|425|5.4|5.4|4|8
8.2|95.61|1080|426|5.4|5.4|5|8
8.3|95.81|1059|426|5.4|5.4|5|8
8.4|95.98|1057|426|5.4|5.4|5|8
8.5|96.02|1054|426|5.4|5.4|5|8
8.6|96.08|1054|426|5.4|5.4|5|8
8.7|96.12|1054|426|5.4|5.4|5|8
8.8|96.06|1052|426|5.4|5.4|5|8
8.9|96.08|1052|426|5.4|5.4|5|8
9|96.05|1052|426|5.4|5.4|5|8
9.1|96.05|1049|426|5.4|5.4|5|8
9.2|95.97|1049|426|5.4|5.4|5|8
9.3|96.06|1049|426|5.4|5.4|5|8
9.4|96.09|1049|426|5.4|5.4|5|8
9.5|96.04|1049|426|5.4|5.4|5|8
9.6|96.06|1049|426|5.4|5.4|5|8
9.7|96.09|1049|426|5.4|5.4|5|8
9.8|96.08|1049|426|5.4|5.4|5|8
9.9|96.02|1049|426|5.4|5.4|5|8
10|96.05|1046|426|5.4|5.4|5|8
10.1|96.08|1049|426|5.4|5.4|5|8
10.2|96.06|1046|426|5.4|5.4|2|8
10.3|96|1046|426|5.4|5.4|2|8
10.4|95.84|1046|426|5.4|5.4|2|8
10.5|95.17|1057|426|5.4|5.4|2|8
10.6|94.59|1405|416|5.4|5.4|2|8
10.7|94.15|1765|409|5.4|5.4|3|8
10.8|93.97|1786|407|5.4|5.4|3|8
10.9|93.93|1794|406|5.4|5.4|3|8
11|93.66|1799|406|5.4|5.4|3|8
11.1|93.82|1799|405|5.4|5.4|3|8
11.2|93.66|1802|405|5.4|5.4|3|8
11.3|93.85|1804|405|5.4|5.4|3|8
11.4|93.8|1807|405|5.4|5.4|3|8
11.5|93.7|1809|405|5.4|5.4|3|8
11.6|93.82|1809|405|5.4|5.4|3|8
11.7|93.73|1812|405|5.4|5.4|3|8
11.8|93.73|1812|405|5.4|5.4|3|8
11.9|93.82|1812|405|5.4|5.4|3|8
12|93.8|1814|405|5.4|5.4|3|8
12.1|93.72|1814|405|5.4|5.4|3|8
12.2|93.81|1814|405|5.4|5.4|3|8
12.3|93.8|1814|405|5.4|5.4|3|8
12.4|93.72|1814|405|5.4|5.4|3|8
12.5|93.74|1817|405|5.4|5.4|3|8
12.6|93.81|1817|405|5.4|5.4|3|8
12.7|93.85|1817|404|5.4|5.4|4|8
12.8|93.94|1814|404|5.4|5.4|4|8
12.9|94.1|1812|404|5.4|5.4|4|8
13|94.88|1399|405|5.4|5.4|4|8
13.1|95.34|1075|404|5.4|5.4|5|8
13.2|95.51|1067|404|5.4|5.4|5|8
13.3|95.59|1064|404|5.4|5.4|5|8
13.4|95.61|1062|404|5.4|5.4|5|8
13.5|95.7|1062|403|5.4|5.4|5|8
13.6|95.65|1062|403|5.4|5.4|5|8
13.7|95.66|1059|403|5.4|5.4|5|8
13.8|95.68|1059|402|5.4|5.4|5|8
13.9|95.62|1059|402|5.4|5.4|5|8
14|95.58|1059|402|5.4|5.4|5|8
14.1|95.73|1059|403|5.4|5.4|5|8
14.2|95.63|1057|402|5.4|5.4|5|8
14.3|95.68|1057|402|5.4|5.4|5|8
14.4|95.68|1057|402|5.4|5.4|5|8
14.5|95.63|1057|402|5.4|5.4|5|8
14.6|95.65|1057|402|5.4|5.4|5|8
14.7|95.66|1057|402|5.4|5.4|5|8
14.8|95.72|1057|402|5.4|5.4|5|8
14.9|95.63|1057|402|5.4|5.4|5|8
15|95.68|1057|402|5.4|5.4|5|8
15.1|95.66|1057|402|5.4|5.4|2|8
15.2|95.68|1057|402|5.4|5.4|2|8
15.3|95.19|1057|401|5.4|5.4|2|8
15.4|94.55|1186|402|5.4|5.4|2|8
15.5|93.97|1706|402|5.4|5.4|3|8
15.6|93.72|1796|402|5.4|5.4|3|8
15.7|93.61|1812|402|5.4|5.4|3|8
15.8|93.33|1820|402|5.4|5.4|3|8
15.9|93.35|1825|402|5.4|5.4|3|8
16|93.47|1825|402|5.4|5.4|3|8
16.1|93.39|1827|402|5.4|5.4|3|8
16.2|93.35|1830|402|5.4|5.4|3|8
16.3|93.49|1832|402|5.4|5.4|3|8
16.4|93.41|1832|402|5.4|5.4|3|8
16.5|93.35|1832|402|5.4|5.4|3|8
16.6|93.45|1832|402|5.4|5.4|3|8
16.7|93.43|1835|402|5.4|5.4|3|8
16.8|93.38|1835|402|5.4|5.4|3|8
16.9|93.38|1835|402|5.4|5.4|3|8
17|93.49|1838|402|5.4|5.4|3|8
17.1|93.34|1838|402|5.4|5.4|3|8
17.2|93.42|1838|403|5.4|5.4|3|8
17.3|93.45|1838|403|5.4|5.4|3|8
17.4|93.41|1840|403|5.4|5.4|3|8
17.5|93.34|1840|403|5.4|5.4|4|8
17.6|93.49|1840|403|5.4|5.4|4|8
17.7|93.86|1827|403|5.4|5.4|4|8
17.8|93.86|1820|403|5.4|5.4|4|8
17.9|94.7|1142|404|5.4|5.4|5|8
18|95.1|1072|403|5.4|5.4|5|8
18.1|95.19|1067|402|5.4|5.4|5|8
18.2|95.27|1067|402|5.4|5.4|5|8
18.3|95.3|1064|402|5.4|5.4|5|8
18.4|95.34|1062|402|5.4|5.4|5|8
18.5|95.33|1062|402|5.4|5.4|5|8
18.6|95.27|1062|402|5.4|5.4|5|8
18.7|95.3|1059|402|5.4|5.4|5|8
18.8|95.3|1059|402|5.4|5.4|5|8
18.9|95.3|1057|402|5.4|5.4|5|8
19|95.3|1057|402|5.4|5.4|5|8
19.1|95.27|1057|402|5.4|5.4|5|8
19.2|95.34|1057|402|5.4|5.4|5|8
19.3|95.3|1057|402|5.4|5.4|5|8
19.4|95.25|1057|402|5.4|5.4|5|8
19.5|95.31|1057|402|5.4|5.4|5|8
19.6|95.34|1057|403|5.4|5.4|5|8
19.7|95.3|1057|403|5.4|5.4|5|8
19.8|95.26|1057|402|5.4|5.4|5|8
19.9|95.27|1057|402|5.4|5.4|2|8
20|95.33|1057|402|5.4|5.4|2|8
20.1|95.27|1057|402|5.4|5.4|2|8
20.2|94.6|1057|402|5.4|5.4|2|8
20.3|93.97|1564|404|5.4|5.4|3|8
20.4|93.62|1786|404|5.4|5.4|3|8
20.5|93.37|1817|404|5.4|5.4|3|8
20.6|93.29|1840|394|5.4|5.4|3|8
20.7|93.27|1845|390|5.4|5.4|3|8
20.8|93.26|1851|388|5.4|5.4|3|8
20.9|93.25|1853|387|5.4|5.4|3|8
21|93.31|1853|387|5.4|5.4|3|8
21.1|93.18|1856|387|5.4|5.4|3|8
21.2|93.31|1858|386|5.4|5.4|3|8
21.3|93.25|1858|386|5.4|5.4|3|8
21.4|93.27|1861|386|5.4|5.4|3|8
21.5|93.29|1861|386|5.4|5.4|3|8
21.6|93.3|1863|386|5.4|5.4|3|8
21.7|93.25|1863|387|5.4|5.4|3|8
21.8|93.26|1863|387|5.4|5.4|3|8
21.9|93.29|1863|386|5.4|5.4|3|8
22|93.27|1866|386|5.4|5.4|3|8
22.1|93.27|1866|387|5.4|5.4|3|8
22.2|93.33|1866|386|5.4|5.4|3|8
22.3|93.21|1869|386|5.4|5.4|4|8
22.4|93.34|1869|386|5.4|5.4|4|8
22.5|93.57|1858|387|5.4|5.4|4|8
22.6|93.68|1851|387|5.4|5.4|4|8
22.7|94.51|1534|388|5.4|5.4|4|8
22.8|95.04|1082|388|5.4|5.4|5|8
22.9|95.21|1075|388|5.4|5.4|5|8
23|95.26|1072|388|5.4|5.4|5|8
23.1|95.25|1070|388|5.4|5.4|5|8
23.2|95.23|1070|388|5.4|5.4|5|8
23.3|95.33|1067|388|5.4|5.4|5|8
23.4|95.35|1067|388|5.4|5.4|5|8
23.5|95.27|1064|388|5.4|5.4|5|8
23.6|95.31|1064|388|5.4|5.4|5|8
23.7|95.3|1064|388|5.4|5.4|5|8
23.8|95.29|1062|388|5.4|5.4|5|8
23.9|95.3|1062|388|5.4|5.4|5|8
24|95.33|1062|388|5.4|5.4|5|8
24.1|95.23|1062|388|5.4|5.4|5|8
24.2|95.26|1062|388|5.4|5.4|5|8
24.3|95.31|1062|388|5.4|5.4|5|8
24.4|95.3|1062|388|5.4|5.4|5|8
24.5|95.3|1062|388|5.4|5.4|5|8
24.6|95.3|1059|388|5.4|5.4|5|8
24.7|95.3|1059|388|5.4|5.4|5|8
24.8|95.34|1059|388|5.4|5.4|2|8
24.9|95.29|1059|388|5.4|5.4|2|8
25|94.92|1059|388|5.4|5.4|2|8
25.1|94.27|1103|388|5.4|5.4|2|8
25.2|93.68|1686|388|5.4|5.4|3|8
25.3|93.31|1825|388|5.4|5.4|3|8
25.4|93.27|1845|388|5.4|5.4|3|8
25.5|93.13|1856|388|5.4|5.4|3|8
25.6|93.07|1861|388|5.4|5.4|3|8
25.7|93.13|1866|388|5.4|5.4|3|8
25.8|93.14|1869|388|5.4|5.4|3|8
25.9|93.09|1871|388|5.4|5.4|3|8
26|93.13|1874|388|5.4|5.4|3|8
26.1|93.09|1876|388|5.4|5.4|3|8
26.2|93.1|1874|388|5.4|5.4|3|8
26.3|93.11|1876|388|5.4|5.4|3|8
26.4|93.14|1876|388|5.4|5.4|3|8
26.5|93.13|1876|388|5.4|5.4|3|8
26.6|93.04|1879|388|5.4|5.4|3|8
26.7|93.14|1879|388|5.4|5.4|3|8
26.8|93.07|1881|388|5.4|5.4|3|8
26.9|93.1|1881|388|5.4|5.4|3|8
27|93.1|1881|388|5.4|5.4|3|8
27.1|93.1|1881|388|5.4|5.4|3|8
27.2|93.11|1881|388|5.4|5.4|4|8
27.3|93.22|1881|388|5.4|5.4|4|8
27.4|93.55|1874|388|5.4|5.4|4|8
27.5|93.65|1856|388|5.4|5.4|4|8
27.6|94.43|1124|388|5.4|5.4|5|8
27.7|94.75|1077|388|5.4|5.4|5|8
27.8|94.9|1075|388|5.4|5.4|5|8
27.9|94.95|1072|388|5.4|5.4|5|8
28|95|1072|388|5.4|5.4|5|8
28.1|95.06|1070|388|5.4|5.4|5|8
28.2|94.98|1070|388|5.4|5.4|5|8
28.3|94.95|1067|388|5.4|5.4|5|8
28.4|94.99|1067|388|5.4|5.4|5|8
28.5|95|1064|388|5.4|5.4|5|8
28.6|95.07|1064|388|5.4|5.4|5|8
28.7|94.96|1062|388|5.4|5.4|5|8
28.8|94.94|1062|388|5.4|5.4|5|8
28.9|95.06|1062|388|5.4|5.5|5|8
29|94.99|1062|388|5.5|5.4|5|8
29.1|94.98|1062|388|5.4|5.5|5|8
29.2|95.04|1062|388|5.4|5.4|5|8
29.3|95.07|1062|388|5.5|5.5|5|8
29.4|95.03|1062|388|5.4|5.5|5|8
29.5|94.96|1062|388|5.5|5.5|5|8
29.6|94.99|1062|388|5.5|5.5|2|8
29.7|94.96|1062|388|5.5|5.5|2|8
29.8|94.91|1059|388|5.5|5.5|2|8
29.9|94.31|1059|389|5.5|5.5|2|8
30|93.65|1515|389|5.5|5.5|2|8
30.1|93.27|1825|388|5.5|5.5|3|8
30.2|93.09|1853|388|5.5|5.5|3|8
30.3|93.04|1863|388|5.5|5.5|3|8
30.4|92.9|1871|388|5.5|5.5|3|8
30.5|92.9|1876|388|5.5|5.5|3|8
30.6|92.92|1879|388|5.5|5.5|3|8
30.7|92.92|1881|388|5.5|5.5|3|8
30.8|92.9|1887|388|5.5|5.5|3|8
30.9|92.94|1889|388|5.5|5.5|3|8
31|92.9|1892|388|5.5|5.5|3|8
31.1|92.92|1892|388|5.5|5.5|3|8
31.2|92.91|1894|388|5.5|5.5|3|8
31.3|92.94|1894|388|5.5|5.5|3|8
31.4|92.95|1897|389|5.5|5.5|3|8
31.5|92.86|1897|389|5.5|5.5|3|8
31.6|92.96|1899|389|5.5|5.5|3|8
31.7|92.86|1902|389|5.5|5.5|3|8
31.8|92.9|1905|389|5.5|5.5|3|8
31.9|92.92|1907|389|5.5|5.5|3|8
32|92.87|1907|389|5.5|5.5|3|8
32.1|92.96|1907|389|5.5|5.5|4|8
32.2|93.11|1902|389|5.5|5.5|4|8
32.3|93.34|1887|390|5.5|5.5|4|8
32.4|94.09|1119|390|5.5|5.5|5|8
32.5|94.41|1082|390|5.5|5.5|5|8
32.6|94.52|1080|390|5.5|5.5|5|8
32.7|94.64|1077|390|5.5|5.5|5|8
32.8|94.6|1075|390|5.5|5.5|5|8
32.9|94.55|1072|390|5.5|5.5|5|8
33|94.59|1070|390|5.5|5.5|5|8
33.1|94.64|1070|390|5.5|5.5|5|8
33.2|94.59|1070|390|5.5|5.5|5|8
33.3|94.56|1067|390|5.5|5.5|5|8
33.4|94.59|1064|390|5.5|5.5|5|8
33.5|94.66|1064|390|5.5|5.5|5|8
33.6|94.59|1064|390|5.5|5.5|5|8
33.7|94.52|1064|390|5.5|5.5|5|8
33.8|94.66|1064|390|5.5|5.5|5|8
33.9|94.63|1064|390|5.5|5.5|5|8
34|94.59|1064|390|5.5|5.5|5|8
34.1|94.53|1064|390|5.5|5.5|5|8
34.2|94.6|1064|390|5.5|5.5|5|8
34.3|94.61|1062|390|5.5|5.5|5|8
34.4|94.6|1062|390|5.5|5.5|2|8
34.5|94.52|1062|390|5.5|5.5|2|8
34.6|94.49|1062|390|5.5|5.5|2|8
34.7|93.8|1067|390|5.5|5.5|2|8
34.8|93.17|1750|390|5.5|5.5|3|8
34.9|92.95|1856|390|5.5|5.5|3|8
35|92.75|1879|390|5.5|5.5|3|8
35.1|92.6|1887|390|5.5|5.5|3|8
35.2|92.7|1892|390|5.5|5.5|3|8
35.3|92.66|1897|390|5.5|5.5|3|8
35.4|92.64|1899|390|5.5|5.5|3|8
35.5|92.68|1902|390|5.5|5.5|3|8
35.6|92.68|1905|390|5.5|5.5|3|8
35.7|92.66|1907|390|5.5|5.5|3|8
35.8|92.7|1910|390|5.5|5.5|3|8
35.9|92.78|1907|390|5.5|5.5|3|8
36|92.58|1912|390|5.5|5.5|3|8
36.1|92.68|1912|390|5.5|5.5|3|8
36.2|92.75|1915|390|5.5|5.5|3|8
36.3|92.56|1915|390|5.5|5.5|3|8
36.4|92.62|1915|390|5.5|5.5|3|8
36.5|92.75|1915|390|5.5|5.5|3|8
36.6|92.62|1915|390|5.5|5.5|3|8
36.7|92.64|1915|390|5.5|5.5|3|8
36.8|92.7|1915|390|5.5|5.5|4|8
36.9|92.79|1915|390|5.5|5.5|4|8
37|92.98|1907|390|5.5|5.5|4|8
37.1|93.43|1771|390|5.5|5.5|4|8
37.2|93.86|1093|390|5.5|5.5|2|8
37.3|93.86|1077|390|5.5|5.5|2|8
37.4|93.94|1075|390|5.5|5.5|2|8
37.5|93.94|1072|390|5.5|5.5|2|8
37.6|93.88|1070|390|5.5|5.5|2|8
37.7|93.86|1070|390|5.5|5.5|2|8
37.8|93.86|1067|391|5.5|5.5|2|8
37.9|93.89|1067|391|5.5|5.5|2|8
38|93.66|1067|390|5.5|5.5|2|8
38.1|93.62|1064|390|5.5|5.5|2|8
38.2|93.42|1142|391|5.5|5.5|2|8
38.3|93.37|1134|391|5.5|5.5|2|8
38.4|93.29|1106|392|5.5|5.5|2|8
38.5|93.11|1062|391|5.5|5.5|2|8
38.6|93.17|1059|391|5.5|5.5|2|8
38.7|93.26|1111|391|5.5|5.5|2|8
38.8|93.14|1299|392|5.5|5.5|2|8
38.9|93.03|1724|392|5.5|5.5|2|8
39|93.03|1776|391|5.5|5.5|2|8
39.1|93.17|1735|391|5.5|5.5|2|8
39.2|93.45|1180|392|5.5|5.5|2|8
39.3|93.49|1072|391|5.5|5.5|2|8
39.4|93.54|1070|391|5.5|5.5|2|8
39.5|93.61|1070|391|5.5|5.5|2|8
39.6|93.39|1067|391|5.5|5.5|2|8
39.7|93.46|1067|391|5.5|5.5|2|8
39.8|93.3|1067|391|5.5|5.5|2|8
39.9|93.1|1064|391|5.5|5.5|2|8
40|93.21|1064|391|5.5|5.5|2|8
40.1|93.26|1070|391|5.5|5.5|2|8
40.2|93.09|1258|392|5.5|5.5|2|8
40.3|92.98|1662|392|5.5|5.5|2|8
40.4|93.04|1696|391|5.5|5.5|2|8
40.5|93.29|1686|391|5.5|5.5|2|8
40.6|93.53|1631|392|5.5|5.5|2|8
40.7|93.49|1211|392|5.5|5.5|2|8
40.8|93.51|1075|391|5.5|5.5|2|8
40.9|93.55|1067|390|5.5|5.5|2|8
41|93.6|1067|390|5.5|5.5|2|8
41.1|93.74|1064|390|5.5|5.5|2|8
41.2|93.66|1064|390|5.5|5.5|2|8
41.3|93.64|1062|390|5.5|5.5|2|8
41.4|93.74|1064|390|5.5|5.5|2|8
41.5|93.55|1077|390|5.5|5.5|2|8
41.6|93.39|1178|391|5.5|5.5|2|8
41.7|93.23|1088|390|5.5|5.5|2|8
41.8|93.14|1064|390|5.5|5.5|2|8
41.9|93.14|1059|390|5.5|5.5|2|8
42|93.17|1170|390|5.5|5.5|2|8
42.1|93.02|1603|391|5.5|5.5|2|8
42.2|92.99|1696|391|5.5|5.5|2|8
42.3|93.11|1696|391|5.5|5.5|2|8
42.4|93.34|1214|391|5.5|5.5|2|8
42.5|93.58|1070|391|5.5|5.5|2|8
42.6|93.46|1064|390|5.5|5.5|2|8
42.7|93.39|1064|390|5.5|5.5|2|8
42.8|93.46|1062|390|5.5|5.5|2|8
42.9|93.27|1072|390|5.5|5.5|2|8
43|93.17|1085|390|5.5|5.5|2|8
43.1|93.13|1062|390|5.5|5.5|2|8
43.2|93.11|1062|390|5.5|5.5|2|8
43.3|93.14|1209|390|5.5|5.5|2|8
43.4|93.03|1281|392|5.5|5.5|2|8
43.5|93.02|1562|392|5.5|5.5|2|8
43.6|92.94|1613|392|5.5|5.5|2|8
43.7|93.13|1237|392|5.5|5.5|2|8
43.8|93.26|1064|392|5.5|5.5|2|8
43.9|93.31|1062|391|5.5|5.5|2|8
44|93.27|1062|391|5.5|5.5|2|8
44.1|93.13|1059|391|5.5|5.5|2|8
44.2|93.1|1059|390|5.5|5.5|2|8
44.3|93.14|1070|390|5.5|5.5|2|8
44.4|93.03|1059|390|5.5|5.5|2|8
44.5|93.03|1348|390|5.5|5.5|2|8
44.6|92.94|1593|391|5.5|5.5|2|8
44.7|92.94|1384|391|5.5|5.5|2|8
44.8|92.98|1082|391|5.5|5.5|2|8
44.9|93.1|1059|390|5.5|5.5|2|8
45|93|1057|390|5.5|5.5|2|8
45.1|93.06|1059|390|5.5|5.5|2|8
45.2|92.91|1188|390|5.5|5.5|2|8
45.3|92.91|1175|391|5.5|5.5|2|8
45.4|92.78|1232|391|5.5|5.5|2|8
45.5|92.75|1137|391|5.5|5.5|2|8
45.6|92.79|1119|390|5.5|5.5|2|8
45.7|92.56|1253|391|5.5|5.5|2|8
45.8|92.53|1258|391|5.5|5.5|2|8
45.9|92.45|1178|390|5.5|5.5|2|8
46|92.37|1077|390|5.5|5.5|2|8
46.1|92.36|1175|390|5.5|5.5|2|8
46.2|92.31|1191|391|5.5|5.5|2|8
46.3|92.15|1227|391|5.5|5.5|2|8
46.4|92.19|1126|391|5.5|5.5|2|8
46.5|92.13|1191|390|5.5|5.5|2|8
46.6|92.13|1294|392|5.5|5.5|2|8
46.7|91.92|1281|392|5.5|5.5|2|8
46.8|91.93|1178|390|5.5|5.5|2|8
46.9|91.82|1160|391|5.5|5.5|2|8
47|91.65|1137|391|5.5|5.5|2|8
47.1|91.56|1064|390|5.5|5.5|2|8
47.2|91.61|1098|390|5.5|5.5|2|8
47.3|91.51|1198|390|5.5|5.5|2|8
47.4|91.53|1219|390|5.5|5.5|2|8
47.5|91.42|1358|391|5.5|5.5|2|8
47.6|91.27|1240|392|5.5|5.5|2|8
47.7|91.18|1157|391|5.5|5.5|2|8
47.8|90.98|1198|390|5.5|5.5|2|8
47.9|90.98|1070|390|5.5|5.5|2|8
48|91.1|1142|390|5.5|5.5|2|8
48.1|90.92|1240|392|5.5|5.5|2|8
48.2|90.86|1229|392|5.5|5.5|2|8
48.3|90.63|1201|391|5.5|5.5|2|8
48.4|90.58|1216|391|5.5|5.5|2|8
48.5|90.52|1165|390|5.5|5.5|2|8
48.6|90.43|1250|391|5.5|5.5|2|8
48.7|90.32|1175|391|5.5|5.5|2|8
48.8|90.2|1188|391|5.5|5.5|2|8
48.9|90.21|1131|390|5.5|5.5|2|8
49|90.12|1106|390|5.5|5.5|2|8
49.1|89.92|1134|390|5.5|5.5|2|8
49.2|89.84|1124|390|5.5|5.5|2|8
49.3|89.7|1168|390|5.5|5.5|2|8
49.4|89.78|1240|391|5.5|5.5|2|8
49.5|89.56|1250|391|5.5|5.5|2|8
49.6|89.43|1219|390|5.5|5.5|2|8
49.7|89.39|1191|391|5.5|5.5|2|8
49.8|89.23|1284|390|5.5|5.5|2|8
49.9|89.15|1108|390|5.5|5.5|2|8
50|89.06|1258|390|5.5|5.5|2|8
50.1|88.86|1170|391|5.5|5.5|2|8
50.2|88.91|1170|391|5.5|5.5|2|8
50.3|88.68|1193|390|5.5|5.5|2|8
50.4|88.63|1237|391|5.5|5.5|2|8
50.5|88.52|1131|390|5.5|5.5|2|8
50.6|88.36|1173|390|5.5|5.5|2|8
50.7|88.24|1175|392|5.5|5.5|2|8
50.8|88.12|1222|392|5.5|5.5|2|8
50.9|88.04|1216|390|5.5|5.5|2|8
51|87.93|1186|391|5.5|5.5|2|8
51.1|87.72|1263|391|5.5|5.5|2|8
51.2|87.62|1209|391|5.5|5.5|2|8
51.3|87.56|1327|391|5.5|5.5|2|8
51.4|87.38|1211|390|5.5|5.5|2|8
51.5|87.22|1196|390|5.5|5.5|2|8
51.6|87.18|1160|390|5.5|5.5|2|8
51.7|87.02|1149|390|5.5|5.5|2|8
51.8|86.8|1216|390|5.5|5.5|2|8
51.9|86.72|1198|390|5.5|5.5|2|8
52|86.6|1216|390|5.5|5.5|2|8
52.1|86.5|1260|391|5.5|5.5|2|8
52.2|86.29|1180|391|5.5|5.5|2|8
52.3|86.15|1304|392|5.5|5.5|2|8
52.4|86.03|1162|392|5.5|5.5|2|8
52.5|85.93|1312|392|5.5|5.5|2|8
52.6|85.74|1214|391|5.5|5.5|2|8
52.7|85.56|1170|391|5.5|5.5|2|8
52.8|85.42|1204|392|5.5|5.5|2|8
52.9|85.25|1235|391|5.5|5.5|2|8
53|85.03|1235|392|5.5|5.5|2|8
53.1|84.94|1379|391|5.5|5.5|2|8
53.2|84.79|1250|392|5.5|5.5|2|8
53.3|84.55|1178|391|5.5|5.5|2|8
53.4|84.39|1250|391|5.5|5.5|2|8
53.5|84.24|1229|391|5.5|5.5|2|8
53.6|84.15|1204|390|5.5|5.5|2|8
53.7|83.87|1247|391|5.5|5.5|2|8
53.8|83.77|1232|390|5.5|5.5|2|8
53.9|83.58|1363|392|5.5|5.5|2|8
54|83.36|1343|391|5.5|5.5|2|8
54.1|83.11|1289|391|5.5|5.5|2|8
54.2|83.02|1263|390|5.5|5.5|2|8
54.3|82.75|1240|390|5.5|5.5|2|8
54.4|82.66|1348|392|5.5|5.5|2|8
54.5|82.46|1343|392|5.5|5.5|2|8
54.6|82.19|1353|392|5.5|5.5|2|8
54.7|81.26|1817|391|5.5|5.5|6|8
54.8|78.31|1954|390|5.5|5.5|6|8
54.9|74.75|294|390|5.5|5.5|7|8
55|72.39|0|390|5.5|5.5|7|8
55.1|71.67|0|389|5.5|5.5|7|8
55.2|71.38|0|388|5.5|5.5|7|8
55.3|71.36|0|388|5.5|5.5|7|8
55.4|71.26|0|388|5.5|5.5|7|8
55.5|71.25|0|388|5.5|5.5|7|8
55.6|71.26|0|388|5.5|5.5|7|8
55.7|71.17|0|388|5.5|5.5|7|8
55.8|71.14|0|388|5.5|5.5|7|8
55.9|71.17|0|388|5.5|5.5|7|8
56|71.26|0|388|5.5|5.5|7|8
56.1|71.29|0|388|5.5|5.5|7|8
56.2|71.17|0|388|5.5|5.5|7|8
56.3|71.25|0|388|5.5|5.5|7|8
56.4|71.29|0|388|5.5|5.5|7|8
56.5|71.18|0|388|5.5|5.5|7|8
56.6|71.25|0|388|5.5|5.5|7|8
56.7|71.25|0|388|5.5|5.5|7|8
56.8|71.16|0|388|5.5|5.5|7|8
56.9|71.26|0|388|5.5|5.5|7|8
57|71.2|0|388|5.5|5.5|7|8
57.1|71.18|0|388|5.5|5.5|7|8
57.2|71.29|0|388|5.5|5.5|7|8
57.3|71.2|0|388|5.5|5.5|7|8
57.4|71.24|0|388|5.5|5.5|7|8
57.5|71.29|0|388|5.5|5.5|7|8
57.6|71.17|0|388|5.5|5.5|7|8
57.7|71.24|0|388|5.5|5.5|7|8
57.8|71.29|0|388|5.5|5.5|7|8
57.9|71.2|0|388|5.5|5.5|7|8
58|71.24|0|388|5.5|5.5|7|8
58.1|71.26|0|388|5.5|5.5|7|8
58.2|71.16|0|388|5.5|5.5|7|8
58.3|71.24|0|388|5.5|5.5|7|8
58.4|71.29|0|388|5.5|5.5|7|8
58.5|71.18|0|388|5.5|5.5|7|8
58.6|71.21|0|388|5.5|5.5|7|8
58.7|71.25|0|388|5.5|5.5|7|8
58.8|71.22|0|388|5.5|5.5|7|8
58.9|71.17|0|388|5.5|5.5|7|8
59|71.22|0|388|5.5|5.5|7|8
59.1|71.22|0|388|5.5|5.5|7|8
59.2|71.24|0|388|5.5|5.5|7|8
59.3|71.21|0|388|5.5|5.5|7|8
59.4|71.16|0|388|5.5|5.5|7|8
59.5|71.21|0|388|5.5|5.5|7|8
59.6|71.25|0|388|5.5|5.5|7|8
59.7|71.21|0|388|5.5|5.5|7|8
59.8|71.2|0|388|5.5|5.5|7|8
59.9|71.24|0|388|5.5|5.5|7|8
60|71.22|0|388|5.5|5.5|7|8
60.1|71.18|0|388|5.5|5.5|7|8
60.2|71.22|0|388|5.5|5.5|7|8
60.3|71.29|0|388|5.5|5.5|7|8
60.4|71.18|0|388|5.5|5.5|7|8
60.5|71.22|0|388|5.5|5.5|7|8
60.6|71.22|0|388|5.5|5.5|7|8
60.7|71.28|0|388|5.5|5.5|7|8
60.8|71.21|0|388|5.5|5.5|7|8
60.9|71.17|0|388|5.5|5.5|7|8
61|71.24|0|388|5.5|5.5|7|8
61.1|71.24|0|388|5.5|5.5|7|8
61.2|71.16|0|388|5.5|5.5|7|8
61.3|71.22|0|388|5.5|5.5|7|8
61.4|71.28|0|388|5.5|5.5|7|8
61.5|71.2|0|388|5.5|5.5|7|8
61.6|71.21|0|387|5.5|5.5|7|8
61.7|71.22|0|388|5.5|5.5|7|8
61.8|71.25|0|387|5.5|5.5|7|8
61.9|71.2|0|387|5.5|5.5|7|8
62|71.2|0|388|5.5|5.5|7|8
62.1|71.21|0|388|5.5|5.5|7|8
62.2|71.25|0|388|5.5|5.5|7|8
62.3|71.2|0|388|5.5|5.5|7|8
62.4|71.18|0|388|5.5|5.5|7|8
62.5|71.21|0|387|5.5|5.5|7|8
62.6|71.21|0|387|5.5|5.5|7|8
62.7|71.25|0|387|5.5|5.5|7|8
62.8|71.2|0|387|5.5|5.5|7|8
62.9|71.17|0|387|5.5|5.5|7|8
63|71.22|0|387|5.5|5.5|7|8
63.1|71.28|0|387|5.5|5.5|7|8
63.2|71.2|0|387|5.5|5.5|7|8
63.3|71.2|0|387|5.5|5.5|7|8
63.4|71.22|0|387|5.5|5.5|7|8
63.5|71.29|0|387|5.5|5.5|7|8
63.6|71.17|0|387|5.5|5.5|7|8
63.7|71.22|0|387|5.5|5.5|7|8
63.8|71.24|0|387|5.5|5.5|7|8
63.9|71.16|0|387|5.5|5.5|7|8
64|71.22|0|387|5.5|5.5|7|8
64.1|71.2|0|387|5.5|5.5|7|8
64.2|71.17|0|387|5.5|5.5|7|8
64.3|71.24|0|387|5.5|5.5|7|8
64.4|71.24|0|387|5.5|5.5|7|8
64.5|71.21|0|387|5.5|5.5|7|8
64.6|71.22|0|387|5.5|5.5|7|8
64.7|71.21|0|387|5.5|5.5|7|8
64.8|71.21|0|387|5.5|5.5|7|8
64.9|71.2|0|387|5.5|5.5|7|8
65|71.2|0|387|5.5|5.5|7|8
65.1|71.28|0|387|5.5|5.5|7|8
65.2|71.17|0|387|5.5|5.5|7|8
65.3|71.22|0|387|5.5|5.5|7|8
65.4|71.25|0|387|5.5|5.5|7|8
65.5|71.18|0|387|5.5|5.5|7|8
65.6|71.21|0|401|5.5|5.5|7|8
65.7|71.22|0|408|5.5|5.5|7|8
65.8|71.2|0|411|5.5|5.5|7|8
65.9|71.16|0|412|5.5|5.5|7|8
66|71.22|0|412|5.5|5.5|7|8
66.1|71.2|0|412|5.5|5.5|7|8
66.2|71.18|0|412|5.5|5.5|7|8
66.3|71.22|0|412|5.5|5.5|7|8
66.4|71.2|0|412|5.5|5.5|7|8
66.5|71.16|0|412|5.5|5.5|7|8
66.6|71.24|0|412|5.5|5.5|7|8
66.7|71.2|0|412|5.5|5.5|7|8
66.8|71.17|0|412|5.5|5.5|7|8
66.9|71.22|0|412|5.5|5.5|7|8
67|71.2|0|412|5.5|5.5|7|8
67.1|71.17|0|412|5.5|5.5|7|8
67.2|71.21|0|412|5.5|5.5|7|8
67.3|71.21|0|412|5.5|5.5|7|8
67.4|71.17|0|412|5.5|5.5|7|8
67.5|71.22|0|412|5.5|5.5|7|8
67.6|71.2|0|412|5.5|5.5|7|8
67.7|71.18|0|412|5.5|5.5|7|8
67.8|71.21|0|412|5.5|5.5|7|8
67.9|71.25|0|412|5.5|5.5|8|8
68|71.1|0|412|5.5|5.5|8|8
68.1|71.09|0|412|5.5|5.5|8|8
68.2|71.09|0|412|5.4|5.4|8|8
68.3|71.08|0|412|5.4|5.4|8|8
68.4|71.13|0|412|5.4|5.4|8|8
68.5|71.1|0|412|5.4|5.4|8|8
68.6|71.12|0|412|5.4|5.4|8|8
68.7|71.1|0|412|5.4|5.4|8|8
68.8|71.1|0|412|5.4|5.4|8|8
68.9|71.1|0|412|5.4|5.4|8|8
69|71.1|0|412|5.4|5.4|8|8
69.1|71.06|0|412|5.4|5.4|8|8
69.2|71.16|0|412|5.4|5.4|8|8
69.3|71.16|0|412|5.4|5.4|8|8
69.4|71.21|0|412|5.4|5.4|8|8
69.5|71.29|0|412|5.4|5.4|8|8
69.6|71.26|0|412|5.4|5.4|8|8
69.7|71.26|0|412|5.4|5.4|8|8
69.8|71.24|0|412|5.4|5.4|8|8
69.9|71.75|0|411|5.4|5.4|8|8
70|75.04|0|411|5.4|5.4|8|8
70.1|78.44|0|411|5.4|5.4|8|8
70.2|81.76|0|411|5.4|5.4|8|8
70.3|85.11|0|411|5.4|5.4|8|8
70.4|88.35|0|411|5.4|5.4|8|8
70.5|91.62|0|411|5.4|5.4|8|8
70.6|94.4|0|411|5.4|5.4|8|8
