0|95.93|869|394|5.1|5.1|1|8
0.1|95.97|1026|395|5.1|5.1|1|8
0.2|95.98|1021|396|5.1|5.1|1|8
0.3|96|1018|396|5.1|5.1|1|8
0.4|96.01|1018|396|5.1|5.1|1|8
0.5|95.96|1018|396|5.1|5.1|2|8
0.6|95.72|1018|396|5.1|5.1|2|8
0.7|95.23|1018|396|5.1|5.1|2|8
0.8|94.8|1039|396|5.1|5.1|2|8
0.9|94.39|1459|396|5.1|5.1|2|8
1|93.94|1644|398|5.1|5.1|3|8
1.1|93.81|1675|398|5.1|5.1|3|8
1.2|93.68|1696|398|5.1|5.1|3|8
1.3|93.54|1706|398|5.1|5.1|3|8
1.4|93.53|1711|399|5.1|5.1|3|8
1.5|93.51|1714|399|5.1|5.1|3|8
1.6|93.53|1719|399|5.1|5.1|3|8
1.7|93.51|1722|399|5.1|5.1|3|8
1.8|93.49|1724|399|5.1|5.1|3|8
1.9|93.54|1727|399|5.1|5.1|3|8
2|93.55|1727|399|5.1|5.1|3|8
2.1|93.54|1729|399|5.1|5.1|3|8
2.2|93.54|1729|399|5.1|5.1|3|8
2.3|93.53|1732|399|5.2|5.2|3|8
2.4|93.53|1735|399|5.2|5.2|3|8
2.5|93.54|1737|400|5.2|5.2|3|8
2.6|93.55|1740|399|5.2|5.2|3|8
2.7|93.53|1740|399|5.2|5.2|3|8
2.8|93.51|1740|399|5.2|5.2|3|8
2.9|93.53|1740|400|5.2|5.2|3|8
3|93.55|1740|399|5.2|5.2|4|8
3.1|93.81|1735|400|5.2|5.2|4|8
3.2|94.28|1590|398|5.2|5.2|4|8
3.3|94.67|1049|397|5.2|5.2|5|8
3.4|94.98|1031|396|5.2|5.2|5|8
3.5|94.9|1026|396|5.2|5.2|5|8
3.6|95|1026|396|5.2|5.2|5|8
3.7|95.06|1026|396|5.2|5.2|5|8
3.8|95.02|1023|396|5.2|5.2|5|8
3.9|95|1023|396|5.2|5.2|5|8
4|95.03|1023|396|5.2|5.2|5|8
4.1|95.06|1023|396|5.2|5.2|5|8
4.2|95|1023|396|5.2|5.2|5|8
4.3|95|1023|396|5.2|5.2|5|8
4.4|95.03|1023|396|5.2|5.2|5|8
4.5|95.06|1023|396|5.2|5.2|5|8
4.6|95.02|1023|396|5.2|5.2|5|8
4.7|95|1023|396|5.2|5.2|5|8
4.8|95.03|1023|396|5.2|5.2|5|8
4.9|94.99|1023|396|5.2|5.2|5|8
5|95.04|1023|396|5.2|5.2|5|8
5.1|95.04|1023|396|5.2|5.2|5|8
5.2|94.98|1023|396|5.2|5.2|5|8
5.3|94.99|1021|396|5.2|5.2|2|8
5.4|94.8|1023|396|5.2|5.2|2|8
5.5|94.44|1023|396|5.2|5.2|2|8
5.6|93.96|1281|396|5.2|5.2|2|8
5.7|93.6|1680|396|5.2|5.2|3|8
5.8|93.35|1724|398|5.2|5.2|3|8
5.9|93.1|1735|398|5.2|5.2|3|8
6|93.11|1740|398|5.2|5.2|3|8
6.1|93.1|1745|398|5.2|5.2|3|8
6.2|93.1|1750|398|5.2|5.2|3|8
6.3|93.13|1753|398|5.2|5.2|3|8
6.4|93.15|1755|399|5.2|5.2|3|8
6.5|93.21|1758|399|5.2|5.2|3|8
6.6|93.14|1763|399|5.2|5.2|3|8
6.7|93.15|1763|398|5.3|5.3|3|8
6.8|93.11|1765|398|5.3|5.2|3|8
6.9|93.14|1768|398|5.3|5.3|3|8
7|93.09|1771|398|5.3|5.3|3|8
7.1|93.07|1771|398|5.3|5.3|3|8
7.2|93.11|1773|398|5.3|5.3|3|8
7.3|93.14|1773|398|5.3|5.3|3|8
7.4|93.1|1773|398|5.3|5.3|3|8
7.5|93.07|1776|398|5.3|5.3|3|8
7.6|93.1|1776|398|5.3|5.3|3|8
7.7|93.06|1778|398|5.3|5.3|4|8
7.8|93.25|1773|398|5.3|5.3|4|8
7.9|93.73|1644|398|5.3|5.3|4|8
8|94.17|1052|397|5.3|5.3|5|8
8.1|94.29|1041|396|5.3|5.3|5|8
8.2|94.43|1039|396|5.3|5.3|5|8
8.3|94.39|1036|396|5.3|5.3|5|8
8.4|94.48|1036|396|5.3|5.3|5|8
8.5|94.49|1034|396|5.3|5.3|5|8
8.6|94.49|1034|396|5.3|5.3|5|8
8.7|94.45|1034|396|5.3|5.3|5|8
8.8|94.44|1031|396|5.3|5.3|5|8
8.9|94.47|1031|396|5.3|5.3|5|8
9|94.47|1034|396|5.3|5.3|5|8
9.1|94.49|1031|396|5.3|5.3|5|8
9.2|94.51|1031|396|5.3|5.3|5|8
9.3|94.49|1031|396|5.3|5.3|5|8
9.4|94.45|1031|396|5.3|5.3|5|8
9.5|94.44|1031|396|5.3|5.3|5|8
9.6|94.48|1031|396|5.3|5.3|5|8
9.7|94.49|1031|396|5.3|5.3|5|8
9.8|94.49|1028|396|5.3|5.3|5|8
9.9|94.48|1031|396|5.3|5.3|5|8
10|94.47|1028|396|5.3|5.3|2|8
10.1|94.28|1028|396|5.3|5.3|2|8
10.2|93.88|1031|396|5.3|5.3|2|8
10.3|93.39|1601|397|5.3|5.3|3|8
10.4|93.1|1737|398|5.3|5.3|3|8
10.5|92.96|1755|400|5.3|5.3|3|8
10.6|92.91|1768|400|5.3|5.3|3|8
10.7|92.82|1773|400|5.3|5.3|3|8
10.8|92.78|1778|400|5.3|5.3|3|8
10.9|92.72|1781|400|5.3|5.3|3|8
11|92.78|1799|395|5.3|5.3|3|8
11.1|92.82|1804|393|5.3|5.3|3|8
11.2|92.76|1807|392|5.3|5.3|3|8
11.3|92.72|1807|392|5.3|5.3|3|8
11.4|92.78|1809|392|5.3|5.3|3|8
11.5|92.82|1809|392|5.3|5.3|3|8
11.6|92.76|1812|392|5.3|5.3|3|8
11.7|92.72|1812|392|5.3|5.3|3|8
11.8|92.76|1812|392|5.3|5.3|3|8
11.9|92.79|1812|392|5.3|5.3|3|8
12|92.79|1814|392|5.3|5.4|3|8
12.1|92.71|1817|392|5.4|5.4|3|8
12.2|92.74|1817|392|5.4|5.4|3|8
12.3|92.78|1817|392|5.4|5.4|4|8
12.4|92.82|1820|392|5.4|5.4|4|8
12.5|93.04|1809|392|5.4|5.4|4|8
12.6|93.54|1371|392|5.4|5.4|5|8
12.7|93.88|1062|391|5.4|5.4|5|8
12.8|94.09|1057|391|5.4|5.4|5|8
12.9|94.16|1054|391|5.4|5.4|5|8
13|94.16|1052|391|5.4|5.4|5|8
13.1|94.17|1052|391|5.4|5.4|5|8
13.2|94.17|1052|391|5.4|5.4|5|8
13.3|94.17|1049|391|5.4|5.4|5|8
13.4|94.17|1049|391|5.4|5.4|5|8
13.5|94.19|1049|391|5.4|5.4|5|8
13.6|94.23|1049|390|5.4|5.4|5|8
13.7|94.17|1049|391|5.4|5.4|5|8
13.8|94.15|1046|391|5.4|5.4|5|8
13.9|94.16|1046|391|5.4|5.4|5|8
14|94.15|1046|390|5.4|5.4|5|8
14.1|94.17|1049|390|5.4|5.4|5|8
14.2|94.17|1046|391|5.4|5.4|5|8
14.3|94.17|1046|390|5.4|5.4|5|8
14.4|94.17|1046|390|5.4|5.4|5|8
14.5|94.17|1046|391|5.4|5.4|5|8
14.6|94.17|1046|391|5.4|5.4|2|8
14.7|94.12|1046|390|5.4|5.4|2|8
14.8|93.85|1046|390|5.4|5.4|2|8
14.9|93.39|1296|391|5.4|5.4|2|8
15|93.04|1742|390|5.4|5.4|3|8
15.1|92.91|1778|390|5.4|5.4|3|8
15.2|92.76|1794|390|5.4|5.4|3|8
15.3|92.72|1804|390|5.4|5.4|3|8
15.4|92.64|1809|390|5.4|5.4|3|8
15.5|92.64|1814|390|5.4|5.4|3|8
15.6|92.7|1817|390|5.4|5.4|3|8
15.7|92.71|1822|390|5.4|5.4|3|8
15.8|92.63|1825|390|5.4|5.4|3|8
15.9|92.64|1827|390|5.4|5.4|3|8
16|92.7|1830|390|5.4|5.4|3|8
16.1|92.71|1832|390|5.4|5.4|3|8
16.2|92.66|1832|390|5.4|5.4|3|8
16.3|92.6|1832|390|5.4|5.4|3|8
16.4|92.67|1835|390|5.4|5.4|3|8
16.5|92.72|1835|390|5.4|5.4|3|8
16.6|92.66|1840|390|5.4|5.4|3|8
16.7|92.64|1843|390|5.4|5.4|3|8
16.8|92.62|1843|390|5.4|5.4|3|8
16.9|92.71|1845|390|5.4|5.4|3|8
17|92.66|1845|390|5.4|5.4|4|8
17.1|92.87|1843|390|5.4|5.4|4|8
17.2|93.23|1807|390|5.4|5.4|4|8
17.3|93.8|1121|390|5.4|5.4|5|8
17.4|94.09|1067|390|5.4|5.4|5|8
17.5|94.21|1064|390|5.4|5.4|5|8
17.6|94.2|1062|390|5.4|5.4|5|8
17.7|94.2|1062|390|5.4|5.4|5|8
17.8|94.2|1059|390|5.4|5.4|5|8
17.9|94.21|1057|390|5.4|5.4|5|8
18|94.23|1057|390|5.4|5.4|5|8
18.1|94.23|1057|390|5.4|5.4|5|8
18.2|94.23|1057|390|5.4|5.4|5|8
18.3|94.28|1054|390|5.4|5.4|5|8
18.4|94.24|1054|390|5.4|5.4|5|8
18.5|94.21|1054|390|5.4|5.4|5|8
18.6|94.2|1054|390|5.4|5.4|5|8
18.7|94.2|1054|390|5.4|5.4|5|8
18.8|94.2|1057|390|5.4|5.4|5|8
18.9|94.19|1054|390|5.4|5.4|5|8
19|94.21|1054|390|5.4|5.4|5|8
19.1|94.19|1054|390|5.4|5.4|5|8
19.2|94.17|1054|390|5.4|5.4|5|8
19.3|94.19|1054|390|5.4|5.4|2|8
19.4|94.09|1054|390|5.4|5.4|2|8
19.5|93.72|1054|390|5.4|5.4|2|8
19.6|93.26|1307|390|5.4|5.4|2|8
19.7|92.92|1771|390|5.4|5.4|3|8
19.8|92.7|1804|390|5.4|5.4|3|8
19.9|92.68|1822|390|5.4|5.4|3|8
20|92.63|1835|390|5.4|5.4|3|8
20.1|92.53|1843|390|5.4|5.4|3|8
20.2|92.52|1848|390|5.4|5.4|3|8
20.3|92.53|1851|390|5.4|5.4|3|8
20.4|92.52|1853|390|5.4|5.4|3|8
20.5|92.51|1856|390|5.4|5.4|3|8
20.6|92.44|1858|390|5.4|5.4|3|8
20.7|92.53|1858|390|5.4|5.4|3|8
20.8|92.56|1861|390|5.4|5.4|3|8
20.9|92.52|1861|390|5.4|5.4|3|8
21|92.51|1863|390|5.4|5.4|3|8
21.1|92.47|1863|390|5.4|5.4|3|8
21.2|92.47|1863|390|5.4|5.4|3|8
21.3|92.55|1863|390|5.4|5.4|3|8
21.4|92.51|1863|390|5.4|5.4|3|8
21.5|92.47|1863|390|5.4|5.4|3|8
21.6|92.55|1866|390|5.4|5.4|3|8
21.7|92.55|1866|390|5.4|5.4|4|8
21.8|92.62|1863|390|5.4|5.4|4|8
21.9|93.09|1822|390|5.4|5.4|4|8
22|93.66|1101|391|5.4|5.4|5|8
22.1|93.86|1067|390|5.4|5.4|5|8
22.2|94|1064|390|5.4|5.4|5|8
22.3|94.06|1062|390|5.4|5.4|5|8
22.4|94.09|1062|390|5.4|5.4|5|8
22.5|94.08|1059|390|5.4|5.4|5|8
22.6|94.05|1059|390|5.4|5.4|5|8
22.7|94.05|1059|390|5.4|5.4|5|8
22.8|94.05|1059|390|5.4|5.4|5|8
22.9|94.05|1057|390|5.4|5.4|5|8
23|94.09|1057|390|5.4|5.4|5|8
23.1|94.1|1057|390|5.4|5.4|5|8
23.2|94.08|1057|390|5.4|5.4|5|8
23.3|94.08|1057|390|5.4|5.4|5|8
23.4|94.06|1057|390|5.4|5.4|5|8
23.5|94.05|1054|390|5.4|5.4|5|8
23.6|94.04|1054|390|5.4|5.4|5|8
23.7|94.04|1057|390|5.4|5.4|5|8
23.8|94.05|1057|390|5.4|5.4|5|8
23.9|94.06|1057|390|5.4|5.4|5|8
24|94.13|1054|390|5.4|5.4|2|8
24.1|93.93|1054|390|5.4|5.4|2|8
24.2|93.57|1054|390|5.4|5.4|2|8
24.3|93.09|1340|390|5.4|5.4|2|8
24.4|92.72|1776|390|5.4|5.4|3|8
24.5|92.64|1809|390|5.4|5.4|3|8
24.6|92.41|1832|390|5.4|5.4|3|8
24.7|92.39|1843|390|5.4|5.4|3|8
24.8|92.36|1848|390|5.4|5.4|3|8
24.9|92.33|1856|390|5.4|5.4|3|8
25|92.37|1858|390|5.4|5.4|3|8
25.1|92.4|1861|390|5.4|5.4|3|8
25.2|92.37|1863|390|5.4|5.4|3|8
25.3|92.36|1863|390|5.4|5.4|3|8
25.4|92.39|1869|390|5.4|5.4|3|8
25.5|92.37|1869|390|5.4|5.4|3|8
25.6|92.4|1871|390|5.4|5.4|3|8
25.7|92.4|1871|390|5.4|5.4|3|8
25.8|92.36|1874|390|5.4|5.4|3|8
25.9|92.36|1874|390|5.4|5.4|3|8
26|92.36|1874|390|5.4|5.4|3|8
26.1|92.36|1876|390|5.4|5.4|3|8
26.2|92.37|1876|390|5.4|5.4|3|8
26.3|92.36|1876|390|5.4|5.4|3|8
26.4|92.35|1876|390|5.4|5.4|4|8
26.5|92.58|1871|390|5.4|5.4|4|8
26.6|92.91|1832|391|5.4|5.4|4|8
26.7|93.5|1144|391|5.4|5.4|5|8
26.8|93.77|1067|390|5.4|5.4|5|8
26.9|93.85|1067|390|5.4|5.4|5|8
27|93.88|1064|390|5.4|5.4|5|8
27.1|93.94|1064|390|5.4|5.4|5|8
27.2|93.97|1064|390|5.4|5.4|5|8
27.3|94.05|1062|390|5.4|5.4|5|8
27.4|93.97|1059|390|5.4|5.4|5|8
27.5|93.86|1059|390|5.4|5.4|5|8
27.6|93.93|1059|390|5.4|5.4|5|8
27.7|93.98|1057|390|5.4|5.4|5|8
27.8|93.94|1059|390|5.4|5.4|5|8
27.9|93.97|1057|390|5.4|5.4|5|8
28|93.97|1057|390|5.4|5.4|5|8
28.1|94.02|1057|390|5.4|5.4|5|8
28.2|94|1057|390|5.4|5.4|5|8
28.3|93.97|1057|390|5.4|5.4|5|8
28.4|93.94|1057|390|5.4|5.4|5|8
28.5|93.92|1057|390|5.4|5.4|5|8
28.6|93.93|1057|390|5.4|5.4|5|8
28.7|93.96|1057|390|5.4|5.4|2|8
28.8|93.92|1057|390|5.4|5.4|2|8
28.9|93.53|1054|390|5.4|5.4|2|8
29|93.07|1265|390|5.4|5.4|2|8
29.1|92.7|1771|391|5.4|5.4|3|8
29.2|92.52|1817|391|5.4|5.4|3|8
29.3|92.39|1835|391|5.4|5.4|3|8
29.4|92.39|1848|391|5.4|5.4|3|8
29.5|92.36|1856|390|5.4|5.4|3|8
29.6|92.39|1861|390|5.4|5.4|3|8
29.7|92.28|1866|390|5.4|5.4|3|8
29.8|92.29|1869|391|5.4|5.4|3|8
29.9|92.35|1871|391|5.4|5.4|3|8
30|92.31|1874|391|5.4|5.4|3|8
30.1|92.25|1874|390|5.4|5.4|3|8
30.2|92.31|1876|390|5.4|5.4|3|8
30.3|92.35|1876|390|5.4|5.4|3|8
30.4|92.28|1879|390|5.4|5.4|3|8
30.5|92.31|1879|391|5.4|5.4|3|8
30.6|92.35|1879|391|5.4|5.4|3|8
30.7|92.28|1881|390|5.4|5.4|3|8
30.8|92.29|1881|390|5.4|5.4|3|8
30.9|92.33|1881|391|5.4|5.4|3|8
31|92.29|1881|390|5.4|5.4|3|8
31.1|92.33|1884|390|5.4|5.4|4|8
31.2|92.52|1879|390|5.4|5.4|4|8
31.3|92.87|1835|391|5.4|5.4|4|8
31.4|93.46|1327|391|5.4|5.4|5|8
31.5|93.84|1070|391|5.4|5.4|5|8
31.6|93.93|1067|391|5.4|5.4|5|8
31.7|94.04|1064|390|5.4|5.4|5|8
31.8|94.05|1064|390|5.4|5.4|5|8
31.9|94.04|1062|390|5.4|5.4|5|8
32|94.08|1062|390|5.4|5.4|5|8
32.1|94.1|1062|390|5.4|5.4|5|8
32.2|94.06|1059|390|5.4|5.4|5|8
32.3|94.06|1059|390|5.4|5.4|5|8
32.4|94.08|1059|390|5.4|5.4|5|8
32.5|94.05|1059|390|5.4|5.4|5|8
32.6|94.04|1059|390|5.4|5.4|5|8
32.7|94.02|1059|390|5.4|5.4|5|8
32.8|94.04|1057|390|5.4|5.4|5|8
32.9|94.05|1059|390|5.4|5.4|5|8
33|94.06|1057|390|5.4|5.4|5|8
33.1|94.08|1057|390|5.4|5.4|5|8
33.2|94.13|1057|390|5.4|5.4|5|8
33.3|94.05|1057|390|5.4|5.4|5|8
33.4|94.04|1057|390|5.4|5.4|2|8
33.5|94.04|1057|390|5.4|5.4|2|8
33.6|93.74|1057|390|5.4|5.4|2|8
33.7|93.26|1057|391|5.4|5.4|2|8
33.8|92.84|1621|390|5.4|5.4|3|8
33.9|92.55|1796|390|5.4|5.4|3|8
34|92.39|1830|391|5.4|5.4|3|8
34.1|92.37|1843|391|5.4|5.4|3|8
34.2|92.19|1856|391|5.4|5.4|3|8
34.3|92.17|1861|391|5.4|5.4|3|8
34.4|92.23|1866|391|5.4|5.4|3|8
34.5|92.21|1871|391|5.4|5.4|3|8
34.6|92.2|1874|391|5.4|5.4|3|8
34.7|92.19|1876|391|5.4|5.4|3|8
34.8|92.2|1876|391|5.4|5.4|3|8
34.9|92.2|1879|391|5.4|5.4|3|8
35|92.23|1881|391|5.4|5.4|3|8
35.1|92.2|1881|391|5.4|5.4|3|8
35.2|92.17|1884|391|5.4|5.4|3|8
35.3|92.19|1884|391|5.4|5.4|3|8
35.4|92.2|1884|391|5.4|5.4|3|8
35.5|92.2|1887|391|5.4|5.4|3|8
35.6|92.2|1887|390|5.4|5.4|3|8
35.7|92.2|1887|390|5.4|5.4|3|8
35.8|92.19|1887|391|5.4|5.4|4|8
35.9|92.29|1887|391|5.4|5.4|4|8
36|92.53|1876|391|5.4|5.4|4|8
36.1|92.9|1830|391|5.4|5.4|4|8
36.2|93.51|1577|391|5.4|5.4|4|8
36.3|93.84|1075|391|5.4|5.4|2|8
36.4|93.88|1067|391|5.4|5.4|2|8
36.5|93.85|1064|390|5.4|5.4|2|8
36.6|93.84|1064|390|5.4|5.4|2|8
36.7|93.69|1062|390|5.4|5.4|2|8
36.8|93.68|1062|391|5.4|5.4|2|8
36.9|93.57|1059|391|5.4|5.4|2|8
37|93.58|1059|391|5.4|5.4|2|8
37.1|93.5|1059|390|5.4|5.4|2|8
37.2|93.39|1059|390|5.4|5.4|2|8
37.3|93.38|1082|390|5.4|5.4|2|8
37.4|93.27|1059|390|5.4|5.4|2|8
37.5|93.15|1059|391|5.4|5.4|2|8
37.6|93.15|1070|390|5.4|5.4|2|8
37.7|93.18|1247|390|5.4|5.4|2|8
37.8|93|1229|391|5.4|5.4|2|8
37.9|93.02|1180|390|5.4|5.4|2|8
38|92.87|1263|391|5.4|5.4|2|8
38.1|92.82|1258|390|5.4|5.4|2|8
38.2|92.78|1361|390|5.4|5.4|2|8
38.3|92.66|1557|391|5.4|5.4|2|8
38.4|92.62|1673|391|5.4|5.4|2|8
38.5|92.79|1696|391|5.4|5.4|2|8
38.6|92.92|1673|390|5.4|5.4|2|8
38.7|93.15|1168|391|5.4|5.4|2|8
38.8|93.19|1062|391|5.4|5.4|2|8
38.9|93.26|1057|390|5.4|5.4|2|8
39|93.22|1057|390|5.4|5.4|2|8
39.1|93.15|1057|390|5.4|5.4|2|8
39.2|93.25|1057|390|5.4|5.4|2|8
39.3|93.04|1057|390|5.4|5.4|2|8
39.4|93|1054|390|5.4|5.4|2|8
39.5|93.03|1057|390|5.4|5.4|2|8
39.6|92.87|1070|390|5.4|5.4|2|8
39.7|92.82|1101|390|5.4|5.4|2|8
39.8|92.76|1064|390|5.4|5.4|2|8
39.9|92.71|1126|390|5.4|5.4|2|8
40|92.68|1304|390|5.4|5.4|2|8
40.1|92.59|1472|391|5.4|5.4|2|8
40.2|92.62|1629|391|5.4|5.4|2|8
40.3|92.53|1670|391|5.4|5.4|2|8
40.4|92.74|1670|391|5.4|5.4|2|8
40.5|92.91|1420|391|5.4|5.4|2|8
40.6|93.18|1064|390|5.4|5.4|2|8
40.7|93.18|1057|390|5.4|5.4|2|8
40.8|93.18|1054|390|5.4|5.4|2|8
40.9|93.07|1054|390|5.4|5.4|2|8
41|92.94|1054|390|5.4|5.4|2|8
41.1|92.98|1054|390|5.4|5.4|2|8
41.2|93.02|1054|390|5.4|5.4|2|8
41.3|92.9|1054|390|5.4|5.4|2|8
41.4|92.82|1106|390|5.4|5.4|2|8
41.5|92.76|1095|390|5.4|5.4|2|8
41.6|92.64|1075|390|5.4|5.4|2|8
41.7|92.67|1077|390|5.4|5.4|2|8
41.8|92.59|1170|390|5.4|5.4|2|8
41.9|92.53|1332|391|5.4|5.4|2|8
42|92.39|1286|390|5.4|5.4|2|8
42.1|92.37|1198|390|5.4|5.4|2|8
42.2|92.37|1363|390|5.4|5.4|2|8
42.3|92.2|1464|390|5.4|5.4|2|8
42.4|92.15|1358|390|5.4|5.4|2|8
42.5|92.08|1420|390|5.4|5.4|2|8
42.6|92.08|1327|390|5.4|5.4|2|8
42.7|91.98|1430|390|5.4|5.4|2|8
42.8|91.94|1345|391|5.4|5.4|2|8
42.9|91.92|1345|390|5.4|5.4|2|8
43|91.84|1281|391|5.4|5.4|2|8
43.1|91.76|1307|390|5.4|5.4|2|8
43.2|91.64|1178|390|5.4|5.4|2|8
43.3|91.58|1098|390|5.4|5.4|2|8
43.4|91.53|1155|391|5.4|5.4|2|8
43.5|91.46|1193|391|5.4|5.4|2|8
43.6|91.46|1204|390|5.4|5.4|2|8
43.7|91.38|1229|390|5.4|5.4|2|8
43.8|91.31|1224|390|5.4|5.4|2|8
43.9|91.26|1106|390|5.4|5.4|2|8
44|91.19|1222|390|5.4|5.4|2|8
44.1|91.02|1237|390|5.4|5.4|2|8
44.2|91.06|1175|390|5.4|5.4|2|8
44.3|90.95|1147|390|5.4|5.4|2|8
44.4|90.87|1312|390|5.4|5.4|2|8
44.5|90.8|1209|391|5.4|5.4|2|8
44.6|90.74|1302|390|5.4|5.4|2|8
44.7|90.6|1152|390|5.4|5.4|2|8
44.8|90.59|1206|390|5.4|5.4|2|8
44.9|90.49|1183|390|5.4|5.4|2|8
45|90.44|1147|390|5.4|5.4|2|8
45.1|90.35|1183|390|5.4|5.4|2|8
45.2|90.29|1196|390|5.4|5.4|2|8
45.3|90.2|1247|390|5.4|5.4|2|8
45.4|90.12|1178|390|5.4|5.4|2|8
45.5|90.01|1178|390|5.4|5.4|2|8
45.6|89.89|1276|391|5.4|5.4|2|8
45.7|89.88|1237|390|5.4|5.4|2|8
45.8|89.76|1188|391|5.4|5.4|2|8
45.9|89.73|1227|390|5.4|5.4|2|8
46|89.52|1147|390|5.4|5.4|2|8
46.1|89.5|1168|390|5.4|5.4|2|8
46.2|89.45|1183|390|5.4|5.4|2|8
46.3|89.33|1273|390|5.4|5.4|2|8
46.4|89.18|1232|390|5.4|5.4|2|8
46.5|89.15|1278|391|5.4|5.4|2|8
46.6|89.05|1278|391|5.4|5.4|2|8
46.7|88.94|1137|390|5.4|5.4|2|8
46.8|88.87|1235|390|5.4|5.4|2|8
46.9|88.74|1317|390|5.4|5.4|2|8
47|88.66|1162|390|5.4|5.4|2|8
47.1|88.54|1191|390|5.4|5.4|2|8
47.2|88.43|1186|390|5.4|5.4|2|8
47.3|88.31|1191|390|5.4|5.4|2|8
47.4|88.23|1173|390|5.4|5.4|2|8
47.5|88.12|1250|390|5.4|5.4|2|8
47.6|88.03|1111|390|5.4|5.4|2|8
47.7|87.86|1224|390|5.4|5.4|2|8
47.8|87.77|1129|390|5.4|5.4|2|8
47.9|87.65|1214|390|5.4|5.4|2|8
48|87.56|1232|390|5.4|5.4|2|8
48.1|87.39|1165|390|5.4|5.4|2|8
48.2|87.31|1162|391|5.4|5.4|2|8
48.3|87.15|1139|391|5.4|5.4|2|8
48.4|87.09|1247|390|5.4|5.4|2|8
48.5|86.98|1263|390|5.4|5.4|2|8
48.6|86.82|1338|390|5.4|5.4|2|8
48.7|86.68|1237|391|5.4|5.4|2|8
48.8|86.59|1265|391|5.4|5.4|2|8
48.9|86.4|1227|390|5.4|5.4|2|8
49|86.28|1265|390|5.4|5.4|2|8
49.1|86.19|1302|390|5.4|5.4|2|8
49.2|86.05|1173|390|5.4|5.4|2|8
49.3|85.88|1363|390|5.4|5.4|2|8
49.4|85.77|1222|390|5.4|5.4|2|8
49.5|85.61|1389|390|5.4|5.4|2|8
49.6|85.45|1183|390|5.4|5.4|2|8
49.7|85.4|1271|390|5.4|5.4|2|8
49.8|85.22|1361|390|5.4|5.4|2|8
49.9|85.03|1198|390|5.4|5.4|2|8
50|84.93|1273|390|5.4|5.4|2|8
50.1|84.79|1191|390|5.4|5.4|2|8
50.2|84.58|1188|391|5.4|5.4|2|8
50.3|84.43|1343|390|5.4|5.4|2|8
50.4|84.27|1186|391|5.4|5.4|2|8
50.5|84.13|1273|390|5.4|5.4|2|8
50.6|83.95|1302|391|5.4|5.4|2|8
50.7|83.84|1229|390|5.4|5.4|2|8
50.8|83.66|1312|390|5.4|5.4|2|8
50.9|83.46|1374|390|5.4|5.4|2|8
51|83.29|1263|390|5.4|5.4|2|8
51.1|83.11|1211|390|5.4|5.4|2|8
51.2|82.95|1389|390|5.4|5.4|2|8
51.3|82.77|1237|390|5.4|5.4|2|8
51.4|82.56|1209|391|5.4|5.4|2|8
51.5|82.39|1289|390|5.4|5.4|2|8
51.6|82.19|1322|390|5.4|5.4|2|8
51.7|82.11|1242|391|5.4|5.4|2|8
51.8|81.85|1379|390|5.4|5.4|2|8
51.9|81.68|1363|390|5.4|5.4|2|8
52|81.45|1219|390|5.4|5.4|2|8
52.1|81.22|1325|391|5.4|5.4|6|8
52.2|79.56|1874|390|5.4|5.4|6|8
52.3|77.05|1696|390|5.4|5.4|6|8
52.4|74.66|0|390|5.4|5.4|7|8
52.5|72.69|0|391|5.4|5.4|7|8
52.6|71.57|0|391|5.4|5.4|7|8
52.7|71.02|0|390|5.4|5.4|7|8
52.8|70.7|0|391|5.4|5.4|7|8
52.9|70.53|0|390|5.4|5.4|7|8
53|70.47|0|390|5.4|5.4|7|8
53.1|70.43|0|390|5.4|5.4|7|8
53.2|70.36|0|390|5.4|5.4|7|8
53.3|70.39|0|390|5.4|5.4|7|8
53.4|70.41|0|390|5.4|5.4|7|8
53.5|70.41|0|390|5.4|5.4|7|8
53.6|70.47|0|391|5.4|5.4|7|8
53.7|70.38|0|391|5.4|5.4|7|8
53.8|70.35|0|390|5.4|5.4|7|8
53.9|70.38|0|390|5.4|5.4|7|8
54|70.39|0|390|5.4|5.4|7|8
54.1|70.39|0|390|5.4|5.4|7|8
54.2|70.41|0|391|5.4|5.4|7|8
54.3|70.36|0|391|5.4|5.4|7|8
54.4|70.35|0|391|5.4|5.4|7|8
54.5|70.35|0|391|5.4|5.4|7|8
54.6|70.39|0|391|5.4|5.4|7|8
54.7|70.42|0|391|5.4|5.4|7|8
54.8|70.38|0|391|5.4|5.4|7|8
54.9|70.38|0|391|5.4|5.4|7|8
55|70.36|0|391|5.4|5.4|7|8
55.1|70.35|0|391|5.4|5.4|7|8
55.2|70.35|0|391|5.4|5.4|7|8
55.3|70.36|0|391|5.4|5.4|7|8
55.4|70.38|0|391|5.4|5.4|7|8
55.5|70.38|0|391|5.4|5.4|7|8
55.6|70.45|0|391|5.4|5.4|7|8
55.7|70.38|0|391|5.4|5.4|7|8
55.8|70.38|0|391|5.4|5.4|7|8
55.9|70.39|0|390|5.4|5.4|7|8
56|70.39|0|391|5.4|5.4|7|8
56.1|70.36|0|391|5.4|5.4|7|8
56.2|70.36|0|391|5.4|5.4|7|8
56.3|70.36|0|391|5.4|5.4|7|8
56.4|70.31|0|391|5.4|5.4|7|8
56.5|70.38|0|391|5.4|5.4|7|8
56.6|70.38|0|391|5.4|5.4|7|8
56.7|70.38|0|391|5.4|5.4|7|8
56.8|70.36|0|391|5.4|5.4|7|8
56.9|70.36|0|391|5.4|5.4|7|8
57|70.35|0|391|5.4|5.4|7|8
57.1|70.34|0|391|5.4|5.4|7|8
57.2|70.34|0|391|5.4|5.4|7|8
57.3|70.34|0|391|5.4|5.4|7|8
57.4|70.35|0|392|5.4|5.4|7|8
57.5|70.35|0|392|5.4|5.4|7|8
57.6|70.35|0|392|5.4|5.4|7|8
57.7|70.35|0|392|5.4|5.4|7|8
57.8|70.35|0|392|5.4|5.4|7|8
57.9|70.35|0|392|5.4|5.4|7|8
58|70.35|0|392|5.4|5.4|7|8
58.1|70.35|0|392|5.4|5.4|7|8
58.2|70.36|0|392|5.4|5.4|7|8
58.3|70.36|0|392|5.4|5.4|7|8
58.4|70.42|0|392|5.4|5.4|7|8
58.5|70.36|0|392|5.4|5.4|7|8
58.6|70.35|0|392|5.4|5.4|7|8
58.7|70.35|0|392|5.4|5.4|7|8
58.8|70.35|0|392|5.4|5.4|7|8
58.9|70.35|0|392|5.4|5.4|7|8
59|70.32|0|392|5.4|5.4|7|8
59.1|70.34|0|392|5.4|5.4|7|8
59.2|70.35|0|392|5.4|5.4|7|8
59.3|70.36|0|392|5.4|5.4|7|8
59.4|70.39|0|392|5.4|5.4|7|8
59.5|70.39|0|392|5.4|5.4|7|8
59.6|70.45|0|392|5.4|5.4|7|8
59.7|70.35|0|392|5.4|5.4|7|8
59.8|70.32|0|392|5.4|5.4|7|8
59.9|70.38|0|392|5.4|5.4|7|8
60|70.45|0|392|5.4|5.4|7|8
60.1|70.35|0|392|5.4|5.4|7|8
60.2|70.35|0|392|5.4|5.4|7|8
60.3|70.3|0|392|5.4|5.4|7|8
60.4|70.39|0|392|5.4|5.4|7|8
60.5|70.35|0|392|5.4|5.4|7|8
60.6|70.31|0|392|5.4|5.4|7|8
60.7|70.38|0|392|5.4|5.4|7|8
60.8|70.35|0|392|5.4|5.4|7|8
60.9|70.34|0|392|5.4|5.4|7|8
61|70.34|0|392|5.4|5.4|7|8
61.1|70.39|0|392|5.4|5.4|7|8
61.2|70.35|0|392|5.4|5.4|7|8
61.3|70.35|0|392|5.4|5.4|7|8
61.4|70.36|0|392|5.4|5.4|7|8
61.5|70.35|0|392|5.4|5.4|7|8
61.6|70.32|0|392|5.4|5.4|7|8
61.7|70.32|0|392|5.4|5.4|7|8
61.8|70.39|0|392|5.4|5.4|7|8
61.9|70.35|0|391|5.4|5.4|7|8
62|70.35|0|391|5.4|5.4|7|8
62.1|70.36|0|391|5.4|5.4|7|8
62.2|70.34|0|392|5.4|5.4|7|8
62.3|70.32|0|392|5.4|5.4|7|8
62.4|70.35|0|392|5.4|5.4|7|8
62.5|70.43|0|392|5.4|5.4|7|8
62.6|70.36|0|391|5.4|5.4|7|8
62.7|70.35|0|391|5.4|5.4|7|8
62.8|70.34|0|392|5.4|5.4|7|8
62.9|70.32|0|392|5.4|5.4|7|8
63|70.35|0|392|5.4|5.4|7|8
63.1|70.41|0|394|5.4|5.4|7|8
63.2|70.38|0|394|5.4|5.4|7|8
63.3|70.34|0|394|5.4|5.4|7|8
63.4|70.34|0|394|5.4|5.4|7|8
63.5|70.31|0|394|5.4|5.4|7|8
63.6|70.28|0|394|5.4|5.4|7|8
63.7|70.35|0|394|5.4|5.4|7|8
63.8|70.39|0|394|5.4|5.4|7|8
63.9|70.35|0|394|5.4|5.4|7|8
64|70.34|0|394|5.4|5.4|7|8
64.1|70.34|0|394|5.4|5.4|7|8
64.2|70.31|0|394|5.4|5.4|7|8
64.3|70.35|0|394|5.4|5.4|7|8
64.4|70.36|0|394|5.4|5.4|7|8
64.5|70.36|0|394|5.4|5.4|7|8
64.6|70.35|0|394|5.4|5.4|7|8
64.7|70.35|0|394|5.4|5.4|7|8
64.8|70.35|0|394|5.4|5.4|7|8
64.9|70.35|0|394|5.4|5.4|7|8
65|70.35|0|394|5.4|5.4|7|8
65.1|70.34|0|394|5.4|5.4|7|8
65.2|70.34|0|394|5.4|5.4|7|8
65.3|70.32|0|394|5.4|5.4|7|8
65.4|70.3|0|394|5.4|5.4|8|8
65.5|70.31|0|394|5.4|5.4|8|8
65.6|70.23|0|394|5.4|5.4|8|8
65.7|70.2|0|394|5.4|5.4|8|8
65.8|70.27|0|394|5.4|5.4|8|8
65.9|70.28|0|394|5.4|5.4|8|8
66|70.34|0|394|5.4|5.4|8|8
66.1|70.3|0|394|5.3|5.3|8|8
66.2|70.27|0|394|5.3|5.3|8|8
66.3|70.26|0|394|5.3|5.3|8|8
66.4|70.22|0|394|5.3|5.3|8|8
66.5|70.23|0|394|5.2|5.2|8|8
66.6|70.24|0|394|5.2|5.2|8|8
66.7|70.26|0|394|5.2|5.2|8|8
66.8|70.32|0|394|5.2|5.2|8|8
66.9|70.32|0|394|5.2|5.2|8|8
67|70.27|0|394|5.2|5.2|8|8
67.1|70.27|0|394|5.2|5.2|8|8
67.2|70.26|0|394|5.2|5.2|8|8
67.3|70.24|0|394|5.2|5.2|8|8
67.4|71.12|0|394|5.2|5.2|8|8
67.5|74.08|0|394|5.2|5.2|8|8
67.6|77.14|0|394|5.2|5.2|8|8
67.7|80.08|0|394|5.2|5.1|8|8
67.8|83.03|0|394|5.1|5.1|8|8
67.9|85.95|0|394|5.1|5.1|8|8
68|88.83|0|394|5.1|5.1|8|8
68.1|91.76|0|394|5.1|5.1|8|8
68.2|94.24|0|394|5.1|5.1|8|8
68.3|95.31|0|394|5.1|5.1|8|8
68.4|95.73|0|394|5.1|5.1|8|8
