0|96.12|1461|457|4.4|4.4|1|8
0.1|96.16|1716|456|4.5|4.4|1|8
0.2|96.12|1729|457|4.5|4.5|1|8
0.3|96.13|1745|457|4.5|4.5|1|8
0.4|96.14|1750|457|4.5|4.5|1|8
0.5|96.13|1755|457|4.5|4.5|3|8
0.6|96.14|1763|457|4.5|4.5|3|8
0.7|96.08|1765|456|4.5|4.5|3|8
0.8|96.1|1768|457|4.5|4.5|3|8
0.9|96.08|1771|457|4.5|4.5|3|8
1|96.13|1771|457|4.5|4.5|3|8
1.1|96.14|1773|457|4.5|4.5|3|8
1.2|96.08|1773|456|4.5|4.5|3|8
1.3|96.09|1776|456|4.5|4.5|3|8
1.4|96.08|1778|456|4.5|4.5|3|8
1.5|96.12|1778|457|4.6|4.6|3|8
1.6|96.1|1781|457|4.6|4.6|3|8
1.7|96.12|1781|457|4.6|4.6|3|8
1.8|96.06|1784|457|4.6|4.6|3|8
1.9|96.09|1784|457|4.6|4.6|3|8
2|96.08|1786|457|4.6|4.6|3|8
2.1|96.09|1786|456|4.6|4.6|3|8
2.2|96.09|1789|456|4.6|4.6|3|8
2.3|96.1|1789|456|4.6|4.6|3|8
2.4|96.1|1789|456|4.6|4.6|3|8
2.5|96.13|1791|457|4.6|4.6|4|8
2.6|96.37|1791|457|4.6|4.6|4|8
2.7|96.63|1784|456|4.6|4.6|4|8
2.8|96.94|1773|456|4.6|4.6|4|8
2.9|97.42|1758|456|4.7|4.7|4|8
3|98.05|1714|456|4.7|4.7|4|8
3.1|98.6|1608|457|4.7|4.7|4|8
3.2|99.06|985|457|4.7|4.7|5|8
3.3|99.34|961|457|4.7|4.7|5|8
3.4|99.43|959|457|4.7|4.7|5|8
3.5|99.51|959|457|4.7|4.7|5|8
3.6|99.46|959|457|4.7|4.7|5|8
3.7|99.61|959|457|4.7|4.7|5|8
3.8|99.57|959|457|4.7|4.7|5|8
3.9|99.51|959|457|4.7|4.7|5|8
4|99.57|956|457|4.7|4.7|5|8
4.1|99.58|959|457|4.7|4.7|5|8
4.2|99.54|959|457|4.7|4.7|5|8
4.3|99.54|956|457|4.8|4.8|5|8
4.4|99.55|956|457|4.8|4.8|5|8
4.5|99.58|956|457|4.8|4.8|5|8
4.6|99.58|959|457|4.8|4.8|5|8
4.7|99.51|959|457|4.8|4.8|5|8
4.8|99.58|959|457|4.8|4.8|5|8
4.9|99.58|956|457|4.8|4.8|5|8
5|99.55|959|457|4.8|4.8|5|8
5.1|99.57|959|457|4.8|4.8|5|8
5.2|99.53|959|457|4.8|4.8|2|8
5.3|99.41|959|457|4.8|4.8|2|8
5.4|99.03|959|457|4.8|4.8|2|8
5.5|98.55|964|457|4.8|4.8|2|8
5.6|98.12|1018|458|4.8|4.8|2|8
5.7|97.58|1088|458|4.8|4.8|2|8
5.8|97.08|1191|459|4.8|4.8|2|8
5.9|96.65|1201|457|4.8|4.8|2|8
6|96.17|1727|457|4.8|4.8|3|8
6.1|95.92|1768|456|4.8|4.8|3|8
6.2|95.8|1781|455|4.8|4.8|3|8
6.3|95.73|1789|456|4.8|4.8|3|8
6.4|95.72|1796|456|4.8|4.8|3|8
6.5|95.66|1799|456|4.9|4.9|3|8
6.6|95.65|1804|455|4.9|4.9|3|8
6.7|95.62|1807|455|4.9|4.9|3|8
6.8|95.63|1809|455|4.9|4.9|3|8
6.9|95.65|1812|455|4.9|4.9|3|8
7|95.65|1814|455|4.9|4.9|3|8
7.1|95.68|1817|455|4.9|4.9|3|8
7.2|95.68|1817|456|4.9|4.9|3|8
7.3|95.65|1820|456|4.9|4.9|3|8
7.4|95.63|1820|456|4.9|4.9|3|8
7.5|95.65|1822|456|4.9|4.9|3|8
7.6|95.62|1822|455|4.9|4.9|3|8
7.7|95.59|1825|455|4.9|4.9|3|8
7.8|95.58|1825|455|4.9|4.9|3|8
7.9|95.62|1825|455|4.9|4.9|3|8
8|95.65|1825|455|4.9|4.9|4|8
8.1|95.8|1827|455|4.9|4.9|4|8
8.2|96.16|1814|455|4.9|4.9|4|8
8.3|96.65|1332|456|4.9|4.9|5|8
8.4|97.02|982|456|4.9|4.9|5|8
8.5|97.23|974|456|4.9|4.9|5|8
8.6|97.3|974|456|4.9|4.9|5|8
8.7|97.27|972|456|4.9|4.9|5|8
8.8|97.31|972|456|4.9|4.9|5|8
8.9|97.33|972|456|4.9|4.9|5|8
9|97.33|972|456|5|5|5|8
9.1|97.34|972|456|5|5|5|8
9.2|97.34|972|456|5|5|5|8
9.3|97.3|977|451|5|5|5|8
9.4|97.27|979|438|5|5|5|8
9.5|97.3|979|434|5|5|5|8
9.6|97.33|979|432|5|5|5|8
9.7|97.34|979|432|5|5|5|8
9.8|97.29|979|432|5|5|5|8
9.9|97.33|979|432|5|5|5|8
10|97.34|982|431|5|5|5|8
10.1|97.29|982|431|5|5|5|8
10.2|97.33|982|432|5|5|5|8
10.3|97.34|985|430|5|5|2|8
10.4|97.3|987|421|5|5|2|8
10.5|96.96|987|418|5|5|2|8
10.6|96.6|987|418|5|5|2|8
10.7|96.16|1549|416|5|5|2|8
10.8|95.76|1802|418|5|5|3|8
10.9|95.55|1820|418|5|5|3|8
11|95.47|1830|419|5|5|3|8
11.1|95.46|1838|419|5|5|3|8
11.2|95.39|1843|419|5|5|3|8
11.3|95.35|1845|419|5|5|3|8
11.4|95.38|1848|419|5|5|3|8
11.5|95.42|1853|419|5|5|3|8
11.6|95.41|1856|419|5|5|3|8
11.7|95.45|1858|419|5|5|3|8
11.8|95.34|1858|419|5|5|3|8
11.9|95.34|1861|419|5|5|3|8
12|95.34|1861|419|5|5|3|8
12.1|95.39|1861|420|5|5|3|8
12.2|95.38|1861|420|5|5.1|3|8
12.3|95.41|1863|420|5|5.1|3|8
12.4|95.38|1863|420|5.1|5.1|3|8
12.5|95.38|1863|420|5.1|5.1|3|8
12.6|95.38|1863|420|5.1|5.1|3|8
12.7|95.41|1863|420|5.1|5.1|3|8
12.8|95.39|1866|420|5.1|5.1|4|8
12.9|95.65|1863|420|5.1|5.1|4|8
13|96.14|1626|420|5.1|5.1|4|8
13.1|96.59|1026|419|5.1|5.1|5|8
13.2|96.71|1003|418|5.1|5.1|5|8
13.3|96.86|1000|418|5.1|5.1|5|8
13.4|96.91|1000|418|5.1|5.1|5|8
13.5|96.92|1000|418|5.1|5.1|5|8
13.6|96.91|1000|418|5.1|5.1|5|8
13.7|96.92|997|418|5.1|5.1|5|8
13.8|96.91|997|418|5.1|5.1|5|8
13.9|96.92|997|418|5.1|5.1|5|8
14|96.91|997|418|5.1|5.1|5|8
14.1|96.92|997|418|5.1|5.1|5|8
14.2|96.91|997|418|5.1|5.1|5|8
14.3|96.91|997|418|5.1|5.1|5|8
14.4|96.91|997|418|5.1|5.1|5|8
14.5|96.91|997|418|5.1|5.1|5|8
14.6|96.92|997|418|5.1|5.1|5|8
14.7|96.92|997|418|5.1|5.1|5|8
14.8|96.92|995|418|5.1|5.1|5|8
14.9|96.92|997|418|5.1|5.1|5|8
15|96.92|997|418|5.1|5.1|5|8
15.1|96.92|997|418|5.1|5.1|2|8
15.2|96.7|997|418|5.1|5.1|2|8
15.3|96.28|1000|418|5.1|5.1|2|8
15.4|95.84|1472|419|5.1|5.1|2|8
15.5|95.46|1814|419|5.1|5.1|3|8
15.6|95.23|1838|420|5.1|5.1|3|8
15.7|95.18|1848|420|5.1|5.1|3|8
15.8|95.18|1851|420|5.1|5.1|3|8
15.9|95.14|1858|420|5.1|5.2|3|8
16|95.18|1861|420|5.2|5.2|3|8
16.1|95.02|1866|420|5.2|5.2|3|8
16.2|95.1|1869|420|5.2|5.2|3|8
16.3|95|1871|420|5.2|5.2|3|8
16.4|95.08|1871|420|5.2|5.2|3|8
16.5|95.08|1874|420|5.2|5.2|3|8
16.6|95.12|1874|420|5.2|5.2|3|8
16.7|95.04|1876|420|5.2|5.2|3|8
16.8|95.1|1876|420|5.2|5.2|3|8
16.9|95.02|1876|420|5.2|5.2|3|8
17|95.14|1876|420|5.2|5.2|3|8
17.1|95.06|1879|420|5.2|5.2|3|8
17.2|95.11|1876|420|5.2|5.2|3|8
17.3|95.1|1879|420|5.2|5.2|3|8
17.4|95.02|1879|420|5.2|5.2|3|8
17.5|95.08|1876|420|5.2|5.2|4|8
17.6|95.25|1876|420|5.2|5.2|4|8
17.7|95.77|1624|420|5.2|5.2|4|8
17.8|96.17|1021|420|5.2|5.2|5|8
17.9|96.37|1010|419|5.2|5.2|5|8
18|96.51|1008|418|5.2|5.2|5|8
18.1|96.53|1008|418|5.2|5.2|5|8
18.2|96.48|1005|418|5.2|5.2|5|8
18.3|96.51|1005|418|5.2|5.2|5|8
18.4|96.51|1003|418|5.2|5.2|5|8
18.5|96.51|1003|418|5.2|5.2|5|8
18.6|96.52|1003|418|5.2|5.2|5|8
18.7|96.51|1003|418|5.2|5.2|5|8
18.8|96.51|1003|418|5.2|5.2|5|8
18.9|96.51|1003|418|5.2|5.2|5|8
19|96.53|1003|418|5.2|5.2|5|8
19.1|96.49|1003|418|5.2|5.2|5|8
19.2|96.53|1003|418|5.2|5.2|5|8
19.3|96.52|1003|418|5.2|5.2|5|8
19.4|96.51|1003|416|5.2|5.2|5|8
19.5|96.49|1005|415|5.2|5.2|5|8
19.6|96.52|1003|414|5.2|5.2|5|8
19.7|96.51|1003|414|5.2|5.2|5|8
19.8|96.48|1003|414|5.2|5.2|2|8
19.9|96.2|1003|414|5.2|5.2|2|8
20|95.81|1005|414|5.2|5.2|2|8
20.1|95.35|1709|416|5.2|5.2|3|8
20.2|95.14|1835|416|5.2|5.2|3|8
20.3|94.99|1863|413|5.2|5.2|3|8
20.4|94.74|1876|407|5.2|5.2|3|8
20.5|94.75|1881|404|5.3|5.2|3|8
20.6|94.78|1887|404|5.3|5.3|3|8
20.7|94.78|1889|404|5.3|5.3|3|8
20.8|94.8|1894|403|5.3|5.3|3|8
20.9|94.79|1897|403|5.3|5.3|3|8
21|94.75|1899|403|5.3|5.3|3|8
21.1|94.76|1899|403|5.3|5.3|3|8
21.2|94.78|1902|403|5.3|5.3|3|8
21.3|94.82|1905|403|5.3|5.3|3|8
21.4|94.75|1905|403|5.3|5.3|3|8
21.5|94.75|1905|403|5.3|5.3|3|8
21.6|94.76|1905|403|5.3|5.3|3|8
21.7|94.79|1905|403|5.3|5.3|3|8
21.8|94.79|1907|403|5.3|5.3|3|8
21.9|94.75|1907|403|5.3|5.3|3|8
22|94.79|1907|403|5.3|5.3|3|8
22.1|94.79|1907|403|5.3|5.3|4|8
22.2|94.86|1907|403|5.3|5.3|4|8
22.3|95.12|1899|403|5.3|5.3|4|8
22.4|95.65|1621|404|5.3|5.3|4|8
22.5|96.06|1034|404|5.3|5.3|5|8
22.6|96.2|1021|403|5.3|5.3|5|8
22.7|96.43|1018|402|5.3|5.3|5|8
22.8|96.35|1018|402|5.3|5.3|5|8
22.9|96.33|1015|402|5.3|5.3|5|8
23|96.37|1015|402|5.3|5.3|5|8
23.1|96.37|1013|402|5.3|5.3|5|8
23.2|96.33|1013|402|5.3|5.3|5|8
23.3|96.32|1013|402|5.3|5.3|5|8
23.4|96.35|1013|401|5.3|5.3|5|8
23.5|96.35|1013|401|5.3|5.3|5|8
23.6|96.37|1013|401|5.3|5.3|5|8
23.7|96.37|1013|401|5.3|5.3|5|8
23.8|96.36|1013|401|5.3|5.3|5|8
23.9|96.32|1010|401|5.3|5.3|5|8
24|96.36|1010|401|5.3|5.3|5|8
24.1|96.36|1010|401|5.3|5.3|5|8
24.2|96.36|1010|401|5.3|5.3|5|8
24.3|96.36|1010|401|5.3|5.3|5|8
24.4|96.32|1010|401|5.3|5.3|5|8
24.5|96.29|1010|401|5.3|5.3|2|8
24.6|96.12|1010|401|5.3|5.3|2|8
24.7|95.66|1010|401|5.3|5.3|2|8
24.8|95.19|1763|402|5.3|5.3|3|8
24.9|94.94|1858|402|5.3|5.3|3|8
25|94.78|1879|402|5.3|5.3|3|8
25.1|94.74|1889|402|5.3|5.3|3|8
25.2|94.67|1894|402|5.3|5.3|3|8
25.3|94.63|1899|403|5.3|5.3|3|8
25.4|94.68|1902|403|5.3|5.3|3|8
25.5|94.67|1907|403|5.3|5.3|3|8
25.6|94.66|1910|403|5.3|5.3|3|8
25.7|94.68|1910|402|5.3|5.3|3|8
25.8|94.68|1912|402|5.4|5.3|3|8
25.9|94.66|1912|402|5.4|5.4|3|8
26|94.7|1912|403|5.4|5.4|3|8
26.1|94.66|1915|403|5.3|5.4|3|8
26.2|94.64|1915|403|5.4|5.4|3|8
26.3|94.7|1915|403|5.4|5.4|3|8
26.4|94.66|1915|403|5.4|5.4|3|8
26.5|94.66|1915|403|5.4|5.4|3|8
26.6|94.7|1918|403|5.4|5.4|3|8
26.7|94.66|1918|403|5.4|5.4|3|8
26.8|94.66|1918|403|5.4|5.4|4|8
26.9|94.76|1918|403|5.4|5.4|4|8
27|95.1|1897|403|5.4|5.4|4|8
27.1|95.61|1392|403|5.4|5.4|4|8
27.2|96.05|1028|403|5.4|5.4|5|8
27.3|96.13|1021|402|5.4|5.4|5|8
27.4|96.19|1021|402|5.4|5.4|5|8
27.5|96.19|1018|402|5.4|5.4|5|8
27.6|96.17|1018|402|5.4|5.4|5|8
27.7|96.28|1015|402|5.4|5.4|5|8
27.8|96.27|1015|402|5.4|5.4|5|8
27.9|96.27|1015|402|5.4|5.4|5|8
28|96.24|1015|402|5.4|5.4|5|8
28.1|96.21|1013|402|5.4|5.4|5|8
28.2|96.28|1015|402|5.4|5.4|5|8
28.3|96.25|1013|402|5.4|5.4|5|8
28.4|96.2|1013|402|5.4|5.4|5|8
28.5|96.27|1013|402|5.4|5.4|5|8
28.6|96.27|1013|402|5.4|5.4|5|8
28.7|96.21|1013|402|5.4|5.4|5|8
28.8|96.25|1013|402|5.4|5.4|5|8
28.9|96.25|1013|401|5.4|5.4|5|8
29|96.27|1013|401|5.4|5.4|5|8
29.1|96.28|1013|402|5.4|5.4|5|8
29.2|96.27|1013|402|5.4|5.4|2|8
29.3|95.94|1013|402|5.4|5.4|2|8
29.4|95.51|1018|402|5.4|5.4|2|8
29.5|95.1|1693|403|5.4|5.4|3|8
29.6|94.75|1866|404|5.4|5.4|3|8
29.7|94.61|1892|403|5.4|5.4|3|8
29.8|94.56|1902|403|5.4|5.4|3|8
29.9|94.53|1907|403|5.4|5.4|3|8
30|94.41|1912|403|5.4|5.4|3|8
30.1|94.49|1915|403|5.4|5.4|3|8
30.2|94.45|1918|404|5.4|5.4|3|8
30.3|94.47|1925|401|5.4|5.4|3|8
30.4|94.52|1928|398|5.4|5.4|3|8
30.5|94.44|1928|396|5.4|5.4|3|8
30.6|94.44|1928|396|5.4|5.4|3|8
30.7|94.52|1928|396|5.4|5.4|3|8
30.8|94.44|1928|396|5.4|5.4|3|8
30.9|94.45|1930|396|5.4|5.4|3|8
31|94.51|1930|396|5.4|5.4|3|8
31.1|94.45|1933|396|5.4|5.4|3|8
31.2|94.45|1933|396|5.4|5.4|3|8
31.3|94.51|1933|396|5.4|5.4|3|8
31.4|94.47|1933|396|5.4|5.4|3|8
31.5|94.44|1933|396|5.4|5.4|4|8
31.6|94.51|1933|396|5.4|5.4|4|8
31.7|94.84|1915|396|5.4|5.4|4|8
31.8|95.33|1802|396|5.4|5.4|4|8
31.9|95.81|1046|396|5.4|5.4|5|8
32|96.09|1028|396|5.4|5.4|5|8
32.1|96.12|1026|396|5.4|5.4|5|8
32.2|96.13|1023|396|5.4|5.4|5|8
32.3|96.06|1021|396|5.4|5.4|5|8
32.4|96.12|1021|396|5.4|5.4|5|8
32.5|96.16|1021|396|5.4|5.4|5|8
32.6|96.19|1018|396|5.4|5.4|5|8
32.7|96.17|1018|396|5.4|5.4|5|8
32.8|96.2|1018|396|5.4|5.4|5|8
32.9|96.09|1018|396|5.4|5.4|5|8
33|96.13|1018|396|5.4|5.4|5|8
33.1|96.13|1018|396|5.4|5.4|5|8
33.2|96.17|1015|395|5.4|5.4|5|8
33.3|96.14|1018|395|5.4|5.4|5|8
33.4|96.12|1015|395|5.4|5.4|5|8
33.5|96.14|1015|395|5.4|5.4|5|8
33.6|96.14|1015|395|5.4|5.4|5|8
33.7|96.16|1015|395|5.4|5.4|5|8
33.8|96.13|1015|394|5.4|5.4|5|8
33.9|96.17|1015|394|5.4|5.4|2|8
34|95.93|1015|394|5.4|5.4|2|8
34.1|95.54|1026|394|5.4|5.4|2|8
34.2|95.14|1358|395|5.4|5.4|2|8
34.3|94.78|1851|396|5.4|5.4|3|8
34.4|94.52|1894|396|5.4|5.4|3|8
34.5|94.41|1907|396|5.4|5.4|3|8
34.6|94.35|1918|396|5.4|5.4|3|8
34.7|94.48|1925|396|5.4|5.4|3|8
34.8|94.31|1928|396|5.4|5.4|3|8
34.9|94.31|1928|396|5.4|5.4|3|8
35|94.33|1930|396|5.4|5.4|3|8
35.1|94.33|1933|396|5.4|5.4|3|8
35.2|94.35|1933|396|5.4|5.4|3|8
35.3|94.29|1933|396|5.4|5.4|3|8
35.4|94.31|1936|396|5.4|5.4|3|8
35.5|94.31|1936|396|5.4|5.4|3|8
35.6|94.33|1936|396|5.4|5.4|3|8
35.7|94.33|1936|396|5.4|5.4|3|8
35.8|94.33|1938|396|5.4|5.4|3|8
35.9|94.31|1938|396|5.4|5.4|3|8
36|94.32|1936|396|5.4|5.4|3|8
36.1|94.32|1936|396|5.4|5.4|3|8
36.2|94.31|1936|396|5.4|5.4|3|8
36.3|94.37|1938|396|5.4|5.4|4|8
36.4|94.49|1936|396|5.4|5.4|4|8
36.5|95.02|1887|396|5.4|5.4|4|8
36.6|95.45|1077|396|5.4|5.4|2|8
36.7|95.58|1031|396|5.4|5.4|2|8
36.8|95.59|1044|396|5.4|5.4|2|8
36.9|95.58|1023|396|5.4|5.4|2|8
37|95.46|1021|396|5.4|5.4|2|8
37.1|95.43|1023|396|5.4|5.4|2|8
37.2|95.3|1028|396|5.4|5.4|2|8
37.3|95.25|1018|396|5.4|5.4|2|8
37.4|95.31|1018|396|5.4|5.4|2|8
37.5|95.22|1021|396|5.4|5.4|2|8
37.6|95.19|1041|396|5.4|5.4|2|8
37.7|95.15|1180|396|5.4|5.4|2|8
37.8|94.87|1064|396|5.4|5.4|2|8
37.9|94.92|1021|396|5.4|5.4|2|8
38|94.91|1067|396|5.4|5.4|2|8
38.1|94.78|1093|396|5.4|5.4|2|8
38.2|94.76|1046|396|5.4|5.4|2|8
38.3|94.68|1082|396|5.4|5.4|2|8
38.4|94.64|1673|396|5.4|5.4|2|8
38.5|94.6|1799|396|5.4|5.4|2|8
38.6|94.67|1817|396|5.4|5.4|2|8
38.7|94.87|1477|396|5.4|5.4|2|8
38.8|95.07|1028|396|5.4|5.4|2|8
38.9|95.08|1021|396|5.4|5.4|2|8
39|95.17|1021|396|5.4|5.4|2|8
39.1|95.03|1018|396|5.4|5.4|2|8
39.2|94.9|1018|396|5.4|5.4|2|8
39.3|94.92|1018|395|5.4|5.4|2|8
39.4|94.92|1018|395|5.4|5.4|2|8
39.5|94.78|1093|395|5.4|5.4|2|8
39.6|94.78|1418|396|5.4|5.4|2|8
39.7|94.7|1369|396|5.4|5.4|2|8
39.8|94.78|1665|396|5.4|5.4|2|8
39.9|94.72|1696|396|5.4|5.4|2|8
40|94.83|1340|397|5.4|5.4|2|8
40.1|95.06|1039|396|5.4|5.4|2|8
40.2|95.1|1021|396|5.4|5.4|2|8
40.3|94.92|1018|394|5.4|5.4|2|8
40.4|94.94|1018|391|5.4|5.4|2|8
40.5|94.96|1018|390|5.4|5.4|2|8
40.6|94.98|1018|390|5.4|5.4|2|8
40.7|94.75|1018|390|5.4|5.4|2|8
40.8|94.82|1018|390|5.4|5.4|2|8
40.9|94.71|1018|390|5.4|5.4|2|8
41|94.75|1399|390|5.4|5.4|2|8
41.1|94.56|1639|390|5.4|5.4|2|8
41.2|94.68|1325|392|5.4|5.4|2|8
41.3|94.72|1026|390|5.4|5.4|2|8
41.4|94.7|1021|390|5.4|5.4|2|8
41.5|94.76|1018|390|5.4|5.4|2|8
41.6|94.78|1018|390|5.4|5.4|2|8
41.7|94.6|1585|390|5.4|5.4|2|8
41.8|94.51|1567|391|5.4|5.4|2|8
41.9|94.68|1106|392|5.4|5.4|2|8
42|94.63|1023|390|5.4|5.4|2|8
42.1|94.66|1021|390|5.4|5.4|2|8
42.2|94.71|1021|390|5.4|5.4|2|8
42.3|94.66|1021|390|5.4|5.4|2|8
42.4|94.57|1126|390|5.4|5.4|2|8
42.5|94.49|1108|391|5.4|5.4|2|8
42.6|94.41|1070|390|5.4|5.4|2|8
42.7|94.39|1041|391|5.4|5.4|2|8
42.8|94.25|1080|390|5.4|5.4|2|8
42.9|94.29|1082|390|5.4|5.4|2|8
43|94.19|1111|390|5.4|5.4|2|8
43.1|94.06|1031|390|5.4|5.4|2|8
43.2|94.02|1041|390|5.4|5.4|2|8
43.3|93.97|1059|390|5.4|5.4|2|8
43.4|93.93|1193|391|5.4|5.4|2|8
43.5|93.82|1108|391|5.4|5.4|2|8
43.6|93.89|1139|392|5.4|5.4|2|8
43.7|93.64|1116|390|5.4|5.4|2|8
43.8|93.6|1023|390|5.4|5.4|2|8
43.9|93.57|1157|390|5.4|5.4|2|8
44|93.54|1170|390|5.4|5.4|2|8
44.1|93.42|1162|390|5.4|5.4|2|8
44.2|93.35|1157|390|5.4|5.4|2|8
44.3|93.21|1175|391|5.4|5.4|2|8
44.4|93.11|1034|390|5.4|5.4|2|8
44.5|93.07|1034|390|5.4|5.4|2|8
44.6|93.14|1139|391|5.4|5.4|2|8
44.7|93|1149|390|5.4|5.4|2|8
44.8|92.91|1126|391|5.4|5.4|2|8
44.9|92.88|1235|390|5.4|5.4|2|8
45|92.71|1113|390|5.4|5.4|2|8
45.1|92.67|1052|390|5.4|5.4|2|8
45.2|92.67|1121|390|5.4|5.4|2|8
45.3|92.44|1080|390|5.4|5.4|2|8
45.4|92.31|1129|390|5.4|5.4|2|8
45.5|92.33|1036|390|5.4|5.4|2|8
45.6|92.29|1162|391|5.4|5.4|2|8
45.7|92.16|1139|390|5.4|5.4|2|8
45.8|92.08|1101|390|5.4|5.4|2|8
45.9|92.01|1204|391|5.4|5.4|2|8
46|91.92|1214|390|5.4|5.4|2|8
46.1|91.8|1263|390|5.4|5.4|2|8
46.2|91.64|1180|390|5.4|5.4|2|8
46.3|91.58|1026|390|5.4|5.4|2|8
46.4|91.51|1183|390|5.4|5.4|2|8
46.5|91.47|1070|390|5.4|5.4|2|8
46.6|91.31|1134|390|5.4|5.4|2|8
46.7|91.26|1108|390|5.4|5.4|2|8
46.8|91.02|1044|390|5.4|5.4|2|8
46.9|91.05|1157|390|5.4|5.4|2|8
47|90.92|1090|390|5.4|5.4|2|8
47.1|90.79|1157|391|5.4|5.4|2|8
47.2|90.62|1041|390|5.4|5.4|2|8
47.3|90.59|1072|390|5.4|5.4|2|8
47.4|90.47|1147|390|5.4|5.4|2|8
47.5|90.37|1152|390|5.4|5.4|2|8
47.6|90.33|1168|390|5.4|5.4|2|8
47.7|90.15|1224|390|5.4|5.4|2|8
47.8|90.01|1198|390|5.4|5.4|2|8
47.9|89.9|1093|390|5.4|5.4|2|8
48|89.78|1093|390|5.4|5.4|2|8
48.1|89.74|1155|390|5.4|5.4|2|8
48.2|89.52|1196|390|5.4|5.4|2|8
48.3|89.46|1224|390|5.4|5.4|2|8
48.4|89.33|1201|390|5.4|5.4|2|8
48.5|89.21|1111|390|5.4|5.4|2|8
48.6|89.1|1124|390|5.4|5.4|2|8
48.7|88.97|1111|390|5.4|5.4|2|8
48.8|88.86|1168|390|5.4|5.4|2|8
48.9|88.74|1131|390|5.4|5.4|2|8
49|88.58|1095|390|5.4|5.4|2|8
49.1|88.43|1175|390|5.4|5.4|2|8
49.2|88.27|1144|390|5.4|5.4|2|8
49.3|88.2|1116|390|5.4|5.4|2|8
49.4|88.07|1090|390|5.4|5.4|2|8
49.5|87.89|1327|390|5.4|5.4|2|8
49.6|87.73|1170|390|5.4|5.4|2|8
49.7|87.61|1201|390|5.4|5.4|2|8
49.8|87.45|1155|390|5.4|5.4|2|8
49.9|87.34|1124|390|5.4|5.4|2|8
50|87.17|1064|390|5.4|5.4|2|8
50.1|87.05|1155|390|5.4|5.4|2|8
50.2|86.91|1168|390|5.4|5.4|2|8
50.3|86.68|1191|390|5.4|5.4|2|8
50.4|86.6|1211|390|5.4|5.4|2|8
50.5|86.46|1149|390|5.4|5.4|2|8
50.6|86.25|1124|390|5.4|5.4|2|8
50.7|86.15|1126|390|5.4|5.4|2|8
50.8|85.92|1178|390|5.4|5.4|2|8
50.9|85.76|1147|390|5.4|5.4|2|8
51|85.54|1322|391|5.4|5.4|2|8
51.1|85.45|1340|390|5.4|5.4|2|8
51.2|85.22|1196|390|5.4|5.4|2|8
51.3|85.05|1116|390|5.4|5.4|2|8
51.4|84.98|1139|390|5.4|5.4|2|8
51.5|84.76|1116|390|5.4|5.4|2|8
51.6|84.52|1229|390|5.4|5.4|2|8
51.7|84.38|1260|390|5.4|5.4|2|8
51.8|84.17|1168|390|5.4|5.4|2|8
51.9|84.09|1224|390|5.4|5.4|2|8
52|83.88|1108|390|5.4|5.4|2|8
52.1|83.64|1304|390|5.4|5.4|2|8
52.2|83.44|1294|390|5.4|5.4|2|8
52.3|83.23|1332|390|5.4|5.4|2|8
52.4|83.03|1235|390|5.4|5.4|6|8
52.5|81.28|1964|390|5.4|5.4|6|8
52.6|78.48|2005|389|5.4|5.4|6|8
52.7|75.64|44|388|5.4|5.4|7|8
52.8|73.69|0|388|5.4|5.4|7|8
52.9|72.89|0|388|5.4|5.4|7|8
53|72.51|0|388|5.4|5.4|7|8
53.1|72.42|0|388|5.4|5.4|7|8
53.2|72.28|0|388|5.4|5.4|7|8
53.3|72.32|0|388|5.4|5.4|7|8
53.4|72.16|0|388|5.4|5.4|7|8
53.5|72.22|0|388|5.4|5.4|7|8
53.6|72.2|0|388|5.4|5.4|7|8
53.7|72.27|0|388|5.4|5.4|7|8
53.8|72.31|0|388|5.4|5.4|7|8
53.9|72.24|0|388|5.4|5.4|7|8
54|72.18|0|388|5.4|5.4|7|8
54.1|72.23|0|388|5.4|5.4|7|8
54.2|72.2|0|388|5.4|5.4|7|8
54.3|72.23|0|388|5.4|5.4|7|8
54.4|72.34|0|388|5.4|5.4|7|8
54.5|72.22|0|388|5.4|5.4|7|8
54.6|72.2|0|388|5.4|5.4|7|8
54.7|72.22|0|388|5.4|5.4|7|8
54.8|72.22|0|388|5.4|5.4|7|8
54.9|72.24|0|388|5.4|5.4|7|8
55|72.28|0|388|5.4|5.4|7|8
55.1|72.23|0|388|5.4|5.4|7|8
55.2|72.22|0|388|5.4|5.4|7|8
55.3|72.18|0|388|5.4|5.4|7|8
55.4|72.23|0|388|5.4|5.4|7|8
55.5|72.26|0|388|5.4|5.4|7|8
55.6|72.22|0|388|5.4|5.4|7|8
55.7|72.18|0|388|5.4|5.4|7|8
55.8|72.22|0|388|5.4|5.4|7|8
55.9|72.22|0|388|5.4|5.4|7|8
56|72.22|0|388|5.4|5.4|7|8
56.1|72.22|0|388|5.4|5.4|7|8
56.2|72.22|0|388|5.4|5.4|7|8
56.3|72.24|0|388|5.4|5.4|7|8
56.4|72.22|0|388|5.4|5.4|7|8
56.5|72.19|0|388|5.4|5.4|7|8
56.6|72.2|0|388|5.4|5.4|7|8
56.7|72.22|0|388|5.4|5.4|7|8
56.8|72.22|0|388|5.4|5.4|7|8
56.9|72.22|0|388|5.4|5.4|7|8
57|72.22|0|388|5.4|5.4|7|8
57.1|72.22|0|388|5.4|5.4|7|8
57.2|72.23|0|388|5.4|5.4|7|8
57.3|72.26|0|388|5.4|5.4|7|8
57.4|72.2|0|388|5.4|5.4|7|8
57.5|72.19|0|388|5.4|5.4|7|8
57.6|72.19|0|388|5.4|5.4|7|8
57.7|72.19|0|388|5.4|5.4|7|8
57.8|72.23|0|388|5.4|5.4|7|8
57.9|72.23|0|388|5.4|5.4|7|8
58|72.28|0|388|5.4|5.4|7|8
58.1|72.19|0|388|5.4|5.4|7|8
58.2|72.2|0|388|5.4|5.4|7|8
58.3|72.22|0|388|5.4|5.4|7|8
58.4|72.22|0|388|5.4|5.4|7|8
58.5|72.22|0|388|5.4|5.4|7|8
58.6|72.22|0|388|5.4|5.4|7|8
58.7|72.22|0|388|5.4|5.4|7|8
58.8|72.23|0|388|5.4|5.4|7|8
58.9|72.19|0|388|5.4|5.4|7|8
59|72.19|0|388|5.4|5.4|7|8
59.1|72.2|0|388|5.4|5.4|7|8
59.2|72.2|0|388|5.4|5.4|7|8
59.3|72.24|0|388|5.4|5.4|7|8
59.4|72.2|0|388|5.4|5.4|7|8
59.5|72.2|0|388|5.4|5.4|7|8
59.6|72.22|0|388|5.4|5.4|7|8
59.7|72.22|0|388|5.4|5.4|7|8
59.8|72.22|0|388|5.4|5.4|7|8
59.9|72.19|0|388|5.4|5.4|7|8
60|72.22|0|388|5.4|5.4|7|8
60.1|72.22|0|388|5.4|5.4|7|8
60.2|72.23|0|388|5.4|5.4|7|8
60.3|72.2|0|388|5.4|5.4|7|8
60.4|72.22|0|388|5.4|5.4|7|8
60.5|72.2|0|388|5.4|5.4|7|8
60.6|72.22|0|388|5.4|5.4|7|8
60.7|72.2|0|388|5.4|5.4|7|8
60.8|72.2|0|388|5.4|5.4|7|8
60.9|72.22|0|388|5.4|5.4|7|8
61|72.2|0|388|5.4|5.4|7|8
61.1|72.2|0|388|5.4|5.4|7|8
61.2|72.2|0|388|5.4|5.4|7|8
61.3|72.2|0|388|5.4|5.4|7|8
61.4|72.2|0|388|5.4|5.4|7|8
61.5|72.2|0|388|5.4|5.4|7|8
61.6|72.2|0|388|5.4|5.4|7|8
61.7|72.2|0|388|5.4|5.4|7|8
61.8|72.2|0|388|5.4|5.4|7|8
61.9|72.2|0|388|5.4|5.4|7|8
62|72.2|0|388|5.4|5.4|7|8
62.1|72.2|0|388|5.4|5.4|7|8
62.2|72.2|0|388|5.4|5.4|7|8
62.3|72.2|0|388|5.4|5.4|7|8
62.4|72.18|0|388|5.4|5.4|7|8
62.5|72.19|0|388|5.4|5.4|7|8
62.6|72.22|0|388|5.4|5.4|7|8
62.7|72.22|0|388|5.4|5.4|7|8
62.8|72.19|0|388|5.4|5.4|7|8
62.9|72.19|0|388|5.4|5.4|7|8
63|72.2|0|388|5.4|5.4|7|8
63.1|72.2|0|388|5.4|5.4|7|8
63.2|72.2|0|388|5.4|5.4|7|8
63.3|72.19|0|392|5.4|5.4|7|8
63.4|72.2|0|396|5.4|5.4|7|8
63.5|72.2|0|398|5.4|5.4|7|8
63.6|72.2|0|398|5.4|5.4|7|8
63.7|72.2|0|398|5.4|5.4|7|8
63.8|72.2|0|398|5.4|5.4|7|8
63.9|72.2|0|398|5.4|5.4|7|8
64|72.2|0|398|5.4|5.4|7|8
64.1|72.2|0|398|5.4|5.4|7|8
64.2|72.2|0|398|5.4|5.4|7|8
64.3|72.2|0|398|5.4|5.4|7|8
64.4|72.19|0|398|5.4|5.4|7|8
64.5|72.19|0|398|5.4|5.4|7|8
64.6|72.19|0|398|5.4|5.4|7|8
64.7|72.19|0|398|5.4|5.4|7|8
64.8|72.19|0|399|5.4|5.4|7|8
64.9|72.2|0|398|5.4|5.4|7|8
65|72.19|0|398|5.4|5.4|7|8
65.1|72.19|0|398|5.4|5.4|7|8
65.2|72.19|0|398|5.4|5.4|7|8
65.3|72.19|0|398|5.4|5.4|7|8
65.4|72.19|0|398|5.4|5.4|7|8
65.5|72.19|0|398|5.4|5.4|7|8
65.6|72.19|0|398|5.4|5.4|7|8
65.7|72.19|0|398|5.4|5.4|8|8
65.8|72.12|0|398|5.4|5.4|8|8
65.9|72.08|0|398|5.4|5.4|8|8
66|72.11|0|399|5.4|5.4|8|8
66.1|72.07|0|399|5.4|5.4|8|8
66.2|72.18|0|399|5.4|5.4|8|8
66.3|72.15|0|399|5.4|5.4|8|8
66.4|72.15|0|399|5.4|5.4|8|8
66.5|72.15|0|399|5.4|5.4|8|8
66.6|72.15|0|399|5.4|5.4|8|8
66.7|72.15|0|399|5.3|5.3|8|8
66.8|72.15|0|399|5.3|5.3|8|8
66.9|72.15|0|399|5.3|5.3|8|8
67|72.15|0|399|5.3|5.3|8|8
67.1|72.15|0|399|5.3|5.3|8|8
67.2|72.15|0|399|5.3|5.3|8|8
67.3|72.16|0|399|5.3|5.3|8|8
67.4|72.15|0|399|5.3|5.3|8|8
67.5|72.15|0|399|5.3|5.3|8|8
67.6|72.15|0|399|5.3|5.3|8|8
67.7|73.24|0|399|5.3|5.3|8|8
67.8|76.27|0|399|5.3|5.3|8|8
67.9|79.29|0|399|5.3|5.3|8|8
68|82.3|0|399|5.3|5.2|8|8
68.1|85.33|0|399|5.2|5.2|8|8
68.2|88.24|0|399|5.2|5.2|8|8
68.3|91.25|0|400|5.2|5.2|8|8
68.4|93.96|0|400|5.2|5.2|8|8
68.5|95.22|0|400|5.2|5.2|8|8
