0|96.05|1268|402|4.9|4.9|1|8
0.1|96.12|1575|405|4.9|4.9|1|8
0.2|96.1|1598|408|4.9|4.9|1|8
0.3|96.14|1616|408|4.9|4.9|1|8
0.4|96.08|1624|408|4.9|4.9|1|8
0.5|96.12|1626|408|4.9|4.9|3|8
0.6|96.13|1642|408|4.9|4.9|3|8
0.7|96.05|1639|408|4.9|4.9|3|8
0.8|96.08|1642|408|4.9|4.9|3|8
0.9|96.06|1647|408|4.9|4.9|3|8
1|96.04|1660|408|4.9|4.9|3|8
1.1|96.02|1652|408|4.9|4.9|3|8
1.2|96.02|1649|408|4.9|4.9|3|8
1.3|96.04|1655|408|4.9|4.9|3|8
1.4|96.08|1668|408|4.9|4.9|3|8
1.5|96.02|1675|408|4.9|4.9|3|8
1.6|96.01|1662|408|4.9|4.9|3|8
1.7|96.02|1642|408|4.9|4.9|3|8
1.8|96.02|1606|408|4.9|4.9|3|8
1.9|96.02|1575|408|4.9|4.9|3|8
2|96.04|1544|408|4.9|4.9|3|8
2.1|96.02|1168|407|4.9|4.9|2|8
2.2|95.8|1340|406|4.9|4.9|2|8
2.3|95.45|1523|406|4.9|4.9|2|8
2.4|95.17|1719|408|4.9|4.9|3|8
2.5|94.92|1729|408|4.9|4.9|3|8
2.6|94.83|1735|408|4.9|4.9|3|8
2.7|94.83|1737|408|4.9|4.9|3|8
2.8|94.8|1740|409|4.9|4.9|3|8
2.9|94.78|1742|409|4.9|4.9|3|8
3|94.76|1745|409|4.9|4.9|3|8
3.1|94.75|1745|409|4.9|4.9|3|8
3.2|94.78|1747|409|4.9|4.9|3|8
3.3|94.79|1750|409|4.9|4.9|3|8
3.4|94.79|1750|408|4.9|4.9|3|8
3.5|94.8|1750|408|4.9|4.9|3|8
3.6|94.78|1753|408|4.9|4.9|3|8
3.7|94.78|1753|408|4.9|4.9|3|8
3.8|94.79|1755|408|4.9|4.9|3|8
3.9|94.76|1755|408|5|5|3|8
4|94.78|1755|409|5|5|3|8
4.1|94.78|1755|409|5|5|3|8
4.2|94.8|1753|408|5|5|3|8
4.3|94.78|1755|408|5|5|3|8
4.4|94.8|1758|408|5|5|4|8
4.5|95.07|1755|409|5|5|4|8
4.6|95.42|1742|409|5|5|4|8
4.7|96.04|1129|408|5|5|5|8
4.8|96.25|1075|407|5|5|5|8
4.9|96.36|1070|405|5|5|5|8
5|96.48|1067|405|5|5|5|8
5.1|96.49|1067|405|5|5|5|8
5.2|96.49|1064|405|5|5|5|8
5.3|96.48|1064|405|5|5|5|8
5.4|96.49|1062|405|5|5|5|8
5.5|96.49|1062|405|5|5|5|8
5.6|96.49|1062|405|5|5|5|8
5.7|96.49|1062|405|5|5|5|8
5.8|96.49|1062|405|5|5|5|8
5.9|96.49|1059|405|5|5|5|8
6|96.48|1059|405|5|5|5|8
6.1|96.51|1059|405|5|5|5|8
6.2|96.51|1057|405|5|5|5|8
6.3|96.49|1057|405|5|5|5|8
6.4|96.49|1057|405|5|5|5|8
6.5|96.48|1057|406|5|5|5|8
6.6|96.51|1057|405|5|5|5|8
6.7|96.51|1057|406|5|5|2|8
6.8|96.39|1057|405|5|5|2|8
6.9|96.05|1054|405|5|5|2|8
7|95.63|1082|405|5|5|2|8
7.1|95.21|1647|407|5|5|3|8
7.2|94.91|1711|408|5|5|3|8
7.3|94.78|1727|409|5|5|3|8
7.4|94.74|1735|409|5|5|3|8
7.5|94.75|1737|409|5|5|3|8
7.6|94.64|1740|409|5|5|3|8
7.7|94.59|1742|409|5|5|3|8
7.8|94.67|1742|409|5|5|3|8
7.9|94.63|1745|409|5|5|3|8
8|94.63|1745|409|5|5|3|8
8.1|94.67|1745|409|5|5|3|8
8.2|94.63|1747|409|5|5|3|8
8.3|94.66|1747|410|5|5|3|8
8.4|94.63|1747|410|5|5|3|8
8.5|94.63|1750|410|5|5|3|8
8.6|94.64|1750|410|5|5|3|8
8.7|94.64|1753|410|5|5|3|8
8.8|94.66|1753|410|5|5|3|8
8.9|94.63|1755|410|5|5|3|8
9|94.59|1755|409|5|5|3|8
9.1|94.64|1755|409|5|5|4|8
9.2|94.71|1755|409|5|5|4|8
9.3|95.04|1742|409|5.1|5.1|4|8
9.4|95.55|1549|409|5.1|5.1|4|8
9.5|96.02|1077|408|5.1|5.1|5|8
9.6|96.09|1070|407|5.1|5.1|5|8
9.7|96.17|1067|407|5.1|5.1|5|8
9.8|96.25|1064|407|5.1|5.1|5|8
9.9|96.29|1062|407|5.1|5.1|5|8
10|96.29|1062|407|5.1|5.1|5|8
10.1|96.29|1062|407|5.1|5.1|5|8
10.2|96.29|1062|407|5.1|5.1|5|8
10.3|96.35|1059|407|5.1|5.1|5|8
10.4|96.28|1059|407|5.1|5.1|5|8
10.5|96.27|1059|407|5.1|5.1|5|8
10.6|96.28|1059|407|5.1|5.1|5|8
10.7|96.31|1064|401|5.1|5.1|5|8
10.8|96.29|1067|398|5.1|5.1|5|8
10.9|96.28|1062|396|5.1|5.1|5|8
11|96.32|1064|396|5.1|5.1|5|8
11.1|96.36|1064|396|5.1|5.1|5|8
11.2|96.28|1064|396|5.1|5.1|5|8
11.3|96.27|1064|396|5.1|5.1|5|8
11.4|96.29|1064|396|5.1|5.1|5|8
11.5|96.31|1064|396|5.1|5.1|2|8
11.6|96.08|1064|396|5.1|5.1|2|8
11.7|95.66|1064|396|5.1|5.1|2|8
11.8|95.21|1518|396|5.1|5.1|2|8
11.9|94.84|1711|397|5.1|5.1|3|8
12|94.76|1740|398|5.1|5.1|3|8
12.1|94.6|1747|398|5.1|5.1|3|8
12.2|94.53|1753|398|5.1|5.1|3|8
12.3|94.49|1755|398|5.1|5.1|3|8
12.4|94.51|1760|398|5.1|5.1|3|8
12.5|94.49|1760|398|5.1|5.1|3|8
12.6|94.49|1765|398|5.1|5.1|3|8
12.7|94.49|1768|398|5.1|5.1|3|8
12.8|94.49|1765|398|5.1|5.1|3|8
12.9|94.49|1771|398|5.1|5.1|3|8
13|94.49|1773|398|5.1|5.1|3|8
13.1|94.48|1773|398|5.1|5.1|3|8
13.2|94.51|1776|398|5.1|5.1|3|8
13.3|94.51|1776|398|5.1|5.1|3|8
13.4|94.53|1778|398|5.1|5.1|3|8
13.5|94.52|1776|398|5.1|5.1|3|8
13.6|94.47|1778|398|5.1|5.1|3|8
13.7|94.47|1781|398|5.1|5.1|3|8
13.8|94.48|1778|398|5.1|5.1|3|8
13.9|94.49|1778|398|5.1|5.1|4|8
14|94.72|1773|398|5.1|5.1|4|8
14.1|95.12|1753|398|5.1|5.1|4|8
14.2|95.7|1247|398|5.1|5.1|5|8
14.3|96.13|1077|396|5.1|5.1|5|8
14.4|96.16|1072|396|5.1|5.1|5|8
14.5|96.2|1070|396|5.1|5.1|5|8
14.6|96.24|1070|396|5.1|5.1|5|8
14.7|96.29|1070|396|5.1|5.1|5|8
14.8|96.31|1070|396|5.1|5.1|5|8
14.9|96.33|1067|396|5.1|5.1|5|8
15|96.25|1064|396|5.1|5.1|5|8
15.1|96.27|1064|396|5.1|5.1|5|8
15.2|96.29|1064|396|5.1|5.1|5|8
15.3|96.32|1064|396|5.1|5.1|5|8
15.4|96.29|1064|396|5.1|5.1|5|8
15.5|96.27|1064|396|5.1|5.1|5|8
15.6|96.27|1062|396|5.1|5.1|5|8
15.7|96.28|1062|396|5.1|5.1|5|8
15.8|96.29|1062|396|5.1|5.1|5|8
15.9|96.28|1062|396|5.1|5.1|5|8
16|96.29|1062|396|5.1|5.1|5|8
16.1|96.31|1062|396|5.1|5.1|5|8
16.2|96.33|1062|396|5.1|5.1|2|8
16.3|96.24|1062|396|5.1|5.1|2|8
16.4|95.89|1062|396|5.1|5.1|2|8
16.5|95.5|1064|396|5.1|5.1|2|8
16.6|95.07|1580|396|5.1|5.1|3|8
16.7|94.78|1711|396|5.1|5.1|3|8
16.8|94.6|1729|394|5.1|5.1|3|8
16.9|94.52|1740|394|5.1|5.1|3|8
17|94.45|1747|394|5.1|5.1|3|8
17.1|94.43|1750|394|5.1|5.1|3|8
17.2|94.41|1755|394|5.1|5.1|3|8
17.3|94.4|1760|395|5.1|5.1|3|8
17.4|94.43|1768|396|5.1|5.1|3|8
17.5|94.41|1771|396|5.1|5.1|3|8
17.6|94.4|1778|396|5.1|5.1|3|8
17.7|94.41|1781|396|5.1|5.1|3|8
17.8|94.4|1786|397|5.1|5.1|3|8
17.9|94.35|1786|397|5.1|5.1|3|8
18|94.39|1786|398|5.1|5.1|3|8
18.1|94.4|1789|397|5.1|5.1|3|8
18.2|94.41|1789|398|5.1|5.1|3|8
18.3|94.39|1789|398|5.1|5.1|3|8
18.4|94.39|1789|398|5.1|5.1|3|8
18.5|94.39|1789|398|5.1|5.1|3|8
18.6|94.39|1789|398|5.1|5.1|4|8
18.7|94.39|1789|398|5.1|5.1|4|8
18.8|94.67|1784|398|5.1|5.1|4|8
18.9|95.08|1758|398|5.1|5.1|4|8
19|95.66|1348|398|5.1|5.1|5|8
19.1|96.12|1077|396|5.1|5.1|5|8
19.2|96.14|1072|396|5.1|5.1|5|8
19.3|96.19|1070|396|5.1|5.1|5|8
19.4|96.24|1070|395|5.1|5.1|5|8
19.5|96.28|1067|395|5.1|5.1|5|8
19.6|96.31|1067|395|5.1|5.1|5|8
19.7|96.33|1064|395|5.1|5.1|5|8
19.8|96.25|1064|395|5.1|5.1|5|8
19.9|96.27|1062|395|5.1|5.1|5|8
20|96.31|1062|395|5.1|5.1|5|8
20.1|96.33|1062|395|5.1|5.1|5|8
20.2|96.27|1059|394|5.1|5.1|5|8
20.3|96.25|1059|394|5.1|5.1|5|8
20.4|96.29|1062|395|5.1|5.1|5|8
20.5|96.31|1062|395|5.1|5.1|5|8
20.6|96.33|1062|395|5.1|5.1|5|8
20.7|96.27|1064|393|5.1|5.1|5|8
20.8|96.25|1067|392|5.1|5.1|5|8
20.9|96.29|1067|390|5.1|5.1|5|8
21|96.31|1067|390|5.1|5.1|2|8
21.1|96.27|1067|390|5.1|5.1|2|8
21.2|95.94|1064|390|5.1|5.1|2|8
21.3|95.54|1064|390|5.1|5.1|2|8
21.4|95.1|1374|390|5.1|5.1|2|8
21.5|94.72|1724|391|5.1|5.1|3|8
21.6|94.49|1771|391|5.1|5.1|3|8
21.7|94.41|1784|391|5.1|5.1|3|8
21.8|94.45|1791|391|5.1|5.1|3|8
21.9|94.36|1799|391|5.1|5.1|3|8
22|94.31|1802|391|5.1|5.1|3|8
22.1|94.31|1804|391|5.1|5.1|3|8
22.2|94.28|1807|391|5.1|5.1|3|8
22.3|94.25|1809|390|5.1|5.1|3|8
22.4|94.29|1812|391|5.1|5.1|3|8
22.5|94.27|1812|391|5.1|5.1|3|8
22.6|94.27|1812|391|5.1|5.1|3|8
22.7|94.28|1814|391|5.1|5.1|3|8
22.8|94.27|1812|391|5.1|5.1|3|8
22.9|94.28|1812|391|5.1|5.1|3|8
23|94.28|1812|391|5.1|5.1|3|8
23.1|94.31|1809|390|5.1|5.1|3|8
23.2|94.29|1812|391|5.1|5.1|3|8
23.3|94.28|1812|392|5.1|5.1|3|8
23.4|94.29|1814|391|5.1|5.1|3|8
23.5|94.32|1814|392|5.1|5.1|4|8
23.6|94.47|1812|392|5.1|5.1|4|8
23.7|94.83|1786|392|5.1|5.1|4|8
23.8|95.34|1755|392|5.1|5.1|4|8
23.9|95.9|1160|392|5.1|5.1|5|8
24|96.16|1085|392|5.1|5.1|5|8
24.1|96.29|1080|392|5.1|5.1|5|8
24.2|96.36|1077|391|5.1|5.1|5|8
24.3|96.37|1077|391|5.1|5.1|5|8
24.4|96.39|1075|392|5.1|5.1|5|8
24.5|96.37|1075|392|5.1|5.1|5|8
24.6|96.36|1075|392|5.1|5.1|5|8
24.7|96.31|1072|392|5.1|5.1|5|8
24.8|96.39|1070|392|5.1|5.1|5|8
24.9|96.39|1070|391|5.1|5.1|5|8
25|96.39|1070|392|5.1|5.1|5|8
25.1|96.39|1070|392|5.1|5.1|5|8
25.2|96.39|1070|392|5.1|5.1|5|8
25.3|96.4|1070|391|5.1|5.1|5|8
25.4|96.4|1070|392|5.1|5.1|5|8
25.5|96.37|1070|392|5.1|5.1|5|8
25.6|96.37|1067|391|5.1|5.1|5|8
25.7|96.37|1067|391|5.1|5.1|5|8
25.8|96.39|1067|392|5.1|5.1|5|8
25.9|96.37|1070|391|5.1|5.1|2|8
26|96.33|1067|391|5.1|5.1|2|8
26.1|95.94|1067|392|5.1|5.1|2|8
26.2|95.5|1082|392|5.1|5.1|2|8
26.3|95.04|1371|392|5.1|5.1|2|8
26.4|94.64|1732|392|5.1|5.1|3|8
26.5|94.43|1781|392|5.1|5.1|3|8
26.6|94.39|1796|392|5.1|5.1|3|8
26.7|94.28|1804|392|5.1|5.1|3|8
26.8|94.27|1809|392|5.1|5.1|3|8
26.9|94.23|1814|392|5.1|5.1|3|8
27|94.15|1817|392|5.1|5.1|3|8
27.1|94.16|1820|392|5.1|5.1|3|8
27.2|94.16|1822|392|5.1|5.1|3|8
27.3|94.17|1825|392|5.1|5.1|3|8
27.4|94.17|1825|392|5.1|5.1|3|8
27.5|94.19|1825|392|5.1|5.1|3|8
27.6|94.17|1827|392|5.1|5.1|3|8
27.7|94.19|1827|392|5.1|5.1|3|8
27.8|94.17|1827|392|5.1|5.1|3|8
27.9|94.17|1825|392|5.1|5.1|3|8
28|94.19|1827|392|5.1|5.1|3|8
28.1|94.16|1825|392|5.1|5.1|3|8
28.2|94.2|1827|392|5.1|5.1|3|8
28.3|94.23|1825|392|5.1|5.1|3|8
28.4|94.17|1827|392|5.1|5.1|4|8
28.5|94.35|1827|392|5.1|5.1|4|8
28.6|94.66|1804|392|5.1|5.1|4|8
28.7|95.21|1758|392|5.1|5.1|4|8
28.8|95.76|1116|392|5.1|5.1|5|8
28.9|96.08|1082|392|5.1|5.1|5|8
29|96.16|1082|392|5.1|5.1|5|8
29.1|96.16|1080|392|5.1|5.1|5|8
29.2|96.08|1077|392|5.1|5.1|5|8
29.3|96.17|1077|392|5.1|5.1|5|8
29.4|96.19|1075|392|5.1|5.1|5|8
29.5|96.17|1077|392|5.1|5.1|5|8
29.6|96.17|1075|392|5.1|5.1|5|8
29.7|96.16|1072|392|5.1|5.1|5|8
29.8|96.17|1072|392|5.1|5.1|5|8
29.9|96.19|1072|392|5.1|5.1|5|8
30|96.17|1072|392|5.1|5.1|5|8
30.1|96.14|1070|392|5.1|5.1|5|8
30.2|96.21|1070|392|5.1|5.1|5|8
30.3|96.2|1070|392|5.1|5.1|5|8
30.4|96.23|1070|392|5.1|5.1|5|8
30.5|96.23|1070|392|5.1|5.1|5|8
30.6|96.19|1070|392|5.1|5.1|5|8
30.7|96.17|1070|392|5.1|5.1|5|8
30.8|96.16|1067|392|5.1|5.1|2|8
30.9|96.12|1067|392|5.1|5.1|2|8
31|95.73|1070|392|5.1|5.1|2|8
31.1|95.26|1142|392|5.1|5.1|2|8
31.2|94.8|1410|392|5.1|5.1|2|8
31.3|94.43|1750|392|5.1|5.1|3|8
31.4|94.29|1789|392|5.1|5.1|3|8
31.5|94.1|1804|392|5.1|5.1|3|8
31.6|94.08|1809|392|5.1|5.1|3|8
31.7|94.04|1814|392|5.1|5.1|3|8
31.8|94|1820|392|5.1|5.1|3|8
31.9|94.05|1822|392|5.1|5.1|3|8
32|94.04|1827|392|5.1|5.1|3|8
32.1|94.01|1830|392|5.1|5.1|3|8
32.2|94.01|1832|392|5.1|5.1|3|8
32.3|94.04|1832|392|5.1|5.1|3|8
32.4|94.02|1832|392|5.1|5.1|3|8
32.5|94.02|1832|392|5.1|5.1|3|8
32.6|94.04|1835|392|5.1|5.1|3|8
32.7|94.02|1835|392|5.1|5.1|3|8
32.8|94.04|1835|392|5.1|5.1|3|8
32.9|94.02|1835|392|5.1|5.1|3|8
33|94.02|1835|392|5.1|5.1|3|8
33.1|94.02|1835|392|5.1|5.1|3|8
33.2|94.02|1835|392|5.1|5.1|3|8
33.3|94.05|1835|392|5.1|5.1|4|8
33.4|94.33|1832|392|5.1|5.1|4|8
33.5|94.63|1802|392|5.1|5.1|4|8
33.6|95.21|1443|392|5.1|5.1|4|8
33.7|95.62|1090|392|5.1|5.1|5|8
33.8|95.74|1082|392|5.1|5.1|5|8
33.9|95.78|1077|392|5.1|5.1|5|8
34|95.86|1077|392|5.1|5.1|5|8
34.1|95.82|1075|392|5.1|5.1|5|8
34.2|95.89|1075|392|5.1|5.1|5|8
34.3|95.89|1072|392|5.1|5.1|5|8
34.4|95.9|1072|392|5.1|5.1|5|8
34.5|95.9|1070|392|5.1|5.1|5|8
34.6|95.88|1070|392|5.1|5.1|5|8
34.7|95.9|1070|392|5.1|5.1|5|8
34.8|95.9|1067|392|5.1|5.1|5|8
34.9|95.92|1067|392|5.1|5.1|5|8
35|95.9|1067|392|5.1|5.1|5|8
35.1|95.9|1067|392|5.1|5.1|5|8
35.2|95.93|1067|392|5.1|5.1|5|8
35.3|95.9|1067|392|5.1|5.1|5|8
35.4|95.89|1067|392|5.1|5.1|5|8
35.5|95.89|1067|392|5.1|5.1|5|8
35.6|95.86|1067|392|5.1|5.1|5|8
35.7|95.88|1067|392|5.1|5.1|2|8
35.8|95.59|1067|392|5.1|5.1|2|8
35.9|95.21|1067|392|5.1|5.1|2|8
36|94.78|1438|392|5.1|5.1|2|8
36.1|94.41|1737|392|5.1|5.1|3|8
36.2|94.2|1791|392|5.1|5.1|3|8
36.3|94.08|1807|392|5.1|5.1|3|8
36.4|93.97|1812|392|5.1|5.1|3|8
36.5|93.94|1817|392|5.1|5.1|3|8
36.6|93.9|1820|392|5.1|5.1|3|8
36.7|93.98|1825|392|5.1|5.1|3|8
36.8|93.97|1827|392|5.1|5.1|3|8
36.9|93.97|1830|392|5.1|5.1|3|8
37|94|1830|392|5.1|5.1|3|8
37.1|93.96|1832|392|5.1|5.1|3|8
37.2|93.98|1832|392|5.1|5.1|3|8
37.3|93.98|1835|392|5.1|5.1|3|8
37.4|93.97|1835|392|5.1|5.1|3|8
37.5|93.97|1835|392|5.1|5.1|3|8
37.6|93.97|1838|392|5.1|5.1|3|8
37.7|94|1838|392|5.1|5.1|3|8
37.8|93.98|1840|392|5.1|5.1|3|8
37.9|93.98|1840|392|5.1|5.1|3|8
38|93.97|1840|392|5.1|5.1|3|8
38.1|94.04|1843|392|5.1|5.1|4|8
38.2|94.28|1840|392|5.1|5.1|4|8
38.3|94.61|1809|392|5.1|5.1|4|8
38.4|95.15|1351|392|5.1|5.1|5|8
38.5|95.39|1088|392|5.1|5.1|2|8
38.6|95.43|1080|392|5.1|5.1|2|8
38.7|95.5|1075|392|5.1|5.1|2|8
38.8|95.41|1072|392|5.1|5.1|2|8
38.9|95.34|1072|392|5.1|5.1|2|8
39|95.34|1072|392|5.1|5.1|2|8
39.1|95.27|1070|392|5.1|5.1|2|8
39.2|95.15|1067|392|5.1|5.1|2|8
39.3|95.17|1067|392|5.1|5.1|2|8
39.4|95.11|1067|392|5.1|5.1|2|8
39.5|95|1080|392|5.1|5.1|2|8
39.6|94.98|1070|392|5.1|5.1|2|8
39.7|94.82|1157|392|5.1|5.1|2|8
39.8|94.83|1111|392|5.1|5.1|2|8
39.9|94.79|1131|392|5.1|5.1|2|8
40|94.76|1085|392|5.1|5.1|2|8
40.1|94.6|1209|392|5.1|5.1|2|8
40.2|94.55|1147|392|5.1|5.1|2|8
40.3|94.51|1242|392|5.1|5.1|2|8
40.4|94.44|1580|392|5.1|5.1|2|8
40.5|94.4|1683|392|5.1|5.1|2|8
40.6|94.52|1698|392|5.1|5.1|2|8
40.7|94.68|1245|392|5.1|5.1|2|8
40.8|94.83|1075|392|5.1|5.1|2|8
40.9|94.82|1070|392|5.1|5.1|2|8
41|94.88|1070|392|5.1|5.1|2|8
41.1|94.91|1067|392|5.1|5.1|2|8
41.2|94.79|1067|392|5.1|5.1|2|8
41.3|94.78|1064|392|5.1|5.1|2|8
41.4|94.61|1157|392|5.1|5.1|2|8
41.5|94.6|1067|392|5.1|5.1|2|8
41.6|94.53|1119|392|5.1|5.1|2|8
41.7|94.47|1214|392|5.1|5.1|2|8
41.8|94.41|1564|392|5.1|5.1|2|8
41.9|94.39|1693|392|5.1|5.1|2|8
42|94.49|1670|392|5.1|5.1|2|8
42.1|94.67|1170|392|5.1|5.1|2|8
42.2|94.75|1075|392|5.1|5.1|2|8
42.3|94.84|1072|392|5.1|5.1|2|8
42.4|94.8|1070|392|5.1|5.1|2|8
42.5|94.79|1067|392|5.1|5.1|2|8
42.6|94.78|1067|392|5.1|5.1|2|8
42.7|94.63|1067|392|5.1|5.1|2|8
42.8|94.61|1139|392|5.1|5.1|2|8
42.9|94.53|1101|392|5.1|5.1|2|8
43|94.47|1242|392|5.1|5.1|2|8
43.1|94.4|1405|392|5.1|5.1|2|8
43.2|94.39|1665|392|5.1|5.1|2|8
43.3|94.39|1680|392|5.1|5.1|2|8
43.4|94.55|1655|392|5.1|5.1|2|8
43.5|94.72|1307|392|5.1|5.1|2|8
43.6|94.92|1075|392|5.1|5.1|2|8
43.7|94.96|1070|392|5.1|5.1|2|8
43.8|94.91|1067|392|5.1|5.1|2|8
43.9|94.82|1067|392|5.1|5.1|2|8
44|94.91|1067|392|5.1|5.1|2|8
44.1|94.79|1064|392|5.1|5.1|2|8
44.2|94.75|1064|392|5.1|5.1|2|8
44.3|94.68|1077|392|5.1|5.1|2|8
44.4|94.61|1072|392|5.1|5.1|2|8
44.5|94.52|1085|392|5.1|5.1|2|8
44.6|94.45|1147|392|5.1|5.1|2|8
44.7|94.43|1286|392|5.1|5.1|2|8
44.8|94.45|1446|392|5.1|5.1|2|8
44.9|94.31|1446|392|5.1|5.1|2|8
45|94.23|1085|392|5.1|5.1|2|8
45.1|94.29|1064|392|5.1|5.1|2|8
45.2|94.29|1211|392|5.1|5.1|2|8
45.3|94.17|1320|392|5.1|5.1|2|8
45.4|94.01|1232|392|5.1|5.1|2|8
45.5|94.01|1067|392|5.1|5.1|2|8
45.6|93.97|1294|392|5.1|5.1|2|8
45.7|93.98|1253|392|5.1|5.1|2|8
45.8|93.9|1356|392|5.1|5.1|2|8
45.9|93.82|1224|392|5.1|5.1|2|8
46|93.74|1314|392|5.1|5.1|2|8
46.1|93.68|1325|392|5.1|5.1|2|8
46.2|93.57|1312|392|5.1|5.1|2|8
46.3|93.58|1263|392|5.1|5.1|2|8
46.4|93.42|1227|392|5.1|5.1|2|8
46.5|93.41|1216|392|5.1|5.1|2|8
46.6|93.3|1209|392|5.1|5.1|2|8
46.7|93.17|1108|392|5.1|5.1|2|8
46.8|93.13|1067|392|5.1|5.1|2|8
46.9|93.15|1229|392|5.1|5.1|2|8
47|93.02|1188|392|5.1|5.1|2|8
47.1|92.99|1165|392|5.1|5.1|2|8
47.2|92.87|1242|392|5.1|5.1|2|8
47.3|92.76|1142|392|5.1|5.1|2|8
47.4|92.72|1206|392|5.1|5.1|2|8
47.5|92.68|1144|392|5.1|5.1|2|8
47.6|92.64|1160|392|5.1|5.1|2|8
47.7|92.49|1206|392|5.1|5.1|2|8
47.8|92.4|1198|392|5.1|5.1|2|8
47.9|92.39|1278|392|5.1|5.1|2|8
48|92.19|1134|392|5.1|5.1|2|8
48.1|92.13|1111|392|5.1|5.1|2|8
48.2|92.04|1206|392|5.1|5.1|2|8
48.3|92|1121|392|5.1|5.1|2|8
48.4|91.94|1168|392|5.1|5.1|2|8
48.5|91.85|1170|392|5.1|5.1|2|8
48.6|91.76|1116|392|5.1|5.1|2|8
48.7|91.62|1160|392|5.1|5.1|2|8
48.8|91.47|1245|392|5.1|5.1|2|8
48.9|91.47|1137|392|5.1|5.1|2|8
49|91.41|1229|392|5.1|5.1|2|8
49.1|91.26|1232|392|5.1|5.1|2|8
49.2|91.18|1335|392|5.1|5.1|2|8
49.3|91.06|1191|392|5.1|5.1|2|8
49.4|90.98|1144|392|5.1|5.1|2|8
49.5|90.82|1247|392|5.1|5.1|2|8
49.6|90.74|1165|392|5.1|5.1|2|8
49.7|90.66|1106|392|5.1|5.1|2|8
49.8|90.59|1173|392|5.1|5.1|2|8
49.9|90.47|1198|392|5.1|5.1|2|8
50|90.35|1219|393|5.1|5.1|2|8
50.1|90.24|1201|393|5.1|5.1|2|8
50.2|90.15|1284|392|5.1|5.1|2|8
50.3|89.96|1162|392|5.1|5.1|2|8
50.4|89.9|1142|393|5.1|5.1|2|8
50.5|89.73|1173|393|5.1|5.1|2|8
50.6|89.72|1219|392|5.1|5.1|2|8
50.7|89.54|1343|393|5.1|5.1|2|8
50.8|89.43|1180|392|5.1|5.1|2|8
50.9|89.31|1322|392|5.1|5.1|2|8
51|89.19|1144|392|5.1|5.1|2|8
51.1|89.03|1170|392|5.1|5.1|2|8
51.2|88.97|1103|393|5.1|5.1|2|8
51.3|88.86|1134|392|5.1|5.1|2|8
51.4|88.76|1281|392|5.1|5.1|2|8
51.5|88.56|1263|393|5.1|5.1|2|8
51.6|88.47|1296|393|5.1|5.1|2|8
51.7|88.31|1309|394|5.1|5.1|2|8
51.8|88.23|1284|393|5.1|5.1|2|8
51.9|88.07|1379|394|5.1|5.1|2|8
52|87.9|1294|394|5.1|5.1|2|8
52.1|87.76|1193|393|5.1|5.1|2|8
52.2|87.64|1216|392|5.1|5.1|2|8
52.3|87.48|1219|392|5.1|5.1|2|8
52.4|87.3|1188|393|5.1|5.1|2|8
52.5|87.17|1216|393|5.1|5.1|2|8
52.6|87.05|1309|393|5.1|5.1|2|8
52.7|86.93|1235|394|5.1|5.1|2|8
52.8|86.75|1320|393|5.1|5.1|2|8
52.9|86.59|1250|392|5.1|5.1|2|8
53|86.46|1381|393|5.1|5.1|2|8
53.1|86.27|1340|393|5.1|5.1|2|8
53.2|86.13|1335|392|5.1|5.1|2|8
53.3|85.95|1250|392|5.1|5.1|2|8
53.4|85.84|1191|392|5.1|5.1|2|8
53.5|85.61|1211|392|5.1|5.1|2|8
53.6|85.45|1193|392|5.1|5.1|2|8
53.7|85.25|1281|392|5.1|5.1|2|8
53.8|85.18|1253|392|5.1|5.1|2|8
53.9|84.98|1242|392|5.1|5.1|2|8
54|84.8|1309|392|5.1|5.1|2|8
54.1|84.6|1307|392|5.1|5.1|2|8
54.2|84.4|1268|392|5.1|5.1|2|8
54.3|84.27|1232|392|5.1|5.1|2|8
54.4|84.11|1260|392|5.1|5.1|2|8
54.5|83.87|1268|392|5.1|5.1|2|8
54.6|83.65|1209|392|5.1|5.1|2|8
54.7|83.53|1180|392|5.1|5.1|2|8
54.8|83.3|1222|392|5.1|5.1|2|8
54.9|83.13|1320|392|5.1|5.1|2|8
55|82.83|1503|392|5.1|5.1|6|8
55.1|80.99|1876|392|5.1|5.1|6|8
55.2|78.2|1745|392|5.1|5.1|6|8
55.3|75.41|0|392|5.1|5.1|7|8
55.4|73.64|0|392|5.1|5.1|7|8
55.5|72.85|0|392|5.1|5.1|7|8
55.6|72.46|0|392|5.1|5.1|7|8
55.7|72.35|0|392|5.1|5.1|7|8
55.8|72.24|0|392|5.1|5.1|7|8
55.9|72.19|0|392|5.1|5.1|7|8
56|72.19|0|392|5.1|5.1|7|8
56.1|72.19|0|392|5.1|5.1|7|8
56.2|72.18|0|392|5.1|5.1|7|8
56.3|72.19|0|392|5.1|5.1|7|8
56.4|72.18|0|392|5.1|5.1|7|8
56.5|72.18|0|392|5.1|5.1|7|8
56.6|72.19|0|392|5.1|5.1|7|8
56.7|72.19|0|392|5.1|5.1|7|8
56.8|72.18|0|392|5.1|5.1|7|8
56.9|72.2|0|392|5.1|5.1|7|8
57|72.18|0|392|5.1|5.1|7|8
57.1|72.19|0|392|5.1|5.1|7|8
57.2|72.18|0|392|5.1|5.1|7|8
57.3|72.18|0|392|5.1|5.1|7|8
57.4|72.18|0|392|5.1|5.1|7|8
57.5|72.18|0|392|5.1|5.1|7|8
57.6|72.19|0|392|5.1|5.1|7|8
57.7|72.22|0|392|5.1|5.1|7|8
57.8|72.2|0|392|5.1|5.1|7|8
57.9|72.18|0|392|5.1|5.1|7|8
58|72.16|0|392|5.1|5.1|7|8
58.1|72.15|0|392|5.1|5.1|7|8
58.2|72.15|0|392|5.1|5.1|7|8
58.3|72.15|0|392|5.1|5.1|7|8
58.4|72.11|0|392|5.1|5.1|7|8
58.5|72.15|0|392|5.1|5.1|7|8
58.6|72.16|0|392|5.1|5.1|7|8
58.7|72.16|0|392|5.1|5.1|7|8
58.8|72.16|0|392|5.1|5.1|7|8
58.9|72.15|0|392|5.1|5.1|7|8
59|72.16|0|392|5.1|5.1|7|8
59.1|72.15|0|392|5.1|5.1|7|8
59.2|72.14|0|392|5.1|5.1|7|8
59.3|72.12|0|392|5.1|5.1|7|8
59.4|72.12|0|392|5.1|5.1|7|8
59.5|72.12|0|392|5.1|5.1|7|8
59.6|72.11|0|392|5.1|5.1|7|8
59.7|72.16|0|392|5.1|5.1|7|8
59.8|72.19|0|392|5.1|5.1|7|8
59.9|72.16|0|392|5.1|5.1|7|8
60|72.16|0|392|5.1|5.1|7|8
60.1|72.19|0|392|5.1|5.1|7|8
60.2|72.23|0|392|5.1|5.1|7|8
60.3|72.18|0|392|5.1|5.1|7|8
60.4|72.14|0|392|5.1|5.1|7|8
60.5|72.11|0|392|5.1|5.1|7|8
60.6|72.12|0|392|5.1|5.1|7|8
60.7|72.15|0|392|5.1|5.1|7|8
60.8|72.15|0|392|5.1|5.1|7|8
60.9|72.16|0|392|5.1|5.1|7|8
61|72.2|0|392|5.1|5.1|7|8
61.1|72.16|0|392|5.1|5.1|7|8
61.2|72.18|0|392|5.1|5.1|7|8
61.3|72.11|0|392|5.1|5.1|7|8
61.4|72.11|0|392|5.1|5.1|7|8
61.5|72.12|0|392|5.1|5.1|7|8
61.6|72.15|0|392|5.1|5.1|7|8
61.7|72.14|0|392|5.1|5.1|7|8
61.8|72.15|0|392|5.1|5.1|7|8
61.9|72.15|0|392|5.1|5.1|7|8
62|72.14|0|392|5.1|5.1|7|8
62.1|72.14|0|392|5.1|5.1|7|8
62.2|72.14|0|392|5.1|5.1|7|8
62.3|72.15|0|392|5.1|5.1|7|8
62.4|72.16|0|392|5.1|5.1|7|8
62.5|72.2|0|392|5.1|5.1|7|8
62.6|72.16|0|392|5.1|5.1|7|8
62.7|72.15|0|392|5.1|5.1|7|8
62.8|72.14|0|392|5.1|5.1|7|8
62.9|72.14|0|392|5.1|5.1|7|8
63|72.1|0|392|5.1|5.1|7|8
63.1|72.11|0|392|5.1|5.1|7|8
63.2|72.12|0|392|5.1|5.1|7|8
63.3|72.15|0|392|5.1|5.1|7|8
63.4|72.18|0|392|5.1|5.1|7|8
63.5|72.18|0|392|5.1|5.1|7|8
63.6|72.16|0|392|5.1|5.1|7|8
63.7|72.14|0|392|5.1|5.1|7|8
63.8|72.12|0|392|5.1|5.1|7|8
63.9|72.1|0|392|5.1|5.1|7|8
64|72.12|0|392|5.1|5.1|7|8
64.1|72.14|0|392|5.1|5.1|7|8
64.2|72.14|0|392|5.1|5.1|7|8
64.3|72.15|0|392|5.1|5.1|7|8
64.4|72.19|0|392|5.1|5.1|7|8
64.5|72.19|0|392|5.1|5.1|7|8
64.6|72.14|0|392|5.1|5.1|7|8
64.7|72.14|0|392|5.1|5.1|7|8
64.8|72.1|0|392|5.1|5.1|7|8
64.9|72.1|0|392|5.1|5.1|7|8
65|72.12|0|392|5.1|5.1|7|8
65.1|72.14|0|392|5.1|5.1|7|8
65.2|72.12|0|392|5.1|5.1|7|8
65.3|72.12|0|392|5.1|5.1|7|8
65.4|72.14|0|392|5.1|5.1|7|8
65.5|72.19|0|392|5.1|5.1|7|8
65.6|72.16|0|392|5.1|5.1|7|8
65.7|72.14|0|394|5.1|5.1|7|8
65.8|72.11|0|394|5.1|5.1|7|8
65.9|72.1|0|394|5.1|5.1|7|8
66|72.11|0|394|5.1|5.1|7|8
66.1|72.12|0|394|5.1|5.1|7|8
66.2|72.12|0|394|5.1|5.1|7|8
66.3|72.14|0|394|5.1|5.1|7|8
66.4|72.19|0|394|5.1|5.1|7|8
66.5|72.18|0|394|5.1|5.1|7|8
66.6|72.12|0|394|5.1|5.1|7|8
66.7|72.12|0|394|5.1|5.1|7|8
66.8|72.1|0|394|5.1|5.1|7|8
66.9|72.1|0|394|5.1|5.1|7|8
67|72.11|0|394|5.1|5.1|7|8
67.1|72.12|0|394|5.1|5.1|7|8
67.2|72.12|0|394|5.1|5.1|7|8
67.3|72.14|0|394|5.1|5.1|7|8
67.4|72.16|0|394|5.1|5.1|7|8
67.5|72.16|0|394|5.1|5.1|7|8
67.6|72.12|0|394|5.1|5.1|7|8
67.7|72.1|0|394|5.1|5.1|7|8
67.8|72.1|0|394|5.1|5.1|7|8
67.9|72.11|0|394|5.1|5.1|7|8
68|72.11|0|394|5.1|5.1|7|8
68.1|72.12|0|394|5.1|5.1|7|8
68.2|72.12|0|394|5.1|5.1|7|8
68.3|72.19|0|394|5.1|5.1|8|8
68.4|72.06|0|394|5.1|5.1|8|8
68.5|72.03|0|394|5.1|5.1|8|8
68.6|72.03|0|394|5.1|5.1|8|8
68.7|72.04|0|394|5.1|5.1|8|8
68.8|72.08|0|394|5.1|5.1|8|8
68.9|72.07|0|394|5.1|5.1|8|8
69|72.08|0|394|5.1|5.1|8|8
69.1|72.08|0|394|5.1|5.1|8|8
69.2|72.08|0|394|5.1|5.1|8|8
69.3|72.08|0|394|5|5|8|8
69.4|72.08|0|394|5|5|8|8
69.5|72.08|0|394|5|5|8|8
69.6|72.11|0|394|5|5|8|8
69.7|72.11|0|394|5|5|8|8
69.8|72.12|0|394|5|5|8|8
69.9|72.07|0|394|5|5|8|8
70|72.04|0|394|5|5|8|8
70.1|72.08|0|394|5|5|8|8
70.2|72.08|0|394|5|5|8|8
70.3|73.13|0|394|5|5|8|8
70.4|76.12|0|394|5|5|8|8
70.5|79.11|0|394|5|5|8|8
70.6|82.09|0|394|5|5|8|8
70.7|85.05|0|394|5|4.9|8|8
70.8|87.93|0|394|4.9|4.9|8|8
70.9|90.9|0|394|4.9|4.9|8|8
71|93.6|0|394|4.9|4.9|8|8
71.1|95.07|0|394|4.9|4.9|8|8
71.2|95.69|0|394|4.9|4.9|8|8
