0|96.08|1113|403|5|5|1|8
0.1|96.06|1082|405|5|5|1|8
0.2|96.04|1062|405|5|5|1|8
0.3|96.06|1057|405|5|5|1|8
0.4|96.06|1054|405|5|5|1|8
0.5|96.06|1108|406|5|5|2|8
0.6|95.77|1216|408|5|5|2|8
0.7|95.37|1626|408|5|5|3|8
0.8|95.15|1706|408|5|5|3|8
0.9|94.98|1724|408|5|5|3|8
1|94.88|1735|408|5|5|3|8
1.1|94.92|1740|408|5|5|3|8
1.2|94.79|1745|408|5|5|3|8
1.3|94.8|1750|408|5|5|3|8
1.4|94.83|1755|409|5|5|3|8
1.5|94.84|1758|409|5|5|3|8
1.6|94.84|1758|409|5|5|3|8
1.7|94.9|1760|409|5|5|3|8
1.8|94.79|1763|409|5|5|3|8
1.9|94.84|1765|409|5|5|3|8
2|94.84|1765|409|5|5|3|8
2.1|94.88|1768|409|5|5|3|8
2.2|94.79|1768|409|5|5|3|8
2.3|94.84|1771|409|5|5|3|8
2.4|94.82|1771|409|5|5|3|8
2.5|94.83|1773|409|5|5|3|8
2.6|94.87|1773|409|5|5|3|8
2.7|94.8|1776|409|5|5|4|8
2.8|94.91|1776|409|5|5|4|8
2.9|95.23|1763|409|5|5|4|8
3|95.72|1585|409|5|5|4|8
3.1|96.13|1080|408|5|5.1|5|8
3.2|96.31|1070|408|5.1|5.1|5|8
3.3|96.4|1070|408|5.1|5.1|5|8
3.4|96.35|1067|408|5.1|5.1|5|8
3.5|96.45|1067|408|5.1|5.1|5|8
3.6|96.49|1064|408|5.1|5.1|5|8
3.7|96.43|1064|408|5.1|5.1|5|8
3.8|96.44|1064|407|5.1|5.1|5|8
3.9|96.47|1067|407|5.1|5.1|5|8
4|96.48|1064|407|5.1|5.1|5|8
4.1|96.43|1067|407|5.1|5.1|5|8
4.2|96.43|1067|407|5.1|5.1|5|8
4.3|96.44|1067|407|5.1|5.1|5|8
4.4|96.44|1067|407|5.1|5.1|5|8
4.5|96.44|1067|407|5.1|5.1|5|8
4.6|96.44|1070|407|5.1|5.1|5|8
4.7|96.44|1070|407|5.1|5.1|5|8
4.8|96.44|1070|407|5.1|5.1|5|8
4.9|96.45|1072|407|5.1|5.1|5|8
5|96.44|1075|407|5.1|5.1|5|8
5.1|96.41|1075|407|5.1|5.1|2|8
5.2|96.21|1075|407|5.1|5.1|2|8
5.3|95.78|1072|407|5.1|5.1|2|8
5.4|95.34|1289|407|5.1|5.1|2|8
5.5|94.98|1727|407|5.1|5.1|3|8
5.6|94.76|1778|408|5.1|5.1|3|8
5.7|94.76|1794|408|5.1|5.1|3|8
5.8|94.6|1802|408|5.1|5.1|3|8
5.9|94.61|1807|408|5.1|5.1|3|8
6|94.56|1809|408|5.1|5.1|3|8
6.1|94.51|1812|408|5.1|5.1|3|8
6.2|94.56|1814|408|5.1|5.1|3|8
6.3|94.56|1814|408|5.1|5.1|3|8
6.4|94.55|1814|408|5.1|5.1|3|8
6.5|94.55|1817|408|5.1|5.1|3|8
6.6|94.53|1817|408|5.1|5.1|3|8
6.7|94.55|1820|408|5.1|5.1|3|8
6.8|94.51|1820|408|5.1|5.1|3|8
6.9|94.52|1820|408|5.1|5.1|3|8
7|94.53|1820|408|5.1|5.1|3|8
7.1|94.56|1820|408|5.1|5.1|3|8
7.2|94.51|1822|408|5.1|5.1|3|8
7.3|94.53|1822|408|5.1|5.1|3|8
7.4|94.53|1822|408|5.1|5.1|3|8
7.5|94.52|1825|408|5.1|5.1|4|8
7.6|94.72|1820|408|5.1|5.1|4|8
7.7|95.15|1740|408|5.1|5.1|4|8
7.8|95.65|1098|408|5.1|5.1|5|8
7.9|95.84|1077|408|5.1|5.1|5|8
8|96.04|1075|407|5.1|5.1|5|8
8.1|96.02|1072|407|5.1|5.1|5|8
8.2|96.02|1072|407|5.1|5.1|5|8
8.3|96.06|1072|407|5.1|5.1|5|8
8.4|96.08|1072|407|5.1|5.1|5|8
8.5|96.05|1072|407|5.1|5.1|5|8
8.6|96.06|1072|407|5.1|5.1|5|8
8.7|96.08|1070|407|5.1|5.1|5|8
8.8|96|1070|407|5.1|5.1|5|8
8.9|96.04|1070|407|5.1|5.1|5|8
9|96.05|1070|407|5.1|5.1|5|8
9.1|96.05|1070|407|5.1|5.1|5|8
9.2|96.05|1070|407|5.1|5.1|5|8
9.3|96.05|1070|407|5.1|5.1|5|8
9.4|96.05|1070|407|5.1|5.1|5|8
9.5|96.06|1070|407|5.1|5.1|5|8
9.6|96.05|1070|407|5.1|5.1|5|8
9.7|96.05|1072|407|5.1|5.1|5|8
9.8|96.05|1072|407|5.1|5.1|2|8
9.9|95.82|1072|407|5.1|5.1|2|8
10|95.5|1072|407|5.1|5.1|2|8
10.1|95.07|1235|407|5.1|5.1|2|8
10.2|94.75|1750|408|5.1|5.1|3|8
10.3|94.49|1807|408|5.1|5.1|3|8
10.4|94.41|1822|408|5.1|5.1|3|8
10.5|94.37|1830|408|5.1|5.1|3|8
10.6|94.28|1848|400|5.1|5.1|3|8
10.7|94.21|1851|396|5.1|5.1|3|8
10.8|94.23|1851|395|5.1|5.1|3|8
10.9|94.24|1853|395|5.1|5.1|3|8
11|94.24|1853|394|5.1|5.1|3|8
11.1|94.24|1856|394|5.1|5.1|3|8
11.2|94.24|1856|394|5.1|5.1|3|8
11.3|94.23|1856|394|5.1|5.1|3|8
11.4|94.24|1858|394|5.1|5.1|3|8
11.5|94.24|1858|394|5.1|5.1|3|8
11.6|94.28|1858|394|5.1|5.1|3|8
11.7|94.27|1858|394|5.1|5.1|3|8
11.8|94.24|1861|394|5.1|5.1|3|8
11.9|94.28|1861|394|5.1|5.1|3|8
12|94.2|1863|394|5.1|5.1|3|8
12.1|94.17|1863|394|5.1|5.1|3|8
12.2|94.24|1863|394|5.1|5.1|4|8
12.3|94.37|1863|394|5.1|5.1|4|8
12.4|94.75|1802|394|5.1|5.1|4|8
12.5|95.31|1209|395|5.1|5.1|5|8
12.6|95.68|1093|395|5.1|5.1|5|8
12.7|95.81|1090|395|5.1|5.1|5|8
12.8|95.86|1088|395|5.1|5.1|5|8
12.9|95.85|1088|394|5.1|5.1|5|8
13|95.9|1088|394|5.1|5.1|5|8
13.1|95.9|1088|394|5.1|5.1|5|8
13.2|95.9|1088|394|5.1|5.1|5|8
13.3|95.89|1088|394|5.1|5.1|5|8
13.4|95.89|1088|394|5.1|5.1|5|8
13.5|95.89|1085|394|5.1|5.1|5|8
13.6|95.93|1085|394|5.1|5.1|5|8
13.7|95.9|1085|394|5.1|5.1|5|8
13.8|95.93|1085|394|5.1|5.1|5|8
13.9|95.84|1085|394|5.1|5.1|5|8
14|95.89|1085|394|5.1|5.1|5|8
14.1|95.9|1085|394|5.1|5.1|5|8
14.2|95.89|1085|394|5.1|5.1|5|8
14.3|95.92|1085|394|5.1|5.1|5|8
14.4|95.92|1085|394|5.1|5.1|5|8
14.5|95.88|1085|394|5.1|5.1|2|8
14.6|95.85|1085|394|5.1|5.1|2|8
14.7|95.54|1085|394|5.1|5.1|2|8
14.8|95.14|1088|394|5.1|5.1|2|8
14.9|94.68|1559|394|5.1|5.1|2|8
15|94.37|1812|394|5.1|5.1|3|8
15.1|94.2|1845|394|5.1|5.1|3|8
15.2|94.01|1858|394|5.1|5.1|3|8
15.3|93.96|1863|394|5.1|5.1|3|8
15.4|93.96|1866|394|5.1|5.1|3|8
15.5|93.96|1869|394|5.1|5.1|3|8
15.6|93.96|1871|394|5.1|5.1|3|8
15.7|93.96|1871|394|5.1|5.1|3|8
15.8|93.96|1871|394|5.1|5.1|3|8
15.9|93.94|1874|394|5.1|5.1|3|8
16|93.94|1874|394|5.1|5.1|3|8
16.1|93.92|1874|394|5.1|5.1|3|8
16.2|93.97|1876|394|5.1|5.1|3|8
16.3|93.96|1876|394|5.1|5.1|3|8
16.4|93.97|1876|394|5.1|5.1|3|8
16.5|93.96|1879|394|5.1|5.1|3|8
16.6|93.96|1879|394|5.1|5.1|3|8
16.7|93.97|1879|394|5.1|5.1|3|8
16.8|93.94|1881|394|5.1|5.1|3|8
16.9|93.96|1881|394|5.1|5.1|3|8
17|93.93|1881|394|5.1|5.1|4|8
17.1|94.24|1879|394|5.1|5.1|4|8
17.2|94.6|1802|394|5.1|5.1|4|8
17.3|95.15|1139|395|5.1|5.1|5|8
17.4|95.41|1101|395|5.1|5.1|5|8
17.5|95.47|1098|395|5.1|5.1|5|8
17.6|95.59|1095|395|5.1|5.1|5|8
17.7|95.65|1095|395|5.1|5.1|5|8
17.8|95.55|1095|394|5.1|5.1|5|8
17.9|95.61|1095|394|5.1|5.1|5|8
18|95.59|1093|394|5.1|5.1|5|8
18.1|95.59|1093|394|5.1|5.1|5|8
18.2|95.58|1093|394|5.1|5.1|5|8
18.3|95.61|1093|395|5.1|5.1|5|8
18.4|95.59|1093|395|5.1|5.1|5|8
18.5|95.61|1093|395|5.1|5.1|5|8
18.6|95.61|1093|395|5.1|5.1|5|8
18.7|95.57|1093|395|5.1|5.1|5|8
18.8|95.59|1093|395|5.1|5.1|5|8
18.9|95.61|1093|395|5.1|5.1|5|8
19|95.59|1093|394|5.1|5.1|5|8
19.1|95.59|1090|394|5.1|5.1|5|8
19.2|95.57|1093|394|5.1|5.1|5|8
19.3|95.61|1093|394|5.1|5.1|2|8
19.4|95.46|1090|394|5.1|5.1|2|8
19.5|95.12|1090|394|5.1|5.1|2|8
19.6|94.68|1173|395|5.1|5.1|2|8
19.7|94.31|1760|395|5.1|5.1|3|8
19.8|93.97|1848|394|5.1|5.1|3|8
19.9|93.86|1866|394|5.1|5.1|3|8
20|93.82|1874|395|5.1|5.1|3|8
20.1|93.72|1876|395|5.1|5.1|3|8
20.2|93.68|1881|394|5.1|5.1|3|8
20.3|93.7|1881|395|5.1|5.1|3|8
20.4|93.74|1881|395|5.1|5.1|3|8
20.5|93.66|1881|394|5.1|5.1|3|8
20.6|93.72|1881|394|5.1|5.1|3|8
20.7|93.7|1881|394|5.1|5.1|3|8
20.8|93.7|1881|394|5.1|5.1|3|8
20.9|93.68|1881|394|5.1|5.1|3|8
21|93.72|1884|394|5.1|5.1|3|8
21.1|93.69|1884|394|5.1|5.1|3|8
21.2|93.69|1884|394|5.1|5.1|3|8
21.3|93.69|1884|394|5.1|5.1|3|8
21.4|93.66|1887|394|5.1|5.1|3|8
21.5|93.74|1887|394|5.1|5.1|3|8
21.6|93.7|1887|394|5.1|5.1|3|8
21.7|93.66|1889|394|5.1|5.1|4|8
21.8|93.77|1889|394|5.1|5.1|4|8
21.9|94.12|1876|394|5.1|5.1|4|8
22|94.6|1760|395|5.1|5.1|4|8
22.1|95.08|1113|395|5.1|5.1|5|8
22.2|95.26|1101|395|5.1|5.1|5|8
22.3|95.38|1098|395|5.1|5.1|5|8
22.4|95.39|1095|395|5.1|5.1|5|8
22.5|95.45|1095|395|5.1|5.1|5|8
22.6|95.46|1095|395|5.1|5.1|5|8
22.7|95.47|1095|395|5.1|5.1|5|8
22.8|95.47|1093|394|5.1|5.1|5|8
22.9|95.45|1093|395|5.1|5.1|5|8
23|95.39|1093|394|5.1|5.1|5|8
23.1|95.45|1093|394|5.1|5.1|5|8
23.2|95.45|1093|394|5.1|5.1|5|8
23.3|95.47|1093|394|5.1|5.1|5|8
23.4|95.47|1095|394|5.1|5.1|5|8
23.5|95.43|1093|394|5.1|5.1|5|8
23.6|95.38|1093|394|5.1|5.1|5|8
23.7|95.45|1093|394|5.1|5.1|5|8
23.8|95.46|1095|394|5.1|5.1|5|8
23.9|95.45|1093|394|5.1|5.1|5|8
24|95.46|1093|394|5.1|5.1|5|8
24.1|95.46|1093|394|5.1|5.1|2|8
24.2|95.23|1093|394|5.1|5.1|2|8
24.3|94.83|1093|394|5.1|5.1|2|8
24.4|94.44|1245|395|5.1|5.1|2|8
24.5|94|1786|395|5.1|5.1|3|8
24.6|93.85|1853|395|5.1|5.1|3|8
24.7|93.69|1871|394|5.1|5.1|3|8
24.8|93.58|1881|394|5.1|5.1|3|8
24.9|93.54|1887|394|5.1|5.1|3|8
25|93.53|1887|394|5.1|5.1|3|8
25.1|93.53|1889|394|5.1|5.1|3|8
25.2|93.57|1889|394|5.1|5.1|3|8
25.3|93.55|1892|394|5.1|5.1|3|8
25.4|93.57|1892|394|5.1|5.1|3|8
25.5|93.54|1892|395|5.1|5.1|3|8
25.6|93.53|1892|395|5.1|5.1|3|8
25.7|93.53|1892|394|5.1|5.1|3|8
25.8|93.54|1892|395|5.1|5.1|3|8
25.9|93.55|1894|394|5.1|5.1|3|8
26|93.57|1894|394|5.1|5.1|3|8
26.1|93.54|1894|394|5.1|5.1|3|8
26.2|93.53|1894|394|5.1|5.1|3|8
26.3|93.53|1894|394|5.1|5.1|3|8
26.4|93.54|1894|394|5.1|5.1|3|8
26.5|93.54|1894|394|5.1|5.1|4|8
26.6|93.69|1897|394|5.1|5.1|4|8
26.7|94.02|1871|394|5.1|5.1|4|8
26.8|94.56|1204|395|5.1|5.1|5|8
26.9|94.91|1106|395|5.1|5.1|5|8
27|95|1101|395|5.1|5.1|5|8
27.1|95.1|1101|395|5.1|5.1|5|8
27.2|95.1|1098|395|5.1|5.1|5|8
27.3|95.11|1098|395|5.1|5.1|5|8
27.4|95.1|1098|394|5.1|5.1|5|8
27.5|95.1|1095|394|5.1|5.1|5|8
27.6|95.06|1095|394|5.1|5.1|5|8
27.7|95.08|1095|394|5.1|5.1|5|8
27.8|95.08|1095|394|5.1|5.1|5|8
27.9|95.1|1095|394|5.2|5.1|5|8
28|95.11|1095|394|5.1|5.1|5|8
28.1|95.14|1095|394|5.2|5.1|5|8
28.2|95.11|1095|394|5.1|5.1|5|8
28.3|95.07|1095|394|5.2|5.1|5|8
28.4|95.08|1095|394|5.1|5.1|5|8
28.5|95.08|1095|394|5.2|5.1|5|8
28.6|95.1|1095|394|5.1|5.1|5|8
28.7|95.08|1095|394|5.1|5.1|5|8
28.8|95.1|1095|394|5.1|5.1|2|8
28.9|94.96|1093|394|5.1|5.1|2|8
29|94.67|1095|394|5.1|5.1|2|8
29.1|94.31|1180|394|5.1|5.1|2|8
29.2|93.88|1802|395|5.1|5.1|3|8
29.3|93.66|1858|394|5.2|5.1|3|8
29.4|93.58|1874|394|5.1|5.1|3|8
29.5|93.45|1881|394|5.1|5.1|3|8
29.6|93.45|1887|394|5.1|5.1|3|8
29.7|93.46|1889|394|5.1|5.1|3|8
29.8|93.42|1892|394|5.1|5.1|3|8
29.9|93.42|1892|394|5.1|5.1|3|8
30|93.41|1894|394|5.1|5.1|3|8
30.1|93.38|1894|394|5.1|5.1|3|8
30.2|93.37|1897|394|5.1|5.1|3|8
30.3|93.35|1897|394|5.1|5.1|3|8
30.4|93.42|1897|394|5.2|5.1|3|8
30.5|93.43|1899|394|5.1|5.1|3|8
30.6|93.35|1899|394|5.1|5.1|3|8
30.7|93.38|1899|394|5.1|5.1|3|8
30.8|93.39|1899|394|5.1|5.1|3|8
30.9|93.45|1899|394|5.1|5.1|3|8
31|93.41|1902|394|5.1|5.1|3|8
31.1|93.43|1905|394|5.1|5.1|3|8
31.2|93.37|1905|394|5.1|5.1|4|8
31.3|93.51|1905|394|5.1|5.1|4|8
31.4|93.84|1881|395|5.1|5.1|4|8
31.5|94.4|1534|396|5.1|5.1|4|8
31.6|94.84|1111|396|5.1|5.1|5|8
31.7|95.04|1103|396|5.1|5.1|5|8
31.8|95.07|1101|395|5.2|5.2|5|8
31.9|95.12|1101|395|5.1|5.1|5|8
32|95.15|1098|395|5.1|5.1|5|8
32.1|95.15|1098|395|5.1|5.1|5|8
32.2|95.18|1095|395|5.1|5.1|5|8
32.3|95.11|1095|395|5.1|5.1|5|8
32.4|95.11|1095|395|5.1|5.1|5|8
32.5|95.14|1095|395|5.1|5.1|5|8
32.6|95.15|1095|395|5.1|5.1|5|8
32.7|95.15|1098|395|5.1|5.1|5|8
32.8|95.17|1095|395|5.1|5.1|5|8
32.9|95.18|1095|395|5.2|5.1|5|8
33|95.12|1095|395|5.1|5.1|5|8
33.1|95.12|1095|394|5.1|5.1|5|8
33.2|95.14|1093|395|5.1|5.1|5|8
33.3|95.14|1095|395|5.1|5.1|5|8
33.4|95.17|1095|395|5.1|5.1|5|8
33.5|95.19|1095|395|5.1|5.1|5|8
33.6|95.12|1093|395|5.2|5.1|2|8
33.7|94.83|1093|395|5.1|5.1|2|8
33.8|94.47|1093|395|5.1|5.1|2|8
33.9|94.01|1459|396|5.1|5.1|2|8
34|93.66|1827|395|5.1|5.1|3|8
34.1|93.53|1866|395|5.1|5.1|3|8
34.2|93.43|1879|395|5.1|5.1|3|8
34.3|93.35|1887|395|5.1|5.1|3|8
34.4|93.3|1892|395|5.1|5.1|3|8
34.5|93.26|1894|395|5.1|5.1|3|8
34.6|93.31|1897|395|5.1|5.1|3|8
34.7|93.33|1899|395|5.1|5.1|3|8
34.8|93.3|1899|394|5.1|5.1|3|8
34.9|93.26|1902|394|5.1|5.1|3|8
35|93.29|1902|395|5.1|5.1|3|8
35.1|93.33|1905|395|5.2|5.1|3|8
35.2|93.3|1905|395|5.1|5.1|3|8
35.3|93.27|1907|394|5.1|5.1|3|8
35.4|93.29|1907|395|5.1|5.1|3|8
35.5|93.33|1907|395|5.1|5.1|3|8
35.6|93.31|1907|395|5.1|5.1|3|8
35.7|93.29|1910|395|5.1|5.1|3|8
35.8|93.25|1907|395|5.1|5.1|3|8
35.9|93.3|1910|395|5.1|5.1|3|8
36|93.27|1910|395|5.1|5.1|4|8
36.1|93.51|1907|395|5.1|5.1|4|8
36.2|93.88|1848|395|5.1|5.1|4|8
36.3|94.45|1235|396|5.1|5.1|2|8
36.4|94.68|1106|396|5.1|5.1|2|8
36.5|94.64|1103|396|5.1|5.1|2|8
36.6|94.7|1098|396|5.1|5.1|2|8
36.7|94.76|1098|396|5.1|5.1|2|8
36.8|94.61|1095|396|5.1|5.1|2|8
36.9|94.52|1095|395|5.1|5.1|2|8
37|94.48|1095|395|5.1|5.1|2|8
37.1|94.44|1095|395|5.1|5.1|2|8
37.2|94.4|1095|395|5.1|5.1|2|8
37.3|94.37|1095|395|5.1|5.1|2|8
37.4|94.28|1113|395|5.1|5.1|2|8
37.5|94.21|1137|395|5.1|5.1|2|8
37.6|94.02|1131|395|5.1|5.1|2|8
37.7|94|1095|395|5.1|5.1|2|8
37.8|94.06|1126|395|5.1|5.1|2|8
37.9|93.98|1155|395|5.1|5.1|2|8
38|93.96|1157|395|5.1|5.1|2|8
38.1|93.78|1173|396|5.1|5.1|2|8
38.2|93.8|1647|395|5.1|5.1|2|8
38.3|93.74|1753|395|5.1|5.1|2|8
38.4|93.8|1768|396|5.1|5.1|2|8
38.5|94.02|1711|396|5.1|5.1|2|8
38.6|94.2|1124|396|5.1|5.1|2|8
38.7|94.33|1098|395|5.1|5.1|2|8
38.8|94.36|1095|395|5.1|5.1|2|8
38.9|94.23|1095|394|5.1|5.1|2|8
39|94.25|1095|395|5.1|5.1|2|8
39.1|94.17|1095|395|5.1|5.1|2|8
39.2|94.02|1093|395|5.1|5.1|2|8
39.3|94.05|1093|395|5.1|5.1|2|8
39.4|93.98|1168|395|5.1|5.1|2|8
39.5|93.98|1379|395|5.1|5.1|2|8
39.6|93.89|1595|396|5.1|5.1|2|8
39.7|93.81|1165|396|5.1|5.1|2|8
39.8|93.86|1093|395|5.1|5.1|2|8
39.9|93.86|1093|395|5.1|5.1|2|8
40|93.77|1358|396|5.1|5.1|2|8
40.1|93.8|1619|395|5.1|5.1|2|8
40.2|93.73|1750|395|5.1|5.1|2|8
40.3|93.81|1760|395|5.1|5.1|2|8
40.4|94|1711|395|5.1|5.1|2|8
40.5|94.23|1116|396|5.1|5.1|2|8
40.6|94.27|1098|395|5.1|5.1|2|8
40.7|94.31|1098|394|5.1|5.1|2|8
40.8|94.28|1095|394|5.1|5.1|2|8
40.9|94.2|1095|394|5.1|5.1|2|8
41|94.01|1095|394|5.1|5.1|2|8
41.1|94.01|1093|394|5.1|5.1|2|8
41.2|94.05|1093|394|5.1|5.1|2|8
41.3|93.97|1124|394|5.1|5.1|2|8
41.4|93.94|1129|394|5.1|5.1|2|8
41.5|93.8|1338|395|5.1|5.1|2|8
41.6|93.8|1415|395|5.1|5.1|2|8
41.7|93.68|1698|395|5.1|5.1|2|8
41.8|93.74|1693|395|5.1|5.1|2|8
41.9|93.89|1680|395|5.1|5.1|2|8
42|94.16|1665|395|5.1|5.1|2|8
42.1|94.32|1448|395|5.1|5.1|2|8
42.2|94.41|1106|394|5.1|5.1|2|8
42.3|94.47|1098|394|5.1|5.1|2|8
42.4|94.48|1095|394|5.1|5.1|2|8
42.5|94.47|1095|394|5.1|5.1|2|8
42.6|94.41|1095|394|5.1|5.1|2|8
42.7|94.4|1095|394|5.1|5.1|2|8
42.8|94.28|1095|394|5.1|5.1|2|8
42.9|94.25|1093|394|5.1|5.1|2|8
43|94.16|1108|394|5.1|5.1|2|8
43.1|94|1098|394|5.1|5.1|2|8
43.2|94|1093|394|5.1|5.1|2|8
43.3|94.02|1103|394|5.1|5.1|2|8
43.4|93.98|1106|394|5.1|5.1|2|8
43.5|93.88|1131|394|5.1|5.1|2|8
43.6|93.82|1219|394|5.1|5.1|2|8
43.7|93.74|1613|394|5.1|5.1|2|8
43.8|93.73|1582|394|5.1|5.1|2|8
43.9|93.84|1121|394|5.1|5.1|2|8
44|93.9|1095|394|5.1|5.1|2|8
44.1|93.92|1093|394|5.1|5.1|2|8
44.2|93.93|1093|394|5.1|5.1|2|8
44.3|93.84|1093|394|5.1|5.1|2|8
44.4|93.85|1093|394|5.1|5.1|2|8
44.5|93.7|1175|394|5.1|5.1|2|8
44.6|93.69|1235|394|5.1|5.1|2|8
44.7|93.58|1294|394|5.1|5.1|2|8
44.8|93.57|1216|394|5.1|5.1|2|8
44.9|93.45|1260|394|5.1|5.1|2|8
45|93.45|1186|394|5.1|5.1|2|8
45.1|93.37|1232|394|5.1|5.1|2|8
45.2|93.25|1173|394|5.1|5.1|2|8
45.3|93.13|1103|394|5.1|5.1|2|8
45.4|93.11|1139|394|5.1|5.1|2|8
45.5|93.21|1232|394|5.1|5.1|2|8
45.6|93.02|1392|395|5.1|5.1|2|8
45.7|93|1369|395|5.1|5.1|2|8
45.8|92.92|1327|395|5.1|5.1|2|8
45.9|92.78|1343|395|5.1|5.1|2|8
46|92.76|1271|395|5.1|5.1|2|8
46.1|92.7|1258|394|5.1|5.1|2|8
46.2|92.66|1273|394|5.1|5.1|2|8
46.3|92.53|1281|394|5.1|5.1|2|8
46.4|92.41|1276|395|5.1|5.1|2|8
46.5|92.39|1265|394|5.1|5.1|2|8
46.6|92.35|1322|396|5.1|5.1|2|8
46.7|92.19|1191|395|5.1|5.1|2|8
46.8|92.15|1255|395|5.1|5.1|2|8
46.9|92.04|1209|395|5.1|5.1|2|8
47|92.01|1229|395|5.1|5.1|2|8
47.1|91.94|1278|394|5.1|5.1|2|8
47.2|91.88|1258|395|5.1|5.1|2|8
47.3|91.76|1206|394|5.1|5.1|2|8
47.4|91.64|1222|396|5.1|5.1|2|8
47.5|91.53|1224|395|5.1|5.1|2|8
47.6|91.53|1222|394|5.1|5.1|2|8
47.7|91.47|1242|395|5.1|5.1|2|8
47.8|91.34|1229|394|5.1|5.1|2|8
47.9|91.25|1134|395|5.1|5.1|2|8
48|91.14|1317|395|5.1|5.1|2|8
48.1|91.05|1157|394|5.1|5.1|2|8
48.2|90.95|1229|394|5.1|5.1|2|8
48.3|90.82|1170|394|5.1|5.1|2|8
48.4|90.76|1276|395|5.1|5.1|2|8
48.5|90.64|1294|396|5.1|5.1|2|8
48.6|90.62|1173|396|5.1|5.1|2|8
48.7|90.48|1340|394|5.1|5.1|2|8
48.8|90.4|1369|394|5.1|5.1|2|8
48.9|90.29|1299|394|5.1|5.1|2|8
49|90.19|1204|394|5.1|5.1|2|8
49.1|90.07|1276|395|5.1|5.1|2|8
49.2|89.94|1245|395|5.1|5.1|2|8
49.3|89.89|1191|394|5.1|5.1|2|8
49.4|89.7|1294|395|5.1|5.1|2|8
49.5|89.73|1240|395|5.1|5.1|2|8
49.6|89.56|1271|396|5.1|5.1|2|8
49.7|89.42|1219|396|5.1|5.1|2|8
49.8|89.33|1240|396|5.1|5.1|2|8
49.9|89.21|1170|395|5.1|5.1|2|8
50|89.09|1183|395|5.1|5.1|2|8
50.1|88.95|1294|395|5.1|5.1|2|8
50.2|88.88|1183|395|5.1|5.1|2|8
50.3|88.75|1211|396|5.1|5.2|2|8
50.4|88.62|1340|396|5.2|5.1|2|8
50.5|88.5|1245|396|5.1|5.1|2|8
50.6|88.37|1271|396|5.1|5.1|2|8
50.7|88.24|1309|395|5.1|5.1|2|8
50.8|88.11|1271|396|5.1|5.1|2|8
50.9|88.04|1204|396|5.1|5.1|2|8
51|87.85|1229|396|5.2|5.1|2|8
51.1|87.69|1237|396|5.2|5.1|2|8
51.2|87.57|1255|396|5.1|5.1|2|8
51.3|87.46|1402|395|5.2|5.1|2|8
51.4|87.3|1284|395|5.1|5.1|2|8
51.5|87.18|1186|395|5.1|5.1|2|8
51.6|87.05|1423|394|5.2|5.2|2|8
51.7|86.95|1366|395|5.2|5.2|2|8
51.8|86.78|1296|396|5.2|5.2|2|8
51.9|86.63|1379|396|5.1|5.1|2|8
52|86.44|1304|396|5.1|5.1|2|8
52.1|86.25|1201|396|5.1|5.1|2|8
52.2|86.2|1405|396|5.1|5.1|2|8
52.3|86.04|1253|396|5.1|5.1|2|8
52.4|85.91|1260|396|5.1|5.1|2|8
52.5|85.76|1268|396|5.1|5.1|2|8
52.6|85.6|1412|395|5.1|5.1|2|8
52.7|85.45|1131|394|5.1|5.1|2|8
52.8|85.44|1108|394|5.1|5.1|2|8
52.9|85.4|1116|394|5.1|5.1|2|8
53|85.26|1271|395|5.1|5.1|2|8
53.1|85.22|1113|395|5.1|5.1|2|8
53.2|85.21|1124|394|5.2|5.1|2|8
53.3|85.13|1240|394|5.1|5.1|2|8
53.4|85.01|1180|395|5.1|5.1|2|8
53.5|84.98|1224|396|5.1|5.1|2|8
53.6|84.85|1273|395|5.1|5.1|2|8
53.7|84.79|1276|396|5.1|5.1|2|8
53.8|84.62|1268|396|5.1|5.1|2|8
53.9|84.56|1191|396|5.1|5.1|2|8
54|84.47|1193|396|5.1|5.1|2|8
54.1|84.38|1152|395|5.1|5.1|2|8
54.2|84.23|1240|396|5.2|5.1|2|8
54.3|84.17|1289|395|5.1|5.1|2|8
54.4|84.09|1278|396|5.1|5.1|2|8
54.5|83.89|1374|396|5.1|5.1|2|8
54.6|83.8|1229|396|5.1|5.1|2|8
54.7|83.66|1302|396|5.1|5.1|2|8
54.8|83.52|1224|395|5.1|5.1|2|8
54.9|83.34|1216|395|5.1|5.1|2|8
55|83.18|1250|395|5.2|5.1|2|8
55.1|83.07|1222|395|5.1|5.1|2|8
55.2|82.85|1278|395|5.1|5.1|2|8
55.3|82.7|1211|395|5.2|5.1|2|8
55.4|82.51|1281|395|5.2|5.1|2|8
55.5|81.95|1704|395|5.1|5.1|6|8
55.6|79.69|1933|394|5.1|5.1|6|8
55.7|76.87|317|394|5.1|5.1|7|8
55.8|74.43|0|394|5.1|5.1|7|8
55.9|72.94|0|394|5.1|5.1|7|8
56|72.3|0|394|5.1|5.1|7|8
56.1|71.84|0|394|5.1|5.1|7|8
56.2|71.71|0|394|5.1|5.1|7|8
56.3|71.67|0|393|5.1|5.1|7|8
56.4|71.6|0|393|5.1|5.1|7|8
56.5|71.6|0|393|5.1|5.1|7|8
56.6|71.6|0|393|5.1|5.1|7|8
56.7|71.59|0|393|5.1|5.1|7|8
56.8|71.59|0|393|5.1|5.1|7|8
56.9|71.6|0|393|5.1|5.1|7|8
57|71.61|0|393|5.1|5.1|7|8
57.1|71.69|0|393|5.1|5.1|7|8
57.2|71.61|0|393|5.1|5.1|7|8
57.3|71.6|0|393|5.1|5.1|7|8
57.4|71.6|0|393|5.1|5.1|7|8
57.5|71.6|0|393|5.1|5.1|7|8
57.6|71.6|0|393|5.1|5.1|7|8
57.7|71.6|0|393|5.1|5.1|7|8
57.8|71.6|0|393|5.1|5.1|7|8
57.9|71.6|0|393|5.1|5.1|7|8
58|71.59|0|393|5.1|5.1|7|8
58.1|71.49|0|393|5.1|5.1|7|8
58.2|71.57|0|393|5.1|5.1|7|8
58.3|71.59|0|393|5.1|5.1|7|8
58.4|71.6|0|393|5.1|5.1|7|8
58.5|71.59|0|393|5.1|5.1|7|8
58.6|71.59|0|393|5.1|5.1|7|8
58.7|71.59|0|393|5.1|5.1|7|8
58.8|71.57|0|393|5.1|5.1|7|8
58.9|71.57|0|393|5.1|5.1|7|8
59|71.57|0|393|5.1|5.1|7|8
59.1|71.57|0|393|5.1|5.1|7|8
59.2|71.57|0|393|5.1|5.1|7|8
59.3|71.57|0|393|5.1|5.1|7|8
59.4|71.57|0|393|5.1|5.1|7|8
59.5|71.57|0|393|5.1|5.1|7|8
59.6|71.57|0|393|5.1|5.1|7|8
59.7|71.56|0|393|5.1|5.1|7|8
59.8|71.56|0|393|5.1|5.1|7|8
59.9|71.59|0|393|5.1|5.1|7|8
60|71.6|0|393|5.1|5.1|7|8
60.1|71.59|0|393|5.1|5.1|7|8
60.2|71.59|0|393|5.1|5.1|7|8
60.3|71.57|0|393|5.1|5.1|7|8
60.4|71.59|0|393|5.1|5.1|7|8
60.5|71.57|0|393|5.1|5.1|7|8
60.6|71.57|0|393|5.1|5.1|7|8
60.7|71.59|0|393|5.1|5.1|7|8
60.8|71.64|0|393|5.1|5.1|7|8
60.9|71.65|0|393|5.1|5.1|7|8
61|71.63|0|393|5.1|5.1|7|8
61.1|71.6|0|393|5.1|5.1|7|8
61.2|71.59|0|393|5.1|5.1|7|8
61.3|71.59|0|393|5.1|5.1|7|8
61.4|71.61|0|393|5.1|5.1|7|8
61.5|71.56|0|393|5.1|5.1|7|8
61.6|71.55|0|394|5.1|5.1|7|8
61.7|71.57|0|393|5.1|5.1|7|8
61.8|71.57|0|394|5.1|5.1|7|8
61.9|71.55|0|393|5.1|5.1|7|8
62|71.55|0|393|5.1|5.1|7|8
62.1|71.56|0|393|5.1|5.1|7|8
62.2|71.57|0|393|5.1|5.1|7|8
62.3|71.6|0|394|5.1|5.1|7|8
62.4|71.63|0|394|5.1|5.1|7|8
62.5|71.6|0|394|5.1|5.1|7|8
62.6|71.59|0|394|5.1|5.1|7|8
62.7|71.57|0|394|5.1|5.1|7|8
62.8|71.56|0|393|5.1|5.1|7|8
62.9|71.55|0|393|5.1|5.1|7|8
63|71.57|0|393|5.1|5.1|7|8
63.1|71.57|0|393|5.1|5.1|7|8
63.2|71.57|0|393|5.1|5.1|7|8
63.3|71.57|0|393|5.1|5.1|7|8
63.4|71.56|0|393|5.1|5.1|7|8
63.5|71.57|0|393|5.1|5.1|7|8
63.6|71.56|0|393|5.1|5.1|7|8
63.7|71.56|0|393|5.1|5.1|7|8
63.8|71.56|0|393|5.1|5.1|7|8
63.9|71.56|0|393|5.1|5.1|7|8
64|71.56|0|393|5.1|5.1|7|8
64.1|71.56|0|393|5.1|5.1|7|8
64.2|71.56|0|394|5.1|5.1|7|8
64.3|71.57|0|393|5.1|5.1|7|8
64.4|71.57|0|393|5.1|5.1|7|8
64.5|71.57|0|394|5.1|5.1|7|8
64.6|71.57|0|394|5.1|5.1|7|8
64.7|71.56|0|394|5.1|5.1|7|8
64.8|71.56|0|394|5.1|5.1|7|8
64.9|71.56|0|394|5.1|5.1|7|8
65|71.56|0|393|5.1|5.1|7|8
65.1|71.56|0|393|5.1|5.1|7|8
65.2|71.56|0|393|5.1|5.1|7|8
65.3|71.56|0|393|5.1|5.1|7|8
65.4|71.56|0|394|5.1|5.1|7|8
65.5|71.56|0|394|5.1|5.1|7|8
65.6|71.56|0|394|5.1|5.1|7|8
65.7|71.56|0|394|5.1|5.1|7|8
65.8|71.56|0|393|5.1|5.1|7|8
65.9|71.56|0|393|5.1|5.1|7|8
66|71.56|0|393|5.1|5.1|7|8
66.1|71.56|0|393|5.1|5.1|7|8
66.2|71.56|0|393|5.1|5.1|7|8
66.3|71.56|0|393|5.1|5.1|7|8
66.4|71.56|0|393|5.1|5.1|7|8
66.5|71.56|0|394|5.1|5.1|7|8
66.6|71.56|0|406|5.1|5.1|7|8
66.7|71.56|0|412|5.1|5.1|7|8
66.8|71.56|0|413|5.2|5.1|7|8
66.9|71.56|0|414|5.2|5.1|7|8
67|71.56|0|414|5.2|5.1|7|8
67.1|71.56|0|414|5.1|5.1|7|8
67.2|71.56|0|414|5.2|5.1|7|8
67.3|71.56|0|414|5.2|5.1|7|8
67.4|71.55|0|414|5.1|5.1|7|8
67.5|71.55|0|414|5.2|5.1|7|8
67.6|71.56|0|414|5.2|5.1|7|8
67.7|71.56|0|415|5.2|5.1|7|8
67.8|71.56|0|415|5.1|5.1|7|8
67.9|71.56|0|415|5.2|5.1|7|8
68|71.55|0|415|5.2|5.1|7|8
68.1|71.56|0|415|5.2|5.1|7|8
68.2|71.55|0|415|5.2|5.1|7|8
68.3|71.55|0|415|5.1|5.1|7|8
68.4|71.56|0|415|5.2|5.1|7|8
68.5|71.56|0|415|5.2|5.1|7|8
68.6|71.55|0|415|5.2|5.1|7|8
68.7|71.55|0|415|5.2|5.1|8|8
68.8|71.56|0|415|4.9|4.9|8|8
68.9|71.4|0|415|5.1|5.1|8|8
69|71.41|0|415|5.1|5.1|8|8
69.1|71.48|0|415|5.1|5.1|8|8
69.2|71.53|0|415|5.1|5.1|8|8
69.3|71.45|0|415|5.1|5.1|8|8
69.4|71.47|0|415|5.1|5.1|8|8
69.5|71.52|0|415|5.1|5.1|8|8
69.6|71.49|0|415|5.1|5.1|8|8
69.7|71.45|0|415|5.1|5.1|8|8
69.8|71.51|0|415|5.1|5.1|8|8
69.9|71.52|0|415|5.1|5.1|8|8
70|71.47|0|415|5.1|5.1|8|8
70.1|71.48|0|415|5.1|5.1|8|8
70.2|71.51|0|415|5.1|5.1|8|8
70.3|71.51|0|415|5.1|5.1|8|8
70.4|71.48|0|415|5.1|5.1|8|8
70.5|71.51|0|415|5.1|5.1|8|8
70.6|71.51|0|415|5.1|5.1|8|8
70.7|71.52|0|415|5.1|5.1|8|8
70.8|73.95|0|415|5.1|5.1|8|8
70.9|77.02|0|415|5.1|5.1|8|8
71|80.09|0|415|5.1|5.1|8|8
71.1|83.09|0|415|5.1|5.1|8|8
71.2|86.08|0|415|5.1|5.1|8|8
71.3|89.01|0|415|5.1|5.1|8|8
71.4|92.04|0|415|5.1|5|8|8
71.5|94.39|0|415|5.1|5.1|8|8
71.6|95.39|0|415|5.1|5.1|8|8
71.7|95.82|0|415|5.1|5.1|8|8
