0|96|912|399|5.1|5.1|1|8
0.1|96|1049|400|5.1|5.1|1|8
0.2|96|1057|401|5.1|5.1|1|8
0.3|96|1059|401|5.1|5.1|1|8
0.4|96|1059|401|5.1|5.1|1|8
0.5|95.9|1064|401|5.1|5.1|2|8
0.6|95.72|1062|401|5.1|5.1|2|8
0.7|95.26|1064|401|5.1|5.1|2|8
0.8|94.82|1067|400|5.1|5.1|2|8
0.9|94.41|1072|401|5.1|5.1|2|8
1|93.89|1144|401|5.1|5.1|2|8
1.1|93.37|1660|402|5.1|5.1|3|8
1.2|93.06|1750|402|5.1|5.1|3|8
1.3|92.91|1765|402|5.1|5.1|3|8
1.4|92.83|1773|402|5.1|5.1|3|8
1.5|92.75|1778|402|5.1|5.1|3|8
1.6|92.79|1784|402|5.1|5.1|3|8
1.7|92.78|1786|402|5.1|5.1|3|8
1.8|92.75|1791|402|5.1|5.1|3|8
1.9|92.74|1794|402|5.1|5.1|3|8
2|92.71|1796|402|5.1|5.1|3|8
2.1|92.74|1799|402|5.1|5.1|3|8
2.2|92.72|1802|402|5.1|5.1|3|8
2.3|92.71|1802|402|5.1|5.1|3|8
2.4|92.75|1804|402|5.1|5.1|3|8
2.5|92.76|1804|402|5.1|5.1|3|8
2.6|92.72|1804|402|5.1|5.1|3|8
2.7|92.72|1804|402|5.1|5.1|3|8
2.8|92.74|1804|402|5.1|5.1|3|8
2.9|92.74|1804|402|5.1|5.1|3|8
3|92.76|1809|402|5.1|5.1|3|8
3.1|92.72|1812|402|5.1|5.1|4|8
3.2|92.83|1812|401|5.1|5.1|4|8
3.3|93.14|1760|402|5.2|5.2|4|8
3.4|93.7|1247|402|5.2|5.2|5|8
3.5|94|1085|401|5.2|5.2|5|8
3.6|94.2|1080|400|5.2|5.2|5|8
3.7|94.21|1080|400|5.2|5.2|5|8
3.8|94.2|1080|400|5.2|5.2|5|8
3.9|94.17|1080|400|5.2|5.2|5|8
4|94.17|1077|400|5.2|5.2|5|8
4.1|94.27|1077|400|5.2|5.2|5|8
4.2|94.25|1077|400|5.2|5.2|5|8
4.3|94.25|1077|400|5.2|5.2|5|8
4.4|94.19|1077|400|5.2|5.2|5|8
4.5|94.24|1077|400|5.2|5.2|5|8
4.6|94.27|1075|400|5.2|5.2|5|8
4.7|94.24|1075|400|5.2|5.2|5|8
4.8|94.23|1075|400|5.2|5.2|5|8
4.9|94.21|1075|400|5.2|5.2|5|8
5|94.24|1075|400|5.2|5.2|5|8
5.1|94.24|1075|400|5.2|5.2|5|8
5.2|94.24|1075|400|5.2|5.2|5|8
5.3|94.23|1077|400|5.2|5.2|5|8
5.4|94.23|1077|400|5.2|5.2|2|8
5.5|94.25|1077|400|5.2|5.2|2|8
5.6|93.88|1077|400|5.2|5.2|2|8
5.7|93.42|1077|400|5.2|5.2|2|8
5.8|93|1544|401|5.2|5.2|2|8
5.9|92.68|1781|401|5.2|5.2|3|8
6|92.41|1802|402|5.2|5.2|3|8
6.1|92.35|1812|402|5.2|5.2|3|8
6.2|92.37|1817|402|5.2|5.2|3|8
6.3|92.21|1822|402|5.2|5.2|3|8
6.4|92.25|1825|402|5.2|5.2|3|8
6.5|92.25|1827|402|5.2|5.2|3|8
6.6|92.27|1830|402|5.2|5.2|3|8
6.7|92.24|1832|402|5.2|5.2|3|8
6.8|92.27|1832|402|5.2|5.2|3|8
6.9|92.27|1835|402|5.2|5.2|3|8
7|92.25|1838|402|5.2|5.2|3|8
7.1|92.24|1838|402|5.2|5.2|3|8
7.2|92.25|1838|402|5.2|5.2|3|8
7.3|92.21|1840|402|5.2|5.2|3|8
7.4|92.24|1840|402|5.2|5.2|3|8
7.5|92.25|1843|402|5.3|5.3|3|8
7.6|92.25|1845|402|5.3|5.3|3|8
7.7|92.23|1845|402|5.3|5.3|3|8
7.8|92.27|1845|402|5.3|5.3|3|8
7.9|92.29|1845|402|5.3|5.3|4|8
8|92.56|1840|402|5.3|5.3|4|8
8.1|93.02|1513|402|5.3|5.3|4|8
8.2|93.45|1103|401|5.3|5.3|5|8
8.3|93.6|1090|401|5.3|5.3|5|8
8.4|93.72|1090|400|5.3|5.3|5|8
8.5|93.77|1088|400|5.3|5.3|5|8
8.6|93.77|1088|400|5.3|5.3|5|8
8.7|93.72|1088|400|5.3|5.3|5|8
8.8|93.74|1088|400|5.3|5.3|5|8
8.9|93.78|1088|400|5.3|5.3|5|8
9|93.66|1088|400|5.3|5.3|5|8
9.1|93.72|1088|400|5.3|5.3|5|8
9.2|93.74|1088|400|5.3|5.3|5|8
9.3|93.76|1088|400|5.3|5.3|5|8
9.4|93.78|1088|400|5.3|5.3|5|8
9.5|93.7|1088|401|5.3|5.3|5|8
9.6|93.72|1088|400|5.3|5.3|5|8
9.7|93.74|1088|401|5.3|5.3|5|8
9.8|93.73|1090|401|5.3|5.3|5|8
9.9|93.73|1088|401|5.3|5.3|5|8
10|93.74|1088|401|5.3|5.3|5|8
10.1|93.76|1088|401|5.3|5.3|5|8
10.2|93.68|1090|401|5.3|5.3|2|8
10.3|93.43|1090|401|5.3|5.3|2|8
10.4|93.06|1090|401|5.3|5.3|2|8
10.5|92.64|1526|401|5.3|5.3|2|8
10.6|92.28|1814|398|5.3|5.3|3|8
10.7|92.09|1843|396|5.3|5.3|3|8
10.8|92|1853|395|5.3|5.3|3|8
10.9|91.96|1861|394|5.3|5.3|3|8
11|91.97|1863|394|5.3|5.3|3|8
11.1|91.93|1866|394|5.3|5.3|3|8
11.2|91.94|1869|394|5.3|5.3|3|8
11.3|91.92|1871|394|5.3|5.3|3|8
11.4|91.9|1871|394|5.3|5.3|3|8
11.5|91.89|1874|394|5.3|5.3|3|8
11.6|91.9|1874|394|5.3|5.3|3|8
11.7|91.92|1874|394|5.3|5.3|3|8
11.8|91.92|1876|394|5.3|5.3|3|8
11.9|91.92|1876|394|5.3|5.3|3|8
12|91.9|1876|394|5.3|5.3|3|8
12.1|91.9|1876|394|5.4|5.3|3|8
12.2|91.92|1879|394|5.4|5.4|3|8
12.3|91.93|1879|394|5.4|5.4|3|8
12.4|91.93|1881|394|5.4|5.4|3|8
12.5|91.9|1881|394|5.4|5.4|3|8
12.6|91.9|1881|394|5.4|5.4|4|8
12.7|92.15|1876|394|5.4|5.4|4|8
12.8|92.64|1464|394|5.4|5.4|4|8
12.9|93.06|1111|394|5.4|5.4|5|8
13|93.13|1106|394|5.4|5.4|5|8
13.1|93.29|1103|394|5.4|5.4|5|8
13.2|93.31|1101|394|5.4|5.4|5|8
13.3|93.31|1101|394|5.4|5.4|5|8
13.4|93.33|1101|394|5.4|5.4|5|8
13.5|93.34|1101|394|5.4|5.4|5|8
13.6|93.37|1101|394|5.4|5.4|5|8
13.7|93.33|1101|394|5.4|5.4|5|8
13.8|93.33|1101|394|5.4|5.4|5|8
13.9|93.33|1101|394|5.4|5.4|5|8
14|93.33|1101|394|5.4|5.4|5|8
14.1|93.34|1101|394|5.4|5.4|5|8
14.2|93.34|1101|394|5.4|5.4|5|8
14.3|93.34|1101|394|5.4|5.4|5|8
14.4|93.33|1101|394|5.4|5.4|5|8
14.5|93.3|1101|394|5.4|5.4|5|8
14.6|93.29|1098|394|5.4|5.4|5|8
14.7|93.31|1101|394|5.4|5.4|5|8
14.8|93.31|1098|394|5.4|5.4|5|8
14.9|93.35|1098|394|5.4|5.4|2|8
15|93.06|1101|394|5.4|5.4|2|8
15.1|92.64|1101|394|5.4|5.4|2|8
15.2|92.13|1758|394|5.4|5.4|3|8
15.3|91.92|1848|394|5.4|5.4|3|8
15.4|91.8|1866|394|5.4|5.4|3|8
15.5|91.68|1874|394|5.4|5.4|3|8
15.6|91.61|1879|394|5.4|5.4|3|8
15.7|91.6|1881|394|5.4|5.4|3|8
15.8|91.62|1881|394|5.4|5.4|3|8
15.9|91.62|1884|394|5.4|5.4|3|8
16|91.62|1884|394|5.4|5.4|3|8
16.1|91.61|1887|394|5.4|5.4|3|8
16.2|91.64|1887|394|5.4|5.4|3|8
16.3|91.64|1889|394|5.4|5.4|3|8
16.4|91.62|1889|394|5.4|5.4|3|8
16.5|91.6|1889|394|5.4|5.4|3|8
16.6|91.61|1892|394|5.4|5.4|3|8
16.7|91.6|1892|394|5.4|5.4|3|8
16.8|91.62|1894|394|5.4|5.4|3|8
16.9|91.64|1894|394|5.4|5.4|3|8
17|91.64|1894|394|5.4|5.4|3|8
17.1|91.61|1897|394|5.4|5.4|3|8
17.2|91.6|1897|394|5.4|5.4|4|8
17.3|91.73|1897|394|5.4|5.4|4|8
17.4|91.98|1889|394|5.4|5.4|4|8
17.5|92.56|1448|395|5.4|5.4|4|8
17.6|92.95|1119|394|5.4|5.4|5|8
17.7|93.1|1111|394|5.4|5.4|5|8
17.8|93.21|1108|394|5.4|5.4|5|8
17.9|93.21|1108|394|5.4|5.4|5|8
18|93.13|1106|394|5.4|5.4|5|8
18.1|93.19|1106|394|5.4|5.4|5|8
18.2|93.15|1106|394|5.4|5.4|5|8
18.3|93.19|1103|394|5.4|5.4|5|8
18.4|93.17|1103|394|5.4|5.4|5|8
18.5|93.18|1103|394|5.4|5.4|5|8
18.6|93.17|1101|394|5.4|5.4|5|8
18.7|93.18|1103|394|5.4|5.4|5|8
18.8|93.18|1103|394|5.4|5.4|5|8
18.9|93.18|1103|394|5.4|5.4|5|8
19|93.18|1103|394|5.4|5.4|5|8
19.1|93.17|1103|394|5.4|5.4|5|8
19.2|93.18|1103|394|5.4|5.4|5|8
19.3|93.17|1103|394|5.4|5.4|5|8
19.4|93.17|1101|394|5.4|5.4|5|8
19.5|93.19|1101|394|5.4|5.4|5|8
19.6|93.17|1101|394|5.4|5.4|2|8
19.7|92.83|1103|394|5.4|5.4|2|8
19.8|92.44|1103|394|5.4|5.4|2|8
19.9|92|1773|394|5.4|5.4|3|8
20|91.78|1853|394|5.4|5.4|3|8
20.1|91.58|1871|394|5.4|5.4|3|8
20.2|91.57|1884|394|5.4|5.4|3|8
20.3|91.56|1892|394|5.4|5.4|3|8
20.4|91.53|1899|394|5.4|5.4|3|8
20.5|91.51|1899|394|5.4|5.4|3|8
20.6|91.53|1905|394|5.4|5.4|3|8
20.7|91.51|1905|394|5.4|5.4|3|8
20.8|91.51|1907|394|5.4|5.4|3|8
20.9|91.47|1910|394|5.4|5.4|3|8
21|91.5|1910|394|5.4|5.4|3|8
21.1|91.51|1910|394|5.4|5.4|3|8
21.2|91.51|1910|394|5.4|5.4|3|8
21.3|91.51|1910|394|5.4|5.4|3|8
21.4|91.51|1912|394|5.4|5.4|3|8
21.5|91.54|1912|394|5.4|5.4|3|8
21.6|91.47|1912|394|5.4|5.4|3|8
21.7|91.47|1912|394|5.4|5.4|3|8
21.8|91.51|1912|394|5.4|5.4|3|8
21.9|91.51|1915|394|5.4|5.4|4|8
22|91.65|1915|394|5.4|5.4|4|8
22.1|91.94|1902|394|5.4|5.4|4|8
22.2|92.51|1714|395|5.4|5.4|4|8
22.3|92.94|1129|395|5.4|5.4|5|8
22.4|93.1|1116|394|5.4|5.4|5|8
22.5|93.21|1113|394|5.4|5.4|5|8
22.6|93.19|1111|394|5.4|5.4|5|8
22.7|93.19|1111|394|5.4|5.4|5|8
22.8|93.15|1108|394|5.4|5.4|5|8
22.9|93.18|1111|394|5.4|5.4|5|8
23|93.21|1111|394|5.4|5.4|5|8
23.1|93.19|1106|394|5.4|5.4|5|8
23.2|93.22|1106|394|5.4|5.4|5|8
23.3|93.23|1106|394|5.4|5.4|5|8
23.4|93.26|1106|394|5.4|5.4|5|8
23.5|93.22|1106|394|5.4|5.4|5|8
23.6|93.19|1106|394|5.4|5.4|5|8
23.7|93.21|1106|394|5.4|5.4|5|8
23.8|93.22|1106|394|5.4|5.4|5|8
23.9|93.19|1106|394|5.4|5.4|5|8
24|93.25|1106|394|5.4|5.4|5|8
24.1|93.25|1106|394|5.4|5.4|5|8
24.2|93.22|1106|394|5.4|5.4|5|8
24.3|93.17|1106|394|5.4|5.4|2|8
24.4|93.02|1106|394|5.4|5.4|2|8
24.5|92.64|1106|394|5.4|5.4|2|8
24.6|92.11|1559|395|5.4|5.4|2|8
24.7|91.78|1851|395|5.4|5.4|3|8
24.8|91.58|1876|395|5.4|5.4|3|8
24.9|91.57|1887|395|5.4|5.4|3|8
25|91.47|1897|394|5.4|5.4|3|8
25.1|91.53|1899|395|5.4|5.4|3|8
25.2|91.5|1905|395|5.4|5.4|3|8
25.3|91.5|1907|394|5.4|5.4|3|8
25.4|91.42|1910|394|5.4|5.4|3|8
25.5|91.47|1912|395|5.4|5.4|3|8
25.6|91.5|1915|395|5.4|5.4|3|8
25.7|91.43|1915|395|5.4|5.4|3|8
25.8|91.45|1918|395|5.4|5.4|3|8
25.9|91.47|1918|395|5.4|5.4|3|8
26|91.47|1918|394|5.4|5.4|3|8
26.1|91.46|1918|395|5.4|5.4|3|8
26.2|91.46|1920|395|5.4|5.4|3|8
26.3|91.43|1920|395|5.4|5.4|3|8
26.4|91.45|1920|395|5.4|5.4|3|8
26.5|91.46|1920|394|5.4|5.4|3|8
26.6|91.47|1920|394|5.4|5.4|3|8
26.7|91.45|1923|394|5.4|5.4|4|8
26.8|91.76|1918|394|5.4|5.4|4|8
26.9|92.15|1866|395|5.4|5.4|4|8
27|92.71|1206|396|5.4|5.4|5|8
27.1|93|1116|395|5.4|5.4|5|8
27.2|93.21|1113|395|5.4|5.4|5|8
27.3|93.22|1111|395|5.4|5.4|5|8
27.4|93.19|1111|395|5.4|5.4|5|8
27.5|93.19|1108|395|5.4|5.4|5|8
27.6|93.19|1108|394|5.4|5.4|5|8
27.7|93.17|1108|394|5.4|5.4|5|8
27.8|93.13|1108|395|5.4|5.4|5|8
27.9|93.22|1108|395|5.4|5.4|5|8
28|93.22|1106|395|5.4|5.4|5|8
28.1|93.22|1106|395|5.4|5.4|5|8
28.2|93.21|1106|394|5.4|5.4|5|8
28.3|93.21|1106|394|5.4|5.4|5|8
28.4|93.22|1106|394|5.4|5.4|5|8
28.5|93.21|1106|394|5.4|5.4|5|8
28.6|93.21|1106|394|5.4|5.4|5|8
28.7|93.19|1106|394|5.4|5.4|5|8
28.8|93.21|1106|394|5.4|5.4|5|8
28.9|93.26|1103|394|5.4|5.4|5|8
29|93.25|1103|394|5.4|5.4|2|8
29.1|93.19|1103|394|5.4|5.4|2|8
29.2|92.79|1103|394|5.4|5.4|2|8
29.3|92.4|1119|394|5.4|5.4|2|8
29.4|91.92|1776|394|5.4|5.4|3|8
29.5|91.6|1869|395|5.4|5.4|3|8
29.6|91.53|1884|395|5.4|5.4|3|8
29.7|91.47|1897|395|5.4|5.4|3|8
29.8|91.46|1902|395|5.4|5.4|3|8
29.9|91.46|1907|394|5.4|5.4|3|8
30|91.42|1912|394|5.4|5.4|3|8
30.1|91.43|1915|395|5.4|5.4|3|8
30.2|91.39|1920|394|5.4|5.4|3|8
30.3|91.39|1920|395|5.4|5.4|3|8
30.4|91.41|1923|395|5.4|5.4|3|8
30.5|91.39|1923|394|5.4|5.4|3|8
30.6|91.42|1923|394|5.4|5.4|3|8
30.7|91.42|1925|394|5.4|5.4|3|8
30.8|91.42|1925|394|5.4|5.4|3|8
30.9|91.39|1925|394|5.4|5.4|3|8
31|91.41|1925|395|5.4|5.4|3|8
31.1|91.41|1925|395|5.4|5.4|3|8
31.2|91.41|1925|395|5.4|5.4|3|8
31.3|91.41|1928|394|5.4|5.4|3|8
31.4|91.41|1928|395|5.4|5.4|4|8
31.5|91.46|1928|394|5.4|5.4|4|8
31.6|91.84|1912|395|5.4|5.4|4|8
31.7|92.31|1845|395|5.4|5.4|4|8
31.8|92.88|1229|396|5.4|5.4|5|8
31.9|93.14|1116|396|5.4|5.4|5|8
32|93.31|1111|395|5.4|5.4|5|8
32.1|93.35|1111|395|5.4|5.4|5|8
32.2|93.39|1108|395|5.4|5.4|5|8
32.3|93.42|1108|395|5.4|5.4|5|8
32.4|93.43|1108|395|5.4|5.4|5|8
32.5|93.41|1106|395|5.4|5.4|5|8
32.6|93.41|1106|395|5.4|5.4|5|8
32.7|93.39|1106|395|5.4|5.4|5|8
32.8|93.42|1106|395|5.4|5.4|5|8
32.9|93.43|1103|395|5.4|5.4|5|8
33|93.39|1103|394|5.4|5.4|5|8
33.1|93.41|1103|395|5.4|5.4|5|8
33.2|93.42|1106|395|5.4|5.4|5|8
33.3|93.42|1103|395|5.4|5.4|5|8
33.4|93.41|1103|395|5.4|5.4|5|8
33.5|93.42|1103|395|5.4|5.4|5|8
33.6|93.42|1103|395|5.4|5.4|5|8
33.7|93.42|1103|395|5.4|5.4|5|8
33.8|93.42|1103|395|5.4|5.4|2|8
33.9|93.38|1103|395|5.4|5.4|2|8
34|93.06|1103|395|5.4|5.4|2|8
34.1|92.64|1103|395|5.4|5.4|2|8
34.2|92.11|1704|395|5.4|5.4|3|8
34.3|91.88|1832|395|5.4|5.4|3|8
34.4|91.7|1858|396|5.4|5.4|3|8
34.5|91.58|1879|395|5.4|5.4|3|8
34.6|91.56|1887|395|5.4|5.4|3|8
34.7|91.58|1892|395|5.4|5.4|3|8
34.8|91.62|1894|395|5.4|5.4|3|8
34.9|91.57|1899|395|5.4|5.4|3|8
35|91.6|1905|395|5.4|5.4|3|8
35.1|91.6|1907|395|5.4|5.4|3|8
35.2|91.6|1910|395|5.4|5.4|3|8
35.3|91.58|1915|395|5.4|5.4|3|8
35.4|91.58|1918|395|5.4|5.4|3|8
35.5|91.6|1920|395|5.4|5.4|3|8
35.6|91.61|1920|394|5.4|5.4|3|8
35.7|91.58|1923|395|5.4|5.4|3|8
35.8|91.6|1923|395|5.4|5.4|3|8
35.9|91.6|1923|395|5.4|5.4|3|8
36|91.61|1923|395|5.4|5.4|3|8
36.1|91.6|1925|394|5.4|5.4|3|8
36.2|91.6|1925|394|5.4|5.4|4|8
36.3|91.74|1925|394|5.4|5.4|4|8
36.4|91.98|1910|394|5.4|5.4|4|8
36.5|92.36|1874|395|5.4|5.4|4|8
36.6|92.96|1198|396|5.4|5.4|2|8
36.7|93.1|1116|396|5.4|5.4|2|8
36.8|93.15|1113|395|5.4|5.4|2|8
36.9|93.15|1111|395|5.4|5.4|2|8
37|92.99|1111|395|5.4|5.4|2|8
37.1|93.02|1108|395|5.4|5.4|2|8
37.2|92.98|1108|395|5.4|5.4|2|8
37.3|92.94|1108|395|5.4|5.4|2|8
37.4|92.8|1106|395|5.4|5.4|2|8
37.5|92.78|1106|395|5.4|5.4|2|8
37.6|92.67|1106|395|5.4|5.4|2|8
37.7|92.67|1106|395|5.4|5.4|2|8
37.8|92.6|1142|395|5.4|5.4|2|8
37.9|92.55|1237|396|5.4|5.4|2|8
38|92.37|1204|396|5.4|5.4|2|8
38.1|92.37|1196|395|5.4|5.4|2|8
38.2|92.36|1394|396|5.4|5.4|2|8
38.3|92.24|1461|396|5.4|5.4|2|8
38.4|92.15|1456|396|5.4|5.4|2|8
38.5|92.13|1214|396|5.4|5.4|2|8
38.6|92.07|1430|396|5.4|5.4|2|8
38.7|92.07|1706|396|5.4|5.4|2|8
38.8|92.17|1706|396|5.4|5.4|2|8
38.9|92.33|1688|396|5.4|5.4|2|8
39|92.58|1539|396|5.4|5.4|2|8
39.1|92.58|1113|396|5.4|5.4|2|8
39.2|92.71|1106|396|5.4|5.4|2|8
39.3|92.7|1103|396|5.4|5.4|2|8
39.4|92.64|1103|395|5.4|5.4|2|8
39.5|92.68|1103|395|5.4|5.4|2|8
39.6|92.6|1101|395|5.4|5.4|2|8
39.7|92.41|1101|395|5.4|5.4|2|8
39.8|92.4|1101|395|5.4|5.4|2|8
39.9|92.37|1101|395|5.4|5.4|2|8
40|92.35|1101|395|5.4|5.4|2|8
40.1|92.19|1101|395|5.4|5.4|2|8
40.2|92.13|1139|395|5.4|5.4|2|8
40.3|92.08|1108|395|5.4|5.4|2|8
40.4|92.08|1281|396|5.4|5.4|2|8
40.5|91.94|1572|396|5.4|5.4|2|8
40.6|91.9|1335|396|5.4|5.4|2|8
40.7|92.04|1106|396|5.4|5.4|2|8
40.8|92.02|1101|395|5.4|5.4|2|8
40.9|91.92|1101|395|5.4|5.4|2|8
41|91.96|1260|395|5.4|5.4|2|8
41.1|91.9|1675|396|5.4|5.4|2|8
41.2|91.9|1639|396|5.4|5.4|2|8
41.3|92.04|1263|396|5.4|5.4|2|8
41.4|92.24|1103|396|5.4|5.4|2|8
41.5|92.28|1101|396|5.4|5.4|2|8
41.6|92.2|1101|395|5.4|5.4|2|8
41.7|92.13|1101|395|5.4|5.4|2|8
41.8|92.08|1098|395|5.4|5.4|2|8
41.9|92.09|1098|395|5.4|5.4|2|8
42|92.01|1098|395|5.4|5.4|2|8
42.1|91.96|1178|396|5.4|5.4|2|8
42.2|91.92|1559|396|5.4|5.4|2|8
42.3|91.86|1649|396|5.4|5.4|2|8
42.4|91.89|1247|396|5.4|5.4|2|8
42.5|92|1103|396|5.4|5.4|2|8
42.6|92.05|1101|395|5.4|5.4|2|8
42.7|92.09|1098|395|5.4|5.4|2|8
42.8|92.02|1098|395|5.4|5.4|2|8
42.9|91.96|1098|395|5.4|5.4|2|8
43|91.89|1098|395|5.4|5.4|2|8
43.1|91.85|1425|395|5.4|5.4|2|8
43.2|91.8|1425|396|5.4|5.4|2|8
43.3|91.78|1103|396|5.4|5.4|2|8
43.4|91.81|1095|396|5.4|5.4|2|8
43.5|91.78|1219|395|5.4|5.4|2|8
43.6|91.76|1469|396|5.4|5.4|2|8
43.7|91.6|1343|396|5.4|5.4|2|8
43.8|91.61|1101|396|5.4|5.4|2|8
43.9|91.61|1108|396|5.4|5.4|2|8
44|91.54|1479|396|5.4|5.4|2|8
44.1|91.5|1461|396|5.4|5.4|2|8
44.2|91.49|1113|396|5.4|5.4|2|8
44.3|91.53|1101|395|5.4|5.4|2|8
44.4|91.5|1384|396|5.4|5.4|2|8
44.5|91.46|1495|395|5.4|5.4|2|8
44.6|91.34|1160|395|5.4|5.4|2|8
44.7|91.42|1101|395|5.4|5.4|2|8
44.8|91.39|1101|394|5.4|5.4|2|8
44.9|91.39|1356|394|5.4|5.4|2|8
45|91.27|1428|396|5.4|5.4|2|8
45.1|91.3|1106|396|5.4|5.4|2|8
45.2|91.35|1098|395|5.4|5.4|2|8
45.3|91.27|1320|394|5.4|5.4|2|8
45.4|91.25|1495|396|5.4|5.4|2|8
45.5|91.18|1332|396|5.4|5.4|2|8
45.6|91.17|1103|395|5.4|5.4|2|8
45.7|91.19|1108|394|5.4|5.4|2|8
45.8|91.03|1188|394|5.4|5.4|2|8
45.9|91.02|1098|395|5.4|5.4|2|8
46|91.03|1299|395|5.4|5.4|2|8
46.1|90.94|1397|395|5.4|5.4|2|8
46.2|90.87|1428|395|5.4|5.4|2|8
46.3|90.82|1361|396|5.4|5.4|2|8
46.4|90.76|1389|396|5.4|5.4|2|8
46.5|90.68|1428|396|5.4|5.4|2|8
46.6|90.59|1253|396|5.4|5.4|2|8
46.7|90.6|1155|396|5.4|5.4|2|8
46.8|90.58|1224|396|5.4|5.4|2|8
46.9|90.45|1211|396|5.4|5.4|2|8
47|90.41|1278|396|5.4|5.4|2|8
47.1|90.35|1247|395|5.4|5.4|2|8
47.2|90.28|1144|395|5.4|5.4|2|8
47.3|90.23|1149|395|5.4|5.4|2|8
47.4|90.13|1162|396|5.4|5.4|2|8
47.5|89.99|1129|396|5.4|5.4|2|8
47.6|90.01|1103|395|5.4|5.4|2|8
47.7|89.89|1157|394|5.4|5.4|2|8
47.8|89.86|1209|395|5.4|5.4|2|8
47.9|89.78|1173|394|5.4|5.4|2|8
48|89.72|1131|394|5.4|5.4|2|8
48.1|89.62|1175|395|5.4|5.4|2|8
48.2|89.5|1183|395|5.4|5.4|2|8
48.3|89.49|1191|395|5.4|5.4|2|8
48.4|89.41|1204|395|5.4|5.4|2|8
48.5|89.31|1312|394|5.4|5.4|2|8
48.6|89.21|1157|395|5.4|5.4|2|8
48.7|89.18|1170|395|5.4|5.4|2|8
48.8|89.11|1247|394|5.4|5.4|2|8
48.9|88.98|1191|395|5.4|5.4|2|8
49|88.84|1284|396|5.4|5.4|2|8
49.1|88.86|1191|395|5.4|5.4|2|8
49.2|88.74|1456|396|5.4|5.4|2|8
49.3|88.66|1276|395|5.4|5.4|2|8
49.4|88.58|1247|396|5.4|5.4|2|8
49.5|88.48|1224|395|5.4|5.4|2|8
49.6|88.39|1268|395|5.4|5.4|2|8
49.7|88.25|1193|395|5.4|5.4|2|8
49.8|88.21|1229|395|5.4|5.4|2|8
49.9|88.09|1232|395|5.4|5.4|2|8
50|88.03|1180|396|5.4|5.4|2|8
50.1|87.88|1235|396|5.4|5.4|2|8
50.2|87.84|1302|396|5.4|5.4|2|8
50.3|87.68|1180|396|5.4|5.4|2|8
50.4|87.58|1178|395|5.4|5.4|2|8
50.5|87.54|1180|396|5.4|5.4|2|8
50.6|87.38|1253|396|5.4|5.4|2|8
50.7|87.26|1198|396|5.4|5.4|2|8
50.8|87.18|1175|396|5.4|5.4|2|8
50.9|87.1|1191|396|5.4|5.4|2|8
51|86.99|1265|396|5.4|5.4|2|8
51.1|86.86|1232|396|5.4|5.4|2|8
51.2|86.75|1222|396|5.4|5.4|2|8
51.3|86.67|1240|396|5.4|5.4|2|8
51.4|86.54|1289|396|5.4|5.4|2|8
51.5|86.44|1168|396|5.4|5.4|2|8
51.6|86.23|1276|396|5.4|5.4|2|8
51.7|86.19|1173|396|5.4|5.4|2|8
51.8|86.05|1131|396|5.4|5.4|2|8
51.9|85.89|1284|396|5.4|5.4|2|8
52|85.84|1281|396|5.4|5.4|2|8
52.1|85.68|1358|396|5.4|5.4|2|8
52.2|85.56|1317|396|5.4|5.4|2|8
52.3|85.41|1173|396|5.4|5.4|2|8
52.4|85.25|1332|396|5.4|5.4|2|8
52.5|85.14|1237|396|5.4|5.4|2|8
52.6|85.01|1268|396|5.4|5.4|2|8
52.7|84.87|1227|395|5.4|5.4|2|8
52.8|84.76|1307|396|5.4|5.4|2|8
52.9|84.58|1384|396|5.4|5.4|2|8
53|84.42|1369|396|5.4|5.4|2|8
53.1|84.31|1381|396|5.4|5.4|2|8
53.2|84.2|1278|396|5.4|5.4|2|8
53.3|84.05|1229|396|5.4|5.4|2|8
53.4|83.89|1317|395|5.4|5.4|2|8
53.5|83.69|1296|395|5.4|5.4|2|8
53.6|83.57|1327|396|5.4|5.4|2|8
53.7|83.36|1214|396|5.4|5.4|2|8
53.8|83.19|1289|396|5.4|5.4|2|8
53.9|83.09|1278|396|5.4|5.4|2|8
54|82.87|1348|396|5.4|5.4|2|8
54.1|82.74|1348|396|5.4|5.4|2|8
54.2|82.55|1296|396|5.4|5.4|2|8
54.3|82.35|1330|396|5.4|5.4|2|8
54.4|82.17|1294|396|5.4|5.4|2|8
54.5|82.07|1265|396|5.4|5.4|2|8
54.6|81.88|1186|396|5.4|5.4|2|8
54.7|81.7|1229|396|5.4|5.4|2|8
54.8|81.48|1340|396|5.4|5.4|2|8
54.9|81.33|1224|396|5.4|5.4|2|8
55|81.17|1206|396|5.4|5.4|2|8
55.1|80.99|1369|396|5.4|5.4|2|8
55.2|80.79|1446|396|5.4|5.4|2|8
55.3|80.58|1469|396|5.4|5.4|2|8
55.4|80.32|1381|396|5.4|5.4|6|8
55.5|78.4|1936|396|5.4|5.4|6|8
55.6|75.64|1866|396|5.4|5.4|6|8
55.7|73|31|394|5.4|5.4|7|8
55.8|71.2|0|394|5.4|5.4|7|8
55.9|70.3|0|394|5.4|5.4|7|8
56|69.94|0|394|5.4|5.4|7|8
56.1|69.68|0|394|5.4|5.4|7|8
56.2|69.65|0|394|5.4|5.4|7|8
56.3|69.51|0|394|5.4|5.4|7|8
56.4|69.48|0|393|5.4|5.4|7|8
56.5|69.48|0|393|5.4|5.4|7|8
56.6|69.53|0|393|5.4|5.4|7|8
56.7|69.57|0|393|5.4|5.4|7|8
56.8|69.52|0|393|5.4|5.4|7|8
56.9|69.53|0|394|5.4|5.4|7|8
57|69.52|0|394|5.4|5.4|7|8
57.1|69.51|0|394|5.4|5.4|7|8
57.2|69.49|0|394|5.4|5.4|7|8
57.3|69.48|0|394|5.4|5.4|7|8
57.4|69.51|0|394|5.4|5.4|7|8
57.5|69.53|0|394|5.4|5.4|7|8
57.6|69.53|0|394|5.4|5.4|7|8
57.7|69.52|0|394|5.4|5.4|7|8
57.8|69.51|0|394|5.4|5.4|7|8
57.9|69.51|0|394|5.4|5.4|7|8
58|69.49|0|394|5.4|5.4|7|8
58.1|69.48|0|393|5.4|5.4|7|8
58.2|69.47|0|394|5.4|5.4|7|8
58.3|69.47|0|393|5.4|5.4|7|8
58.4|69.48|0|394|5.4|5.4|7|8
58.5|69.48|0|394|5.4|5.4|7|8
58.6|69.48|0|394|5.4|5.4|7|8
58.7|69.51|0|394|5.4|5.4|7|8
58.8|69.51|0|394|5.4|5.4|7|8
58.9|69.49|0|393|5.4|5.4|7|8
59|69.49|0|394|5.4|5.4|7|8
59.1|69.49|0|394|5.4|5.4|7|8
59.2|69.49|0|394|5.4|5.4|7|8
59.3|69.49|0|394|5.4|5.4|7|8
59.4|69.49|0|394|5.4|5.4|7|8
59.5|69.49|0|394|5.4|5.4|7|8
59.6|69.49|0|394|5.4|5.4|7|8
59.7|69.49|0|394|5.4|5.4|7|8
59.8|69.51|0|394|5.4|5.4|7|8
59.9|69.52|0|394|5.4|5.4|7|8
60|69.51|0|394|5.4|5.4|7|8
60.1|69.49|0|394|5.4|5.4|7|8
60.2|69.48|0|394|5.4|5.4|7|8
60.3|69.47|0|394|5.4|5.4|7|8
60.4|69.48|0|394|5.4|5.4|7|8
60.5|69.49|0|393|5.4|5.4|7|8
60.6|69.49|0|394|5.4|5.4|7|8
60.7|69.48|0|394|5.4|5.4|7|8
60.8|69.48|0|394|5.4|5.4|7|8
60.9|69.49|0|394|5.4|5.4|7|8
61|69.48|0|394|5.4|5.4|7|8
61.1|69.48|0|394|5.4|5.4|7|8
61.2|69.48|0|394|5.4|5.4|7|8
61.3|69.48|0|394|5.4|5.4|7|8
61.4|69.48|0|394|5.4|5.4|7|8
61.5|69.49|0|394|5.4|5.4|7|8
61.6|69.49|0|394|5.4|5.4|7|8
61.7|69.52|0|394|5.4|5.4|7|8
61.8|69.47|0|394|5.4|5.4|7|8
61.9|69.45|0|394|5.4|5.4|7|8
62|69.47|0|394|5.4|5.4|7|8
62.1|69.47|0|394|5.4|5.4|7|8
62.2|69.47|0|394|5.4|5.4|7|8
62.3|69.49|0|394|5.4|5.4|7|8
62.4|69.51|0|394|5.4|5.4|7|8
62.5|69.52|0|394|5.4|5.4|7|8
62.6|69.45|0|394|5.4|5.4|7|8
62.7|69.47|0|394|5.4|5.4|7|8
62.8|69.45|0|394|5.4|5.4|7|8
62.9|69.48|0|394|5.4|5.4|7|8
63|69.48|0|394|5.4|5.4|7|8
63.1|69.47|0|394|5.4|5.4|7|8
63.2|69.48|0|394|5.4|5.4|7|8
63.3|69.48|0|394|5.4|5.4|7|8
63.4|69.48|0|394|5.4|5.4|7|8
63.5|69.51|0|394|5.4|5.4|7|8
63.6|69.48|0|394|5.4|5.4|7|8
63.7|69.45|0|394|5.4|5.4|7|8
63.8|69.47|0|394|5.4|5.4|7|8
63.9|69.47|0|394|5.4|5.4|7|8
64|69.47|0|394|5.4|5.4|7|8
64.1|69.47|0|394|5.4|5.4|7|8
64.2|69.47|0|394|5.4|5.4|7|8
64.3|69.47|0|394|5.4|5.4|7|8
64.4|69.47|0|394|5.4|5.4|7|8
64.5|69.47|0|394|5.4|5.4|7|8
64.6|69.47|0|394|5.4|5.4|7|8
64.7|69.47|0|394|5.4|5.4|7|8
64.8|69.47|0|394|5.4|5.4|7|8
64.9|69.47|0|394|5.4|5.4|7|8
65|69.47|0|394|5.4|5.4|7|8
65.1|69.47|0|394|5.4|5.4|7|8
65.2|69.47|0|394|5.4|5.4|7|8
65.3|69.47|0|394|5.4|5.4|7|8
65.4|69.47|0|394|5.4|5.4|7|8
65.5|69.44|0|394|5.4|5.4|7|8
65.6|69.47|0|394|5.4|5.4|7|8
65.7|69.47|0|394|5.4|5.4|7|8
65.8|69.47|0|394|5.4|5.4|7|8
65.9|69.47|0|394|5.4|5.4|7|8
66|69.47|0|394|5.4|5.4|7|8
66.1|69.47|0|394|5.4|5.4|7|8
66.2|69.47|0|394|5.4|5.4|7|8
66.3|69.47|0|394|5.4|5.4|7|8
66.4|69.47|0|394|5.4|5.4|7|8
66.5|69.47|0|396|5.4|5.4|7|8
66.6|69.47|0|407|5.4|5.4|7|8
66.7|69.47|0|411|5.4|5.4|7|8
66.8|69.47|0|412|5.4|5.4|7|8
66.9|69.47|0|412|5.4|5.4|7|8
67|69.47|0|412|5.4|5.4|7|8
67.1|69.45|0|413|5.4|5.4|7|8
67.2|69.47|0|413|5.4|5.4|7|8
67.3|69.45|0|413|5.4|5.4|7|8
67.4|69.47|0|413|5.4|5.4|7|8
67.5|69.47|0|412|5.4|5.4|7|8
67.6|69.47|0|412|5.4|5.4|7|8
67.7|69.45|0|412|5.4|5.4|7|8
67.8|69.47|0|413|5.4|5.4|7|8
67.9|69.45|0|413|5.4|5.4|7|8
68|69.47|0|413|5.4|5.4|7|8
68.1|69.45|0|413|5.4|5.4|7|8
68.2|69.45|0|413|5.4|5.4|7|8
68.3|69.47|0|413|5.4|5.4|7|8
68.4|69.47|0|413|5.4|5.4|7|8
68.5|69.47|0|413|5.4|5.4|7|8
68.6|69.45|0|413|5.4|5.4|7|8
68.7|69.51|0|413|5.4|5.4|8|8
68.8|69.41|0|413|5.4|5.4|8|8
68.9|69.36|0|413|5.4|5.4|8|8
69|69.43|0|413|5.4|5.4|8|8
69.1|69.41|0|413|5.4|5.4|8|8
69.2|69.43|0|413|5.4|5.4|8|8
69.3|69.41|0|413|5.4|5.4|8|8
69.4|69.41|0|413|5.4|5.4|8|8
69.5|69.41|0|413|5.4|5.4|8|8
69.6|69.39|0|413|5.3|5.3|8|8
69.7|69.37|0|413|5.3|5.3|8|8
69.8|69.44|0|413|5.3|5.3|8|8
69.9|69.41|0|412|5.3|5.3|8|8
70|69.43|0|412|5.3|5.3|8|8
70.1|69.41|0|412|5.3|5.3|8|8
70.2|69.4|0|412|5.2|5.2|8|8
70.3|69.43|0|412|5.2|5.2|8|8
70.4|69.45|0|412|5.2|5.2|8|8
70.5|69.41|0|412|5.2|5.2|8|8
70.6|69.4|0|412|5.2|5.2|8|8
70.7|70.58|0|412|5.2|5.2|8|8
70.8|73.52|0|412|5.2|5.2|8|8
70.9|76.55|0|412|5.2|5.2|8|8
71|79.57|0|412|5.2|5.2|8|8
71.1|82.56|0|413|5.2|5.2|8|8
71.2|85.54|0|413|5.2|5.2|8|8
71.3|88.47|0|412|5.2|5.2|8|8
71.4|91.43|0|412|5.2|5.2|8|8
71.5|94.05|0|412|5.2|5.2|8|8
71.6|95.22|0|412|5.2|5.2|8|8
71.7|95.68|0|412|5.2|5.2|8|8
