0|96.05|887|412|5.1|5.1|1|8
0.1|96.02|1028|416|5.1|5.1|1|8
0.2|96.06|1034|418|5.1|5.1|1|8
0.3|96.08|1036|418|5.1|5.1|1|8
0.4|96.09|1039|418|5.1|5.1|1|8
0.5|96.08|1039|418|5.1|5.1|2|8
0.6|95.74|1070|418|5.1|5.1|2|8
0.7|95.35|1180|419|5.1|5.1|2|8
0.8|94.95|1562|420|5.1|5.1|3|8
0.9|94.66|1644|422|5.1|5.1|3|8
1|94.43|1668|423|5.1|5.1|3|8
1.1|94.24|1678|423|5.1|5.1|3|8
1.2|94.24|1688|424|5.1|5.1|3|8
1.3|94.27|1693|424|5.1|5.1|3|8
1.4|94.27|1698|424|5.1|5.1|3|8
1.5|94.25|1701|424|5.1|5.1|3|8
1.6|94.27|1706|424|5.1|5.1|3|8
1.7|94.25|1709|424|5.1|5.1|3|8
1.8|94.27|1711|424|5.1|5.1|3|8
1.9|94.25|1716|424|5.1|5.1|3|8
2|94.28|1719|424|5.1|5.1|3|8
2.1|94.27|1722|424|5.1|5.1|3|8
2.2|94.25|1724|424|5.1|5.1|3|8
2.3|94.28|1727|424|5.1|5.1|3|8
2.4|94.36|1732|424|5.1|5.1|3|8
2.5|94.28|1735|425|5.1|5.1|3|8
2.6|94.25|1737|424|5.1|5.1|3|8
2.7|94.23|1740|424|5.2|5.2|3|8
2.8|94.27|1740|424|5.2|5.2|4|8
2.9|94.27|1742|424|5.2|5.2|4|8
3|94.63|1737|424|5.2|5.2|4|8
3.1|95.04|1655|424|5.2|5.2|4|8
3.2|95.58|1309|424|5.2|5.2|5|8
3.3|96.01|1075|422|5.2|5.2|5|8
3.4|96.08|1070|420|5.2|5.2|5|8
3.5|96.16|1070|420|5.2|5.2|5|8
3.6|96.24|1067|420|5.2|5.2|5|8
3.7|96.28|1067|420|5.2|5.2|5|8
3.8|96.25|1067|420|5.2|5.2|5|8
3.9|96.21|1064|420|5.2|5.2|5|8
4|96.2|1064|420|5.2|5.2|5|8
4.1|96.23|1064|420|5.2|5.2|5|8
4.2|96.28|1064|420|5.2|5.2|5|8
4.3|96.25|1064|420|5.2|5.2|5|8
4.4|96.23|1064|420|5.2|5.2|5|8
4.5|96.23|1064|420|5.2|5.2|5|8
4.6|96.24|1064|420|5.2|5.2|5|8
4.7|96.24|1062|423|5.2|5.2|5|8
4.8|96.24|1062|424|5.2|5.2|5|8
4.9|96.23|1062|425|5.2|5.2|5|8
5|96.24|1062|425|5.2|5.2|5|8
5.1|96.25|1062|426|5.2|5.2|5|8
5.2|96.24|1062|426|5.2|5.2|2|8
5.3|96.2|1059|426|5.2|5.2|2|8
5.4|95.89|1062|426|5.2|5.2|2|8
5.5|95.49|1062|426|5.2|5.2|2|8
5.6|95.03|1101|426|5.2|5.2|2|8
5.7|94.61|1536|426|5.2|5.2|2|8
5.8|94.24|1701|428|5.2|5.2|3|8
5.9|93.97|1722|430|5.2|5.2|3|8
6|93.92|1732|430|5.2|5.2|3|8
6.1|93.85|1740|430|5.2|5.2|3|8
6.2|93.8|1745|430|5.2|5.2|3|8
6.3|93.77|1747|430|5.2|5.2|3|8
6.4|93.8|1750|430|5.2|5.2|3|8
6.5|93.8|1753|430|5.2|5.2|3|8
6.6|93.8|1755|430|5.2|5.2|3|8
6.7|93.82|1755|430|5.2|5.2|3|8
6.8|93.84|1758|430|5.2|5.2|3|8
6.9|93.81|1760|430|5.2|5.2|3|8
7|93.82|1763|430|5.2|5.2|3|8
7.1|93.77|1765|430|5.2|5.2|3|8
7.2|93.77|1765|430|5.3|5.3|3|8
7.3|93.78|1765|430|5.3|5.3|3|8
7.4|93.82|1765|430|5.3|5.3|3|8
7.5|93.81|1768|430|5.3|5.3|3|8
7.6|93.82|1768|430|5.3|5.3|3|8
7.7|93.81|1771|430|5.3|5.3|3|8
7.8|93.81|1771|431|5.3|5.3|4|8
7.9|94.12|1765|431|5.3|5.3|4|8
8|94.59|1732|431|5.3|5.3|4|8
8.1|95.04|1157|430|5.3|5.3|5|8
8.2|95.39|1077|428|5.3|5.3|5|8
8.3|95.51|1072|427|5.3|5.3|5|8
8.4|95.54|1072|427|5.3|5.3|5|8
8.5|95.58|1070|426|5.3|5.3|5|8
8.6|95.58|1070|426|5.3|5.3|5|8
8.7|95.58|1070|426|5.3|5.3|5|8
8.8|95.59|1070|427|5.3|5.3|5|8
8.9|95.59|1067|426|5.3|5.3|5|8
9|95.58|1067|427|5.3|5.3|5|8
9.1|95.59|1067|427|5.3|5.3|5|8
9.2|95.62|1067|427|5.3|5.3|5|8
9.3|95.61|1067|427|5.3|5.3|5|8
9.4|95.61|1064|427|5.3|5.3|5|8
9.5|95.57|1064|427|5.3|5.3|5|8
9.6|95.54|1064|427|5.3|5.3|5|8
9.7|95.59|1064|427|5.3|5.3|5|8
9.8|95.63|1064|427|5.3|5.3|5|8
9.9|95.58|1064|427|5.3|5.3|5|8
10|95.51|1062|427|5.3|5.3|5|8
10.1|95.59|1062|427|5.3|5.3|2|8
10.2|95.5|1062|427|5.3|5.3|2|8
10.3|95.14|1062|427|5.3|5.3|2|8
10.4|94.76|1077|428|5.3|5.3|2|8
10.5|94.31|1464|428|5.3|5.3|2|8
10.6|93.88|1735|426|5.3|5.3|3|8
10.7|93.68|1768|407|5.3|5.3|3|8
10.8|93.54|1773|400|5.3|5.3|3|8
10.9|93.54|1781|398|5.3|5.3|3|8
11|93.46|1786|398|5.3|5.3|3|8
11.1|93.5|1791|397|5.3|5.3|3|8
11.2|93.5|1794|397|5.3|5.3|3|8
11.3|93.51|1796|397|5.3|5.3|3|8
11.4|93.51|1799|397|5.3|5.3|3|8
11.5|93.5|1799|397|5.3|5.3|3|8
11.6|93.47|1802|397|5.3|5.3|3|8
11.7|93.49|1804|397|5.3|5.3|3|8
11.8|93.49|1804|398|5.3|5.3|3|8
11.9|93.5|1804|398|5.3|5.3|3|8
12|93.51|1807|398|5.3|5.3|3|8
12.1|93.46|1807|398|5.3|5.3|3|8
12.2|93.49|1809|398|5.3|5.3|3|8
12.3|93.5|1809|398|5.3|5.3|3|8
12.4|93.49|1809|398|5.3|5.3|3|8
12.5|93.49|1812|398|5.3|5.3|3|8
12.6|93.49|1809|398|5.3|5.3|4|8
12.7|93.76|1809|398|5.3|5.3|4|8
12.8|94.25|1747|398|5.3|5.3|4|8
12.9|94.7|1134|397|5.3|5.3|5|8
13|94.95|1088|396|5.3|5.3|5|8
13.1|95.04|1085|395|5.3|5.3|5|8
13.2|95.1|1082|395|5.3|5.3|5|8
13.3|95.07|1082|395|5.3|5.3|5|8
13.4|95.11|1082|395|5.3|5.3|5|8
13.5|95.14|1080|395|5.3|5.3|5|8
13.6|95.17|1080|395|5.3|5.3|5|8
13.7|95.15|1080|395|5.3|5.3|5|8
13.8|95.14|1080|395|5.3|5.3|5|8
13.9|95.14|1080|395|5.3|5.3|5|8
14|95.17|1080|395|5.3|5.3|5|8
14.1|95.14|1077|395|5.3|5.3|5|8
14.2|95.14|1077|395|5.3|5.3|5|8
14.3|95.12|1077|395|5.3|5.3|5|8
14.4|95.15|1077|395|5.3|5.3|5|8
14.5|95.15|1077|395|5.3|5.3|5|8
14.6|95.14|1077|395|5.3|5.3|5|8
14.7|95.15|1077|396|5.3|5.3|5|8
14.8|95.15|1075|396|5.3|5.3|5|8
14.9|95.14|1075|396|5.3|5.3|2|8
15|95.02|1075|396|5.3|5.3|2|8
15.1|94.7|1075|395|5.3|5.3|2|8
15.2|94.25|1131|395|5.3|5.3|2|8
15.3|93.74|1680|396|5.3|5.3|3|8
15.4|93.42|1778|397|5.3|5.3|3|8
15.5|93.18|1789|398|5.3|5.3|3|8
15.6|93.27|1794|398|5.3|5.3|3|8
15.7|93.17|1802|398|5.3|5.3|3|8
15.8|93.13|1809|398|5.3|5.3|3|8
15.9|93.13|1814|398|5.3|5.3|3|8
16|93.17|1817|398|5.3|5.3|3|8
16.1|93.13|1825|398|5.3|5.3|3|8
16.2|93.15|1822|398|5.3|5.3|3|8
16.3|93.17|1825|398|5.3|5.3|3|8
16.4|93.17|1827|398|5.3|5.3|3|8
16.5|93.13|1830|398|5.3|5.3|3|8
16.6|93.14|1830|398|5.3|5.3|3|8
16.7|93.15|1830|398|5.3|5.3|3|8
16.8|93.17|1832|398|5.3|5.3|3|8
16.9|93.13|1832|398|5.3|5.3|3|8
17|93.14|1835|398|5.3|5.3|3|8
17.1|93.15|1835|398|5.3|5.3|3|8
17.2|93.14|1835|398|5.3|5.3|3|8
17.3|93.14|1835|398|5.3|5.3|4|8
17.4|93.19|1838|398|5.3|5.3|4|8
17.5|93.64|1809|398|5.3|5.3|4|8
17.6|94.13|1137|396|5.3|5.3|5|8
17.7|94.35|1088|396|5.3|5.3|5|8
17.8|94.48|1085|396|5.3|5.3|5|8
17.9|94.52|1085|395|5.3|5.3|5|8
18|94.53|1082|395|5.3|5.3|5|8
18.1|94.53|1082|395|5.3|5.3|5|8
18.2|94.53|1080|395|5.3|5.3|5|8
18.3|94.53|1080|395|5.3|5.3|5|8
18.4|94.53|1080|395|5.3|5.3|5|8
18.5|94.52|1080|395|5.3|5.3|5|8
18.6|94.56|1077|395|5.3|5.3|5|8
18.7|94.59|1077|395|5.3|5.3|5|8
18.8|94.53|1077|395|5.3|5.3|5|8
18.9|94.52|1077|395|5.3|5.3|5|8
19|94.53|1077|395|5.3|5.3|5|8
19.1|94.53|1077|395|5.3|5.3|5|8
19.2|94.53|1077|395|5.3|5.3|5|8
19.3|94.55|1075|395|5.3|5.3|5|8
19.4|94.59|1075|395|5.3|5.3|5|8
19.5|94.55|1075|395|5.3|5.3|5|8
19.6|94.52|1075|395|5.3|5.3|2|8
19.7|94.37|1075|395|5.3|5.3|2|8
19.8|94.06|1075|395|5.3|5.3|2|8
19.9|93.62|1209|396|5.3|5.3|2|8
20|93.25|1763|396|5.3|5.3|3|8
20.1|93.02|1802|397|5.3|5.3|3|8
20.2|92.9|1814|397|5.3|5.3|3|8
20.3|92.87|1822|398|5.3|5.3|3|8
20.4|92.84|1830|398|5.3|5.3|3|8
20.5|92.78|1832|398|5.3|5.3|3|8
20.6|92.8|1838|396|5.3|5.3|3|8
20.7|92.82|1843|394|5.3|5.3|3|8
20.8|92.83|1845|394|5.3|5.3|3|8
20.9|92.82|1845|394|5.3|5.3|3|8
21|92.79|1848|394|5.3|5.3|3|8
21.1|92.8|1848|393|5.3|5.3|3|8
21.2|92.8|1848|394|5.3|5.3|3|8
21.3|92.8|1851|394|5.3|5.3|3|8
21.4|92.82|1853|394|5.3|5.3|3|8
21.5|92.82|1853|394|5.3|5.3|3|8
21.6|92.79|1856|394|5.3|5.3|3|8
21.7|92.8|1856|393|5.3|5.3|3|8
21.8|92.8|1856|393|5.3|5.3|3|8
21.9|92.83|1858|393|5.3|5.3|3|8
22|92.78|1858|393|5.3|5.3|4|8
22.1|92.98|1856|393|5.3|5.3|4|8
22.2|93.46|1791|394|5.3|5.3|4|8
22.3|93.9|1119|393|5.3|5.3|5|8
22.4|94.17|1090|392|5.3|5.3|5|8
22.5|94.24|1088|392|5.3|5.3|5|8
22.6|94.29|1085|392|5.3|5.3|5|8
22.7|94.29|1085|392|5.3|5.3|5|8
22.8|94.31|1082|392|5.3|5.3|5|8
22.9|94.35|1082|392|5.3|5.3|5|8
23|94.29|1082|392|5.3|5.3|5|8
23.1|94.24|1082|392|5.3|5.3|5|8
23.2|94.28|1080|392|5.3|5.3|5|8
23.3|94.29|1080|392|5.3|5.3|5|8
23.4|94.27|1080|392|5.3|5.3|5|8
23.5|94.31|1080|391|5.3|5.3|5|8
23.6|94.35|1080|392|5.3|5.3|5|8
23.7|94.32|1080|392|5.3|5.3|5|8
23.8|94.31|1080|392|5.3|5.3|5|8
23.9|94.28|1077|392|5.3|5.3|5|8
24|94.24|1077|392|5.3|5.3|5|8
24.1|94.28|1080|392|5.3|5.3|5|8
24.2|94.24|1077|392|5.3|5.3|5|8
24.3|94.35|1077|392|5.3|5.3|2|8
24.4|94.09|1075|392|5.3|5.3|2|8
24.5|93.73|1075|391|5.3|5.3|2|8
24.6|93.26|1430|392|5.3|5.3|2|8
24.7|92.88|1781|392|5.3|5.3|3|8
24.8|92.67|1814|392|5.3|5.3|3|8
24.9|92.62|1830|392|5.3|5.3|3|8
25|92.67|1838|392|5.3|5.3|3|8
25.1|92.56|1843|393|5.3|5.3|3|8
25.2|92.59|1848|393|5.3|5.3|3|8
25.3|92.53|1851|393|5.3|5.3|3|8
25.4|92.56|1856|392|5.3|5.3|3|8
25.5|92.56|1858|393|5.3|5.3|3|8
25.6|92.53|1861|393|5.3|5.3|3|8
25.7|92.56|1863|393|5.3|5.3|3|8
25.8|92.55|1863|392|5.3|5.3|3|8
25.9|92.55|1866|392|5.3|5.3|3|8
26|92.58|1866|392|5.3|5.3|3|8
26.1|92.55|1869|393|5.3|5.3|3|8
26.2|92.58|1869|392|5.3|5.3|3|8
26.3|92.56|1869|392|5.3|5.3|3|8
26.4|92.56|1871|392|5.3|5.3|3|8
26.5|92.53|1869|393|5.3|5.3|3|8
26.6|92.55|1871|392|5.3|5.3|3|8
26.7|92.55|1871|393|5.3|5.3|4|8
26.8|92.8|1863|392|5.3|5.3|4|8
26.9|93.29|1691|393|5.3|5.3|4|8
27|93.74|1103|392|5.3|5.3|5|8
27.1|93.89|1090|392|5.3|5.3|5|8
27.2|94|1088|392|5.3|5.3|5|8
27.3|94.05|1085|392|5.3|5.3|5|8
27.4|94.04|1082|392|5.3|5.3|5|8
27.5|94.05|1082|392|5.3|5.3|5|8
27.6|94.1|1082|391|5.3|5.3|5|8
27.7|94.05|1080|392|5.3|5.3|5|8
27.8|94.06|1080|391|5.3|5.3|5|8
27.9|94.05|1080|392|5.3|5.3|5|8
28|94.02|1077|392|5.3|5.3|5|8
28.1|94|1077|392|5.3|5.3|5|8
28.2|94.05|1077|391|5.3|5.3|5|8
28.3|94.05|1077|391|5.3|5.3|5|8
28.4|94.04|1077|391|5.3|5.3|5|8
28.5|94.02|1077|391|5.3|5.3|5|8
28.6|94.02|1077|391|5.3|5.3|5|8
28.7|94.04|1075|391|5.3|5.3|5|8
28.8|94.08|1075|391|5.3|5.3|5|8
28.9|94.06|1075|391|5.3|5.3|5|8
29|94.04|1075|391|5.3|5.3|2|8
29.1|93.82|1075|391|5.3|5.3|2|8
29.2|93.39|1080|391|5.3|5.3|2|8
29.3|92.94|1619|391|5.3|5.3|3|8
29.4|92.63|1802|392|5.3|5.3|3|8
29.5|92.4|1825|392|5.3|5.3|3|8
29.6|92.36|1840|392|5.3|5.3|3|8
29.7|92.35|1848|392|5.4|5.3|3|8
29.8|92.37|1856|392|5.3|5.3|3|8
29.9|92.33|1861|392|5.3|5.3|3|8
30|92.37|1863|392|5.3|5.3|3|8
30.1|92.25|1866|392|5.3|5.3|3|8
30.2|92.32|1869|392|5.3|5.3|3|8
30.3|92.31|1871|392|5.3|5.3|3|8
30.4|92.31|1874|392|5.3|5.3|3|8
30.5|92.35|1874|392|5.3|5.3|3|8
30.6|92.25|1876|392|5.3|5.3|3|8
30.7|92.36|1879|392|5.3|5.3|3|8
30.8|92.25|1876|392|5.3|5.3|3|8
30.9|92.32|1879|392|5.3|5.3|3|8
31|92.35|1879|392|5.3|5.3|3|8
31.1|92.25|1879|392|5.3|5.3|3|8
31.2|92.32|1881|392|5.3|5.3|3|8
31.3|92.29|1879|392|5.3|5.3|4|8
31.4|92.29|1879|392|5.3|5.3|4|8
31.5|92.59|1861|392|5.3|5.3|4|8
31.6|93.15|1508|393|5.3|5.3|4|8
31.7|93.54|1098|392|5.3|5.3|5|8
31.8|93.78|1088|392|5.3|5.3|5|8
31.9|93.76|1085|391|5.3|5.3|5|8
32|93.81|1085|391|5.3|5.3|5|8
32.1|93.85|1082|391|5.3|5.3|5|8
32.2|93.89|1082|391|5.3|5.3|5|8
32.3|93.86|1080|391|5.3|5.3|5|8
32.4|93.8|1080|391|5.3|5.3|5|8
32.5|93.8|1080|391|5.3|5.3|5|8
32.6|93.84|1080|391|5.3|5.3|5|8
32.7|93.82|1077|391|5.3|5.3|5|8
32.8|93.84|1077|391|5.3|5.3|5|8
32.9|93.84|1077|391|5.3|5.3|5|8
33|93.84|1077|391|5.3|5.3|5|8
33.1|93.82|1077|391|5.3|5.3|5|8
33.2|93.84|1077|391|5.3|5.3|5|8
33.3|93.84|1075|390|5.3|5.3|5|8
33.4|93.84|1075|390|5.3|5.3|5|8
33.5|93.85|1075|390|5.3|5.3|5|8
33.6|93.89|1075|390|5.3|5.4|5|8
33.7|93.82|1075|391|5.3|5.3|2|8
33.8|93.57|1075|390|5.3|5.3|2|8
33.9|93.13|1098|391|5.3|5.3|2|8
34|92.64|1642|391|5.3|5.3|3|8
34.1|92.36|1796|392|5.3|5.3|3|8
34.2|92.24|1830|392|5.3|5.3|3|8
34.3|92.13|1843|392|5.3|5.3|3|8
34.4|92.16|1851|392|5.3|5.3|3|8
34.5|92.12|1858|392|5.3|5.3|3|8
34.6|92.13|1863|392|5.3|5.3|3|8
34.7|92.08|1869|392|5.3|5.3|3|8
34.8|92.11|1871|392|5.3|5.3|3|8
34.9|92.09|1874|392|5.3|5.3|3|8
35|92.11|1876|392|5.3|5.3|3|8
35.1|92.11|1879|392|5.3|5.3|3|8
35.2|92.11|1881|392|5.3|5.3|3|8
35.3|92.11|1881|392|5.3|5.3|3|8
35.4|92.11|1884|392|5.3|5.3|3|8
35.5|92.09|1884|392|5.3|5.3|3|8
35.6|92.08|1884|392|5.3|5.3|3|8
35.7|92.12|1887|392|5.3|5.3|3|8
35.8|92.09|1887|392|5.3|5.3|3|8
35.9|92.09|1887|392|5.3|5.3|3|8
36|92.12|1887|392|5.3|5.3|4|8
36.1|92.16|1887|392|5.3|5.3|4|8
36.2|92.51|1861|392|5.3|5.3|4|8
36.3|93.02|1515|392|5.3|5.3|4|8
36.4|93.33|1095|392|5.3|5.3|2|8
36.5|93.46|1088|391|5.3|5.3|2|8
36.6|93.43|1085|391|5.3|5.3|2|8
36.7|93.41|1082|391|5.4|5.3|2|8
36.8|93.31|1082|390|5.3|5.3|2|8
36.9|93.26|1080|390|5.3|5.3|2|8
37|93.15|1080|390|5.4|5.3|2|8
37.1|93.17|1080|390|5.3|5.3|2|8
37.2|93.21|1077|390|5.3|5.3|2|8
37.3|93.03|1077|390|5.3|5.3|2|8
37.4|92.98|1077|390|5.3|5.3|2|8
37.5|92.98|1090|390|5.3|5.3|2|8
37.6|92.9|1124|390|5.3|5.3|2|8
37.7|92.83|1170|390|5.3|5.3|2|8
37.8|92.66|1139|391|5.3|5.3|2|8
37.9|92.7|1077|390|5.3|5.3|2|8
38|92.62|1173|390|5.3|5.3|2|8
38.1|92.63|1103|390|5.3|5.3|2|8
38.2|92.58|1183|391|5.3|5.3|2|8
38.3|92.36|1621|391|5.3|5.3|2|8
38.4|92.44|1678|392|5.3|5.3|2|8
38.5|92.55|1660|392|5.3|5.4|2|8
38.6|92.75|1188|391|5.3|5.3|2|8
38.7|92.87|1090|391|5.3|5.3|2|8
38.8|92.94|1077|390|5.3|5.3|2|8
38.9|92.92|1075|390|5.3|5.3|2|8
39|92.84|1075|390|5.4|5.3|2|8
39.1|92.67|1075|390|5.3|5.4|2|8
39.2|92.67|1075|390|5.3|5.4|2|8
39.3|92.64|1077|390|5.3|5.3|2|8
39.4|92.59|1106|390|5.3|5.4|2|8
39.5|92.58|1149|390|5.3|5.3|2|8
39.6|92.48|1299|391|5.3|5.3|2|8
39.7|92.36|1407|392|5.3|5.4|2|8
39.8|92.36|1111|391|5.3|5.4|2|8
39.9|92.33|1080|390|5.4|5.3|2|8
40|92.33|1345|391|5.3|5.3|2|8
40.1|92.28|1655|391|5.3|5.3|2|8
40.2|92.29|1603|392|5.3|5.3|2|8
40.3|92.49|1165|392|5.4|5.3|2|8
40.4|92.49|1077|391|5.3|5.4|2|8
40.5|92.59|1075|390|5.4|5.3|2|8
40.6|92.59|1075|390|5.3|5.4|2|8
40.7|92.49|1075|390|5.3|5.3|2|8
40.8|92.32|1072|390|5.3|5.3|2|8
40.9|92.35|1072|390|5.4|5.3|2|8
41|92.36|1072|390|5.3|5.3|2|8
41.1|92.31|1170|390|5.3|5.3|2|8
41.2|92.15|1459|392|5.4|5.3|2|8
41.3|92.13|1168|391|5.3|5.3|2|8
41.4|92.05|1214|390|5.3|5.3|2|8
41.5|91.97|1129|390|5.4|5.3|2|8
41.6|91.94|1129|390|5.3|5.3|2|8
41.7|91.9|1152|390|5.4|5.3|2|8
41.8|91.81|1420|390|5.4|5.3|2|8
41.9|91.77|1660|391|5.3|5.3|2|8
42|91.81|1598|391|5.4|5.3|2|8
42.1|91.97|1088|391|5.4|5.3|2|8
42.2|92.04|1077|390|5.4|5.4|2|8
42.3|91.98|1075|390|5.4|5.4|2|8
42.4|91.92|1075|390|5.4|5.3|2|8
42.5|91.92|1072|390|5.4|5.4|2|8
42.6|91.89|1075|390|5.3|5.4|2|8
42.7|91.76|1075|390|5.3|5.4|2|8
42.8|91.74|1379|390|5.4|5.4|2|8
42.9|91.68|1247|390|5.3|5.3|2|8
43|91.57|1219|390|5.4|5.4|2|8
43.1|91.56|1216|390|5.4|5.3|2|8
43.2|91.54|1157|391|5.3|5.4|2|8
43.3|91.43|1250|390|5.4|5.3|2|8
43.4|91.38|1168|390|5.4|5.4|2|8
43.5|91.23|1198|390|5.4|5.3|2|8
43.6|91.25|1237|390|5.4|5.3|2|8
43.7|91.21|1281|390|5.3|5.3|2|8
43.8|91.03|1245|390|5.4|5.3|2|8
43.9|91|1116|390|5.4|5.4|2|8
44|90.94|1188|390|5.4|5.3|2|8
44.1|90.9|1137|390|5.4|5.4|2|8
44.2|90.8|1126|390|5.4|5.4|2|8
44.3|90.71|1209|390|5.3|5.4|2|8
44.4|90.62|1273|390|5.4|5.4|2|8
44.5|90.58|1227|390|5.4|5.4|2|8
44.6|90.52|1173|390|5.4|5.4|2|8
44.7|90.44|1147|390|5.4|5.4|2|8
44.8|90.33|1201|390|5.4|5.3|2|8
44.9|90.32|1263|390|5.4|5.3|2|8
45|90.19|1237|390|5.4|5.4|2|8
45.1|90.07|1170|390|5.4|5.3|2|8
45.2|90.01|1155|390|5.4|5.3|2|8
45.3|89.88|1111|390|5.4|5.3|2|8
45.4|89.84|1183|390|5.4|5.4|2|8
45.5|89.76|1139|390|5.4|5.4|2|8
45.6|89.72|1209|390|5.3|5.4|2|8
45.7|89.54|1165|390|5.3|5.4|2|8
45.8|89.53|1229|390|5.4|5.4|2|8
45.9|89.39|1198|390|5.4|5.4|2|8
46|89.3|1255|390|5.4|5.3|2|8
46.1|89.18|1173|389|5.4|5.4|2|8
46.2|89.1|1309|390|5.4|5.3|2|8
46.3|89.05|1201|390|5.4|5.4|2|8
46.4|88.87|1165|389|5.4|5.4|2|8
46.5|88.84|1137|390|5.4|5.4|2|8
46.6|88.74|1209|389|5.4|5.4|2|8
46.7|88.6|1139|389|5.4|5.3|2|8
46.8|88.52|1209|389|5.4|5.4|2|8
46.9|88.36|1178|389|5.4|5.4|2|8
47|88.31|1188|390|5.4|5.4|2|8
47.1|88.2|1209|390|5.4|5.4|2|8
47.2|88.05|1232|390|5.4|5.4|2|8
47.3|87.99|1284|390|5.4|5.4|2|8
47.4|87.85|1273|390|5.4|5.4|2|8
47.5|87.74|1291|390|5.4|5.4|2|8
47.6|87.62|1271|389|5.4|5.4|2|8
47.7|87.5|1258|389|5.4|5.4|2|8
47.8|87.39|1175|390|5.4|5.4|2|8
47.9|87.26|1157|390|5.4|5.3|2|8
48|87.19|1137|388|5.4|5.4|2|8
48.1|87.01|1175|388|5.4|5.4|2|8
48.2|86.87|1165|390|5.4|5.4|2|8
48.3|86.76|1224|390|5.4|5.4|2|8
48.4|86.6|1335|388|5.4|5.4|2|8
48.5|86.55|1204|389|5.4|5.4|2|8
48.6|86.39|1227|388|5.4|5.4|2|8
48.7|86.24|1165|389|5.4|5.4|2|8
48.8|86.09|1289|390|5.4|5.4|2|8
48.9|85.93|1273|390|5.4|5.4|2|8
49|85.81|1394|390|5.4|5.4|2|8
49.1|85.65|1265|389|5.4|5.4|2|8
49.2|85.49|1379|390|5.4|5.4|2|8
49.3|85.41|1327|390|5.4|5.4|2|8
49.4|85.21|1291|389|5.4|5.4|2|8
49.5|85.06|1345|390|5.4|5.4|2|8
49.6|84.95|1276|390|5.4|5.4|2|8
49.7|84.79|1201|390|5.4|5.4|2|8
49.8|84.58|1155|390|5.4|5.4|2|8
49.9|84.39|1191|390|5.4|5.4|2|8
50|84.25|1211|390|5.4|5.4|2|8
50.1|84.09|1209|390|5.4|5.4|2|8
50.2|83.91|1317|390|5.4|5.4|2|8
50.3|83.78|1312|391|5.4|5.4|2|8
50.4|83.6|1258|390|5.4|5.4|2|8
50.5|83.44|1186|390|5.4|5.4|2|8
50.6|83.23|1206|390|5.4|5.4|2|8
50.7|83.06|1206|390|5.4|5.4|2|8
50.8|82.87|1265|390|5.4|5.4|2|8
50.9|82.68|1206|390|5.4|5.4|2|8
51|82.52|1255|390|5.4|5.4|2|8
51.1|82.27|1402|389|5.4|5.4|2|8
51.2|82.15|1312|390|5.4|5.4|2|8
51.3|81.89|1376|390|5.3|5.3|6|8
51.4|80.15|1892|389|5.3|5.3|6|8
51.5|77.38|1881|389|5.3|5.3|6|8
51.6|74.62|34|388|5.3|5.3|7|8
51.7|72.59|0|386|5.3|5.3|7|8
51.8|71.79|0|386|5.3|5.3|7|8
51.9|71.41|0|386|5.3|5.3|7|8
52|71.22|0|386|5.3|5.3|7|8
52.1|71.18|0|386|5.3|5.3|7|8
52.2|71.13|0|386|5.3|5.3|7|8
52.3|71.09|0|386|5.3|5.3|7|8
52.4|71.06|0|386|5.3|5.3|7|8
52.5|71.06|0|386|5.3|5.3|7|8
52.6|71.05|0|386|5.3|5.3|7|8
52.7|71.1|0|386|5.3|5.3|7|8
52.8|71.14|0|386|5.3|5.3|7|8
52.9|71.1|0|386|5.3|5.3|7|8
53|71.12|0|386|5.3|5.3|7|8
53.1|71.1|0|386|5.3|5.3|7|8
53.2|71.08|0|386|5.3|5.3|7|8
53.3|71.06|0|386|5.3|5.3|7|8
53.4|71.06|0|386|5.3|5.3|7|8
53.5|71.02|0|386|5.3|5.3|7|8
53.6|71.04|0|386|5.3|5.3|7|8
53.7|71.08|0|386|5.3|5.3|7|8
53.8|71.1|0|386|5.3|5.3|7|8
53.9|71.09|0|386|5.3|5.3|7|8
54|71.12|0|386|5.3|5.3|7|8
54.1|71.09|0|386|5.3|5.3|7|8
54.2|71.04|0|386|5.3|5.3|7|8
54.3|71.05|0|386|5.3|5.3|7|8
54.4|71.08|0|386|5.3|5.3|7|8
54.5|71.12|0|386|5.3|5.3|7|8
54.6|71.1|0|386|5.3|5.3|7|8
54.7|71.02|0|386|5.3|5.3|7|8
54.8|71.04|0|386|5.3|5.3|7|8
54.9|71.08|0|386|5.3|5.3|7|8
55|71.12|0|386|5.3|5.3|7|8
55.1|71.09|0|386|5.3|5.3|7|8
55.2|71.05|0|386|5.3|5.3|7|8
55.3|71.04|0|386|5.3|5.3|7|8
55.4|71.06|0|386|5.3|5.3|7|8
55.5|71.09|0|386|5.3|5.3|7|8
55.6|71.1|0|386|5.3|5.3|7|8
55.7|71.02|0|386|5.3|5.3|7|8
55.8|71.04|0|386|5.3|5.3|7|8
55.9|71.05|0|386|5.3|5.4|7|8
56|71.06|0|386|5.3|5.3|7|8
56.1|71.1|0|386|5.3|5.3|7|8
56.2|71.05|0|386|5.3|5.3|7|8
56.3|71.04|0|386|5.3|5.3|7|8
56.4|71.05|0|386|5.3|5.3|7|8
56.5|71.04|0|386|5.3|5.3|7|8
56.6|71.08|0|386|5.3|5.3|7|8
56.7|71.12|0|386|5.3|5.3|7|8
56.8|71.02|0|386|5.3|5.3|7|8
56.9|71.04|0|386|5.3|5.3|7|8
57|71.04|0|386|5.3|5.3|7|8
57.1|71.05|0|386|5.3|5.3|7|8
57.2|71.04|0|386|5.3|5.3|7|8
57.3|71.05|0|386|5.3|5.3|7|8
57.4|71.12|0|386|5.3|5.4|7|8
57.5|71.04|0|386|5.3|5.3|7|8
57.6|71.04|0|386|5.3|5.3|7|8
57.7|71.04|0|386|5.4|5.3|7|8
57.8|71.06|0|386|5.3|5.4|7|8
57.9|71.1|0|386|5.3|5.3|7|8
58|71.05|0|386|5.3|5.3|7|8
58.1|71.04|0|386|5.3|5.3|7|8
58.2|71.04|0|386|5.3|5.3|7|8
58.3|71.04|0|386|5.3|5.3|7|8
58.4|71.06|0|386|5.3|5.3|7|8
58.5|71.12|0|386|5.3|5.4|7|8
58.6|71.04|0|386|5.3|5.3|7|8
58.7|71.02|0|386|5.4|5.3|7|8
58.8|71.02|0|386|5.3|5.4|7|8
58.9|71.04|0|386|5.4|5.3|7|8
59|71.05|0|386|5.3|5.3|7|8
59.1|71.06|0|386|5.3|5.3|7|8
59.2|71.1|0|386|5.3|5.4|7|8
59.3|71.02|0|386|5.3|5.3|7|8
59.4|71.04|0|386|5.3|5.3|7|8
59.5|71.04|0|386|5.3|5.3|7|8
59.6|71.05|0|386|5.3|5.3|7|8
59.7|71.05|0|386|5.3|5.3|7|8
59.8|71.05|0|386|5.4|5.3|7|8
59.9|71.09|0|386|5.3|5.4|7|8
60|71.04|0|386|5.3|5.3|7|8
60.1|71.04|0|386|5.3|5.4|7|8
60.2|71.04|0|386|5.3|5.3|7|8
60.3|71.04|0|386|5.3|5.3|7|8
60.4|71.05|0|386|5.4|5.3|7|8
60.5|71.06|0|386|5.3|5.4|7|8
60.6|71.08|0|386|5.3|5.3|7|8
60.7|71.05|0|386|5.3|5.3|7|8
60.8|71.05|0|386|5.3|5.4|7|8
60.9|71.02|0|386|5.4|5.3|7|8
61|71.04|0|386|5.3|5.3|7|8
61.1|71.06|0|386|5.3|5.4|7|8
61.2|71.06|0|386|5.4|5.3|7|8
61.3|71.02|0|386|5.3|5.3|7|8
61.4|71.04|0|386|5.3|5.3|7|8
61.5|71.04|0|386|5.4|5.3|7|8
61.6|71.05|0|386|5.3|5.3|7|8
61.7|71.08|0|386|5.3|5.4|7|8
61.8|71.05|0|386|5.4|5.3|7|8
61.9|71.04|0|386|5.3|5.3|7|8
62|71.02|0|386|5.3|5.4|7|8
62.1|71.04|0|386|5.4|5.4|7|8
62.2|71.04|0|386|5.3|5.3|7|8
62.3|71.04|0|386|5.3|5.3|7|8
62.4|71.05|0|386|5.3|5.4|7|8
62.5|71.04|0|386|5.4|5.4|7|8
62.6|71.04|0|390|5.3|5.3|7|8
62.7|71.05|0|396|5.3|5.3|7|8
62.8|71.04|0|398|5.4|5.3|7|8
62.9|71.04|0|398|5.4|5.3|7|8
63|71.05|0|398|5.4|5.4|7|8
63.1|71.04|0|398|5.3|5.3|7|8
63.2|71.04|0|398|5.4|5.3|7|8
63.3|71.04|0|398|5.4|5.3|7|8
63.4|71.04|0|398|5.4|5.3|7|8
63.5|71.04|0|398|5.3|5.3|7|8
63.6|71.04|0|398|5.4|5.4|7|8
63.7|71.05|0|398|5.4|5.3|7|8
63.8|71.05|0|398|5.4|5.4|7|8
63.9|71.06|0|398|5.4|5.3|7|8
64|71.05|0|398|5.4|5.3|7|8
64.1|71.01|0|398|5.4|5.4|7|8
64.2|71.05|0|398|5.4|5.3|7|8
64.3|71.05|0|398|5.4|5.4|7|8
64.4|71.04|0|398|5.4|5.4|7|8
64.5|71.04|0|398|5.4|5.3|7|8
64.6|71.04|0|398|5.4|5.4|8|8
64.7|70.98|0|398|5.3|5.3|8|8
64.8|70.94|0|398|5.3|5.3|8|8
64.9|70.96|0|398|5.3|5.3|8|8
65|71.06|0|398|5.3|5.3|8|8
65.1|70.93|0|398|5.3|5.3|8|8
65.2|70.97|0|398|5.3|5.3|8|8
65.3|71.06|0|398|5.3|5.3|8|8
65.4|70.93|0|398|5.3|5.3|8|8
65.5|71|0|398|5.3|5.3|8|8
65.6|71.06|0|398|5.3|5.3|8|8
65.7|70.94|0|398|5.3|5.3|8|8
65.8|71.01|0|398|5.2|5.2|8|8
65.9|71.06|0|398|5.2|5.2|8|8
66|70.94|0|398|5.2|5.2|8|8
66.1|71|0|398|5.2|5.2|8|8
66.2|71.01|0|398|5.2|5.2|8|8
66.3|71|0|398|5.2|5.2|8|8
66.4|71|0|398|5.2|5.2|8|8
66.5|71.01|0|398|5.2|5.2|8|8
66.6|71.87|0|398|5.2|5.2|8|8
66.7|74.85|0|398|5.2|5.2|8|8
66.8|77.83|0|398|5.2|5.2|8|8
66.9|80.81|0|398|5.1|5.1|8|8
67|83.76|0|398|5.1|5.1|8|8
67.1|86.66|0|398|5.1|5.1|8|8
67.2|89.56|0|398|5.1|5.1|8|8
67.3|92.49|0|398|5.1|5.1|8|8
67.4|94.61|0|398|5.1|5.1|8|8
67.5|95.5|0|398|5.1|5.1|8|8
