0|96.06|943|408|5.1|5|1|8
0.1|96.09|1057|412|5.1|5.1|1|8
0.2|96.05|1062|413|5.1|5.1|1|8
0.3|96.02|1062|413|5.1|5.1|1|8
0.4|96.02|1062|414|5.1|5.1|1|8
0.5|96.06|1064|414|5.1|5.1|2|8
0.6|95.77|1064|414|5.1|5.1|2|8
0.7|95.37|1067|414|5.1|5.1|2|8
0.8|94.91|1067|414|5.1|5.1|2|8
0.9|94.41|1108|414|5.1|5.1|2|8
1|93.94|1436|415|5.1|5.1|2|8
1.1|93.53|1691|416|5.1|5.1|3|8
1.2|93.35|1716|418|5.1|5.1|3|8
1.3|93.15|1727|418|5.1|5.1|3|8
1.4|93.27|1735|418|5.1|5.1|3|8
1.5|93.17|1740|418|5.1|5.1|3|8
1.6|93.14|1745|419|5.1|5.1|3|8
1.7|93.1|1750|418|5.1|5.1|3|8
1.8|93.09|1753|418|5.1|5.1|3|8
1.9|93.11|1755|418|5.1|5.1|3|8
2|93.14|1758|418|5.1|5.1|3|8
2.1|93.13|1760|418|5.1|5.1|3|8
2.2|93.11|1763|418|5.1|5.1|3|8
2.3|93.11|1763|418|5.1|5.1|3|8
2.4|93.11|1765|418|5.1|5.1|3|8
2.5|93.09|1768|419|5.1|5.1|3|8
2.6|93.1|1768|418|5.1|5.1|3|8
2.7|93.1|1771|418|5.1|5.1|3|8
2.8|93.1|1771|418|5.1|5.1|3|8
2.9|93.09|1773|418|5.1|5.1|3|8
3|93.1|1776|419|5.1|5.1|3|8
3.1|93.18|1776|418|5.1|5.1|4|8
3.2|93.35|1771|418|5.1|5.1|4|8
3.3|93.78|1652|418|5.1|5.1|4|8
3.4|94.25|1121|416|5.2|5.2|5|8
3.5|94.55|1090|415|5.2|5.2|5|8
3.6|94.64|1088|414|5.2|5.2|5|8
3.7|94.67|1085|413|5.2|5.2|5|8
3.8|94.67|1085|413|5.2|5.2|5|8
3.9|94.67|1082|413|5.2|5.2|5|8
4|94.66|1082|413|5.2|5.2|5|8
4.1|94.68|1085|413|5.2|5.2|5|8
4.2|94.7|1082|413|5.2|5.2|5|8
4.3|94.7|1082|413|5.2|5.2|5|8
4.4|94.7|1082|413|5.2|5.2|5|8
4.5|94.71|1082|413|5.2|5.2|5|8
4.6|94.72|1080|413|5.2|5.2|5|8
4.7|94.71|1080|413|5.2|5.2|5|8
4.8|94.68|1077|413|5.2|5.2|5|8
4.9|94.67|1077|413|5.2|5.2|5|8
5|94.68|1077|413|5.2|5.2|5|8
5.1|94.71|1077|413|5.2|5.2|5|8
5.2|94.72|1080|413|5.2|5.2|5|8
5.3|94.72|1077|413|5.2|5.2|5|8
5.4|94.7|1077|413|5.2|5.2|2|8
5.5|94.53|1080|413|5.2|5.2|2|8
5.6|94.17|1082|413|5.2|5.2|2|8
5.7|93.72|1147|413|5.2|5.2|2|8
5.8|93.27|1668|415|5.2|5.2|3|8
5.9|92.99|1750|417|5.2|5.2|3|8
6|92.83|1765|418|5.2|5.2|3|8
6.1|92.7|1773|418|5.2|5.2|3|8
6.2|92.64|1781|418|5.2|5.2|3|8
6.3|92.67|1786|418|5.2|5.2|3|8
6.4|92.72|1789|418|5.2|5.2|3|8
6.5|92.67|1791|418|5.2|5.2|3|8
6.6|92.67|1796|418|5.2|5.2|3|8
6.7|92.7|1802|418|5.2|5.2|3|8
6.8|92.68|1804|418|5.2|5.2|3|8
6.9|92.67|1809|418|5.2|5.2|3|8
7|92.67|1812|418|5.2|5.2|3|8
7.1|92.66|1812|418|5.2|5.2|3|8
7.2|92.67|1814|418|5.2|5.2|3|8
7.3|92.66|1817|418|5.2|5.2|3|8
7.4|92.67|1817|418|5.2|5.2|3|8
7.5|92.67|1820|418|5.2|5.2|3|8
7.6|92.68|1820|418|5.2|5.3|3|8
7.7|92.68|1822|418|5.3|5.3|3|8
7.8|92.67|1822|418|5.3|5.3|4|8
7.9|92.79|1822|418|5.3|5.3|4|8
8|93.13|1809|418|5.3|5.3|4|8
8.1|93.55|1268|418|5.3|5.3|5|8
8.2|93.93|1101|414|5.3|5.3|5|8
8.3|94.1|1095|413|5.3|5.3|5|8
8.4|94.15|1093|413|5.3|5.3|5|8
8.5|94.19|1090|413|5.3|5.3|5|8
8.6|94.2|1088|413|5.3|5.3|5|8
8.7|94.25|1088|413|5.3|5.3|5|8
8.8|94.19|1085|413|5.3|5.3|5|8
8.9|94.15|1085|413|5.3|5.3|5|8
9|94.19|1085|413|5.3|5.3|5|8
9.1|94.19|1085|413|5.3|5.3|5|8
9.2|94.21|1085|412|5.3|5.3|5|8
9.3|94.21|1085|412|5.3|5.3|5|8
9.4|94.15|1085|412|5.3|5.3|5|8
9.5|94.19|1088|413|5.3|5.3|5|8
9.6|94.19|1088|412|5.3|5.3|5|8
9.7|94.2|1085|412|5.3|5.3|5|8
9.8|94.19|1085|412|5.3|5.3|5|8
9.9|94.13|1085|413|5.3|5.3|5|8
10|94.19|1085|412|5.3|5.3|5|8
10.1|94.21|1085|412|5.3|5.3|2|8
10.2|94.19|1085|412|5.3|5.3|2|8
10.3|93.84|1085|412|5.3|5.3|2|8
10.4|93.41|1090|412|5.3|5.3|2|8
10.5|93.03|1691|413|5.3|5.3|3|8
10.6|92.68|1776|415|5.3|5.3|3|8
10.7|92.64|1812|401|5.3|5.3|3|8
10.8|92.56|1830|395|5.3|5.3|3|8
10.9|92.49|1843|393|5.3|5.3|3|8
11|92.41|1851|392|5.3|5.3|3|8
11.1|92.41|1853|392|5.3|5.3|3|8
11.2|92.43|1858|392|5.3|5.3|3|8
11.3|92.45|1861|392|5.3|5.3|3|8
11.4|92.45|1863|392|5.3|5.3|3|8
11.5|92.39|1866|392|5.3|5.3|3|8
11.6|92.45|1866|392|5.3|5.3|3|8
11.7|92.44|1866|392|5.3|5.3|3|8
11.8|92.51|1869|392|5.3|5.3|3|8
11.9|92.39|1871|392|5.3|5.3|3|8
12|92.43|1871|392|5.3|5.3|3|8
12.1|92.44|1871|392|5.3|5.3|3|8
12.2|92.41|1871|392|5.3|5.3|3|8
12.3|92.41|1871|392|5.3|5.3|3|8
12.4|92.43|1874|392|5.3|5.3|3|8
12.5|92.41|1874|392|5.3|5.3|4|8
12.6|92.51|1871|392|5.3|5.3|4|8
12.7|92.79|1856|392|5.3|5.3|4|8
12.8|93.3|1513|392|5.3|5.3|4|8
12.9|93.74|1116|391|5.3|5.3|5|8
13|93.9|1108|390|5.3|5.3|5|8
13.1|93.97|1106|390|5.3|5.3|5|8
13.2|94.04|1103|390|5.3|5.3|5|8
13.3|94.05|1103|390|5.3|5.3|5|8
13.4|94.06|1101|390|5.3|5.3|5|8
13.5|94.08|1101|390|5.3|5.3|5|8
13.6|94.04|1101|390|5.3|5.3|5|8
13.7|94.04|1098|390|5.3|5.3|5|8
13.8|94.01|1098|390|5.3|5.3|5|8
13.9|94.05|1098|390|5.3|5.3|5|8
14|94.06|1098|390|5.3|5.3|5|8
14.1|94.06|1098|390|5.3|5.3|5|8
14.2|94.04|1098|390|5.3|5.3|5|8
14.3|93.98|1101|390|5.3|5.3|5|8
14.4|94.04|1098|390|5.3|5.3|5|8
14.5|94.05|1098|390|5.3|5.3|5|8
14.6|94.06|1098|390|5.3|5.3|5|8
14.7|94.09|1098|390|5.3|5.3|5|8
14.8|94.04|1098|390|5.3|5.3|5|8
14.9|94.04|1098|390|5.3|5.3|2|8
15|93.78|1098|390|5.3|5.3|2|8
15.1|93.35|1098|390|5.3|5.3|2|8
15.2|92.9|1595|390|5.3|5.3|3|8
15.3|92.59|1796|390|5.3|5.3|3|8
15.4|92.41|1825|391|5.3|5.3|3|8
15.5|92.37|1843|391|5.3|5.3|3|8
15.6|92.33|1853|391|5.3|5.3|3|8
15.7|92.35|1861|391|5.3|5.3|3|8
15.8|92.29|1869|391|5.3|5.3|3|8
15.9|92.27|1871|391|5.3|5.3|3|8
16|92.31|1876|391|5.3|5.3|3|8
16.1|92.27|1879|391|5.3|5.3|3|8
16.2|92.29|1879|391|5.3|5.3|3|8
16.3|92.31|1881|391|5.3|5.3|3|8
16.4|92.28|1881|391|5.3|5.3|3|8
16.5|92.25|1884|391|5.3|5.3|3|8
16.6|92.28|1884|391|5.3|5.3|3|8
16.7|92.29|1884|391|5.3|5.3|3|8
16.8|92.27|1887|390|5.3|5.3|3|8
16.9|92.27|1887|391|5.3|5.3|3|8
17|92.25|1887|390|5.3|5.3|3|8
17.1|92.31|1887|390|5.3|5.3|3|8
17.2|92.25|1889|390|5.3|5.3|4|8
17.3|92.29|1889|391|5.4|5.3|4|8
17.4|92.53|1876|390|5.3|5.3|4|8
17.5|93.07|1747|391|5.3|5.3|4|8
17.6|93.54|1149|391|5.3|5.4|5|8
17.7|93.82|1113|390|5.3|5.3|5|8
17.8|93.9|1108|390|5.4|5.3|5|8
17.9|93.93|1106|389|5.3|5.3|5|8
18|93.98|1103|389|5.4|5.3|5|8
18.1|93.98|1103|389|5.4|5.3|5|8
18.2|93.98|1103|389|5.4|5.4|5|8
18.3|93.98|1101|389|5.3|5.4|5|8
18.4|93.98|1101|389|5.4|5.4|5|8
18.5|93.98|1101|389|5.3|5.4|5|8
18.6|93.97|1101|389|5.3|5.3|5|8
18.7|93.97|1101|389|5.4|5.4|5|8
18.8|93.98|1101|389|5.4|5.4|5|8
18.9|94.01|1103|389|5.4|5.4|5|8
19|94.05|1103|389|5.3|5.4|5|8
19.1|94.05|1101|389|5.3|5.4|5|8
19.2|93.97|1103|389|5.4|5.4|5|8
19.3|93.97|1103|388|5.4|5.4|5|8
19.4|93.97|1101|388|5.4|5.4|5|8
19.5|94|1103|389|5.4|5.3|5|8
19.6|93.98|1101|389|5.4|5.4|2|8
19.7|93.85|1101|389|5.3|5.4|2|8
19.8|93.46|1101|388|5.4|5.4|2|8
19.9|93.04|1139|388|5.4|5.4|2|8
20|92.62|1750|389|5.4|5.4|3|8
20.1|92.35|1825|390|5.4|5.4|3|8
20.2|92.24|1845|390|5.4|5.4|3|8
20.3|92.16|1863|390|5.4|5.4|3|8
20.4|92.15|1871|390|5.4|5.4|3|8
20.5|92.15|1879|390|5.4|5.4|3|8
20.6|92.13|1884|390|5.4|5.4|3|8
20.7|92.11|1887|390|5.4|5.4|3|8
20.8|92.12|1889|390|5.4|5.4|3|8
20.9|92.13|1892|390|5.4|5.4|3|8
21|92.15|1892|390|5.4|5.4|3|8
21.1|92.13|1894|390|5.4|5.4|3|8
21.2|92.09|1894|390|5.4|5.4|3|8
21.3|92.12|1897|390|5.4|5.3|3|8
21.4|92.13|1897|390|5.4|5.4|3|8
21.5|92.15|1897|390|5.4|5.4|3|8
21.6|92.13|1899|390|5.4|5.4|3|8
21.7|92.12|1899|390|5.4|5.4|3|8
21.8|92.09|1899|390|5.4|5.4|3|8
21.9|92.11|1899|390|5.4|5.4|3|8
22|92.11|1897|389|5.4|5.4|4|8
22.1|92.28|1894|389|5.4|5.4|4|8
22.2|92.56|1866|389|5.4|5.4|4|8
22.3|93.13|1521|390|5.4|5.4|4|8
22.4|93.53|1119|388|5.4|5.4|5|8
22.5|93.77|1108|388|5.4|5.4|5|8
22.6|93.77|1106|388|5.4|5.4|5|8
22.7|93.8|1103|388|5.4|5.4|5|8
22.8|93.86|1101|388|5.4|5.4|5|8
22.9|93.88|1098|388|5.4|5.4|5|8
23|93.84|1098|388|5.4|5.4|5|8
23.1|93.78|1098|388|5.4|5.4|5|8
23.2|93.82|1098|388|5.4|5.4|5|8
23.3|93.85|1098|388|5.4|5.4|5|8
23.4|93.92|1095|388|5.4|5.4|5|8
23.5|93.84|1095|388|5.4|5.4|5|8
23.6|93.78|1098|388|5.4|5.4|5|8
23.7|93.82|1098|388|5.4|5.4|5|8
23.8|93.85|1098|388|5.4|5.4|5|8
23.9|93.85|1098|388|5.4|5.4|5|8
24|93.9|1101|388|5.4|5.4|5|8
24.1|93.88|1095|388|5.4|5.4|5|8
24.2|93.81|1101|388|5.4|5.4|5|8
24.3|93.8|1098|388|5.4|5.4|5|8
24.4|93.85|1095|388|5.4|5.4|2|8
24.5|93.55|1095|388|5.4|5.4|2|8
24.6|93.19|1095|388|5.4|5.4|2|8
24.7|92.66|1613|388|5.4|5.4|3|8
24.8|92.36|1809|389|5.4|5.4|3|8
24.9|92.23|1843|390|5.4|5.4|3|8
25|92.15|1861|390|5.4|5.4|3|8
25.1|92.13|1874|390|5.4|5.4|3|8
25.2|92.11|1879|390|5.4|5.4|3|8
25.3|92.05|1884|390|5.4|5.4|3|8
25.4|92.08|1889|390|5.4|5.4|3|8
25.5|92.07|1892|390|5.4|5.4|3|8
25.6|92.07|1894|390|5.4|5.4|3|8
25.7|92.05|1897|390|5.4|5.4|3|8
25.8|92.07|1897|390|5.4|5.4|3|8
25.9|92.05|1897|390|5.4|5.4|3|8
26|92.09|1899|390|5.4|5.4|3|8
26.1|92.05|1899|390|5.4|5.4|3|8
26.2|92.08|1899|390|5.4|5.4|3|8
26.3|92.08|1902|390|5.4|5.4|3|8
26.4|92.05|1899|390|5.4|5.4|3|8
26.5|92.08|1902|390|5.4|5.4|3|8
26.6|92.05|1902|390|5.4|5.4|3|8
26.7|92.07|1905|390|5.4|5.4|4|8
26.8|92.09|1905|390|5.4|5.4|4|8
26.9|92.37|1889|390|5.4|5.4|4|8
27|92.84|1820|390|5.4|5.4|4|8
27.1|93.34|1170|390|5.4|5.4|5|8
27.2|93.62|1111|389|5.4|5.4|5|8
27.3|93.76|1108|389|5.4|5.4|5|8
27.4|93.78|1103|389|5.4|5.4|5|8
27.5|93.81|1101|389|5.4|5.4|5|8
27.6|93.78|1101|388|5.4|5.4|5|8
27.7|93.77|1098|388|5.4|5.4|5|8
27.8|93.8|1098|388|5.4|5.4|5|8
27.9|93.81|1095|388|5.4|5.4|5|8
28|93.76|1095|388|5.4|5.4|5|8
28.1|93.78|1095|388|5.4|5.4|5|8
28.2|93.78|1095|388|5.4|5.4|5|8
28.3|93.8|1095|389|5.4|5.4|5|8
28.4|93.82|1098|389|5.4|5.4|5|8
28.5|93.8|1095|389|5.4|5.4|5|8
28.6|93.73|1095|389|5.4|5.4|5|8
28.7|93.77|1095|389|5.4|5.4|5|8
28.8|93.78|1095|389|5.4|5.4|5|8
28.9|93.76|1095|389|5.4|5.4|5|8
29|93.74|1095|389|5.4|5.4|5|8
29.1|93.76|1095|389|5.4|5.4|2|8
29.2|93.66|1093|389|5.4|5.4|2|8
29.3|93.27|1093|389|5.4|5.4|2|8
29.4|92.82|1304|389|5.4|5.4|2|8
29.5|92.4|1778|390|5.4|5.4|3|8
29.6|92.19|1835|390|5.4|5.4|3|8
29.7|92.11|1858|390|5.4|5.4|3|8
29.8|92.05|1874|390|5.4|5.4|3|8
29.9|92.11|1881|390|5.4|5.4|3|8
30|92|1889|390|5.4|5.4|3|8
30.1|91.98|1894|390|5.4|5.4|3|8
30.2|92.02|1897|390|5.4|5.4|3|8
30.3|92.02|1899|390|5.4|5.4|3|8
30.4|92.01|1902|390|5.4|5.4|3|8
30.5|92.02|1902|390|5.4|5.4|3|8
30.6|92.02|1905|390|5.4|5.4|3|8
30.7|92.01|1905|390|5.4|5.4|3|8
30.8|92.01|1905|390|5.4|5.4|3|8
30.9|92.01|1905|390|5.4|5.4|3|8
31|91.98|1905|390|5.4|5.4|3|8
31.1|92.01|1905|390|5.4|5.4|3|8
31.2|92.02|1907|390|5.4|5.4|3|8
31.3|92.01|1907|390|5.4|5.4|3|8
31.4|92.01|1907|390|5.4|5.4|3|8
31.5|92.02|1910|390|5.4|5.4|4|8
31.6|92.24|1905|390|5.4|5.4|4|8
31.7|92.55|1861|390|5.4|5.4|4|8
31.8|93.13|1796|390|5.4|5.4|4|8
31.9|93.64|1139|390|5.4|5.4|5|8
32|93.84|1108|390|5.4|5.4|5|8
32.1|93.97|1103|390|5.4|5.4|5|8
32.2|93.98|1101|390|5.4|5.4|5|8
32.3|94.05|1098|390|5.4|5.4|5|8
32.4|94.08|1098|390|5.4|5.4|5|8
32.5|94.06|1095|390|5.4|5.4|5|8
32.6|94.05|1095|390|5.4|5.4|5|8
32.7|94.05|1095|390|5.4|5.4|5|8
32.8|94.01|1095|389|5.4|5.4|5|8
32.9|93.98|1093|389|5.4|5.4|5|8
33|93.98|1093|389|5.4|5.4|5|8
33.1|94.05|1093|389|5.4|5.4|5|8
33.2|94.06|1093|389|5.4|5.4|5|8
33.3|94.06|1093|389|5.4|5.4|5|8
33.4|94.04|1090|389|5.4|5.4|5|8
33.5|94.05|1090|389|5.4|5.4|5|8
33.6|94.02|1093|389|5.4|5.4|5|8
33.7|93.97|1093|389|5.4|5.4|5|8
33.8|93.98|1095|389|5.4|5.4|5|8
33.9|94.05|1093|389|5.4|5.4|2|8
34|93.89|1093|389|5.4|5.4|2|8
34.1|93.51|1090|389|5.4|5.4|2|8
34.2|93.09|1170|389|5.4|5.4|2|8
34.3|92.62|1698|390|5.4|5.4|3|8
34.4|92.36|1804|390|5.4|5.4|3|8
34.5|92.15|1845|390|5.4|5.4|3|8
34.6|92.12|1869|390|5.4|5.4|3|8
34.7|92.05|1881|390|5.4|5.4|3|8
34.8|92.04|1889|390|5.4|5.4|3|8
34.9|92.05|1894|390|5.4|5.4|3|8
35|92.08|1899|390|5.4|5.4|3|8
35.1|92.04|1905|390|5.4|5.4|3|8
35.2|92.07|1907|390|5.4|5.4|3|8
35.3|92.05|1910|390|5.4|5.4|3|8
35.4|92.07|1912|390|5.4|5.4|3|8
35.5|92.05|1912|390|5.4|5.4|3|8
35.6|92.04|1915|390|5.4|5.4|3|8
35.7|92.07|1915|390|5.4|5.4|3|8
35.8|92.05|1915|390|5.4|5.4|3|8
35.9|92.07|1915|390|5.4|5.4|3|8
36|92.05|1915|390|5.4|5.4|3|8
36.1|92.04|1918|390|5.4|5.4|3|8
36.2|92.05|1918|390|5.4|5.4|3|8
36.3|92.05|1918|390|5.4|5.4|4|8
36.4|92.13|1918|390|5.4|5.4|4|8
36.5|92.49|1892|390|5.4|5.4|4|8
36.6|92.9|1856|390|5.4|5.4|4|8
36.7|93.42|1784|391|5.4|5.4|4|8
36.8|93.97|1343|391|5.4|5.4|5|8
36.9|94.25|1113|390|5.4|5.4|2|8
37|94.27|1106|390|5.4|5.4|2|8
37.1|94.24|1103|390|5.4|5.4|2|8
37.2|94.23|1101|390|5.4|5.4|2|8
37.3|94.12|1098|390|5.4|5.4|2|8
37.4|94.06|1098|390|5.4|5.4|2|8
37.5|94|1095|390|5.4|5.4|2|8
37.6|93.92|1095|390|5.4|5.4|2|8
37.7|93.89|1095|390|5.4|5.4|2|8
37.8|93.82|1095|390|5.4|5.4|2|8
37.9|93.85|1093|390|5.4|5.4|2|8
38|93.7|1121|390|5.4|5.4|2|8
38.1|93.68|1093|390|5.4|5.4|2|8
38.2|93.54|1108|390|5.4|5.4|2|8
38.3|93.55|1098|390|5.4|5.4|2|8
38.4|93.45|1106|390|5.4|5.4|2|8
38.5|93.41|1095|390|5.4|5.4|2|8
38.6|93.35|1095|390|5.4|5.4|2|8
38.7|93.23|1183|390|5.4|5.4|2|8
38.8|93.15|1101|390|5.4|5.4|2|8
38.9|93.21|1160|390|5.4|5.4|2|8
39|93.03|1137|390|5.4|5.4|2|8
39.1|93.02|1180|390|5.4|5.4|2|8
39.2|92.91|1196|390|5.4|5.4|2|8
39.3|92.8|1152|390|5.4|5.4|2|8
39.4|92.79|1361|391|5.4|5.4|2|8
39.5|92.74|1258|390|5.4|5.4|2|8
39.6|92.68|1093|390|5.4|5.4|2|8
39.7|92.67|1299|390|5.4|5.4|2|8
39.8|92.62|1320|390|5.4|5.4|2|8
39.9|92.59|1291|390|5.4|5.4|2|8
40|92.49|1446|390|5.4|5.4|2|8
40.1|92.31|1624|390|5.4|5.4|2|8
40.2|92.52|1582|391|5.4|5.4|2|8
40.3|92.58|1119|390|5.4|5.4|2|8
40.4|92.63|1093|390|5.4|5.4|2|8
40.5|92.67|1090|390|5.4|5.4|2|8
40.6|92.67|1090|389|5.4|5.4|2|8
40.7|92.6|1090|389|5.4|5.4|2|8
40.8|92.59|1090|390|5.4|5.4|2|8
40.9|92.49|1095|390|5.4|5.4|2|8
41|92.31|1129|389|5.4|5.4|2|8
41.1|92.39|1253|390|5.4|5.4|2|8
41.2|92.36|1402|390|5.4|5.4|2|8
41.3|92.21|1446|391|5.4|5.4|2|8
41.4|92.15|1278|391|5.4|5.4|2|8
41.5|92.12|1255|391|5.4|5.4|2|8
41.6|92.02|1320|391|5.4|5.4|2|8
41.7|91.9|1340|390|5.4|5.4|2|8
41.8|91.89|1276|390|5.4|5.4|2|8
41.9|91.88|1317|390|5.4|5.4|2|8
42|91.77|1322|390|5.4|5.4|2|8
42.1|91.73|1345|390|5.4|5.4|2|8
42.2|91.6|1216|391|5.4|5.4|2|8
42.3|91.56|1276|390|5.4|5.4|2|8
42.4|91.5|1374|390|5.4|5.4|2|8
42.5|91.54|1322|391|5.4|5.4|2|8
42.6|91.45|1371|391|5.4|5.4|2|8
42.7|91.33|1193|391|5.4|5.4|2|8
42.8|91.35|1240|390|5.4|5.4|2|8
42.9|91.26|1250|390|5.4|5.4|2|8
43|91.19|1278|390|5.4|5.4|2|8
43.1|91.18|1307|390|5.4|5.4|2|8
43.2|91.02|1211|390|5.4|5.4|2|8
43.3|91|1222|390|5.4|5.4|2|8
43.4|90.95|1196|390|5.4|5.4|2|8
43.5|90.87|1227|390|5.4|5.4|2|8
43.6|90.82|1134|390|5.4|5.4|2|8
43.7|90.7|1250|390|5.4|5.4|2|8
43.8|90.63|1160|390|5.4|5.4|2|8
43.9|90.58|1196|390|5.4|5.4|2|8
44|90.52|1255|390|5.4|5.4|2|8
44.1|90.41|1149|390|5.4|5.4|2|8
44.2|90.33|1227|390|5.4|5.4|2|8
44.3|90.32|1242|390|5.4|5.4|2|8
44.4|90.29|1296|390|5.4|5.4|2|8
44.5|90.12|1294|390|5.4|5.4|2|8
44.6|90.03|1363|391|5.4|5.4|2|8
44.7|90.01|1211|390|5.4|5.4|2|8
44.8|89.84|1247|390|5.4|5.4|2|8
44.9|89.82|1162|390|5.4|5.4|2|8
45|89.74|1196|391|5.4|5.4|2|8
45.1|89.73|1258|391|5.4|5.4|2|8
45.2|89.56|1332|390|5.4|5.4|2|8
45.3|89.53|1299|390|5.4|5.4|2|8
45.4|89.42|1332|391|5.4|5.4|2|8
45.5|89.3|1144|390|5.4|5.4|2|8
45.6|89.21|1260|390|5.4|5.4|2|8
45.7|89.13|1149|390|5.4|5.4|2|8
45.8|89.07|1258|390|5.4|5.4|2|8
45.9|88.99|1216|390|5.4|5.4|2|8
46|88.88|1180|391|5.4|5.4|2|8
46.1|88.84|1142|390|5.4|5.4|2|8
46.2|88.74|1322|390|5.4|5.4|2|8
46.3|88.58|1260|390|5.4|5.4|2|8
46.4|88.5|1242|390|5.4|5.4|2|8
46.5|88.36|1173|390|5.4|5.4|2|8
46.6|88.29|1160|390|5.4|5.4|2|8
46.7|88.2|1276|390|5.4|5.4|2|8
46.8|88.09|1224|390|5.4|5.4|2|8
46.9|88.03|1227|390|5.4|5.4|2|8
47|87.89|1258|390|5.4|5.4|2|8
47.1|87.74|1216|390|5.4|5.4|2|8
47.2|87.65|1430|390|5.4|5.4|2|8
47.3|87.53|1186|390|5.4|5.4|2|8
47.4|87.41|1206|390|5.4|5.4|2|8
47.5|87.38|1291|390|5.4|5.4|2|8
47.6|87.25|1198|390|5.4|5.4|2|8
47.7|87.1|1229|390|5.4|5.4|2|8
47.8|87.02|1330|390|5.4|5.4|2|8
47.9|86.87|1296|390|5.4|5.4|2|8
48|86.78|1211|390|5.4|5.4|2|8
48.1|86.62|1340|391|5.4|5.4|2|8
48.2|86.54|1124|390|5.4|5.4|2|8
48.3|86.4|1237|390|5.4|5.4|2|8
48.4|86.27|1183|390|5.4|5.4|2|8
48.5|86.12|1356|390|5.4|5.4|2|8
48.6|86.03|1201|390|5.4|5.4|2|8
48.7|85.92|1309|390|5.4|5.4|2|8
48.8|85.73|1345|391|5.4|5.4|2|8
48.9|85.58|1258|390|5.4|5.4|2|8
49|85.42|1245|390|5.4|5.4|2|8
49.1|85.34|1271|390|5.4|5.4|2|8
49.2|85.19|1253|390|5.4|5.4|2|8
49.3|85.05|1263|390|5.4|5.4|2|8
49.4|84.94|1327|391|5.4|5.4|2|8
49.5|84.78|1250|390|5.4|5.4|2|8
49.6|84.6|1224|390|5.4|5.4|2|8
49.7|84.43|1196|390|5.4|5.4|2|8
49.8|84.34|1340|390|5.4|5.4|2|8
49.9|84.2|1343|390|5.4|5.4|2|8
50|84.05|1312|390|5.4|5.4|2|8
50.1|83.87|1186|391|5.4|5.4|2|8
50.2|83.68|1379|390|5.4|5.4|2|8
50.3|83.53|1216|390|5.4|5.4|2|8
50.4|83.44|1278|390|5.4|5.4|2|8
50.5|83.21|1345|390|5.4|5.4|2|8
50.6|83.02|1227|390|5.4|5.4|2|8
50.7|82.86|1366|392|5.4|5.4|2|8
50.8|82.68|1222|390|5.4|5.4|2|8
50.9|82.52|1309|392|5.4|5.4|2|8
51|82.34|1399|390|5.4|5.4|2|8
51.1|82.15|1317|391|5.4|5.4|2|8
51.2|81.99|1379|392|5.4|5.4|2|8
51.3|81.75|1268|391|5.4|5.4|2|8
51.4|81.66|1322|391|5.4|5.4|2|8
51.5|81.44|1263|391|5.4|5.4|2|8
51.6|81.24|1268|390|5.4|5.4|2|8
51.7|81.01|1278|392|5.4|5.4|2|8
51.8|80.83|1268|390|5.4|5.4|6|8
51.9|79.54|1889|390|5.4|5.4|6|8
52|76.97|1961|391|5.4|5.4|6|8
52.1|74.15|93|390|5.4|5.4|7|8
52.2|71.88|0|388|5.4|5.4|7|8
52.3|70.82|0|388|5.4|5.4|7|8
52.4|70.36|0|387|5.4|5.4|7|8
52.5|70.15|0|387|5.4|5.4|7|8
52.6|70.1|0|387|5.4|5.4|7|8
52.7|69.99|0|387|5.4|5.4|7|8
52.8|69.96|0|387|5.4|5.4|7|8
52.9|69.95|0|387|5.4|5.4|7|8
53|69.91|0|386|5.4|5.4|7|8
53.1|69.95|0|386|5.4|5.4|7|8
53.2|69.98|0|387|5.4|5.4|7|8
53.3|69.98|0|386|5.4|5.4|7|8
53.4|69.95|0|387|5.4|5.4|7|8
53.5|69.98|0|387|5.4|5.4|7|8
53.6|69.95|0|387|5.4|5.4|7|8
53.7|69.95|0|387|5.4|5.4|7|8
53.8|69.9|0|387|5.4|5.4|7|8
53.9|69.91|0|387|5.4|5.4|7|8
54|69.96|0|387|5.4|5.4|7|8
54.1|69.98|0|387|5.4|5.4|7|8
54.2|69.98|0|387|5.4|5.4|7|8
54.3|69.95|0|387|5.4|5.4|7|8
54.4|69.91|0|387|5.4|5.4|7|8
54.5|69.9|0|387|5.4|5.4|7|8
54.6|69.91|0|387|5.4|5.4|7|8
54.7|69.91|0|386|5.4|5.4|7|8
54.8|69.91|0|387|5.4|5.4|7|8
54.9|69.92|0|387|5.4|5.4|7|8
55|69.92|0|387|5.4|5.4|7|8
55.1|69.92|0|387|5.4|5.4|7|8
55.2|69.92|0|387|5.4|5.4|7|8
55.3|69.92|0|387|5.4|5.4|7|8
55.4|69.92|0|387|5.4|5.4|7|8
55.5|69.92|0|387|5.4|5.4|7|8
55.6|69.92|0|387|5.4|5.4|7|8
55.7|69.92|0|387|5.4|5.4|7|8
55.8|69.92|0|387|5.4|5.4|7|8
55.9|69.92|0|387|5.4|5.4|7|8
56|69.92|0|387|5.4|5.4|7|8
56.1|69.98|0|387|5.4|5.4|7|8
56.2|69.94|0|387|5.4|5.4|7|8
56.3|69.92|0|387|5.4|5.4|7|8
56.4|69.9|0|387|5.4|5.4|7|8
56.5|69.9|0|387|5.4|5.4|7|8
56.6|69.91|0|387|5.4|5.4|7|8
56.7|69.9|0|387|5.4|5.4|7|8
56.8|69.92|0|387|5.4|5.4|7|8
56.9|69.92|0|387|5.4|5.4|7|8
57|69.92|0|387|5.4|5.4|7|8
57.1|69.96|0|387|5.4|5.4|7|8
57.2|69.94|0|387|5.4|5.4|7|8
57.3|69.94|0|387|5.4|5.4|7|8
57.4|69.9|0|387|5.4|5.4|7|8
57.5|69.88|0|387|5.4|5.4|7|8
57.6|69.9|0|387|5.4|5.4|7|8
57.7|69.88|0|387|5.4|5.4|7|8
57.8|69.92|0|387|5.4|5.4|7|8
57.9|69.94|0|387|5.4|5.4|7|8
58|69.96|0|387|5.4|5.4|7|8
58.1|69.92|0|387|5.4|5.4|7|8
58.2|69.92|0|387|5.4|5.4|7|8
58.3|69.91|0|387|5.4|5.4|7|8
58.4|69.9|0|387|5.4|5.4|7|8
58.5|69.87|0|387|5.4|5.4|7|8
58.6|69.91|0|387|5.4|5.4|7|8
58.7|69.91|0|387|5.4|5.4|7|8
58.8|69.91|0|387|5.4|5.4|7|8
58.9|69.92|0|387|5.4|5.4|7|8
59|69.95|0|387|5.4|5.4|7|8
59.1|69.92|0|387|5.4|5.4|7|8
59.2|69.9|0|387|5.4|5.4|7|8
59.3|69.88|0|387|5.4|5.4|7|8
59.4|69.9|0|387|5.4|5.4|7|8
59.5|69.9|0|387|5.4|5.4|7|8
59.6|69.9|0|387|5.4|5.4|7|8
59.7|69.9|0|387|5.4|5.4|7|8
59.8|69.9|0|387|5.4|5.4|7|8
59.9|69.91|0|387|5.4|5.4|7|8
60|69.92|0|387|5.4|5.4|7|8
60.1|69.96|0|387|5.4|5.4|7|8
60.2|69.92|0|387|5.4|5.4|7|8
60.3|69.91|0|387|5.4|5.4|7|8
60.4|69.92|0|387|5.4|5.4|7|8
60.5|69.91|0|387|5.4|5.4|7|8
60.6|69.9|0|387|5.4|5.4|7|8
60.7|69.88|0|387|5.4|5.4|7|8
60.8|69.87|0|387|5.4|5.4|7|8
60.9|69.91|0|387|5.4|5.4|7|8
61|69.92|0|387|5.4|5.4|7|8
61.1|69.94|0|387|5.4|5.4|7|8
61.2|69.91|0|387|5.4|5.4|7|8
61.3|69.91|0|387|5.4|5.4|7|8
61.4|69.92|0|387|5.4|5.4|7|8
61.5|69.91|0|387|5.4|5.4|7|8
61.6|69.92|0|387|5.4|5.4|7|8
61.7|69.92|0|387|5.4|5.4|7|8
61.8|69.88|0|387|5.4|5.4|7|8
61.9|69.86|0|386|5.4|5.4|7|8
62|69.88|0|387|5.4|5.4|7|8
62.1|69.91|0|386|5.4|5.4|7|8
62.2|69.91|0|387|5.4|5.4|7|8
62.3|69.92|0|387|5.4|5.4|7|8
62.4|69.91|0|387|5.4|5.4|7|8
62.5|69.92|0|387|5.4|5.4|7|8
62.6|69.9|0|387|5.4|5.4|7|8
62.7|69.86|0|398|5.4|5.4|7|8
62.8|69.87|0|404|5.4|5.4|7|8
62.9|69.9|0|405|5.4|5.4|7|8
63|69.9|0|406|5.4|5.4|7|8
63.1|69.88|0|406|5.4|5.4|7|8
63.2|69.9|0|406|5.4|5.4|7|8
63.3|69.91|0|406|5.4|5.4|7|8
63.4|69.96|0|406|5.4|5.4|7|8
63.5|69.91|0|406|5.4|5.4|7|8
63.6|69.9|0|405|5.4|5.4|7|8
63.7|69.91|0|405|5.4|5.4|7|8
63.8|69.91|0|405|5.4|5.4|7|8
63.9|69.9|0|405|5.4|5.4|7|8
64|69.9|0|405|5.4|5.4|7|8
64.1|69.9|0|405|5.4|5.4|7|8
64.2|69.9|0|405|5.4|5.4|7|8
64.3|69.91|0|405|5.4|5.4|7|8
64.4|69.9|0|405|5.4|5.4|7|8
64.5|69.9|0|405|5.4|5.4|7|8
64.6|69.9|0|405|5.4|5.4|7|8
64.7|69.91|0|405|5.4|5.4|7|8
64.8|69.9|0|405|5.4|5.4|7|8
64.9|69.9|0|405|5.4|5.4|7|8
65|69.91|0|405|5.4|5.4|7|8
65.1|69.92|0|405|5.4|5.4|8|8
65.2|69.88|0|405|5.4|5.4|8|8
65.3|69.83|0|405|5.4|5.4|8|8
65.4|69.77|0|405|5.4|5.4|8|8
65.5|69.86|0|405|5.4|5.4|8|8
65.6|69.88|0|405|5.3|5.3|8|8
65.7|69.81|0|405|5.3|5.3|8|8
65.8|69.8|0|405|5.3|5.3|8|8
65.9|69.9|0|405|5.3|5.3|8|8
66|69.8|0|405|5.3|5.3|8|8
66.1|69.84|0|405|5.3|5.3|8|8
66.2|69.84|0|405|5.3|5.3|8|8
66.3|69.84|0|406|5.3|5.3|8|8
66.4|69.86|0|405|5.2|5.2|8|8
66.5|69.86|0|405|5.2|5.2|8|8
66.6|69.84|0|406|5.2|5.2|8|8
66.7|69.91|0|406|5.2|5.2|8|8
66.8|69.84|0|406|5.2|5.2|8|8
66.9|69.88|0|406|5.2|5.2|8|8
67|69.88|0|406|5.2|5.2|8|8
67.1|70.43|0|406|5.2|5.2|8|8
67.2|73.33|0|406|5.2|5.2|8|8
67.3|76.34|0|406|5.2|5.2|8|8
67.4|79.3|0|406|5.2|5.2|8|8
67.5|82.27|0|406|5.2|5.2|8|8
67.6|85.21|0|407|5.1|5.1|8|8
67.7|88.11|0|407|5.1|5.1|8|8
67.8|91.03|0|407|5.1|5.1|8|8
67.9|93.77|0|406|5.1|5.1|8|8
68|95.15|0|406|5.1|5.1|8|8
68.1|95.72|0|407|5.1|5.1|8|8
