0|96.04|1374|404|5.2|5.2|1|8
0.1|95.96|1557|408|5.2|5.2|1|8
0.2|95.97|1237|409|5.2|5.2|1|8
0.3|95.97|1106|408|5.2|5.2|1|8
0.4|95.98|1103|408|5.2|5.2|1|8
0.5|96.04|1119|408|5.2|5.2|2|8
0.6|95.72|1198|408|5.2|5.2|2|8
0.7|95.29|1570|408|5.2|5.2|3|8
0.8|94.95|1727|409|5.2|5.2|3|8
0.9|94.75|1747|409|5.2|5.2|3|8
1|94.63|1758|410|5.2|5.2|3|8
1.1|94.61|1763|410|5.2|5.2|3|8
1.2|94.63|1768|410|5.2|5.2|3|8
1.3|94.7|1771|410|5.2|5.2|3|8
1.4|94.66|1776|410|5.2|5.2|3|8
1.5|94.64|1778|410|5.2|5.2|3|8
1.6|94.61|1784|410|5.2|5.2|3|8
1.7|94.61|1786|410|5.2|5.2|3|8
1.8|94.63|1786|410|5.2|5.2|3|8
1.9|94.64|1789|410|5.2|5.2|3|8
2|94.63|1791|410|5.2|5.2|3|8
2.1|94.64|1794|410|5.2|5.2|3|8
2.2|94.63|1796|410|5.2|5.2|3|8
2.3|94.6|1796|410|5.2|5.2|3|8
2.4|94.61|1799|410|5.2|5.2|3|8
2.5|94.63|1802|411|5.2|5.2|3|8
2.6|94.61|1802|410|5.2|5.2|3|8
2.7|94.6|1804|411|5.2|5.2|4|8
2.8|94.71|1807|411|5.2|5.2|4|8
2.9|95.02|1802|411|5.2|5.2|4|8
3|95.39|1771|411|5.2|5.2|4|8
3.1|95.96|1276|411|5.2|5.2|5|8
3.2|96.31|1124|408|5.2|5.2|5|8
3.3|96.45|1119|408|5.3|5.2|5|8
3.4|96.52|1116|408|5.3|5.3|5|8
3.5|96.51|1116|408|5.3|5.3|5|8
3.6|96.43|1113|408|5.3|5.3|5|8
3.7|96.51|1113|408|5.3|5.3|5|8
3.8|96.51|1113|408|5.3|5.3|5|8
3.9|96.49|1113|408|5.3|5.3|5|8
4|96.48|1113|408|5.3|5.3|5|8
4.1|96.45|1113|408|5.3|5.3|5|8
4.2|96.48|1113|408|5.3|5.3|5|8
4.3|96.49|1111|408|5.3|5.3|5|8
4.4|96.51|1111|408|5.3|5.3|5|8
4.5|96.51|1111|408|5.3|5.3|5|8
4.6|96.43|1111|408|5.3|5.3|5|8
4.7|96.56|1113|408|5.3|5.3|5|8
4.8|96.48|1113|408|5.3|5.3|5|8
4.9|96.52|1111|408|5.3|5.3|5|8
5|96.52|1113|408|5.3|5.3|5|8
5.1|96.51|1113|408|5.3|5.3|2|8
5.2|96.49|1113|408|5.3|5.3|2|8
5.3|96.14|1113|408|5.3|5.3|2|8
5.4|95.74|1137|408|5.3|5.3|2|8
5.5|95.22|1281|408|5.3|5.3|2|8
5.6|94.82|1747|409|5.3|5.3|3|8
5.7|94.64|1786|410|5.3|5.3|3|8
5.8|94.48|1796|410|5.3|5.3|3|8
5.9|94.41|1804|410|5.3|5.3|3|8
6|94.4|1807|410|5.3|5.3|3|8
6.1|94.35|1812|410|5.3|5.3|3|8
6.2|94.36|1814|410|5.3|5.3|3|8
6.3|94.39|1817|410|5.3|5.3|3|8
6.4|94.4|1820|410|5.3|5.3|3|8
6.5|94.39|1822|410|5.3|5.3|3|8
6.6|94.39|1825|410|5.3|5.3|3|8
6.7|94.37|1827|410|5.3|5.3|3|8
6.8|94.35|1827|410|5.3|5.3|3|8
6.9|94.33|1830|410|5.3|5.3|3|8
7|94.39|1830|410|5.3|5.3|3|8
7.1|94.39|1830|410|5.3|5.3|3|8
7.2|94.39|1832|410|5.3|5.3|3|8
7.3|94.36|1832|410|5.3|5.3|3|8
7.4|94.35|1835|410|5.3|5.3|3|8
7.5|94.36|1835|410|5.3|5.3|3|8
7.6|94.4|1838|410|5.3|5.3|4|8
7.7|94.57|1835|410|5.3|5.3|4|8
7.8|95|1822|410|5.3|5.3|4|8
7.9|95.5|1598|411|5.4|5.4|4|8
8|95.93|1134|409|5.4|5.4|5|8
8.1|96.08|1126|408|5.4|5.4|5|8
8.2|96.14|1126|408|5.4|5.4|5|8
8.3|96.17|1124|408|5.4|5.4|5|8
8.4|96.2|1124|408|5.4|5.4|5|8
8.5|96.19|1121|408|5.4|5.4|5|8
8.6|96.2|1121|408|5.4|5.4|5|8
8.7|96.2|1121|408|5.4|5.4|5|8
8.8|96.21|1121|408|5.4|5.4|5|8
8.9|96.21|1121|408|5.4|5.4|5|8
9|96.21|1121|408|5.4|5.4|5|8
9.1|96.21|1121|408|5.4|5.4|5|8
9.2|96.21|1121|408|5.4|5.4|5|8
9.3|96.21|1121|408|5.4|5.4|5|8
9.4|96.21|1121|408|5.4|5.4|5|8
9.5|96.21|1121|408|5.4|5.4|5|8
9.6|96.21|1121|408|5.4|5.4|5|8
9.7|96.21|1121|408|5.4|5.4|5|8
9.8|96.2|1121|408|5.4|5.4|5|8
9.9|96.21|1121|408|5.4|5.4|5|8
10|96.25|1121|408|5.4|5.4|2|8
10.1|95.96|1124|404|5.4|5.4|2|8
10.2|95.51|1126|398|5.4|5.4|2|8
10.3|95.11|1325|396|5.4|5.4|2|8
10.4|94.68|1691|396|5.4|5.4|3|8
10.5|94.28|1814|395|5.4|5.4|3|8
10.6|94.06|1832|395|5.4|5.4|3|8
10.7|93.98|1840|395|5.4|5.4|3|8
10.8|93.98|1845|395|5.4|5.4|3|8
10.9|93.96|1848|395|5.4|5.4|3|8
11|93.97|1853|395|5.4|5.4|3|8
11.1|93.97|1856|395|5.4|5.4|3|8
11.2|93.97|1861|395|5.4|5.4|3|8
11.3|93.98|1861|395|5.4|5.4|3|8
11.4|93.98|1863|395|5.4|5.4|3|8
11.5|93.98|1866|394|5.4|5.4|3|8
11.6|93.97|1869|394|5.4|5.4|3|8
11.7|93.96|1869|394|5.4|5.4|3|8
11.8|93.98|1871|395|5.4|5.4|3|8
11.9|93.97|1871|395|5.4|5.4|3|8
12|93.98|1874|394|5.4|5.4|3|8
12.1|94|1871|394|5.4|5.4|3|8
12.2|93.97|1874|394|5.4|5.4|3|8
12.3|93.92|1874|394|5.4|5.4|3|8
12.4|93.97|1874|394|5.4|5.4|4|8
12.5|94.09|1876|394|5.4|5.4|4|8
12.6|94.4|1866|394|5.4|5.4|4|8
12.7|94.87|1379|395|5.4|5.4|4|8
12.8|95.25|1144|394|5.4|5.4|5|8
12.9|95.41|1139|394|5.4|5.4|5|8
13|95.43|1137|394|5.4|5.4|5|8
13.1|95.49|1134|394|5.4|5.4|5|8
13.2|95.5|1134|394|5.4|5.4|5|8
13.3|95.54|1134|394|5.4|5.4|5|8
13.4|95.58|1131|394|5.4|5.4|5|8
13.5|95.5|1131|394|5.4|5.4|5|8
13.6|95.46|1129|394|5.4|5.4|5|8
13.7|95.49|1129|394|5.4|5.4|5|8
13.8|95.51|1129|394|5.4|5.4|5|8
13.9|95.53|1129|394|5.4|5.4|5|8
14|95.57|1129|394|5.4|5.4|5|8
14.1|95.51|1129|394|5.4|5.4|5|8
14.2|95.53|1129|394|5.4|5.4|5|8
14.3|95.51|1129|394|5.4|5.4|5|8
14.4|95.5|1126|394|5.4|5.4|5|8
14.5|95.47|1129|394|5.4|5.4|5|8
14.6|95.49|1129|394|5.4|5.4|5|8
14.7|95.51|1129|394|5.4|5.4|5|8
14.8|95.51|1126|394|5.4|5.4|2|8
14.9|95.21|1129|394|5.4|5.4|2|8
15|94.79|1126|394|5.4|5.4|2|8
15.1|94.4|1585|394|5.4|5.4|2|8
15.2|93.94|1830|394|5.4|5.4|3|8
15.3|93.89|1851|394|5.4|5.4|3|8
15.4|93.66|1861|394|5.4|5.4|3|8
15.5|93.66|1869|394|5.4|5.4|3|8
15.6|93.69|1874|394|5.4|5.4|3|8
15.7|93.66|1876|394|5.4|5.4|3|8
15.8|93.64|1881|394|5.4|5.4|3|8
15.9|93.61|1884|394|5.4|5.4|3|8
16|93.61|1889|394|5.4|5.4|3|8
16.1|93.68|1889|394|5.4|5.4|3|8
16.2|93.64|1894|394|5.4|5.4|3|8
16.3|93.6|1894|394|5.4|5.4|3|8
16.4|93.64|1897|394|5.4|5.4|3|8
16.5|93.66|1897|394|5.4|5.4|3|8
16.6|93.62|1899|394|5.4|5.4|3|8
16.7|93.61|1899|394|5.4|5.4|3|8
16.8|93.62|1899|394|5.4|5.4|3|8
16.9|93.66|1902|394|5.4|5.4|3|8
17|93.62|1902|394|5.4|5.4|3|8
17.1|93.6|1902|394|5.4|5.4|3|8
17.2|93.69|1905|394|5.4|5.4|4|8
17.3|93.86|1897|394|5.4|5.4|4|8
17.4|94.44|1536|395|5.4|5.4|4|8
17.5|94.86|1149|394|5.4|5.4|5|8
17.6|95.03|1142|394|5.4|5.4|5|8
17.7|95.1|1139|394|5.4|5.4|5|8
17.8|95.06|1137|394|5.4|5.4|5|8
17.9|95.11|1137|394|5.4|5.4|5|8
18|95.11|1137|394|5.4|5.4|5|8
18.1|95.14|1134|394|5.4|5.4|5|8
18.2|95.14|1134|394|5.4|5.4|5|8
18.3|95.12|1131|394|5.4|5.4|5|8
18.4|95.11|1131|394|5.4|5.4|5|8
18.5|95.08|1131|394|5.4|5.4|5|8
18.6|95.11|1131|394|5.4|5.4|5|8
18.7|95.12|1131|394|5.4|5.4|5|8
18.8|95.17|1131|394|5.4|5.4|5|8
18.9|95.12|1131|394|5.4|5.4|5|8
19|95.12|1131|394|5.4|5.4|5|8
19.1|95.12|1131|394|5.4|5.4|5|8
19.2|95.12|1131|394|5.4|5.4|5|8
19.3|95.12|1131|394|5.4|5.4|5|8
19.4|95.12|1131|394|5.4|5.4|5|8
19.5|95.15|1131|394|5.4|5.4|2|8
19.6|94.83|1129|394|5.4|5.4|2|8
19.7|94.45|1131|394|5.4|5.4|2|8
19.8|93.96|1735|394|5.4|5.4|3|8
19.9|93.69|1851|394|5.4|5.4|3|8
20|93.54|1871|394|5.4|5.4|3|8
20.1|93.43|1881|394|5.4|5.4|3|8
20.2|93.38|1884|394|5.4|5.4|3|8
20.3|93.49|1892|394|5.4|5.4|3|8
20.4|93.41|1897|394|5.4|5.4|3|8
20.5|93.47|1899|394|5.4|5.4|3|8
20.6|93.41|1905|394|5.4|5.4|3|8
20.7|93.43|1907|394|5.4|5.4|3|8
20.8|93.41|1910|394|5.4|5.4|3|8
20.9|93.42|1912|394|5.4|5.4|3|8
21|93.42|1912|394|5.4|5.4|3|8
21.1|93.43|1912|394|5.4|5.4|3|8
21.2|93.38|1915|394|5.4|5.4|3|8
21.3|93.43|1915|394|5.4|5.4|3|8
21.4|93.46|1918|394|5.4|5.4|3|8
21.5|93.41|1915|394|5.4|5.4|3|8
21.6|93.42|1918|394|5.4|5.4|3|8
21.7|93.42|1918|394|5.4|5.4|3|8
21.8|93.43|1920|394|5.4|5.4|4|8
21.9|93.5|1918|394|5.4|5.4|4|8
22|93.82|1899|394|5.4|5.4|4|8
22.1|94.39|1392|395|5.4|5.4|5|8
22.2|94.71|1147|394|5.4|5.4|5|8
22.3|94.96|1142|394|5.4|5.4|5|8
22.4|94.95|1139|394|5.4|5.4|5|8
22.5|94.94|1137|394|5.4|5.4|5|8
22.6|94.9|1137|394|5.4|5.4|5|8
22.7|94.92|1137|394|5.4|5.4|5|8
22.8|95|1134|394|5.4|5.4|5|8
22.9|94.96|1134|394|5.4|5.4|5|8
23|94.94|1131|394|5.4|5.4|5|8
23.1|94.98|1131|394|5.4|5.4|5|8
23.2|94.99|1131|394|5.4|5.4|5|8
23.3|94.95|1131|394|5.4|5.4|5|8
23.4|94.96|1131|394|5.4|5.4|5|8
23.5|94.98|1131|394|5.4|5.4|5|8
23.6|94.99|1131|394|5.4|5.4|5|8
23.7|94.94|1134|394|5.4|5.4|5|8
23.8|94.96|1131|394|5.4|5.4|5|8
23.9|94.98|1131|394|5.4|5.4|5|8
24|94.99|1131|394|5.4|5.4|5|8
24.1|94.96|1129|394|5.4|5.4|2|8
24.2|94.98|1129|394|5.4|5.4|2|8
24.3|94.66|1129|394|5.4|5.4|2|8
24.4|94.25|1149|394|5.4|5.4|2|8
24.5|93.76|1802|394|5.4|5.4|3|8
24.6|93.53|1866|394|5.4|5.4|3|8
24.7|93.35|1881|394|5.4|5.4|3|8
24.8|93.31|1889|394|5.4|5.4|3|8
24.9|93.31|1899|394|5.4|5.4|3|8
25|93.26|1905|394|5.4|5.4|3|8
25.1|93.3|1907|394|5.4|5.4|3|8
25.2|93.31|1912|394|5.4|5.4|3|8
25.3|93.26|1915|394|5.4|5.4|3|8
25.4|93.3|1918|394|5.4|5.4|3|8
25.5|93.22|1923|394|5.4|5.4|3|8
25.6|93.34|1923|394|5.4|5.4|3|8
25.7|93.22|1925|394|5.4|5.4|3|8
25.8|93.29|1925|394|5.4|5.4|3|8
25.9|93.3|1928|394|5.4|5.4|3|8
26|93.23|1928|394|5.4|5.4|3|8
26.1|93.29|1928|394|5.4|5.4|3|8
26.2|93.25|1928|394|5.4|5.4|3|8
26.3|93.33|1930|394|5.4|5.4|3|8
26.4|93.22|1930|394|5.4|5.4|3|8
26.5|93.29|1930|394|5.4|5.4|4|8
26.6|93.43|1930|394|5.4|5.4|4|8
26.7|93.81|1899|394|5.4|5.4|4|8
26.8|94.33|1240|394|5.4|5.4|5|8
26.9|94.64|1147|394|5.4|5.4|5|8
27|94.76|1142|394|5.4|5.4|5|8
27.1|94.92|1142|394|5.4|5.4|5|8
27.2|94.83|1139|394|5.4|5.4|5|8
27.3|94.87|1137|394|5.4|5.4|5|8
27.4|94.87|1139|394|5.4|5.4|5|8
27.5|94.84|1137|394|5.4|5.4|5|8
27.6|94.87|1137|394|5.4|5.4|5|8
27.7|94.87|1134|394|5.4|5.4|5|8
27.8|94.86|1134|394|5.4|5.4|5|8
27.9|94.88|1131|394|5.4|5.4|5|8
28|94.9|1131|394|5.4|5.4|5|8
28.1|94.8|1131|394|5.4|5.4|5|8
28.2|94.92|1131|394|5.4|5.4|5|8
28.3|94.92|1131|394|5.4|5.4|5|8
28.4|94.82|1131|394|5.4|5.4|5|8
28.5|94.88|1129|394|5.4|5.4|5|8
28.6|94.91|1129|394|5.4|5.4|5|8
28.7|94.83|1129|394|5.4|5.4|5|8
28.8|94.88|1131|394|5.4|5.4|2|8
28.9|94.75|1129|394|5.4|5.4|2|8
29|94.48|1129|394|5.4|5.4|2|8
29.1|93.98|1186|394|5.4|5.4|2|8
29.2|93.61|1812|394|5.4|5.4|3|8
29.3|93.34|1874|394|5.4|5.4|3|8
29.4|93.14|1889|394|5.4|5.4|3|8
29.5|93.14|1897|394|5.4|5.4|3|8
29.6|93.13|1902|394|5.4|5.4|3|8
29.7|93.14|1907|394|5.4|5.4|3|8
29.8|93.14|1910|394|5.4|5.4|3|8
29.9|93.11|1918|394|5.4|5.4|3|8
30|93.11|1920|394|5.4|5.4|3|8
30.1|93.13|1923|394|5.4|5.4|3|8
30.2|93.14|1925|394|5.4|5.4|3|8
30.3|93.13|1930|394|5.4|5.4|3|8
30.4|93.13|1933|394|5.4|5.4|3|8
30.5|93.13|1933|394|5.4|5.4|3|8
30.6|93.13|1933|394|5.4|5.4|3|8
30.7|93.11|1933|394|5.4|5.4|3|8
30.8|93.13|1936|394|5.4|5.4|3|8
30.9|93.11|1936|394|5.4|5.4|3|8
31|93.13|1936|394|5.4|5.4|3|8
31.1|93.13|1936|394|5.4|5.4|3|8
31.2|93.11|1936|394|5.4|5.4|4|8
31.3|93.33|1936|394|5.4|5.4|4|8
31.4|93.73|1905|394|5.4|5.4|4|8
31.5|94.21|1201|394|5.4|5.4|5|8
31.6|94.44|1144|394|5.4|5.4|5|8
31.7|94.53|1139|394|5.4|5.4|5|8
31.8|94.64|1139|394|5.4|5.4|5|8
31.9|94.64|1137|394|5.4|5.4|5|8
32|94.61|1137|394|5.4|5.4|5|8
32.1|94.59|1134|394|5.4|5.4|5|8
32.2|94.6|1131|394|5.4|5.4|5|8
32.3|94.63|1131|394|5.4|5.4|5|8
32.4|94.61|1131|394|5.4|5.4|5|8
32.5|94.61|1129|394|5.4|5.4|5|8
32.6|94.61|1129|394|5.4|5.4|5|8
32.7|94.63|1129|394|5.4|5.4|5|8
32.8|94.63|1129|394|5.4|5.4|5|8
32.9|94.61|1126|394|5.4|5.4|5|8
33|94.61|1126|394|5.4|5.4|5|8
33.1|94.6|1129|394|5.4|5.4|5|8
33.2|94.63|1126|394|5.4|5.4|5|8
33.3|94.63|1126|394|5.4|5.4|5|8
33.4|94.63|1126|394|5.4|5.4|5|8
33.5|94.61|1124|394|5.4|5.4|2|8
33.6|94.51|1126|394|5.4|5.4|2|8
33.7|94.13|1126|394|5.4|5.4|2|8
33.8|93.72|1515|394|5.4|5.4|2|8
33.9|93.3|1856|394|5.4|5.4|3|8
34|93.33|1881|394|5.4|5.4|3|8
34.1|93.1|1894|394|5.4|5.4|3|8
34.2|92.96|1902|394|5.4|5.4|3|8
34.3|93.07|1907|394|5.4|5.4|3|8
34.4|93|1912|394|5.4|5.4|3|8
34.5|93.03|1918|394|5.4|5.4|3|8
34.6|93.02|1920|394|5.4|5.4|3|8
34.7|93.03|1925|394|5.4|5.4|3|8
34.8|93.03|1928|394|5.4|5.4|3|8
34.9|93.02|1930|394|5.4|5.4|3|8
35|93.03|1933|394|5.4|5.4|3|8
35.1|93.03|1936|394|5.4|5.4|3|8
35.2|93.02|1936|394|5.4|5.4|3|8
35.3|93.02|1938|394|5.4|5.4|3|8
35.4|93.03|1938|394|5.4|5.4|3|8
35.5|93.02|1938|394|5.4|5.4|3|8
35.6|93.02|1938|394|5.4|5.4|3|8
35.7|93.03|1938|394|5.4|5.4|3|8
35.8|93|1941|394|5.4|5.4|3|8
35.9|93.07|1941|394|5.4|5.4|4|8
36|93.31|1930|394|5.4|5.4|4|8
36.1|93.82|1515|394|5.4|5.4|4|8
36.2|94.19|1147|394|5.4|5.4|2|8
36.3|94.24|1139|394|5.4|5.4|2|8
36.4|94.15|1137|394|5.4|5.4|2|8
36.5|94.05|1134|394|5.4|5.4|2|8
36.6|94.05|1134|394|5.4|5.4|2|8
36.7|93.96|1131|394|5.4|5.4|2|8
36.8|93.89|1131|394|5.4|5.4|2|8
36.9|93.93|1129|394|5.4|5.4|2|8
37|93.82|1129|394|5.4|5.4|2|8
37.1|93.69|1235|394|5.4|5.4|2|8
37.2|93.65|1260|394|5.4|5.4|2|8
37.3|93.62|1229|394|5.4|5.4|2|8
37.4|93.55|1214|394|5.4|5.4|2|8
37.5|93.54|1222|394|5.4|5.4|2|8
37.6|93.38|1196|394|5.4|5.4|2|8
37.7|93.37|1374|395|5.4|5.4|2|8
37.8|93.3|1706|395|5.4|5.4|2|8
37.9|93.34|1724|395|5.4|5.4|2|8
38|93.51|1526|395|5.4|5.4|2|8
38.1|93.74|1144|394|5.4|5.4|2|8
38.2|93.74|1131|394|5.4|5.4|2|8
38.3|93.78|1129|394|5.4|5.4|2|8
38.4|93.69|1129|394|5.4|5.4|2|8
38.5|93.66|1126|394|5.4|5.4|2|8
38.6|93.54|1126|394|5.4|5.4|2|8
38.7|93.55|1126|394|5.4|5.4|2|8
38.8|93.41|1155|394|5.4|5.4|2|8
38.9|93.38|1147|394|5.4|5.4|2|8
39|93.33|1204|394|5.4|5.4|2|8
39.1|93.21|1296|394|5.4|5.4|2|8
39.2|93.17|1160|395|5.4|5.4|2|8
39.3|93.14|1131|395|5.4|5.4|2|8
39.4|93.18|1214|395|5.4|5.4|2|8
39.5|93.02|1265|395|5.4|5.4|2|8
39.6|93.06|1247|394|5.4|5.4|2|8
39.7|92.94|1402|394|5.4|5.4|2|8
39.8|92.79|1343|395|5.4|5.4|2|8
39.9|92.78|1410|395|5.4|5.4|2|8
40|92.64|1505|395|5.4|5.4|2|8
40.1|92.7|1131|394|5.4|5.4|2|8
40.2|92.76|1124|394|5.4|5.4|2|8
40.3|92.74|1124|394|5.4|5.4|2|8
40.4|92.67|1296|394|5.4|5.4|2|8
40.5|92.66|1389|394|5.4|5.4|2|8
40.6|92.59|1358|394|5.4|5.4|2|8
40.7|92.45|1258|395|5.4|5.4|2|8
40.8|92.4|1186|394|5.4|5.4|2|8
40.9|92.39|1232|394|5.4|5.4|2|8
41|92.33|1175|394|5.4|5.4|2|8
41.1|92.19|1242|394|5.4|5.4|2|8
41.2|92.13|1196|394|5.4|5.4|2|8
41.3|92.09|1284|395|5.4|5.4|2|8
41.4|92.07|1281|394|5.4|5.4|2|8
41.5|91.97|1477|395|5.4|5.4|2|8
41.6|91.94|1668|395|5.4|5.4|2|8
41.7|92.01|1678|395|5.4|5.4|2|8
41.8|92.15|1433|396|5.4|5.4|2|8
41.9|92.32|1129|395|5.4|5.4|2|8
42|92.33|1124|394|5.4|5.4|2|8
42.1|92.36|1121|394|5.4|5.4|2|8
42.2|92.33|1121|394|5.4|5.4|2|8
42.3|92.17|1121|394|5.4|5.4|2|8
42.4|92.15|1119|394|5.4|5.4|2|8
42.5|92.05|1119|394|5.4|5.4|2|8
42.6|92.08|1149|394|5.4|5.4|2|8
42.7|92.02|1142|394|5.4|5.4|2|8
42.8|91.94|1173|394|5.4|5.4|2|8
42.9|91.92|1216|394|5.4|5.4|2|8
43|91.84|1284|394|5.4|5.4|2|8
43.1|91.74|1265|395|5.4|5.4|2|8
43.2|91.64|1271|395|5.4|5.4|2|8
43.3|91.58|1178|394|5.4|5.4|2|8
43.4|91.53|1245|394|5.4|5.4|2|8
43.5|91.5|1204|395|5.4|5.4|2|8
43.6|91.46|1291|395|5.4|5.4|2|8
43.7|91.38|1286|395|5.4|5.4|2|8
43.8|91.27|1381|396|5.4|5.4|2|8
43.9|91.23|1253|395|5.4|5.4|2|8
44|91.09|1206|395|5.4|5.4|2|8
44.1|91.03|1198|394|5.4|5.4|2|8
44.2|90.99|1211|394|5.4|5.4|2|8
44.3|90.88|1188|394|5.4|5.4|2|8
44.4|90.82|1216|394|5.4|5.4|2|8
44.5|90.8|1211|394|5.4|5.4|2|8
44.6|90.6|1247|394|5.4|5.4|2|8
44.7|90.59|1214|395|5.4|5.4|2|8
44.8|90.49|1206|395|5.4|5.4|2|8
44.9|90.44|1294|394|5.4|5.4|2|8
45|90.36|1222|394|5.4|5.4|2|8
45.1|90.27|1224|395|5.4|5.4|2|8
45.2|90.21|1296|394|5.4|5.4|2|8
45.3|90.08|1268|394|5.4|5.4|2|8
45.4|90|1222|394|5.4|5.4|2|8
45.5|89.88|1222|394|5.4|5.4|2|8
45.6|89.81|1327|396|5.4|5.4|2|8
45.7|89.7|1211|395|5.4|5.4|2|8
45.8|89.66|1284|395|5.4|5.4|2|8
45.9|89.46|1180|395|5.4|5.4|2|8
46|89.49|1276|396|5.4|5.4|2|8
46.1|89.37|1284|395|5.4|5.4|2|8
46.2|89.25|1216|395|5.4|5.4|2|8
46.3|89.15|1250|395|5.4|5.4|2|8
46.4|89.06|1314|395|5.4|5.4|2|8
46.5|88.97|1307|394|5.4|5.4|2|8
46.6|88.87|1175|394|5.4|5.4|2|8
46.7|88.75|1240|395|5.4|5.4|2|8
46.8|88.64|1183|394|5.4|5.4|2|8
46.9|88.51|1211|395|5.4|5.4|2|8
47|88.37|1351|395|5.4|5.4|2|8
47.1|88.27|1281|395|5.4|5.4|2|8
47.2|88.23|1247|394|5.4|5.4|2|8
47.3|88.05|1245|395|5.4|5.4|2|8
47.4|87.97|1250|395|5.4|5.4|2|8
47.5|87.85|1265|394|5.4|5.4|2|8
47.6|87.68|1198|395|5.4|5.4|2|8
47.7|87.57|1276|395|5.4|5.4|2|8
47.8|87.45|1183|395|5.4|5.4|2|8
47.9|87.34|1307|394|5.4|5.4|2|8
48|87.21|1332|394|5.4|5.4|2|8
48.1|87.1|1320|395|5.4|5.4|2|8
48.2|86.98|1348|396|5.4|5.4|2|8
48.3|86.8|1235|395|5.4|5.4|2|8
48.4|86.68|1232|395|5.4|5.4|2|8
48.5|86.58|1358|395|5.4|5.4|2|8
48.6|86.43|1327|395|5.4|5.4|2|8
48.7|86.24|1291|395|5.4|5.4|2|8
48.8|86.13|1343|394|5.4|5.4|2|8
48.9|86.03|1348|394|5.4|5.4|2|8
49|85.88|1384|394|5.4|5.4|2|8
49.1|85.73|1284|395|5.4|5.4|2|8
49.2|85.57|1193|394|5.4|5.4|2|8
49.3|85.41|1260|395|5.4|5.4|2|8
49.4|85.23|1356|395|5.4|5.4|2|8
49.5|85.06|1345|395|5.4|5.4|2|8
49.6|84.93|1340|395|5.4|5.4|2|8
49.7|84.79|1469|395|5.4|5.4|2|8
49.8|84.59|1273|395|5.4|5.4|2|8
49.9|84.43|1273|396|5.4|5.4|2|8
50|84.23|1286|396|5.4|5.4|2|8
50.1|84.13|1304|394|5.4|5.4|2|8
50.2|83.85|1322|395|5.4|5.4|2|8
50.3|83.76|1389|395|5.4|5.4|2|8
50.4|83.56|1410|396|5.4|5.4|2|8
50.5|83.37|1307|396|5.4|5.4|2|8
50.6|83.17|1379|395|5.4|5.4|2|8
50.7|83.05|1335|396|5.4|5.4|2|8
50.8|82.82|1436|395|5.4|5.4|2|8
50.9|82.7|1340|396|5.4|5.4|2|8
51|82.46|1332|396|5.4|5.4|2|8
51.1|82.21|1338|395|5.4|5.4|6|8
51.2|80.71|1923|394|5.4|5.4|6|8
51.3|78.04|1974|394|5.4|5.4|6|8
51.4|75.3|57|394|5.4|5.4|7|8
51.5|73.21|0|394|5.4|5.4|7|8
51.6|72.2|0|393|5.4|5.4|7|8
51.7|71.69|0|393|5.4|5.4|7|8
51.8|71.52|0|393|5.4|5.4|7|8
51.9|71.51|0|393|5.4|5.4|7|8
52|71.43|0|393|5.4|5.4|7|8
52.1|71.37|0|393|5.4|5.4|7|8
52.2|71.38|0|392|5.4|5.4|7|8
52.3|71.36|0|392|5.4|5.4|7|8
52.4|71.34|0|392|5.4|5.4|7|8
52.5|71.36|0|392|5.4|5.4|7|8
52.6|71.36|0|392|5.4|5.4|7|8
52.7|71.36|0|393|5.4|5.4|7|8
52.8|71.36|0|393|5.4|5.4|7|8
52.9|71.36|0|393|5.4|5.4|7|8
53|71.34|0|393|5.4|5.4|7|8
53.1|71.34|0|394|5.4|5.4|7|8
53.2|71.36|0|394|5.4|5.4|7|8
53.3|71.34|0|394|5.4|5.4|7|8
53.4|71.34|0|394|5.4|5.4|7|8
53.5|71.34|0|394|5.4|5.4|7|8
53.6|71.34|0|394|5.4|5.4|7|8
53.7|71.34|0|393|5.4|5.4|7|8
53.8|71.34|0|393|5.4|5.4|7|8
53.9|71.34|0|393|5.4|5.4|7|8
54|71.34|0|393|5.4|5.4|7|8
54.1|71.34|0|394|5.4|5.4|7|8
54.2|71.37|0|393|5.4|5.4|7|8
54.3|71.38|0|393|5.4|5.4|7|8
54.4|71.36|0|393|5.4|5.4|7|8
54.5|71.34|0|393|5.4|5.4|7|8
54.6|71.34|0|393|5.4|5.4|7|8
54.7|71.34|0|393|5.4|5.4|7|8
54.8|71.33|0|393|5.4|5.4|7|8
54.9|71.33|0|393|5.4|5.4|7|8
55|71.34|0|394|5.4|5.4|7|8
55.1|71.33|0|393|5.4|5.4|7|8
55.2|71.33|0|393|5.4|5.4|7|8
55.3|71.34|0|393|5.4|5.4|7|8
55.4|71.34|0|393|5.4|5.4|7|8
55.5|71.29|0|393|5.4|5.4|7|8
55.6|71.28|0|394|5.4|5.4|7|8
55.7|71.3|0|394|5.4|5.4|7|8
55.8|71.33|0|393|5.4|5.4|7|8
55.9|71.33|0|393|5.4|5.4|7|8
56|71.33|0|393|5.4|5.4|7|8
56.1|71.33|0|394|5.4|5.4|7|8
56.2|71.32|0|394|5.4|5.4|7|8
56.3|71.33|0|394|5.4|5.4|7|8
56.4|71.32|0|394|5.4|5.4|7|8
56.5|71.32|0|394|5.4|5.4|7|8
56.6|71.32|0|394|5.4|5.4|7|8
56.7|71.32|0|394|5.4|5.4|7|8
56.8|71.32|0|394|5.4|5.4|7|8
56.9|71.33|0|394|5.4|5.4|7|8
57|71.33|0|394|5.4|5.4|7|8
57.1|71.37|0|394|5.4|5.4|7|8
57.2|71.38|0|394|5.4|5.4|7|8
57.3|71.33|0|394|5.4|5.4|7|8
57.4|71.32|0|394|5.4|5.4|7|8
57.5|71.29|0|394|5.4|5.4|7|8
57.6|71.3|0|394|5.4|5.4|7|8
57.7|71.3|0|394|5.4|5.4|7|8
57.8|71.33|0|394|5.4|5.4|7|8
57.9|71.34|0|394|5.4|5.4|7|8
58|71.37|0|394|5.4|5.4|7|8
58.1|71.34|0|394|5.4|5.4|7|8
58.2|71.33|0|394|5.4|5.4|7|8
58.3|71.32|0|394|5.4|5.4|7|8
58.4|71.32|0|394|5.4|5.4|7|8
58.5|71.29|0|394|5.4|5.4|7|8
58.6|71.29|0|394|5.4|5.4|7|8
58.7|71.29|0|394|5.4|5.4|7|8
58.8|71.3|0|394|5.4|5.4|7|8
58.9|71.32|0|394|5.4|5.4|7|8
59|71.32|0|394|5.4|5.4|7|8
59.1|71.32|0|394|5.4|5.4|7|8
59.2|71.32|0|394|5.4|5.4|7|8
59.3|71.32|0|394|5.4|5.4|7|8
59.4|71.32|0|394|5.4|5.4|7|8
59.5|71.32|0|394|5.4|5.4|7|8
59.6|71.32|0|394|5.4|5.4|7|8
59.7|71.3|0|394|5.4|5.4|7|8
59.8|71.3|0|394|5.4|5.4|7|8
59.9|71.3|0|394|5.4|5.4|7|8
60|71.32|0|394|5.4|5.4|7|8
60.1|71.33|0|394|5.4|5.4|7|8
60.2|71.37|0|394|5.4|5.4|7|8
60.3|71.34|0|394|5.4|5.4|7|8
60.4|71.33|0|394|5.4|5.4|7|8
60.5|71.34|0|394|5.4|5.4|7|8
60.6|71.37|0|394|5.4|5.4|7|8
60.7|71.28|0|394|5.4|5.4|7|8
60.8|71.28|0|394|5.4|5.4|7|8
60.9|71.26|0|394|5.4|5.4|7|8
61|71.3|0|394|5.4|5.4|7|8
61.1|71.29|0|394|5.4|5.4|7|8
61.2|71.29|0|394|5.4|5.4|7|8
61.3|71.32|0|394|5.4|5.4|7|8
61.4|71.3|0|394|5.4|5.4|7|8
61.5|71.3|0|394|5.4|5.4|7|8
61.6|71.3|0|394|5.4|5.4|7|8
61.7|71.3|0|394|5.4|5.4|7|8
61.8|71.3|0|394|5.4|5.4|7|8
61.9|71.32|0|394|5.4|5.4|7|8
62|71.32|0|394|5.4|5.4|7|8
62.1|71.32|0|394|5.4|5.4|7|8
62.2|71.36|0|399|5.4|5.4|7|8
62.3|71.33|0|400|5.4|5.4|7|8
62.4|71.36|0|401|5.4|5.4|7|8
62.5|71.32|0|401|5.4|5.4|7|8
62.6|71.29|0|401|5.4|5.4|7|8
62.7|71.28|0|401|5.4|5.4|7|8
62.8|71.29|0|401|5.4|5.4|7|8
62.9|71.29|0|401|5.4|5.4|7|8
63|71.3|0|401|5.4|5.4|7|8
63.1|71.3|0|401|5.4|5.4|7|8
63.2|71.3|0|401|5.4|5.4|7|8
63.3|71.29|0|401|5.4|5.4|7|8
63.4|71.3|0|401|5.4|5.4|7|8
63.5|71.29|0|401|5.4|5.4|7|8
63.6|71.3|0|401|5.4|5.4|7|8
63.7|71.3|0|401|5.4|5.4|7|8
63.8|71.29|0|401|5.4|5.4|7|8
63.9|71.3|0|401|5.4|5.4|7|8
64|71.3|0|401|5.4|5.4|7|8
64.1|71.3|0|401|5.4|5.4|7|8
64.2|71.3|0|401|5.4|5.4|7|8
64.3|71.3|0|401|5.4|5.4|7|8
64.4|71.3|0|401|5.4|5.4|8|8
64.5|71.29|0|401|5.4|5.4|8|8
64.6|71.34|0|401|5.4|5.4|8|8
64.7|71.29|0|401|5.4|5.4|8|8
64.8|71.21|0|401|5.4|5.4|8|8
64.9|71.18|0|401|5.4|5.4|8|8
65|71.25|0|401|5.4|5.4|8|8
65.1|71.32|0|401|5.4|5.4|8|8
65.2|71.3|0|401|5.4|5.4|8|8
65.3|71.21|0|401|5.4|5.4|8|8
65.4|71.2|0|401|5.3|5.3|8|8
65.5|71.33|0|401|5.3|5.3|8|8
65.6|71.28|0|401|5.3|5.3|8|8
65.7|71.22|0|401|5.3|5.3|8|8
65.8|71.21|0|401|5.2|5.2|8|8
65.9|71.28|0|401|5.3|5.3|8|8
66|71.3|0|401|5.3|5.2|8|8
66.1|71.33|0|401|5.2|5.2|8|8
66.2|71.22|0|401|5.2|5.2|8|8
66.3|71.2|0|401|5.2|5.2|8|8
66.4|71.99|0|401|5.2|5.2|8|8
66.5|74.98|0|401|5.2|5.2|8|8
66.6|78.04|0|401|5.2|5.2|8|8
66.7|81.06|0|401|5.2|5.2|8|8
66.8|84.01|0|401|5.2|5.2|8|8
66.9|86.95|0|401|5.2|5.2|8|8
67|89.9|0|401|5.2|5.2|8|8
67.1|92.87|0|401|5.2|5.2|8|8
67.2|94.75|0|401|5.2|5.2|8|8
67.3|95.55|0|401|5.2|5.2|8|8
67.4|95.84|0|401|5.2|5.2|9|8
