0|96.06|1423|450|4.8|4.8|1|8
0.1|96.09|1686|451|4.8|4.8|1|8
0.2|96.08|1719|451|4.8|4.8|1|8
0.3|96.01|1735|452|4.8|4.8|1|8
0.4|96.06|1745|452|4.8|4.8|1|8
0.5|96.05|1758|452|4.8|4.8|3|8
0.6|96.06|1771|452|4.8|4.8|3|8
0.7|96.02|1778|452|4.8|4.8|3|8
0.8|96|1786|452|4.8|4.8|3|8
0.9|96|1789|452|4.8|4.8|3|8
1|96.01|1794|452|4.8|4.8|3|8
1.1|96.01|1799|453|4.8|4.8|3|8
1.2|95.98|1799|453|4.8|4.8|3|8
1.3|96.01|1807|453|4.8|4.8|3|8
1.4|96|1809|453|4.8|4.8|3|8
1.5|96.01|1812|453|4.8|4.8|3|8
1.6|96.01|1814|453|4.8|4.8|3|8
1.7|96.01|1814|453|4.8|4.8|3|8
1.8|96|1820|453|4.8|4.8|3|8
1.9|95.97|1825|453|4.8|4.8|3|8
2|95.98|1825|453|4.8|4.8|3|8
2.1|96|1822|453|4.8|4.8|3|8
2.2|96|1825|453|4.8|4.8|3|8
2.3|96.01|1827|452|4.8|4.8|3|8
2.4|96.01|1832|452|4.8|4.8|3|8
2.5|96.04|1832|453|4.8|4.8|4|8
2.6|96.24|1822|453|4.8|4.8|4|8
2.7|96.61|1794|453|4.8|4.8|4|8
2.8|97.08|1709|453|4.8|4.8|4|8
2.9|97.55|1126|454|4.8|4.8|5|8
3|97.82|1106|454|4.8|4.8|5|8
3.1|97.92|1106|454|4.8|4.8|5|8
3.2|97.94|1103|454|4.8|4.8|5|8
3.3|97.98|1103|454|4.8|4.8|5|8
3.4|97.97|1103|454|4.9|4.9|5|8
3.5|98.02|1103|454|4.9|4.9|5|8
3.6|97.97|1103|454|4.9|4.9|5|8
3.7|97.96|1103|454|4.9|4.9|5|8
3.8|97.92|1103|454|4.9|4.9|5|8
3.9|97.94|1103|454|4.9|4.9|5|8
4|97.97|1103|454|4.9|4.9|5|8
4.1|97.97|1103|454|4.9|4.9|5|8
4.2|98.01|1103|454|4.9|4.9|5|8
4.3|98|1103|454|4.9|4.9|5|8
4.4|97.92|1103|454|4.9|4.9|5|8
4.5|97.94|1103|454|4.9|4.9|5|8
4.6|97.97|1103|454|4.9|4.9|5|8
4.7|97.97|1103|454|4.9|4.9|5|8
4.8|98|1103|454|4.9|4.9|5|8
4.9|97.96|1103|454|4.9|4.9|2|8
5|97.66|1103|454|4.9|4.9|2|8
5.1|97.31|1103|454|4.9|4.9|2|8
5.2|96.9|1157|454|4.9|4.9|2|8
5.3|96.45|1258|453|4.9|4.9|2|8
5.4|95.92|1348|453|4.9|4.9|2|8
5.5|95.47|1345|453|4.9|4.9|2|8
5.6|94.99|1397|453|4.9|4.9|2|8
5.7|94.55|1802|452|4.9|4.9|3|8
5.8|94.36|1869|452|4.9|4.9|3|8
5.9|94.19|1887|452|4.9|4.9|3|8
6|94.17|1894|452|4.9|4.9|3|8
6.1|94.13|1899|451|4.9|4.9|3|8
6.2|94.08|1902|451|4.9|4.9|3|8
6.3|94.08|1905|451|4.9|4.9|3|8
6.4|94.08|1907|451|4.9|4.9|3|8
6.5|94.12|1907|451|4.9|4.9|3|8
6.6|94.06|1910|451|4.9|4.9|3|8
6.7|94.08|1912|451|4.9|4.9|3|8
6.8|94.13|1915|451|4.9|4.9|3|8
6.9|94.09|1915|451|4.9|4.9|3|8
7|94.06|1920|450|4.9|4.9|3|8
7.1|94.12|1923|450|4.9|4.9|3|8
7.2|94.12|1923|450|4.9|4.9|3|8
7.3|94.08|1923|450|4.9|4.9|3|8
7.4|94.08|1925|450|4.9|4.9|3|8
7.5|94.1|1925|450|4.9|4.9|3|8
7.6|94.1|1925|450|4.9|4.9|3|8
7.7|94.08|1928|450|4.9|4.9|4|8
7.8|94.28|1925|450|4.9|4.9|4|8
7.9|94.66|1889|450|4.9|4.9|4|8
8|95.18|1688|450|4.9|4.9|4|8
8.1|95.62|1131|450|4.9|4.9|5|8
8.2|95.8|1116|450|4.9|4.9|5|8
8.3|95.98|1116|451|4.9|4.9|5|8
8.4|96.01|1116|451|4.9|4.9|5|8
8.5|96.02|1116|450|4.9|4.9|5|8
8.6|96.06|1116|450|4.9|4.9|5|8
8.7|96.02|1113|451|4.9|4.9|5|8
8.8|96.01|1113|451|4.9|4.9|5|8
8.9|95.98|1113|451|4.9|4.9|5|8
9|96.01|1111|451|4.9|4.9|5|8
9.1|96.05|1111|451|4.9|4.9|5|8
9.2|96.02|1111|451|4.9|4.9|5|8
9.3|96.01|1111|451|4.9|4.9|5|8
9.4|96|1111|451|4.9|4.9|5|8
9.5|96.01|1111|451|4.9|4.9|5|8
9.6|96.01|1108|451|4.9|4.9|5|8
9.7|96.02|1108|451|4.9|4.9|5|8
9.8|96.02|1108|451|4.9|4.9|5|8
9.9|96.02|1111|451|4.9|4.9|5|8
10|96.06|1108|451|4.9|4.9|5|8
10.1|96.01|1116|440|4.9|4.9|2|8
10.2|95.76|1116|435|4.9|4.9|2|8
10.3|95.42|1116|434|4.9|4.9|2|8
10.4|94.99|1139|432|4.9|4.9|2|8
10.5|94.53|1678|434|4.9|4.9|3|8
10.6|94.17|1894|435|4.9|4.9|3|8
10.7|94.04|1912|436|4.9|4.9|3|8
10.8|93.93|1925|436|4.9|4.9|3|8
10.9|93.86|1930|436|4.9|4.9|3|8
11|93.81|1938|436|4.9|4.9|3|8
11.1|93.78|1951|422|4.9|4.9|3|8
11.2|93.82|1948|417|4.9|4.9|3|8
11.3|93.82|1954|415|4.9|4.9|3|8
11.4|93.8|1956|414|4.9|4.9|3|8
11.5|93.8|1959|414|4.9|4.9|3|8
11.6|93.82|1961|414|4.9|4.9|3|8
11.7|93.82|1961|414|4.9|4.9|3|8
11.8|93.8|1961|414|4.9|4.9|3|8
11.9|93.78|1964|414|4.9|4.9|3|8
12|93.81|1964|414|4.9|4.9|3|8
12.1|93.8|1964|414|4.9|4.9|3|8
12.2|93.8|1964|414|4.9|4.9|3|8
12.3|93.81|1966|414|4.9|4.9|3|8
12.4|93.84|1969|414|4.9|4.9|3|8
12.5|93.8|1969|415|4.9|4.9|4|8
12.6|93.85|1966|415|4.9|4.9|4|8
12.7|94.06|1964|415|4.9|4.9|4|8
12.8|94.44|1936|416|4.9|4.9|4|8
12.9|95|1830|416|4.9|4.9|4|8
13|95.49|1152|414|4.9|4.9|5|8
13.1|95.73|1139|413|4.9|4.9|5|8
13.2|95.82|1134|413|4.9|4.9|5|8
13.3|95.89|1131|413|4.9|4.9|5|8
13.4|95.93|1131|413|4.9|4.9|5|8
13.5|95.96|1134|413|4.9|4.9|5|8
13.6|95.94|1131|413|4.9|4.9|5|8
13.7|95.92|1129|413|4.9|4.9|5|8
13.8|95.9|1129|412|4.9|4.9|5|8
13.9|95.85|1129|413|4.9|4.9|5|8
14|95.89|1129|413|4.9|4.9|5|8
14.1|95.93|1129|413|4.9|4.9|5|8
14.2|95.96|1129|413|4.9|4.9|5|8
14.3|95.94|1129|413|4.9|4.9|5|8
14.4|95.9|1129|412|4.9|4.9|5|8
14.5|95.86|1129|412|4.9|4.9|5|8
14.6|95.89|1129|413|4.9|4.9|5|8
14.7|95.92|1126|412|4.9|4.9|5|8
14.8|95.92|1126|412|4.9|4.9|5|8
14.9|95.92|1126|412|4.9|4.9|5|8
15|95.94|1126|412|4.9|4.9|2|8
15.1|95.73|1129|413|4.9|4.9|2|8
15.2|95.35|1126|413|4.9|4.9|2|8
15.3|94.94|1186|413|4.9|4.9|2|8
15.4|94.45|1711|414|4.9|4.9|3|8
15.5|94.13|1902|415|4.9|4.9|3|8
15.6|93.98|1930|416|4.9|4.9|3|8
15.7|93.92|1943|416|4.9|4.9|3|8
15.8|93.86|1951|416|4.9|4.9|3|8
15.9|93.78|1956|416|4.9|4.9|3|8
16|93.8|1961|416|4.9|4.9|3|8
16.1|93.8|1961|416|4.9|4.9|3|8
16.2|93.82|1964|416|4.9|4.9|3|8
16.3|93.8|1966|416|4.9|4.9|3|8
16.4|93.77|1966|416|4.9|4.9|3|8
16.5|93.78|1966|416|4.9|4.9|3|8
16.6|93.81|1969|416|4.9|4.9|3|8
16.7|93.78|1969|416|4.9|4.9|3|8
16.8|93.81|1969|416|4.9|4.9|3|8
16.9|93.81|1969|416|4.9|4.9|3|8
17|93.81|1969|416|4.9|4.9|3|8
17.1|93.8|1972|416|4.9|4.9|3|8
17.2|93.82|1972|416|4.9|4.9|3|8
17.3|93.82|1972|416|4.9|4.9|3|8
17.4|93.81|1972|416|4.9|4.9|4|8
17.5|93.86|1972|416|4.9|4.9|4|8
17.6|94.1|1964|417|4.9|4.9|4|8
17.7|94.55|1920|416|4.9|4.9|4|8
17.8|95.06|1314|417|4.9|4.9|5|8
17.9|95.46|1139|416|4.9|4.9|5|8
18|95.65|1134|416|4.9|4.9|5|8
18.1|95.7|1134|416|4.9|4.9|5|8
18.2|95.73|1134|416|4.9|4.9|5|8
18.3|95.78|1131|416|4.9|4.9|5|8
18.4|95.77|1131|415|4.9|4.9|5|8
18.5|95.74|1131|415|4.9|5|5|8
18.6|95.73|1131|415|5|4.9|5|8
18.7|95.78|1131|415|4.9|4.9|5|8
18.8|95.78|1129|415|5|5|5|8
18.9|95.77|1129|415|4.9|4.9|5|8
19|95.76|1129|415|5|4.9|5|8
19.1|95.72|1129|415|5|5|5|8
19.2|95.76|1129|415|4.9|5|5|8
19.3|95.78|1126|414|4.9|5|5|8
19.4|95.77|1129|414|5|4.9|5|8
19.5|95.76|1126|414|5|5|5|8
19.6|95.77|1126|414|5|5|5|8
19.7|95.74|1126|414|4.9|4.9|5|8
19.8|95.74|1126|414|5|4.9|2|8
19.9|95.74|1124|414|5|5|2|8
20|95.45|1124|415|5|5|2|8
20.1|95.02|1126|415|5|5|2|8
20.2|94.57|1521|415|4.9|5|2|8
20.3|94.19|1884|416|5|5|3|8
20.4|94.04|1920|417|5|5|3|8
20.5|93.94|1941|417|5|5|3|8
20.6|93.88|1948|418|5|5|3|8
20.7|93.88|1956|418|5|5|3|8
20.8|93.78|1959|418|5|5|3|8
20.9|93.82|1961|418|5|4.9|3|8
21|93.8|1969|418|5|5|3|8
21.1|93.89|1982|405|5|5|3|8
21.2|93.89|1985|401|5|5|3|8
21.3|93.88|1987|400|5|5|3|8
21.4|93.78|1992|399|5|5|3|8
21.5|93.82|1990|399|5|5|3|8
21.6|93.82|1990|399|5|5|3|8
21.7|93.88|1990|399|5|5|3|8
21.8|93.86|1990|399|5|5|3|8
21.9|93.86|1990|399|5|5|3|8
22|93.78|1992|399|5|5|3|8
22.1|93.8|1992|399|5|5|3|8
22.2|93.8|1992|400|5|5|3|8
22.3|93.89|1992|400|5|5|4|8
22.4|94.09|1987|400|5|5|4|8
22.5|94.57|1918|400|5|5|4|8
22.6|95.03|1175|400|5|5|5|8
22.7|95.35|1142|400|5|5|5|8
22.8|95.38|1137|400|5|5|5|8
22.9|95.49|1137|399|5|5|5|8
23|95.5|1137|399|5|5|5|8
23.1|95.51|1137|399|5|5|5|8
23.2|95.51|1137|399|5|5|5|8
23.3|95.53|1134|398|5|5|5|8
23.4|95.51|1134|398|5|5|5|8
23.5|95.49|1134|398|5|5|5|8
23.6|95.47|1134|398|5|5|5|8
23.7|95.51|1134|398|5|5|5|8
23.8|95.55|1134|398|5|5|5|8
23.9|95.51|1134|398|5|5|5|8
24|95.5|1131|398|5|5|5|8
24.1|95.49|1134|398|5|5|5|8
24.2|95.5|1131|398|5|5|5|8
24.3|95.5|1134|398|5|5|5|8
24.4|95.5|1131|398|5|5|5|8
24.5|95.51|1131|398|5|5|5|8
24.6|95.51|1131|398|5|5|2|8
24.7|95.41|1131|398|5|5|2|8
24.8|95.02|1129|398|5|5|2|8
24.9|94.6|1224|398|5|5|2|8
25|94.17|1856|399|5|5|3|8
25.1|93.92|1943|400|5|5|3|8
25.2|93.81|1964|400|5|5|3|8
25.3|93.69|1974|400|5|5|3|8
25.4|93.66|1979|400|5|5|3|8
25.5|93.66|1982|400|5|5|3|8
25.6|93.65|1985|400|5|5|3|8
25.7|93.64|1987|400|5|5|3|8
25.8|93.61|1990|400|5|5|3|8
25.9|93.64|1990|400|5|5|3|8
26|93.64|1992|400|5|5|3|8
26.1|93.64|1992|400|5|5|3|8
26.2|93.64|1992|400|5|5|3|8
26.3|93.64|1995|400|5|5|3|8
26.4|93.64|1995|400|5|5|3|8
26.5|93.68|1995|400|5|5|3|8
26.6|93.61|1995|400|5|5|3|8
26.7|93.64|1995|400|5|5|3|8
26.8|93.62|1995|400|5|5|3|8
26.9|93.66|1995|400|5|5|3|8
27|93.62|1997|400|5|5|4|8
27.1|93.77|1995|400|5|5|4|8
27.2|94.06|1961|400|5|5|4|8
27.3|94.6|1193|401|5|5|5|8
27.4|94.91|1142|400|5|5|5|8
27.5|95.02|1137|400|5|5|5|8
27.6|95.03|1137|400|5|5|5|8
27.7|95.12|1134|400|5|5|5|8
27.8|95.12|1134|400|5|5|5|8
27.9|95.07|1134|400|5|5|5|8
28|95.14|1134|400|5|5|5|8
28.1|95.1|1131|399|5|5|5|8
28.2|95.08|1134|399|5|5|5|8
28.3|95.14|1131|399|5|5|5|8
28.4|95.11|1131|399|5|5|5|8
28.5|95.12|1131|399|5|5|5|8
28.6|95.1|1131|399|5|5|5|8
28.7|95.12|1131|399|5|5|5|8
28.8|95.1|1129|399|5|5|5|8
28.9|95.12|1131|399|5|5|5|8
29|95.11|1129|399|5|5|5|8
29.1|95.11|1131|399|5|5|5|8
29.2|95.11|1129|399|5|5|5|8
29.3|95.12|1129|399|5|5|2|8
29.4|94.99|1129|399|5|5|2|8
29.5|94.67|1129|399|5|5|2|8
29.6|94.24|1273|399|5|5|2|8
29.7|93.85|1905|400|5|5|3|8
29.8|93.66|1954|400|5|5|3|8
29.9|93.54|1969|400|5|5|3|8
30|93.5|1977|400|5|5|3|8
30.1|93.49|1979|401|5|5|3|8
30.2|93.43|1985|401|5|5|3|8
30.3|93.41|1987|401|5|5|3|8
30.4|93.42|1990|401|5|5|3|8
30.5|93.41|1990|401|5|5|3|8
30.6|93.45|1990|401|5|5|3|8
30.7|93.46|1992|401|5|5|3|8
30.8|93.42|1992|401|5|5|3|8
30.9|93.42|1995|401|5|5|3|8
31|93.46|1995|401|5|5|3|8
31.1|93.45|1997|400|5|5|3|8
31.2|93.42|2000|398|5|5|3|8
31.3|93.42|2000|398|5|5|3|8
31.4|93.42|2000|398|5|5|3|8
31.5|93.45|2000|398|5|5|3|8
31.6|93.43|2000|398|5|5|3|8
31.7|93.42|2000|398|5|5|4|8
31.8|93.65|1997|398|5|5|4|8
31.9|94.05|1789|398|5|5|4|8
32|94.51|1149|398|5|5|5|8
32.1|94.67|1137|398|5|5|5|8
32.2|94.88|1134|398|5|5|5|8
32.3|94.83|1134|398|5|5|5|8
32.4|94.9|1134|398|5|5|5|8
32.5|94.87|1134|398|5|5|5|8
32.6|94.83|1131|398|5|5|5|8
32.7|94.88|1131|398|5|5|5|8
32.8|94.86|1131|397|5|5|5|8
32.9|94.83|1131|397|5|5|5|8
33|94.87|1129|397|5|5|5|8
33.1|94.9|1131|397|5|5|5|8
33.2|94.82|1129|397|5|5|5|8
33.3|94.9|1129|397|5|5|5|8
33.4|94.86|1129|397|5|5|5|8
33.5|94.88|1129|397|5|5|5|8
33.6|94.91|1129|397|5|5|5|8
33.7|94.83|1129|397|5|5|5|8
33.8|94.86|1131|397|5|5|5|8
33.9|94.87|1129|397|5|5|5|8
34|94.8|1126|396|5|5|2|8
34.1|94.6|1126|397|5|5|2|8
34.2|94.24|1126|397|5|5|2|8
34.3|93.84|1747|396|5|5|3|8
34.4|93.51|1946|398|5|5|3|8
34.5|93.38|1969|398|5|5|3|8
34.6|93.29|1982|398|5|5|3|8
34.7|93.14|1987|398|5|5|3|8
34.8|93.19|1990|398|5|5|3|8
34.9|93.14|1992|398|5|5|3|8
35|93.18|1995|398|5|5|3|8
35.1|93.19|1997|398|5|5|3|8
35.2|93.17|2000|398|5|5|3|8
35.3|93.18|2000|398|5|5|3|8
35.4|93.18|2000|398|5|5|3|8
35.5|93.21|2000|398|5|5|3|8
35.6|93.17|2003|398|5|5|3|8
35.7|93.17|2000|398|5|5|3|8
35.8|93.19|2000|398|5|5|3|8
35.9|93.18|2003|398|5|5|3|8
36|93.17|2000|398|5|5|3|8
36.1|93.18|2003|398|5|5|3|8
36.2|93.19|2000|398|5|5|3|8
36.3|93.15|2003|398|5|5|4|8
36.4|93.26|2003|398|5|5|4|8
36.5|93.51|1990|398|5|5|4|8
36.6|94.01|1240|398|5|5|2|8
36.7|94.23|1139|398|5|5|2|8
36.8|94.31|1134|398|5|5|2|8
36.9|94.23|1134|398|5|5|2|8
37|94.17|1131|397|5|5|2|8
37.1|94.17|1131|397|5|5|2|8
37.2|94.08|1131|397|5|5|2|8
37.3|94.04|1131|397|5|5|2|8
37.4|93.93|1134|397|5|5|2|8
37.5|93.92|1131|397|5|5|2|8
37.6|93.82|1137|396|5|5|2|8
37.7|93.85|1302|396|5|5|2|8
37.8|93.68|1250|397|5|5|2|8
37.9|93.66|1456|398|5|5|2|8
38|93.58|1809|398|5|5|2|8
38.1|93.61|1856|398|5|5|2|8
38.2|93.8|1858|398|5|5|2|8
38.3|93.98|1825|398|5|5|2|8
38.4|94.19|1157|398|5|5|2|8
38.5|94.23|1134|397|5|5|2|8
38.6|94.31|1131|396|5|5|2|8
38.7|94.28|1129|396|5|5|2|8
38.8|94.15|1129|396|5|5|2|8
38.9|94.12|1129|396|5|5|2|8
39|94.06|1129|396|5|5|2|8
39.1|94.01|1129|396|5|5|2|8
39.2|93.94|1229|396|5|5|2|8
39.3|93.88|1224|396|5|5|2|8
39.4|93.8|1716|397|5|5|2|8
39.5|93.86|1753|398|5|5|2|8
39.6|94.05|1765|398|5|5|2|8
39.7|94.24|1729|398|5|5|2|8
39.8|94.43|1206|398|5|5|2|8
39.9|94.49|1131|396|5|5|2|8
40|94.51|1129|396|5|5|2|8
40.1|94.51|1124|396|5|5|2|8
40.2|94.4|1126|396|5|5|2|8
40.3|94.28|1129|396|5|5|2|8
40.4|94.31|1129|396|5|5|2|8
40.5|94.29|1137|396|5|5|2|8
40.6|94.15|1126|396|5|5|2|8
40.7|94.1|1222|396|5|5|2|8
40.8|94.06|1157|396|5|5|2|8
40.9|94|1183|396|5|5|2|8
41|93.93|1211|397|5|5|2|8
41.1|93.86|1250|397|5|5|2|8
41.2|93.8|1242|397|5|5|2|8
41.3|93.74|1330|398|5|5|2|8
41.4|93.66|1273|396|5|5|2|8
41.5|93.6|1320|397|5|5|2|8
41.6|93.51|1227|397|5|5|2|8
41.7|93.5|1273|398|5|5|2|8
41.8|93.39|1232|397|5|5|2|8
41.9|93.33|1294|398|5|5|2|8
42|93.27|1235|398|5|5|2|8
42.1|93.26|1170|398|5|5|2|8
42.2|93.15|1320|398|5|5|2|8
42.3|93.02|1258|398|5|5|2|8
42.4|93|1304|398|5|5|2|8
42.5|92.94|1232|398|5|5|2|8
42.6|92.82|1240|396|5|5|2|8
42.7|92.68|1235|396|5|5|2|8
42.8|92.67|1214|396|5|5|2|8
42.9|92.64|1263|396|5|5|2|8
43|92.55|1271|396|5|5|2|8
43.1|92.4|1157|396|5|5|2|8
43.2|92.37|1168|396|5|5|2|8
43.3|92.29|1291|397|5|5|2|8
43.4|92.15|1253|396|5|5|2|8
43.5|92.09|1240|396|5|5|2|8
43.6|91.98|1235|396|5|5|2|8
43.7|91.94|1255|396|5|5|2|8
43.8|91.88|1237|396|5|5|2|8
43.9|91.74|1286|396|5|5|2|8
44|91.66|1211|396|5|5|2|8
44.1|91.56|1302|396|5|5|2|8
44.2|91.56|1309|397|5|5|2|8
44.3|91.38|1291|397|5|5|2|8
44.4|91.27|1302|397|5|5|2|8
44.5|91.15|1209|396|5|5|2|8
44.6|91.14|1232|396|5|5|2|8
44.7|91|1170|396|5|5|2|8
44.8|90.92|1273|396|5|5|2|8
44.9|90.79|1302|397|5|5|2|8
45|90.67|1204|397|5|5|2|8
45.1|90.62|1245|397|5|5|2|8
45.2|90.48|1235|396|5|5|2|8
45.3|90.36|1250|396|5|5|2|8
45.4|90.29|1188|396|5|5|2|8
45.5|90.21|1186|397|5|5|2|8
45.6|90.04|1149|396|5|5|2|8
45.7|89.94|1242|396|5|5|2|8
45.8|89.81|1157|396|5|5|2|8
45.9|89.76|1191|396|5|5|2|8
46|89.6|1332|396|5|5|2|8
46.1|89.5|1448|396|5|5|2|8
46.2|89.37|1327|396|5|5|2|8
46.3|89.21|1345|396|5|5|2|8
46.4|89.11|1222|396|5|5|2|8
46.5|89.06|1271|396|5|5|2|8
46.6|88.91|1258|396|5|5|2|8
46.7|88.76|1294|396|5|5|2|8
46.8|88.64|1284|398|5|5|2|8
46.9|88.5|1263|397|5|5|2|8
47|88.36|1291|397|5|5|2|8
47.1|88.23|1302|398|5|5|2|8
47.2|88.08|1245|396|5|5|2|8
47.3|88.01|1222|396|5|5|2|8
47.4|87.85|1273|396|5|5|2|8
47.5|87.68|1162|396|5|5|2|8
47.6|87.56|1235|396|5|5|2|8
47.7|87.39|1273|396|5|5|2|8
47.8|87.22|1170|396|5|5|2|8
47.9|87.11|1260|396|5|5|2|8
48|87.02|1291|396|5|5|2|8
48.1|86.83|1353|397|5|5|2|8
48.2|86.74|1240|396|5|5|2|8
48.3|86.54|1299|396|5|5|2|8
48.4|86.4|1356|396|5|5|2|8
48.5|86.24|1268|396|5|5|2|8
48.6|86.07|1433|396|5|5|2|8
48.7|85.93|1294|397|5|5|2|8
48.8|85.7|1265|398|5|5|2|8
48.9|85.56|1281|396|5|5|2|8
49|85.44|1191|396|5|5|2|8
49.1|85.21|1188|396|5|5|2|8
49.2|85.06|1332|396|5|5|2|8
49.3|84.9|1242|396|5|5|2|8
49.4|84.78|1376|396|5|5|2|8
49.5|84.48|1425|396|5|5|2|8
49.6|84.36|1284|396|5|5|2|8
49.7|84.2|1415|396|5|5|2|8
49.8|83.97|1361|396|5|5|2|8
49.9|83.87|1348|395|5|5|2|8
50|83.64|1302|396|5|5|2|8
50.1|83.44|1258|396|5|5|2|8
50.2|83.25|1343|396|5|5|2|8
50.3|83.02|1320|396|5|5|6|8
50.4|81.96|1946|396|5|5|6|8
50.5|79.21|2059|396|5|5|6|8
50.6|76.11|90|395|5|5|7|8
50.7|73.76|0|393|5|5|7|8
50.8|72.73|0|392|5|5|7|8
50.9|72.4|0|391|5|5|7|8
51|72.18|0|391|5|5|7|8
51.1|72.15|0|390|5|5|7|8
51.2|72.16|0|390|5|5|7|8
51.3|72.08|0|390|5|5|7|8
51.4|72.04|0|390|5|5|7|8
51.5|72.11|0|390|5|5|7|8
51.6|72.12|0|390|5|5|7|8
51.7|72.12|0|390|5|5|7|8
51.8|72.11|0|390|5|5|7|8
51.9|72.08|0|390|5|5|7|8
52|72.07|0|390|5|5|7|8
52.1|72.03|0|390|5|5|7|8
52.2|72.06|0|390|5|5|7|8
52.3|72.08|0|390|5|5|7|8
52.4|72.11|0|390|5|5|7|8
52.5|72.12|0|390|5|5|7|8
52.6|72.11|0|390|5|5|7|8
52.7|72.1|0|390|5|5|7|8
52.8|72.14|0|390|5|5|7|8
52.9|72.1|0|390|5|5|7|8
53|72.03|0|390|5|5|7|8
53.1|72.07|0|390|5|5|7|8
53.2|72.03|0|390|5|5|7|8
53.3|72.06|0|390|5|5|7|8
53.4|72.1|0|390|5|5|7|8
53.5|72.12|0|390|5|5|7|8
53.6|72.1|0|390|5|5|7|8
53.7|72.12|0|390|5|5|7|8
53.8|72.11|0|390|5|5|7|8
53.9|72.07|0|390|5|5|7|8
54|72.04|0|390|5|5|7|8
54.1|72.07|0|390|5|5|7|8
54.2|72.06|0|390|5|5|7|8
54.3|72.06|0|390|5|5|7|8
54.4|72.06|0|390|5|5|7|8
54.5|72.07|0|390|5|5|7|8
54.6|72.08|0|390|5|5|7|8
54.7|72.1|0|390|5|5|7|8
54.8|72.11|0|390|5|5|7|8
54.9|72.15|0|390|5|5|7|8
55|72.06|0|390|5|5|7|8
55.1|72.04|0|390|5|5|7|8
55.2|72.07|0|390|5|5|7|8
55.3|72.08|0|390|5|5|7|8
55.4|72.1|0|390|5|5|7|8
55.5|72.1|0|390|5|5|7|8
55.6|72.06|0|390|5|5|7|8
55.7|72.03|0|390|5|5|7|8
55.8|72.07|0|390|5|5|7|8
55.9|72.07|0|390|5|5|7|8
56|72.1|0|390|5|5|7|8
56.1|72.11|0|390|5|5|7|8
56.2|72.08|0|390|5|5|7|8
56.3|72.08|0|390|5|5|7|8
56.4|72.04|0|390|5|5|7|8
56.5|72.03|0|390|5|5|7|8
56.6|72.06|0|390|5|5|7|8
56.7|72.06|0|390|5|5|7|8
56.8|72.02|0|390|5|5|7|8
56.9|72.07|0|390|5|5|7|8
57|72.12|0|390|5|5|7|8
57.1|72.1|0|390|5|5|7|8
57.2|72.12|0|390|5|5|7|8
57.3|72.06|0|390|5|5|7|8
57.4|72.02|0|390|5|5|7|8
57.5|72.03|0|390|5|5|7|8
57.6|72.07|0|390|5|5|7|8
57.7|72.07|0|390|5|5|7|8
57.8|72.12|0|390|5|5|7|8
57.9|72.07|0|390|5|5|7|8
58|72.07|0|390|5|5|7|8
58.1|72.07|0|390|5|5|7|8
58.2|72.07|0|390|5|5|7|8
58.3|72.07|0|390|5|5|7|8
58.4|72.07|0|390|5|5|7|8
58.5|72.07|0|390|5|5|7|8
58.6|72.07|0|390|5|5|7|8
58.7|72.07|0|390|5|5|7|8
58.8|72.04|0|390|5|5|7|8
58.9|72.04|0|390|5|5|7|8
59|72.03|0|390|5|5|7|8
59.1|72.06|0|390|5|5|7|8
59.2|72.06|0|390|5|5|7|8
59.3|72.07|0|390|5|5|7|8
59.4|72.1|0|390|5|5|7|8
59.5|72.06|0|390|5|5|7|8
59.6|72.04|0|390|5|5|7|8
59.7|72.06|0|390|5|5|7|8
59.8|72.04|0|390|5|5|7|8
59.9|72.06|0|390|5|5|7|8
60|72.06|0|390|5|5|7|8
60.1|72.11|0|390|5|5|7|8
60.2|72.07|0|389|5|5|7|8
60.3|72.06|0|389|5|5|7|8
60.4|72.03|0|390|5|5|7|8
60.5|72.03|0|389|5|5|7|8
60.6|72.04|0|389|5|5|7|8
60.7|72.06|0|389|5|5|7|8
60.8|72.06|0|389|5|5|7|8
60.9|72.04|0|389|5|5|7|8
61|72.06|0|390|5|5|7|8
61.1|72.06|0|398|5|5|7|8
61.2|72.08|0|401|5|5|7|8
61.3|72.1|0|402|5|5|7|8
61.4|72.07|0|403|5|5|7|8
61.5|72.07|0|403|5|5|7|8
61.6|72.07|0|403|5|5|7|8
61.7|72.06|0|403|5|5|7|8
61.8|72.02|0|403|5|5|7|8
61.9|72.02|0|403|5|5|7|8
62|72.04|0|403|5|5|7|8
62.1|72.04|0|403|5|5|7|8
62.2|72.06|0|403|5|5|7|8
62.3|72.11|0|403|5|5|7|8
62.4|72.06|0|403|5|5|7|8
62.5|72.04|0|403|5|5|7|8
62.6|72.03|0|403|5|5|7|8
62.7|72.03|0|403|5|5|7|8
62.8|72.04|0|403|5|5|7|8
62.9|72.06|0|403|5|5|7|8
63|72.11|0|403|5|5|7|8
63.1|72.07|0|402|5|5|7|8
63.2|72.03|0|403|5|5|7|8
63.3|72.03|0|402|5|5|7|8
63.4|72.03|0|402|5|5|7|8
63.5|72.03|0|403|5|5|7|8
63.6|72.04|0|402|5|5|8|8
63.7|72.07|0|402|5|5|8|8
63.8|72|0|402|5|5|8|8
63.9|71.99|0|402|5|5|8|8
64|72.06|0|402|5|5|8|8
64.1|72.02|0|403|5|5|8|8
64.2|71.96|0|403|5|5|8|8
64.3|72.03|0|402|5|5|8|8
64.4|72.07|0|402|5|5|8|8
64.5|72.03|0|402|5|5|8|8
64.6|71.98|0|402|5|5|8|8
64.7|72.02|0|402|5|5|8|8
64.8|72.02|0|402|5|5|8|8
64.9|72.06|0|402|4.9|4.9|8|8
65|72.04|0|402|4.9|4.9|8|8
65.1|72.02|0|402|4.9|4.9|8|8
65.2|71.99|0|402|4.9|4.9|8|8
65.3|72.06|0|402|4.9|4.9|8|8
65.4|72.04|0|402|4.9|4.9|8|8
65.5|72.03|0|402|4.9|4.9|8|8
65.6|72.5|0|402|4.9|4.9|8|8
65.7|75.38|0|402|4.9|4.9|8|8
65.8|78.35|0|402|4.9|4.9|8|8
65.9|81.29|0|402|4.9|4.9|8|8
66|84.19|0|402|4.9|4.9|8|8
66.1|87.02|0|402|4.9|4.8|8|8
66.2|89.89|0|402|4.8|4.8|8|8
66.3|92.83|0|402|4.8|4.8|8|8
66.4|94.72|0|402|4.9|4.9|8|8
66.5|95.49|0|402|4.9|4.9|8|8
