0|96.08|1361|399|5.2|5.1|1|8
0.1|96.09|1575|402|5.2|5.2|1|8
0.2|96.12|1595|404|5.2|5.2|1|8
0.3|96.14|1613|404|5.2|5.2|1|8
0.4|96.08|1626|404|5.2|5.2|1|8
0.5|96.05|1634|404|5.2|5.2|3|8
0.6|96.06|1647|404|5.2|5.2|3|8
0.7|96.04|1649|404|5.2|5.2|3|8
0.8|96.06|1657|404|5.2|5.2|3|8
0.9|96.04|1668|404|5.2|5.2|3|8
1|96.05|1673|404|5.2|5.2|3|8
1.1|96.02|1678|404|5.2|5.2|3|8
1.2|96.02|1680|404|5.2|5.2|3|8
1.3|96.08|1686|404|5.2|5.2|3|8
1.4|96.04|1693|404|5.2|5.2|3|8
1.5|96.04|1691|404|5.2|5.2|3|8
1.6|96.04|1693|404|5.2|5.2|3|8
1.7|96.04|1696|404|5.2|5.2|3|8
1.8|96.04|1698|404|5.2|5.2|3|8
1.9|96.05|1701|404|5.2|5.2|3|8
2|96.05|1704|405|5.2|5.2|3|8
2.1|96.06|1706|404|5.2|5.2|3|8
2.2|96.12|1709|404|5.2|5.2|3|8
2.3|96.06|1714|405|5.2|5.2|3|8
2.4|96.08|1716|405|5.2|5.2|3|8
2.5|96.04|1719|405|5.2|5.2|4|8
2.6|96.29|1716|404|5.2|5.2|4|8
2.7|96.65|1652|404|5.2|5.2|4|8
2.8|97.18|1075|404|5.2|5.2|5|8
2.9|97.49|1010|402|5.2|5.2|5|8
3|97.57|1005|401|5.2|5.2|5|8
3.1|97.77|1005|401|5.2|5.2|5|8
3.2|97.63|1005|401|5.2|5.2|5|8
3.3|97.74|1003|401|5.2|5.2|5|8
3.4|97.59|1003|401|5.2|5.2|5|8
3.5|97.77|1003|401|5.2|5.2|5|8
3.6|97.65|1003|401|5.2|5.2|5|8
3.7|97.69|1003|401|5.2|5.2|5|8
3.8|97.69|1000|401|5.2|5.2|5|8
3.9|97.7|1000|401|5.2|5.2|5|8
4|97.71|1000|401|5.3|5.2|5|8
4.1|97.63|1000|401|5.3|5.2|5|8
4.2|97.71|1000|401|5.3|5.3|5|8
4.3|97.69|1000|401|5.3|5.3|5|8
4.4|97.71|1000|401|5.3|5.3|5|8
4.5|97.73|1000|401|5.3|5.3|5|8
4.6|97.67|1003|401|5.3|5.3|5|8
4.7|97.73|1000|401|5.3|5.3|5|8
4.8|97.69|1000|401|5.3|5.3|2|8
4.9|97.59|1000|401|5.3|5.3|2|8
5|97.2|1000|401|5.3|5.3|2|8
5.1|96.79|1018|401|5.3|5.3|2|8
5.2|96.39|1415|402|5.3|5.3|2|8
5.3|95.94|1673|403|5.3|5.3|3|8
5.4|95.77|1701|404|5.3|5.3|3|8
5.5|95.65|1711|404|5.3|5.3|3|8
5.6|95.57|1719|404|5.3|5.3|3|8
5.7|95.51|1724|404|5.3|5.3|3|8
5.8|95.59|1724|404|5.3|5.3|3|8
5.9|95.49|1727|404|5.3|5.3|3|8
6|95.63|1729|405|5.3|5.3|3|8
6.1|95.54|1732|404|5.3|5.3|3|8
6.2|95.53|1735|404|5.3|5.3|3|8
6.3|95.61|1737|405|5.3|5.3|3|8
6.4|95.51|1740|405|5.3|5.3|3|8
6.5|95.59|1742|405|5.3|5.3|3|8
6.6|95.51|1745|405|5.3|5.3|3|8
6.7|95.58|1745|405|5.3|5.3|3|8
6.8|95.55|1747|405|5.3|5.3|3|8
6.9|95.58|1747|405|5.3|5.3|3|8
7|95.54|1750|405|5.3|5.3|3|8
7.1|95.55|1750|405|5.3|5.3|3|8
7.2|95.57|1750|405|5.3|5.3|3|8
7.3|95.59|1753|405|5.3|5.3|4|8
7.4|95.82|1750|405|5.3|5.3|4|8
7.5|96.24|1724|405|5.3|5.3|4|8
7.6|96.72|1572|405|5.3|5.3|4|8
7.7|97.2|1026|403|5.3|5.3|5|8
7.8|97.38|1013|402|5.3|5.3|5|8
7.9|97.51|1010|402|5.3|5.3|5|8
8|97.51|1008|402|5.3|5.3|5|8
8.1|97.51|1008|401|5.3|5.3|5|8
8.2|97.55|1008|402|5.3|5.3|5|8
8.3|97.57|1005|402|5.3|5.3|5|8
8.4|97.59|1005|402|5.3|5.3|5|8
8.5|97.47|1005|402|5.3|5.3|5|8
8.6|97.55|1005|402|5.3|5.3|5|8
8.7|97.53|1005|402|5.3|5.3|5|8
8.8|97.55|1005|402|5.3|5.3|5|8
8.9|97.54|1005|402|5.3|5.3|5|8
9|97.54|1005|402|5.3|5.3|5|8
9.1|97.53|1005|402|5.3|5.3|5|8
9.2|97.55|1005|402|5.3|5.3|5|8
9.3|97.54|1005|402|5.4|5.3|5|8
9.4|97.51|1005|402|5.4|5.4|5|8
9.5|97.51|1005|402|5.4|5.4|5|8
9.6|97.53|1005|402|5.4|5.4|5|8
9.7|97.53|1005|402|5.4|5.4|2|8
9.8|97.34|1005|402|5.4|5.4|2|8
9.9|96.9|1005|402|5.4|5.4|2|8
10|96.52|1085|402|5.4|5.4|2|8
10.1|96|1441|404|5.4|5.4|2|8
10.2|95.63|1701|404|5.4|5.4|3|8
10.3|95.34|1729|405|5.4|5.4|3|8
10.4|95.26|1747|405|5.4|5.4|3|8
10.5|95.26|1768|395|5.4|5.4|3|8
10.6|95.15|1776|390|5.4|5.4|3|8
10.7|95.22|1778|389|5.4|5.4|3|8
10.8|95.21|1784|388|5.4|5.4|3|8
10.9|95.23|1786|388|5.4|5.4|3|8
11|95.18|1789|388|5.4|5.4|3|8
11.1|95.22|1791|388|5.4|5.4|3|8
11.2|95.19|1794|388|5.4|5.4|3|8
11.3|95.19|1794|388|5.4|5.4|3|8
11.4|95.22|1796|388|5.4|5.4|3|8
11.5|95.17|1796|388|5.4|5.4|3|8
11.6|95.22|1796|388|5.4|5.4|3|8
11.7|95.21|1799|388|5.4|5.4|3|8
11.8|95.21|1799|388|5.4|5.4|3|8
11.9|95.22|1802|388|5.4|5.4|3|8
12|95.18|1804|388|5.4|5.4|3|8
12.1|95.19|1804|388|5.4|5.4|3|8
12.2|95.25|1804|388|5.4|5.4|4|8
12.3|95.46|1799|388|5.4|5.4|4|8
12.4|95.96|1740|388|5.4|5.4|4|8
12.5|96.45|1144|388|5.4|5.4|5|8
12.6|96.65|1034|387|5.4|5.4|5|8
12.7|96.86|1028|386|5.4|5.4|5|8
12.8|96.92|1028|386|5.4|5.4|5|8
12.9|96.92|1028|387|5.4|5.4|5|8
13|96.92|1026|386|5.4|5.4|5|8
13.1|96.94|1026|386|5.4|5.4|5|8
13.2|96.94|1026|386|5.4|5.4|5|8
13.3|96.91|1026|386|5.4|5.4|5|8
13.4|96.88|1026|386|5.4|5.4|5|8
13.5|97|1026|386|5.4|5.4|5|8
13.6|96.95|1026|386|5.4|5.4|5|8
13.7|96.91|1026|386|5.4|5.4|5|8
13.8|96.91|1026|386|5.4|5.4|5|8
13.9|96.99|1026|386|5.4|5.4|5|8
14|96.96|1026|386|5.4|5.4|5|8
14.1|96.94|1026|387|5.4|5.4|5|8
14.2|96.95|1026|387|5.4|5.4|5|8
14.3|96.95|1026|387|5.4|5.4|5|8
14.4|96.94|1026|387|5.4|5.4|5|8
14.5|96.94|1026|387|5.4|5.4|2|8
14.6|96.88|1026|387|5.4|5.4|2|8
14.7|96.56|1026|386|5.4|5.4|2|8
14.8|96.14|1044|386|5.4|5.4|2|8
14.9|95.62|1415|388|5.4|5.4|2|8
15|95.19|1742|388|5.4|5.4|3|8
15.1|95.03|1776|388|5.4|5.4|3|8
15.2|94.84|1791|388|5.4|5.4|3|8
15.3|94.86|1796|388|5.4|5.4|3|8
15.4|94.88|1799|388|5.4|5.4|3|8
15.5|94.86|1804|388|5.4|5.4|3|8
15.6|94.88|1809|388|5.4|5.4|3|8
15.7|94.84|1814|388|5.4|5.4|3|8
15.8|94.87|1817|388|5.4|5.4|3|8
15.9|94.87|1817|388|5.4|5.4|3|8
16|94.87|1820|388|5.4|5.4|3|8
16.1|94.86|1820|388|5.4|5.4|3|8
16.2|94.86|1822|388|5.4|5.4|3|8
16.3|94.87|1822|388|5.4|5.4|3|8
16.4|94.86|1822|388|5.4|5.4|3|8
16.5|94.88|1822|388|5.4|5.4|3|8
16.6|94.86|1825|388|5.4|5.4|3|8
16.7|94.84|1825|388|5.4|5.4|3|8
16.8|94.88|1827|388|5.4|5.4|3|8
16.9|94.86|1827|388|5.4|5.4|3|8
17|94.91|1827|388|5.4|5.4|4|8
17.1|95.14|1825|388|5.4|5.4|4|8
17.2|95.57|1765|388|5.4|5.4|4|8
17.3|96.08|1067|388|5.4|5.4|5|8
17.4|96.29|1044|388|5.4|5.4|5|8
17.5|96.44|1041|388|5.4|5.4|5|8
17.6|96.43|1041|387|5.4|5.4|5|8
17.7|96.47|1039|387|5.4|5.4|5|8
17.8|96.41|1039|387|5.4|5.4|5|8
17.9|96.43|1039|387|5.4|5.4|5|8
18|96.48|1039|387|5.4|5.4|5|8
18.1|96.44|1039|387|5.4|5.4|5|8
18.2|96.41|1041|387|5.4|5.4|5|8
18.3|96.45|1039|387|5.4|5.4|5|8
18.4|96.47|1041|387|5.4|5.4|5|8
18.5|96.41|1041|387|5.4|5.4|5|8
18.6|96.41|1041|387|5.4|5.4|5|8
18.7|96.44|1041|387|5.4|5.4|5|8
18.8|96.43|1041|387|5.4|5.4|5|8
18.9|96.44|1041|387|5.4|5.4|5|8
19|96.48|1041|387|5.4|5.4|5|8
19.1|96.4|1041|387|5.4|5.4|5|8
19.2|96.41|1041|387|5.4|5.4|5|8
19.3|96.47|1044|387|5.4|5.4|2|8
19.4|96.21|1044|387|5.4|5.4|2|8
19.5|95.85|1044|387|5.4|5.4|2|8
19.6|95.42|1314|388|5.4|5.4|2|8
19.7|95.04|1753|388|5.4|5.4|3|8
19.8|94.82|1794|388|5.4|5.4|3|8
19.9|94.72|1807|388|5.4|5.4|3|8
20|94.72|1814|388|5.4|5.4|3|8
20.1|94.66|1820|388|5.4|5.4|3|8
20.2|94.7|1822|388|5.4|5.4|3|8
20.3|94.66|1827|388|5.4|5.4|3|8
20.4|94.66|1832|388|5.4|5.4|3|8
20.5|94.64|1838|386|5.4|5.4|3|8
20.6|94.63|1840|385|5.4|5.4|3|8
20.7|94.68|1840|385|5.4|5.4|3|8
20.8|94.68|1845|385|5.4|5.4|3|8
20.9|94.68|1848|385|5.4|5.4|3|8
21|94.67|1848|385|5.4|5.4|3|8
21.1|94.66|1851|385|5.4|5.4|3|8
21.2|94.66|1853|385|5.4|5.4|3|8
21.3|94.63|1853|385|5.4|5.4|3|8
21.4|94.61|1856|385|5.4|5.4|3|8
21.5|94.68|1856|385|5.4|5.4|3|8
21.6|94.7|1858|385|5.4|5.4|3|8
21.7|94.64|1861|385|5.4|5.4|4|8
21.8|94.88|1856|385|5.4|5.4|4|8
21.9|95.33|1799|385|5.4|5.4|4|8
22|95.85|1082|385|5.4|5.4|5|8
22.1|96.08|1062|384|5.4|5.4|5|8
22.2|96.09|1059|384|5.4|5.4|5|8
22.3|96.17|1057|384|5.4|5.4|5|8
22.4|96.19|1059|384|5.4|5.4|5|8
22.5|96.2|1057|384|5.4|5.4|5|8
22.6|96.21|1057|384|5.4|5.4|5|8
22.7|96.2|1057|384|5.4|5.4|5|8
22.8|96.19|1057|384|5.4|5.4|5|8
22.9|96.16|1057|384|5.4|5.4|5|8
23|96.17|1057|384|5.4|5.4|5|8
23.1|96.23|1057|384|5.4|5.4|5|8
23.2|96.24|1057|384|5.4|5.4|5|8
23.3|96.2|1057|384|5.4|5.4|5|8
23.4|96.21|1057|384|5.4|5.4|5|8
23.5|96.14|1057|384|5.4|5.4|5|8
23.6|96.16|1054|384|5.4|5.4|5|8
23.7|96.16|1057|384|5.4|5.4|5|8
23.8|96.19|1057|384|5.4|5.4|5|8
23.9|96.17|1057|384|5.4|5.4|5|8
24|96.24|1057|384|5.4|5.4|2|8
24.1|96.05|1057|384|5.4|5.4|2|8
24.2|95.63|1057|384|5.4|5.4|2|8
24.3|95.22|1469|384|5.4|5.4|2|8
24.4|94.8|1784|384|5.4|5.4|3|8
24.5|94.7|1822|384|5.4|5.4|3|8
24.6|94.64|1838|384|5.4|5.4|3|8
24.7|94.56|1848|384|5.4|5.4|3|8
24.8|94.49|1853|384|5.4|5.4|3|8
24.9|94.51|1858|384|5.4|5.4|3|8
25|94.43|1861|384|5.4|5.4|3|8
25.1|94.44|1863|384|5.4|5.4|3|8
25.2|94.45|1866|384|5.4|5.4|3|8
25.3|94.47|1866|384|5.4|5.4|3|8
25.4|94.47|1869|384|5.4|5.4|3|8
25.5|94.47|1869|384|5.4|5.4|3|8
25.6|94.45|1871|384|5.4|5.4|3|8
25.7|94.45|1871|384|5.4|5.4|3|8
25.8|94.47|1871|384|5.4|5.4|3|8
25.9|94.45|1874|384|5.4|5.4|3|8
26|94.45|1874|384|5.4|5.4|3|8
26.1|94.47|1874|384|5.4|5.4|3|8
26.2|94.44|1874|384|5.4|5.4|3|8
26.3|94.47|1874|384|5.4|5.4|3|8
26.4|94.52|1874|384|5.4|5.4|4|8
26.5|94.67|1871|384|5.4|5.4|4|8
26.6|95.14|1807|384|5.4|5.4|4|8
26.7|95.65|1093|385|5.4|5.4|5|8
26.8|95.81|1072|385|5.4|5.4|5|8
26.9|96.02|1070|384|5.4|5.4|5|8
27|96.06|1067|384|5.4|5.4|5|8
27.1|96.1|1067|384|5.4|5.4|5|8
27.2|96.02|1067|385|5.4|5.4|5|8
27.3|96.04|1067|385|5.4|5.4|5|8
27.4|96.02|1067|384|5.4|5.4|5|8
27.5|96.02|1067|384|5.4|5.4|5|8
27.6|96.02|1064|385|5.4|5.4|5|8
27.7|96.05|1064|385|5.4|5.4|5|8
27.8|96.06|1064|384|5.4|5.4|5|8
27.9|96.13|1064|384|5.4|5.4|5|8
28|96.09|1064|384|5.4|5.4|5|8
28.1|95.96|1064|384|5.4|5.4|5|8
28.2|96.02|1064|384|5.4|5.4|5|8
28.3|96.01|1064|384|5.4|5.4|5|8
28.4|96.05|1064|384|5.4|5.4|5|8
28.5|96.08|1064|384|5.4|5.4|5|8
28.6|96.08|1064|384|5.4|5.4|5|8
28.7|95.93|1064|384|5.4|5.4|2|8
28.8|95.85|1064|384|5.4|5.4|2|8
28.9|95.47|1064|384|5.4|5.4|2|8
29|95.02|1358|385|5.4|5.4|2|8
29.1|94.72|1784|385|5.4|5.4|3|8
29.2|94.51|1830|385|5.4|5.4|3|8
29.3|94.35|1848|385|5.4|5.4|3|8
29.4|94.29|1858|385|5.4|5.4|3|8
29.5|94.24|1863|385|5.4|5.4|3|8
29.6|94.28|1869|385|5.4|5.4|3|8
29.7|94.28|1871|385|5.4|5.4|3|8
29.8|94.25|1874|385|5.4|5.4|3|8
29.9|94.25|1876|385|5.4|5.4|3|8
30|94.28|1876|385|5.4|5.4|3|8
30.1|94.27|1879|385|5.4|5.4|3|8
30.2|94.28|1881|385|5.4|5.4|3|8
30.3|94.32|1881|385|5.4|5.4|3|8
30.4|94.24|1884|385|5.4|5.4|3|8
30.5|94.27|1887|384|5.4|5.4|3|8
30.6|94.28|1887|384|5.4|5.4|3|8
30.7|94.28|1887|383|5.4|5.4|3|8
30.8|94.29|1887|383|5.4|5.4|3|8
30.9|94.25|1887|383|5.4|5.4|3|8
31|94.27|1887|383|5.4|5.4|3|8
31.1|94.32|1889|383|5.4|5.4|4|8
31.2|94.52|1887|383|5.4|5.4|4|8
31.3|94.87|1838|383|5.4|5.4|4|8
31.4|95.38|1113|384|5.4|5.4|5|8
31.5|95.69|1075|384|5.4|5.4|5|8
31.6|95.8|1072|384|5.4|5.4|5|8
31.7|95.92|1070|384|5.4|5.4|5|8
31.8|95.74|1070|384|5.4|5.4|5|8
31.9|95.88|1070|383|5.4|5.4|5|8
32|95.81|1070|384|5.4|5.4|5|8
32.1|95.85|1067|383|5.4|5.4|5|8
32.2|95.84|1067|383|5.4|5.4|5|8
32.3|95.85|1070|383|5.4|5.4|5|8
32.4|95.85|1067|384|5.4|5.4|5|8
32.5|95.85|1067|384|5.4|5.4|5|8
32.6|95.84|1067|383|5.4|5.4|5|8
32.7|95.85|1067|384|5.4|5.4|5|8
32.8|95.84|1067|384|5.4|5.4|5|8
32.9|95.85|1067|384|5.4|5.4|5|8
33|95.89|1067|384|5.4|5.4|5|8
33.1|95.8|1067|384|5.4|5.4|5|8
33.2|95.85|1067|384|5.4|5.4|5|8
33.3|95.84|1067|384|5.4|5.4|5|8
33.4|95.85|1067|384|5.4|5.4|2|8
33.5|95.69|1067|384|5.4|5.4|2|8
33.6|95.3|1067|384|5.4|5.4|2|8
33.7|94.86|1327|384|5.4|5.4|2|8
33.8|94.55|1796|384|5.4|5.4|3|8
33.9|94.32|1840|384|5.4|5.4|3|8
34|94.19|1856|384|5.4|5.4|3|8
34.1|94.21|1863|384|5.4|5.4|3|8
34.2|94.15|1874|384|5.4|5.4|3|8
34.3|94.19|1879|384|5.4|5.4|3|8
34.4|94.13|1881|384|5.4|5.4|3|8
34.5|94.15|1884|384|5.4|5.4|3|8
34.6|94.06|1887|384|5.4|5.4|3|8
34.7|94.12|1889|384|5.4|5.4|3|8
34.8|94.13|1889|384|5.4|5.4|3|8
34.9|94.12|1889|384|5.4|5.4|3|8
35|94.12|1892|384|5.4|5.4|3|8
35.1|94.12|1892|384|5.4|5.4|3|8
35.2|94.13|1894|384|5.4|5.4|3|8
35.3|94.12|1892|384|5.4|5.4|3|8
35.4|94.13|1894|384|5.4|5.4|3|8
35.5|94.12|1894|384|5.4|5.4|3|8
35.6|94.12|1894|384|5.4|5.4|3|8
35.7|94.12|1894|384|5.4|5.4|3|8
35.8|94.12|1894|384|5.4|5.4|4|8
35.9|94.33|1894|384|5.4|5.4|4|8
36|94.71|1830|384|5.4|5.4|4|8
36.1|95.15|1095|385|5.4|5.4|2|8
36.2|95.29|1077|384|5.4|5.4|2|8
36.3|95.29|1075|384|5.4|5.4|2|8
36.4|95.31|1072|384|5.4|5.4|2|8
36.5|95.19|1070|384|5.4|5.4|2|8
36.6|95.15|1072|384|5.4|5.4|2|8
36.7|95.15|1070|384|5.4|5.4|2|8
36.8|94.99|1072|384|5.4|5.4|2|8
36.9|94.98|1070|384|5.4|5.4|2|8
37|94.83|1070|384|5.4|5.4|2|8
37.1|94.83|1070|384|5.4|5.4|2|8
37.2|94.9|1070|384|5.4|5.4|2|8
37.3|94.78|1255|384|5.4|5.4|2|8
37.4|94.68|1242|385|5.4|5.4|2|8
37.5|94.67|1214|385|5.4|5.4|2|8
37.6|94.56|1531|386|5.4|5.4|2|8
37.7|94.52|1688|385|5.4|5.4|2|8
37.8|94.61|1714|385|5.4|5.4|2|8
37.9|94.76|1611|386|5.4|5.4|2|8
38|94.96|1082|385|5.4|5.4|2|8
38.1|95.1|1072|385|5.4|5.4|2|8
38.2|94.99|1070|384|5.4|5.4|2|8
38.3|95|1070|384|5.4|5.4|2|8
38.4|94.83|1070|384|5.4|5.4|2|8
38.5|94.84|1070|384|5.4|5.4|2|8
38.6|94.92|1067|384|5.4|5.4|2|8
38.7|94.79|1067|384|5.4|5.4|2|8
38.8|94.72|1088|384|5.4|5.4|2|8
38.9|94.7|1173|385|5.4|5.4|2|8
39|94.64|1289|386|5.4|5.4|2|8
39.1|94.55|1662|386|5.4|5.4|2|8
39.2|94.55|1696|385|5.4|5.4|2|8
39.3|94.66|1639|386|5.4|5.4|2|8
39.4|94.87|1175|386|5.4|5.4|2|8
39.5|95|1070|385|5.4|5.4|2|8
39.6|95.02|1067|385|5.4|5.4|2|8
39.7|95|1064|384|5.4|5.4|2|8
39.8|94.83|1064|384|5.4|5.4|2|8
39.9|94.84|1064|384|5.4|5.4|2|8
40|94.84|1064|384|5.4|5.4|2|8
40.1|94.79|1064|384|5.4|5.4|2|8
40.2|94.71|1064|384|5.4|5.4|2|8
40.3|94.7|1072|384|5.4|5.4|2|8
40.4|94.61|1157|384|5.4|5.4|2|8
40.5|94.53|1253|384|5.4|5.4|2|8
40.6|94.47|1680|385|5.4|5.4|2|8
40.7|94.51|1701|386|5.4|5.4|2|8
40.8|94.66|1675|386|5.4|5.4|2|8
40.9|94.79|1152|386|5.4|5.4|2|8
41|94.84|1070|385|5.4|5.4|2|8
41.1|94.95|1067|384|5.4|5.4|2|8
41.2|94.88|1067|384|5.4|5.4|2|8
41.3|94.95|1064|384|5.4|5.4|2|8
41.4|94.84|1064|384|5.4|5.4|2|8
41.5|94.8|1064|384|5.4|5.4|2|8
41.6|94.71|1064|384|5.4|5.4|2|8
41.7|94.68|1098|384|5.4|5.4|2|8
41.8|94.63|1082|384|5.4|5.4|2|8
41.9|94.55|1088|384|5.4|5.4|2|8
42|94.45|1276|384|5.4|5.4|2|8
42.1|94.37|1338|386|5.4|5.4|2|8
42.2|94.32|1291|385|5.4|5.4|2|8
42.3|94.23|1165|385|5.4|5.4|2|8
42.4|94.2|1606|386|5.4|5.4|2|8
42.5|94.13|1668|386|5.4|5.4|2|8
42.6|94.33|1510|386|5.4|5.4|2|8
42.7|94.47|1075|386|5.4|5.4|2|8
42.8|94.53|1070|385|5.4|5.4|2|8
42.9|94.51|1067|385|5.4|5.4|2|8
43|94.41|1067|385|5.4|5.4|2|8
43.1|94.37|1067|385|5.4|5.4|2|8
43.2|94.33|1067|385|5.4|5.4|2|8
43.3|94.24|1067|385|5.4|5.4|2|8
43.4|94.23|1121|385|5.4|5.4|2|8
43.5|94.19|1183|384|5.4|5.4|2|8
43.6|94.06|1196|386|5.4|5.4|2|8
43.7|94.05|1229|386|5.4|5.4|2|8
43.8|93.98|1263|386|5.4|5.4|2|8
43.9|93.92|1222|386|5.4|5.4|2|8
44|93.8|1162|386|5.4|5.4|2|8
44.1|93.84|1428|386|5.4|5.4|2|8
44.2|93.61|1160|385|5.4|5.4|2|8
44.3|93.6|1070|385|5.4|5.4|2|8
44.4|93.61|1332|385|5.4|5.4|2|8
44.5|93.57|1302|386|5.4|5.4|2|8
44.6|93.42|1469|386|5.4|5.4|2|8
44.7|93.41|1510|386|5.4|5.4|2|8
44.8|93.34|1219|386|5.4|5.4|2|8
44.9|93.35|1072|386|5.4|5.4|2|8
45|93.37|1067|385|5.4|5.4|2|8
45.1|93.46|1067|385|5.4|5.4|2|8
45.2|93.43|1064|385|5.4|5.4|2|8
45.3|93.26|1322|386|5.4|5.4|2|8
45.4|93.17|1095|385|5.4|5.4|2|8
45.5|93.09|1116|385|5.4|5.4|2|8
45.6|93.15|1206|385|5.4|5.4|2|8
45.7|93.17|1451|386|5.4|5.4|2|8
45.8|93.02|1513|386|5.4|5.4|2|8
45.9|92.98|1294|386|5.4|5.4|2|8
46|92.86|1271|386|5.4|5.4|2|8
46.1|92.91|1459|386|5.4|5.4|2|8
46.2|92.8|1335|387|5.4|5.4|2|8
46.3|92.67|1265|386|5.4|5.4|2|8
46.4|92.64|1178|386|5.4|5.4|2|8
46.5|92.68|1312|386|5.4|5.4|2|8
46.6|92.48|1253|386|5.4|5.4|2|8
46.7|92.33|1227|386|5.4|5.4|2|8
46.8|92.35|1070|385|5.4|5.4|2|8
46.9|92.36|1113|385|5.4|5.4|2|8
47|92.36|1144|385|5.4|5.4|2|8
47.1|92.21|1201|386|5.4|5.4|2|8
47.2|92.15|1193|385|5.4|5.4|2|8
47.3|92.01|1214|385|5.4|5.4|2|8
47.4|91.98|1157|385|5.4|5.4|2|8
47.5|91.94|1165|385|5.4|5.4|2|8
47.6|91.81|1180|385|5.4|5.4|2|8
47.7|91.7|1168|386|5.4|5.4|2|8
47.8|91.62|1144|384|5.4|5.4|2|8
47.9|91.53|1082|385|5.4|5.4|2|8
48|91.56|1085|384|5.4|5.4|2|8
48.1|91.51|1281|385|5.4|5.4|2|8
48.2|91.35|1245|385|5.4|5.4|2|8
48.3|91.29|1291|386|5.4|5.4|2|8
48.4|91.18|1152|386|5.4|5.4|2|8
48.5|91|1142|386|5.4|5.4|2|8
48.6|91.05|1134|385|5.4|5.4|2|8
48.7|90.94|1289|385|5.4|5.4|2|8
48.8|90.82|1312|386|5.4|5.4|2|8
48.9|90.78|1193|386|5.4|5.4|2|8
49|90.63|1242|385|5.4|5.4|2|8
49.1|90.6|1265|385|5.4|5.4|2|8
49.2|90.45|1196|386|5.4|5.4|2|8
49.3|90.37|1157|384|5.4|5.4|2|8
49.4|90.35|1204|384|5.4|5.4|2|8
49.5|90.17|1322|385|5.4|5.4|2|8
49.6|90.08|1268|386|5.4|5.4|2|8
49.7|89.94|1165|391|5.4|5.4|2|8
49.8|89.85|1170|392|5.4|5.4|2|8
49.9|89.73|1219|393|5.4|5.4|2|8
50|89.77|1209|394|5.4|5.4|2|8
50.1|89.53|1193|394|5.4|5.4|2|8
50.2|89.46|1219|394|5.4|5.4|2|8
50.3|89.38|1168|394|5.4|5.4|2|8
50.4|89.18|1263|394|5.4|5.4|2|8
50.5|89.13|1209|394|5.4|5.4|2|8
50.6|88.98|1229|394|5.4|5.4|2|8
50.7|88.88|1224|394|5.4|5.4|2|8
50.8|88.79|1216|394|5.4|5.4|2|8
50.9|88.71|1206|394|5.4|5.4|2|8
51|88.55|1229|394|5.4|5.4|2|8
51.1|88.37|1216|394|5.4|5.4|2|8
51.2|88.27|1250|394|5.4|5.4|2|8
51.3|88.21|1196|394|5.4|5.4|2|8
51.4|88.07|1129|394|5.4|5.4|2|8
51.5|87.93|1309|394|5.4|5.4|2|8
51.6|87.78|1242|394|5.4|5.4|2|8
51.7|87.65|1340|394|5.4|5.4|2|8
51.8|87.6|1227|394|5.4|5.4|2|8
51.9|87.49|1224|393|5.4|5.4|2|8
52|87.23|1289|394|5.4|5.4|2|8
52.1|87.17|1211|394|5.4|5.4|2|8
52.2|86.97|1263|394|5.4|5.4|2|8
52.3|86.79|1240|394|5.4|5.4|2|8
52.4|86.67|1216|394|5.4|5.4|2|8
52.5|86.6|1268|394|5.4|5.4|2|8
52.6|86.46|1219|394|5.4|5.4|2|8
52.7|86.25|1222|394|5.4|5.4|2|8
52.8|86.13|1229|394|5.4|5.4|2|8
52.9|85.93|1271|394|5.4|5.4|2|8
53|85.77|1389|394|5.4|5.4|2|8
53.1|85.52|1309|394|5.4|5.4|2|8
53.2|85.52|1273|393|5.4|5.4|2|8
53.3|85.25|1260|393|5.4|5.4|2|8
53.4|85.15|1294|393|5.4|5.4|2|8
53.5|84.97|1273|393|5.4|5.4|2|8
53.6|84.79|1196|392|5.4|5.4|2|8
53.7|84.62|1369|393|5.4|5.4|2|8
53.8|84.42|1325|395|5.4|5.4|2|8
53.9|84.23|1299|394|5.4|5.4|2|8
54|84.12|1428|394|5.4|5.4|2|8
54.1|83.92|1186|394|5.4|5.4|2|8
54.2|83.72|1423|392|5.4|5.4|2|8
54.3|83.54|1289|393|5.4|5.4|2|8
54.4|83.33|1418|393|5.4|5.4|2|8
54.5|83.15|1451|394|5.4|5.4|2|8
54.6|82.9|1389|394|5.4|5.4|6|8
54.7|81.49|1946|393|5.4|5.4|6|8
54.8|78.94|2000|392|5.4|5.4|6|8
54.9|76.47|77|392|5.4|5.4|7|8
55|74.4|0|390|5.4|5.4|7|8
55.1|73.28|0|390|5.4|5.4|7|8
55.2|72.67|0|390|5.4|5.4|7|8
55.3|72.46|0|390|5.4|5.4|7|8
55.4|72.34|0|390|5.4|5.4|7|8
55.5|72.19|0|390|5.4|5.4|7|8
55.6|72.16|0|390|5.4|5.4|7|8
55.7|72.18|0|390|5.4|5.4|7|8
55.8|72.18|0|390|5.4|5.4|7|8
55.9|72.16|0|390|5.4|5.4|7|8
56|72.16|0|390|5.4|5.4|7|8
56.1|72.15|0|390|5.4|5.4|7|8
56.2|72.18|0|390|5.4|5.4|7|8
56.3|72.16|0|390|5.4|5.4|7|8
56.4|72.16|0|390|5.4|5.4|7|8
56.5|72.15|0|390|5.4|5.4|7|8
56.6|72.15|0|390|5.4|5.4|7|8
56.7|72.16|0|390|5.4|5.4|7|8
56.8|72.15|0|390|5.4|5.4|7|8
56.9|72.15|0|390|5.4|5.4|7|8
57|72.15|0|390|5.4|5.4|7|8
57.1|72.15|0|390|5.4|5.4|7|8
57.2|72.15|0|390|5.4|5.4|7|8
57.3|72.15|0|390|5.4|5.4|7|8
57.4|72.15|0|390|5.4|5.4|7|8
57.5|72.14|0|390|5.4|5.4|7|8
57.6|72.14|0|390|5.4|5.4|7|8
57.7|72.15|0|390|5.4|5.4|7|8
57.8|72.15|0|390|5.4|5.4|7|8
57.9|72.14|0|390|5.4|5.4|7|8
58|72.15|0|390|5.4|5.4|7|8
58.1|72.14|0|390|5.4|5.4|7|8
58.2|72.14|0|390|5.4|5.4|7|8
58.3|72.14|0|390|5.4|5.4|7|8
58.4|72.15|0|390|5.4|5.4|7|8
58.5|72.14|0|390|5.4|5.4|7|8
58.6|72.14|0|390|5.4|5.4|7|8
58.7|72.14|0|390|5.4|5.4|7|8
58.8|72.14|0|390|5.4|5.4|7|8
58.9|72.16|0|390|5.4|5.4|7|8
59|72.18|0|390|5.4|5.4|7|8
59.1|72.22|0|390|5.4|5.4|7|8
59.2|72.1|0|390|5.4|5.4|7|8
59.3|72.11|0|390|5.4|5.4|7|8
59.4|72.12|0|390|5.4|5.4|7|8
59.5|72.12|0|390|5.4|5.4|7|8
59.6|72.14|0|390|5.4|5.4|7|8
59.7|72.15|0|390|5.4|5.4|7|8
59.8|72.16|0|390|5.4|5.4|7|8
59.9|72.14|0|390|5.4|5.4|7|8
60|72.12|0|390|5.4|5.4|7|8
60.1|72.12|0|390|5.4|5.4|7|8
60.2|72.12|0|390|5.4|5.4|7|8
60.3|72.12|0|390|5.4|5.4|7|8
60.4|72.11|0|390|5.4|5.4|7|8
60.5|72.11|0|390|5.4|5.4|7|8
60.6|72.12|0|390|5.4|5.4|7|8
60.7|72.08|0|390|5.4|5.4|7|8
60.8|72.11|0|390|5.4|5.4|7|8
60.9|72.06|0|390|5.4|5.4|7|8
61|72.14|0|390|5.4|5.4|7|8
61.1|72.15|0|390|5.4|5.4|7|8
61.2|72.15|0|390|5.4|5.4|7|8
61.3|72.16|0|390|5.4|5.4|7|8
61.4|72.19|0|390|5.4|5.4|7|8
61.5|72.14|0|390|5.4|5.4|7|8
61.6|72.08|0|390|5.4|5.4|7|8
61.7|72.12|0|390|5.4|5.4|7|8
61.8|72.12|0|390|5.4|5.4|7|8
61.9|72.12|0|390|5.4|5.4|7|8
62|72.15|0|390|5.4|5.4|7|8
62.1|72.16|0|390|5.4|5.4|7|8
62.2|72.12|0|390|5.4|5.4|7|8
62.3|72.12|0|390|5.4|5.4|7|8
62.4|72.1|0|390|5.4|5.4|7|8
62.5|72.11|0|390|5.4|5.4|7|8
62.6|72.12|0|389|5.4|5.4|7|8
62.7|72.1|0|389|5.4|5.4|7|8
62.8|72.08|0|389|5.4|5.4|7|8
62.9|72.07|0|389|5.4|5.4|7|8
63|72.11|0|389|5.4|5.4|7|8
63.1|72.11|0|389|5.4|5.4|7|8
63.2|72.11|0|390|5.4|5.4|7|8
63.3|72.11|0|390|5.4|5.4|7|8
63.4|72.11|0|390|5.4|5.4|7|8
63.5|72.11|0|390|5.4|5.4|7|8
63.6|72.11|0|390|5.4|5.4|7|8
63.7|72.11|0|390|5.4|5.4|7|8
63.8|72.11|0|389|5.4|5.4|7|8
63.9|72.12|0|389|5.4|5.4|7|8
64|72.11|0|389|5.4|5.4|7|8
64.1|72.11|0|390|5.4|5.4|7|8
64.2|72.11|0|390|5.4|5.4|7|8
64.3|72.14|0|389|5.4|5.4|7|8
64.4|72.14|0|389|5.4|5.4|7|8
64.5|72.16|0|389|5.4|5.4|7|8
64.6|72.19|0|389|5.4|5.4|7|8
64.7|72.11|0|389|5.4|5.4|7|8
64.8|72.04|0|389|5.4|5.4|7|8
64.9|72.11|0|389|5.4|5.4|7|8
65|72.11|0|389|5.4|5.4|7|8
65.1|72.1|0|389|5.4|5.4|7|8
65.2|72.11|0|389|5.4|5.4|7|8
65.3|72.12|0|389|5.4|5.4|7|8
65.4|72.12|0|389|5.4|5.4|7|8
65.5|72.18|0|397|5.4|5.4|7|8
65.6|72.12|0|401|5.4|5.4|7|8
65.7|72.04|0|402|5.4|5.4|7|8
65.8|72.11|0|403|5.4|5.4|7|8
65.9|72.1|0|403|5.4|5.4|7|8
66|72.11|0|403|5.4|5.4|7|8
66.1|72.14|0|403|5.4|5.4|7|8
66.2|72.16|0|403|5.4|5.4|7|8
66.3|72.1|0|403|5.4|5.4|7|8
66.4|72.08|0|403|5.4|5.4|7|8
66.5|72.1|0|403|5.4|5.4|7|8
66.6|72.1|0|403|5.4|5.4|7|8
66.7|72.12|0|403|5.4|5.4|7|8
66.8|72.14|0|403|5.4|5.4|7|8
66.9|72.19|0|404|5.4|5.4|7|8
67|72.08|0|403|5.4|5.4|7|8
67.1|72.1|0|404|5.4|5.4|7|8
67.2|72.1|0|404|5.4|5.4|7|8
67.3|72.1|0|404|5.4|5.4|7|8
67.4|72.12|0|404|5.4|5.4|7|8
67.5|72.14|0|404|5.4|5.4|7|8
67.6|72.16|0|404|5.4|5.4|7|8
67.7|72.1|0|404|5.4|5.4|7|8
67.8|72.08|0|403|5.4|5.4|7|8
67.9|72.1|0|403|5.4|5.4|8|8
68|72.1|0|403|5.4|5.4|8|8
68.1|72.02|0|403|5.4|5.4|8|8
68.2|71.96|0|403|5.4|5.4|8|8
68.3|72.04|0|403|5.4|5.4|8|8
68.4|72.11|0|403|5.4|5.4|8|8
68.5|72|0|403|5.4|5.4|8|8
68.6|72.06|0|403|5.4|5.4|8|8
68.7|72.06|0|403|5.4|5.4|8|8
68.8|71.99|0|403|5.4|5.4|8|8
68.9|72.06|0|403|5.3|5.3|8|8
69|72.08|0|403|5.3|5.3|8|8
69.1|72.02|0|403|5.3|5.3|8|8
69.2|72.04|0|403|5.3|5.3|8|8
69.3|72.07|0|403|5.3|5.3|8|8
69.4|72.07|0|403|5.3|5.3|8|8
69.5|71.99|0|403|5.3|5.3|8|8
69.6|72.04|0|403|5.3|5.2|8|8
69.7|72.07|0|403|5.2|5.2|8|8
69.8|72.08|0|403|5.2|5.2|8|8
69.9|72.74|0|403|5.2|5.2|8|8
70|75.69|0|403|5.2|5.2|8|8
70.1|78.7|0|403|5.2|5.2|8|8
70.2|81.66|0|403|5.2|5.2|8|8
70.3|84.62|0|403|5.2|5.2|8|8
70.4|87.53|0|403|5.2|5.2|8|8
70.5|90.44|0|403|5.2|5.2|8|8
70.6|93.31|0|403|5.2|5.2|8|8
70.7|94.98|0|403|5.2|5.2|8|8
