0|96.08|905|414|5.2|5.2|1|8
0.1|96.05|1021|418|5.2|5.2|1|8
0.2|96.01|1023|420|5.2|5.2|1|8
0.3|95.96|1026|421|5.2|5.2|1|8
0.4|96.05|1028|421|5.2|5.2|1|8
0.5|96.06|1031|421|5.2|5.2|2|8
0.6|95.72|1041|422|5.2|5.2|2|8
0.7|95.33|1157|422|5.2|5.2|2|8
0.8|94.95|1634|424|5.2|5.2|3|8
0.9|94.64|1693|424|5.2|5.2|3|8
1|94.48|1716|425|5.2|5.2|3|8
1.1|94.47|1729|426|5.2|5.2|3|8
1.2|94.36|1740|426|5.2|5.2|3|8
1.3|94.35|1745|426|5.2|5.2|3|8
1.4|94.37|1747|426|5.2|5.2|3|8
1.5|94.35|1750|426|5.2|5.2|3|8
1.6|94.33|1755|426|5.2|5.2|3|8
1.7|94.33|1758|426|5.2|5.2|3|8
1.8|94.32|1760|426|5.2|5.2|3|8
1.9|94.29|1760|426|5.2|5.2|3|8
2|94.31|1763|426|5.2|5.2|3|8
2.1|94.36|1763|426|5.2|5.2|3|8
2.2|94.36|1765|426|5.2|5.2|3|8
2.3|94.36|1768|427|5.2|5.2|3|8
2.4|94.35|1768|426|5.2|5.2|3|8
2.5|94.35|1768|427|5.2|5.2|3|8
2.6|94.35|1771|427|5.2|5.2|3|8
2.7|94.35|1773|426|5.2|5.2|3|8
2.8|94.32|1773|426|5.2|5.2|4|8
2.9|94.44|1773|426|5.2|5.2|4|8
3|94.82|1722|426|5.2|5.2|4|8
3.1|95.3|1103|426|5.2|5.2|5|8
3.2|95.55|1059|424|5.2|5.2|5|8
3.3|95.66|1057|423|5.2|5.2|5|8
3.4|95.65|1057|422|5.2|5.2|5|8
3.5|95.73|1057|422|5.2|5.2|5|8
3.6|95.76|1057|422|5.2|5.2|5|8
3.7|95.76|1054|422|5.2|5.2|5|8
3.8|95.74|1054|422|5.3|5.3|5|8
3.9|95.7|1054|422|5.3|5.3|5|8
4|95.68|1054|422|5.3|5.3|5|8
4.1|95.72|1054|422|5.3|5.3|5|8
4.2|95.73|1054|422|5.3|5.3|5|8
4.3|95.77|1052|422|5.3|5.3|5|8
4.4|95.76|1052|422|5.3|5.3|5|8
4.5|95.72|1052|422|5.3|5.3|5|8
4.6|95.68|1052|422|5.3|5.3|5|8
4.7|95.7|1052|422|5.3|5.3|5|8
4.8|95.73|1052|422|5.3|5.3|5|8
4.9|95.76|1054|422|5.3|5.3|5|8
5|95.78|1054|422|5.3|5.3|5|8
5.1|95.73|1052|422|5.3|5.3|2|8
5.2|95.55|1052|422|5.3|5.3|2|8
5.3|95.19|1052|423|5.3|5.3|2|8
5.4|94.76|1186|424|5.3|5.3|2|8
5.5|94.4|1716|425|5.3|5.3|3|8
5.6|94.19|1763|426|5.3|5.3|3|8
5.7|94.01|1773|426|5.3|5.3|3|8
5.8|93.94|1781|426|5.3|5.3|3|8
5.9|93.93|1784|427|5.3|5.3|3|8
6|93.94|1786|427|5.3|5.3|3|8
6.1|93.92|1789|426|5.3|5.3|3|8
6.2|93.88|1789|426|5.3|5.3|3|8
6.3|93.86|1789|426|5.3|5.3|3|8
6.4|93.92|1791|426|5.3|5.3|3|8
6.5|93.89|1791|426|5.3|5.3|3|8
6.6|93.9|1794|426|5.3|5.3|3|8
6.7|93.9|1796|426|5.3|5.3|3|8
6.8|93.93|1796|426|5.3|5.3|3|8
6.9|93.92|1799|427|5.3|5.3|3|8
7|93.9|1799|427|5.3|5.3|3|8
7.1|93.92|1799|427|5.3|5.3|3|8
7.2|93.89|1802|427|5.3|5.3|3|8
7.3|93.9|1802|427|5.3|5.3|3|8
7.4|93.86|1802|427|5.3|5.3|3|8
7.5|93.88|1802|427|5.3|5.3|4|8
7.6|94.16|1802|427|5.4|5.3|4|8
7.7|94.44|1714|427|5.4|5.3|4|8
7.8|94.88|1080|426|5.4|5.4|5|8
7.9|95.1|1067|424|5.4|5.4|5|8
8|95.23|1064|423|5.4|5.4|5|8
8.1|95.29|1064|422|5.4|5.4|5|8
8.2|95.33|1064|422|5.4|5.4|5|8
8.3|95.29|1062|422|5.4|5.4|5|8
8.4|95.26|1062|422|5.4|5.4|5|8
8.5|95.25|1059|422|5.4|5.4|5|8
8.6|95.26|1059|422|5.4|5.4|5|8
8.7|95.3|1062|422|5.4|5.4|5|8
8.8|95.27|1059|422|5.4|5.4|5|8
8.9|95.27|1059|422|5.4|5.4|5|8
9|95.26|1059|422|5.4|5.4|5|8
9.1|95.23|1059|422|5.4|5.4|5|8
9.2|95.3|1059|423|5.4|5.4|5|8
9.3|95.3|1059|423|5.4|5.4|5|8
9.4|95.26|1057|423|5.4|5.4|5|8
9.5|95.22|1057|423|5.4|5.4|5|8
9.6|95.27|1057|423|5.4|5.4|5|8
9.7|95.26|1057|422|5.4|5.4|5|8
9.8|95.3|1057|422|5.4|5.4|2|8
9.9|95.11|1057|422|5.4|5.4|2|8
10|94.7|1057|422|5.4|5.4|2|8
10.1|94.31|1595|423|5.4|5.4|3|8
10.2|93.92|1763|425|5.4|5.4|3|8
10.3|93.85|1786|426|5.4|5.4|3|8
10.4|93.64|1796|426|5.4|5.4|3|8
10.5|93.66|1802|426|5.4|5.4|3|8
10.6|93.66|1804|427|5.4|5.4|3|8
10.7|93.55|1809|427|5.4|5.4|3|8
10.8|93.6|1827|418|5.4|5.4|3|8
10.9|93.6|1835|403|5.4|5.4|3|8
11|93.6|1835|398|5.4|5.4|3|8
11.1|93.62|1835|396|5.4|5.4|3|8
11.2|93.66|1838|396|5.4|5.4|3|8
11.3|93.65|1840|395|5.4|5.4|3|8
11.4|93.54|1840|395|5.4|5.4|3|8
11.5|93.58|1843|395|5.4|5.4|3|8
11.6|93.61|1843|395|5.4|5.4|3|8
11.7|93.66|1843|395|5.4|5.4|3|8
11.8|93.65|1845|395|5.4|5.4|3|8
11.9|93.57|1848|395|5.4|5.4|3|8
12|93.55|1845|395|5.4|5.4|3|8
12.1|93.6|1848|395|5.4|5.4|4|8
12.2|93.68|1848|395|5.4|5.4|4|8
12.3|93.88|1840|395|5.4|5.4|4|8
12.4|94.41|1227|395|5.4|5.4|5|8
12.5|94.72|1082|394|5.4|5.4|5|8
12.6|94.96|1080|394|5.4|5.4|5|8
12.7|94.9|1077|393|5.4|5.4|5|8
12.8|94.9|1075|393|5.4|5.4|5|8
12.9|94.98|1075|393|5.4|5.4|5|8
13|95|1075|393|5.4|5.4|5|8
13.1|94.98|1072|393|5.4|5.4|5|8
13.2|94.91|1072|393|5.4|5.4|5|8
13.3|94.98|1072|394|5.4|5.4|5|8
13.4|94.96|1072|394|5.4|5.4|5|8
13.5|94.96|1070|394|5.4|5.4|5|8
13.6|94.98|1070|394|5.4|5.4|5|8
13.7|94.98|1070|394|5.4|5.4|5|8
13.8|94.96|1070|394|5.4|5.4|5|8
13.9|94.96|1070|393|5.4|5.4|5|8
14|94.96|1067|393|5.4|5.4|5|8
14.1|94.96|1067|393|5.4|5.4|5|8
14.2|94.98|1067|393|5.4|5.4|5|8
14.3|94.98|1067|393|5.4|5.4|5|8
14.4|94.96|1067|393|5.4|5.4|2|8
14.5|94.98|1067|393|5.4|5.4|2|8
14.6|94.61|1064|393|5.4|5.4|2|8
14.7|94.19|1165|393|5.4|5.4|2|8
14.8|93.84|1771|394|5.4|5.4|3|8
14.9|93.53|1817|394|5.4|5.4|3|8
15|93.54|1832|394|5.4|5.4|3|8
15.1|93.42|1840|394|5.4|5.4|3|8
15.2|93.45|1845|394|5.4|5.4|3|8
15.3|93.35|1853|394|5.4|5.4|3|8
15.4|93.34|1856|394|5.4|5.4|3|8
15.5|93.34|1858|394|5.4|5.4|3|8
15.6|93.35|1858|394|5.4|5.4|3|8
15.7|93.39|1858|394|5.4|5.4|3|8
15.8|93.41|1861|394|5.4|5.4|3|8
15.9|93.38|1861|394|5.4|5.4|3|8
16|93.3|1863|394|5.4|5.4|3|8
16.1|93.34|1863|394|5.4|5.4|3|8
16.2|93.34|1863|394|5.4|5.4|3|8
16.3|93.39|1866|394|5.4|5.4|3|8
16.4|93.41|1866|394|5.4|5.4|3|8
16.5|93.38|1866|394|5.4|5.4|3|8
16.6|93.31|1866|394|5.4|5.4|3|8
16.7|93.33|1869|394|5.4|5.4|3|8
16.8|93.34|1869|394|5.4|5.4|4|8
16.9|93.5|1869|394|5.4|5.4|4|8
17|93.92|1742|394|5.4|5.4|4|8
17.1|94.43|1101|394|5.4|5.4|5|8
17.2|94.68|1085|394|5.4|5.4|5|8
17.3|94.7|1082|394|5.4|5.4|5|8
17.4|94.75|1082|393|5.4|5.4|5|8
17.5|94.75|1082|393|5.4|5.4|5|8
17.6|94.76|1080|393|5.4|5.4|5|8
17.7|94.76|1080|393|5.4|5.4|5|8
17.8|94.74|1080|393|5.4|5.4|5|8
17.9|94.72|1077|393|5.4|5.4|5|8
18|94.79|1077|393|5.4|5.4|5|8
18.1|94.79|1077|393|5.4|5.4|5|8
18.2|94.8|1077|392|5.4|5.4|5|8
18.3|94.76|1075|393|5.4|5.4|5|8
18.4|94.75|1075|393|5.4|5.4|5|8
18.5|94.78|1075|393|5.4|5.4|5|8
18.6|94.78|1075|393|5.4|5.4|5|8
18.7|94.76|1072|393|5.4|5.4|5|8
18.8|94.76|1072|393|5.4|5.4|5|8
18.9|94.76|1072|393|5.4|5.4|5|8
19|94.78|1072|392|5.4|5.4|5|8
19.1|94.78|1072|392|5.4|5.4|2|8
19.2|94.6|1072|392|5.4|5.4|2|8
19.3|94.21|1072|393|5.4|5.4|2|8
19.4|93.76|1662|394|5.4|5.4|3|8
19.5|93.45|1820|394|5.4|5.4|3|8
19.6|93.39|1843|394|5.4|5.4|3|8
19.7|93.14|1853|394|5.4|5.4|3|8
19.8|93.14|1858|394|5.4|5.4|3|8
19.9|93.15|1863|394|5.4|5.4|3|8
20|93.17|1866|394|5.4|5.4|3|8
20.1|93.21|1869|394|5.4|5.4|3|8
20.2|93.17|1871|394|5.4|5.4|3|8
20.3|93.17|1871|394|5.4|5.4|3|8
20.4|93.15|1874|394|5.4|5.4|3|8
20.5|93.13|1874|394|5.4|5.4|3|8
20.6|93.15|1874|394|5.4|5.4|3|8
20.7|93.17|1876|394|5.4|5.4|3|8
20.8|93.21|1876|394|5.4|5.4|3|8
20.9|93.14|1876|394|5.4|5.4|3|8
21|93.11|1879|394|5.4|5.4|3|8
21.1|93.15|1879|394|5.4|5.4|3|8
21.2|93.18|1881|394|5.4|5.4|3|8
21.3|93.17|1881|394|5.4|5.4|3|8
21.4|93.15|1881|394|5.4|5.4|4|8
21.5|93.26|1881|394|5.4|5.4|4|8
21.6|93.51|1874|394|5.4|5.4|4|8
21.7|94.01|1211|394|5.4|5.4|5|8
21.8|94.31|1090|394|5.4|5.4|5|8
21.9|94.47|1085|393|5.4|5.4|5|8
22|94.51|1085|393|5.4|5.4|5|8
22.1|94.57|1082|392|5.4|5.4|5|8
22.2|94.57|1082|392|5.4|5.4|5|8
22.3|94.64|1080|392|5.4|5.4|5|8
22.4|94.56|1080|392|5.4|5.4|5|8
22.5|94.51|1077|392|5.4|5.4|5|8
22.6|94.56|1077|392|5.4|5.4|5|8
22.7|94.59|1077|392|5.4|5.4|5|8
22.8|94.64|1077|392|5.4|5.4|5|8
22.9|94.53|1075|392|5.4|5.4|5|8
23|94.49|1072|392|5.4|5.4|5|8
23.1|94.57|1072|392|5.4|5.4|5|8
23.2|94.6|1072|392|5.4|5.4|5|8
23.3|94.63|1072|392|5.4|5.4|5|8
23.4|94.51|1072|392|5.4|5.4|5|8
23.5|94.53|1072|392|5.4|5.4|5|8
23.6|94.59|1070|392|5.4|5.4|5|8
23.7|94.64|1072|392|5.4|5.4|2|8
23.8|94.49|1072|392|5.4|5.4|2|8
23.9|94.17|1072|392|5.4|5.4|2|8
24|93.74|1430|393|5.4|5.4|2|8
24.1|93.41|1812|394|5.4|5.4|3|8
24.2|93.15|1845|394|5.4|5.4|3|8
24.3|93.21|1858|394|5.4|5.4|3|8
24.4|93.19|1869|394|5.4|5.4|3|8
24.5|93|1874|394|5.4|5.4|3|8
24.6|93.09|1876|394|5.4|5.4|3|8
24.7|93.1|1879|394|5.4|5.4|3|8
24.8|93.02|1881|394|5.4|5.4|3|8
24.9|93.1|1881|394|5.4|5.4|3|8
25|93.03|1884|394|5.4|5.4|3|8
25.1|93.04|1884|394|5.4|5.4|3|8
25.2|93.11|1887|394|5.4|5.4|3|8
25.3|93.02|1887|394|5.4|5.4|3|8
25.4|93.1|1889|394|5.4|5.4|3|8
25.5|93.02|1892|394|5.4|5.4|3|8
25.6|93.06|1892|394|5.4|5.4|3|8
25.7|93.07|1892|394|5.4|5.4|3|8
25.8|93|1892|394|5.4|5.4|3|8
25.9|93.1|1892|394|5.4|5.4|3|8
26|93.04|1892|394|5.4|5.4|3|8
26.1|93.03|1892|394|5.4|5.4|4|8
26.2|93.29|1889|394|5.4|5.4|4|8
26.3|93.76|1554|394|5.4|5.4|4|8
26.4|94.23|1095|394|5.4|5.4|5|8
26.5|94.27|1088|393|5.4|5.4|5|8
26.6|94.41|1085|392|5.4|5.4|5|8
26.7|94.43|1085|392|5.4|5.4|5|8
26.8|94.45|1082|392|5.4|5.4|5|8
26.9|94.45|1082|392|5.4|5.4|5|8
27|94.43|1080|392|5.4|5.4|5|8
27.1|94.47|1080|392|5.4|5.4|5|8
27.2|94.47|1077|392|5.4|5.4|5|8
27.3|94.52|1077|392|5.4|5.4|5|8
27.4|94.52|1077|393|5.4|5.4|5|8
27.5|94.45|1075|393|5.4|5.4|5|8
27.6|94.44|1072|393|5.4|5.4|5|8
27.7|94.44|1072|392|5.4|5.4|5|8
27.8|94.43|1072|392|5.4|5.4|5|8
27.9|94.47|1072|392|5.4|5.4|5|8
28|94.47|1072|392|5.4|5.4|5|8
28.1|94.45|1072|392|5.4|5.4|5|8
28.2|94.47|1072|392|5.4|5.4|5|8
28.3|94.47|1072|392|5.4|5.4|5|8
28.4|94.51|1072|393|5.4|5.4|2|8
28.5|94.25|1072|392|5.4|5.4|2|8
28.6|93.8|1072|392|5.4|5.4|2|8
28.7|93.41|1768|393|5.4|5.4|3|8
28.8|93.17|1843|394|5.4|5.4|3|8
28.9|93|1861|394|5.4|5.4|3|8
29|93.03|1869|394|5.4|5.4|3|8
29.1|92.96|1879|394|5.4|5.4|3|8
29.2|92.92|1881|394|5.4|5.4|3|8
29.3|92.88|1887|394|5.4|5.4|3|8
29.4|92.91|1889|394|5.4|5.4|3|8
29.5|92.92|1889|394|5.4|5.4|3|8
29.6|92.92|1892|394|5.4|5.4|3|8
29.7|92.94|1894|394|5.4|5.4|3|8
29.8|92.9|1894|394|5.4|5.4|3|8
29.9|92.88|1897|394|5.4|5.4|3|8
30|92.91|1897|394|5.4|5.4|3|8
30.1|92.91|1899|394|5.4|5.4|3|8
30.2|92.91|1899|394|5.4|5.4|3|8
30.3|92.91|1899|394|5.4|5.4|3|8
30.4|92.91|1899|394|5.4|5.4|3|8
30.5|92.91|1899|394|5.4|5.4|3|8
30.6|92.91|1902|394|5.4|5.4|3|8
30.7|92.9|1902|394|5.4|5.4|4|8
30.8|93|1902|394|5.4|5.4|4|8
30.9|93.38|1863|394|5.4|5.4|4|8
31|93.88|1144|394|5.4|5.4|5|8
31.1|94.21|1093|394|5.4|5.4|5|8
31.2|94.31|1088|394|5.4|5.4|5|8
31.3|94.32|1088|393|5.4|5.4|5|8
31.4|94.28|1085|393|5.4|5.4|5|8
31.5|94.35|1082|393|5.4|5.4|5|8
31.6|94.37|1082|392|5.4|5.4|5|8
31.7|94.39|1080|392|5.4|5.4|5|8
31.8|94.39|1080|392|5.4|5.4|5|8
31.9|94.37|1080|392|5.4|5.4|5|8
32|94.37|1080|392|5.4|5.4|5|8
32.1|94.37|1077|392|5.4|5.4|5|8
32.2|94.36|1075|392|5.4|5.4|5|8
32.3|94.32|1075|392|5.4|5.4|5|8
32.4|94.36|1075|393|5.4|5.4|5|8
32.5|94.4|1075|393|5.4|5.4|5|8
32.6|94.39|1075|393|5.4|5.4|5|8
32.7|94.37|1075|393|5.4|5.4|5|8
32.8|94.36|1075|392|5.4|5.4|5|8
32.9|94.35|1072|392|5.4|5.4|5|8
33|94.35|1072|392|5.4|5.4|2|8
33.1|94.32|1070|392|5.4|5.4|2|8
33.2|93.89|1072|392|5.4|5.4|2|8
33.3|93.45|1309|393|5.4|5.4|2|8
33.4|93.1|1820|393|5.4|5.4|3|8
33.5|92.87|1853|394|5.4|5.4|3|8
33.6|92.83|1869|393|5.4|5.4|3|8
33.7|92.7|1879|393|5.4|5.4|3|8
33.8|92.67|1884|393|5.4|5.4|3|8
33.9|92.74|1889|393|5.4|5.4|3|8
34|92.71|1892|393|5.4|5.4|3|8
34.1|92.72|1894|393|5.4|5.4|3|8
34.2|92.71|1897|392|5.4|5.4|3|8
34.3|92.71|1899|392|5.4|5.4|3|8
34.4|92.71|1902|392|5.4|5.4|3|8
34.5|92.7|1902|393|5.4|5.4|3|8
34.6|92.7|1905|393|5.4|5.4|3|8
34.7|92.67|1905|393|5.4|5.4|3|8
34.8|92.72|1907|393|5.4|5.4|3|8
34.9|92.72|1907|393|5.4|5.4|3|8
35|92.7|1907|393|5.4|5.4|3|8
35.1|92.7|1907|393|5.4|5.4|3|8
35.2|92.72|1907|393|5.4|5.4|3|8
35.3|92.71|1907|393|5.4|5.4|3|8
35.4|92.71|1907|393|5.4|5.4|4|8
35.5|92.91|1905|393|5.4|5.4|4|8
35.6|93.35|1608|394|5.4|5.4|4|8
35.7|93.73|1098|393|5.4|5.4|2|8
35.8|93.77|1090|392|5.4|5.4|2|8
35.9|93.82|1088|392|5.4|5.4|2|8
36|93.64|1088|392|5.4|5.4|2|8
36.1|93.66|1085|392|5.4|5.4|2|8
36.2|93.54|1082|392|5.4|5.4|2|8
36.3|93.58|1082|392|5.4|5.4|2|8
36.4|93.53|1082|392|5.4|5.4|2|8
36.5|93.41|1080|392|5.4|5.4|2|8
36.6|93.33|1080|392|5.4|5.4|2|8
36.7|93.27|1281|392|5.4|5.4|2|8
36.8|93.19|1160|393|5.4|5.4|2|8
36.9|93.11|1588|393|5.4|5.4|2|8
37|93.21|1227|394|5.4|5.4|2|8
37.1|93.26|1082|393|5.4|5.4|2|8
37.2|93.39|1077|392|5.4|5.4|2|8
37.3|93.15|1209|393|5.4|5.4|2|8
37.4|93.13|1634|393|5.4|5.4|2|8
37.5|93.21|1714|393|5.4|5.4|2|8
37.6|93.34|1722|393|5.4|5.4|2|8
37.7|93.49|1716|393|5.4|5.4|2|8
37.8|93.74|1649|393|5.4|5.4|2|8
37.9|93.82|1098|393|5.4|5.4|2|8
38|93.92|1082|392|5.4|5.4|2|8
38.1|93.97|1082|392|5.4|5.4|2|8
38.2|93.92|1080|392|5.4|5.4|2|8
38.3|93.85|1080|392|5.4|5.4|2|8
38.4|93.85|1075|392|5.4|5.4|2|8
38.5|93.72|1075|392|5.4|5.4|2|8
38.6|93.62|1072|392|5.4|5.4|2|8
38.7|93.57|1106|392|5.4|5.4|2|8
38.8|93.54|1080|392|5.4|5.4|2|8
38.9|93.55|1082|392|5.4|5.4|2|8
39|93.41|1075|392|5.4|5.4|2|8
39.1|93.33|1093|392|5.4|5.4|2|8
39.2|93.27|1229|392|5.4|5.4|2|8
39.3|93.18|1281|393|5.4|5.4|2|8
39.4|93.11|1670|393|5.4|5.4|2|8
39.5|93.25|1696|393|5.4|5.4|2|8
39.6|93.39|1691|393|5.4|5.4|2|8
39.7|93.51|1381|394|5.4|5.4|2|8
39.8|93.74|1082|392|5.4|5.4|2|8
39.9|93.73|1075|392|5.4|5.4|2|8
40|93.82|1075|392|5.4|5.4|2|8
40.1|93.64|1072|392|5.4|5.4|2|8
40.2|93.61|1072|392|5.4|5.4|2|8
40.3|93.53|1072|392|5.4|5.4|2|8
40.4|93.53|1085|392|5.4|5.4|2|8
40.5|93.41|1142|391|5.4|5.4|2|8
40.6|93.43|1090|392|5.4|5.4|2|8
40.7|93.33|1077|392|5.4|5.4|2|8
40.8|93.19|1113|392|5.4|5.4|2|8
40.9|93.14|1216|392|5.4|5.4|2|8
41|93.11|1598|392|5.4|5.4|2|8
41.1|93.21|1619|393|5.4|5.4|2|8
41.2|93.33|1402|392|5.4|5.4|2|8
41.3|93.46|1080|392|5.4|5.4|2|8
41.4|93.46|1072|392|5.4|5.4|2|8
41.5|93.57|1072|392|5.4|5.4|2|8
41.6|93.41|1070|392|5.4|5.4|2|8
41.7|93.34|1072|392|5.4|5.4|2|8
41.8|93.21|1178|392|5.4|5.4|2|8
41.9|93.21|1085|392|5.4|5.4|2|8
42|93.13|1121|392|5.4|5.4|2|8
42.1|93.18|1485|392|5.4|5.4|2|8
42.2|93.13|1619|392|5.4|5.4|2|8
42.3|93.15|1619|392|5.4|5.4|2|8
42.4|93.31|1616|392|5.4|5.4|2|8
42.5|93.5|1247|393|5.4|5.4|2|8
42.6|93.58|1080|392|5.4|5.4|2|8
42.7|93.64|1075|392|5.4|5.4|2|8
42.8|93.68|1072|391|5.4|5.4|2|8
42.9|93.54|1072|391|5.4|5.4|2|8
43|93.57|1072|392|5.4|5.4|2|8
43.1|93.38|1072|392|5.4|5.4|2|8
43.2|93.43|1090|392|5.4|5.4|2|8
43.3|93.35|1098|392|5.4|5.4|2|8
43.4|93.18|1077|392|5.4|5.4|2|8
43.5|93.15|1090|391|5.4|5.4|2|8
43.6|93.27|1152|392|5.4|5.4|2|8
43.7|93.11|1235|392|5.4|5.4|2|8
43.8|92.99|1180|392|5.4|5.4|2|8
43.9|92.95|1278|392|5.4|5.4|2|8
44|92.83|1235|392|5.4|5.4|2|8
44.1|92.88|1314|392|5.4|5.4|2|8
44.2|92.72|1186|391|5.4|5.4|2|8
44.3|92.66|1263|392|5.4|5.4|2|8
44.4|92.62|1240|391|5.4|5.4|2|8
44.5|92.59|1304|392|5.4|5.4|2|8
44.6|92.48|1392|392|5.4|5.4|2|8
44.7|92.36|1093|392|5.4|5.4|2|8
44.8|92.39|1418|392|5.4|5.4|2|8
44.9|92.39|1296|393|5.4|5.4|2|8
45|92.21|1229|392|5.4|5.4|2|8
45.1|92.16|1137|392|5.4|5.4|2|8
45.2|92.12|1134|392|5.4|5.4|2|8
45.3|92.07|1196|392|5.4|5.4|2|8
45.4|92.02|1157|392|5.4|5.4|2|8
45.5|91.94|1180|391|5.4|5.4|2|8
45.6|91.9|1142|391|5.4|5.4|2|8
45.7|91.84|1134|391|5.4|5.4|2|8
45.8|91.72|1168|392|5.4|5.4|2|8
45.9|91.68|1232|392|5.4|5.4|2|8
46|91.56|1144|391|5.4|5.4|2|8
46.1|91.53|1129|391|5.4|5.4|2|8
46.2|91.57|1178|392|5.4|5.4|2|8
46.3|91.41|1405|391|5.4|5.4|2|8
46.4|91.31|1268|392|5.4|5.4|2|8
46.5|91.29|1237|392|5.4|5.4|2|8
46.6|91.22|1250|392|5.4|5.4|2|8
46.7|91.03|1242|392|5.4|5.4|2|8
46.8|90.99|1353|392|5.4|5.4|2|8
46.9|90.94|1178|391|5.4|5.4|2|8
47|90.9|1160|392|5.4|5.4|2|8
47.1|90.79|1229|392|5.4|5.4|2|8
47.2|90.68|1168|392|5.4|5.4|2|8
47.3|90.63|1173|391|5.4|5.4|2|8
47.4|90.54|1196|391|5.4|5.4|2|8
47.5|90.44|1253|392|5.4|5.4|2|8
47.6|90.36|1268|392|5.4|5.4|2|8
47.7|90.32|1142|392|5.4|5.4|2|8
47.8|90.17|1149|391|5.4|5.4|2|8
47.9|90.08|1180|392|5.4|5.4|2|8
48|90.01|1142|392|5.4|5.4|2|8
48.1|89.88|1111|391|5.4|5.4|2|8
48.2|89.86|1322|392|5.4|5.4|2|8
48.3|89.76|1216|391|5.4|5.4|2|8
48.4|89.66|1289|391|5.4|5.4|2|8
48.5|89.56|1119|391|5.4|5.4|2|8
48.6|89.46|1258|391|5.4|5.4|2|8
48.7|89.34|1265|392|5.4|5.4|2|8
48.8|89.18|1235|392|5.4|5.4|2|8
48.9|89.14|1175|392|5.4|5.4|2|8
49|89.07|1278|391|5.4|5.4|2|8
49.1|88.91|1265|392|5.4|5.4|2|8
49.2|88.84|1235|392|5.4|5.4|2|8
49.3|88.74|1307|392|5.4|5.4|2|8
49.4|88.59|1250|392|5.4|5.4|2|8
49.5|88.52|1265|392|5.4|5.4|2|8
49.6|88.39|1152|392|5.4|5.4|2|8
49.7|88.24|1302|392|5.4|5.4|2|8
49.8|88.19|1260|392|5.4|5.4|2|8
49.9|88.05|1098|392|5.4|5.4|2|8
50|87.92|1191|391|5.4|5.4|2|8
50.1|87.82|1268|392|5.4|5.4|2|8
50.2|87.65|1227|392|5.4|5.4|2|8
50.3|87.53|1206|391|5.4|5.4|2|8
50.4|87.39|1191|392|5.4|5.4|2|8
50.5|87.33|1273|391|5.4|5.4|2|8
50.6|87.18|1296|392|5.4|5.4|2|8
50.7|87.06|1276|392|5.4|5.4|2|8
50.8|86.97|1196|391|5.4|5.4|2|8
50.9|86.78|1405|392|5.4|5.4|2|8
51|86.63|1168|392|5.4|5.4|2|8
51.1|86.56|1183|392|5.4|5.4|2|8
51.2|86.42|1201|392|5.4|5.4|2|8
51.3|86.24|1216|392|5.4|5.4|2|8
51.4|86.11|1379|392|5.4|5.4|2|8
51.5|85.99|1299|392|5.4|5.4|2|8
51.6|85.85|1198|392|5.4|5.4|2|8
51.7|85.68|1188|392|5.4|5.4|2|8
51.8|85.48|1430|392|5.4|5.4|2|8
51.9|85.41|1410|392|5.4|5.4|2|8
52|85.25|1284|392|5.4|5.4|2|8
52.1|85.03|1268|392|5.4|5.4|2|8
52.2|84.89|1188|392|5.4|5.4|2|8
52.3|84.78|1224|392|5.4|5.4|2|8
52.4|84.54|1258|392|5.4|5.4|2|8
52.5|84.36|1253|392|5.4|5.4|2|8
52.6|84.17|1374|392|5.4|5.4|2|8
52.7|84.09|1291|392|5.4|5.4|2|8
52.8|83.85|1358|392|5.4|5.4|2|8
52.9|83.74|1320|392|5.4|5.4|2|8
53|83.6|1214|392|5.4|5.4|2|8
53.1|83.36|1284|392|5.4|5.4|2|8
53.2|83.17|1186|392|5.4|5.4|2|8
53.3|83.03|1296|392|5.4|5.4|2|8
53.4|82.78|1371|392|5.4|5.4|2|8
53.5|82.68|1268|392|5.4|5.4|2|8
53.6|82.4|1523|392|5.4|5.4|2|8
53.7|82.21|1296|393|5.4|5.4|2|8
53.8|81.83|1598|394|5.4|5.4|6|8
53.9|79.53|1933|392|5.4|5.4|6|8
54|76.62|387|392|5.4|5.4|7|8
54.1|73.88|0|390|5.4|5.4|7|8
54.2|72.38|0|390|5.4|5.4|7|8
54.3|71.68|0|389|5.4|5.4|7|8
54.4|71.44|0|389|5.4|5.4|7|8
54.5|71.36|0|389|5.4|5.4|7|8
54.6|71.22|0|388|5.4|5.4|7|8
54.7|71.21|0|388|5.4|5.4|7|8
54.8|71.2|0|388|5.4|5.4|7|8
54.9|71.2|0|388|5.4|5.4|7|8
55|71.18|0|388|5.4|5.4|7|8
55.1|71.16|0|388|5.4|5.4|7|8
55.2|71.1|0|388|5.4|5.4|7|8
55.3|71.13|0|388|5.4|5.4|7|8
55.4|71.17|0|388|5.4|5.4|7|8
55.5|71.18|0|388|5.4|5.4|7|8
55.6|71.21|0|388|5.4|5.4|7|8
55.7|71.21|0|388|5.4|5.4|7|8
55.8|71.17|0|388|5.4|5.4|7|8
55.9|71.17|0|388|5.4|5.4|7|8
56|71.17|0|388|5.4|5.4|7|8
56.1|71.2|0|388|5.4|5.4|7|8
56.2|71.18|0|388|5.4|5.4|7|8
56.3|71.14|0|388|5.4|5.4|7|8
56.4|71.12|0|388|5.4|5.4|7|8
56.5|71.12|0|388|5.4|5.4|7|8
56.6|71.14|0|388|5.4|5.4|7|8
56.7|71.17|0|388|5.4|5.4|7|8
56.8|71.2|0|388|5.4|5.4|7|8
56.9|71.21|0|388|5.4|5.4|7|8
57|71.21|0|388|5.4|5.4|7|8
57.1|71.16|0|388|5.4|5.4|7|8
57.2|71.14|0|388|5.4|5.4|7|8
57.3|71.12|0|388|5.4|5.4|7|8
57.4|71.14|0|388|5.4|5.4|7|8
57.5|71.13|0|388|5.4|5.4|7|8
57.6|71.16|0|388|5.4|5.4|7|8
57.7|71.21|0|388|5.4|5.4|7|8
57.8|71.2|0|388|5.4|5.4|7|8
57.9|71.18|0|388|5.4|5.4|7|8
58|71.14|0|388|5.4|5.4|7|8
58.1|71.12|0|388|5.4|5.4|7|8
58.2|71.14|0|388|5.4|5.4|7|8
58.3|71.16|0|388|5.4|5.4|7|8
58.4|71.17|0|388|5.4|5.4|7|8
58.5|71.21|0|388|5.4|5.4|7|8
58.6|71.2|0|388|5.4|5.4|7|8
58.7|71.16|0|388|5.4|5.4|7|8
58.8|71.14|0|388|5.4|5.4|7|8
58.9|71.1|0|388|5.4|5.4|7|8
59|71.13|0|388|5.4|5.4|7|8
59.1|71.16|0|388|5.4|5.4|7|8
59.2|71.18|0|388|5.4|5.4|7|8
59.3|71.21|0|388|5.4|5.4|7|8
59.4|71.16|0|388|5.4|5.4|7|8
59.5|71.14|0|388|5.4|5.4|7|8
59.6|71.13|0|388|5.4|5.4|7|8
59.7|71.1|0|388|5.4|5.4|7|8
59.8|71.13|0|388|5.4|5.4|7|8
59.9|71.16|0|388|5.4|5.4|7|8
60|71.17|0|388|5.4|5.4|7|8
60.1|71.18|0|388|5.4|5.4|7|8
60.2|71.17|0|388|5.4|5.4|7|8
60.3|71.14|0|388|5.4|5.4|7|8
60.4|71.16|0|388|5.4|5.4|7|8
60.5|71.16|0|388|5.4|5.4|7|8
60.6|71.16|0|388|5.4|5.4|7|8
60.7|71.14|0|388|5.4|5.4|7|8
60.8|71.14|0|388|5.4|5.4|7|8
60.9|71.14|0|388|5.4|5.4|7|8
61|71.12|0|388|5.4|5.4|7|8
61.1|71.1|0|388|5.4|5.4|7|8
61.2|71.16|0|388|5.4|5.4|7|8
61.3|71.14|0|388|5.4|5.4|7|8
61.4|71.17|0|388|5.4|5.4|7|8
61.5|71.17|0|388|5.4|5.4|7|8
61.6|71.14|0|388|5.4|5.4|7|8
61.7|71.13|0|388|5.4|5.4|7|8
61.8|71.1|0|388|5.4|5.4|7|8
61.9|71.14|0|388|5.4|5.4|7|8
62|71.16|0|388|5.4|5.4|7|8
62.1|71.18|0|388|5.4|5.4|7|8
62.2|71.16|0|388|5.4|5.4|7|8
62.3|71.14|0|388|5.4|5.4|7|8
62.4|71.14|0|388|5.4|5.4|7|8
62.5|71.13|0|388|5.4|5.4|7|8
62.6|71.1|0|388|5.4|5.4|7|8
62.7|71.16|0|388|5.4|5.4|7|8
62.8|71.18|0|388|5.4|5.4|7|8
62.9|71.14|0|388|5.4|5.4|7|8
63|71.14|0|388|5.4|5.4|7|8
63.1|71.13|0|388|5.4|5.4|7|8
63.2|71.14|0|388|5.4|5.4|7|8
63.3|71.14|0|388|5.4|5.4|7|8
63.4|71.12|0|388|5.4|5.4|7|8
63.5|71.14|0|388|5.4|5.4|7|8
63.6|71.16|0|388|5.4|5.4|7|8
63.7|71.16|0|388|5.4|5.4|7|8
63.8|71.14|0|388|5.4|5.4|7|8
63.9|71.13|0|388|5.4|5.4|7|8
64|71.13|0|388|5.4|5.4|7|8
64.1|71.1|0|388|5.4|5.4|7|8
64.2|71.14|0|388|5.4|5.4|7|8
64.3|71.16|0|388|5.4|5.4|7|8
64.4|71.16|0|388|5.4|5.4|7|8
64.5|71.14|0|388|5.4|5.4|7|8
64.6|71.14|0|388|5.4|5.4|7|8
64.7|71.13|0|388|5.4|5.4|7|8
64.8|71.14|0|394|5.4|5.4|7|8
64.9|71.14|0|404|5.4|5.4|7|8
65|71.13|0|407|5.4|5.4|7|8
65.1|71.13|0|408|5.4|5.4|7|8
65.2|71.13|0|408|5.4|5.4|7|8
65.3|71.13|0|408|5.4|5.4|7|8
65.4|71.12|0|409|5.4|5.4|7|8
65.5|71.1|0|409|5.4|5.4|7|8
65.6|71.16|0|409|5.4|5.4|7|8
65.7|71.16|0|408|5.4|5.4|7|8
65.8|71.13|0|408|5.4|5.4|7|8
65.9|71.13|0|408|5.4|5.4|7|8
66|71.1|0|408|5.4|5.4|7|8
66.1|71.14|0|408|5.4|5.4|7|8
66.2|71.17|0|408|5.4|5.4|7|8
66.3|71.14|0|408|5.4|5.4|7|8
66.4|71.13|0|409|5.4|5.4|7|8
66.5|71.13|0|408|5.4|5.4|7|8
66.6|71.13|0|408|5.4|5.4|7|8
66.7|71.13|0|408|5.4|5.4|7|8
66.8|71.13|0|408|5.4|5.4|7|8
66.9|71.13|0|408|5.4|5.4|7|8
67|71.13|0|408|5.4|5.4|8|8
67.1|71.13|0|408|5.4|5.3|8|8
67.2|71.1|0|408|5.4|5.4|8|8
67.3|71.1|0|408|5.4|5.4|8|8
67.4|71.1|0|408|5.4|5.4|8|8
67.5|71.05|0|408|5.4|5.4|8|8
67.6|71.08|0|408|5.4|5.4|8|8
67.7|71.08|0|408|5.4|5.4|8|8
67.8|71.09|0|408|5.4|5.4|8|8
67.9|71.1|0|408|5.4|5.4|8|8
68|71.09|0|408|5.4|5.4|8|8
68.1|71.09|0|408|5.4|5.4|8|8
68.2|71.09|0|408|5.3|5.3|8|8
68.3|71.09|0|408|5.3|5.3|8|8
68.4|71.09|0|408|5.3|5.3|8|8
68.5|71.1|0|408|5.3|5.3|8|8
68.6|71.1|0|408|5.3|5.3|8|8
68.7|71.1|0|408|5.3|5.3|8|8
68.8|71.12|0|408|5.3|5.3|8|8
68.9|71.09|0|408|5.3|5.3|8|8
69|71.1|0|409|5.3|5.3|8|8
69.1|73.16|0|408|5.3|5.2|8|8
69.2|76.22|0|408|5.2|5.2|8|8
69.3|79.2|0|408|5.2|5.2|8|8
69.4|82.24|0|408|5.2|5.2|8|8
69.5|85.22|0|408|5.2|5.2|8|8
69.6|88.13|0|408|5.2|5.2|8|8
69.7|91.11|0|408|5.2|5.2|8|8
69.8|93.81|0|408|5.2|5.2|8|8
69.9|95.18|0|408|5.2|5.2|8|8
70|95.73|0|408|5.2|5.2|8|8
