0|96.01|1402|432|5.1|5.1|1|8
0.1|96.06|1626|439|5.1|5.1|1|8
0.2|96.02|1644|442|5.1|5.1|1|8
0.3|96.01|1655|443|5.1|5.1|1|8
0.4|96.04|1647|443|5.1|5.1|1|8
0.5|96.01|1624|443|5.1|5.1|3|8
0.6|96|1590|443|5.1|5.1|3|8
0.7|96.01|1546|443|5.1|5.1|3|8
0.8|95.98|1093|442|5.1|5.1|2|8
0.9|95.74|1211|440|5.1|5.1|2|8
1|95.35|1678|442|5.1|5.1|3|8
1.1|95.15|1750|443|5.1|5.1|3|8
1.2|94.99|1758|444|5.1|5.1|3|8
1.3|95|1763|445|5.1|5.1|3|8
1.4|94.9|1765|446|5.1|5.1|3|8
1.5|94.92|1765|446|5.1|5.1|3|8
1.6|94.94|1771|446|5.1|5.1|3|8
1.7|94.83|1771|446|5.1|5.1|3|8
1.8|94.91|1773|446|5.1|5.1|3|8
1.9|94.87|1776|446|5.1|5.1|3|8
2|94.91|1776|446|5.1|5.1|3|8
2.1|94.88|1778|446|5.1|5.1|3|8
2.2|94.87|1778|446|5.1|5.1|3|8
2.3|94.92|1781|446|5.1|5.1|3|8
2.4|94.84|1781|446|5.1|5.1|3|8
2.5|94.91|1781|446|5.1|5.1|3|8
2.6|94.84|1784|446|5.1|5.1|3|8
2.7|94.91|1784|446|5.1|5.1|3|8
2.8|94.87|1784|446|5.1|5.1|3|8
2.9|94.9|1786|446|5.1|5.1|3|8
3|94.88|1789|446|5.1|5.1|4|8
3.1|94.95|1786|446|5.1|5.1|4|8
3.2|95.25|1773|446|5.1|5.1|4|8
3.3|95.61|1742|446|5.1|5.1|4|8
3.4|96.28|1209|444|5.1|5.1|5|8
3.5|96.63|1057|442|5.2|5.2|5|8
3.6|96.78|1052|441|5.2|5.2|5|8
3.7|96.83|1052|441|5.2|5.2|5|8
3.8|96.87|1049|441|5.2|5.2|5|8
3.9|96.91|1049|440|5.2|5.2|5|8
4|96.91|1049|440|5.2|5.2|5|8
4.1|96.91|1046|440|5.2|5.2|5|8
4.2|96.9|1046|440|5.2|5.2|5|8
4.3|96.87|1046|440|5.2|5.2|5|8
4.4|96.88|1044|440|5.2|5.2|5|8
4.5|96.9|1044|440|5.2|5.2|5|8
4.6|96.91|1044|440|5.2|5.2|5|8
4.7|96.91|1046|440|5.2|5.2|5|8
4.8|96.9|1044|440|5.2|5.2|5|8
4.9|96.91|1044|440|5.2|5.2|5|8
5|96.9|1044|440|5.2|5.2|5|8
5.1|96.9|1044|440|5.2|5.2|5|8
5.2|96.87|1044|440|5.2|5.2|5|8
5.3|96.9|1044|440|5.2|5.2|5|8
5.4|96.9|1044|440|5.2|5.2|2|8
5.5|96.83|1044|440|5.2|5.2|2|8
5.6|96.53|1044|440|5.2|5.2|2|8
5.7|96.1|1044|440|5.2|5.2|2|8
5.8|95.63|1222|440|5.2|5.2|2|8
5.9|95.18|1655|442|5.2|5.2|3|8
6|94.96|1760|444|5.2|5.2|3|8
6.1|94.8|1773|445|5.2|5.2|3|8
6.2|94.74|1784|445|5.2|5.2|3|8
6.3|94.64|1786|445|5.2|5.2|3|8
6.4|94.63|1789|446|5.2|5.2|3|8
6.5|94.67|1794|445|5.2|5.2|3|8
6.6|94.63|1796|445|5.2|5.2|3|8
6.7|94.59|1796|446|5.2|5.2|3|8
6.8|94.6|1799|446|5.2|5.2|3|8
6.9|94.6|1799|446|5.2|5.2|3|8
7|94.59|1799|446|5.2|5.2|3|8
7.1|94.59|1799|446|5.2|5.2|3|8
7.2|94.59|1802|446|5.2|5.2|3|8
7.3|94.59|1802|445|5.2|5.2|3|8
7.4|94.59|1802|446|5.2|5.2|3|8
7.5|94.59|1804|446|5.2|5.2|3|8
7.6|94.6|1804|446|5.2|5.2|3|8
7.7|94.61|1804|446|5.2|5.2|3|8
7.8|94.63|1807|446|5.2|5.2|3|8
7.9|94.59|1809|446|5.2|5.2|4|8
8|94.66|1807|446|5.2|5.2|4|8
8.1|94.91|1796|446|5.2|5.2|4|8
8.2|95.38|1742|446|5.3|5.3|4|8
8.3|95.94|1196|443|5.3|5.3|5|8
8.4|96.23|1062|442|5.3|5.3|5|8
8.5|96.36|1057|442|5.3|5.3|5|8
8.6|96.39|1054|441|5.3|5.3|5|8
8.7|96.41|1054|441|5.3|5.3|5|8
8.8|96.41|1052|440|5.3|5.3|5|8
8.9|96.43|1052|440|5.3|5.3|5|8
9|96.43|1052|440|5.3|5.3|5|8
9.1|96.45|1052|440|5.3|5.3|5|8
9.2|96.45|1052|440|5.3|5.3|5|8
9.3|96.45|1052|440|5.3|5.3|5|8
9.4|96.47|1049|440|5.3|5.3|5|8
9.5|96.52|1049|440|5.3|5.3|5|8
9.6|96.45|1049|440|5.3|5.3|5|8
9.7|96.44|1049|440|5.3|5.3|5|8
9.8|96.37|1049|440|5.3|5.3|5|8
9.9|96.41|1049|440|5.3|5.3|5|8
10|96.43|1049|440|5.3|5.3|5|8
10.1|96.41|1049|440|5.3|5.3|5|8
10.2|96.44|1049|440|5.3|5.3|5|8
10.3|96.44|1049|440|5.3|5.3|2|8
10.4|96.4|1049|440|5.3|5.3|2|8
10.5|95.98|1049|440|5.3|5.3|2|8
10.6|95.55|1052|440|5.3|5.3|2|8
10.7|95.1|1433|440|5.3|5.3|2|8
10.8|94.76|1765|442|5.3|5.3|3|8
10.9|94.63|1794|443|5.3|5.3|3|8
11|94.49|1827|421|5.3|5.3|3|8
11.1|94.37|1832|412|5.3|5.3|3|8
11.2|94.36|1835|409|5.3|5.3|3|8
11.3|94.37|1835|408|5.3|5.3|3|8
11.4|94.39|1838|408|5.3|5.3|3|8
11.5|94.35|1838|408|5.3|5.3|3|8
11.6|94.31|1838|408|5.3|5.3|3|8
11.7|94.36|1838|408|5.3|5.3|3|8
11.8|94.35|1840|408|5.3|5.3|3|8
11.9|94.39|1840|408|5.3|5.3|3|8
12|94.35|1843|408|5.3|5.3|3|8
12.1|94.36|1843|408|5.3|5.3|3|8
12.2|94.35|1843|408|5.3|5.3|3|8
12.3|94.36|1843|408|5.3|5.3|3|8
12.4|94.36|1843|408|5.3|5.3|3|8
12.5|94.35|1845|408|5.3|5.3|3|8
12.6|94.36|1845|408|5.3|5.3|3|8
12.7|94.35|1845|408|5.3|5.3|3|8
12.8|94.35|1845|408|5.3|5.3|4|8
12.9|94.56|1843|408|5.3|5.3|4|8
13|94.9|1822|408|5.3|5.3|4|8
13.1|95.46|1443|408|5.3|5.3|4|8
13.2|95.89|1080|407|5.4|5.4|5|8
13.3|96.09|1072|405|5.4|5.4|5|8
13.4|96.16|1070|405|5.4|5.4|5|8
13.5|96.17|1067|404|5.4|5.4|5|8
13.6|96.2|1064|404|5.4|5.4|5|8
13.7|96.21|1064|404|5.4|5.4|5|8
13.8|96.23|1064|404|5.4|5.4|5|8
13.9|96.2|1062|404|5.4|5.4|5|8
14|96.21|1062|404|5.4|5.4|5|8
14.1|96.19|1062|404|5.4|5.4|5|8
14.2|96.16|1062|404|5.4|5.4|5|8
14.3|96.19|1062|404|5.4|5.4|5|8
14.4|96.19|1062|404|5.4|5.4|5|8
14.5|96.2|1062|404|5.4|5.4|5|8
14.6|96.17|1062|404|5.4|5.4|5|8
14.7|96.2|1062|404|5.4|5.4|5|8
14.8|96.23|1062|404|5.4|5.4|5|8
14.9|96.27|1062|404|5.4|5.4|5|8
15|96.25|1062|404|5.4|5.4|5|8
15.1|96.17|1062|404|5.4|5.4|5|8
15.2|96.17|1062|404|5.4|5.4|2|8
15.3|95.89|1062|404|5.4|5.4|2|8
15.4|95.47|1062|404|5.4|5.4|2|8
15.5|95.03|1428|404|5.4|5.4|2|8
15.6|94.79|1786|405|5.4|5.4|3|8
15.7|94.55|1814|406|5.4|5.4|3|8
15.8|94.4|1827|406|5.4|5.4|3|8
15.9|94.33|1835|407|5.4|5.4|3|8
16|94.29|1840|407|5.4|5.4|3|8
16.1|94.29|1843|407|5.4|5.4|3|8
16.2|94.32|1843|407|5.4|5.4|3|8
16.3|94.31|1845|407|5.4|5.4|3|8
16.4|94.32|1845|407|5.4|5.4|3|8
16.5|94.31|1848|407|5.4|5.4|3|8
16.6|94.31|1848|407|5.4|5.4|3|8
16.7|94.32|1848|407|5.4|5.4|3|8
16.8|94.31|1848|407|5.4|5.4|3|8
16.9|94.31|1848|407|5.4|5.4|3|8
17|94.31|1848|407|5.4|5.4|3|8
17.1|94.31|1848|406|5.4|5.4|3|8
17.2|94.4|1848|407|5.4|5.4|3|8
17.3|94.32|1851|406|5.4|5.4|3|8
17.4|94.28|1851|407|5.4|5.4|3|8
17.5|94.29|1851|407|5.4|5.4|3|8
17.6|94.29|1851|407|5.4|5.4|4|8
17.7|94.52|1848|407|5.4|5.4|4|8
17.8|94.83|1827|407|5.4|5.4|4|8
17.9|95.39|1541|407|5.4|5.4|4|8
18|95.85|1077|405|5.4|5.4|5|8
18.1|96.08|1070|404|5.4|5.4|5|8
18.2|96.14|1070|404|5.4|5.4|5|8
18.3|96.17|1067|404|5.4|5.4|5|8
18.4|96.19|1067|404|5.4|5.4|5|8
18.5|96.2|1064|404|5.4|5.4|5|8
18.6|96.23|1064|404|5.4|5.4|5|8
18.7|96.24|1064|404|5.4|5.4|5|8
18.8|96.19|1062|404|5.4|5.4|5|8
18.9|96.13|1059|404|5.4|5.4|5|8
19|96.17|1059|404|5.4|5.4|5|8
19.1|96.19|1059|404|5.4|5.4|5|8
19.2|96.19|1059|404|5.4|5.4|5|8
19.3|96.21|1059|403|5.4|5.4|5|8
19.4|96.2|1059|403|5.4|5.4|5|8
19.5|96.2|1062|403|5.4|5.4|5|8
19.6|96.21|1059|403|5.4|5.4|5|8
19.7|96.23|1059|403|5.4|5.4|5|8
19.8|96.2|1059|403|5.4|5.4|5|8
19.9|96.19|1059|403|5.4|5.4|5|8
20|96.19|1059|403|5.4|5.4|2|8
20.1|95.93|1059|403|5.4|5.4|2|8
20.2|95.51|1059|403|5.4|5.4|2|8
20.3|95.07|1196|403|5.4|5.4|2|8
20.4|94.79|1771|404|5.4|5.4|3|8
20.5|94.51|1814|405|5.4|5.4|3|8
20.6|94.32|1832|405|5.4|5.4|3|8
20.7|94.35|1840|406|5.4|5.4|3|8
20.8|94.25|1848|406|5.4|5.4|3|8
20.9|94.19|1851|406|5.4|5.4|3|8
21|94.19|1863|399|5.4|5.4|3|8
21.1|94.19|1863|396|5.4|5.4|3|8
21.2|94.21|1863|394|5.4|5.4|3|8
21.3|94.2|1863|394|5.4|5.4|3|8
21.4|94.21|1866|394|5.4|5.4|3|8
21.5|94.2|1869|394|5.4|5.4|3|8
21.6|94.19|1869|394|5.4|5.4|3|8
21.7|94.19|1869|394|5.4|5.4|3|8
21.8|94.2|1869|394|5.4|5.4|3|8
21.9|94.2|1869|394|5.4|5.4|3|8
22|94.2|1869|394|5.4|5.4|3|8
22.1|94.21|1871|394|5.4|5.4|3|8
22.2|94.23|1871|394|5.4|5.4|3|8
22.3|94.27|1871|394|5.4|5.4|3|8
22.4|94.17|1871|394|5.4|5.4|4|8
22.5|94.28|1871|394|5.4|5.4|4|8
22.6|94.67|1853|394|5.4|5.4|4|8
22.7|94.99|1830|394|5.4|5.4|4|8
22.8|95.63|1108|394|5.4|5.4|5|8
22.9|95.9|1080|394|5.4|5.4|5|8
23|96.01|1075|394|5.4|5.4|5|8
23.1|96.12|1072|394|5.4|5.4|5|8
23.2|96.13|1072|394|5.4|5.4|5|8
23.3|96.08|1070|393|5.4|5.4|5|8
23.4|96.06|1070|392|5.4|5.4|5|8
23.5|96.12|1067|392|5.4|5.4|5|8
23.6|96.09|1067|392|5.4|5.4|5|8
23.7|96.09|1064|392|5.4|5.4|5|8
23.8|96.04|1064|392|5.4|5.4|5|8
23.9|96.09|1064|393|5.4|5.4|5|8
24|96.09|1064|392|5.4|5.4|5|8
24.1|96.09|1064|392|5.4|5.4|5|8
24.2|96.09|1064|392|5.4|5.4|5|8
24.3|96.09|1064|392|5.4|5.4|5|8
24.4|96.09|1064|392|5.4|5.4|5|8
24.5|96.08|1064|392|5.4|5.4|5|8
24.6|96.09|1064|392|5.4|5.4|5|8
24.7|96.12|1064|392|5.4|5.4|5|8
24.8|96.12|1064|392|5.4|5.4|2|8
24.9|95.92|1064|392|5.4|5.4|2|8
25|95.53|1064|392|5.4|5.4|2|8
25.1|95.11|1108|392|5.4|5.4|2|8
25.2|94.78|1773|392|5.4|5.4|3|8
25.3|94.55|1817|394|5.4|5.4|3|8
25.4|94.35|1838|394|5.4|5.4|3|8
25.5|94.4|1848|394|5.4|5.4|3|8
25.6|94.29|1856|394|5.4|5.4|3|8
25.7|94.29|1861|394|5.4|5.4|3|8
25.8|94.23|1863|394|5.4|5.4|3|8
25.9|94.24|1866|394|5.4|5.4|3|8
26|94.25|1869|394|5.4|5.4|3|8
26.1|94.24|1869|394|5.4|5.4|3|8
26.2|94.24|1871|394|5.4|5.4|3|8
26.3|94.25|1871|394|5.4|5.4|3|8
26.4|94.24|1874|394|5.4|5.4|3|8
26.5|94.24|1874|394|5.4|5.4|3|8
26.6|94.24|1874|394|5.4|5.4|3|8
26.7|94.24|1874|394|5.4|5.4|3|8
26.8|94.24|1876|394|5.4|5.4|3|8
26.9|94.27|1876|394|5.4|5.4|3|8
27|94.25|1876|394|5.4|5.4|3|8
27.1|94.21|1876|394|5.4|5.4|3|8
27.2|94.25|1876|394|5.4|5.4|4|8
27.3|94.35|1874|394|5.4|5.4|4|8
27.4|94.68|1853|394|5.4|5.4|4|8
27.5|94.99|1835|394|5.4|5.4|4|8
27.6|95.7|1124|394|5.4|5.4|5|8
27.7|96.05|1077|393|5.4|5.4|5|8
27.8|96.14|1075|393|5.4|5.4|5|8
27.9|96.2|1072|392|5.4|5.4|5|8
28|96.23|1072|392|5.4|5.4|5|8
28.1|96.29|1070|392|5.4|5.4|5|8
28.2|96.25|1070|392|5.4|5.4|5|8
28.3|96.25|1067|392|5.4|5.4|5|8
28.4|96.24|1067|392|5.4|5.4|5|8
28.5|96.24|1067|392|5.4|5.4|5|8
28.6|96.19|1067|392|5.4|5.4|5|8
28.7|96.24|1064|392|5.4|5.4|5|8
28.8|96.28|1064|392|5.4|5.4|5|8
28.9|96.27|1064|392|5.4|5.4|5|8
29|96.24|1064|392|5.4|5.4|5|8
29.1|96.19|1064|392|5.4|5.4|5|8
29.2|96.27|1064|392|5.4|5.4|5|8
29.3|96.29|1064|392|5.4|5.4|5|8
29.4|96.24|1064|392|5.4|5.4|5|8
29.5|96.2|1062|392|5.4|5.4|5|8
29.6|96.27|1062|392|5.4|5.4|2|8
29.7|96.14|1062|392|5.4|5.4|2|8
29.8|95.78|1062|392|5.4|5.4|2|8
29.9|95.34|1062|392|5.4|5.4|2|8
30|94.9|1683|392|5.4|5.4|3|8
30.1|94.71|1802|392|5.4|5.4|3|8
30.2|94.51|1825|393|5.4|5.4|3|8
30.3|94.37|1843|393|5.4|5.4|3|8
30.4|94.29|1853|393|5.4|5.4|3|8
30.5|94.29|1858|393|5.4|5.4|3|8
30.6|94.41|1861|393|5.4|5.4|3|8
30.7|94.32|1869|393|5.4|5.4|3|8
30.8|94.31|1871|393|5.4|5.4|3|8
30.9|94.28|1874|392|5.4|5.4|3|8
31|94.28|1874|393|5.4|5.4|3|8
31.1|94.28|1876|393|5.4|5.4|3|8
31.2|94.25|1879|393|5.4|5.4|3|8
31.3|94.29|1879|393|5.4|5.4|3|8
31.4|94.31|1879|393|5.4|5.4|3|8
31.5|94.28|1879|393|5.4|5.4|3|8
31.6|94.28|1881|393|5.4|5.4|3|8
31.7|94.28|1881|393|5.4|5.4|3|8
31.8|94.31|1881|393|5.4|5.4|3|8
31.9|94.27|1881|393|5.4|5.4|3|8
32|94.29|1881|393|5.4|5.4|4|8
32.1|94.31|1881|393|5.4|5.4|4|8
32.2|94.64|1869|393|5.4|5.4|4|8
32.3|94.79|1848|393|5.4|5.4|4|8
32.4|95.25|1827|393|5.4|5.4|4|8
32.5|96|1111|393|5.4|5.4|5|8
32.6|96.35|1080|392|5.4|5.4|5|8
32.7|96.43|1077|392|5.4|5.4|5|8
32.8|96.45|1075|392|5.4|5.4|5|8
32.9|96.47|1072|392|5.4|5.4|5|8
33|96.49|1070|392|5.4|5.4|5|8
33.1|96.48|1070|392|5.4|5.4|5|8
33.2|96.48|1070|392|5.4|5.4|5|8
33.3|96.49|1067|392|5.4|5.4|5|8
33.4|96.49|1067|392|5.4|5.4|5|8
33.5|96.53|1064|392|5.4|5.4|5|8
33.6|96.51|1067|392|5.4|5.4|5|8
33.7|96.49|1064|392|5.4|5.4|5|8
33.8|96.48|1064|392|5.4|5.4|5|8
33.9|96.45|1064|392|5.4|5.4|5|8
34|96.48|1064|392|5.4|5.4|5|8
34.1|96.48|1067|392|5.4|5.4|5|8
34.2|96.47|1064|392|5.4|5.4|5|8
34.3|96.47|1064|392|5.4|5.4|5|8
34.4|96.49|1064|392|5.4|5.4|5|8
34.5|96.52|1064|392|5.4|5.4|2|8
34.6|96.36|1064|392|5.4|5.4|2|8
34.7|95.94|1064|392|5.4|5.4|2|8
34.8|95.5|1075|392|5.4|5.4|2|8
34.9|95.04|1523|392|5.4|5.4|2|8
35|94.76|1802|392|5.4|5.4|3|8
35.1|94.66|1820|392|5.4|5.4|3|8
35.2|94.53|1832|392|5.4|5.4|3|8
35.3|94.49|1848|392|5.4|5.4|3|8
35.4|94.37|1858|392|5.4|5.4|3|8
35.5|94.36|1863|392|5.4|5.4|3|8
35.6|94.33|1869|392|5.4|5.4|3|8
35.7|94.33|1871|392|5.4|5.4|3|8
35.8|94.31|1876|392|5.4|5.4|3|8
35.9|94.35|1876|392|5.4|5.4|3|8
36|94.33|1879|392|5.4|5.4|3|8
36.1|94.35|1879|392|5.4|5.4|3|8
36.2|94.33|1881|392|5.4|5.4|3|8
36.3|94.32|1881|392|5.4|5.4|3|8
36.4|94.31|1881|392|5.4|5.4|3|8
36.5|94.32|1884|392|5.4|5.4|3|8
36.6|94.32|1884|392|5.4|5.4|3|8
36.7|94.33|1884|392|5.4|5.4|3|8
36.8|94.32|1884|392|5.4|5.4|3|8
36.9|94.33|1884|392|5.4|5.4|3|8
37|94.37|1884|392|5.4|5.4|4|8
37.1|94.63|1876|392|5.4|5.4|4|8
37.2|94.78|1856|392|5.4|5.4|4|8
37.3|94.98|1851|392|5.4|5.4|4|8
37.4|95.76|1678|392|5.4|5.4|4|8
37.5|96.25|1090|392|5.4|5.4|2|8
37.6|96.23|1080|392|5.4|5.4|2|8
37.7|96.31|1077|392|5.4|5.4|2|8
37.8|96.27|1075|392|5.4|5.4|2|8
37.9|96.14|1072|392|5.4|5.4|2|8
38|96.08|1072|392|5.4|5.4|2|8
38.1|96.05|1070|392|5.4|5.4|2|8
38.2|95.98|1067|391|5.4|5.4|2|8
38.3|95.89|1067|391|5.4|5.4|2|8
38.4|95.89|1064|391|5.4|5.4|2|8
38.5|95.77|1067|391|5.4|5.4|2|8
38.6|95.73|1064|391|5.4|5.4|2|8
38.7|95.69|1080|391|5.4|5.4|2|8
38.8|95.58|1072|391|5.4|5.4|2|8
38.9|95.61|1080|390|5.4|5.4|2|8
39|95.47|1222|391|5.4|5.4|2|8
39.1|95.45|1162|392|5.4|5.4|2|8
39.2|95.33|1098|391|5.4|5.4|2|8
39.3|95.34|1124|392|5.4|5.4|2|8
39.4|95.22|1229|392|5.4|5.4|2|8
39.5|95.14|1113|392|5.4|5.4|2|8
39.6|95.14|1312|392|5.4|5.4|2|8
39.7|95|1201|392|5.4|5.4|2|8
39.8|94.95|1216|392|5.4|5.4|2|8
39.9|94.8|1508|392|5.4|5.4|2|8
40|94.75|1253|392|5.4|5.4|2|8
40.1|94.94|1070|392|5.4|5.4|2|8
40.2|94.8|1064|391|5.4|5.4|2|8
40.3|94.84|1160|390|5.4|5.4|2|8
40.4|94.79|1557|392|5.4|5.4|2|8
40.5|94.71|1088|392|5.4|5.4|2|8
40.6|94.76|1067|391|5.4|5.4|2|8
40.7|94.74|1322|392|5.4|5.4|2|8
40.8|94.63|1673|392|5.4|5.4|2|8
40.9|94.7|1639|392|5.4|5.4|2|8
41|94.75|1451|392|5.4|5.4|2|8
41.1|94.92|1075|392|5.4|5.4|2|8
41.2|94.95|1067|390|5.4|5.4|2|8
41.3|94.95|1064|390|5.4|5.4|2|8
41.4|94.84|1064|390|5.4|5.4|2|8
41.5|94.79|1062|390|5.4|5.4|2|8
41.6|94.82|1062|390|5.4|5.4|2|8
41.7|94.75|1062|390|5.4|5.4|2|8
41.8|94.72|1106|390|5.4|5.4|2|8
41.9|94.63|1510|392|5.4|5.4|2|8
42|94.53|1588|392|5.4|5.4|2|8
42.1|94.67|1088|392|5.4|5.4|2|8
42.2|94.71|1064|391|5.4|5.4|2|8
42.3|94.75|1062|391|5.4|5.4|2|8
42.4|94.75|1062|390|5.4|5.4|2|8
42.5|94.64|1062|390|5.4|5.4|2|8
42.6|94.57|1095|390|5.4|5.4|2|8
42.7|94.51|1466|391|5.4|5.4|2|8
42.8|94.49|1642|392|5.4|5.4|2|8
42.9|94.43|1335|392|5.4|5.4|2|8
43|94.52|1070|392|5.4|5.4|2|8
43.1|94.55|1062|391|5.4|5.4|2|8
43.2|94.55|1062|391|5.4|5.4|2|8
43.3|94.49|1059|391|5.4|5.4|2|8
43.4|94.37|1418|392|5.4|5.4|2|8
43.5|94.31|1338|392|5.4|5.4|2|8
43.6|94.41|1291|391|5.4|5.4|2|8
43.7|94.28|1332|392|5.4|5.4|2|8
43.8|94.21|1430|392|5.4|5.4|2|8
43.9|94.05|1358|392|5.4|5.4|2|8
44|94.06|1415|392|5.4|5.4|2|8
44.1|94|1312|392|5.4|5.4|2|8
44.2|93.9|1152|392|5.4|5.4|2|8
44.3|93.88|1263|391|5.4|5.4|2|8
44.4|93.85|1129|392|5.4|5.4|2|8
44.5|93.72|1209|392|5.4|5.4|2|8
44.6|93.62|1162|392|5.4|5.4|2|8
44.7|93.54|1201|392|5.4|5.4|2|8
44.8|93.57|1113|391|5.4|5.4|2|8
44.9|93.42|1247|391|5.4|5.4|2|8
45|93.39|1183|392|5.4|5.4|2|8
45.1|93.34|1157|391|5.4|5.4|2|8
45.2|93.14|1131|392|5.4|5.4|2|8
45.3|93.21|1152|392|5.4|5.4|2|8
45.4|93.14|1327|392|5.4|5.4|2|8
45.5|93.02|1216|392|5.4|5.4|2|8
45.6|92.95|1332|392|5.4|5.4|2|8
45.7|92.88|1330|391|5.4|5.4|2|8
45.8|92.75|1188|391|5.4|5.4|2|8
45.9|92.68|1284|392|5.4|5.4|2|8
46|92.6|1183|391|5.4|5.4|2|8
46.1|92.63|1206|392|5.4|5.4|2|8
46.2|92.41|1227|392|5.4|5.4|2|8
46.3|92.4|1186|392|5.4|5.4|2|8
46.4|92.36|1178|391|5.4|5.4|2|8
46.5|92.2|1294|392|5.4|5.4|2|8
46.6|92.07|1198|392|5.4|5.4|2|8
46.7|92|1129|392|5.4|5.4|2|8
46.8|91.93|1139|391|5.4|5.4|2|8
46.9|91.89|1137|391|5.4|5.4|2|8
47|91.8|1263|392|5.4|5.4|2|8
47.1|91.65|1278|392|5.4|5.4|2|8
47.2|91.58|1206|392|5.4|5.4|2|8
47.3|91.53|1119|392|5.4|5.4|2|8
47.4|91.41|1178|391|5.4|5.4|2|8
47.5|91.26|1242|390|5.4|5.4|2|8
47.6|91.21|1116|391|5.4|5.4|2|8
47.7|91.06|1345|391|5.4|5.4|2|8
47.8|91.02|1229|392|5.4|5.4|2|8
47.9|90.88|1134|391|5.4|5.4|2|8
48|90.82|1129|390|5.4|5.4|2|8
48.1|90.63|1281|391|5.4|5.4|2|8
48.2|90.56|1162|391|5.4|5.4|2|8
48.3|90.51|1219|391|5.4|5.4|2|8
48.4|90.35|1162|391|5.4|5.4|2|8
48.5|90.32|1175|391|5.4|5.4|2|8
48.6|90.15|1149|392|5.4|5.4|2|8
48.7|90.04|1201|392|5.4|5.4|2|8
48.8|89.86|1273|392|5.4|5.4|2|8
48.9|89.81|1139|392|5.4|5.4|2|8
49|89.76|1149|391|5.4|5.4|2|8
49.1|89.54|1273|392|5.4|5.4|2|8
49.2|89.49|1229|392|5.4|5.4|2|8
49.3|89.34|1170|392|5.4|5.4|2|8
49.4|89.19|1271|392|5.4|5.4|2|8
49.5|89.13|1152|392|5.4|5.4|2|8
49.6|89.02|1294|392|5.4|5.4|2|8
49.7|88.87|1219|392|5.4|5.4|2|8
49.8|88.74|1235|392|5.4|5.4|2|8
49.9|88.59|1170|392|5.4|5.4|2|8
50|88.48|1134|392|5.4|5.4|2|8
50.1|88.31|1193|392|5.4|5.4|2|8
50.2|88.2|1345|392|5.4|5.4|2|8
50.3|88.05|1265|392|5.4|5.4|2|8
50.4|87.95|1235|392|5.4|5.4|2|8
50.5|87.78|1289|392|5.4|5.4|2|8
50.6|87.62|1317|392|5.4|5.4|2|8
50.7|87.52|1278|392|5.4|5.4|2|8
50.8|87.41|1142|392|5.4|5.4|2|8
50.9|87.18|1227|392|5.4|5.4|2|8
51|87.07|1201|392|5.4|5.4|2|8
51.1|86.93|1268|392|5.4|5.4|2|8
51.2|86.8|1191|392|5.4|5.4|2|8
51.3|86.62|1165|392|5.4|5.4|2|8
51.4|86.44|1289|392|5.4|5.4|2|8
51.5|86.28|1235|392|5.4|5.4|2|8
51.6|86.13|1276|392|5.4|5.4|2|8
51.7|86.03|1216|392|5.4|5.4|2|8
51.8|85.85|1314|391|5.4|5.4|2|8
51.9|85.7|1281|392|5.4|5.4|2|8
52|85.45|1235|392|5.4|5.4|2|8
52.1|85.3|1281|392|5.4|5.4|2|8
52.2|85.18|1294|392|5.4|5.4|2|8
52.3|85.01|1314|392|5.4|5.4|2|8
52.4|84.83|1410|392|5.4|5.4|2|8
52.5|84.62|1407|391|5.4|5.4|2|8
52.6|84.4|1178|391|5.4|5.4|2|8
52.7|84.24|1276|392|5.4|5.4|2|8
52.8|84.11|1237|392|5.4|5.4|2|8
52.9|83.91|1366|392|5.4|5.4|2|8
53|83.72|1330|392|5.4|5.4|2|8
53.1|83.56|1381|393|5.4|5.4|2|8
53.2|83.32|1168|392|5.4|5.4|2|8
53.3|83.13|1358|392|5.4|5.4|2|8
53.4|82.85|1361|392|5.4|5.4|6|8
53.5|81.48|1861|392|5.4|5.4|6|8
53.6|78.7|1601|392|5.4|5.4|6|8
53.7|75.88|0|390|5.4|5.4|7|8
53.8|73.8|0|389|5.4|5.4|7|8
53.9|72.79|0|388|5.4|5.4|7|8
54|72.45|0|388|5.4|5.4|7|8
54.1|72.2|0|388|5.4|5.4|7|8
54.2|72.18|0|388|5.4|5.4|7|8
54.3|72.2|0|388|5.4|5.4|7|8
54.4|72.07|0|388|5.4|5.4|7|8
54.5|72.04|0|388|5.4|5.4|7|8
54.6|72.12|0|387|5.4|5.4|7|8
54.7|72.15|0|387|5.4|5.4|7|8
54.8|72.1|0|387|5.4|5.4|7|8
54.9|72.04|0|387|5.4|5.4|7|8
55|72.11|0|387|5.4|5.4|7|8
55.1|72.19|0|387|5.4|5.4|7|8
55.2|72.04|0|387|5.4|5.4|7|8
55.3|72.1|0|387|5.4|5.4|7|8
55.4|72.16|0|387|5.4|5.4|7|8
55.5|72.06|0|387|5.4|5.4|7|8
55.6|72.04|0|387|5.4|5.4|7|8
55.7|72.11|0|387|5.4|5.4|7|8
55.8|72.06|0|387|5.4|5.4|7|8
55.9|72.04|0|387|5.4|5.4|7|8
56|72.1|0|387|5.4|5.4|7|8
56.1|72.18|0|387|5.4|5.4|7|8
56.2|72.03|0|387|5.4|5.4|7|8
56.3|72.1|0|387|5.4|5.4|7|8
56.4|72.12|0|387|5.4|5.4|7|8
56.5|72.04|0|387|5.4|5.4|7|8
56.6|72.06|0|387|5.4|5.4|7|8
56.7|72.1|0|387|5.4|5.4|7|8
56.8|72.08|0|387|5.4|5.4|7|8
56.9|72.03|0|387|5.4|5.4|7|8
57|72.08|0|387|5.4|5.4|7|8
57.1|72.18|0|387|5.4|5.4|7|8
57.2|72.06|0|387|5.4|5.4|7|8
57.3|72.04|0|387|5.4|5.4|7|8
57.4|72.14|0|387|5.4|5.4|7|8
57.5|72.07|0|387|5.4|5.4|7|8
57.6|72.03|0|387|5.4|5.4|7|8
57.7|72.11|0|387|5.4|5.4|7|8
57.8|72.07|0|387|5.4|5.4|7|8
57.9|72.02|0|387|5.4|5.4|7|8
58|72.08|0|387|5.4|5.4|7|8
58.1|72.12|0|387|5.4|5.4|7|8
58.2|72.07|0|387|5.4|5.4|7|8
58.3|72.03|0|387|5.4|5.4|7|8
58.4|72.08|0|387|5.4|5.4|7|8
58.5|72.1|0|387|5.4|5.4|7|8
58.6|72.04|0|387|5.4|5.4|7|8
58.7|72.06|0|387|5.4|5.4|7|8
58.8|72.12|0|387|5.4|5.4|7|8
58.9|72.06|0|387|5.4|5.4|7|8
59|72.02|0|386|5.4|5.4|7|8
59.1|72.08|0|387|5.4|5.4|7|8
59.2|72.16|0|387|5.4|5.4|7|8
59.3|72.08|0|387|5.4|5.4|7|8
59.4|72.07|0|387|5.4|5.4|7|8
59.5|72.07|0|387|5.4|5.4|7|8
59.6|72.07|0|386|5.4|5.4|7|8
59.7|72.07|0|386|5.4|5.4|7|8
59.8|72.04|0|387|5.4|5.4|7|8
59.9|72.02|0|387|5.4|5.4|7|8
60|72.08|0|387|5.4|5.4|7|8
60.1|72.1|0|387|5.4|5.4|7|8
60.2|72.06|0|387|5.4|5.4|7|8
60.3|72.02|0|387|5.4|5.4|7|8
60.4|72.07|0|387|5.4|5.4|7|8
60.5|72.14|0|386|5.4|5.4|7|8
60.6|72.06|0|387|5.4|5.4|7|8
60.7|72.02|0|387|5.4|5.4|7|8
60.8|72.06|0|387|5.4|5.4|7|8
60.9|72.12|0|387|5.4|5.4|7|8
61|72.07|0|387|5.4|5.4|7|8
61.1|72.07|0|387|5.4|5.4|7|8
61.2|72.06|0|387|5.4|5.4|7|8
61.3|72.04|0|387|5.4|5.4|7|8
61.4|72.02|0|387|5.4|5.4|7|8
61.5|72.08|0|387|5.4|5.4|7|8
61.6|72.07|0|387|5.4|5.4|7|8
61.7|72.04|0|387|5.4|5.4|7|8
61.8|72.02|0|387|5.4|5.4|7|8
61.9|72.07|0|387|5.4|5.4|7|8
62|72.08|0|387|5.4|5.4|7|8
62.1|72.07|0|387|5.4|5.4|7|8
62.2|72.07|0|387|5.4|5.4|7|8
62.3|72.07|0|387|5.4|5.4|7|8
62.4|72.06|0|387|5.4|5.4|7|8
62.5|72.07|0|387|5.4|5.4|7|8
62.6|72.07|0|387|5.4|5.4|7|8
62.7|72.07|0|387|5.4|5.4|7|8
62.8|72.06|0|387|5.4|5.4|7|8
62.9|72.07|0|387|5.4|5.4|7|8
63|72.07|0|387|5.4|5.4|7|8
63.1|72.06|0|387|5.4|5.4|7|8
63.2|72.07|0|387|5.4|5.4|7|8
63.3|72.07|0|387|5.4|5.4|7|8
63.4|72.06|0|387|5.4|5.4|7|8
63.5|72.06|0|387|5.4|5.4|7|8
63.6|72.06|0|387|5.4|5.4|7|8
63.7|72.07|0|387|5.4|5.4|7|8
63.8|72.06|0|387|5.4|5.4|7|8
63.9|72.06|0|387|5.4|5.4|7|8
64|72.06|0|399|5.4|5.4|7|8
64.1|72.06|0|407|5.4|5.4|7|8
64.2|72.06|0|409|5.4|5.4|7|8
64.3|72.06|0|410|5.4|5.4|7|8
64.4|72.06|0|411|5.4|5.4|7|8
64.5|72.06|0|411|5.4|5.4|7|8
64.6|72.06|0|411|5.4|5.4|7|8
64.7|72.06|0|411|5.4|5.4|7|8
64.8|72.06|0|411|5.4|5.4|7|8
64.9|72.06|0|411|5.4|5.4|7|8
65|72.06|0|411|5.4|5.4|7|8
65.1|72.06|0|411|5.4|5.4|7|8
65.2|72.06|0|411|5.4|5.4|7|8
65.3|72.06|0|411|5.4|5.4|7|8
65.4|72.06|0|411|5.4|5.4|7|8
65.5|72.06|0|411|5.4|5.4|7|8
65.6|72.06|0|411|5.4|5.4|7|8
65.7|72.06|0|411|5.4|5.4|7|8
65.8|72.06|0|411|5.4|5.4|7|8
65.9|72.04|0|411|5.4|5.4|7|8
66|72.06|0|411|5.4|5.4|7|8
66.1|72.04|0|411|5.4|5.4|7|8
66.2|72.04|0|411|5.4|5.4|7|8
66.3|72.02|0|411|5.4|5.4|7|8
66.4|72.03|0|411|5.4|5.4|7|8
66.5|72.04|0|411|5.4|5.4|7|8
66.6|72.06|0|411|5.4|5.4|7|8
66.7|72.07|0|411|5.4|5.4|8|8
66.8|71.99|0|411|5.4|5.4|8|8
66.9|71.95|0|411|5.4|5.4|8|8
67|71.98|0|411|5.4|5.4|8|8
67.1|72.03|0|411|5.4|5.4|8|8
67.2|72|0|411|5.4|5.4|8|8
67.3|72|0|411|5.4|5.4|8|8
67.4|72|0|411|5.4|5.4|8|8
67.5|72|0|411|5.3|5.3|8|8
67.6|72|0|411|5.3|5.3|8|8
67.7|72|0|411|5.3|5.3|8|8
67.8|72|0|411|5.3|5.3|8|8
67.9|72|0|411|5.3|5.3|8|8
68|72.02|0|411|5.3|5.3|8|8
68.1|72.02|0|411|5.2|5.2|8|8
68.2|72.02|0|411|5.2|5.2|8|8
68.3|72.02|0|411|5.2|5.2|8|8
68.4|72.02|0|411|5.2|5.2|8|8
68.5|72.02|0|411|5.2|5.2|8|8
68.6|72.02|0|411|5.2|5.2|8|8
68.7|72.61|0|411|5.2|5.2|8|8
68.8|75.57|0|411|5.2|5.2|8|8
68.9|78.54|0|411|5.2|5.2|8|8
69|81.53|0|411|5.2|5.2|8|8
69.1|84.46|0|411|5.2|5.2|8|8
69.2|87.35|0|411|5.2|5.2|8|8
69.3|90.24|0|411|5.2|5.2|8|8
69.4|93.15|0|411|5.2|5.2|8|8
69.5|94.88|0|411|5.2|5.2|8|8
69.6|95.61|0|411|5.2|5.2|8|8
