0|96.06|987|418|5|5|1|8
0.1|96.08|1046|421|5|5|1|8
0.2|96.08|1044|422|5|5|1|8
0.3|96.06|1044|423|5|5|1|8
0.4|96.05|1039|423|5|5|1|8
0.5|96.08|1052|424|5|5|2|8
0.6|95.76|1144|424|5|5|2|8
0.7|95.38|1619|424|5|5|3|8
0.8|95.18|1673|425|5|5|3|8
0.9|94.94|1693|426|5|5|3|8
1|94.87|1709|426|5|5|3|8
1.1|94.82|1716|426|5|5|3|8
1.2|94.91|1722|426|5|5|3|8
1.3|94.86|1727|426|5|5|3|8
1.4|94.91|1729|426|5|5|3|8
1.5|94.87|1735|426|5|5|3|8
1.6|94.87|1740|426|5|5|3|8
1.7|94.88|1742|426|5|5|3|8
1.8|94.84|1745|426|5|5|3|8
1.9|94.9|1747|426|5|5|3|8
2|94.83|1753|426|5|5|3|8
2.1|94.91|1753|426|5|5|3|8
2.2|94.84|1753|426|5|5|3|8
2.3|94.91|1755|426|5|5|3|8
2.4|94.86|1758|426|5|5|3|8
2.5|94.87|1760|426|5|5|3|8
2.6|94.86|1768|426|5|5|3|8
2.7|94.84|1763|426|5|5|4|8
2.8|95.03|1763|426|5|5|4|8
2.9|95.33|1755|427|5|5|4|8
3|95.78|1670|427|5|5|4|8
3.1|96.32|1121|427|5|5|5|8
3.2|96.59|1054|426|5|5|5|8
3.3|96.65|1052|426|5|5|5|8
3.4|96.74|1049|425|5|5|5|8
3.5|96.82|1049|425|5|5|5|8
3.6|96.76|1049|425|5|5|5|8
3.7|96.8|1049|425|5|5|5|8
3.8|96.82|1046|425|5.1|5.1|5|8
3.9|96.87|1046|424|5.1|5.1|5|8
4|96.82|1046|424|5.1|5.1|5|8
4.1|96.82|1044|424|5.1|5.1|5|8
4.2|96.79|1044|424|5.1|5.1|5|8
4.3|96.75|1044|424|5.1|5.1|5|8
4.4|96.75|1041|424|5.1|5.1|5|8
4.5|96.8|1041|424|5.1|5.1|5|8
4.6|96.83|1044|424|5.1|5.1|5|8
4.7|96.86|1041|424|5.1|5.1|5|8
4.8|96.8|1041|424|5.1|5.1|5|8
4.9|96.82|1041|424|5.1|5.1|5|8
5|96.8|1041|424|5.1|5.1|5|8
5.1|96.74|1041|424|5.1|5.1|2|8
5.2|96.7|1041|424|5.1|5.1|2|8
5.3|96.36|1041|424|5.1|5.1|2|8
5.4|95.92|1070|424|5.1|5.1|2|8
5.5|95.42|1155|424|5.1|5.1|2|8
5.6|94.99|1675|424|5.1|5.1|3|8
5.7|94.74|1747|426|5.1|5.1|3|8
5.8|94.6|1765|426|5.1|5.1|3|8
5.9|94.52|1778|426|5.1|5.1|3|8
6|94.44|1786|426|5.1|5.1|3|8
6.1|94.45|1791|426|5.1|5.1|3|8
6.2|94.47|1796|426|5.1|5.1|3|8
6.3|94.41|1802|426|5.1|5.1|3|8
6.4|94.39|1804|426|5.1|5.1|3|8
6.5|94.41|1807|426|5.1|5.1|3|8
6.6|94.41|1809|426|5.1|5.1|3|8
6.7|94.41|1812|427|5.1|5.1|3|8
6.8|94.43|1814|427|5.1|5.1|3|8
6.9|94.44|1817|427|5.1|5.1|3|8
7|94.43|1820|427|5.1|5.1|3|8
7.1|94.41|1820|427|5.1|5.1|3|8
7.2|94.41|1820|427|5.1|5.1|3|8
7.3|94.41|1822|427|5.1|5.1|3|8
7.4|94.43|1825|427|5.1|5.1|3|8
7.5|94.44|1825|427|5.1|5.1|3|8
7.6|94.43|1827|427|5.1|5.1|4|8
7.7|94.51|1825|428|5.1|5.1|4|8
7.8|94.88|1794|428|5.1|5.1|4|8
7.9|95.34|1745|428|5.1|5.1|4|8
8|95.86|1119|428|5.1|5.1|5|8
8.1|96.16|1062|426|5.1|5.1|5|8
8.2|96.2|1059|426|5.1|5.1|5|8
8.3|96.33|1057|426|5.1|5.1|5|8
8.4|96.36|1057|426|5.1|5.1|5|8
8.5|96.4|1057|426|5.1|5.1|5|8
8.6|96.36|1054|426|5.1|5.1|5|8
8.7|96.36|1057|426|5.1|5.1|5|8
8.8|96.36|1054|426|5.1|5.1|5|8
8.9|96.35|1054|426|5.1|5.1|5|8
9|96.31|1054|425|5.1|5.1|5|8
9.1|96.33|1054|425|5.1|5.1|5|8
9.2|96.33|1054|425|5.1|5.1|5|8
9.3|96.32|1054|424|5.1|5.1|5|8
9.4|96.36|1054|424|5.1|5.1|5|8
9.5|96.36|1054|424|5.2|5.1|5|8
9.6|96.36|1054|424|5.2|5.1|5|8
9.7|96.35|1054|424|5.2|5.1|5|8
9.8|96.35|1054|424|5.2|5.1|5|8
9.9|96.32|1054|424|5.2|5.2|5|8
10|96.33|1054|424|5.2|5.2|2|8
10.1|96.27|1054|424|5.2|5.1|2|8
10.2|95.86|1054|424|5.2|5.2|2|8
10.3|95.45|1085|424|5.2|5.2|2|8
10.4|94.99|1338|424|5.2|5.2|2|8
10.5|94.56|1714|426|5.2|5.2|3|8
10.6|94.36|1781|426|5.2|5.2|3|8
10.7|94.24|1817|413|5.2|5.2|3|8
10.8|94.17|1827|405|5.2|5.2|3|8
10.9|94.01|1835|403|5.2|5.2|3|8
11|94.04|1840|402|5.2|5.2|3|8
11.1|94.08|1845|401|5.2|5.2|3|8
11.2|94.09|1851|401|5.2|5.2|3|8
11.3|94.05|1853|401|5.2|5.2|3|8
11.4|94.08|1856|401|5.2|5.2|3|8
11.5|94.08|1858|401|5.2|5.2|3|8
11.6|94.1|1861|401|5.2|5.2|3|8
11.7|94.08|1863|401|5.2|5.2|3|8
11.8|94.06|1866|401|5.2|5.2|3|8
11.9|94.05|1866|401|5.2|5.2|3|8
12|94.08|1866|401|5.2|5.2|3|8
12.1|94.08|1869|401|5.2|5.2|3|8
12.2|94.06|1869|401|5.2|5.2|3|8
12.3|94.06|1869|402|5.2|5.2|3|8
12.4|94.06|1871|402|5.2|5.2|3|8
12.5|94.09|1871|402|5.2|5.2|4|8
12.6|94.25|1871|401|5.2|5.2|4|8
12.7|94.59|1827|402|5.2|5.2|4|8
12.8|95.12|1394|402|5.2|5.2|4|8
12.9|95.53|1082|401|5.2|5.2|5|8
13|95.69|1077|401|5.2|5.2|5|8
13.1|95.73|1075|401|5.2|5.2|5|8
13.2|95.78|1075|401|5.2|5.2|5|8
13.3|95.81|1075|401|5.2|5.2|5|8
13.4|95.81|1072|400|5.2|5.2|5|8
13.5|95.84|1072|400|5.2|5.2|5|8
13.6|95.8|1072|400|5.2|5.2|5|8
13.7|95.81|1072|400|5.2|5.2|5|8
13.8|95.81|1072|400|5.2|5.2|5|8
13.9|95.76|1070|400|5.2|5.2|5|8
14|95.8|1070|400|5.2|5.2|5|8
14.1|95.81|1070|400|5.2|5.2|5|8
14.2|95.8|1070|400|5.2|5.2|5|8
14.3|95.81|1070|400|5.2|5.2|5|8
14.4|95.81|1070|400|5.2|5.2|5|8
14.5|95.8|1070|400|5.2|5.2|5|8
14.6|95.8|1070|400|5.2|5.2|5|8
14.7|95.81|1070|400|5.2|5.2|5|8
14.8|95.8|1072|400|5.2|5.2|5|8
14.9|95.8|1070|400|5.2|5.2|2|8
15|95.49|1070|400|5.2|5.2|2|8
15.1|95.11|1070|400|5.2|5.2|2|8
15.2|94.66|1441|400|5.2|5.2|2|8
15.3|94.29|1773|401|5.2|5.2|3|8
15.4|94|1825|401|5.2|5.2|3|8
15.5|93.93|1840|401|5.2|5.2|3|8
15.6|93.94|1848|401|5.2|5.2|3|8
15.7|93.93|1856|401|5.2|5.2|3|8
15.8|93.93|1861|401|5.2|5.2|3|8
15.9|93.86|1866|401|5.2|5.2|3|8
16|93.85|1869|401|5.2|5.2|3|8
16.1|93.88|1874|401|5.2|5.2|3|8
16.2|93.88|1874|401|5.2|5.2|3|8
16.3|93.89|1879|401|5.2|5.2|3|8
16.4|93.92|1881|401|5.2|5.2|3|8
16.5|93.88|1884|401|5.2|5.2|3|8
16.6|93.84|1884|401|5.2|5.2|3|8
16.7|93.86|1884|401|5.2|5.2|3|8
16.8|93.88|1887|401|5.2|5.2|3|8
16.9|93.89|1887|401|5.2|5.2|3|8
17|93.92|1887|401|5.2|5.2|3|8
17.1|93.88|1889|401|5.2|5.2|3|8
17.2|93.86|1889|401|5.2|5.2|3|8
17.3|93.85|1889|402|5.2|5.2|4|8
17.4|94.17|1879|401|5.2|5.2|4|8
17.5|94.55|1825|402|5.2|5.2|4|8
17.6|95.07|1186|402|5.2|5.2|5|8
17.7|95.39|1088|401|5.2|5.2|5|8
17.8|95.47|1082|401|5.2|5.2|5|8
17.9|95.59|1082|401|5.2|5.2|5|8
18|95.59|1080|401|5.2|5.2|5|8
18.1|95.58|1080|400|5.2|5.2|5|8
18.2|95.55|1080|400|5.2|5.2|5|8
18.3|95.62|1077|400|5.2|5.2|5|8
18.4|95.63|1077|400|5.2|5.2|5|8
18.5|95.55|1077|400|5.2|5.2|5|8
18.6|95.57|1077|400|5.2|5.2|5|8
18.7|95.61|1075|400|5.2|5.2|5|8
18.8|95.65|1075|400|5.2|5.2|5|8
18.9|95.58|1075|400|5.2|5.2|5|8
19|95.55|1075|400|5.2|5.2|5|8
19.1|95.59|1075|400|5.2|5.2|5|8
19.2|95.61|1075|400|5.2|5.2|5|8
19.3|95.63|1075|400|5.2|5.2|5|8
19.4|95.58|1075|400|5.2|5.2|5|8
19.5|95.57|1075|400|5.2|5.2|5|8
19.6|95.61|1075|400|5.2|5.2|2|8
19.7|95.53|1072|400|5.2|5.2|2|8
19.8|95.19|1072|400|5.2|5.2|2|8
19.9|94.76|1101|400|5.2|5.2|2|8
20|94.33|1657|401|5.2|5.2|3|8
20.1|93.97|1812|401|5.2|5.2|3|8
20.2|93.84|1843|401|5.2|5.2|3|8
20.3|93.72|1856|401|5.2|5.2|3|8
20.4|93.68|1863|401|5.2|5.2|3|8
20.5|93.66|1871|401|5.2|5.2|3|8
20.6|93.62|1874|401|5.2|5.2|3|8
20.7|93.64|1881|400|5.2|5.2|3|8
20.8|93.69|1884|399|5.2|5.2|3|8
20.9|93.64|1889|399|5.2|5.2|3|8
21|93.69|1892|399|5.2|5.2|3|8
21.1|93.65|1894|399|5.2|5.2|3|8
21.2|93.68|1897|399|5.2|5.2|3|8
21.3|93.64|1897|399|5.2|5.2|3|8
21.4|93.7|1899|399|5.2|5.2|3|8
21.5|93.66|1899|399|5.2|5.2|3|8
21.6|93.65|1899|399|5.2|5.2|3|8
21.7|93.69|1902|399|5.2|5.2|3|8
21.8|93.66|1902|399|5.2|5.2|3|8
21.9|93.65|1902|399|5.2|5.2|3|8
22|93.69|1902|399|5.2|5.2|4|8
22.1|93.77|1902|399|5.2|5.2|4|8
22.2|94.02|1887|399|5.2|5.2|4|8
22.3|94.52|1539|399|5.2|5.2|4|8
22.4|94.94|1098|399|5.2|5.2|5|8
22.5|95.12|1090|398|5.2|5.2|5|8
22.6|95.18|1088|398|5.2|5.2|5|8
22.7|95.18|1085|398|5.2|5.2|5|8
22.8|95.26|1085|398|5.2|5.2|5|8
22.9|95.29|1085|398|5.2|5.2|5|8
23|95.23|1082|398|5.2|5.2|5|8
23.1|95.22|1082|398|5.2|5.2|5|8
23.2|95.23|1082|398|5.2|5.2|5|8
23.3|95.25|1082|398|5.2|5.2|5|8
23.4|95.25|1080|398|5.2|5.2|5|8
23.5|95.25|1080|398|5.2|5.2|5|8
23.6|95.26|1080|398|5.2|5.2|5|8
23.7|95.29|1080|398|5.2|5.2|5|8
23.8|95.23|1077|398|5.2|5.2|5|8
23.9|95.22|1077|398|5.2|5.2|5|8
24|95.26|1077|398|5.2|5.2|5|8
24.1|95.26|1077|398|5.2|5.2|5|8
24.2|95.27|1077|398|5.2|5.2|5|8
24.3|95.23|1077|398|5.2|5.2|5|8
24.4|95.25|1075|398|5.2|5.2|2|8
24.5|94.98|1077|398|5.2|5.2|2|8
24.6|94.59|1075|398|5.2|5.2|2|8
24.7|94.15|1570|398|5.2|5.2|2|8
24.8|93.82|1822|398|5.2|5.2|3|8
24.9|93.57|1858|398|5.2|5.2|3|8
25|93.57|1871|398|5.2|5.2|3|8
25.1|93.45|1881|399|5.2|5.2|3|8
25.2|93.38|1889|399|5.2|5.2|3|8
25.3|93.43|1894|398|5.2|5.2|3|8
25.4|93.42|1897|398|5.2|5.2|3|8
25.5|93.42|1902|398|5.2|5.2|3|8
25.6|93.39|1905|398|5.2|5.2|3|8
25.7|93.43|1907|399|5.2|5.2|3|8
25.8|93.46|1907|399|5.2|5.2|3|8
25.9|93.41|1910|399|5.2|5.2|3|8
26|93.41|1910|399|5.2|5.2|3|8
26.1|93.43|1910|399|5.2|5.2|3|8
26.2|93.41|1910|399|5.2|5.2|3|8
26.3|93.42|1912|399|5.2|5.2|3|8
26.4|93.43|1912|399|5.2|5.2|3|8
26.5|93.42|1912|399|5.2|5.2|3|8
26.6|93.39|1912|399|5.2|5.2|3|8
26.7|93.42|1912|399|5.2|5.2|3|8
26.8|93.47|1912|399|5.2|5.2|4|8
26.9|93.74|1905|399|5.2|5.2|4|8
27|94.23|1662|400|5.2|5.2|4|8
27.1|94.64|1101|400|5.2|5.2|5|8
27.2|94.83|1090|399|5.2|5.2|5|8
27.3|94.95|1088|399|5.2|5.2|5|8
27.4|94.95|1085|399|5.2|5.2|5|8
27.5|95|1085|399|5.2|5.2|5|8
27.6|94.88|1082|398|5.2|5.2|5|8
27.7|94.96|1082|398|5.2|5.2|5|8
27.8|94.96|1082|398|5.2|5.2|5|8
27.9|94.95|1082|398|5.2|5.2|5|8
28|94.92|1080|398|5.2|5.2|5|8
28.1|94.96|1080|398|5.2|5.2|5|8
28.2|95.02|1080|398|5.2|5.2|5|8
28.3|94.87|1080|398|5.2|5.2|5|8
28.4|94.95|1080|398|5.2|5.2|5|8
28.5|94.99|1080|398|5.2|5.2|5|8
28.6|94.9|1077|398|5.2|5.2|5|8
28.7|94.94|1077|398|5.2|5.2|5|8
28.8|94.95|1077|398|5.2|5.2|5|8
28.9|94.95|1077|398|5.2|5.2|5|8
29|94.98|1077|398|5.2|5.2|5|8
29.1|94.9|1077|398|5.2|5.2|2|8
29.2|94.71|1077|398|5.2|5.2|2|8
29.3|94.35|1077|398|5.2|5.2|2|8
29.4|93.88|1601|398|5.2|5.2|3|8
29.5|93.58|1835|398|5.2|5.2|3|8
29.6|93.39|1866|399|5.2|5.2|3|8
29.7|93.31|1879|399|5.2|5.2|3|8
29.8|93.21|1887|399|5.2|5.2|3|8
29.9|93.19|1894|399|5.2|5.2|3|8
30|93.19|1897|399|5.2|5.2|3|8
30.1|93.25|1902|398|5.2|5.2|3|8
30.2|93.21|1905|398|5.2|5.2|3|8
30.3|93.25|1907|399|5.2|5.2|3|8
30.4|93.25|1910|399|5.2|5.2|3|8
30.5|93.22|1912|399|5.2|5.2|3|8
30.6|93.22|1912|399|5.2|5.2|3|8
30.7|93.23|1918|398|5.2|5.2|3|8
30.8|93.23|1918|397|5.2|5.2|3|8
30.9|93.22|1918|396|5.2|5.2|3|8
31|93.23|1918|396|5.2|5.2|3|8
31.1|93.23|1918|396|5.2|5.2|3|8
31.2|93.22|1920|396|5.2|5.2|3|8
31.3|93.19|1920|396|5.2|5.2|3|8
31.4|93.22|1920|396|5.2|5.2|4|8
31.5|93.31|1920|396|5.2|5.2|4|8
31.6|93.55|1912|396|5.2|5.2|4|8
31.7|94.05|1521|397|5.2|5.2|4|8
31.8|94.45|1098|397|5.2|5.2|5|8
31.9|94.63|1090|396|5.2|5.2|5|8
32|94.66|1088|396|5.2|5.2|5|8
32.1|94.71|1085|396|5.2|5.2|5|8
32.2|94.71|1085|396|5.2|5.2|5|8
32.3|94.72|1085|396|5.2|5.2|5|8
32.4|94.76|1085|396|5.2|5.2|5|8
32.5|94.79|1082|396|5.2|5.2|5|8
32.6|94.76|1082|396|5.2|5.2|5|8
32.7|94.78|1082|396|5.2|5.2|5|8
32.8|94.78|1082|396|5.2|5.2|5|8
32.9|94.75|1080|396|5.2|5.2|5|8
33|94.71|1080|396|5.2|5.2|5|8
33.1|94.72|1080|396|5.2|5.2|5|8
33.2|94.74|1080|396|5.2|5.2|5|8
33.3|94.74|1077|396|5.2|5.2|5|8
33.4|94.71|1077|396|5.2|5.2|5|8
33.5|94.75|1077|396|5.2|5.2|5|8
33.6|94.75|1077|396|5.2|5.2|5|8
33.7|94.75|1077|396|5.2|5.2|5|8
33.8|94.78|1077|396|5.2|5.2|2|8
33.9|94.51|1077|396|5.2|5.2|2|8
34|94.06|1077|396|5.2|5.2|2|8
34.1|93.64|1722|396|5.2|5.2|3|8
34.2|93.37|1848|396|5.2|5.2|3|8
34.3|93.22|1871|396|5.2|5.2|3|8
34.4|93.15|1884|396|5.2|5.2|3|8
34.5|93.17|1889|396|5.2|5.2|3|8
34.6|93.11|1897|396|5.2|5.2|3|8
34.7|93.02|1902|396|5.2|5.2|3|8
34.8|93.04|1907|396|5.2|5.2|3|8
34.9|93.07|1910|396|5.2|5.2|3|8
35|93.07|1912|396|5.2|5.2|3|8
35.1|93.09|1915|396|5.2|5.2|3|8
35.2|93.11|1918|396|5.2|5.2|3|8
35.3|93.07|1920|396|5.2|5.2|3|8
35.4|93.06|1920|396|5.2|5.2|3|8
35.5|93.07|1920|396|5.2|5.2|3|8
35.6|93.07|1923|396|5.2|5.2|3|8
35.7|93.09|1923|396|5.2|5.2|3|8
35.8|93.1|1923|396|5.2|5.2|3|8
35.9|93.06|1923|396|5.2|5.2|3|8
36|93.07|1925|396|5.2|5.2|3|8
36.1|93.07|1923|396|5.2|5.2|4|8
36.2|93.14|1923|396|5.2|5.2|4|8
36.3|93.5|1889|396|5.2|5.2|4|8
36.4|93.97|1183|398|5.2|5.2|2|8
36.5|94.17|1093|396|5.2|5.2|2|8
36.6|94.2|1090|396|5.2|5.2|2|8
36.7|94.24|1088|396|5.2|5.2|2|8
36.8|94.15|1088|396|5.2|5.2|2|8
36.9|94.01|1085|396|5.2|5.2|2|8
37|94.05|1085|396|5.2|5.2|2|8
37.1|93.98|1082|396|5.2|5.2|2|8
37.2|93.96|1082|396|5.2|5.2|2|8
37.3|93.9|1082|396|5.2|5.2|2|8
37.4|93.78|1080|396|5.2|5.2|2|8
37.5|93.78|1157|396|5.2|5.2|2|8
37.6|93.64|1191|398|5.2|5.2|2|8
37.7|93.66|1173|397|5.2|5.2|2|8
37.8|93.58|1142|396|5.2|5.2|2|8
37.9|93.55|1379|396|5.2|5.2|2|8
38|93.41|1701|397|5.2|5.2|2|8
38.1|93.51|1735|396|5.2|5.2|2|8
38.2|93.64|1729|396|5.2|5.2|2|8
38.3|93.84|1348|396|5.2|5.2|2|8
38.4|93.96|1088|396|5.2|5.2|2|8
38.5|94.02|1082|396|5.2|5.2|2|8
38.6|94.02|1080|396|5.2|5.2|2|8
38.7|93.98|1080|396|5.2|5.2|2|8
38.8|93.96|1080|396|5.2|5.2|2|8
38.9|93.89|1080|396|5.2|5.2|2|8
39|93.77|1077|396|5.2|5.2|2|8
39.1|93.77|1124|396|5.2|5.2|2|8
39.2|93.64|1157|396|5.2|5.2|2|8
39.3|93.66|1113|396|5.2|5.2|2|8
39.4|93.58|1170|396|5.2|5.2|2|8
39.5|93.54|1356|396|5.2|5.2|2|8
39.6|93.41|1688|396|5.2|5.2|2|8
39.7|93.49|1701|396|5.2|5.2|2|8
39.8|93.58|1103|396|5.2|5.2|2|8
39.9|93.76|1080|396|5.2|5.2|2|8
40|93.69|1077|396|5.2|5.2|2|8
40.1|93.64|1077|396|5.2|5.2|2|8
40.2|93.68|1077|396|5.2|5.2|2|8
40.3|93.55|1077|396|5.2|5.2|2|8
40.4|93.55|1080|396|5.2|5.2|2|8
40.5|93.43|1345|396|5.2|5.2|2|8
40.6|93.43|1688|396|5.2|5.2|2|8
40.7|93.37|1698|395|5.2|5.2|2|8
40.8|93.53|1603|395|5.2|5.2|2|8
40.9|93.8|1142|395|5.2|5.2|2|8
41|93.81|1080|394|5.2|5.2|2|8
41.1|93.82|1080|394|5.2|5.2|2|8
41.2|93.82|1077|394|5.2|5.2|2|8
41.3|93.82|1077|394|5.2|5.2|2|8
41.4|93.66|1077|394|5.2|5.2|2|8
41.5|93.68|1077|394|5.2|5.2|2|8
41.6|93.55|1077|394|5.2|5.2|2|8
41.7|93.55|1077|394|5.2|5.2|2|8
41.8|93.43|1265|393|5.2|5.2|2|8
41.9|93.43|1247|394|5.2|5.2|2|8
42|93.34|1196|394|5.2|5.2|2|8
42.1|93.19|1191|394|5.2|5.2|2|8
42.2|93.17|1082|394|5.2|5.2|2|8
42.3|93.15|1077|394|5.2|5.2|2|8
42.4|93.15|1242|394|5.2|5.2|2|8
42.5|93|1312|394|5.2|5.2|2|8
42.6|93|1387|394|5.2|5.2|2|8
42.7|92.92|1381|394|5.2|5.2|2|8
42.8|92.82|1289|394|5.2|5.2|2|8
42.9|92.75|1232|394|5.2|5.2|2|8
43|92.66|1325|394|5.2|5.2|2|8
43.1|92.7|1271|394|5.2|5.2|2|8
43.2|92.56|1322|394|5.2|5.2|2|8
43.3|92.41|1232|394|5.2|5.2|2|8
43.4|92.39|1178|394|5.2|5.2|2|8
43.5|92.36|1180|394|5.2|5.2|2|8
43.6|92.21|1302|394|5.2|5.2|2|8
43.7|92.17|1149|394|5.2|5.2|2|8
43.8|92.08|1211|394|5.2|5.2|2|8
43.9|92.02|1286|394|5.2|5.2|2|8
44|91.97|1188|394|5.2|5.2|2|8
44.1|91.89|1276|394|5.2|5.2|2|8
44.2|91.8|1219|394|5.2|5.2|2|8
44.3|91.65|1235|394|5.2|5.2|2|8
44.4|91.6|1193|394|5.2|5.2|2|8
44.5|91.46|1206|394|5.2|5.2|2|8
44.6|91.46|1242|394|5.2|5.2|2|8
44.7|91.39|1265|394|5.2|5.2|2|8
44.8|91.27|1214|394|5.2|5.2|2|8
44.9|91.25|1232|394|5.2|5.2|2|8
45|91.07|1276|394|5.2|5.2|2|8
45.1|91|1209|394|5.2|5.2|2|8
45.2|90.91|1394|394|5.2|5.2|2|8
45.3|90.82|1152|394|5.2|5.2|2|8
45.4|90.7|1173|394|5.2|5.2|2|8
45.5|90.6|1240|394|5.2|5.2|2|8
45.6|90.56|1142|394|5.2|5.2|2|8
45.7|90.45|1198|394|5.2|5.2|2|8
45.8|90.36|1224|394|5.2|5.2|2|8
45.9|90.24|1235|394|5.2|5.2|2|8
46|90.15|1216|394|5.2|5.2|2|8
46.1|90.03|1276|394|5.2|5.2|2|8
46.2|89.89|1204|394|5.2|5.2|2|8
46.3|89.85|1224|394|5.2|5.2|2|8
46.4|89.7|1162|394|5.2|5.2|2|8
46.5|89.61|1216|394|5.2|5.2|2|8
46.6|89.54|1188|394|5.2|5.2|2|8
46.7|89.42|1284|394|5.2|5.2|2|8
46.8|89.27|1255|394|5.2|5.2|2|8
46.9|89.19|1286|394|5.2|5.2|2|8
47|89.03|1214|394|5.2|5.2|2|8
47.1|88.92|1235|394|5.2|5.2|2|8
47.2|88.87|1281|394|5.2|5.2|2|8
47.3|88.76|1227|394|5.2|5.2|2|8
47.4|88.56|1186|394|5.2|5.2|2|8
47.5|88.5|1201|394|5.2|5.2|2|8
47.6|88.31|1253|394|5.2|5.2|2|8
47.7|88.23|1278|394|5.2|5.2|2|8
47.8|88.05|1317|394|5.2|5.2|2|8
47.9|87.99|1281|394|5.2|5.2|2|8
48|87.82|1320|394|5.2|5.2|2|8
48.1|87.64|1345|394|5.2|5.2|2|8
48.2|87.58|1173|394|5.2|5.2|2|8
48.3|87.45|1358|394|5.2|5.2|2|8
48.4|87.23|1232|394|5.2|5.2|2|8
48.5|87.15|1242|394|5.2|5.2|2|8
48.6|87.01|1229|394|5.2|5.2|2|8
48.7|86.87|1211|394|5.2|5.2|2|8
48.8|86.71|1314|394|5.2|5.2|2|8
48.9|86.58|1289|394|5.2|5.2|2|8
49|86.44|1286|394|5.2|5.2|2|8
49.1|86.27|1240|394|5.2|5.2|2|8
49.2|86.13|1137|394|5.2|5.2|2|8
49.3|85.96|1206|394|5.2|5.2|2|8
49.4|85.88|1332|394|5.2|5.2|2|8
49.5|85.68|1281|394|5.2|5.2|2|8
49.6|85.49|1299|394|5.2|5.2|2|8
49.7|85.34|1384|394|5.2|5.2|2|8
49.8|85.23|1165|394|5.2|5.2|2|8
49.9|85.18|1286|393|5.2|5.2|2|8
50|85.11|1129|394|5.2|5.2|2|8
50.1|85.01|1255|394|5.2|5.2|2|8
50.2|84.98|1196|394|5.2|5.2|2|8
50.3|84.87|1149|394|5.2|5.2|2|8
50.4|84.79|1229|394|5.2|5.2|2|8
50.5|84.71|1165|394|5.2|5.2|2|8
50.6|84.59|1157|394|5.2|5.2|2|8
50.7|84.48|1149|394|5.2|5.2|2|8
50.8|84.42|1157|394|5.2|5.2|2|8
50.9|84.29|1338|394|5.2|5.2|2|8
51|84.21|1191|394|5.2|5.2|2|8
51.1|84.15|1180|394|5.2|5.2|2|8
51.2|83.92|1196|394|5.2|5.2|2|8
51.3|83.83|1237|394|5.2|5.2|2|8
51.4|83.69|1294|394|5.2|5.2|2|8
51.5|83.58|1325|394|5.2|5.2|2|8
51.6|83.46|1320|394|5.2|5.2|2|8
51.7|83.25|1235|394|5.2|5.2|2|8
51.8|83.13|1304|395|5.2|5.2|2|8
51.9|82.95|1307|394|5.2|5.2|2|8
52|82.79|1191|395|5.2|5.2|2|8
52.1|82.63|1294|396|5.2|5.2|2|8
52.2|82.36|1436|396|5.2|5.2|6|8
52.3|80.47|1925|394|5.2|5.2|6|8
52.4|77.76|1528|394|5.2|5.2|6|8
52.5|75.14|0|393|5.2|5.2|7|8
52.6|73.3|0|392|5.2|5.2|7|8
52.7|72.46|0|392|5.2|5.2|7|8
52.8|72.03|0|392|5.2|5.2|7|8
52.9|71.85|0|392|5.2|5.2|7|8
53|71.65|0|392|5.2|5.2|7|8
53.1|71.63|0|392|5.2|5.2|7|8
53.2|71.6|0|392|5.2|5.2|7|8
53.3|71.72|0|392|5.2|5.2|7|8
53.4|71.65|0|392|5.2|5.2|7|8
53.5|71.61|0|392|5.2|5.2|7|8
53.6|71.69|0|392|5.2|5.2|7|8
53.7|71.65|0|392|5.2|5.2|7|8
53.8|71.65|0|392|5.2|5.2|7|8
53.9|71.63|0|392|5.2|5.2|7|8
54|71.61|0|392|5.2|5.2|7|8
54.1|71.69|0|392|5.2|5.2|7|8
54.2|71.65|0|392|5.2|5.2|7|8
54.3|71.64|0|392|5.2|5.2|7|8
54.4|71.64|0|392|5.2|5.2|7|8
54.5|71.6|0|392|5.2|5.2|7|8
54.6|71.65|0|392|5.2|5.2|7|8
54.7|71.68|0|392|5.2|5.2|7|8
54.8|71.65|0|392|5.2|5.2|7|8
54.9|71.61|0|392|5.2|5.2|7|8
55|71.6|0|392|5.2|5.2|7|8
55.1|71.61|0|392|5.2|5.2|7|8
55.2|71.6|0|392|5.2|5.2|7|8
55.3|71.63|0|392|5.2|5.2|7|8
55.4|71.64|0|392|5.2|5.2|7|8
55.5|71.64|0|392|5.2|5.2|7|8
55.6|71.65|0|392|5.2|5.2|7|8
55.7|71.64|0|392|5.2|5.2|7|8
55.8|71.61|0|392|5.2|5.2|7|8
55.9|71.61|0|392|5.2|5.2|7|8
56|71.6|0|392|5.2|5.2|7|8
56.1|71.64|0|392|5.2|5.2|7|8
56.2|71.65|0|392|5.2|5.2|7|8
56.3|71.63|0|392|5.2|5.2|7|8
56.4|71.61|0|392|5.2|5.2|7|8
56.5|71.6|0|392|5.2|5.2|7|8
56.6|71.63|0|392|5.2|5.2|7|8
56.7|71.65|0|392|5.2|5.2|7|8
56.8|71.63|0|392|5.2|5.2|7|8
56.9|71.63|0|392|5.2|5.2|7|8
57|71.61|0|392|5.2|5.2|7|8
57.1|71.63|0|392|5.2|5.2|7|8
57.2|71.63|0|392|5.2|5.2|7|8
57.3|71.63|0|392|5.2|5.2|7|8
57.4|71.63|0|392|5.2|5.2|7|8
57.5|71.63|0|392|5.2|5.2|7|8
57.6|71.63|0|392|5.2|5.2|7|8
57.7|71.61|0|392|5.2|5.2|7|8
57.8|71.63|0|392|5.2|5.2|7|8
57.9|71.63|0|392|5.2|5.2|7|8
58|71.64|0|392|5.2|5.2|7|8
58.1|71.69|0|392|5.2|5.2|7|8
58.2|71.68|0|392|5.2|5.2|7|8
58.3|71.63|0|392|5.2|5.2|7|8
58.4|71.63|0|392|5.2|5.2|7|8
58.5|71.63|0|392|5.2|5.2|7|8
58.6|71.63|0|392|5.2|5.2|7|8
58.7|71.61|0|392|5.2|5.2|7|8
58.8|71.63|0|392|5.2|5.2|7|8
58.9|71.63|0|392|5.2|5.2|7|8
59|71.64|0|392|5.2|5.2|7|8
59.1|71.6|0|392|5.2|5.2|7|8
59.2|71.6|0|392|5.2|5.2|7|8
59.3|71.59|0|392|5.2|5.2|7|8
59.4|71.57|0|392|5.2|5.2|7|8
59.5|71.6|0|392|5.2|5.2|7|8
59.6|71.63|0|392|5.2|5.2|7|8
59.7|71.67|0|392|5.2|5.2|7|8
59.8|71.63|0|392|5.2|5.2|7|8
59.9|71.61|0|392|5.2|5.2|7|8
60|71.61|0|392|5.2|5.2|7|8
60.1|71.63|0|392|5.2|5.2|7|8
60.2|71.64|0|392|5.2|5.2|7|8
60.3|71.64|0|392|5.2|5.2|7|8
60.4|71.6|0|392|5.2|5.2|7|8
60.5|71.59|0|392|5.2|5.2|7|8
60.6|71.57|0|392|5.2|5.2|7|8
60.7|71.6|0|392|5.2|5.2|7|8
60.8|71.6|0|392|5.2|5.2|7|8
60.9|71.59|0|392|5.2|5.2|7|8
61|71.61|0|392|5.2|5.2|7|8
61.1|71.61|0|392|5.2|5.2|7|8
61.2|71.65|0|392|5.2|5.2|7|8
61.3|71.64|0|392|5.2|5.2|7|8
61.4|71.63|0|392|5.2|5.2|7|8
61.5|71.59|0|392|5.2|5.2|7|8
61.6|71.56|0|392|5.2|5.2|7|8
61.7|71.59|0|392|5.2|5.2|7|8
61.8|71.59|0|392|5.2|5.2|7|8
61.9|71.59|0|392|5.2|5.2|7|8
62|71.6|0|392|5.2|5.2|7|8
62.1|71.61|0|392|5.2|5.2|7|8
62.2|71.67|0|392|5.2|5.2|7|8
62.3|71.63|0|392|5.2|5.2|7|8
62.4|71.61|0|392|5.2|5.2|7|8
62.5|71.6|0|392|5.2|5.2|7|8
62.6|71.61|0|392|5.2|5.2|7|8
62.7|71.6|0|396|5.2|5.2|7|8
62.8|71.6|0|398|5.2|5.2|7|8
62.9|71.59|0|399|5.2|5.2|7|8
63|71.56|0|400|5.2|5.2|7|8
63.1|71.59|0|400|5.2|5.2|7|8
63.2|71.59|0|400|5.2|5.2|7|8
63.3|71.59|0|400|5.2|5.2|7|8
63.4|71.6|0|400|5.2|5.2|7|8
63.5|71.63|0|400|5.2|5.2|7|8
63.6|71.63|0|400|5.2|5.2|7|8
63.7|71.61|0|400|5.2|5.2|7|8
63.8|71.61|0|400|5.2|5.2|7|8
63.9|71.63|0|400|5.2|5.2|7|8
64|71.6|0|400|5.2|5.2|7|8
64.1|71.6|0|400|5.2|5.2|7|8
64.2|71.61|0|400|5.2|5.2|7|8
64.3|71.6|0|400|5.2|5.2|7|8
64.4|71.61|0|400|5.2|5.2|7|8
64.5|71.59|0|400|5.2|5.2|7|8
64.6|71.57|0|400|5.2|5.2|7|8
64.7|71.59|0|400|5.2|5.2|7|8
64.8|71.61|0|400|5.2|5.2|7|8
64.9|71.63|0|400|5.2|5.2|7|8
65|71.63|0|400|5.2|5.2|7|8
65.1|71.6|0|400|5.2|5.2|7|8
65.2|71.6|0|400|5.2|5.2|7|8
65.3|71.59|0|400|5.2|5.2|7|8
65.4|71.56|0|400|5.2|5.2|7|8
65.5|71.59|0|400|5.2|5.2|8|8
65.6|71.59|0|400|5.2|5.2|8|8
65.7|71.59|0|400|5.2|5.2|8|8
65.8|71.44|0|400|5.2|5.2|8|8
65.9|71.47|0|400|5.2|5.2|8|8
66|71.59|0|400|5.2|5.2|8|8
66.1|71.55|0|400|5.2|5.2|8|8
66.2|71.55|0|400|5.2|5.2|8|8
66.3|71.56|0|400|5.2|5.2|8|8
66.4|71.61|0|400|5.2|5.2|8|8
66.5|71.51|0|400|5.2|5.2|8|8
66.6|71.56|0|400|5.2|5.1|8|8
66.7|71.57|0|400|5.1|5.1|8|8
66.8|71.53|0|400|5.1|5.1|8|8
66.9|71.56|0|400|5.1|5.1|8|8
67|71.56|0|400|5.1|5.1|8|8
67.1|71.55|0|400|5.1|5.1|8|8
67.2|71.53|0|400|5.1|5.1|8|8
67.3|71.55|0|400|5.1|5.1|8|8
67.4|71.56|0|400|5.1|5.1|8|8
67.5|72.86|0|400|5.1|5.1|8|8
67.6|75.93|0|400|5.1|5.1|8|8
67.7|78.97|0|400|5.1|5.1|8|8
67.8|82|0|400|5.1|5.1|8|8
67.9|84.95|0|400|5.1|5.1|8|8
68|87.95|0|400|5.1|5.1|8|8
68.1|90.95|0|400|5.1|5.1|8|8
68.2|93.72|0|400|5.1|5.1|8|8
68.3|95.14|0|400|5.1|5.1|8|8
68.4|95.73|0|400|5.1|5.1|8|8
