0|96|1312|392|5.3|5.3|1|8
0.1|96.02|1567|394|5.3|5.3|1|8
0.2|96.02|1590|396|5.3|5.3|1|8
0.3|96.01|1572|396|5.4|5.3|1|8
0.4|96.02|1155|396|5.3|5.3|1|8
0.5|96.01|1077|395|5.4|5.4|2|8
0.6|95.7|1281|395|5.4|5.4|2|8
0.7|95.29|1588|396|5.4|5.4|3|8
0.8|95.02|1670|396|5.4|5.4|3|8
0.9|94.96|1683|396|5.4|5.4|3|8
1|94.78|1686|396|5.4|5.4|3|8
1.1|94.86|1665|396|5.4|5.4|3|8
1.2|94.75|1683|396|5.4|5.4|3|8
1.3|94.82|1662|396|5.4|5.4|3|8
1.4|94.92|1670|396|5.4|5.4|3|8
1.5|94.75|1709|396|5.4|5.4|3|8
1.6|94.88|1704|396|5.4|5.4|3|8
1.7|94.75|1701|396|5.4|5.4|3|8
1.8|94.87|1678|396|5.4|5.4|3|8
1.9|94.75|1629|396|5.4|5.4|3|8
2|94.87|1067|396|5.4|5.4|2|8
2.1|94.72|1134|396|5.4|5.4|2|8
2.2|94.27|1180|396|5.4|5.4|2|8
2.3|93.77|1307|396|5.4|5.4|2|8
2.4|93.27|1709|396|5.4|5.4|3|8
2.5|93.03|1776|396|5.4|5.4|3|8
2.6|92.87|1784|396|5.4|5.4|3|8
2.7|92.76|1789|396|5.4|5.4|3|8
2.8|92.71|1791|396|5.4|5.4|3|8
2.9|92.83|1791|396|5.4|5.4|3|8
3|92.72|1791|396|5.4|5.4|3|8
3.1|92.79|1794|396|5.4|5.4|3|8
3.2|92.82|1796|396|5.4|5.4|3|8
3.3|92.72|1799|395|5.4|5.4|3|8
3.4|92.82|1799|396|5.4|5.4|3|8
3.5|92.75|1802|396|5.4|5.4|3|8
3.6|92.74|1802|396|5.4|5.4|3|8
3.7|92.83|1804|396|5.4|5.4|3|8
3.8|92.72|1804|396|5.4|5.4|3|8
3.9|92.82|1804|396|5.4|5.4|3|8
4|92.78|1807|396|5.4|5.4|3|8
4.1|92.75|1807|396|5.4|5.4|3|8
4.2|92.75|1809|396|5.4|5.4|3|8
4.3|92.78|1807|396|5.4|5.4|3|8
4.4|92.75|1809|396|5.4|5.4|4|8
4.5|92.9|1809|396|5.4|5.4|4|8
4.6|93.21|1796|396|5.4|5.4|4|8
4.7|93.33|1784|396|5.4|5.4|4|8
4.8|94.43|1387|396|5.4|5.4|4|8
4.9|94.72|1057|395|5.4|5.4|5|8
5|94.71|1052|394|5.4|5.4|5|8
5.1|94.84|1049|394|5.4|5.4|5|8
5.2|94.9|1049|394|5.4|5.4|5|8
5.3|94.91|1049|394|5.4|5.4|5|8
5.4|94.9|1049|394|5.4|5.4|5|8
5.5|94.92|1049|394|5.4|5.4|5|8
5.6|94.88|1046|394|5.4|5.4|5|8
5.7|94.87|1049|394|5.4|5.4|5|8
5.8|94.91|1049|394|5.4|5.4|5|8
5.9|94.95|1046|394|5.4|5.4|5|8
6|94.88|1046|394|5.4|5.4|5|8
6.1|94.88|1046|394|5.4|5.4|5|8
6.2|94.99|1046|394|5.4|5.4|5|8
6.3|95.03|1046|394|5.4|5.4|5|8
6.4|95.02|1046|394|5.4|5.4|5|8
6.5|95.03|1046|394|5.4|5.4|5|8
6.6|95.08|1046|394|5.4|5.4|5|8
6.7|94.84|1046|394|5.4|5.4|5|8
6.8|94.95|1046|394|5.4|5.4|5|8
6.9|94.96|1046|394|5.4|5.4|2|8
7|94.66|1046|394|5.4|5.4|2|8
7.1|94.12|1049|394|5.4|5.4|2|8
7.2|93.66|1271|395|5.4|5.4|2|8
7.3|93.23|1740|396|5.4|5.4|3|8
7.4|93.1|1773|396|5.4|5.4|3|8
7.5|92.91|1794|396|5.4|5.4|3|8
7.6|92.83|1802|396|5.4|5.4|3|8
7.7|92.84|1804|396|5.4|5.4|3|8
7.8|92.9|1807|396|5.4|5.4|3|8
7.9|92.94|1809|396|5.4|5.4|3|8
8|92.79|1812|396|5.4|5.4|3|8
8.1|92.86|1812|396|5.4|5.4|3|8
8.2|92.87|1814|396|5.4|5.4|3|8
8.3|92.92|1814|396|5.4|5.4|3|8
8.4|92.86|1817|396|5.4|5.4|3|8
8.5|92.8|1820|396|5.4|5.4|3|8
8.6|92.83|1820|396|5.4|5.4|3|8
8.7|92.92|1820|396|5.4|5.4|3|8
8.8|92.83|1820|396|5.4|5.4|3|8
8.9|92.82|1820|396|5.4|5.4|3|8
9|92.88|1822|396|5.4|5.4|3|8
9.1|92.9|1822|396|5.4|5.4|3|8
9.2|92.82|1822|396|5.4|5.4|3|8
9.3|92.83|1822|395|5.4|5.4|4|8
9.4|93.09|1817|395|5.4|5.4|4|8
9.5|93.25|1807|395|5.4|5.4|4|8
9.6|93.72|1784|395|5.4|5.4|4|8
9.7|94.53|1106|396|5.4|5.4|5|8
9.8|94.7|1057|395|5.4|5.4|5|8
9.9|94.83|1054|394|5.4|5.4|5|8
10|94.91|1054|394|5.4|5.4|5|8
10.1|94.99|1054|394|5.4|5.4|5|8
10.2|94.95|1052|394|5.4|5.4|5|8
10.3|94.96|1052|394|5.4|5.4|5|8
10.4|94.96|1052|394|5.4|5.4|5|8
10.5|94.98|1052|394|5.4|5.4|5|8
10.6|94.96|1052|394|5.4|5.4|5|8
10.7|94.98|1052|394|5.4|5.4|5|8
10.8|94.98|1052|394|5.4|5.4|5|8
10.9|94.98|1052|394|5.4|5.4|5|8
11|94.98|1052|394|5.4|5.4|5|8
11.1|94.99|1052|394|5.4|5.4|5|8
11.2|94.98|1052|394|5.4|5.4|5|8
11.3|94.95|1052|394|5.4|5.4|5|8
11.4|94.96|1052|394|5.4|5.4|5|8
11.5|95.02|1052|394|5.4|5.4|5|8
11.6|95.04|1052|394|5.4|5.4|5|8
11.7|95.03|1052|394|5.4|5.4|2|8
11.8|95.03|1052|394|5.4|5.4|2|8
11.9|94.75|1052|394|5.4|5.4|2|8
12|94.05|1064|394|5.4|5.4|2|8
12.1|93.61|1485|395|5.4|5.4|2|8
12.2|93.04|1758|395|5.4|5.4|3|8
12.3|92.92|1789|394|5.4|5.4|3|8
12.4|92.94|1799|394|5.4|5.4|3|8
12.5|92.78|1807|394|5.4|5.4|3|8
12.6|92.82|1809|394|5.4|5.4|3|8
12.7|92.76|1814|394|5.4|5.4|3|8
12.8|92.8|1814|394|5.4|5.4|3|8
12.9|92.75|1820|394|5.4|5.4|3|8
13|92.86|1820|394|5.4|5.4|3|8
13.1|92.78|1822|394|5.4|5.4|3|8
13.2|92.88|1822|394|5.4|5.4|3|8
13.3|92.79|1825|394|5.4|5.4|3|8
13.4|92.83|1825|394|5.4|5.4|3|8
13.5|92.78|1825|394|5.4|5.4|3|8
13.6|92.84|1825|394|5.4|5.4|3|8
13.7|92.83|1827|394|5.4|5.4|3|8
13.8|92.72|1827|394|5.4|5.4|3|8
13.9|92.83|1827|394|5.4|5.4|3|8
14|92.72|1827|394|5.4|5.4|3|8
14.1|92.83|1827|394|5.4|5.4|3|8
14.2|92.79|1827|394|5.4|5.4|4|8
14.3|93.06|1825|394|5.4|5.4|4|8
14.4|93.19|1822|394|5.4|5.4|4|8
14.5|94.27|1137|396|5.4|5.4|5|8
14.6|94.37|1062|395|5.4|5.4|5|8
14.7|94.44|1059|394|5.4|5.4|5|8
14.8|94.45|1059|394|5.4|5.4|5|8
14.9|94.43|1059|394|5.4|5.4|5|8
15|94.6|1059|394|5.4|5.4|5|8
15.1|94.6|1059|394|5.4|5.4|5|8
15.2|94.57|1057|394|5.4|5.4|5|8
15.3|94.59|1057|394|5.4|5.4|5|8
15.4|94.57|1057|394|5.4|5.4|5|8
15.5|94.59|1057|394|5.4|5.4|5|8
15.6|94.55|1057|394|5.4|5.4|5|8
15.7|94.6|1057|394|5.4|5.4|5|8
15.8|94.59|1057|394|5.4|5.4|5|8
15.9|94.51|1057|394|5.4|5.4|5|8
16|94.55|1057|394|5.4|5.4|5|8
16.1|94.64|1057|394|5.4|5.4|5|8
16.2|94.68|1057|394|5.4|5.4|5|8
16.3|94.71|1057|394|5.4|5.4|5|8
16.4|94.52|1057|394|5.4|5.4|5|8
16.5|94.61|1057|394|5.4|5.4|2|8
16.6|94.6|1057|394|5.4|5.4|2|8
16.7|94.1|1057|394|5.4|5.4|2|8
16.8|93.65|1129|394|5.4|5.4|2|8
16.9|93.13|1675|394|5.4|5.4|3|8
17|92.8|1802|394|5.4|5.4|3|8
17.1|92.8|1820|394|5.4|5.4|3|8
17.2|92.68|1825|394|5.4|5.4|3|8
17.3|92.62|1827|394|5.4|5.4|3|8
17.4|92.55|1830|394|5.4|5.4|3|8
17.5|92.64|1832|394|5.4|5.4|3|8
17.6|92.63|1832|394|5.4|5.4|3|8
17.7|92.6|1835|394|5.4|5.4|3|8
17.8|92.66|1835|394|5.4|5.4|3|8
17.9|92.59|1835|394|5.4|5.4|3|8
18|92.56|1835|394|5.4|5.4|3|8
18.1|92.6|1838|394|5.4|5.4|3|8
18.2|92.59|1838|394|5.4|5.4|3|8
18.3|92.62|1838|394|5.4|5.4|3|8
18.4|92.62|1838|394|5.4|5.4|3|8
18.5|92.56|1838|394|5.4|5.4|3|8
18.6|92.59|1838|394|5.4|5.4|3|8
18.7|92.6|1840|394|5.4|5.4|3|8
18.8|92.64|1840|394|5.4|5.4|3|8
18.9|92.6|1840|394|5.4|5.4|4|8
19|92.66|1840|394|5.4|5.4|4|8
19.1|92.9|1835|394|5.4|5.4|4|8
19.2|93.06|1832|394|5.4|5.4|4|8
19.3|94.04|1116|395|5.4|5.4|5|8
19.4|94.27|1067|394|5.4|5.4|5|8
19.5|94.36|1064|394|5.4|5.4|5|8
19.6|94.43|1064|394|5.4|5.4|5|8
19.7|94.41|1064|394|5.4|5.4|5|8
19.8|94.4|1062|394|5.4|5.5|5|8
19.9|94.43|1062|394|5.5|5.4|5|8
20|94.44|1059|394|5.5|5.5|5|8
20.1|94.45|1062|394|5.5|5.5|5|8
20.2|94.45|1062|394|5.5|5.5|5|8
20.3|94.47|1062|394|5.5|5.5|5|8
20.4|94.48|1059|394|5.5|5.5|5|8
20.5|94.48|1059|394|5.5|5.5|5|8
20.6|94.48|1062|394|5.5|5.5|5|8
20.7|94.45|1059|394|5.5|5.5|5|8
20.8|94.47|1059|394|5.5|5.5|5|8
20.9|94.47|1059|394|5.5|5.5|5|8
21|94.49|1059|394|5.5|5.5|5|8
21.1|94.49|1059|394|5.5|5.5|5|8
21.2|94.53|1059|394|5.5|5.5|5|8
21.3|94.49|1059|394|5.5|5.5|2|8
21.4|94.51|1059|394|5.5|5.5|2|8
21.5|94.13|1059|394|5.5|5.5|2|8
21.6|93.6|1080|394|5.5|5.5|2|8
21.7|93.09|1701|394|5.5|5.5|3|8
21.8|92.71|1809|394|5.5|5.5|3|8
21.9|92.58|1825|394|5.5|5.5|3|8
22|92.4|1832|394|5.5|5.5|3|8
22.1|92.43|1835|394|5.5|5.5|3|8
22.2|92.51|1838|394|5.5|5.5|3|8
22.3|92.39|1840|394|5.5|5.5|3|8
22.4|92.49|1840|394|5.5|5.5|3|8
22.5|92.48|1843|394|5.5|5.5|3|8
22.6|92.37|1845|394|5.5|5.5|3|8
22.7|92.48|1845|394|5.5|5.5|3|8
22.8|92.44|1845|394|5.5|5.5|3|8
22.9|92.41|1845|394|5.5|5.5|3|8
23|92.43|1845|394|5.5|5.5|3|8
23.1|92.48|1848|394|5.5|5.5|3|8
23.2|92.49|1848|394|5.5|5.5|3|8
23.3|92.37|1845|394|5.5|5.5|3|8
23.4|92.47|1848|394|5.5|5.5|3|8
23.5|92.44|1848|394|5.5|5.5|3|8
23.6|92.44|1851|394|5.5|5.5|3|8
23.7|92.47|1851|394|5.5|5.5|4|8
23.8|92.64|1848|394|5.5|5.5|4|8
23.9|92.76|1845|394|5.5|5.5|4|8
24|92.92|1840|394|5.5|5.5|4|8
24.1|93.84|1126|394|5.5|5.5|5|8
24.2|94.16|1070|394|5.5|5.5|5|8
24.3|94.24|1067|394|5.5|5.5|5|8
24.4|94.28|1067|394|5.5|5.5|5|8
24.5|94.33|1067|394|5.5|5.5|5|8
24.6|94.32|1064|394|5.5|5.5|5|8
24.7|94.35|1064|394|5.5|5.5|5|8
24.8|94.25|1062|394|5.5|5.5|5|8
24.9|94.25|1062|394|5.5|5.5|5|8
25|94.32|1062|394|5.5|5.5|5|8
25.1|94.29|1062|394|5.5|5.5|5|8
25.2|94.28|1062|394|5.5|5.5|5|8
25.3|94.33|1062|394|5.5|5.5|5|8
25.4|94.32|1062|394|5.5|5.5|5|8
25.5|94.37|1062|394|5.5|5.5|5|8
25.6|94.25|1062|394|5.5|5.5|5|8
25.7|94.35|1062|394|5.5|5.5|5|8
25.8|94.35|1062|394|5.5|5.5|5|8
25.9|94.32|1062|394|5.5|5.5|5|8
26|94.23|1062|394|5.5|5.5|5|8
26.1|94.33|1059|394|5.5|5.5|2|8
26.2|94.31|1062|394|5.5|5.5|2|8
26.3|94.17|1062|394|5.5|5.5|2|8
26.4|93.53|1062|394|5.5|5.5|2|8
26.5|92.98|1724|394|5.5|5.5|3|8
26.6|92.63|1814|394|5.5|5.5|3|8
26.7|92.37|1832|394|5.5|5.5|3|8
26.8|92.27|1840|394|5.5|5.5|3|8
26.9|92.36|1843|394|5.5|5.5|3|8
27|92.39|1845|394|5.5|5.5|3|8
27.1|92.32|1848|394|5.5|5.5|3|8
27.2|92.31|1851|394|5.5|5.5|3|8
27.3|92.37|1851|394|5.5|5.5|3|8
27.4|92.33|1853|394|5.5|5.5|3|8
27.5|92.33|1853|394|5.5|5.5|3|8
27.6|92.35|1853|394|5.5|5.5|3|8
27.7|92.31|1853|394|5.5|5.5|3|8
27.8|92.31|1856|394|5.5|5.5|3|8
27.9|92.37|1856|394|5.5|5.5|3|8
28|92.37|1856|394|5.5|5.5|3|8
28.1|92.31|1856|394|5.5|5.5|3|8
28.2|92.33|1856|394|5.5|5.5|3|8
28.3|92.36|1856|394|5.5|5.5|3|8
28.4|92.36|1856|394|5.5|5.5|3|8
28.5|92.33|1856|394|5.5|5.5|4|8
28.6|92.6|1856|394|5.5|5.5|4|8
28.7|92.75|1851|394|5.5|5.5|4|8
28.8|92.88|1845|394|5.5|5.5|4|8
28.9|93.78|1121|394|5.5|5.5|5|8
29|94.15|1070|394|5.5|5.5|5|8
29.1|94.23|1067|394|5.5|5.5|5|8
29.2|94.29|1067|394|5.5|5.5|5|8
29.3|94.31|1067|394|5.5|5.5|5|8
29.4|94.16|1064|394|5.5|5.5|5|8
29.5|94.25|1064|394|5.5|5.5|5|8
29.6|94.36|1064|394|5.5|5.5|5|8
29.7|94.19|1064|394|5.5|5.5|5|8
29.8|94.23|1064|394|5.5|5.5|5|8
29.9|94.2|1064|394|5.5|5.5|5|8
30|94.25|1062|394|5.5|5.5|5|8
30.1|94.24|1062|394|5.5|5.5|5|8
30.2|94.21|1062|394|5.5|5.5|5|8
30.3|94.2|1062|394|5.5|5.5|5|8
30.4|94.33|1062|394|5.5|5.5|5|8
30.5|94.24|1062|394|5.5|5.5|5|8
30.6|94.17|1062|394|5.5|5.5|5|8
30.7|94.33|1062|394|5.5|5.5|5|8
30.8|94.24|1062|394|5.5|5.5|5|8
30.9|94.2|1062|394|5.5|5.5|2|8
31|94.35|1059|394|5.5|5.5|2|8
31.1|94.12|1062|394|5.5|5.5|2|8
31.2|93.43|1062|394|5.5|5.5|2|8
31.3|92.87|1704|394|5.5|5.5|3|8
31.4|92.45|1822|394|5.5|5.5|3|8
31.5|92.29|1840|393|5.5|5.5|3|8
31.6|92.28|1845|393|5.5|5.5|3|8
31.7|92.2|1851|393|5.5|5.5|3|8
31.8|92.17|1853|393|5.5|5.5|3|8
31.9|92.25|1856|393|5.5|5.5|3|8
32|92.28|1861|393|5.5|5.5|3|8
32.1|92.2|1863|393|5.5|5.5|3|8
32.2|92.29|1863|393|5.5|5.5|3|8
32.3|92.24|1866|394|5.5|5.5|3|8
32.4|92.24|1866|394|5.5|5.5|3|8
32.5|92.27|1866|394|5.5|5.5|3|8
32.6|92.27|1869|394|5.5|5.5|3|8
32.7|92.25|1869|394|5.5|5.5|3|8
32.8|92.17|1869|393|5.5|5.5|3|8
32.9|92.19|1869|393|5.5|5.5|3|8
33|92.25|1869|393|5.5|5.5|3|8
33.1|92.24|1869|393|5.5|5.5|3|8
33.2|92.23|1869|393|5.5|5.5|3|8
33.3|92.2|1869|393|5.5|5.5|4|8
33.4|92.27|1871|394|5.5|5.5|4|8
33.5|92.68|1866|394|5.5|5.5|4|8
33.6|92.71|1863|393|5.5|5.5|4|8
33.7|93.54|1152|394|5.5|5.5|5|8
33.8|93.89|1072|394|5.5|5.5|5|8
33.9|94.05|1070|394|5.5|5.5|5|8
34|94.19|1070|394|5.5|5.5|5|8
34.1|94.12|1070|394|5.5|5.5|5|8
34.2|94.19|1067|394|5.5|5.5|5|8
34.3|94.16|1067|394|5.5|5.5|5|8
34.4|94.17|1067|393|5.5|5.5|5|8
34.5|94.16|1067|393|5.5|5.5|5|8
34.6|94.16|1067|393|5.5|5.5|5|8
34.7|94.09|1067|393|5.5|5.5|5|8
34.8|94.23|1067|393|5.5|5.5|5|8
34.9|94.16|1064|393|5.5|5.5|5|8
35|94.13|1064|393|5.5|5.5|5|8
35.1|94.12|1064|393|5.5|5.5|5|8
35.2|94.13|1064|393|5.5|5.5|5|8
35.3|94.16|1064|393|5.5|5.5|5|8
35.4|94.15|1064|393|5.5|5.5|5|8
35.5|94.16|1064|393|5.5|5.5|5|8
35.6|94.16|1064|393|5.5|5.5|5|8
35.7|94.13|1064|393|5.5|5.5|2|8
35.8|94.12|1064|393|5.5|5.5|2|8
35.9|94.1|1064|393|5.5|5.5|2|8
36|93.47|1064|393|5.5|5.5|2|8
36.1|92.83|1518|393|5.5|5.5|2|8
36.2|92.33|1825|393|5.5|5.5|3|8
36.3|92.21|1848|393|5.5|5.5|3|8
36.4|92.15|1858|393|5.5|5.5|3|8
36.5|92.09|1861|392|5.5|5.5|3|8
36.6|92.05|1866|392|5.5|5.5|3|8
36.7|92.02|1869|392|5.5|5.5|3|8
36.8|92.11|1869|392|5.5|5.5|3|8
36.9|92.13|1871|392|5.5|5.5|3|8
37|92.09|1874|392|5.5|5.5|3|8
37.1|92.07|1874|392|5.5|5.5|3|8
37.2|92.05|1874|392|5.5|5.5|3|8
37.3|92.04|1874|392|5.5|5.5|3|8
37.4|92.11|1876|392|5.5|5.5|3|8
37.5|92.12|1876|392|5.5|5.5|3|8
37.6|92.08|1876|392|5.5|5.5|3|8
37.7|92.07|1876|392|5.5|5.5|3|8
37.8|92.05|1876|392|5.5|5.5|3|8
37.9|92.09|1879|392|5.5|5.5|3|8
38|92.09|1879|392|5.5|5.5|3|8
38.1|92.08|1879|392|5.5|5.5|3|8
38.2|92.09|1879|392|5.5|5.5|4|8
38.3|92.35|1874|392|5.5|5.5|4|8
38.4|92.71|1858|392|5.5|5.5|4|8
38.5|93.31|1090|393|5.5|5.5|2|8
38.6|93.37|1072|393|5.5|5.5|2|8
38.7|93.46|1072|393|5.5|5.5|2|8
38.8|93.49|1070|393|5.5|5.5|2|8
38.9|93.42|1070|393|5.5|5.5|2|8
39|93.41|1070|393|5.5|5.5|2|8
39.1|93.38|1070|393|5.5|5.5|2|8
39.2|93.35|1067|392|5.5|5.5|2|8
39.3|93.41|1067|392|5.5|5.5|2|8
39.4|93.17|1067|392|5.5|5.5|2|8
39.5|93.07|1067|392|5.5|5.5|2|8
39.6|93.09|1093|392|5.5|5.5|2|8
39.7|92.94|1070|392|5.5|5.5|2|8
39.8|92.76|1077|392|5.5|5.5|2|8
39.9|92.76|1067|392|5.5|5.5|2|8
40|92.78|1206|392|5.5|5.5|2|8
40.1|92.74|1237|393|5.5|5.5|2|8
40.2|92.64|1260|394|5.5|5.5|2|8
40.3|92.53|1278|394|5.5|5.5|2|8
40.4|92.39|1165|394|5.5|5.5|2|8
40.5|92.44|1253|394|5.5|5.5|2|8
40.6|92.29|1268|394|5.5|5.5|2|8
40.7|92.27|1155|393|5.5|5.5|2|8
40.8|92.11|1067|393|5.5|5.5|2|8
40.9|92.2|1080|393|5.5|5.5|2|8
41|92.13|1173|394|5.5|5.5|2|8
41.1|91.97|1126|394|5.5|5.5|2|8
41.2|91.9|1219|394|5.5|5.5|2|8
41.3|91.81|1216|393|5.5|5.5|2|8
41.4|91.7|1178|394|5.5|5.5|2|8
41.5|91.64|1080|393|5.5|5.5|2|8
41.6|91.51|1204|393|5.5|5.5|2|8
41.7|91.53|1209|393|5.5|5.5|2|8
41.8|91.46|1289|394|5.5|5.5|2|8
41.9|91.37|1296|394|5.5|5.5|2|8
42|91.25|1361|394|5.5|5.5|2|8
42.1|91.19|1304|394|5.5|5.5|2|8
42.2|90.96|1523|394|5.5|5.5|2|8
42.3|91.14|1124|394|5.5|5.5|2|8
42.4|90.96|1402|393|5.5|5.5|2|8
42.5|91.13|1598|393|5.5|5.5|2|8
42.6|91.17|1492|394|5.5|5.5|2|8
42.7|91.23|1103|394|5.5|5.5|2|8
42.8|91.38|1070|392|5.5|5.5|2|8
42.9|91.33|1070|392|5.5|5.5|2|8
43|91.22|1067|392|5.5|5.5|2|8
43.1|91.11|1067|392|5.5|5.5|2|8
43.2|91.21|1077|392|5.5|5.5|2|8
43.3|90.96|1082|392|5.5|5.5|2|8
43.4|90.92|1067|392|5.5|5.5|2|8
43.5|90.96|1082|392|5.5|5.5|2|8
43.6|90.96|1216|392|5.5|5.5|2|8
43.7|90.79|1186|392|5.5|5.5|2|8
43.8|90.78|1276|392|5.5|5.5|2|8
43.9|90.64|1237|393|5.5|5.5|2|8
44|90.6|1149|392|5.5|5.5|2|8
44.1|90.58|1294|392|5.5|5.5|2|8
44.2|90.56|1436|394|5.5|5.5|2|8
44.3|90.41|1345|393|5.5|5.5|2|8
44.4|90.43|1072|392|5.5|5.5|2|8
44.5|90.4|1067|392|5.5|5.5|2|8
44.6|90.47|1067|392|5.5|5.5|2|8
44.7|90.39|1284|392|5.5|5.5|2|8
44.8|90.37|1332|392|5.5|5.5|2|8
44.9|90.24|1160|394|5.5|5.5|2|8
45|90.17|1253|393|5.5|5.5|2|8
45.1|90.11|1188|392|5.5|5.5|2|8
45.2|90.01|1165|392|5.5|5.5|2|8
45.3|89.94|1134|392|5.5|5.5|2|8
45.4|89.88|1103|392|5.5|5.5|2|8
45.5|89.78|1196|392|5.5|5.5|2|8
45.6|89.77|1268|392|5.5|5.5|2|8
45.7|89.76|1376|394|5.5|5.5|2|8
45.8|89.62|1232|394|5.5|5.5|2|8
45.9|89.56|1229|393|5.5|5.5|2|8
46|89.48|1211|393|5.5|5.5|2|8
46.1|89.42|1088|392|5.5|5.5|2|8
46.2|89.3|1180|392|5.5|5.5|2|8
46.3|89.21|1144|392|5.5|5.5|2|8
46.4|89.13|1160|392|5.5|5.5|2|8
46.5|89.17|1247|393|5.5|5.5|2|8
46.6|89.02|1235|393|5.5|5.5|2|8
46.7|88.78|1168|393|5.5|5.5|2|8
46.8|88.72|1070|392|5.5|5.5|2|8
46.9|88.83|1098|392|5.5|5.5|2|8
47|88.72|1289|392|5.5|5.5|2|8
47.1|88.62|1371|394|5.5|5.5|2|8
47.2|88.51|1304|392|5.5|5.5|2|8
47.3|88.35|1273|392|5.5|5.5|2|8
47.4|88.31|1317|392|5.5|5.5|2|8
47.5|88.2|1237|392|5.5|5.5|2|8
47.6|88.05|1286|392|5.5|5.5|2|8
47.7|88.05|1204|392|5.5|5.5|2|8
47.8|87.93|1134|392|5.5|5.5|2|8
47.9|87.77|1258|392|5.5|5.5|2|8
48|87.65|1119|392|5.5|5.5|2|8
48.1|87.6|1157|392|5.5|5.5|2|8
48.2|87.45|1216|392|5.5|5.5|2|8
48.3|87.34|1157|392|5.5|5.5|2|8
48.4|87.23|1180|392|5.5|5.5|2|8
48.5|87.17|1137|392|5.5|5.5|2|8
48.6|87.02|1245|392|5.5|5.5|2|8
48.7|86.91|1281|393|5.5|5.5|2|8
48.8|86.78|1147|392|5.5|5.5|2|8
48.9|86.68|1222|392|5.5|5.5|2|8
49|86.58|1255|392|5.5|5.5|2|8
49.1|86.47|1198|392|5.5|5.5|2|8
49.2|86.29|1278|392|5.5|5.5|2|8
49.3|86.16|1235|392|5.5|5.5|2|8
49.4|86.03|1235|392|5.5|5.5|2|8
49.5|85.95|1129|392|5.5|5.5|2|8
49.6|85.77|1276|392|5.5|5.5|2|8
49.7|85.52|1137|392|5.5|5.5|2|8
49.8|85.53|1229|393|5.5|5.5|2|8
49.9|85.3|1235|392|5.5|5.5|2|8
50|85.21|1178|392|5.5|5.5|2|8
50.1|84.99|1320|392|5.5|5.5|2|8
50.2|84.85|1253|392|5.5|5.5|2|8
50.3|84.7|1232|392|5.5|5.5|2|8
50.4|84.5|1209|392|5.5|5.5|2|8
50.5|84.36|1183|392|5.5|5.5|2|8
50.6|84.24|1144|392|5.5|5.5|2|8
50.7|84.12|1289|392|5.5|5.5|2|8
50.8|83.91|1299|392|5.5|5.5|2|8
50.9|83.74|1495|392|5.5|5.5|2|8
51|83.6|1314|392|5.5|5.5|2|8
51.1|83.33|1258|392|5.5|5.5|2|8
51.2|83.14|1224|392|5.5|5.5|2|8
51.3|82.99|1216|392|5.5|5.5|2|8
51.4|82.77|1250|392|5.5|5.5|2|8
51.5|82.68|1392|392|5.5|5.5|2|8
51.6|82.47|1183|391|5.5|5.5|6|8
51.7|81.01|1892|390|5.5|5.5|6|8
51.8|77.83|1951|390|5.5|5.5|6|8
51.9|74.36|70|390|5.5|5.5|7|8
52|72.46|0|390|5.5|5.5|7|8
52.1|71.85|0|390|5.5|5.5|7|8
52.2|71.67|0|389|5.5|5.5|7|8
52.3|71.47|0|389|5.5|5.5|7|8
52.4|71.43|0|389|5.5|5.5|7|8
52.5|71.57|0|389|5.5|5.5|7|8
52.6|71.49|0|389|5.5|5.5|7|8
52.7|71.4|0|389|5.5|5.5|7|8
52.8|71.52|0|389|5.5|5.5|7|8
52.9|71.51|0|389|5.5|5.5|7|8
53|71.44|0|389|5.5|5.5|7|8
53.1|71.53|0|389|5.5|5.5|7|8
53.2|71.49|0|389|5.5|5.5|7|8
53.3|71.41|0|389|5.5|5.5|7|8
53.4|71.51|0|389|5.5|5.5|7|8
53.5|71.56|0|389|5.5|5.5|7|8
53.6|71.43|0|389|5.5|5.5|7|8
53.7|71.49|0|389|5.5|5.5|7|8
53.8|71.59|0|389|5.5|5.5|7|8
53.9|71.43|0|389|5.5|5.5|7|8
54|71.49|0|389|5.5|5.5|7|8
54.1|71.6|0|389|5.5|5.5|7|8
54.2|71.44|0|389|5.5|5.5|7|8
54.3|71.47|0|389|5.5|5.5|7|8
54.4|71.48|0|389|5.5|5.5|7|8
54.5|71.49|0|389|5.5|5.5|7|8
54.6|71.52|0|389|5.5|5.5|7|8
54.7|71.43|0|389|5.5|5.5|7|8
54.8|71.51|0|389|5.5|5.5|7|8
54.9|71.51|0|389|5.5|5.5|7|8
55|71.44|0|388|5.5|5.5|7|8
55.1|71.49|0|389|5.5|5.5|7|8
55.2|71.52|0|388|5.5|5.5|7|8
55.3|71.44|0|388|5.5|5.5|7|8
55.4|71.51|0|388|5.5|5.5|7|8
55.5|71.51|0|388|5.5|5.5|7|8
55.6|71.44|0|388|5.5|5.5|7|8
55.7|71.48|0|388|5.5|5.5|7|8
55.8|71.49|0|388|5.5|5.5|7|8
55.9|71.49|0|388|5.5|5.5|7|8
56|71.45|0|388|5.5|5.5|7|8
56.1|71.48|0|388|5.5|5.5|7|8
56.2|71.57|0|388|5.5|5.5|7|8
56.3|71.44|0|388|5.5|5.5|7|8
56.4|71.47|0|388|5.5|5.5|7|8
56.5|71.56|0|388|5.5|5.5|7|8
56.6|71.45|0|388|5.5|5.5|7|8
56.7|71.4|0|388|5.5|5.5|7|8
56.8|71.55|0|388|5.5|5.5|7|8
56.9|71.48|0|388|5.5|5.5|7|8
57|71.48|0|388|5.5|5.5|7|8
57.1|71.44|0|388|5.5|5.5|7|8
57.2|71.49|0|388|5.5|5.5|7|8
57.3|71.49|0|388|5.5|5.5|7|8
57.4|71.44|0|388|5.5|5.5|7|8
57.5|71.43|0|388|5.5|5.5|7|8
57.6|71.59|0|388|5.5|5.5|7|8
57.7|71.45|0|388|5.5|5.5|7|8
57.8|71.44|0|388|5.5|5.5|7|8
57.9|71.51|0|388|5.5|5.5|7|8
58|71.47|0|388|5.5|5.5|7|8
58.1|71.45|0|388|5.5|5.5|7|8
58.2|71.44|0|388|5.5|5.5|7|8
58.3|71.56|0|388|5.5|5.5|7|8
58.4|71.45|0|388|5.5|5.5|7|8
58.5|71.44|0|388|5.5|5.5|7|8
58.6|71.49|0|388|5.5|5.5|7|8
58.7|71.48|0|388|5.5|5.5|7|8
58.8|71.48|0|388|5.5|5.5|7|8
58.9|71.48|0|388|5.5|5.5|7|8
59|71.47|0|388|5.5|5.5|7|8
59.1|71.47|0|388|5.5|5.5|7|8
59.2|71.48|0|388|5.5|5.5|7|8
59.3|71.48|0|388|5.5|5.5|7|8
59.4|71.45|0|388|5.5|5.5|7|8
59.5|71.47|0|388|5.5|5.5|7|8
59.6|71.47|0|388|5.5|5.5|7|8
59.7|71.41|0|388|5.5|5.5|7|8
59.8|71.55|0|388|5.5|5.5|7|8
59.9|71.45|0|388|5.5|5.5|7|8
60|71.45|0|388|5.5|5.5|7|8
60.1|71.45|0|388|5.5|5.5|7|8
60.2|71.48|0|388|5.5|5.5|7|8
60.3|71.49|0|388|5.5|5.5|7|8
60.4|71.47|0|388|5.5|5.5|7|8
60.5|71.47|0|388|5.5|5.5|7|8
60.6|71.44|0|388|5.5|5.5|7|8
60.7|71.41|0|388|5.5|5.5|7|8
60.8|71.52|0|388|5.5|5.5|7|8
60.9|71.47|0|388|5.5|5.5|7|8
61|71.45|0|388|5.5|5.5|7|8
61.1|71.47|0|388|5.5|5.5|7|8
61.2|71.44|0|388|5.5|5.5|7|8
61.3|71.49|0|388|5.5|5.5|7|8
61.4|71.48|0|388|5.5|5.5|7|8
61.5|71.45|0|388|5.5|5.5|7|8
61.6|71.45|0|388|5.5|5.5|7|8
61.7|71.47|0|388|5.5|5.5|7|8
61.8|71.48|0|388|5.5|5.5|7|8
61.9|71.47|0|388|5.5|5.5|7|8
62|71.47|0|388|5.5|5.5|7|8
62.1|71.47|0|388|5.5|5.5|7|8
62.2|71.48|0|388|5.5|5.5|7|8
62.3|71.47|0|388|5.5|5.5|7|8
62.4|71.45|0|388|5.5|5.5|7|8
62.5|71.45|0|388|5.5|5.5|7|8
62.6|71.48|0|388|5.5|5.5|7|8
62.7|71.47|0|388|5.5|5.5|7|8
62.8|71.45|0|388|5.5|5.5|7|8
62.9|71.47|0|388|5.5|5.5|7|8
63|71.47|0|388|5.5|5.5|7|8
63.1|71.48|0|388|5.5|5.5|7|8
63.2|71.45|0|388|5.5|5.5|7|8
63.3|71.45|0|388|5.5|5.5|7|8
63.4|71.47|0|388|5.5|5.5|7|8
63.5|71.45|0|388|5.5|5.5|7|8
63.6|71.45|0|388|5.5|5.5|7|8
63.7|71.47|0|388|5.5|5.5|7|8
63.8|71.48|0|388|5.5|5.5|7|8
63.9|71.45|0|388|5.5|5.5|7|8
64|71.45|0|388|5.5|5.5|7|8
64.1|71.45|0|388|5.5|5.5|7|8
64.2|71.47|0|388|5.5|5.5|7|8
64.3|71.47|0|388|5.5|5.5|7|8
64.4|71.44|0|388|5.5|5.5|7|8
64.5|71.45|0|388|5.5|5.5|7|8
64.6|71.4|0|388|5.5|5.5|7|8
64.7|71.51|0|388|5.5|5.5|7|8
64.8|71.45|0|388|5.5|5.5|7|8
64.9|71.47|0|388|5.5|5.5|8|8
65|71.36|0|388|5.5|5.5|8|8
65.1|71.34|0|388|5.5|5.5|8|8
65.2|71.34|0|388|5.5|5.5|8|8
65.3|71.33|0|388|5.4|5.4|8|8
65.4|71.32|0|388|5.4|5.4|8|8
65.5|71.32|0|388|5.4|5.4|8|8
65.6|71.3|0|388|5.4|5.4|8|8
65.7|71.32|0|388|5.4|5.4|8|8
65.8|71.32|0|388|5.4|5.4|8|8
65.9|71.33|0|388|5.4|5.4|8|8
66|71.43|0|388|5.4|5.4|8|8
66.1|71.45|0|388|5.4|5.4|8|8
66.2|71.45|0|388|5.4|5.4|8|8
66.3|71.45|0|388|5.4|5.4|8|8
66.4|71.45|0|388|5.4|5.4|8|8
66.5|71.45|0|388|5.4|5.4|8|8
66.6|71.45|0|388|5.4|5.4|8|8
66.7|71.45|0|388|5.4|5.4|8|8
66.8|71.45|0|388|5.4|5.4|8|8
66.9|72.9|0|388|5.4|5.4|8|8
67|76.4|0|388|5.4|5.4|8|8
67.1|79.95|0|388|5.4|5.4|8|8
67.2|83.45|0|388|5.4|5.4|8|8
67.3|86.82|0|388|5.4|5.4|8|8
67.4|90.27|0|388|5.4|5.4|8|8
67.5|93.62|0|388|5.4|5.4|8|8
67.6|95.23|0|388|5.4|5.4|8|8
