0|95.97|1307|412|5.1|5.1|1|8
0.1|96|1438|415|5.1|5.1|1|8
0.2|95.96|1067|415|5.1|5.1|1|8
0.3|96|1057|414|5.1|5.1|1|8
0.4|96.02|1057|414|5.1|5.1|1|8
0.5|95.97|1101|414|5.1|5.1|2|8
0.6|95.72|1209|416|5.1|5.1|2|8
0.7|95.29|1634|416|5.1|5.1|3|8
0.8|95.1|1688|417|5.1|5.1|3|8
0.9|94.88|1711|418|5.1|5.1|3|8
1|94.83|1722|418|5.1|5.1|3|8
1.1|94.78|1729|418|5.1|5.1|3|8
1.2|94.79|1732|418|5.1|5.1|3|8
1.3|94.76|1737|418|5.1|5.1|3|8
1.4|94.76|1737|418|5.1|5.1|3|8
1.5|94.79|1740|418|5.1|5.1|3|8
1.6|94.8|1740|418|5.2|5.1|3|8
1.7|94.76|1742|418|5.2|5.1|3|8
1.8|94.8|1742|418|5.2|5.2|3|8
1.9|94.78|1745|418|5.2|5.2|3|8
2|94.79|1745|418|5.2|5.2|3|8
2.1|94.79|1750|418|5.2|5.2|3|8
2.2|94.79|1755|418|5.2|5.2|3|8
2.3|94.79|1755|418|5.2|5.2|3|8
2.4|94.8|1755|418|5.2|5.2|3|8
2.5|94.79|1758|418|5.2|5.2|3|8
2.6|94.79|1758|417|5.2|5.2|3|8
2.7|94.79|1760|418|5.2|5.2|4|8
2.8|94.88|1753|418|5.2|5.2|4|8
2.9|95.25|1716|418|5.2|5.2|4|8
3|95.76|1575|418|5.2|5.2|4|8
3.1|96.17|1090|416|5.2|5.2|5|8
3.2|96.47|1075|414|5.2|5.2|5|8
3.3|96.44|1075|414|5.2|5.2|5|8
3.4|96.61|1075|414|5.2|5.2|5|8
3.5|96.56|1075|414|5.2|5.2|5|8
3.6|96.56|1072|414|5.2|5.2|5|8
3.7|96.57|1072|414|5.2|5.2|5|8
3.8|96.56|1072|414|5.2|5.2|5|8
3.9|96.57|1072|414|5.2|5.2|5|8
4|96.57|1072|414|5.2|5.2|5|8
4.1|96.56|1072|414|5.2|5.2|5|8
4.2|96.59|1072|414|5.2|5.2|5|8
4.3|96.59|1072|414|5.2|5.2|5|8
4.4|96.56|1072|414|5.2|5.2|5|8
4.5|96.56|1072|414|5.2|5.2|5|8
4.6|96.57|1072|414|5.2|5.2|5|8
4.7|96.56|1072|414|5.2|5.2|5|8
4.8|96.59|1072|414|5.2|5.2|5|8
4.9|96.56|1075|414|5.2|5.2|5|8
5|96.56|1075|414|5.2|5.2|5|8
5.1|96.56|1075|414|5.2|5.2|2|8
5.2|96.32|1075|414|5.2|5.2|2|8
5.3|95.97|1075|414|5.2|5.2|2|8
5.4|95.5|1134|414|5.2|5.2|2|8
5.5|95.08|1624|415|5.2|5.2|3|8
5.6|94.71|1727|416|5.2|5.2|3|8
5.7|94.67|1760|417|5.2|5.2|3|8
5.8|94.55|1776|417|5.2|5.2|3|8
5.9|94.55|1781|417|5.2|5.2|3|8
6|94.47|1784|417|5.2|5.2|3|8
6.1|94.41|1786|417|5.2|5.2|3|8
6.2|94.47|1789|417|5.2|5.2|3|8
6.3|94.47|1789|417|5.3|5.2|3|8
6.4|94.43|1791|417|5.3|5.3|3|8
6.5|94.41|1791|417|5.3|5.3|3|8
6.6|94.43|1794|417|5.3|5.3|3|8
6.7|94.44|1794|417|5.3|5.3|3|8
6.8|94.45|1794|417|5.3|5.3|3|8
6.9|94.47|1796|417|5.3|5.3|3|8
7|94.44|1796|417|5.3|5.3|3|8
7.1|94.43|1799|417|5.3|5.3|3|8
7.2|94.45|1799|417|5.3|5.3|3|8
7.3|94.45|1799|417|5.3|5.3|3|8
7.4|94.43|1799|417|5.3|5.3|3|8
7.5|94.44|1802|417|5.3|5.3|4|8
7.6|94.49|1802|417|5.3|5.3|4|8
7.7|94.8|1773|417|5.3|5.3|4|8
7.8|95.3|1686|417|5.3|5.3|4|8
7.9|95.78|1116|416|5.3|5.3|5|8
8|96.04|1090|414|5.3|5.3|5|8
8.1|96.08|1088|414|5.3|5.3|5|8
8.2|96.13|1088|414|5.3|5.3|5|8
8.3|96.19|1088|414|5.3|5.3|5|8
8.4|96.23|1088|414|5.3|5.3|5|8
8.5|96.16|1088|414|5.3|5.3|5|8
8.6|96.14|1085|413|5.3|5.3|5|8
8.7|96.17|1088|413|5.3|5.3|5|8
8.8|96.23|1085|414|5.3|5.3|5|8
8.9|96.17|1088|414|5.3|5.3|5|8
9|96.14|1088|414|5.3|5.3|5|8
9.1|96.16|1088|414|5.3|5.3|5|8
9.2|96.16|1088|414|5.3|5.3|5|8
9.3|96.17|1088|414|5.3|5.3|5|8
9.4|96.17|1088|414|5.3|5.3|5|8
9.5|96.17|1088|413|5.3|5.3|5|8
9.6|96.2|1088|413|5.3|5.3|5|8
9.7|96.14|1088|413|5.3|5.3|5|8
9.8|96.16|1088|414|5.3|5.3|5|8
9.9|96.19|1088|414|5.3|5.3|2|8
10|96.02|1088|414|5.3|5.3|2|8
10.1|95.61|1088|413|5.3|5.3|2|8
10.2|95.18|1170|413|5.3|5.3|2|8
10.3|94.75|1649|414|5.3|5.3|3|8
10.4|94.49|1778|416|5.3|5.3|3|8
10.5|94.37|1799|416|5.3|5.3|3|8
10.6|94.21|1822|408|5.3|5.3|3|8
10.7|94.24|1830|400|5.3|5.3|3|8
10.8|94.23|1832|398|5.3|5.3|3|8
10.9|94.16|1835|396|5.3|5.3|3|8
11|94.13|1838|396|5.3|5.3|3|8
11.1|94.15|1840|396|5.3|5.3|3|8
11.2|94.17|1840|396|5.3|5.3|3|8
11.3|94.15|1840|396|5.3|5.3|3|8
11.4|94.15|1843|396|5.4|5.3|3|8
11.5|94.15|1843|396|5.4|5.3|3|8
11.6|94.16|1843|396|5.4|5.4|3|8
11.7|94.16|1845|396|5.4|5.4|3|8
11.8|94.13|1845|396|5.4|5.4|3|8
11.9|94.16|1845|396|5.4|5.4|3|8
12|94.15|1848|396|5.4|5.4|3|8
12.1|94.15|1848|396|5.4|5.4|3|8
12.2|94.13|1848|396|5.4|5.4|3|8
12.3|94.15|1851|396|5.4|5.4|4|8
12.4|94.19|1848|396|5.4|5.4|4|8
12.5|94.52|1827|396|5.4|5.4|4|8
12.6|95.06|1629|396|5.4|5.4|4|8
12.7|95.46|1113|396|5.4|5.4|5|8
12.8|95.69|1103|396|5.4|5.4|5|8
12.9|95.73|1101|396|5.4|5.4|5|8
13|95.78|1101|396|5.4|5.4|5|8
13.1|95.8|1101|396|5.4|5.4|5|8
13.2|95.8|1101|396|5.4|5.4|5|8
13.3|95.82|1101|396|5.4|5.4|5|8
13.4|95.84|1101|396|5.4|5.4|5|8
13.5|95.82|1101|396|5.4|5.4|5|8
13.6|95.8|1101|395|5.4|5.4|5|8
13.7|95.8|1101|396|5.4|5.4|5|8
13.8|95.86|1101|396|5.4|5.4|5|8
13.9|95.82|1101|396|5.4|5.4|5|8
14|95.78|1101|396|5.4|5.4|5|8
14.1|95.82|1101|396|5.4|5.4|5|8
14.2|95.82|1101|396|5.4|5.4|5|8
14.3|95.85|1101|396|5.4|5.4|5|8
14.4|95.82|1101|396|5.4|5.4|5|8
14.5|95.8|1098|396|5.4|5.4|5|8
14.6|95.82|1101|396|5.4|5.4|5|8
14.7|95.84|1101|396|5.4|5.4|2|8
14.8|95.59|1101|396|5.4|5.4|2|8
14.9|95.19|1098|396|5.4|5.4|2|8
15|94.74|1214|396|5.4|5.4|2|8
15.1|94.4|1771|396|5.4|5.4|3|8
15.2|94.1|1832|396|5.4|5.4|3|8
15.3|93.93|1843|396|5.4|5.4|3|8
15.4|93.94|1848|396|5.4|5.4|3|8
15.5|93.96|1853|396|5.4|5.4|3|8
15.6|93.88|1856|396|5.4|5.4|3|8
15.7|93.93|1856|396|5.4|5.4|3|8
15.8|93.82|1858|396|5.4|5.4|3|8
15.9|93.86|1858|396|5.4|5.4|3|8
16|93.88|1858|396|5.4|5.4|3|8
16.1|93.84|1861|396|5.4|5.4|3|8
16.2|93.86|1861|396|5.4|5.4|3|8
16.3|93.88|1861|396|5.4|5.4|3|8
16.4|93.89|1861|396|5.4|5.4|3|8
16.5|93.88|1863|396|5.4|5.4|3|8
16.6|93.88|1863|396|5.4|5.4|3|8
16.7|93.84|1863|396|5.4|5.4|3|8
16.8|93.85|1863|396|5.4|5.4|3|8
16.9|93.89|1863|396|5.4|5.4|3|8
17|93.84|1863|396|5.4|5.4|3|8
17.1|93.86|1863|396|5.4|5.4|4|8
17.2|93.97|1863|396|5.4|5.4|4|8
17.3|94.36|1827|396|5.4|5.4|4|8
17.4|94.88|1302|396|5.4|5.4|5|8
17.5|95.26|1113|396|5.4|5.4|5|8
17.6|95.39|1111|396|5.4|5.4|5|8
17.7|95.42|1108|396|5.4|5.4|5|8
17.8|95.49|1108|396|5.4|5.4|5|8
17.9|95.5|1106|396|5.4|5.4|5|8
18|95.53|1106|396|5.4|5.4|5|8
18.1|95.55|1106|395|5.4|5.4|5|8
18.2|95.54|1106|396|5.4|5.4|5|8
18.3|95.49|1106|395|5.4|5.4|5|8
18.4|95.5|1103|395|5.4|5.4|5|8
18.5|95.49|1103|395|5.4|5.4|5|8
18.6|95.51|1103|395|5.4|5.4|5|8
18.7|95.53|1103|395|5.4|5.4|5|8
18.8|95.59|1103|395|5.4|5.4|5|8
18.9|95.53|1103|395|5.4|5.4|5|8
19|95.51|1103|395|5.4|5.4|5|8
19.1|95.49|1101|395|5.4|5.4|5|8
19.2|95.49|1103|395|5.4|5.4|5|8
19.3|95.5|1103|395|5.4|5.4|5|8
19.4|95.54|1103|395|5.4|5.4|2|8
19.5|95.5|1103|395|5.4|5.4|2|8
19.6|95.21|1103|395|5.4|5.4|2|8
19.7|94.75|1106|395|5.4|5.4|2|8
19.8|94.32|1570|396|5.4|5.4|2|8
19.9|93.96|1825|396|5.4|5.4|3|8
20|93.89|1851|396|5.4|5.4|3|8
20.1|93.69|1861|396|5.4|5.4|3|8
20.2|93.69|1866|396|5.4|5.4|3|8
20.3|93.66|1871|396|5.4|5.4|3|8
20.4|93.57|1874|396|5.4|5.4|3|8
20.5|93.57|1874|396|5.4|5.4|3|8
20.6|93.64|1876|396|5.4|5.4|3|8
20.7|93.66|1876|396|5.4|5.4|3|8
20.8|93.65|1879|396|5.4|5.4|3|8
20.9|93.61|1879|396|5.4|5.4|3|8
21|93.61|1879|396|5.4|5.4|3|8
21.1|93.58|1879|396|5.4|5.4|3|8
21.2|93.61|1881|396|5.4|5.4|3|8
21.3|93.62|1881|396|5.4|5.4|3|8
21.4|93.62|1881|396|5.4|5.4|3|8
21.5|93.65|1884|396|5.4|5.4|3|8
21.6|93.66|1884|396|5.4|5.4|3|8
21.7|93.54|1887|396|5.4|5.4|3|8
21.8|93.57|1887|396|5.4|5.4|3|8
21.9|93.61|1887|396|5.4|5.4|4|8
22|93.85|1881|396|5.4|5.4|4|8
22.1|94.32|1794|396|5.4|5.4|4|8
22.2|94.86|1183|396|5.4|5.4|5|8
22.3|95.14|1116|396|5.4|5.4|5|8
22.4|95.25|1113|396|5.4|5.4|5|8
22.5|95.35|1111|395|5.4|5.4|5|8
22.6|95.37|1111|395|5.4|5.4|5|8
22.7|95.37|1108|395|5.4|5.4|5|8
22.8|95.37|1108|395|5.4|5.4|5|8
22.9|95.37|1108|395|5.4|5.4|5|8
23|95.38|1106|395|5.4|5.4|5|8
23.1|95.37|1106|395|5.4|5.4|5|8
23.2|95.37|1106|395|5.4|5.4|5|8
23.3|95.37|1106|396|5.4|5.4|5|8
23.4|95.37|1106|396|5.4|5.4|5|8
23.5|95.37|1106|396|5.4|5.4|5|8
23.6|95.37|1106|396|5.4|5.4|5|8
23.7|95.35|1106|395|5.4|5.4|5|8
23.8|95.39|1106|395|5.4|5.4|5|8
23.9|95.38|1106|396|5.4|5.4|5|8
24|95.37|1106|396|5.4|5.4|5|8
24.1|95.38|1106|396|5.4|5.4|5|8
24.2|95.35|1106|396|5.4|5.4|2|8
24.3|95.25|1106|396|5.4|5.4|2|8
24.4|94.94|1106|395|5.4|5.4|2|8
24.5|94.53|1108|395|5.4|5.4|2|8
24.6|94.02|1668|396|5.4|5.4|3|8
24.7|93.81|1845|396|5.4|5.4|3|8
24.8|93.61|1866|396|5.4|5.4|3|8
24.9|93.6|1876|396|5.4|5.4|3|8
25|93.57|1884|396|5.4|5.4|3|8
25.1|93.45|1887|396|5.4|5.4|3|8
25.2|93.49|1889|395|5.4|5.4|3|8
25.3|93.5|1889|395|5.4|5.4|3|8
25.4|93.45|1892|395|5.4|5.4|3|8
25.5|93.49|1892|395|5.4|5.4|3|8
25.6|93.49|1894|395|5.4|5.4|3|8
25.7|93.46|1894|396|5.4|5.4|3|8
25.8|93.46|1897|396|5.4|5.4|3|8
25.9|93.46|1897|396|5.4|5.4|3|8
26|93.45|1897|395|5.4|5.4|3|8
26.1|93.49|1897|395|5.4|5.4|3|8
26.2|93.45|1897|395|5.4|5.4|3|8
26.3|93.46|1897|395|5.4|5.4|3|8
26.4|93.46|1899|395|5.4|5.4|3|8
26.5|93.45|1899|395|5.4|5.4|3|8
26.6|93.47|1899|395|5.4|5.4|4|8
26.7|93.51|1899|395|5.4|5.4|4|8
26.8|93.78|1892|395|5.4|5.4|4|8
26.9|94.29|1740|396|5.4|5.4|4|8
27|94.71|1129|396|5.4|5.4|5|8
27.1|94.91|1116|396|5.4|5.4|5|8
27.2|95.03|1113|396|5.4|5.4|5|8
27.3|95.12|1113|396|5.4|5.4|5|8
27.4|95|1111|395|5.4|5.4|5|8
27.5|95.11|1111|395|5.4|5.4|5|8
27.6|95.03|1108|395|5.4|5.4|5|8
27.7|95.08|1108|395|5.4|5.4|5|8
27.8|95.07|1108|395|5.4|5.4|5|8
27.9|95.06|1108|395|5.4|5.4|5|8
28|95.11|1106|395|5.4|5.4|5|8
28.1|95.02|1106|395|5.4|5.4|5|8
28.2|95.1|1106|395|5.4|5.4|5|8
28.3|95.03|1106|395|5.4|5.4|5|8
28.4|95.07|1106|395|5.4|5.4|5|8
28.5|95.14|1106|395|5.4|5.4|5|8
28.6|95.02|1106|395|5.4|5.4|5|8
28.7|95.07|1106|395|5.4|5.4|5|8
28.8|95.07|1106|395|5.4|5.4|5|8
28.9|95.08|1106|395|5.4|5.4|5|8
29|95.03|1106|395|5.4|5.4|2|8
29.1|94.82|1106|395|5.4|5.4|2|8
29.2|94.45|1103|395|5.4|5.4|2|8
29.3|93.98|1595|396|5.4|5.4|3|8
29.4|93.68|1843|396|5.4|5.4|3|8
29.5|93.57|1871|396|5.4|5.4|3|8
29.6|93.42|1887|396|5.4|5.4|3|8
29.7|93.45|1892|396|5.4|5.4|3|8
29.8|93.37|1897|396|5.4|5.4|3|8
29.9|93.38|1899|396|5.4|5.4|3|8
30|93.37|1905|396|5.4|5.4|3|8
30.1|93.31|1905|396|5.4|5.4|3|8
30.2|93.34|1907|396|5.4|5.4|3|8
30.3|93.39|1907|396|5.4|5.4|3|8
30.4|93.33|1907|396|5.4|5.4|3|8
30.5|93.39|1910|396|5.4|5.4|3|8
30.6|93.34|1910|396|5.4|5.4|3|8
30.7|93.37|1910|396|5.4|5.4|3|8
30.8|93.35|1912|396|5.4|5.4|3|8
30.9|93.34|1912|396|5.4|5.4|3|8
31|93.38|1912|396|5.4|5.4|3|8
31.1|93.31|1912|396|5.4|5.4|3|8
31.2|93.38|1912|396|5.4|5.4|3|8
31.3|93.31|1912|396|5.4|5.4|4|8
31.4|93.39|1915|396|5.4|5.4|4|8
31.5|93.68|1910|396|5.4|5.4|4|8
31.6|94.16|1791|396|5.4|5.4|4|8
31.7|94.64|1131|396|5.4|5.4|5|8
31.8|94.79|1116|396|5.4|5.4|5|8
31.9|94.98|1113|396|5.4|5.4|5|8
32|95.03|1111|396|5.4|5.4|5|8
32.1|94.95|1111|396|5.4|5.4|5|8
32.2|94.99|1111|396|5.4|5.4|5|8
32.3|94.95|1108|396|5.4|5.4|5|8
32.4|94.95|1108|396|5.4|5.4|5|8
32.5|94.98|1106|396|5.4|5.4|5|8
32.6|94.95|1106|396|5.4|5.4|5|8
32.7|95|1106|396|5.4|5.4|5|8
32.8|94.91|1106|396|5.4|5.4|5|8
32.9|94.98|1106|396|5.4|5.4|5|8
33|94.98|1103|396|5.4|5.4|5|8
33.1|94.95|1106|396|5.4|5.4|5|8
33.2|95|1106|396|5.4|5.4|5|8
33.3|94.98|1106|396|5.4|5.4|5|8
33.4|94.94|1106|396|5.4|5.4|5|8
33.5|94.96|1103|396|5.4|5.4|5|8
33.6|94.96|1103|396|5.4|5.4|5|8
33.7|94.96|1103|396|5.4|5.4|2|8
33.8|94.75|1103|396|5.4|5.4|2|8
33.9|94.4|1103|396|5.4|5.4|2|8
34|93.9|1495|396|5.4|5.4|2|8
34.1|93.6|1851|396|5.4|5.4|3|8
34.2|93.43|1884|396|5.4|5.4|3|8
34.3|93.34|1897|396|5.4|5.4|3|8
34.4|93.27|1905|396|5.4|5.4|3|8
34.5|93.19|1907|396|5.4|5.4|3|8
34.6|93.33|1910|396|5.4|5.4|3|8
34.7|93.22|1912|396|5.4|5.4|3|8
34.8|93.31|1915|396|5.4|5.4|3|8
34.9|93.23|1915|396|5.4|5.4|3|8
35|93.33|1918|396|5.4|5.4|3|8
35.1|93.23|1918|396|5.4|5.4|3|8
35.2|93.23|1918|396|5.4|5.4|3|8
35.3|93.22|1918|396|5.4|5.4|3|8
35.4|93.23|1920|396|5.4|5.4|3|8
35.5|93.26|1920|396|5.4|5.4|3|8
35.6|93.21|1920|396|5.4|5.4|3|8
35.7|93.3|1920|396|5.4|5.4|3|8
35.8|93.26|1923|396|5.4|5.4|3|8
35.9|93.25|1920|396|5.4|5.4|3|8
36|93.21|1923|396|5.4|5.4|3|8
36.1|93.33|1923|396|5.4|5.4|4|8
36.2|93.54|1918|396|5.4|5.4|4|8
36.3|94|1740|396|5.4|5.4|4|8
36.4|94.41|1129|396|5.4|5.4|2|8
36.5|94.47|1113|396|5.4|5.4|2|8
36.6|94.49|1111|396|5.4|5.4|2|8
36.7|94.47|1111|396|5.4|5.4|2|8
36.8|94.37|1108|396|5.4|5.4|2|8
36.9|94.39|1108|396|5.4|5.4|2|8
37|94.25|1108|396|5.4|5.4|2|8
37.1|94.21|1108|396|5.4|5.4|2|8
37.2|94.17|1106|396|5.4|5.4|2|8
37.3|94.04|1106|396|5.4|5.4|2|8
37.4|94.04|1106|396|5.4|5.4|2|8
37.5|93.94|1119|396|5.4|5.4|2|8
37.6|93.96|1131|396|5.4|5.4|2|8
37.7|93.85|1227|396|5.4|5.4|2|8
37.8|93.89|1268|396|5.4|5.4|2|8
37.9|93.62|1729|396|5.4|5.4|2|8
38|93.78|1778|396|5.4|5.4|2|8
38.1|93.86|1773|396|5.4|5.4|2|8
38.2|94.19|1211|396|5.4|5.4|2|8
38.3|94.17|1111|396|5.4|5.4|2|8
38.4|94.29|1106|396|5.4|5.4|2|8
38.5|94.24|1103|396|5.4|5.4|2|8
38.6|94.28|1103|396|5.4|5.4|2|8
38.7|94.06|1103|396|5.4|5.4|2|8
38.8|94.04|1101|396|5.4|5.4|2|8
38.9|94|1116|396|5.4|5.4|2|8
39|93.92|1557|396|5.4|5.4|2|8
39.1|93.93|1147|396|5.4|5.4|2|8
39.2|93.92|1247|397|5.4|5.4|2|8
39.3|93.85|1242|396|5.4|5.4|2|8
39.4|93.85|1247|396|5.4|5.4|2|8
39.5|93.66|1688|396|5.4|5.4|2|8
39.6|93.76|1776|396|5.4|5.4|2|8
39.7|93.82|1781|396|5.4|5.4|2|8
39.8|94.05|1353|396|5.4|5.4|2|8
39.9|94.21|1111|396|5.4|5.4|2|8
40|94.16|1106|396|5.4|5.4|2|8
40.1|94.19|1103|396|5.4|5.4|2|8
40.2|94.27|1103|396|5.4|5.4|2|8
40.3|94.06|1103|396|5.4|5.4|2|8
40.4|94.04|1101|396|5.4|5.4|2|8
40.5|93.98|1101|396|5.4|5.4|2|8
40.6|93.94|1129|396|5.4|5.4|2|8
40.7|93.92|1144|396|5.4|5.4|2|8
40.8|93.82|1302|396|5.4|5.4|2|8
40.9|93.69|1562|396|5.4|5.4|2|8
41|93.74|1768|396|5.4|5.4|2|8
41.1|93.78|1784|396|5.4|5.4|2|8
41.2|93.96|1469|396|5.4|5.4|2|8
41.3|94.21|1113|396|5.4|5.4|2|8
41.4|94.23|1106|396|5.4|5.4|2|8
41.5|94.13|1106|396|5.4|5.4|2|8
41.6|94.08|1103|396|5.4|5.4|2|8
41.7|94.02|1103|396|5.4|5.4|2|8
41.8|94.02|1103|396|5.4|5.4|2|8
41.9|93.93|1101|396|5.4|5.4|2|8
42|93.93|1101|396|5.4|5.4|2|8
42.1|93.84|1180|396|5.4|5.4|2|8
42.2|93.85|1296|396|5.4|5.4|2|8
42.3|93.61|1662|396|5.4|5.4|2|8
42.4|93.78|1451|396|5.4|5.4|2|8
42.5|93.82|1111|396|5.4|5.4|2|8
42.6|93.85|1098|396|5.4|5.4|2|8
42.7|93.9|1098|396|5.4|5.4|2|8
42.8|93.92|1098|396|5.4|5.4|2|8
42.9|93.89|1152|396|5.4|5.4|2|8
43|93.66|1255|396|5.4|5.4|2|8
43.1|93.68|1178|396|5.4|5.4|2|8
43.2|93.54|1196|396|5.4|5.4|2|8
43.3|93.6|1206|396|5.4|5.4|2|8
43.4|93.42|1320|397|5.4|5.4|2|8
43.5|93.43|1299|396|5.4|5.4|2|8
43.6|93.34|1273|396|5.4|5.4|2|8
43.7|93.21|1180|396|5.4|5.4|2|8
43.8|93.14|1124|396|5.4|5.4|2|8
43.9|93.11|1307|396|5.4|5.4|2|8
44|93.18|1371|396|5.4|5.4|2|8
44.1|92.98|1438|396|5.4|5.4|2|8
44.2|93.09|1106|396|5.4|5.4|2|8
44.3|92.99|1098|396|5.4|5.4|2|8
44.4|92.98|1101|396|5.4|5.4|2|8
44.5|93.02|1438|396|5.4|5.4|2|8
44.6|92.91|1356|396|5.4|5.4|2|8
44.7|92.8|1376|396|5.4|5.4|2|8
44.8|92.76|1330|396|5.4|5.4|2|8
44.9|92.68|1312|396|5.4|5.4|2|8
45|92.64|1320|396|5.4|5.4|2|8
45.1|92.6|1376|396|5.4|5.4|2|8
45.2|92.53|1374|397|5.4|5.4|2|8
45.3|92.37|1232|396|5.4|5.4|2|8
45.4|92.39|1253|396|5.4|5.4|2|8
45.5|92.37|1211|396|5.4|5.4|2|8
45.6|92.19|1222|396|5.4|5.4|2|8
45.7|92.15|1214|396|5.4|5.4|2|8
45.8|92.11|1196|396|5.4|5.4|2|8
45.9|92.07|1314|396|5.4|5.4|2|8
46|91.96|1307|396|5.4|5.4|2|8
46.1|91.9|1247|396|5.4|5.4|2|8
46.2|91.85|1260|396|5.4|5.4|2|8
46.3|91.74|1281|396|5.4|5.4|2|8
46.4|91.61|1193|396|5.4|5.4|2|8
46.5|91.58|1193|396|5.4|5.4|2|8
46.6|91.5|1134|396|5.4|5.4|2|8
46.7|91.47|1157|396|5.4|5.4|2|8
46.8|91.39|1327|396|5.4|5.4|2|8
46.9|91.31|1206|396|5.4|5.4|2|8
47|91.23|1206|396|5.4|5.4|2|8
47.1|91.06|1394|396|5.4|5.4|2|8
47.2|91.05|1173|396|5.4|5.4|2|8
47.3|90.94|1235|396|5.4|5.4|2|8
47.4|90.9|1235|396|5.4|5.4|2|8
47.5|90.76|1330|396|5.4|5.4|2|8
47.6|90.64|1258|396|5.4|5.4|2|8
47.7|90.59|1240|396|5.4|5.4|2|8
47.8|90.51|1188|396|5.4|5.4|2|8
47.9|90.45|1165|396|5.4|5.4|2|8
48|90.33|1237|396|5.4|5.4|2|8
48.1|90.23|1227|396|5.4|5.4|2|8
48.2|90.16|1273|396|5.4|5.4|2|8
48.3|90.01|1186|396|5.4|5.4|2|8
48.4|89.92|1320|396|5.4|5.4|2|8
48.5|89.88|1242|396|5.4|5.4|2|8
48.6|89.7|1332|396|5.4|5.4|2|8
48.7|89.7|1255|397|5.4|5.4|2|8
48.8|89.49|1191|396|5.4|5.4|2|8
48.9|89.49|1268|396|5.4|5.4|2|8
49|89.33|1191|396|5.4|5.4|2|8
49.1|89.18|1273|396|5.4|5.4|2|8
49.2|89.11|1314|397|5.4|5.4|2|8
49.3|89.01|1191|396|5.4|5.4|2|8
49.4|88.87|1131|396|5.4|5.4|2|8
49.5|88.78|1253|396|5.4|5.4|2|8
49.6|88.72|1309|396|5.4|5.4|2|8
49.7|88.56|1232|396|5.4|5.4|2|8
49.8|88.44|1263|396|5.4|5.4|2|8
49.9|88.31|1376|396|5.4|5.4|2|8
50|88.24|1247|397|5.4|5.4|2|8
50.1|88.05|1312|396|5.4|5.4|2|8
50.2|87.97|1325|397|5.4|5.4|2|8
50.3|87.85|1253|396|5.4|5.4|2|8
50.4|87.68|1405|396|5.4|5.4|2|8
50.5|87.52|1273|396|5.4|5.4|2|8
50.6|87.41|1173|396|5.4|5.4|2|8
50.7|87.27|1263|395|5.4|5.4|2|8
50.8|87.14|1209|396|5.4|5.4|2|8
50.9|87.05|1260|396|5.4|5.4|2|8
51|86.9|1433|396|5.4|5.4|2|8
51.1|86.76|1291|396|5.4|5.4|2|8
51.2|86.63|1369|396|5.4|5.4|2|8
51.3|86.48|1459|396|5.4|5.4|2|8
51.4|86.33|1160|396|5.4|5.4|2|8
51.5|86.19|1214|396|5.4|5.4|2|8
51.6|86.07|1278|396|5.4|5.4|2|8
51.7|85.87|1309|396|5.4|5.4|2|8
51.8|85.76|1515|397|5.4|5.4|2|8
51.9|85.64|1361|396|5.4|5.4|2|8
52|85.54|1209|396|5.4|5.4|2|8
52.1|85.58|1131|396|5.4|5.4|2|8
52.2|85.46|1322|396|5.4|5.4|2|8
52.3|85.41|1216|396|5.4|5.4|2|8
52.4|85.23|1289|396|5.4|5.4|2|8
52.5|85.26|1170|396|5.4|5.4|2|8
52.6|85.17|1284|396|5.4|5.4|2|8
52.7|85.05|1302|396|5.4|5.4|2|8
52.8|84.98|1139|396|5.4|5.4|2|8
52.9|84.91|1193|396|5.4|5.4|2|8
53|84.78|1240|396|5.4|5.4|2|8
53.1|84.74|1224|396|5.4|5.4|2|8
53.2|84.58|1216|396|5.4|5.4|2|8
53.3|84.44|1206|396|5.4|5.4|2|8
53.4|84.35|1216|396|5.4|5.4|2|8
53.5|84.23|1214|396|5.4|5.4|2|8
53.6|84.19|1415|396|5.4|5.4|2|8
53.7|84.05|1209|396|5.4|5.4|2|8
53.8|83.87|1247|396|5.4|5.4|2|8
53.9|83.81|1237|396|5.4|5.4|2|8
54|83.66|1268|396|5.4|5.4|2|8
54.1|83.49|1291|396|5.4|5.4|2|8
54.2|83.34|1276|397|5.4|5.4|2|8
54.3|83.17|1206|397|5.4|5.4|2|8
54.4|83.06|1232|396|5.4|5.4|2|8
54.5|82.85|1330|396|5.4|5.4|2|8
54.6|82.72|1348|396|5.4|5.4|2|8
54.7|82.48|1289|396|5.4|5.4|2|8
54.8|82.07|1634|396|5.4|5.4|6|8
54.9|79.88|1956|396|5.4|5.4|6|8
55|77.12|899|396|5.4|5.4|7|8
55.1|74.63|0|396|5.4|5.4|7|8
55.2|72.91|0|394|5.4|5.4|7|8
55.3|72.16|0|394|5.4|5.4|7|8
55.4|71.71|0|394|5.4|5.4|7|8
55.5|71.64|0|394|5.4|5.4|7|8
55.6|71.48|0|394|5.4|5.4|7|8
55.7|71.4|0|394|5.4|5.4|7|8
55.8|71.44|0|394|5.4|5.4|7|8
55.9|71.55|0|394|5.4|5.4|7|8
56|71.45|0|394|5.4|5.4|7|8
56.1|71.45|0|394|5.4|5.4|7|8
56.2|71.4|0|394|5.4|5.4|7|8
56.3|71.49|0|394|5.4|5.4|7|8
56.4|71.44|0|394|5.4|5.4|7|8
56.5|71.4|0|394|5.4|5.4|7|8
56.6|71.45|0|394|5.4|5.4|7|8
56.7|71.45|0|394|5.4|5.4|7|8
56.8|71.48|0|394|5.4|5.4|7|8
56.9|71.45|0|394|5.4|5.4|7|8
57|71.44|0|394|5.4|5.4|7|8
57.1|71.45|0|394|5.4|5.4|7|8
57.2|71.45|0|394|5.4|5.4|7|8
57.3|71.45|0|394|5.4|5.4|7|8
57.4|71.47|0|394|5.4|5.4|7|8
57.5|71.44|0|394|5.4|5.4|7|8
57.6|71.43|0|394|5.4|5.4|7|8
57.7|71.41|0|394|5.4|5.4|7|8
57.8|71.41|0|394|5.4|5.4|7|8
57.9|71.38|0|394|5.4|5.4|7|8
58|71.43|0|394|5.4|5.4|7|8
58.1|71.43|0|394|5.4|5.4|7|8
58.2|71.45|0|394|5.4|5.4|7|8
58.3|71.47|0|394|5.4|5.4|7|8
58.4|71.44|0|394|5.4|5.4|7|8
58.5|71.44|0|394|5.4|5.4|7|8
58.6|71.44|0|394|5.4|5.4|7|8
58.7|71.44|0|394|5.4|5.4|7|8
58.8|71.44|0|394|5.4|5.4|7|8
58.9|71.43|0|394|5.4|5.4|7|8
59|71.41|0|394|5.4|5.4|7|8
59.1|71.38|0|394|5.4|5.4|7|8
59.2|71.44|0|394|5.4|5.4|7|8
59.3|71.45|0|394|5.4|5.4|7|8
59.4|71.45|0|394|5.4|5.4|7|8
59.5|71.45|0|394|5.4|5.4|7|8
59.6|71.44|0|394|5.4|5.4|7|8
59.7|71.45|0|394|5.4|5.4|7|8
59.8|71.44|0|394|5.4|5.4|7|8
59.9|71.44|0|394|5.4|5.4|7|8
60|71.45|0|394|5.4|5.4|7|8
60.1|71.43|0|394|5.4|5.4|7|8
60.2|71.44|0|394|5.4|5.4|7|8
60.3|71.44|0|394|5.4|5.4|7|8
60.4|71.4|0|394|5.4|5.4|7|8
60.5|71.37|0|394|5.4|5.4|7|8
60.6|71.38|0|394|5.4|5.4|7|8
60.7|71.4|0|394|5.4|5.4|7|8
60.8|71.41|0|394|5.4|5.4|7|8
60.9|71.48|0|394|5.4|5.4|7|8
61|71.45|0|394|5.4|5.4|7|8
61.1|71.45|0|394|5.4|5.4|7|8
61.2|71.44|0|394|5.4|5.4|7|8
61.3|71.43|0|394|5.4|5.4|7|8
61.4|71.44|0|394|5.4|5.4|7|8
61.5|71.43|0|394|5.4|5.4|7|8
61.6|71.41|0|394|5.4|5.4|7|8
61.7|71.4|0|394|5.4|5.4|7|8
61.8|71.37|0|394|5.4|5.4|7|8
61.9|71.4|0|394|5.4|5.4|7|8
62|71.4|0|394|5.4|5.4|7|8
62.1|71.38|0|394|5.4|5.4|7|8
62.2|71.43|0|394|5.4|5.4|7|8
62.3|71.45|0|394|5.4|5.4|7|8
62.4|71.45|0|394|5.4|5.4|7|8
62.5|71.44|0|394|5.4|5.4|7|8
62.6|71.43|0|394|5.4|5.4|7|8
62.7|71.43|0|394|5.4|5.4|7|8
62.8|71.41|0|394|5.4|5.4|7|8
62.9|71.43|0|394|5.4|5.4|7|8
63|71.43|0|394|5.4|5.4|7|8
63.1|71.44|0|394|5.4|5.4|7|8
63.2|71.4|0|394|5.4|5.4|7|8
63.3|71.44|0|394|5.4|5.4|7|8
63.4|71.45|0|394|5.4|5.4|7|8
63.5|71.49|0|394|5.4|5.4|7|8
63.6|71.47|0|394|5.4|5.4|7|8
63.7|71.4|0|394|5.4|5.4|7|8
63.8|71.38|0|394|5.4|5.4|7|8
63.9|71.36|0|394|5.4|5.4|7|8
64|71.38|0|394|5.4|5.4|7|8
64.1|71.45|0|394|5.4|5.4|7|8
64.2|71.49|0|394|5.4|5.4|7|8
64.3|71.44|0|394|5.4|5.4|7|8
64.4|71.43|0|394|5.4|5.4|7|8
64.5|71.43|0|394|5.4|5.4|7|8
64.6|71.43|0|394|5.4|5.4|7|8
64.7|71.4|0|394|5.4|5.4|7|8
64.8|71.38|0|394|5.4|5.4|7|8
64.9|71.41|0|394|5.4|5.4|7|8
65|71.37|0|394|5.4|5.4|7|8
65.1|71.37|0|394|5.4|5.4|7|8
65.2|71.4|0|394|5.4|5.4|7|8
65.3|71.4|0|394|5.4|5.4|7|8
65.4|71.43|0|394|5.4|5.4|7|8
65.5|71.47|0|394|5.4|5.4|7|8
65.6|71.47|0|398|5.4|5.4|7|8
65.7|71.45|0|403|5.4|5.4|7|8
65.8|71.41|0|405|5.4|5.4|7|8
65.9|71.41|0|405|5.4|5.4|7|8
66|71.38|0|405|5.4|5.4|7|8
66.1|71.4|0|406|5.4|5.4|7|8
66.2|71.37|0|405|5.4|5.4|7|8
66.3|71.34|0|405|5.4|5.4|7|8
66.4|71.38|0|405|5.4|5.4|7|8
66.5|71.4|0|405|5.4|5.4|7|8
66.6|71.43|0|405|5.4|5.4|7|8
66.7|71.45|0|405|5.4|5.4|7|8
66.8|71.47|0|405|5.4|5.4|7|8
66.9|71.44|0|405|5.4|5.4|7|8
67|71.4|0|405|5.4|5.4|7|8
67.1|71.37|0|405|5.4|5.4|7|8
67.2|71.37|0|405|5.4|5.4|7|8
67.3|71.44|0|405|5.4|5.4|7|8
67.4|71.45|0|405|5.4|5.4|7|8
67.5|71.41|0|405|5.4|5.4|7|8
67.6|71.37|0|405|5.4|5.4|7|8
67.7|71.38|0|405|5.4|5.4|7|8
67.8|71.43|0|405|5.4|5.4|7|8
67.9|71.44|0|405|5.4|5.4|7|8
68|71.44|0|405|5.4|5.4|8|8
68.1|71.41|0|405|5.3|5.3|8|8
68.2|71.24|0|405|5.4|5.4|8|8
68.3|71.29|0|405|5.4|5.4|8|8
68.4|71.34|0|405|5.4|5.4|8|8
68.5|71.34|0|405|5.4|5.4|8|8
68.6|71.36|0|404|5.4|5.4|8|8
68.7|71.34|0|404|5.4|5.4|8|8
68.8|71.34|0|404|5.4|5.4|8|8
68.9|71.36|0|404|5.3|5.3|8|8
69|71.34|0|404|5.3|5.3|8|8
69.1|71.36|0|404|5.3|5.3|8|8
69.2|71.34|0|404|5.3|5.3|8|8
69.3|71.36|0|404|5.2|5.2|8|8
69.4|71.36|0|404|5.3|5.3|8|8
69.5|71.36|0|404|5.2|5.2|8|8
69.6|71.36|0|404|5.2|5.2|8|8
69.7|71.36|0|404|5.2|5.2|8|8
69.8|71.34|0|404|5.2|5.2|8|8
69.9|71.36|0|404|5.2|5.2|8|8
70|71.36|0|404|5.2|5.2|8|8
70.1|73.36|0|404|5.2|5.2|8|8
70.2|76.38|0|404|5.2|5.2|8|8
70.3|79.37|0|404|5.2|5.2|8|8
70.4|82.36|0|404|5.2|5.2|8|8
70.5|85.34|0|404|5.2|5.2|8|8
70.6|88.24|0|404|5.2|5.2|8|8
70.7|91.18|0|404|5.2|5.2|8|8
70.8|93.88|0|404|5.2|5.2|8|8
70.9|95.15|0|404|5.2|5.2|8|8
71|95.69|0|404|5.2|5.2|8|8
