0|96.08|881|386|5.1|5.1|1|8
0.1|96.01|1010|388|5.1|5.1|1|8
0.2|96.01|1015|388|5.1|5.1|1|8
0.3|96.01|1015|388|5.1|5.1|1|8
0.4|96.02|1018|388|5.1|5.1|1|8
0.5|96.01|1021|388|5.1|5.1|2|8
0.6|95.72|1021|388|5.1|5.1|2|8
0.7|95.33|1023|388|5.1|5.1|2|8
0.8|94.87|1119|389|5.1|5.1|2|8
0.9|94.45|1613|390|5.1|5.1|3|8
1|94.16|1680|390|5.1|5.1|3|8
1.1|93.92|1704|390|5.1|5.1|3|8
1.2|93.9|1714|390|5.2|5.2|3|8
1.3|93.9|1722|390|5.2|5.2|3|8
1.4|93.85|1729|390|5.2|5.2|3|8
1.5|93.85|1735|390|5.2|5.2|3|8
1.6|93.84|1740|390|5.2|5.2|3|8
1.7|93.78|1742|390|5.2|5.2|3|8
1.8|93.8|1745|390|5.2|5.2|3|8
1.9|93.82|1747|390|5.2|5.2|3|8
2|93.85|1750|390|5.2|5.2|3|8
2.1|93.86|1753|390|5.2|5.2|3|8
2.2|93.82|1753|390|5.2|5.2|3|8
2.3|93.78|1755|390|5.2|5.2|3|8
2.4|93.82|1758|390|5.2|5.2|3|8
2.5|93.88|1758|390|5.2|5.2|3|8
2.6|93.82|1760|390|5.2|5.2|3|8
2.7|93.8|1760|390|5.2|5.2|3|8
2.8|93.82|1760|390|5.2|5.2|3|8
2.9|93.86|1763|390|5.2|5.2|4|8
3|93.92|1763|390|5.2|5.2|4|8
3.1|94.32|1745|390|5.2|5.2|4|8
3.2|94.78|1570|391|5.2|5.2|4|8
3.3|95.22|1062|390|5.2|5.2|5|8
3.4|95.42|1049|389|5.2|5.2|5|8
3.5|95.47|1046|389|5.2|5.2|5|8
3.6|95.54|1046|388|5.2|5.2|5|8
3.7|95.58|1044|389|5.2|5.2|5|8
3.8|95.57|1044|389|5.2|5.2|5|8
3.9|95.57|1044|388|5.2|5.2|5|8
4|95.57|1041|389|5.2|5.2|5|8
4.1|95.57|1041|389|5.2|5.2|5|8
4.2|95.55|1041|388|5.2|5.2|5|8
4.3|95.61|1041|388|5.2|5.2|5|8
4.4|95.59|1041|389|5.2|5.2|5|8
4.5|95.53|1044|389|5.2|5.2|5|8
4.6|95.57|1044|389|5.2|5.2|5|8
4.7|95.57|1044|389|5.2|5.2|5|8
4.8|95.57|1044|389|5.2|5.2|5|8
4.9|95.55|1044|389|5.2|5.2|5|8
5|95.58|1046|389|5.2|5.2|5|8
5.1|95.61|1046|389|5.3|5.2|5|8
5.2|95.61|1046|389|5.3|5.3|5|8
5.3|95.55|1046|389|5.3|5.3|2|8
5.4|95.33|1046|389|5.3|5.3|2|8
5.5|94.95|1046|389|5.3|5.3|2|8
5.6|94.55|1121|389|5.3|5.3|2|8
5.7|94.02|1673|390|5.3|5.3|3|8
5.8|93.78|1758|390|5.3|5.3|3|8
5.9|93.55|1771|391|5.3|5.3|3|8
6|93.55|1778|391|5.3|5.3|3|8
6.1|93.47|1781|391|5.3|5.3|3|8
6.2|93.47|1786|391|5.3|5.3|3|8
6.3|93.49|1789|391|5.3|5.3|3|8
6.4|93.53|1791|391|5.3|5.3|3|8
6.5|93.46|1791|391|5.3|5.3|3|8
6.6|93.46|1794|391|5.3|5.3|3|8
6.7|93.49|1794|391|5.3|5.3|3|8
6.8|93.47|1796|391|5.3|5.3|3|8
6.9|93.51|1796|391|5.3|5.3|3|8
7|93.51|1799|391|5.3|5.3|3|8
7.1|93.49|1802|391|5.3|5.3|3|8
7.2|93.43|1804|392|5.3|5.3|3|8
7.3|93.49|1804|392|5.3|5.3|3|8
7.4|93.5|1807|392|5.3|5.3|3|8
7.5|93.46|1807|391|5.3|5.3|3|8
7.6|93.46|1807|391|5.3|5.3|3|8
7.7|93.49|1809|391|5.3|5.3|4|8
7.8|93.54|1809|391|5.3|5.3|4|8
7.9|93.92|1791|391|5.3|5.3|4|8
8|94.47|1634|392|5.3|5.3|4|8
8.1|94.87|1072|390|5.3|5.3|5|8
8.2|95.03|1057|390|5.3|5.3|5|8
8.3|95.11|1057|390|5.3|5.3|5|8
8.4|95.19|1054|390|5.3|5.3|5|8
8.5|95.22|1054|390|5.3|5.3|5|8
8.6|95.23|1054|390|5.3|5.3|5|8
8.7|95.22|1054|390|5.3|5.3|5|8
8.8|95.22|1054|390|5.3|5.3|5|8
8.9|95.23|1054|390|5.3|5.3|5|8
9|95.22|1054|390|5.3|5.3|5|8
9.1|95.22|1054|390|5.3|5.3|5|8
9.2|95.22|1054|390|5.3|5.3|5|8
9.3|95.22|1054|390|5.3|5.3|5|8
9.4|95.21|1054|390|5.3|5.3|5|8
9.5|95.22|1054|390|5.3|5.3|5|8
9.6|95.22|1054|390|5.3|5.3|5|8
9.7|95.22|1054|390|5.3|5.3|5|8
9.8|95.22|1054|390|5.3|5.3|5|8
9.9|95.22|1054|390|5.3|5.3|5|8
10|95.22|1054|390|5.3|5.4|5|8
10.1|95.23|1054|390|5.4|5.3|2|8
10.2|95.04|1054|390|5.4|5.3|2|8
10.3|94.64|1054|390|5.3|5.4|2|8
10.4|94.17|1168|390|5.4|5.3|2|8
10.5|93.65|1613|391|5.4|5.4|3|8
10.6|93.23|1781|392|5.4|5.4|3|8
10.7|93.14|1807|392|5.3|5.4|3|8
10.8|92.98|1817|392|5.4|5.4|3|8
10.9|92.96|1825|392|5.4|5.4|3|8
11|93|1830|390|5.4|5.4|3|8
11.1|92.98|1835|389|5.4|5.4|3|8
11.2|92.98|1835|388|5.4|5.4|3|8
11.3|92.99|1838|388|5.4|5.4|3|8
11.4|92.96|1840|388|5.4|5.4|3|8
11.5|92.98|1843|388|5.4|5.4|3|8
11.6|92.95|1843|388|5.4|5.4|3|8
11.7|92.98|1845|388|5.4|5.4|3|8
11.8|92.98|1845|388|5.4|5.4|3|8
11.9|92.98|1848|388|5.4|5.4|3|8
12|92.96|1848|388|5.4|5.4|3|8
12.1|92.99|1848|388|5.4|5.4|3|8
12.2|92.98|1851|388|5.4|5.4|3|8
12.3|92.98|1851|388|5.4|5.4|3|8
12.4|92.98|1851|388|5.4|5.4|3|8
12.5|92.98|1853|388|5.4|5.4|4|8
12.6|93.06|1851|388|5.4|5.4|4|8
12.7|93.33|1832|388|5.4|5.4|4|8
12.8|93.81|1595|388|5.4|5.4|4|8
12.9|94.29|1080|388|5.4|5.4|5|8
13|94.43|1070|387|5.4|5.4|5|8
13.1|94.47|1070|387|5.4|5.4|5|8
13.2|94.49|1067|387|5.4|5.4|5|8
13.3|94.52|1067|387|5.4|5.4|5|8
13.4|94.52|1067|387|5.4|5.4|5|8
13.5|94.53|1067|387|5.4|5.4|5|8
13.6|94.52|1067|386|5.4|5.4|5|8
13.7|94.51|1064|387|5.4|5.4|5|8
13.8|94.49|1064|387|5.4|5.4|5|8
13.9|94.53|1064|387|5.4|5.4|5|8
14|94.51|1064|386|5.4|5.4|5|8
14.1|94.51|1064|387|5.4|5.4|5|8
14.2|94.51|1064|387|5.4|5.4|5|8
14.3|94.52|1064|387|5.4|5.4|5|8
14.4|94.55|1064|387|5.4|5.4|5|8
14.5|94.52|1064|387|5.4|5.4|5|8
14.6|94.55|1064|387|5.4|5.4|5|8
14.7|94.48|1064|387|5.4|5.4|5|8
14.8|94.52|1064|387|5.4|5.4|5|8
14.9|94.52|1064|387|5.4|5.4|2|8
15|94.28|1064|387|5.4|5.4|2|8
15.1|93.86|1064|387|5.4|5.4|2|8
15.2|93.38|1523|388|5.4|5.4|2|8
15.3|93.04|1796|388|5.4|5.4|3|8
15.4|92.86|1830|388|5.4|5.4|3|8
15.5|92.71|1840|388|5.4|5.4|3|8
15.6|92.71|1848|388|5.4|5.4|3|8
15.7|92.67|1851|388|5.4|5.4|3|8
15.8|92.68|1856|388|5.4|5.4|3|8
15.9|92.68|1861|388|5.4|5.4|3|8
16|92.68|1863|388|5.4|5.4|3|8
16.1|92.7|1863|388|5.4|5.4|3|8
16.2|92.7|1866|388|5.4|5.4|3|8
16.3|92.67|1869|388|5.4|5.4|3|8
16.4|92.68|1869|388|5.4|5.4|3|8
16.5|92.67|1869|388|5.4|5.4|3|8
16.6|92.68|1869|388|5.4|5.4|3|8
16.7|92.67|1871|388|5.4|5.4|3|8
16.8|92.7|1871|388|5.4|5.4|3|8
16.9|92.7|1871|388|5.4|5.4|3|8
17|92.67|1871|388|5.4|5.4|3|8
17.1|92.67|1874|388|5.4|5.4|3|8
17.2|92.66|1874|388|5.4|5.4|3|8
17.3|92.7|1874|388|5.4|5.4|4|8
17.4|92.96|1853|388|5.4|5.4|4|8
17.5|93.47|1526|388|5.4|5.4|4|8
17.6|93.84|1082|388|5.4|5.4|5|8
17.7|94.06|1075|387|5.4|5.4|5|8
17.8|94.19|1075|387|5.4|5.4|5|8
17.9|94.21|1075|386|5.4|5.4|5|8
18|94.15|1072|386|5.4|5.4|5|8
18.1|94.16|1070|386|5.4|5.4|5|8
18.2|94.16|1072|386|5.4|5.4|5|8
18.3|94.17|1072|386|5.4|5.4|5|8
18.4|94.16|1072|386|5.4|5.4|5|8
18.5|94.17|1070|386|5.4|5.4|5|8
18.6|94.17|1070|386|5.4|5.4|5|8
18.7|94.17|1072|386|5.4|5.4|5|8
18.8|94.17|1070|386|5.4|5.4|5|8
18.9|94.17|1070|386|5.4|5.4|5|8
19|94.17|1070|386|5.4|5.4|5|8
19.1|94.19|1070|386|5.4|5.4|5|8
19.2|94.2|1070|386|5.4|5.4|5|8
19.3|94.13|1070|386|5.4|5.4|5|8
19.4|94.17|1070|386|5.4|5.4|5|8
19.5|94.17|1070|386|5.4|5.4|5|8
19.6|94.16|1070|386|5.4|5.4|2|8
19.7|93.88|1070|386|5.4|5.4|2|8
19.8|93.49|1072|386|5.4|5.4|2|8
19.9|93.03|1657|388|5.4|5.4|3|8
20|92.68|1812|388|5.4|5.4|3|8
20.1|92.62|1843|388|5.4|5.4|3|8
20.2|92.48|1856|388|5.4|5.4|3|8
20.3|92.36|1863|388|5.4|5.4|3|8
20.4|92.48|1866|388|5.4|5.4|3|8
20.5|92.41|1871|388|5.4|5.4|3|8
20.6|92.41|1876|388|5.4|5.4|3|8
20.7|92.47|1879|388|5.4|5.4|3|8
20.8|92.41|1881|388|5.4|5.4|3|8
20.9|92.43|1884|388|5.4|5.4|3|8
21|92.48|1884|388|5.4|5.4|3|8
21.1|92.39|1887|388|5.4|5.4|3|8
21.2|92.45|1889|388|5.4|5.4|3|8
21.3|92.45|1889|388|5.4|5.4|3|8
21.4|92.41|1889|388|5.4|5.4|3|8
21.5|92.39|1892|388|5.4|5.4|3|8
21.6|92.44|1892|388|5.4|5.4|3|8
21.7|92.44|1892|387|5.4|5.4|3|8
21.8|92.41|1892|388|5.4|5.4|3|8
21.9|92.43|1892|388|5.4|5.4|4|8
22|92.56|1892|388|5.4|5.4|4|8
22.1|92.74|1871|388|5.4|5.4|4|8
22.2|93.31|1534|388|5.4|5.4|4|8
22.3|93.77|1090|388|5.4|5.4|5|8
22.4|93.84|1082|387|5.4|5.4|5|8
22.5|93.98|1080|387|5.4|5.4|5|8
22.6|94.01|1080|386|5.4|5.4|5|8
22.7|94.02|1077|386|5.4|5.4|5|8
22.8|94.08|1077|386|5.4|5.4|5|8
22.9|93.96|1077|386|5.4|5.4|5|8
23|94|1075|387|5.4|5.4|5|8
23.1|94|1075|387|5.4|5.4|5|8
23.2|94.01|1075|386|5.4|5.4|5|8
23.3|94.02|1075|386|5.4|5.4|5|8
23.4|94.08|1075|386|5.4|5.4|5|8
23.5|94|1075|386|5.4|5.4|5|8
23.6|93.98|1075|386|5.4|5.4|5|8
23.7|94.01|1072|386|5.4|5.4|5|8
23.8|94.01|1072|386|5.4|5.4|5|8
23.9|94.04|1072|386|5.4|5.4|5|8
24|94.08|1072|386|5.4|5.4|5|8
24.1|94.02|1072|386|5.4|5.4|5|8
24.2|93.97|1072|386|5.4|5.4|5|8
24.3|94.01|1072|386|5.4|5.4|2|8
24.4|93.78|1072|386|5.4|5.4|2|8
24.5|93.3|1072|386|5.4|5.4|2|8
24.6|92.88|1665|388|5.4|5.4|3|8
24.7|92.62|1812|388|5.4|5.4|3|8
24.8|92.36|1851|388|5.4|5.4|3|8
24.9|92.35|1863|388|5.4|5.4|3|8
25|92.32|1871|388|5.4|5.4|3|8
25.1|92.32|1876|388|5.4|5.4|3|8
25.2|92.21|1881|387|5.4|5.4|3|8
25.3|92.31|1884|388|5.4|5.4|3|8
25.4|92.27|1889|387|5.4|5.4|3|8
25.5|92.25|1892|387|5.4|5.4|3|8
25.6|92.32|1894|387|5.4|5.4|3|8
25.7|92.27|1897|387|5.4|5.4|3|8
25.8|92.25|1899|388|5.4|5.4|3|8
25.9|92.32|1899|388|5.4|5.4|3|8
26|92.24|1899|387|5.4|5.4|3|8
26.1|92.29|1902|387|5.4|5.4|3|8
26.2|92.28|1902|387|5.4|5.4|3|8
26.3|92.24|1902|388|5.4|5.4|3|8
26.4|92.28|1902|388|5.4|5.4|3|8
26.5|92.27|1902|388|5.4|5.4|3|8
26.6|92.23|1902|388|5.4|5.4|4|8
26.7|92.31|1905|387|5.4|5.4|4|8
26.8|92.62|1876|388|5.4|5.4|4|8
26.9|93.14|1356|388|5.4|5.4|4|8
27|93.54|1090|387|5.4|5.4|5|8
27.1|93.76|1082|387|5.4|5.4|5|8
27.2|93.82|1082|387|5.4|5.4|5|8
27.3|93.82|1080|387|5.4|5.4|5|8
27.4|93.88|1080|386|5.4|5.4|5|8
27.5|93.8|1077|387|5.4|5.4|5|8
27.6|93.82|1077|387|5.4|5.4|5|8
27.7|93.81|1077|387|5.4|5.4|5|8
27.8|93.82|1077|387|5.4|5.4|5|8
27.9|93.82|1077|387|5.4|5.4|5|8
28|93.82|1075|387|5.4|5.4|5|8
28.1|93.85|1075|387|5.4|5.4|5|8
28.2|93.8|1077|387|5.4|5.4|5|8
28.3|93.81|1075|386|5.4|5.4|5|8
28.4|93.82|1075|386|5.4|5.4|5|8
28.5|93.82|1075|386|5.4|5.4|5|8
28.6|93.81|1075|386|5.4|5.4|5|8
28.7|93.82|1075|386|5.4|5.4|5|8
28.8|93.81|1075|386|5.4|5.4|5|8
28.9|93.82|1075|386|5.4|5.4|5|8
29|93.76|1075|386|5.4|5.4|2|8
29.1|93.49|1075|386|5.4|5.4|2|8
29.2|93.06|1075|386|5.4|5.4|2|8
29.3|92.64|1735|387|5.4|5.4|3|8
29.4|92.36|1832|387|5.4|5.4|3|8
29.5|92.11|1861|387|5.4|5.4|3|8
29.6|92.08|1871|387|5.4|5.4|3|8
29.7|92.08|1879|387|5.4|5.4|3|8
29.8|92.05|1884|387|5.4|5.4|3|8
29.9|92.05|1889|387|5.4|5.4|3|8
30|92.07|1894|387|5.4|5.4|3|8
30.1|92.07|1899|387|5.4|5.4|3|8
30.2|92.08|1902|387|5.4|5.4|3|8
30.3|92.07|1905|388|5.4|5.4|3|8
30.4|92.07|1907|387|5.4|5.4|3|8
30.5|92.08|1910|387|5.4|5.4|3|8
30.6|92.08|1910|387|5.4|5.4|3|8
30.7|92.09|1910|387|5.4|5.4|3|8
30.8|92.08|1910|387|5.4|5.4|3|8
30.9|92.09|1910|387|5.4|5.4|3|8
31|92.08|1910|388|5.4|5.4|3|8
31.1|92.08|1912|388|5.4|5.4|3|8
31.2|92.08|1912|388|5.4|5.4|3|8
31.3|92.09|1915|388|5.4|5.4|4|8
31.4|92.25|1915|388|5.4|5.4|4|8
31.5|92.56|1887|388|5.4|5.4|4|8
31.6|93.03|1255|388|5.4|5.4|5|8
31.7|93.41|1090|388|5.4|5.4|5|8
31.8|93.54|1085|388|5.4|5.4|5|8
31.9|93.55|1085|388|5.4|5.4|5|8
32|93.64|1082|388|5.4|5.4|5|8
32.1|93.66|1080|388|5.4|5.4|5|8
32.2|93.62|1080|388|5.4|5.4|5|8
32.3|93.62|1077|388|5.4|5.4|5|8
32.4|93.61|1077|388|5.4|5.4|5|8
32.5|93.55|1077|388|5.4|5.4|5|8
32.6|93.62|1077|388|5.4|5.4|5|8
32.7|93.69|1077|387|5.4|5.4|5|8
32.8|93.62|1077|387|5.4|5.4|5|8
32.9|93.54|1075|387|5.4|5.4|5|8
33|93.62|1075|388|5.4|5.4|5|8
33.1|93.65|1075|388|5.4|5.4|5|8
33.2|93.61|1075|387|5.4|5.4|5|8
33.3|93.54|1072|387|5.4|5.4|5|8
33.4|93.62|1075|387|5.4|5.4|5|8
33.5|93.64|1075|387|5.4|5.4|5|8
33.6|93.69|1075|387|5.4|5.4|2|8
33.7|93.58|1072|387|5.4|5.4|2|8
33.8|93.27|1072|387|5.4|5.4|2|8
33.9|92.84|1093|387|5.4|5.4|2|8
34|92.39|1765|388|5.4|5.4|3|8
34.1|92.07|1848|388|5.4|5.4|3|8
34.2|92.08|1869|387|5.4|5.4|3|8
34.3|92|1881|387|5.4|5.4|3|8
34.4|91.97|1889|387|5.4|5.4|3|8
34.5|91.93|1897|387|5.4|5.4|3|8
34.6|91.96|1902|387|5.4|5.4|3|8
34.7|91.93|1907|387|5.4|5.4|3|8
34.8|91.92|1912|387|5.4|5.4|3|8
34.9|91.94|1915|387|5.4|5.4|3|8
35|91.92|1915|387|5.4|5.4|3|8
35.1|91.94|1918|387|5.4|5.4|3|8
35.2|91.96|1918|387|5.4|5.4|3|8
35.3|91.93|1918|387|5.4|5.4|3|8
35.4|91.93|1918|387|5.4|5.4|3|8
35.5|91.92|1920|387|5.4|5.4|3|8
35.6|91.94|1920|387|5.4|5.4|3|8
35.7|91.9|1920|387|5.4|5.4|3|8
35.8|91.92|1920|387|5.4|5.4|3|8
35.9|91.94|1920|387|5.4|5.4|3|8
36|91.93|1923|387|5.4|5.4|4|8
36.1|92.01|1920|387|5.4|5.4|4|8
36.2|92.53|1866|387|5.4|5.4|4|8
36.3|92.91|1155|388|5.4|5.4|2|8
36.4|93.09|1088|388|5.4|5.4|2|8
36.5|93.09|1082|388|5.4|5.4|2|8
36.6|93.15|1082|388|5.4|5.4|2|8
36.7|92.98|1080|387|5.4|5.4|2|8
36.8|93.03|1080|387|5.4|5.4|2|8
36.9|92.88|1080|387|5.4|5.4|2|8
37|92.87|1077|387|5.4|5.4|2|8
37.1|92.82|1111|387|5.4|5.4|2|8
37.2|92.71|1080|387|5.4|5.4|2|8
37.3|92.66|1077|386|5.4|5.4|2|8
37.4|92.59|1103|387|5.4|5.4|2|8
37.5|92.62|1155|387|5.4|5.4|2|8
37.6|92.51|1219|388|5.4|5.4|2|8
37.7|92.39|1088|388|5.4|5.4|2|8
37.8|92.36|1121|388|5.4|5.4|2|8
37.9|92.32|1250|388|5.4|5.4|2|8
38|92.23|1696|388|5.4|5.4|2|8
38.1|92.24|1732|388|5.4|5.4|2|8
38.2|92.45|1696|388|5.4|5.4|2|8
38.3|92.58|1101|388|5.4|5.4|2|8
38.4|92.67|1080|387|5.4|5.4|2|8
38.5|92.68|1077|387|5.4|5.4|2|8
38.6|92.67|1075|387|5.4|5.4|2|8
38.7|92.6|1075|387|5.4|5.4|2|8
38.8|92.59|1075|387|5.4|5.4|2|8
38.9|92.52|1113|387|5.4|5.4|2|8
39|92.37|1080|387|5.4|5.4|2|8
39.1|92.36|1265|387|5.4|5.4|2|8
39.2|92.36|1178|387|5.4|5.4|2|8
39.3|92.24|1474|387|5.4|5.4|2|8
39.4|92.13|1729|387|5.4|5.4|2|8
39.5|92.29|1729|388|5.4|5.4|2|8
39.6|92.53|1245|388|5.4|5.4|2|8
39.7|92.56|1080|387|5.4|5.4|2|8
39.8|92.64|1075|387|5.4|5.4|2|8
39.9|92.6|1075|386|5.4|5.4|2|8
40|92.53|1075|386|5.4|5.4|2|8
40.1|92.37|1108|386|5.4|5.4|2|8
40.2|92.37|1072|386|5.4|5.4|2|8
40.3|92.36|1072|386|5.4|5.4|2|8
40.4|92.32|1144|388|5.4|5.4|2|8
40.5|92.19|1492|388|5.4|5.4|2|8
40.6|92.17|1332|388|5.4|5.4|2|8
40.7|92.09|1082|388|5.4|5.4|2|8
40.8|92.08|1222|387|5.4|5.4|2|8
40.9|92.08|1595|388|5.4|5.4|2|8
41|92.04|1093|388|5.4|5.4|2|8
41.1|92.17|1070|387|5.4|5.4|2|8
41.2|92.07|1070|386|5.4|5.4|2|8
41.3|92.07|1098|386|5.4|5.4|2|8
41.4|92.07|1201|387|5.4|5.4|2|8
41.5|92|1327|387|5.4|5.4|2|8
41.6|91.94|1165|387|5.4|5.4|2|8
41.7|91.92|1229|388|5.4|5.4|2|8
41.8|91.82|1399|388|5.4|5.4|2|8
41.9|91.73|1222|388|5.4|5.4|2|8
42|91.72|1242|388|5.4|5.4|2|8
42.1|91.56|1155|387|5.4|5.4|2|8
42.2|91.54|1247|387|5.4|5.4|2|8
42.3|91.49|1204|388|5.4|5.4|2|8
42.4|91.47|1214|388|5.4|5.4|2|8
42.5|91.38|1206|387|5.4|5.4|2|8
42.6|91.26|1247|387|5.4|5.4|2|8
42.7|91.22|1250|387|5.4|5.4|2|8
42.8|91.21|1284|387|5.4|5.4|2|8
42.9|91|1157|387|5.4|5.4|2|8
43|90.99|1144|386|5.4|5.4|2|8
43.1|90.92|1240|387|5.4|5.4|2|8
43.2|90.88|1191|387|5.4|5.4|2|8
43.3|90.79|1345|387|5.4|5.4|2|8
43.4|90.67|1175|387|5.4|5.4|2|8
43.5|90.62|1082|387|5.4|5.4|2|8
43.6|90.59|1126|387|5.4|5.4|2|8
43.7|90.48|1222|388|5.4|5.4|2|8
43.8|90.4|1240|388|5.4|5.4|2|8
43.9|90.33|1253|388|5.4|5.4|2|8
44|90.28|1314|388|5.4|5.4|2|8
44.1|90.16|1224|386|5.4|5.4|2|8
44.2|90.07|1229|387|5.4|5.4|2|8
44.3|89.94|1242|386|5.4|5.4|2|8
44.4|89.9|1216|386|5.4|5.4|2|8
44.5|89.82|1168|386|5.4|5.4|2|8
44.6|89.76|1307|386|5.4|5.4|2|8
44.7|89.56|1302|387|5.4|5.4|2|8
44.8|89.54|1204|386|5.4|5.4|2|8
44.9|89.46|1247|386|5.4|5.4|2|8
45|89.3|1147|386|5.4|5.4|2|8
45.1|89.21|1186|386|5.4|5.4|2|8
45.2|89.14|1193|386|5.4|5.4|2|8
45.3|89.11|1211|386|5.4|5.4|2|8
45.4|88.99|1273|386|5.4|5.4|2|8
45.5|88.87|1108|386|5.4|5.4|2|8
45.6|88.74|1170|386|5.4|5.4|2|8
45.7|88.68|1168|386|5.4|5.4|2|8
45.8|88.59|1162|386|5.4|5.4|2|8
45.9|88.46|1165|387|5.4|5.4|2|8
46|88.32|1224|387|5.4|5.4|2|8
46.1|88.25|1222|386|5.4|5.4|2|8
46.2|88.08|1191|386|5.4|5.4|2|8
46.3|88.01|1258|386|5.4|5.4|2|8
46.4|87.92|1253|386|5.4|5.4|2|8
46.5|87.73|1312|386|5.4|5.4|2|8
46.6|87.66|1250|386|5.4|5.4|2|8
46.7|87.56|1201|386|5.4|5.4|2|8
46.8|87.35|1296|386|5.4|5.4|2|8
46.9|87.27|1201|386|5.4|5.4|2|8
47|87.21|1142|386|5.4|5.4|2|8
47.1|87.03|1392|386|5.4|5.4|2|8
47.2|86.95|1229|386|5.4|5.4|2|8
47.3|86.79|1330|386|5.4|5.4|2|8
47.4|86.7|1240|386|5.4|5.4|2|8
47.5|86.58|1384|386|5.4|5.4|2|8
47.6|86.43|1418|386|5.4|5.4|2|8
47.7|86.27|1330|386|5.4|5.4|2|8
47.8|86.15|1273|386|5.4|5.4|2|8
47.9|85.99|1219|386|5.4|5.4|2|8
48|85.89|1309|386|5.4|5.4|2|8
48.1|85.73|1211|386|5.4|5.4|2|8
48.2|85.53|1235|386|5.4|5.4|2|8
48.3|85.46|1268|386|5.4|5.4|2|8
48.4|85.25|1356|386|5.4|5.4|2|8
48.5|85.14|1204|386|5.4|5.4|2|8
48.6|85.01|1209|387|5.4|5.4|2|8
48.7|84.86|1276|387|5.4|5.4|2|8
48.8|84.66|1302|386|5.4|5.4|2|8
48.9|84.48|1162|386|5.4|5.4|2|8
49|84.35|1291|387|5.4|5.4|2|8
49.1|84.17|1302|387|5.4|5.4|2|8
49.2|84.08|1273|387|5.4|5.4|2|8
49.3|83.87|1515|386|5.4|5.4|2|8
49.4|83.73|1345|386|5.4|5.4|2|8
49.5|83.69|1196|386|5.4|5.4|2|8
49.6|83.62|1111|386|5.4|5.4|2|8
49.7|83.57|1137|387|5.4|5.4|2|8
49.8|83.5|1198|387|5.4|5.4|2|8
49.9|83.41|1131|386|5.4|5.4|2|8
50|83.29|1191|387|5.4|5.4|2|8
50.1|83.18|1196|386|5.4|5.4|2|8
50.2|83.14|1119|386|5.4|5.4|2|8
50.3|83.05|1242|386|5.4|5.4|2|8
50.4|82.89|1240|387|5.4|5.4|2|8
50.5|82.79|1229|386|5.4|5.4|2|8
50.6|82.7|1260|386|5.4|5.4|2|8
50.7|82.52|1327|386|5.4|5.4|2|8
50.8|82.39|1229|386|5.4|5.4|2|8
50.9|82.21|1242|386|5.4|5.4|2|8
51|82.16|1271|386|5.4|5.4|2|8
51.1|81.95|1366|387|5.4|5.4|2|8
51.2|81.75|1255|387|5.4|5.4|2|8
51.3|81.54|1299|386|5.4|5.4|6|8
51.4|80.31|1887|386|5.4|5.4|6|8
51.5|77.58|1969|386|5.4|5.4|6|8
51.6|74.86|59|386|5.4|5.4|7|8
51.7|72.62|0|384|5.4|5.4|7|8
51.8|71.57|0|384|5.4|5.4|7|8
51.9|71.1|0|384|5.4|5.4|7|8
52|70.86|0|384|5.4|5.4|7|8
52.1|70.77|0|384|5.4|5.4|7|8
52.2|70.77|0|384|5.4|5.4|7|8
52.3|70.71|0|384|5.4|5.4|7|8
52.4|70.7|0|384|5.4|5.4|7|8
52.5|70.71|0|384|5.4|5.4|7|8
52.6|70.69|0|384|5.4|5.4|7|8
52.7|70.66|0|384|5.4|5.4|7|8
52.8|70.7|0|384|5.4|5.4|7|8
52.9|70.7|0|384|5.4|5.4|7|8
53|70.71|0|384|5.4|5.4|7|8
53.1|70.74|0|384|5.4|5.4|7|8
53.2|70.71|0|384|5.4|5.4|7|8
53.3|70.69|0|384|5.4|5.4|7|8
53.4|70.67|0|384|5.4|5.4|7|8
53.5|70.65|0|384|5.4|5.4|7|8
53.6|70.7|0|384|5.4|5.4|7|8
53.7|70.74|0|384|5.4|5.4|7|8
53.8|70.71|0|383|5.4|5.4|7|8
53.9|70.71|0|384|5.4|5.4|7|8
54|70.69|0|383|5.4|5.4|7|8
54.1|70.67|0|384|5.4|5.4|7|8
54.2|70.67|0|384|5.4|5.4|7|8
54.3|70.67|0|384|5.4|5.4|7|8
54.4|70.67|0|384|5.4|5.4|7|8
54.5|70.69|0|383|5.4|5.4|7|8
54.6|70.67|0|384|5.4|5.4|7|8
54.7|70.65|0|384|5.4|5.4|7|8
54.8|70.7|0|384|5.4|5.4|7|8
54.9|70.71|0|383|5.4|5.4|7|8
55|70.7|0|384|5.4|5.4|7|8
55.1|70.67|0|384|5.4|5.4|7|8
55.2|70.65|0|384|5.4|5.4|7|8
55.3|70.69|0|384|5.4|5.4|7|8
55.4|70.7|0|384|5.4|5.4|7|8
55.5|70.74|0|384|5.4|5.4|7|8
55.6|70.67|0|384|5.4|5.4|7|8
55.7|70.67|0|384|5.4|5.4|7|8
55.8|70.69|0|384|5.4|5.4|7|8
55.9|70.69|0|384|5.4|5.4|7|8
56|70.7|0|384|5.4|5.4|7|8
56.1|70.69|0|384|5.4|5.4|7|8
56.2|70.69|0|383|5.4|5.4|7|8
56.3|70.67|0|383|5.4|5.4|7|8
56.4|70.67|0|383|5.4|5.4|7|8
56.5|70.66|0|383|5.4|5.4|7|8
56.6|70.63|0|383|5.4|5.4|7|8
56.7|70.65|0|383|5.4|5.4|7|8
56.8|70.69|0|383|5.4|5.4|7|8
56.9|70.71|0|384|5.4|5.4|7|8
57|70.67|0|384|5.4|5.4|7|8
57.1|70.67|0|384|5.4|5.4|7|8
57.2|70.67|0|384|5.4|5.4|7|8
57.3|70.67|0|384|5.4|5.4|7|8
57.4|70.67|0|384|5.4|5.4|7|8
57.5|70.67|0|384|5.4|5.4|7|8
57.6|70.69|0|384|5.4|5.4|7|8
57.7|70.69|0|384|5.4|5.4|7|8
57.8|70.67|0|384|5.4|5.4|7|8
57.9|70.67|0|384|5.4|5.4|7|8
58|70.67|0|384|5.4|5.4|7|8
58.1|70.67|0|384|5.4|5.4|7|8
58.2|70.67|0|384|5.4|5.4|7|8
58.3|70.66|0|384|5.4|5.4|7|8
58.4|70.66|0|384|5.4|5.4|7|8
58.5|70.67|0|384|5.4|5.4|7|8
58.6|70.67|0|383|5.4|5.4|7|8
58.7|70.67|0|384|5.4|5.4|7|8
58.8|70.67|0|384|5.4|5.4|7|8
58.9|70.69|0|383|5.4|5.4|7|8
59|70.69|0|384|5.4|5.4|7|8
59.1|70.67|0|384|5.4|5.4|7|8
59.2|70.66|0|384|5.4|5.4|7|8
59.3|70.67|0|384|5.4|5.4|7|8
59.4|70.67|0|384|5.4|5.4|7|8
59.5|70.67|0|384|5.4|5.4|7|8
59.6|70.66|0|384|5.4|5.4|7|8
59.7|70.67|0|384|5.4|5.4|7|8
59.8|70.67|0|384|5.4|5.4|7|8
59.9|70.67|0|384|5.4|5.4|7|8
60|70.67|0|384|5.4|5.4|7|8
60.1|70.67|0|384|5.4|5.4|7|8
60.2|70.67|0|383|5.4|5.4|7|8
60.3|70.69|0|383|5.4|5.4|7|8
60.4|70.66|0|383|5.4|5.4|7|8
60.5|70.66|0|383|5.4|5.4|7|8
60.6|70.66|0|383|5.4|5.4|7|8
60.7|70.63|0|384|5.4|5.4|7|8
60.8|70.63|0|383|5.4|5.4|7|8
60.9|70.62|0|384|5.4|5.4|7|8
61|70.63|0|384|5.4|5.4|7|8
61.1|70.66|0|384|5.4|5.4|7|8
61.2|70.69|0|384|5.4|5.4|7|8
61.3|70.69|0|383|5.4|5.4|7|8
61.4|70.69|0|384|5.4|5.4|7|8
61.5|70.67|0|384|5.4|5.4|7|8
61.6|70.67|0|383|5.4|5.4|7|8
61.7|70.67|0|383|5.4|5.4|7|8
61.8|70.67|0|383|5.4|5.4|7|8
61.9|70.67|0|384|5.4|5.4|7|8
62|70.66|0|384|5.4|5.4|7|8
62.1|70.69|0|384|5.4|5.4|7|8
62.2|70.67|0|383|5.4|5.4|7|8
62.3|70.66|0|383|5.4|5.4|7|8
62.4|70.69|0|383|5.4|5.4|7|8
62.5|70.69|0|383|5.4|5.4|7|8
62.6|70.67|0|383|5.4|5.4|7|8
62.7|70.66|0|383|5.4|5.4|7|8
62.8|70.66|0|383|5.4|5.4|7|8
62.9|70.65|0|384|5.4|5.4|7|8
63|70.67|0|386|5.4|5.4|7|8
63.1|70.65|0|386|5.4|5.4|7|8
63.2|70.65|0|386|5.4|5.4|7|8
63.3|70.62|0|386|5.4|5.4|7|8
63.4|70.61|0|386|5.4|5.4|7|8
63.5|70.63|0|386|5.4|5.4|7|8
63.6|70.63|0|386|5.4|5.4|7|8
63.7|70.62|0|386|5.4|5.4|7|8
63.8|70.62|0|386|5.4|5.4|7|8
63.9|70.67|0|387|5.4|5.4|7|8
64|70.7|0|387|5.4|5.4|7|8
64.1|70.7|0|387|5.4|5.4|7|8
64.2|70.67|0|387|5.4|5.4|7|8
64.3|70.67|0|387|5.4|5.4|7|8
64.4|70.67|0|386|5.4|5.4|7|8
64.5|70.67|0|387|5.4|5.4|7|8
64.6|70.69|0|386|5.4|5.4|8|8
64.7|70.66|0|386|5.4|5.4|8|8
64.8|70.54|0|386|5.4|5.4|8|8
64.9|70.53|0|386|5.4|5.4|8|8
65|70.58|0|386|5.4|5.4|8|8
65.1|70.61|0|386|5.4|5.4|8|8
65.2|70.61|0|386|5.4|5.4|8|8
65.3|70.66|0|386|5.4|5.4|8|8
65.4|70.67|0|386|5.4|5.4|8|8
65.5|70.63|0|386|5.4|5.4|8|8
65.6|70.55|0|386|5.3|5.4|8|8
65.7|70.55|0|386|5.3|5.3|8|8
65.8|70.62|0|386|5.3|5.3|8|8
65.9|70.66|0|387|5.3|5.3|8|8
66|70.63|0|387|5.3|5.3|8|8
66.1|70.62|0|386|5.3|5.3|8|8
66.2|70.55|0|386|5.3|5.3|8|8
66.3|70.57|0|386|5.3|5.3|8|8
66.4|70.62|0|386|5.3|5.3|8|8
66.5|70.62|0|386|5.3|5.3|8|8
66.6|71.28|0|386|5.2|5.2|8|8
66.7|74.27|0|386|5.2|5.2|8|8
66.8|77.28|0|386|5.2|5.2|8|8
66.9|80.32|0|387|5.2|5.2|8|8
67|83.29|0|387|5.2|5.2|8|8
67.1|86.31|0|387|5.2|5.2|8|8
67.2|89.23|0|386|5.2|5.2|8|8
67.3|92.23|0|387|5.2|5.2|8|8
67.4|94.51|0|387|5.2|5.2|8|8
67.5|95.46|0|387|5.2|5.2|8|8
67.6|95.84|0|387|5.2|5.2|9|8
