0|96.14|1523|402|4.8|4.8|1|8
0.1|96.14|1794|407|4.8|4.8|1|8
0.2|96.05|1544|409|4.8|4.8|1|8
0.3|96.08|1211|408|4.8|4.8|1|8
0.4|96.09|1191|408|4.8|4.8|1|8
0.5|96.1|1191|408|4.8|4.8|2|8
0.6|95.81|1289|408|4.8|4.8|2|8
0.7|95.43|1472|408|4.8|4.8|2|8
0.8|95.03|1915|409|4.8|4.8|3|8
0.9|94.76|2000|411|4.8|4.8|3|8
1|94.57|2021|411|4.8|4.8|3|8
1.1|94.53|2031|412|4.8|4.8|3|8
1.2|94.51|2039|412|4.8|4.8|3|8
1.3|94.43|2044|412|4.8|4.8|3|8
1.4|94.44|2049|412|4.8|4.8|3|8
1.5|94.44|2054|412|4.8|4.8|3|8
1.6|94.49|2059|412|4.8|4.8|3|8
1.7|94.43|2062|412|4.8|4.8|3|8
1.8|94.45|2067|412|4.8|4.8|3|8
1.9|94.45|2070|412|4.8|4.8|3|8
2|94.47|2072|412|4.8|4.8|3|8
2.1|94.47|2075|412|4.8|4.8|3|8
2.2|94.44|2077|412|4.8|4.8|3|8
2.3|94.44|2080|412|4.8|4.8|3|8
2.4|94.44|2082|412|4.8|4.8|3|8
2.5|94.47|2082|412|4.8|4.8|3|8
2.6|94.45|2085|412|4.8|4.8|3|8
2.7|94.43|2085|412|4.8|4.8|3|8
2.8|94.43|2085|412|4.8|4.8|4|8
2.9|94.6|2088|412|4.8|4.8|4|8
3|94.66|2082|412|4.8|4.8|4|8
3.1|94.94|2080|412|4.8|4.8|4|8
3.2|95.68|1564|413|4.8|4.8|4|8
3.3|96.23|1198|412|4.8|4.8|5|8
3.4|96.48|1191|412|4.8|4.8|5|8
3.5|96.67|1188|412|4.8|4.8|5|8
3.6|96.65|1186|412|4.8|4.8|5|8
3.7|96.59|1183|412|4.8|4.8|5|8
3.8|96.63|1183|411|4.8|4.8|5|8
3.9|96.65|1180|411|4.8|4.8|5|8
4|96.64|1183|412|4.8|4.8|5|8
4.1|96.59|1180|412|4.8|4.8|5|8
4.2|96.64|1180|412|4.8|4.8|5|8
4.3|96.68|1178|412|4.9|4.9|5|8
4.4|96.63|1178|412|4.8|4.8|5|8
4.5|96.64|1180|412|4.9|4.9|5|8
4.6|96.64|1180|412|4.9|4.9|5|8
4.7|96.59|1180|412|4.9|4.9|5|8
4.8|96.64|1180|412|4.9|4.9|5|8
4.9|96.64|1175|412|4.9|4.9|5|8
5|96.63|1178|412|4.9|4.9|5|8
5.1|96.64|1175|412|4.9|4.9|5|8
5.2|96.65|1178|412|4.9|4.9|5|8
5.3|96.59|1178|412|4.9|4.9|2|8
5.4|96.41|1180|412|4.9|4.9|2|8
5.5|96.37|1180|412|4.9|4.9|2|8
5.6|95.72|1180|412|4.9|4.9|2|8
5.7|95.15|1706|412|4.9|4.9|2|8
5.8|94.76|2039|412|4.9|4.9|3|8
5.9|94.47|2067|413|4.9|4.9|3|8
6|94.49|2080|413|4.9|4.9|3|8
6.1|94.31|2088|413|4.9|4.9|3|8
6.2|94.29|2090|413|4.9|4.9|3|8
6.3|94.24|2093|413|4.9|4.9|3|8
6.4|94.23|2095|414|4.9|4.9|3|8
6.5|94.27|2098|413|4.9|4.9|3|8
6.6|94.21|2098|413|4.9|4.9|3|8
6.7|94.28|2098|413|4.9|4.9|3|8
6.8|94.28|2101|413|4.9|4.9|3|8
6.9|94.28|2103|414|4.9|4.9|3|8
7|94.23|2106|414|4.9|4.9|3|8
7.1|94.23|2106|414|4.9|4.9|3|8
7.2|94.25|2108|414|4.9|4.9|3|8
7.3|94.23|2106|414|4.9|4.9|3|8
7.4|94.25|2108|414|4.9|4.9|3|8
7.5|94.28|2111|414|4.9|4.9|3|8
7.6|94.21|2111|414|4.9|4.9|3|8
7.7|94.27|2111|414|4.9|4.9|3|8
7.8|94.29|2113|414|4.9|4.9|4|8
7.9|94.48|2108|414|4.9|4.9|4|8
8|94.57|2106|414|4.9|4.9|4|8
8.1|95.14|1802|414|4.9|4.9|4|8
8.2|95.74|1196|414|4.9|4.9|5|8
8.3|96.06|1183|414|4.9|4.9|5|8
8.4|96.09|1178|414|4.9|4.9|5|8
8.5|96.25|1178|414|4.9|4.9|5|8
8.6|96.29|1175|413|4.9|4.9|5|8
8.7|96.24|1170|413|4.9|4.9|5|8
8.8|96.21|1170|413|4.9|4.9|5|8
8.9|96.17|1168|413|4.9|4.9|5|8
9|96.27|1168|413|4.9|4.9|5|8
9.1|96.27|1170|413|4.9|4.9|5|8
9.2|96.25|1170|413|4.9|4.9|5|8
9.3|96.21|1173|413|4.9|4.9|5|8
9.4|96.19|1173|413|4.9|4.9|5|8
9.5|96.27|1170|413|4.9|4.9|5|8
9.6|96.25|1173|413|4.9|4.9|5|8
9.7|96.23|1178|413|4.9|4.9|5|8
9.8|96.17|1168|413|4.9|4.9|5|8
9.9|96.23|1170|413|4.9|4.9|5|8
10|96.25|1170|413|4.9|4.9|5|8
10.1|96.25|1170|412|4.9|4.9|5|8
10.2|96.2|1170|412|4.9|4.9|2|8
10.3|96.05|1168|412|4.9|4.9|2|8
10.4|96|1170|412|4.9|4.9|2|8
10.5|95.38|1173|412|4.9|4.9|2|8
10.6|94.83|1881|412|4.9|4.9|3|8
10.7|94.45|2077|409|4.9|4.9|3|8
10.8|94.2|2103|407|4.9|4.9|3|8
10.9|94.05|2113|405|4.9|4.9|3|8
11|93.97|2121|405|4.9|4.9|3|8
11.1|94.01|2121|405|4.9|4.9|3|8
11.2|94.01|2126|405|5|4.9|3|8
11.3|94.01|2129|405|5|4.9|3|8
11.4|94|2129|405|5|5|3|8
11.5|94|2131|405|5|5|3|8
11.6|93.98|2131|405|5|5|3|8
11.7|94.04|2134|405|5|5|3|8
11.8|94.04|2134|405|5|5|3|8
11.9|94.04|2137|405|5|5|3|8
12|93.92|2137|405|5|5|3|8
12.1|93.97|2137|405|5|5|3|8
12.2|94|2137|405|5|5|3|8
12.3|94.01|2139|405|5|5|3|8
12.4|94.02|2139|405|5|5|3|8
12.5|94.01|2139|405|5|5|3|8
12.6|93.98|2139|405|5|5|4|8
12.7|94.1|2139|405|5|5|4|8
12.8|94.41|2134|405|5|5|4|8
12.9|94.32|2134|405|5|5|4|8
13|95.06|1678|406|5|5|4|8
13.1|95.55|1196|405|5|5|5|8
13.2|95.85|1188|405|5|5|5|8
13.3|96|1183|405|5|5|5|8
13.4|96.04|1180|405|5|5|5|8
13.5|96.04|1180|404|5|5|5|8
13.6|96.04|1180|404|5|5|5|8
13.7|96.04|1188|404|5|5|5|8
13.8|96.02|1191|404|5|5|5|8
13.9|96.04|1188|404|5|5|5|8
14|96.04|1191|404|5|5|5|8
14.1|96.02|1188|404|5|5|5|8
14.2|96.04|1186|404|5|5|5|8
14.3|96.04|1186|404|5|5|5|8
14.4|96.01|1173|404|5|5|5|8
14.5|96.01|1173|403|5|5|5|8
14.6|96.08|1173|404|5|5|5|8
14.7|96.05|1170|404|5|5|5|8
14.8|96.01|1170|403|5|5|5|8
14.9|96|1170|403|5|5|5|8
15|96.08|1173|403|5|5|5|8
15.1|96.04|1175|403|5|5|2|8
15.2|95.89|1178|402|5|5|2|8
15.3|95.8|1178|403|5|5|2|8
15.4|95.1|1183|402|5|5|2|8
15.5|94.49|1959|404|5|5|3|8
15.6|94.09|2106|404|5|5|3|8
15.7|93.94|2124|404|5|5|3|8
15.8|93.85|2134|404|5|5|3|8
15.9|93.88|2139|404|5|5|3|8
16|93.65|2142|404|5|5|3|8
16.1|93.85|2144|404|5|5|3|8
16.2|93.74|2147|404|5|5|3|8
16.3|93.73|2147|405|5|5|3|8
16.4|93.76|2149|405|5|5|3|8
16.5|93.82|2149|404|5|5|3|8
16.6|93.76|2149|404|5|5|3|8
16.7|93.7|2152|404|5|5|3|8
16.8|93.7|2152|404|5|5|3|8
16.9|93.74|2152|404|5.1|5.1|3|8
17|93.81|2152|404|5.1|5.1|3|8
17.1|93.8|2152|404|5.1|5.1|3|8
17.2|93.73|2152|404|5.1|5.1|3|8
17.3|93.7|2152|404|5.1|5.1|3|8
17.4|93.78|2155|404|5.1|5.1|3|8
17.5|93.81|2155|404|5.1|5.1|4|8
17.6|93.85|2157|404|5.1|5.1|4|8
17.7|93.93|2155|404|5.1|5.1|4|8
17.8|94.09|2147|405|5.1|5.1|4|8
17.9|94.83|1603|405|5.1|5.1|5|8
18|95.33|1193|405|5.1|5.1|5|8
18.1|95.58|1186|405|5.1|5.1|5|8
18.2|95.63|1178|404|5.1|5.1|5|8
18.3|95.72|1178|404|5.1|5.1|5|8
18.4|95.78|1175|404|5.1|5.1|5|8
18.5|95.7|1175|404|5.1|5.1|5|8
18.6|95.72|1173|404|5.1|5.1|5|8
18.7|95.77|1173|404|5.1|5.1|5|8
18.8|95.81|1173|403|5.1|5.1|5|8
18.9|95.72|1173|403|5.1|5.1|5|8
19|95.7|1175|403|5.1|5.1|5|8
19.1|95.81|1175|403|5.1|5.1|5|8
19.2|95.73|1170|403|5.1|5.1|5|8
19.3|95.59|1173|402|5.1|5.1|5|8
19.4|95.74|1173|402|5.1|5.1|5|8
19.5|95.8|1173|403|5.1|5.1|5|8
19.6|95.73|1173|402|5.1|5.1|5|8
19.7|95.7|1173|402|5.1|5.1|5|8
19.8|95.8|1173|402|5.1|5.1|5|8
19.9|95.72|1178|402|5.1|5.1|2|8
20|95.73|1183|402|5.1|5.1|2|8
20.1|95.59|1186|402|5.1|5.1|2|8
20.2|95.37|1188|402|5.1|5.1|2|8
20.3|94.75|1193|402|5.1|5.1|2|8
20.4|94.09|2064|402|5.1|5.1|3|8
20.5|93.93|2137|403|5.1|5.1|3|8
20.6|93.72|2152|403|5.1|5.1|3|8
20.7|93.46|2162|401|5.1|5.1|3|8
20.8|93.51|2168|400|5.1|5.1|3|8
20.9|93.57|2173|400|5.1|5.1|3|8
21|93.61|2175|400|5.1|5.1|3|8
21.1|93.55|2178|400|5.1|5.1|3|8
21.2|93.58|2178|400|5.1|5.1|3|8
21.3|93.61|2180|400|5.1|5.1|3|8
21.4|93.46|2180|400|5.1|5.1|3|8
21.5|93.53|2183|400|5.1|5.1|3|8
21.6|93.55|2183|400|5.1|5.1|3|8
21.7|93.53|2180|400|5.1|5.1|3|8
21.8|93.58|2186|400|5.1|5.1|3|8
21.9|93.5|2186|400|5.1|5.1|3|8
22|93.54|2186|400|5.1|5.1|3|8
22.1|93.54|2186|400|5.1|5.1|3|8
22.2|93.61|2186|400|5.1|5.1|3|8
22.3|93.47|2186|400|5.1|5.1|3|8
22.4|93.6|2186|400|5.1|5.1|4|8
22.5|93.84|2186|400|5.2|5.1|4|8
22.6|93.86|2183|400|5.1|5.1|4|8
22.7|94.05|2173|401|5.1|5.1|4|8
22.8|94.82|1554|401|5.2|5.1|4|8
22.9|95.33|1196|400|5.2|5.1|5|8
23|95.58|1191|400|5.2|5.1|5|8
23.1|95.63|1183|400|5.2|5.2|5|8
23.2|95.76|1183|400|5.2|5.2|5|8
23.3|95.78|1180|400|5.2|5.2|5|8
23.4|95.72|1178|400|5.2|5.2|5|8
23.5|95.63|1180|400|5.2|5.2|5|8
23.6|95.81|1186|399|5.2|5.2|5|8
23.7|95.74|1188|399|5.2|5.2|5|8
23.8|95.72|1186|399|5.2|5.2|5|8
23.9|95.59|1183|399|5.2|5.2|5|8
24|95.82|1178|399|5.2|5.2|5|8
24.1|95.69|1178|398|5.2|5.2|5|8
24.2|95.7|1178|399|5.2|5.2|5|8
24.3|95.69|1178|398|5.2|5.2|5|8
24.4|95.73|1178|398|5.2|5.2|5|8
24.5|95.73|1180|398|5.2|5.2|5|8
24.6|95.74|1180|398|5.2|5.2|5|8
24.7|95.8|1178|398|5.2|5.2|5|8
24.8|95.8|1180|398|5.2|5.2|5|8
24.9|95.74|1178|398|5.2|5.2|2|8
25|95.53|1198|398|5.2|5.2|2|8
25.1|95.45|1206|398|5.2|5.2|2|8
25.2|94.83|1211|398|5.2|5.2|2|8
25.3|94.1|1987|399|5.2|5.2|3|8
25.4|93.85|2147|400|5.2|5.2|3|8
25.5|93.55|2160|400|5.2|5.2|3|8
25.6|93.64|2168|400|5.2|5.2|3|8
25.7|93.45|2173|400|5.2|5.2|3|8
25.8|93.39|2175|400|5.2|5.2|3|8
25.9|93.37|2178|400|5.2|5.2|3|8
26|93.46|2180|400|5.2|5.2|3|8
26.1|93.51|2180|400|5.2|5.2|3|8
26.2|93.42|2183|400|5.2|5.2|3|8
26.3|93.41|2186|400|5.2|5.2|3|8
26.4|93.5|2186|400|5.2|5.2|3|8
26.5|93.45|2188|400|5.2|5.2|3|8
26.6|93.39|2191|400|5.2|5.2|3|8
26.7|93.43|2191|400|5.2|5.2|3|8
26.8|93.49|2193|400|5.2|5.2|3|8
26.9|93.43|2191|400|5.2|5.2|3|8
27|93.42|2193|400|5.2|5.2|3|8
27.1|93.39|2193|400|5.2|5.2|3|8
27.2|93.45|2196|400|5.2|5.2|3|8
27.3|93.51|2196|400|5.2|5.2|4|8
27.4|93.54|2196|400|5.2|5.2|4|8
27.5|93.65|2193|400|5.2|5.2|4|8
27.6|93.85|2186|400|5.2|5.2|4|8
27.7|94.64|2041|400|5.2|5.2|4|8
27.8|95.18|1219|400|5.2|5.2|5|8
27.9|95.43|1191|400|5.2|5.2|5|8
28|95.55|1186|400|5.2|5.2|5|8
28.1|95.59|1186|399|5.2|5.2|5|8
28.2|95.7|1183|399|5.2|5.2|5|8
28.3|95.72|1183|399|5.2|5.2|5|8
28.4|95.72|1178|399|5.2|5.2|5|8
28.5|95.69|1186|398|5.2|5.2|5|8
28.6|95.68|1193|398|5.2|5.2|5|8
28.7|95.7|1198|398|5.2|5.2|5|8
28.8|95.68|1201|398|5.2|5.2|5|8
28.9|95.69|1198|398|5.2|5.2|5|8
29|95.68|1175|398|5.2|5.2|5|8
29.1|95.69|1178|398|5.2|5.2|5|8
29.2|95.68|1178|398|5.2|5.2|5|8
29.3|95.66|1180|398|5.2|5.2|5|8
29.4|95.59|1178|398|5.2|5.2|5|8
29.5|95.68|1180|398|5.2|5.2|5|8
29.6|95.7|1180|398|5.2|5.2|5|8
29.7|95.72|1180|398|5.2|5.2|5|8
29.8|95.7|1178|398|5.2|5.2|2|8
29.9|95.53|1180|398|5.2|5.2|2|8
30|95.46|1180|398|5.2|5.2|2|8
30.1|95.02|1196|398|5.2|5.2|2|8
30.2|94.39|1585|398|5.2|5.2|2|8
30.3|93.93|2134|398|5.2|5.2|3|8
30.4|93.54|2165|398|5.2|5.2|3|8
30.5|93.6|2178|398|5.2|5.2|3|8
30.6|93.39|2186|398|5.2|5.2|3|8
30.7|93.39|2188|396|5.2|5.2|3|8
30.8|93.49|2191|396|5.2|5.2|3|8
30.9|93.43|2193|396|5.2|5.2|3|8
31|93.43|2198|396|5.2|5.2|3|8
31.1|93.38|2201|396|5.2|5.2|3|8
31.2|93.42|2201|396|5.2|5.2|3|8
31.3|93.47|2204|396|5.2|5.2|3|8
31.4|93.43|2206|396|5.2|5.2|3|8
31.5|93.49|2206|396|5.2|5.2|3|8
31.6|93.41|2206|396|5.3|5.2|3|8
31.7|93.38|2206|396|5.2|5.2|3|8
31.8|93.42|2206|396|5.2|5.2|3|8
31.9|93.47|2206|396|5.3|5.3|3|8
32|93.42|2209|396|5.3|5.3|3|8
32.1|93.38|2209|396|5.3|5.3|3|8
32.2|93.43|2209|396|5.3|5.3|3|8
32.3|93.49|2209|396|5.3|5.3|4|8
32.4|93.61|2206|396|5.3|5.3|4|8
32.5|93.8|2201|396|5.3|5.3|4|8
32.6|94.45|2137|396|5.3|5.3|4|8
32.7|95.08|1869|396|5.3|5.3|4|8
32.8|95.53|1253|396|5.3|5.3|5|8
32.9|95.73|1193|396|5.3|5.3|5|8
33|95.82|1191|396|5.3|5.3|5|8
33.1|95.9|1188|395|5.3|5.3|5|8
33.2|95.88|1186|395|5.3|5.3|5|8
33.3|95.97|1188|394|5.3|5.3|5|8
33.4|95.96|1183|394|5.3|5.3|5|8
33.5|96.02|1183|394|5.3|5.3|5|8
33.6|95.9|1183|394|5.3|5.3|5|8
33.7|95.92|1186|394|5.3|5.3|5|8
33.8|95.85|1186|394|5.3|5.3|5|8
33.9|95.92|1183|394|5.3|5.3|5|8
34|95.98|1186|394|5.3|5.3|5|8
34.1|95.94|1188|394|5.3|5.3|5|8
34.2|95.86|1186|394|5.3|5.3|5|8
34.3|95.92|1191|394|5.3|5.3|5|8
34.4|95.94|1186|394|5.3|5.3|5|8
34.5|96|1186|394|5.3|5.3|5|8
34.6|95.94|1186|394|5.3|5.3|5|8
34.7|95.94|1186|394|5.3|5.3|5|8
34.8|95.97|1186|394|5.3|5.3|2|8
34.9|95.77|1186|394|5.3|5.3|2|8
35|95.69|1188|394|5.3|5.3|2|8
35.1|95.18|1201|394|5.3|5.3|2|8
35.2|94.51|1451|394|5.3|5.3|2|8
35.3|93.97|2111|394|5.3|5.3|3|8
35.4|93.58|2175|394|5.3|5.3|3|8
35.5|93.55|2188|394|5.3|5.3|3|8
35.6|93.39|2196|394|5.3|5.3|3|8
35.7|93.38|2201|394|5.3|5.3|3|8
35.8|93.42|2204|394|5.3|5.3|3|8
35.9|93.43|2206|394|5.3|5.3|3|8
36|93.45|2209|394|5.3|5.3|3|8
36.1|93.37|2209|394|5.3|5.3|3|8
36.2|93.43|2211|394|5.3|5.3|3|8
36.3|93.45|2211|394|5.3|5.3|3|8
36.4|93.37|2214|394|5.3|5.3|3|8
36.5|93.47|2214|394|5.3|5.3|3|8
36.6|93.35|2214|395|5.3|5.3|3|8
36.7|93.45|2214|394|5.3|5.3|3|8
36.8|93.42|2214|394|5.3|5.3|3|8
36.9|93.37|2214|394|5.3|5.3|3|8
37|93.39|2211|394|5.3|5.3|3|8
37.1|93.43|2211|394|5.3|5.3|3|8
37.2|93.43|2211|394|5.3|5.3|3|8
37.3|93.41|2214|394|5.3|5.3|4|8
37.4|93.53|2211|394|5.3|5.3|4|8
37.5|93.51|2209|394|5.3|5.3|4|8
37.6|94.31|2186|394|5.3|5.3|4|8
37.7|94.88|2088|395|5.3|5.3|4|8
37.8|95.35|1222|395|5.3|5.3|2|8
37.9|95.49|1193|394|5.3|5.3|2|8
38|95.49|1191|394|5.3|5.3|2|8
38.1|95.61|1188|394|5.3|5.3|2|8
38.2|95.5|1186|394|5.3|5.3|2|8
38.3|95.46|1198|394|5.3|5.3|2|8
38.4|95.35|1191|394|5.3|5.3|2|8
38.5|95.3|1191|394|5.3|5.3|2|8
38.6|95.3|1191|394|5.3|5.3|2|8
38.7|95.23|1193|394|5.3|5.3|2|8
38.8|95.25|1209|393|5.3|5.3|2|8
38.9|95.21|1196|394|5.3|5.3|2|8
39|95.18|1191|394|5.3|5.3|2|8
39.1|95.1|1188|394|5.3|5.3|2|8
39.2|94.99|1188|394|5.3|5.3|2|8
39.3|94.88|1193|393|5.3|5.3|2|8
39.4|94.79|1196|393|5.3|5.3|2|8
39.5|94.78|1296|394|5.3|5.3|2|8
39.6|94.64|1204|394|5.3|5.3|2|8
39.7|94.59|1229|394|5.3|5.3|2|8
39.8|94.47|1214|393|5.3|5.3|2|8
39.9|94.41|1325|393|5.3|5.3|2|8
40|94.32|1255|394|5.3|5.3|2|8
40.1|94.37|1327|394|5.3|5.3|2|8
40.2|94.17|1247|394|5.3|5.3|2|8
40.3|94.15|1273|394|5.3|5.3|2|8
40.4|94.08|1227|394|5.3|5.3|2|8
40.5|94.06|1340|394|5.3|5.3|2|8
40.6|93.97|1508|393|5.3|5.3|2|8
40.7|93.93|1397|393|5.3|5.3|2|8
40.8|93.7|1317|392|5.3|5.3|2|8
40.9|93.62|1206|391|5.3|5.3|2|8
41|93.72|1198|390|5.3|5.3|2|8
41.1|93.54|1284|390|5.3|5.3|2|8
41.2|93.58|1353|390|5.3|5.3|2|8
41.3|93.42|1384|390|5.3|5.3|2|8
41.4|93.31|1224|390|5.3|5.3|2|8
41.5|93.11|1289|390|5.3|5.3|2|8
41.6|93.11|1201|390|5.3|5.3|2|8
41.7|93.27|1361|389|5.3|5.3|2|8
41.8|93.1|1521|390|5.3|5.3|2|8
41.9|92.98|1389|390|5.3|5.3|2|8
42|92.82|1338|390|5.3|5.3|2|8
42.1|92.71|1302|390|5.3|5.3|2|8
42.2|92.7|1289|389|5.3|5.3|2|8
42.3|92.68|1214|389|5.3|5.3|2|8
42.4|92.44|1232|389|5.3|5.3|2|8
42.5|92.39|1235|389|5.3|5.3|2|8
42.6|92.37|1224|389|5.3|5.3|2|8
42.7|92.24|1273|389|5.3|5.3|2|8
42.8|92.12|1286|390|5.3|5.3|2|8
42.9|92.09|1250|390|5.3|5.3|2|8
43|92.01|1216|390|5.3|5.3|2|8
43.1|91.84|1335|390|5.3|5.3|2|8
43.2|91.73|1260|391|5.3|5.3|2|8
43.3|91.65|1278|390|5.3|5.3|2|8
43.4|91.49|1250|390|5.3|5.3|2|8
43.5|91.56|1211|390|5.3|5.3|2|8
43.6|91.45|1353|390|5.3|5.3|2|8
43.7|91.29|1469|390|5.3|5.3|2|8
43.8|91.02|1245|390|5.3|5.3|2|8
43.9|91.02|1206|390|5.3|5.3|2|8
44|90.95|1237|390|5.3|5.3|2|8
44.1|90.8|1317|390|5.3|5.3|2|8
44.2|90.71|1477|390|5.3|5.3|2|8
44.3|90.62|1363|390|5.3|5.3|2|8
44.4|90.56|1276|390|5.3|5.3|2|8
44.5|90.43|1281|389|5.3|5.3|2|8
44.6|90.33|1227|389|5.3|5.3|2|8
44.7|90.21|1235|389|5.3|5.3|2|8
44.8|90.07|1276|390|5.3|5.3|2|8
44.9|89.94|1242|390|5.3|5.3|2|8
45|89.85|1265|389|5.3|5.3|2|8
45.1|89.78|1327|390|5.3|5.3|2|8
45.2|89.58|1379|390|5.3|5.3|2|8
45.3|89.46|1294|390|5.3|5.3|2|8
45.4|89.38|1271|388|5.3|5.3|2|8
45.5|89.15|1268|389|5.3|5.3|2|8
45.6|89.14|1286|388|5.3|5.3|2|8
45.7|89.02|1544|388|5.3|5.3|2|8
45.8|88.91|1353|389|5.3|5.3|2|8
45.9|88.76|1312|389|5.3|5.3|2|8
46|88.64|1351|390|5.3|5.3|2|8
46.1|88.51|1265|390|5.3|5.3|2|8
46.2|88.37|1415|388|5.3|5.3|2|8
46.3|88.24|1351|389|5.3|5.3|2|8
46.4|88.11|1320|389|5.3|5.3|2|8
46.5|87.92|1314|390|5.3|5.3|2|8
46.6|87.76|1433|389|5.3|5.3|2|8
46.7|87.6|1358|390|5.3|5.3|2|8
46.8|87.61|1245|388|5.3|5.3|2|8
46.9|87.44|1304|388|5.3|5.3|2|8
47|87.23|1245|388|5.3|5.3|2|8
47.1|87.15|1271|388|5.3|5.3|2|8
47.2|86.98|1271|388|5.3|5.3|2|8
47.3|86.82|1371|388|5.3|5.3|2|8
47.4|86.66|1490|388|5.3|5.3|2|8
47.5|86.51|1343|388|5.3|5.3|2|8
47.6|86.29|1363|388|5.3|5.3|2|8
47.7|86.23|1387|389|5.3|5.3|2|8
47.8|86.04|1327|389|5.3|5.3|2|8
47.9|85.95|1459|388|5.3|5.3|2|8
48|85.77|1348|388|5.3|5.3|2|8
48.1|85.57|1286|388|5.3|5.3|2|8
48.2|85.41|1433|388|5.3|5.3|2|8
48.3|85.25|1317|388|5.3|5.3|2|8
48.4|85.09|1263|388|5.3|5.3|2|8
48.5|84.93|1265|388|5.3|5.3|2|8
48.6|84.82|1284|388|5.3|5.3|2|8
48.7|84.52|1307|387|5.3|5.3|2|8
48.8|84.4|1335|388|5.3|5.3|2|8
48.9|84.23|1394|388|5.3|5.3|2|8
49|84.12|1351|388|5.3|5.3|2|8
49.1|83.87|1312|388|5.3|5.3|2|8
49.2|83.65|1531|388|5.3|5.3|2|8
49.3|83.48|1428|389|5.3|5.3|2|8
49.4|83.32|1312|388|5.3|5.3|2|8
49.5|83.13|1309|388|5.3|5.3|2|8
49.6|82.95|1317|388|5.3|5.3|2|8
49.7|82.78|1330|388|5.3|5.3|2|8
49.8|82.52|1278|388|5.3|5.3|2|8
49.9|82.36|1420|388|5.3|5.3|2|8
50|82.13|1356|388|5.3|5.3|6|8
50.1|80.39|2216|388|5.3|5.3|6|8
50.2|77.16|1729|388|5.3|5.3|6|8
50.3|73.96|0|386|5.3|5.3|7|8
50.4|72.28|0|384|5.3|5.3|7|8
50.5|71.73|0|384|5.3|5.3|7|8
50.6|71.45|0|384|5.3|5.3|7|8
50.7|71.33|0|384|5.3|5.3|7|8
50.8|71.32|0|384|5.3|5.3|7|8
50.9|71.3|0|384|5.3|5.3|7|8
51|71.3|0|384|5.3|5.3|7|8
51.1|71.3|0|384|5.3|5.3|7|8
51.2|71.32|0|384|5.3|5.3|7|8
51.3|71.29|0|384|5.3|5.3|7|8
51.4|71.25|0|384|5.3|5.3|7|8
51.5|71.28|0|384|5.3|5.3|7|8
51.6|71.29|0|384|5.3|5.3|7|8
51.7|71.26|0|384|5.3|5.3|7|8
51.8|71.26|0|384|5.3|5.3|7|8
51.9|71.37|0|384|5.3|5.3|7|8
52|71.32|0|384|5.3|5.3|7|8
52.1|71.3|0|384|5.3|5.3|7|8
52.2|71.28|0|384|5.3|5.3|7|8
52.3|71.26|0|384|5.3|5.3|7|8
52.4|71.3|0|384|5.3|5.3|7|8
52.5|71.33|0|384|5.3|5.3|7|8
52.6|71.28|0|384|5.3|5.3|7|8
52.7|71.28|0|384|5.3|5.3|7|8
52.8|71.32|0|384|5.3|5.3|7|8
52.9|71.25|0|384|5.3|5.3|7|8
53|71.33|0|384|5.3|5.3|7|8
53.1|71.28|0|384|5.3|5.3|7|8
53.2|71.25|0|384|5.3|5.3|7|8
53.3|71.3|0|384|5.3|5.3|7|8
53.4|71.26|0|384|5.3|5.3|7|8
53.5|71.25|0|384|5.3|5.3|7|8
53.6|71.29|0|384|5.3|5.3|7|8
53.7|71.29|0|384|5.3|5.3|7|8
53.8|71.28|0|384|5.3|5.3|7|8
53.9|71.28|0|384|5.3|5.3|7|8
54|71.24|0|384|5.3|5.3|7|8
54.1|71.28|0|384|5.3|5.3|7|8
54.2|71.28|0|384|5.3|5.3|7|8
54.3|71.3|0|384|5.3|5.3|7|8
54.4|71.34|0|384|5.3|5.3|7|8
54.5|71.29|0|384|5.3|5.3|7|8
54.6|71.28|0|384|5.3|5.3|7|8
54.7|71.29|0|384|5.3|5.3|7|8
54.8|71.29|0|384|5.3|5.3|7|8
54.9|71.29|0|384|5.3|5.3|7|8
55|71.29|0|384|5.3|5.3|7|8
55.1|71.28|0|382|5.3|5.3|7|8
55.2|71.29|0|382|5.3|5.3|7|8
55.3|71.29|0|382|5.3|5.3|7|8
55.4|71.29|0|382|5.3|5.3|7|8
55.5|71.26|0|382|5.3|5.3|7|8
55.6|71.26|0|382|5.3|5.3|7|8
55.7|71.25|0|382|5.3|5.3|7|8
55.8|71.32|0|382|5.3|5.3|7|8
55.9|71.29|0|382|5.3|5.3|7|8
56|71.29|0|382|5.3|5.3|7|8
56.1|71.28|0|382|5.3|5.3|7|8
56.2|71.29|0|382|5.3|5.3|7|8
56.3|71.28|0|382|5.3|5.3|7|8
56.4|71.25|0|382|5.3|5.3|7|8
56.5|71.3|0|382|5.3|5.3|7|8
56.6|71.29|0|382|5.3|5.3|7|8
56.7|71.29|0|382|5.3|5.3|7|8
56.8|71.29|0|382|5.3|5.3|7|8
56.9|71.26|0|382|5.3|5.3|7|8
57|71.22|0|382|5.3|5.3|7|8
57.1|71.28|0|382|5.3|5.3|7|8
57.2|71.26|0|382|5.3|5.3|7|8
57.3|71.3|0|382|5.3|5.3|7|8
57.4|71.28|0|382|5.3|5.3|7|8
57.5|71.28|0|382|5.3|5.3|7|8
57.6|71.28|0|382|5.3|5.3|7|8
57.7|71.28|0|382|5.3|5.3|7|8
57.8|71.26|0|382|5.3|5.3|7|8
57.9|71.26|0|382|5.3|5.3|7|8
58|71.24|0|382|5.3|5.3|7|8
58.1|71.28|0|382|5.3|5.3|7|8
58.2|71.26|0|382|5.3|5.3|7|8
58.3|71.29|0|382|5.3|5.3|7|8
58.4|71.29|0|382|5.3|5.3|7|8
58.5|71.29|0|382|5.3|5.3|7|8
58.6|71.25|0|382|5.3|5.3|7|8
58.7|71.24|0|382|5.3|5.3|7|8
58.8|71.28|0|382|5.3|5.3|7|8
58.9|71.29|0|382|5.3|5.3|7|8
59|71.26|0|382|5.3|5.3|7|8
59.1|71.26|0|382|5.3|5.3|7|8
59.2|71.24|0|382|5.3|5.3|7|8
59.3|71.28|0|382|5.3|5.3|7|8
59.4|71.26|0|382|5.3|5.3|7|8
59.5|71.28|0|382|5.3|5.3|7|8
59.6|71.3|0|382|5.3|5.3|7|8
59.7|71.29|0|382|5.3|5.3|7|8
59.8|71.26|0|382|5.3|5.3|7|8
59.9|71.29|0|382|5.3|5.3|7|8
60|71.26|0|382|5.3|5.3|7|8
60.1|71.28|0|382|5.3|5.3|7|8
60.2|71.28|0|382|5.3|5.3|7|8
60.3|71.26|0|382|5.3|5.3|7|8
60.4|71.22|0|382|5.3|5.3|7|8
60.5|71.25|0|382|5.3|5.3|7|8
60.6|71.24|0|383|5.3|5.3|7|8
60.7|71.22|0|388|5.3|5.3|7|8
60.8|71.24|0|390|5.3|5.3|7|8
60.9|71.25|0|392|5.3|5.3|7|8
61|71.25|0|392|5.3|5.3|7|8
61.1|71.28|0|392|5.3|5.3|7|8
61.2|71.26|0|392|5.3|5.3|7|8
61.3|71.26|0|392|5.3|5.3|7|8
61.4|71.28|0|392|5.3|5.3|7|8
61.5|71.28|0|392|5.3|5.3|7|8
61.6|71.26|0|392|5.3|5.3|7|8
61.7|71.26|0|392|5.3|5.3|7|8
61.8|71.26|0|392|5.3|5.3|7|8
61.9|71.28|0|392|5.3|5.3|7|8
62|71.28|0|392|5.3|5.3|7|8
62.1|71.26|0|392|5.3|5.3|7|8
62.2|71.26|0|392|5.3|5.3|7|8
62.3|71.26|0|392|5.3|5.3|7|8
62.4|71.26|0|392|5.3|5.3|7|8
62.5|71.26|0|392|5.3|5.3|7|8
62.6|71.26|0|392|5.3|5.3|7|8
62.7|71.26|0|392|5.3|5.3|7|8
62.8|71.3|0|392|5.3|5.3|7|8
62.9|71.28|0|392|5.3|5.3|7|8
63|71.3|0|392|5.3|5.3|7|8
63.1|71.28|0|392|5.3|5.3|7|8
63.2|71.24|0|392|5.3|5.3|7|8
63.3|71.24|0|392|5.3|5.3|8|8
63.4|71.13|0|392|5.3|5.3|8|8
63.5|71.12|0|392|5.3|5.3|8|8
63.6|71.05|0|392|5.3|5.3|8|8
63.7|71.1|0|392|5.3|5.3|8|8
63.8|71.2|0|392|5.2|5.3|8|8
63.9|71.25|0|392|5.2|5.2|8|8
64|71.26|0|392|5.2|5.2|8|8
64.1|71.29|0|392|5.2|5.2|8|8
64.2|71.33|0|392|5.2|5.2|8|8
64.3|71.32|0|392|5.2|5.2|8|8
64.4|71.33|0|392|5.1|5.1|8|8
64.5|71.3|0|392|5.1|5.1|8|8
64.6|71.32|0|392|5.1|5.1|8|8
64.7|71.32|0|392|5.1|5.1|8|8
64.8|71.32|0|392|5|5|8|8
64.9|71.26|0|392|5.1|5.1|8|8
65|71.26|0|392|5|5|8|8
65.1|71.25|0|392|5|5|8|8
65.2|71.26|0|392|5|5|8|8
65.3|72.49|0|392|5|5|8|8
65.4|75.33|0|392|5|5|8|8
65.5|78.27|0|392|5|5|8|8
65.6|81.13|0|392|5|5|8|8
65.7|84|0|392|4.9|4.9|8|8
65.8|86.79|0|392|4.9|4.9|8|8
65.9|89.64|0|392|4.9|4.9|8|8
66|92.49|0|392|4.9|4.9|8|8
66.1|94.56|0|392|4.9|4.9|8|8
66.2|95.47|0|392|4.9|4.9|8|8
