0|96.05|918|390|4.2|4.2|1|8
0.1|96.04|1015|391|4.2|4.2|1|8
0.2|96.02|1018|392|4.2|4.2|1|8
0.3|96.05|1028|392|4.2|4.2|1|8
0.4|96.06|1031|392|4.2|4.2|1|8
0.5|96.04|1034|392|4.2|4.2|2|8
0.6|95.74|1034|392|4.2|4.2|2|8
0.7|95.37|1026|392|4.2|4.2|2|8
0.8|94.92|1031|392|4.2|4.2|2|8
0.9|94.51|1031|392|4.2|4.2|2|8
1|93.97|1034|392|4.2|4.2|2|8
1.1|93.51|1523|392|4.2|4.2|2|8
1.2|93.19|1711|394|4.3|4.3|3|8
1.3|92.96|1742|394|4.3|4.3|3|8
1.4|92.86|1760|394|4.3|4.3|3|8
1.5|92.74|1768|394|4.3|4.3|3|8
1.6|92.74|1773|394|4.3|4.3|3|8
1.7|92.7|1776|394|4.3|4.3|3|8
1.8|92.67|1778|394|4.3|4.3|3|8
1.9|92.71|1781|394|4.3|4.3|3|8
2|92.71|1781|394|4.3|4.3|3|8
2.1|92.7|1781|394|4.3|4.3|3|8
2.2|92.72|1784|394|4.3|4.3|3|8
2.3|92.71|1786|394|4.4|4.3|3|8
2.4|92.7|1789|394|4.4|4.4|3|8
2.5|92.7|1791|394|4.4|4.4|3|8
2.6|92.74|1791|394|4.4|4.4|3|8
2.7|92.72|1794|394|4.4|4.4|3|8
2.8|92.74|1794|394|4.4|4.4|3|8
2.9|92.71|1794|394|4.4|4.4|3|8
3|92.64|1794|394|4.4|4.4|3|8
3.1|92.67|1796|394|4.4|4.4|3|8
3.2|92.76|1796|394|4.4|4.4|4|8
3.3|92.92|1791|394|4.4|4.4|4|8
3.4|93.33|1735|394|4.4|4.4|4|8
3.5|93.81|1067|393|4.4|4.4|5|8
3.6|94.02|1049|392|4.4|4.4|5|8
3.7|94.2|1049|392|4.4|4.4|5|8
3.8|94.17|1049|392|4.5|4.5|5|8
3.9|94.21|1049|392|4.5|4.5|5|8
4|94.23|1049|392|4.5|4.5|5|8
4.1|94.24|1046|392|4.5|4.5|5|8
4.2|94.25|1046|392|4.5|4.5|5|8
4.3|94.25|1046|392|4.5|4.5|5|8
4.4|94.27|1046|392|4.5|4.5|5|8
4.5|94.25|1046|392|4.5|4.5|5|8
4.6|94.2|1046|392|4.5|4.5|5|8
4.7|94.21|1046|392|4.5|4.5|5|8
4.8|94.24|1044|392|4.5|4.5|5|8
4.9|94.27|1041|392|4.5|4.5|5|8
5|94.25|1041|392|4.5|4.5|5|8
5.1|94.24|1041|392|4.5|4.5|5|8
5.2|94.23|1041|392|4.6|4.6|5|8
5.3|94.21|1044|392|4.6|4.6|5|8
5.4|94.24|1044|392|4.6|4.6|5|8
5.5|94.29|1046|392|4.6|4.6|2|8
5.6|94.01|1046|392|4.6|4.6|2|8
5.7|93.68|1046|392|4.6|4.6|2|8
5.8|93.26|1541|392|4.6|4.6|2|8
5.9|92.99|1737|393|4.6|4.6|3|8
6|92.78|1786|393|4.6|4.6|3|8
6.1|92.64|1799|394|4.6|4.6|3|8
6.2|92.63|1804|394|4.6|4.6|3|8
6.3|92.66|1807|394|4.6|4.6|3|8
6.4|92.56|1812|394|4.6|4.6|3|8
6.5|92.52|1812|394|4.6|4.6|3|8
6.6|92.6|1812|394|4.7|4.7|3|8
6.7|92.56|1812|394|4.7|4.7|3|8
6.8|92.53|1814|394|4.7|4.7|3|8
6.9|92.59|1812|394|4.7|4.7|3|8
7|92.56|1817|394|4.7|4.7|3|8
7.1|92.56|1817|394|4.7|4.7|3|8
7.2|92.56|1820|394|4.7|4.7|3|8
7.3|92.55|1817|394|4.7|4.7|3|8
7.4|92.52|1820|394|4.7|4.7|3|8
7.5|92.56|1822|394|4.7|4.7|3|8
7.6|92.56|1822|394|4.7|4.7|3|8
7.7|92.58|1822|394|4.7|4.7|3|8
7.8|92.53|1825|394|4.7|4.7|3|8
7.9|92.58|1825|394|4.7|4.7|4|8
8|92.76|1817|394|4.7|4.7|4|8
8.1|93.18|1714|394|4.8|4.8|4|8
8.2|93.69|1070|392|4.8|4.8|5|8
8.3|93.84|1057|392|4.8|4.8|5|8
8.4|93.92|1054|392|4.8|4.8|5|8
8.5|94.02|1054|392|4.8|4.8|5|8
8.6|94.04|1054|392|4.8|4.8|5|8
8.7|94.02|1054|392|4.8|4.8|5|8
8.8|94.04|1054|392|4.8|4.8|5|8
8.9|94.04|1054|392|4.8|4.8|5|8
9|94.05|1052|392|4.8|4.8|5|8
9.1|94.09|1049|392|4.8|4.8|5|8
9.2|94.06|1052|392|4.8|4.8|5|8
9.3|94.05|1052|391|4.8|4.8|5|8
9.4|94|1052|391|4.8|4.8|5|8
9.5|94.04|1052|392|4.8|4.8|5|8
9.6|94.05|1052|392|4.8|4.8|5|8
9.7|94.09|1052|392|4.8|4.8|5|8
9.8|93.98|1052|392|4.8|4.8|5|8
9.9|94.02|1052|392|4.8|4.8|5|8
10|94.02|1054|392|4.8|4.8|5|8
10.1|94.02|1054|392|4.8|4.8|5|8
10.2|94.06|1054|392|4.8|4.8|2|8
10.3|93.88|1054|392|4.8|4.8|2|8
10.4|93.45|1054|392|4.8|4.8|2|8
10.5|93.04|1634|392|4.8|4.8|3|8
10.6|92.71|1786|390|4.8|4.8|3|8
10.7|92.6|1814|390|4.9|4.9|3|8
10.8|92.53|1825|390|4.9|4.9|3|8
10.9|92.39|1830|390|4.9|4.9|3|8
11|92.36|1832|390|4.9|4.9|3|8
11.1|92.41|1835|390|4.9|4.9|3|8
11.2|92.45|1835|390|4.9|4.9|3|8
11.3|92.39|1838|390|4.9|4.9|3|8
11.4|92.4|1838|390|4.9|4.9|3|8
11.5|92.4|1840|390|4.9|4.9|3|8
11.6|92.44|1843|390|4.9|4.9|3|8
11.7|92.39|1843|390|4.9|4.9|3|8
11.8|92.41|1843|390|4.9|4.9|3|8
11.9|92.39|1843|390|4.9|4.9|3|8
12|92.39|1843|390|4.9|4.9|3|8
12.1|92.37|1845|390|4.9|4.9|3|8
12.2|92.41|1845|390|4.9|4.9|3|8
12.3|92.41|1845|390|4.9|4.9|3|8
12.4|92.4|1845|390|4.9|4.9|3|8
12.5|92.4|1848|390|4.9|4.9|4|8
12.6|92.53|1845|390|4.9|4.9|4|8
12.7|92.67|1838|390|4.9|4.9|4|8
12.8|93.13|1402|390|4.9|4.9|4|8
12.9|93.55|1072|390|4.9|4.9|5|8
13|93.78|1067|389|4.9|4.9|5|8
13.1|93.82|1064|388|4.9|4.9|5|8
13.2|93.81|1064|388|4.9|4.9|5|8
13.3|93.86|1062|388|4.9|4.9|5|8
13.4|93.86|1064|388|4.9|4.9|5|8
13.5|93.84|1062|388|4.9|4.9|5|8
13.6|93.89|1062|388|4.9|4.9|5|8
13.7|93.93|1062|388|5|5|5|8
13.8|93.9|1062|388|5|5|5|8
13.9|93.93|1062|388|5|5|5|8
14|93.94|1062|388|5|5|5|8
14.1|93.89|1062|388|5|5|5|8
14.2|93.92|1062|388|5|5|5|8
14.3|93.86|1062|388|5|5|5|8
14.4|93.81|1062|388|5|5|5|8
14.5|93.86|1064|388|5|5|5|8
14.6|93.86|1064|388|5|5|5|8
14.7|93.84|1064|388|5|5|5|8
14.8|93.89|1064|388|5|5|5|8
14.9|93.93|1064|388|5|5|2|8
15|93.61|1064|388|5|5|2|8
15.1|93.22|1067|388|5|5|2|8
15.2|92.76|1698|390|5|5|3|8
15.3|92.58|1814|390|5|5|3|8
15.4|92.36|1835|390|5|5|3|8
15.5|92.37|1843|390|5|5|3|8
15.6|92.23|1848|390|5|5|3|8
15.7|92.2|1851|390|5|5|3|8
15.8|92.15|1853|390|5|5|3|8
15.9|92.17|1856|390|5|5|3|8
16|92.21|1856|390|5|5|3|8
16.1|92.21|1858|390|5|5|3|8
16.2|92.23|1858|390|5|5|3|8
16.3|92.21|1861|390|5|5|3|8
16.4|92.17|1861|390|5|5|3|8
16.5|92.15|1861|390|5|5|3|8
16.6|92.2|1861|390|5|5|3|8
16.7|92.21|1863|390|5|5|3|8
16.8|92.21|1863|390|5|5|3|8
16.9|92.2|1863|390|5|5|3|8
17|92.19|1863|390|5|5|3|8
17.1|92.2|1866|390|5.1|5.1|3|8
17.2|92.2|1866|390|5.1|5.1|4|8
17.3|92.28|1866|390|5.1|5.1|4|8
17.4|92.55|1853|390|5.1|5.1|4|8
17.5|93|1379|390|5.1|5.1|4|8
17.6|93.43|1082|389|5.1|5.1|5|8
17.7|93.58|1077|388|5.1|5.1|5|8
17.8|93.76|1075|388|5.1|5.1|5|8
17.9|93.77|1072|388|5.1|5.1|5|8
18|93.69|1072|388|5.1|5.1|5|8
18.1|93.72|1070|388|5.1|5.1|5|8
18.2|93.74|1070|388|5.1|5.1|5|8
18.3|93.77|1070|388|5.1|5.1|5|8
18.4|93.69|1070|388|5.1|5.1|5|8
18.5|93.74|1070|388|5.1|5.1|5|8
18.6|93.76|1067|388|5.1|5.1|5|8
18.7|93.72|1067|388|5.1|5.1|5|8
18.8|93.74|1067|388|5.1|5.1|5|8
18.9|93.73|1070|388|5.1|5.1|5|8
19|93.73|1070|388|5.1|5.1|5|8
19.1|93.73|1070|388|5.1|5.1|5|8
19.2|93.73|1070|388|5.1|5.1|5|8
19.3|93.76|1070|388|5.1|5.1|5|8
19.4|93.72|1070|388|5.1|5.1|5|8
19.5|93.74|1070|388|5.1|5.1|5|8
19.6|93.69|1070|388|5.1|5.1|2|8
19.7|93.41|1070|388|5.1|5.1|2|8
19.8|93.03|1070|388|5.1|5.1|2|8
19.9|92.62|1693|388|5.1|5.1|3|8
20|92.35|1825|389|5.1|5.1|3|8
20.1|92.13|1845|390|5.1|5.1|3|8
20.2|92.08|1853|390|5.1|5.1|3|8
20.3|92.05|1861|390|5.1|5.1|3|8
20.4|92.05|1863|390|5.1|5.1|3|8
20.5|92.05|1866|390|5.1|5.1|3|8
20.6|92.04|1869|390|5.2|5.1|3|8
20.7|92.04|1869|390|5.2|5.2|3|8
20.8|92.04|1874|390|5.2|5.2|3|8
20.9|92.04|1874|390|5.2|5.2|3|8
21|92.04|1874|390|5.2|5.2|3|8
21.1|92.05|1874|390|5.2|5.2|3|8
21.2|92.05|1876|390|5.2|5.2|3|8
21.3|92.04|1876|390|5.2|5.2|3|8
21.4|92.01|1876|390|5.2|5.2|3|8
21.5|92|1876|390|5.2|5.2|3|8
21.6|92|1876|390|5.2|5.2|3|8
21.7|92.05|1879|390|5.2|5.2|3|8
21.8|92.04|1879|389|5.2|5.2|3|8
21.9|92.04|1881|389|5.2|5.2|4|8
22|92.13|1879|389|5.2|5.2|4|8
22.1|92.45|1869|390|5.2|5.2|4|8
22.2|92.87|1327|390|5.2|5.2|5|8
22.3|93.25|1088|388|5.2|5.2|5|8
22.4|93.42|1082|388|5.2|5.2|5|8
22.5|93.46|1080|388|5.2|5.2|5|8
22.6|93.51|1080|388|5.2|5.2|5|8
22.7|93.53|1077|388|5.2|5.2|5|8
22.8|93.53|1077|388|5.2|5.2|5|8
22.9|93.54|1075|388|5.2|5.2|5|8
23|93.57|1075|388|5.2|5.2|5|8
23.1|93.51|1075|388|5.2|5.2|5|8
23.2|93.49|1075|388|5.2|5.2|5|8
23.3|93.51|1072|388|5.2|5.2|5|8
23.4|93.53|1075|388|5.2|5.2|5|8
23.5|93.53|1075|388|5.2|5.2|5|8
23.6|93.54|1072|388|5.2|5.2|5|8
23.7|93.54|1072|388|5.2|5.2|5|8
23.8|93.51|1072|388|5.2|5.2|5|8
23.9|93.49|1072|388|5.2|5.2|5|8
24|93.53|1072|388|5.2|5.2|5|8
24.1|93.51|1072|388|5.2|5.2|5|8
24.2|93.51|1072|388|5.2|5.2|2|8
24.3|93.5|1072|388|5.2|5.2|2|8
24.4|93.19|1072|388|5.2|5.2|2|8
24.5|92.72|1093|388|5.2|5.2|2|8
24.6|92.37|1791|388|5.2|5.2|3|8
24.7|92.11|1845|388|5.2|5.2|3|8
24.8|92.05|1858|388|5.2|5.2|3|8
24.9|92|1866|389|5.2|5.2|3|8
25|91.93|1871|388|5.2|5.2|3|8
25.1|91.97|1876|389|5.3|5.3|3|8
25.2|91.96|1879|389|5.3|5.3|3|8
25.3|91.94|1879|389|5.3|5.3|3|8
25.4|91.94|1879|389|5.3|5.3|3|8
25.5|91.94|1881|388|5.3|5.3|3|8
25.6|91.94|1884|388|5.3|5.3|3|8
25.7|91.92|1884|388|5.3|5.3|3|8
25.8|91.92|1887|388|5.3|5.3|3|8
25.9|91.93|1887|389|5.3|5.3|3|8
26|91.92|1887|388|5.3|5.3|3|8
26.1|91.93|1887|389|5.3|5.3|3|8
26.2|91.97|1887|388|5.3|5.3|3|8
26.3|91.93|1889|388|5.3|5.3|3|8
26.4|91.93|1889|388|5.3|5.3|3|8
26.5|91.92|1889|388|5.3|5.3|3|8
26.6|91.9|1889|388|5.3|5.3|4|8
26.7|92.01|1889|388|5.3|5.3|4|8
26.8|92.43|1861|389|5.3|5.3|4|8
26.9|92.91|1142|389|5.3|5.3|5|8
27|93.18|1090|388|5.3|5.3|5|8
27.1|93.35|1085|388|5.3|5.3|5|8
27.2|93.39|1082|388|5.3|5.3|5|8
27.3|93.41|1082|388|5.3|5.3|5|8
27.4|93.42|1080|388|5.3|5.3|5|8
27.5|93.42|1080|388|5.3|5.3|5|8
27.6|93.43|1077|388|5.3|5.3|5|8
27.7|93.46|1077|388|5.3|5.3|5|8
27.8|93.43|1077|388|5.3|5.3|5|8
27.9|93.43|1075|388|5.3|5.3|5|8
28|93.41|1075|388|5.3|5.3|5|8
28.1|93.39|1075|388|5.3|5.3|5|8
28.2|93.42|1075|388|5.3|5.3|5|8
28.3|93.42|1075|388|5.3|5.3|5|8
28.4|93.41|1075|388|5.3|5.3|5|8
28.5|93.42|1075|388|5.3|5.3|5|8
28.6|93.42|1075|388|5.3|5.3|5|8
28.7|93.42|1075|388|5.3|5.3|5|8
28.8|93.46|1072|388|5.3|5.3|5|8
28.9|93.45|1075|388|5.3|5.3|2|8
29|93.26|1072|388|5.3|5.3|2|8
29.1|92.94|1072|388|5.3|5.3|2|8
29.2|92.55|1320|388|5.3|5.3|2|8
29.3|92.11|1825|388|5.3|5.3|3|8
29.4|91.98|1858|389|5.3|5.3|3|8
29.5|91.92|1871|389|5.3|5.3|3|8
29.6|91.85|1876|389|5.3|5.3|3|8
29.7|91.84|1881|390|5.3|5.3|3|8
29.8|91.8|1887|390|5.3|5.4|3|8
29.9|91.8|1887|389|5.4|5.4|3|8
30|91.78|1887|389|5.4|5.4|3|8
30.1|91.76|1887|390|5.4|5.4|3|8
30.2|91.8|1889|390|5.4|5.4|3|8
30.3|91.8|1889|390|5.4|5.4|3|8
30.4|91.78|1892|390|5.4|5.4|3|8
30.5|91.77|1892|390|5.4|5.4|3|8
30.6|91.76|1892|390|5.4|5.4|3|8
30.7|91.78|1892|390|5.4|5.4|3|8
30.8|91.77|1894|390|5.4|5.4|3|8
30.9|91.78|1894|390|5.4|5.4|3|8
31|91.78|1894|390|5.4|5.4|3|8
31.1|91.77|1894|390|5.4|5.4|3|8
31.2|91.78|1894|389|5.4|5.4|3|8
31.3|91.77|1894|390|5.4|5.4|4|8
31.4|91.92|1892|390|5.4|5.4|4|8
31.5|92.36|1814|390|5.4|5.4|4|8
31.6|92.88|1113|390|5.4|5.4|5|8
31.7|93.19|1088|390|5.4|5.4|5|8
31.8|93.21|1085|389|5.4|5.4|5|8
31.9|93.21|1082|389|5.4|5.4|5|8
32|93.26|1082|389|5.4|5.4|5|8
32.1|93.27|1080|389|5.4|5.4|5|8
32.2|93.27|1080|389|5.4|5.4|5|8
32.3|93.34|1080|389|5.4|5.4|5|8
32.4|93.27|1077|389|5.4|5.4|5|8
32.5|93.23|1077|389|5.4|5.4|5|8
32.6|93.22|1077|389|5.4|5.4|5|8
32.7|93.29|1077|389|5.4|5.4|5|8
32.8|93.3|1077|389|5.4|5.4|5|8
32.9|93.25|1077|389|5.4|5.4|5|8
33|93.25|1077|389|5.4|5.4|5|8
33.1|93.22|1077|389|5.4|5.4|5|8
33.2|93.35|1077|389|5.4|5.4|5|8
33.3|93.27|1077|389|5.4|5.4|5|8
33.4|93.22|1077|389|5.4|5.4|5|8
33.5|93.21|1077|389|5.4|5.4|5|8
33.6|93.31|1077|389|5.4|5.4|2|8
33.7|93.09|1077|389|5.4|5.4|2|8
33.8|92.7|1077|389|5.4|5.4|2|8
33.9|92.31|1546|389|5.4|5.4|2|8
34|91.96|1845|390|5.4|5.4|3|8
34.1|91.85|1869|390|5.4|5.4|3|8
34.2|91.7|1879|390|5.4|5.4|3|8
34.3|91.69|1887|390|5.4|5.4|3|8
34.4|91.62|1892|390|5.4|5.4|3|8
34.5|91.58|1892|390|5.4|5.4|3|8
34.6|91.62|1894|390|5.4|5.4|3|8
34.7|91.65|1894|390|5.4|5.4|3|8
34.8|91.65|1897|390|5.4|5.4|3|8
34.9|91.64|1897|390|5.4|5.4|3|8
35|91.61|1897|390|5.4|5.4|3|8
35.1|91.58|1897|390|5.4|5.4|3|8
35.2|91.64|1899|390|5.4|5.4|3|8
35.3|91.66|1899|390|5.4|5.4|3|8
35.4|91.64|1902|390|5.4|5.4|3|8
35.5|91.64|1902|390|5.4|5.4|3|8
35.6|91.61|1902|390|5.4|5.4|3|8
35.7|91.58|1902|390|5.4|5.4|3|8
35.8|91.61|1899|390|5.4|5.4|3|8
35.9|91.64|1902|390|5.4|5.4|3|8
36|91.68|1902|390|5.4|5.4|4|8
36.1|91.85|1897|390|5.4|5.4|4|8
36.2|92.31|1784|390|5.4|5.4|4|8
36.3|92.76|1106|390|5.4|5.4|2|8
36.4|92.84|1090|390|5.4|5.4|2|8
36.5|92.9|1088|390|5.4|5.4|2|8
36.6|92.84|1085|390|5.4|5.4|2|8
36.7|92.78|1082|390|5.4|5.4|2|8
36.8|92.68|1082|390|5.4|5.4|2|8
36.9|92.66|1080|390|5.4|5.4|2|8
37|92.64|1080|390|5.4|5.4|2|8
37.1|92.6|1080|390|5.4|5.4|2|8
37.2|92.49|1085|390|5.4|5.4|2|8
37.3|92.41|1077|390|5.4|5.4|2|8
37.4|92.37|1088|390|5.4|5.4|2|8
37.5|92.32|1113|390|5.4|5.4|2|8
37.6|92.2|1407|390|5.4|5.4|2|8
37.7|92.12|1683|390|5.4|5.4|2|8
37.8|92.25|1683|390|5.4|5.4|2|8
37.9|92.41|1518|391|5.4|5.4|2|8
38|92.55|1088|390|5.4|5.4|2|8
38.1|92.56|1080|390|5.4|5.4|2|8
38.2|92.62|1080|390|5.4|5.4|2|8
38.3|92.63|1077|390|5.4|5.4|2|8
38.4|92.52|1077|390|5.4|5.4|2|8
38.5|92.39|1077|390|5.4|5.4|2|8
38.6|92.36|1090|390|5.4|5.4|2|8
38.7|92.35|1098|390|5.4|5.4|2|8
38.8|92.31|1242|390|5.4|5.4|2|8
38.9|92.2|1606|390|5.4|5.4|2|8
39|92.15|1765|390|5.4|5.4|2|8
39.1|92.29|1760|390|5.4|5.4|2|8
39.2|92.55|1554|391|5.4|5.4|2|8
39.3|92.59|1085|390|5.4|5.4|2|8
39.4|92.64|1077|390|5.4|5.4|2|8
39.5|92.72|1077|390|5.4|5.4|2|8
39.6|92.66|1075|390|5.4|5.4|2|8
39.7|92.67|1075|390|5.4|5.4|2|8
39.8|92.62|1075|390|5.4|5.4|2|8
39.9|92.44|1088|390|5.4|5.4|2|8
40|92.43|1077|390|5.4|5.4|2|8
40.1|92.37|1082|390|5.4|5.4|2|8
40.2|92.35|1155|390|5.4|5.4|2|8
40.3|92.2|1464|390|5.4|5.4|2|8
40.4|92.12|1760|390|5.4|5.4|2|8
40.5|92.28|1758|390|5.4|5.4|2|8
40.6|92.48|1647|390|5.4|5.4|2|8
40.7|92.59|1088|390|5.4|5.4|2|8
40.8|92.62|1080|390|5.4|5.4|2|8
40.9|92.59|1077|390|5.4|5.4|2|8
41|92.66|1075|390|5.4|5.4|2|8
41.1|92.59|1075|390|5.4|5.4|2|8
41.2|92.52|1075|390|5.4|5.4|2|8
41.3|92.41|1085|390|5.4|5.4|2|8
41.4|92.32|1075|390|5.4|5.4|2|8
41.5|92.36|1082|390|5.4|5.4|2|8
41.6|92.24|1353|390|5.4|5.4|2|8
41.7|92.12|1557|390|5.4|5.4|2|8
41.8|92.31|1085|390|5.4|5.4|2|8
41.9|92.29|1077|390|5.4|5.4|2|8
42|92.19|1075|390|5.4|5.4|2|8
42.1|92.11|1503|389|5.4|5.4|2|8
42.2|92.12|1732|390|5.4|5.4|2|8
42.3|92.27|1755|390|5.4|5.4|2|8
42.4|92.43|1698|390|5.4|5.4|2|8
42.5|92.58|1124|390|5.4|5.4|2|8
42.6|92.66|1080|390|5.4|5.4|2|8
42.7|92.68|1077|390|5.4|5.4|2|8
42.8|92.67|1077|389|5.4|5.4|2|8
42.9|92.62|1075|389|5.4|5.4|2|8
43|92.58|1075|389|5.4|5.4|2|8
43.1|92.51|1106|389|5.4|5.4|2|8
43.2|92.4|1080|389|5.4|5.4|2|8
43.3|92.33|1088|389|5.4|5.4|2|8
43.4|92.36|1093|389|5.4|5.4|2|8
43.5|92.25|1546|389|5.4|5.4|2|8
43.6|92.15|1111|390|5.4|5.4|2|8
43.7|92.23|1072|390|5.4|5.4|2|8
43.8|92.2|1106|390|5.4|5.4|2|8
43.9|92.11|1451|390|5.4|5.4|2|8
44|92.07|1595|390|5.4|5.4|2|8
44.1|92.24|1613|390|5.4|5.4|2|8
44.2|92.29|1124|390|5.4|5.4|2|8
44.3|92.4|1075|390|5.4|5.4|2|8
44.4|92.4|1072|390|5.4|5.4|2|8
44.5|92.35|1072|390|5.4|5.4|2|8
44.6|92.33|1072|390|5.4|5.4|2|8
44.7|92.2|1111|390|5.4|5.4|2|8
44.8|92.09|1116|390|5.4|5.4|2|8
44.9|92.11|1070|390|5.4|5.4|2|8
45|92.08|1369|390|5.4|5.4|2|8
45.1|92.08|1263|390|5.4|5.4|2|8
45.2|91.96|1384|390|5.4|5.4|2|8
45.3|91.9|1332|390|5.4|5.4|2|8
45.4|91.82|1479|390|5.4|5.4|2|8
45.5|91.76|1134|390|5.4|5.4|2|8
45.6|91.74|1116|390|5.4|5.4|2|8
45.7|91.73|1224|390|5.4|5.4|2|8
45.8|91.58|1320|390|5.4|5.4|2|8
45.9|91.54|1142|390|5.4|5.4|2|8
46|91.57|1268|390|5.4|5.4|2|8
46.1|91.46|1296|390|5.4|5.4|2|8
46.2|91.37|1320|390|5.4|5.4|2|8
46.3|91.34|1260|390|5.4|5.4|2|8
46.4|91.26|1196|390|5.4|5.4|2|8
46.5|91.23|1186|390|5.4|5.4|2|8
46.6|91.07|1227|390|5.4|5.4|2|8
46.7|91|1142|390|5.4|5.4|2|8
46.8|91|1119|389|5.4|5.4|2|8
46.9|90.9|1175|389|5.4|5.4|2|8
47|90.9|1162|390|5.4|5.4|2|8
47.1|90.79|1325|389|5.4|5.4|2|8
47.2|90.67|1119|390|5.4|5.4|2|8
47.3|90.59|1113|389|5.4|5.4|2|8
47.4|90.62|1173|390|5.4|5.4|2|8
47.5|90.55|1255|390|5.4|5.4|2|8
47.6|90.4|1129|390|5.4|5.4|2|8
47.7|90.33|1235|390|5.4|5.4|2|8
47.8|90.32|1250|390|5.4|5.4|2|8
47.9|90.17|1253|390|5.4|5.4|2|8
48|90.07|1232|391|5.4|5.4|2|8
48.1|90.03|1224|390|5.4|5.4|2|8
48.2|89.89|1157|390|5.4|5.4|2|8
48.3|89.86|1242|390|5.4|5.4|2|8
48.4|89.77|1222|391|5.4|5.4|2|8
48.5|89.73|1242|390|5.4|5.4|2|8
48.6|89.5|1170|390|5.4|5.4|2|8
48.7|89.5|1119|390|5.4|5.4|2|8
48.8|89.46|1155|390|5.4|5.4|2|8
48.9|89.3|1198|390|5.4|5.4|2|8
49|89.22|1265|390|5.4|5.4|2|8
49.1|89.13|1204|390|5.4|5.4|2|8
49.2|89.11|1180|390|5.4|5.4|2|8
49.3|88.99|1160|390|5.4|5.4|2|8
49.4|88.9|1307|390|5.4|5.4|2|8
49.5|88.79|1219|390|5.4|5.4|2|8
49.6|88.74|1193|391|5.4|5.4|2|8
49.7|88.56|1196|390|5.4|5.4|2|8
49.8|88.52|1193|390|5.4|5.4|2|8
49.9|88.39|1193|390|5.4|5.4|2|8
50|88.28|1296|390|5.4|5.4|2|8
50.1|88.23|1245|390|5.4|5.4|2|8
50.2|88.05|1188|391|5.4|5.4|2|8
50.3|88.03|1211|390|5.4|5.4|2|8
50.4|87.9|1229|390|5.4|5.4|2|8
50.5|87.77|1160|390|5.4|5.4|2|8
50.6|87.68|1242|390|5.4|5.4|2|8
50.7|87.54|1147|390|5.4|5.4|2|8
50.8|87.38|1247|390|5.4|5.4|2|8
50.9|87.35|1258|391|5.4|5.4|2|8
51|87.23|1144|390|5.4|5.4|2|8
51.1|87.06|1240|390|5.4|5.4|2|8
51.2|87.03|1232|390|5.4|5.4|2|8
51.3|86.89|1314|390|5.4|5.4|2|8
51.4|86.76|1268|390|5.4|5.4|2|8
51.5|86.6|1369|391|5.4|5.4|2|8
51.6|86.55|1260|390|5.4|5.4|2|8
51.7|86.42|1191|390|5.4|5.4|2|8
51.8|86.23|1229|390|5.4|5.4|2|8
51.9|86.13|1219|391|5.4|5.4|2|8
52|85.99|1428|390|5.4|5.4|2|8
52.1|85.89|1343|390|5.4|5.4|2|8
52.2|85.73|1247|390|5.4|5.4|2|8
52.3|85.53|1229|390|5.4|5.4|2|8
52.4|85.45|1242|390|5.4|5.4|2|8
52.5|85.27|1309|390|5.4|5.4|2|8
52.6|85.21|1330|390|5.4|5.4|2|8
52.7|85.02|1180|391|5.4|5.4|2|8
52.8|84.93|1211|391|5.4|5.4|2|8
52.9|84.78|1260|390|5.4|5.4|2|8
53|84.58|1255|390|5.4|5.4|2|8
53.1|84.44|1253|390|5.4|5.4|2|8
53.2|84.35|1260|391|5.4|5.4|2|8
53.3|84.21|1255|390|5.4|5.4|2|8
53.4|84.04|1258|390|5.4|5.4|2|8
53.5|83.85|1201|390|5.4|5.4|2|8
53.6|83.74|1278|390|5.4|5.4|2|8
53.7|83.69|1137|390|5.4|5.4|2|8
53.8|83.62|1129|390|5.4|5.4|2|8
53.9|83.58|1219|390|5.4|5.4|2|8
54|83.52|1284|389|5.4|5.4|2|8
54.1|83.37|1121|390|5.4|5.4|2|8
54.2|83.4|1255|390|5.4|5.4|2|8
54.3|83.23|1121|390|5.4|5.4|2|8
54.4|83.15|1237|390|5.4|5.4|2|8
54.5|83.14|1253|390|5.4|5.4|2|8
54.6|83.05|1291|390|5.4|5.4|2|8
54.7|82.9|1291|390|5.4|5.4|2|8
54.8|82.81|1536|391|5.4|5.4|2|8
54.9|82.75|1103|391|5.4|5.4|2|8
55|82.74|1312|391|5.4|5.4|2|8
55.1|82.67|1121|391|5.4|5.4|2|8
55.2|82.67|1237|390|5.4|5.4|2|8
55.3|82.52|1162|391|5.4|5.4|2|8
55.4|82.52|1119|390|5.4|5.4|2|8
55.5|82.35|1165|390|5.4|5.4|2|8
55.6|82.36|1121|390|5.4|5.4|2|8
55.7|82.17|1134|390|5.4|5.4|2|8
55.8|82.12|1178|390|5.4|5.4|2|8
55.9|82.04|1245|390|5.4|5.4|2|8
56|81.95|1235|390|5.4|5.4|2|8
56.1|81.77|1317|391|5.4|5.4|2|8
56.2|81.72|1235|390|5.4|5.4|2|8
56.3|81.62|1322|390|5.4|5.4|2|8
56.4|81.48|1263|390|5.4|5.4|2|8
56.5|81.34|1222|390|5.4|5.4|2|8
56.6|81.21|1322|390|5.4|5.4|2|8
56.7|81.05|1206|390|5.4|5.4|2|8
56.8|80.87|1312|392|5.4|5.4|2|8
56.9|80.77|1235|390|5.4|5.4|2|8
57|80.56|1229|392|5.4|5.4|2|8
57.1|80.2|1508|392|5.4|5.4|6|8
57.2|78.18|1933|391|5.4|5.4|6|8
57.3|75.46|1379|391|5.4|5.4|6|8
57.4|72.94|0|388|5.4|5.4|7|8
57.5|71.24|0|387|5.4|5.4|7|8
57.6|70.38|0|386|5.4|5.4|7|8
57.7|69.99|0|386|5.4|5.4|7|8
57.8|69.76|0|386|5.4|5.4|7|8
57.9|69.68|0|386|5.4|5.4|7|8
58|69.72|0|386|5.4|5.4|7|8
58.1|69.63|0|386|5.4|5.4|7|8
58.2|69.59|0|386|5.4|5.4|7|8
58.3|69.55|0|386|5.4|5.4|7|8
58.4|69.56|0|386|5.4|5.4|7|8
58.5|69.59|0|386|5.4|5.4|7|8
58.6|69.6|0|386|5.4|5.4|7|8
58.7|69.61|0|386|5.4|5.4|7|8
58.8|69.63|0|386|5.4|5.4|7|8
58.9|69.67|0|386|5.4|5.4|7|8
59|69.51|0|386|5.4|5.4|7|8
59.1|69.52|0|386|5.4|5.4|7|8
59.2|69.57|0|386|5.4|5.4|7|8
59.3|69.59|0|386|5.4|5.4|7|8
59.4|69.59|0|386|5.4|5.4|7|8
59.5|69.61|0|386|5.4|5.4|7|8
59.6|69.67|0|386|5.4|5.4|7|8
59.7|69.49|0|386|5.4|5.4|7|8
59.8|69.52|0|386|5.4|5.4|7|8
59.9|69.55|0|386|5.4|5.4|7|8
60|69.55|0|386|5.4|5.4|7|8
60.1|69.57|0|386|5.4|5.4|7|8
60.2|69.6|0|386|5.4|5.4|7|8
60.3|69.6|0|386|5.4|5.4|7|8
60.4|69.64|0|386|5.4|5.4|7|8
60.5|69.59|0|386|5.4|5.4|7|8
60.6|69.53|0|386|5.4|5.4|7|8
60.7|69.55|0|386|5.4|5.4|7|8
60.8|69.57|0|386|5.4|5.4|7|8
60.9|69.6|0|386|5.4|5.4|7|8
61|69.59|0|386|5.4|5.4|7|8
61.1|69.56|0|386|5.4|5.4|7|8
61.2|69.57|0|386|5.4|5.4|7|8
61.3|69.57|0|386|5.4|5.4|7|8
61.4|69.57|0|386|5.4|5.4|7|8
61.5|69.57|0|386|5.4|5.4|7|8
61.6|69.55|0|386|5.4|5.4|7|8
61.7|69.55|0|386|5.4|5.4|7|8
61.8|69.55|0|386|5.4|5.4|7|8
61.9|69.55|0|386|5.4|5.4|7|8
62|69.56|0|386|5.4|5.4|7|8
62.1|69.59|0|386|5.4|5.4|7|8
62.2|69.59|0|386|5.4|5.4|7|8
62.3|69.55|0|386|5.4|5.4|7|8
62.4|69.56|0|386|5.4|5.4|7|8
62.5|69.57|0|386|5.4|5.4|7|8
62.6|69.61|0|386|5.4|5.4|7|8
62.7|69.51|0|386|5.4|5.4|7|8
62.8|69.56|0|386|5.4|5.4|7|8
62.9|69.6|0|386|5.4|5.4|7|8
63|69.53|0|386|5.4|5.4|7|8
63.1|69.56|0|386|5.4|5.4|7|8
63.2|69.56|0|386|5.4|5.4|7|8
63.3|69.61|0|386|5.4|5.4|7|8
63.4|69.52|0|386|5.4|5.4|7|8
63.5|69.55|0|386|5.4|5.4|7|8
63.6|69.53|0|386|5.4|5.4|7|8
63.7|69.56|0|386|5.4|5.4|7|8
63.8|69.57|0|386|5.4|5.4|7|8
63.9|69.56|0|386|5.4|5.4|7|8
64|69.52|0|386|5.4|5.4|7|8
64.1|69.56|0|386|5.4|5.4|7|8
64.2|69.57|0|386|5.4|5.4|7|8
64.3|69.57|0|386|5.4|5.4|7|8
64.4|69.53|0|386|5.4|5.4|7|8
64.5|69.55|0|386|5.4|5.4|7|8
64.6|69.56|0|386|5.4|5.4|7|8
64.7|69.59|0|386|5.4|5.4|7|8
64.8|69.53|0|386|5.4|5.4|7|8
64.9|69.48|0|386|5.4|5.4|7|8
65|69.56|0|386|5.4|5.4|7|8
65.1|69.57|0|386|5.4|5.4|7|8
65.2|69.53|0|386|5.4|5.4|7|8
65.3|69.52|0|386|5.4|5.4|7|8
65.4|69.56|0|386|5.4|5.4|7|8
65.5|69.6|0|386|5.4|5.4|7|8
65.6|69.52|0|386|5.4|5.4|7|8
65.7|69.55|0|386|5.4|5.4|7|8
65.8|69.56|0|386|5.4|5.4|7|8
65.9|69.53|0|386|5.4|5.4|7|8
66|69.49|0|386|5.4|5.4|7|8
66.1|69.55|0|386|5.4|5.4|7|8
66.2|69.57|0|386|5.4|5.4|7|8
66.3|69.52|0|386|5.4|5.4|7|8
66.4|69.53|0|386|5.4|5.4|7|8
66.5|69.55|0|386|5.4|5.4|7|8
66.6|69.57|0|386|5.4|5.4|7|8
66.7|69.52|0|386|5.4|5.4|7|8
66.8|69.55|0|386|5.4|5.4|7|8
66.9|69.53|0|386|5.4|5.4|7|8
67|69.55|0|386|5.4|5.4|7|8
67.1|69.55|0|386|5.4|5.4|7|8
67.2|69.55|0|386|5.4|5.4|7|8
67.3|69.53|0|386|5.4|5.4|7|8
67.4|69.55|0|385|5.4|5.4|7|8
67.5|69.55|0|385|5.4|5.4|7|8
67.6|69.6|0|385|5.4|5.4|7|8
67.7|69.51|0|385|5.4|5.4|7|8
67.8|69.55|0|385|5.4|5.4|7|8
67.9|69.56|0|385|5.4|5.4|7|8
68|69.53|0|385|5.4|5.4|7|8
68.1|69.53|0|385|5.4|5.4|7|8
68.2|69.55|0|385|5.4|5.4|7|8
68.3|69.6|0|385|5.4|5.4|7|8
68.4|69.49|0|385|5.4|5.4|7|8
68.5|69.53|0|385|5.4|5.4|7|8
68.6|69.53|0|385|5.4|5.4|7|8
68.7|69.53|0|385|5.4|5.4|7|8
68.8|69.55|0|385|5.4|5.4|7|8
68.9|69.56|0|385|5.4|5.4|7|8
69|69.52|0|385|5.4|5.4|7|8
69.1|69.53|0|385|5.4|5.4|7|8
69.2|69.55|0|385|5.4|5.4|7|8
69.3|69.59|0|385|5.4|5.4|7|8
69.4|69.51|0|385|5.4|5.4|7|8
69.5|69.55|0|385|5.4|5.4|7|8
69.6|69.55|0|385|5.4|5.4|7|8
69.7|69.52|0|385|5.4|5.4|7|8
69.8|69.53|0|385|5.4|5.4|7|8
69.9|69.55|0|385|5.4|5.4|7|8
70|69.55|0|385|5.4|5.4|7|8
70.1|69.52|0|385|5.4|5.4|7|8
70.2|69.53|0|385|5.4|5.4|7|8
70.3|69.55|0|385|5.4|5.4|7|8
70.4|69.57|0|385|5.4|5.4|8|8
70.5|69.4|0|385|5.4|5.4|8|8
70.6|69.47|0|385|5.4|5.4|8|8
70.7|69.45|0|385|5.4|5.4|8|8
70.8|69.44|0|385|5.4|5.4|8|8
70.9|69.48|0|385|5.4|5.4|8|8
71|69.51|0|385|5.4|5.4|8|8
71.1|69.44|0|385|5.4|5.4|8|8
71.2|69.45|0|386|5.4|5.4|8|8
71.3|69.48|0|386|5.4|5.4|8|8
71.4|69.51|0|386|5.3|5.3|8|8
71.5|69.47|0|386|5.3|5.3|8|8
71.6|69.45|0|386|5.3|5.3|8|8
71.7|69.48|0|386|5.2|5.2|8|8
71.8|69.44|0|386|5.2|5.2|8|8
71.9|69.45|0|386|5.3|5.3|8|8
72|69.48|0|386|5.2|5.2|8|8
72.1|69.48|0|386|5.2|5.2|8|8
72.2|69.48|0|386|5.2|5.2|8|8
72.3|69.49|0|386|5.2|5.2|8|8
72.4|71.1|0|386|5.2|5.2|8|8
72.5|74.16|0|386|5.2|5.2|8|8
72.6|77.22|0|386|5.2|5.2|8|8
72.7|80.18|0|386|5.2|5.2|8|8
72.8|83.18|0|386|5.2|5.2|8|8
72.9|86.13|0|386|5.2|5.2|8|8
73|89.05|0|386|5.2|5.2|8|8
73.1|92.01|0|386|5.2|5.2|8|8
73.2|94.41|0|386|5.2|5.2|8|8
73.3|95.41|0|386|5.2|5.2|8|8
73.4|95.85|0|386|5.2|5.2|9|8
