0|96.08|951|459|5|5|1|8
0.1|96.08|1044|463|5|5|1|8
0.2|96.08|1039|465|5|5|1|8
0.3|96.08|1036|466|5|5|1|8
0.4|96.08|1034|466|5|5|1|8
0.5|96.06|1034|466|5|5|2|8
0.6|95.76|1070|466|5|5|2|8
0.7|95.39|1588|467|5|5|3|8
0.8|95.15|1657|468|5|5|3|8
0.9|94.92|1675|468|5|5|3|8
1|94.98|1680|468|5|5|3|8
1.1|94.8|1688|468|5|5|3|8
1.2|94.83|1691|468|5|5|3|8
1.3|94.83|1693|468|5|5|3|8
1.4|94.84|1696|468|5|5|3|8
1.5|94.79|1701|468|5|5|3|8
1.6|94.84|1704|468|5|5|3|8
1.7|94.83|1706|468|5|5|3|8
1.8|94.79|1711|468|5|5|3|8
1.9|94.83|1714|468|5|5.1|3|8
2|94.82|1714|468|5.1|5.1|3|8
2.1|94.79|1716|468|5.1|5.1|3|8
2.2|94.84|1719|468|5.1|5.1|3|8
2.3|94.79|1722|468|5.1|5.1|3|8
2.4|94.79|1722|468|5.1|5.1|3|8
2.5|94.84|1724|468|5.1|5.1|3|8
2.6|94.82|1727|468|5.1|5.1|3|8
2.7|94.79|1729|469|5.1|5.1|4|8
2.8|94.9|1729|469|5.1|5.1|4|8
2.9|95.23|1722|469|5.1|5.1|4|8
3|95.74|1611|469|5.1|5.1|4|8
3.1|96.19|1059|468|5.1|5.1|5|8
3.2|96.36|1039|469|5.1|5.1|5|8
3.3|96.48|1036|469|5.1|5.1|5|8
3.4|96.52|1036|468|5.1|5.1|5|8
3.5|96.56|1036|468|5.1|5.1|5|8
3.6|96.55|1036|468|5.1|5.1|5|8
3.7|96.55|1036|468|5.1|5.1|5|8
3.8|96.55|1036|468|5.1|5.1|5|8
3.9|96.56|1034|468|5.1|5.1|5|8
4|96.57|1034|468|5.1|5.1|5|8
4.1|96.57|1034|468|5.1|5.1|5|8
4.2|96.56|1034|468|5.1|5.1|5|8
4.3|96.55|1034|468|5.1|5.1|5|8
4.4|96.53|1034|468|5.1|5.1|5|8
4.5|96.55|1034|468|5.1|5.1|5|8
4.6|96.56|1034|468|5.1|5.1|5|8
4.7|96.56|1034|468|5.1|5.1|5|8
4.8|96.55|1036|468|5.1|5.1|5|8
4.9|96.55|1034|468|5.1|5.1|5|8
5|96.57|1034|468|5.1|5.1|5|8
5.1|96.57|1034|468|5.1|5.1|2|8
5.2|96.35|1034|468|5.1|5.1|2|8
5.3|95.96|1036|468|5.1|5.1|2|8
5.4|95.5|1144|468|5.1|5.1|2|8
5.5|95.07|1608|469|5.1|5.1|3|8
5.6|94.74|1719|468|5.1|5.1|3|8
5.7|94.59|1729|468|5.1|5.1|3|8
5.8|94.48|1735|468|5.1|5.1|3|8
5.9|94.47|1742|468|5.1|5.1|3|8
6|94.45|1745|468|5.1|5.1|3|8
6.1|94.44|1753|468|5.1|5.1|3|8
6.2|94.43|1758|468|5.1|5.1|3|8
6.3|94.44|1760|468|5.1|5.1|3|8
6.4|94.43|1765|468|5.1|5.1|3|8
6.5|94.45|1768|468|5.1|5.2|3|8
6.6|94.41|1771|468|5.1|5.2|3|8
6.7|94.43|1773|468|5.2|5.2|3|8
6.8|94.43|1773|468|5.2|5.2|3|8
6.9|94.43|1776|468|5.2|5.2|3|8
7|94.41|1778|468|5.2|5.2|3|8
7.1|94.39|1778|468|5.2|5.2|3|8
7.2|94.4|1781|468|5.2|5.2|3|8
7.3|94.43|1781|468|5.2|5.2|3|8
7.4|94.43|1781|468|5.2|5.2|3|8
7.5|94.43|1784|468|5.2|5.2|4|8
7.6|94.47|1784|468|5.2|5.2|4|8
7.7|94.79|1758|468|5.2|5.2|4|8
7.8|95.22|1729|468|5.2|5.2|4|8
7.9|95.77|1665|468|5.2|5.2|4|8
8|96.25|1106|468|5.2|5.2|5|8
8.1|96.57|1046|468|5.2|5.2|5|8
8.2|96.63|1041|468|5.2|5.2|5|8
8.3|96.68|1041|468|5.2|5.2|5|8
8.4|96.68|1041|468|5.2|5.2|5|8
8.5|96.72|1041|468|5.2|5.2|5|8
8.6|96.72|1041|468|5.2|5.2|5|8
8.7|96.75|1041|468|5.2|5.2|5|8
8.8|96.75|1041|468|5.2|5.2|5|8
8.9|96.78|1041|468|5.2|5.2|5|8
9|96.76|1041|467|5.2|5.2|5|8
9.1|96.75|1041|467|5.2|5.2|5|8
9.2|96.75|1041|466|5.2|5.2|5|8
9.3|96.74|1041|466|5.2|5.2|5|8
9.4|96.7|1041|466|5.2|5.2|5|8
9.5|96.74|1041|466|5.2|5.2|5|8
9.6|96.74|1041|466|5.2|5.2|5|8
9.7|96.75|1041|466|5.2|5.2|5|8
9.8|96.79|1041|466|5.2|5.2|5|8
9.9|96.75|1041|466|5.2|5.2|5|8
10|96.75|1044|466|5.2|5.2|2|8
10.1|96.67|1044|466|5.2|5.2|2|8
10.2|96.32|1052|450|5.2|5.2|2|8
10.3|95.86|1062|438|5.2|5.2|2|8
10.4|95.38|1188|434|5.2|5.2|2|8
10.5|94.91|1441|434|5.2|5.2|2|8
10.6|94.51|1745|433|5.2|5.2|3|8
10.7|94.29|1791|433|5.2|5.2|3|8
10.8|94.24|1804|433|5.2|5.2|3|8
10.9|94.06|1814|434|5.2|5.2|3|8
11|94.04|1817|434|5.2|5.2|3|8
11.1|94.04|1817|434|5.2|5.2|3|8
11.2|94.08|1820|434|5.2|5.2|3|8
11.3|94.09|1822|434|5.2|5.2|3|8
11.4|94.13|1822|434|5.2|5.2|3|8
11.5|94.05|1825|433|5.2|5.2|3|8
11.6|94.09|1825|434|5.2|5.2|3|8
11.7|94.09|1827|434|5.2|5.2|3|8
11.8|94.05|1827|434|5.2|5.2|3|8
11.9|94.12|1830|433|5.2|5.2|3|8
12|94.06|1830|434|5.2|5.2|3|8
12.1|94.08|1832|433|5.2|5.2|3|8
12.2|94.1|1832|433|5.2|5.2|3|8
12.3|94.05|1832|433|5.2|5.2|3|8
12.4|94.06|1832|433|5.2|5.2|3|8
12.5|94.09|1835|433|5.2|5.2|3|8
12.6|94.09|1835|433|5.2|5.2|4|8
12.7|94.31|1830|433|5.2|5.2|4|8
12.8|94.67|1773|433|5.2|5.2|4|8
12.9|95.22|1137|434|5.2|5.2|5|8
13|95.47|1070|433|5.2|5.2|5|8
13.1|95.61|1067|432|5.2|5.2|5|8
13.2|95.66|1067|432|5.2|5.2|5|8
13.3|95.68|1067|432|5.2|5.2|5|8
13.4|95.7|1064|432|5.2|5.2|5|8
13.5|95.72|1064|431|5.2|5.2|5|8
13.6|95.78|1064|431|5.2|5.2|5|8
13.7|95.76|1064|431|5.2|5.2|5|8
13.8|95.68|1064|430|5.2|5.2|5|8
13.9|95.66|1064|430|5.2|5.2|5|8
14|95.66|1064|430|5.2|5.2|5|8
14.1|95.69|1064|430|5.2|5.2|5|8
14.2|95.7|1064|430|5.2|5.2|5|8
14.3|95.76|1067|430|5.2|5.2|5|8
14.4|95.74|1067|430|5.2|5.2|5|8
14.5|95.69|1067|430|5.2|5.2|5|8
14.6|95.68|1067|430|5.2|5.2|5|8
14.7|95.7|1067|430|5.2|5.2|5|8
14.8|95.69|1067|430|5.2|5.2|5|8
14.9|95.7|1067|430|5.2|5.2|2|8
15|95.59|1067|430|5.2|5.2|2|8
15.1|95.22|1067|430|5.2|5.2|2|8
15.2|94.79|1152|430|5.2|5.2|2|8
15.3|94.41|1711|430|5.2|5.2|3|8
15.4|94.06|1814|431|5.2|5.2|3|8
15.5|93.93|1830|432|5.2|5.2|3|8
15.6|93.93|1835|432|5.2|5.2|3|8
15.7|93.9|1838|432|5.2|5.2|3|8
15.8|93.85|1843|432|5.2|5.2|3|8
15.9|93.85|1843|432|5.2|5.2|3|8
16|93.84|1848|432|5.2|5.2|3|8
16.1|93.84|1848|432|5.2|5.2|3|8
16.2|93.84|1848|432|5.2|5.2|3|8
16.3|93.82|1848|432|5.2|5.2|3|8
16.4|93.82|1851|432|5.2|5.2|3|8
16.5|93.81|1851|432|5.2|5.2|3|8
16.6|93.8|1851|432|5.2|5.2|3|8
16.7|93.82|1851|432|5.2|5.2|3|8
16.8|93.82|1851|432|5.2|5.2|3|8
16.9|93.84|1853|432|5.2|5.2|3|8
17|93.82|1853|432|5.2|5.2|3|8
17.1|93.84|1853|432|5.2|5.2|3|8
17.2|93.86|1853|432|5.2|5.2|3|8
17.3|93.84|1853|432|5.2|5.2|4|8
17.4|93.89|1853|432|5.2|5.2|4|8
17.5|94.31|1830|432|5.2|5.2|4|8
17.6|94.78|1776|432|5.2|5.2|4|8
17.7|95.26|1106|432|5.2|5.2|5|8
17.8|95.51|1077|432|5.2|5.2|5|8
17.9|95.61|1075|432|5.2|5.2|5|8
18|95.68|1075|431|5.2|5.2|5|8
18.1|95.68|1072|431|5.2|5.2|5|8
18.2|95.72|1072|430|5.2|5.2|5|8
18.3|95.76|1072|430|5.2|5.2|5|8
18.4|95.69|1072|430|5.2|5.2|5|8
18.5|95.65|1072|430|5.2|5.2|5|8
18.6|95.66|1072|430|5.2|5.2|5|8
18.7|95.68|1072|430|5.2|5.2|5|8
18.8|95.69|1072|430|5.2|5.2|5|8
18.9|95.7|1072|430|5.2|5.2|5|8
19|95.7|1072|430|5.2|5.2|5|8
19.1|95.77|1072|430|5.2|5.2|5|8
19.2|95.76|1072|430|5.2|5.2|5|8
19.3|95.68|1072|430|5.2|5.2|5|8
19.4|95.66|1072|430|5.2|5.2|5|8
19.5|95.68|1072|430|5.2|5.2|5|8
19.6|95.69|1072|430|5.2|5.2|5|8
19.7|95.72|1072|430|5.2|5.2|2|8
19.8|95.57|1070|430|5.2|5.2|2|8
19.9|95.21|1070|430|5.2|5.2|2|8
20|94.76|1121|430|5.2|5.2|2|8
20.1|94.35|1691|430|5.2|5.2|3|8
20.2|93.97|1835|419|5.2|5.2|3|8
20.3|93.86|1861|411|5.2|5.2|3|8
20.4|93.78|1869|408|5.2|5.2|3|8
20.5|93.85|1869|407|5.2|5.2|3|8
20.6|93.8|1874|407|5.2|5.2|3|8
20.7|93.72|1874|407|5.2|5.2|3|8
20.8|93.76|1876|407|5.2|5.2|3|8
20.9|93.7|1876|407|5.2|5.2|3|8
21|93.73|1876|407|5.2|5.2|3|8
21.1|93.73|1879|407|5.2|5.2|3|8
21.2|93.74|1879|407|5.2|5.2|3|8
21.3|93.74|1879|407|5.2|5.2|3|8
21.4|93.74|1879|407|5.2|5.2|3|8
21.5|93.74|1879|407|5.2|5.2|3|8
21.6|93.74|1881|407|5.2|5.2|3|8
21.7|93.74|1881|407|5.2|5.2|3|8
21.8|93.74|1881|407|5.2|5.2|3|8
21.9|93.73|1881|407|5.2|5.2|3|8
22|93.73|1881|407|5.2|5.2|3|8
22.1|93.73|1884|407|5.2|5.2|4|8
22.2|93.78|1884|407|5.2|5.2|4|8
22.3|94.13|1869|407|5.2|5.2|4|8
22.4|94.59|1809|407|5.2|5.2|4|8
22.5|95.12|1209|408|5.2|5.2|5|8
22.6|95.45|1093|407|5.2|5.2|5|8
22.7|95.62|1088|406|5.2|5.2|5|8
22.8|95.65|1085|405|5.2|5.2|5|8
22.9|95.66|1085|405|5.2|5.2|5|8
23|95.69|1082|405|5.2|5.2|5|8
23.1|95.7|1082|405|5.2|5.2|5|8
23.2|95.76|1082|405|5.2|5.2|5|8
23.3|95.72|1082|405|5.2|5.2|5|8
23.4|95.63|1082|405|5.2|5.2|5|8
23.5|95.66|1082|405|5.2|5.2|5|8
23.6|95.69|1082|405|5.2|5.2|5|8
23.7|95.69|1082|405|5.2|5.2|5|8
23.8|95.69|1082|405|5.2|5.2|5|8
23.9|95.7|1082|405|5.2|5.2|5|8
24|95.73|1082|405|5.2|5.2|5|8
24.1|95.73|1082|405|5.2|5.2|5|8
24.2|95.68|1082|405|5.2|5.2|5|8
24.3|95.68|1082|405|5.2|5.2|5|8
24.4|95.68|1082|405|5.2|5.2|5|8
24.5|95.69|1082|405|5.2|5.2|2|8
24.6|95.69|1080|405|5.2|5.2|2|8
24.7|95.31|1080|405|5.2|5.2|2|8
24.8|94.92|1085|405|5.2|5.2|2|8
24.9|94.47|1430|406|5.2|5.2|2|8
25|93.98|1809|407|5.2|5.2|3|8
25.1|93.82|1856|407|5.2|5.2|3|8
25.2|93.76|1869|407|5.2|5.2|3|8
25.3|93.61|1874|407|5.2|5.2|3|8
25.4|93.74|1876|407|5.2|5.2|3|8
25.5|93.64|1879|407|5.2|5.2|3|8
25.6|93.74|1879|407|5.2|5.2|3|8
25.7|93.66|1881|407|5.2|5.2|3|8
25.8|93.73|1881|407|5.2|5.2|3|8
25.9|93.66|1884|407|5.2|5.2|3|8
26|93.72|1884|407|5.2|5.2|3|8
26.1|93.65|1884|407|5.2|5.2|3|8
26.2|93.72|1884|407|5.2|5.2|3|8
26.3|93.65|1884|407|5.2|5.2|3|8
26.4|93.72|1884|407|5.2|5.2|3|8
26.5|93.65|1884|407|5.2|5.2|3|8
26.6|93.72|1887|407|5.2|5.2|3|8
26.7|93.66|1887|407|5.2|5.2|3|8
26.8|93.7|1887|407|5.2|5.2|3|8
26.9|93.68|1887|407|5.2|5.2|3|8
27|93.78|1887|407|5.2|5.2|4|8
27.1|93.89|1887|407|5.2|5.2|4|8
27.2|94.37|1827|407|5.2|5.2|4|8
27.3|94.87|1193|408|5.2|5.2|5|8
27.4|95.19|1093|407|5.2|5.2|5|8
27.5|95.27|1088|407|5.2|5.2|5|8
27.6|95.35|1088|406|5.2|5.2|5|8
27.7|95.38|1085|406|5.2|5.2|5|8
27.8|95.41|1085|406|5.2|5.2|5|8
27.9|95.42|1082|405|5.2|5.2|5|8
28|95.42|1082|405|5.2|5.2|5|8
28.1|95.41|1082|405|5.2|5.2|5|8
28.2|95.39|1080|405|5.2|5.2|5|8
28.3|95.38|1082|405|5.2|5.2|5|8
28.4|95.38|1080|405|5.2|5.2|5|8
28.5|95.39|1080|405|5.2|5.2|5|8
28.6|95.38|1080|405|5.2|5.2|5|8
28.7|95.39|1082|405|5.2|5.2|5|8
28.8|95.39|1082|405|5.2|5.2|5|8
28.9|95.41|1082|405|5.2|5.2|5|8
29|95.45|1082|405|5.2|5.2|5|8
29.1|95.41|1080|405|5.2|5.2|5|8
29.2|95.39|1082|405|5.2|5.2|5|8
29.3|95.37|1080|405|5.2|5.2|2|8
29.4|95.33|1080|405|5.2|5.2|2|8
29.5|94.99|1080|405|5.2|5.2|2|8
29.6|94.57|1121|405|5.2|5.2|2|8
29.7|94.09|1758|406|5.2|5.2|3|8
29.8|93.86|1856|407|5.2|5.2|3|8
29.9|93.66|1874|407|5.2|5.2|3|8
30|93.66|1881|407|5.2|5.2|3|8
30.1|93.6|1887|407|5.2|5.2|3|8
30.2|93.58|1902|400|5.2|5.2|3|8
30.3|93.58|1905|396|5.2|5.2|3|8
30.4|93.55|1905|394|5.2|5.2|3|8
30.5|93.54|1907|394|5.2|5.2|3|8
30.6|93.55|1905|394|5.2|5.2|3|8
30.7|93.6|1907|394|5.2|5.2|3|8
30.8|93.6|1907|394|5.2|5.2|3|8
30.9|93.58|1907|393|5.2|5.2|3|8
31|93.6|1907|393|5.2|5.2|3|8
31.1|93.58|1907|393|5.2|5.2|3|8
31.2|93.6|1907|393|5.2|5.2|3|8
31.3|93.57|1907|393|5.2|5.2|3|8
31.4|93.57|1910|394|5.2|5.2|3|8
31.5|93.58|1910|394|5.2|5.2|3|8
31.6|93.58|1910|394|5.2|5.2|3|8
31.7|93.58|1910|394|5.2|5.2|4|8
31.8|93.74|1910|394|5.2|5.2|4|8
31.9|94|1894|394|5.2|5.2|4|8
32|94.52|1722|394|5.2|5.2|4|8
32.1|94.95|1106|394|5.2|5.2|5|8
32.2|95.15|1095|394|5.2|5.2|5|8
32.3|95.23|1093|394|5.2|5.2|5|8
32.4|95.31|1093|394|5.2|5.2|5|8
32.5|95.33|1090|394|5.2|5.2|5|8
32.6|95.25|1088|394|5.2|5.2|5|8
32.7|95.31|1088|394|5.2|5.2|5|8
32.8|95.33|1088|394|5.2|5.2|5|8
32.9|95.27|1085|394|5.2|5.2|5|8
33|95.3|1085|394|5.2|5.2|5|8
33.1|95.33|1085|394|5.2|5.2|5|8
33.2|95.31|1085|394|5.2|5.2|5|8
33.3|95.29|1085|393|5.2|5.2|5|8
33.4|95.25|1085|393|5.2|5.2|5|8
33.5|95.29|1085|393|5.2|5.2|5|8
33.6|95.29|1085|393|5.2|5.2|5|8
33.7|95.3|1085|393|5.2|5.2|5|8
33.8|95.3|1085|393|5.2|5.2|5|8
33.9|95.3|1085|393|5.2|5.2|5|8
34|95.34|1085|393|5.2|5.2|5|8
34.1|95.27|1085|393|5.2|5.2|2|8
34.2|95.04|1085|393|5.2|5.2|2|8
34.3|94.68|1082|394|5.2|5.2|2|8
34.4|94.28|1490|394|5.2|5.2|2|8
34.5|93.85|1845|393|5.2|5.2|3|8
34.6|93.72|1881|393|5.2|5.2|3|8
34.7|93.6|1892|393|5.2|5.2|3|8
34.8|93.53|1897|393|5.2|5.2|3|8
34.9|93.57|1899|393|5.2|5.2|3|8
35|93.57|1902|393|5.2|5.2|3|8
35.1|93.54|1907|393|5.2|5.2|3|8
35.2|93.54|1907|393|5.2|5.2|3|8
35.3|93.55|1907|393|5.2|5.2|3|8
35.4|93.58|1907|393|5.2|5.2|3|8
35.5|93.55|1910|393|5.2|5.2|3|8
35.6|93.55|1912|393|5.2|5.2|3|8
35.7|93.54|1910|393|5.2|5.2|3|8
35.8|93.55|1910|393|5.2|5.2|3|8
35.9|93.54|1912|393|5.2|5.2|3|8
36|93.53|1912|393|5.2|5.2|3|8
36.1|93.5|1912|393|5.2|5.2|3|8
36.2|93.5|1912|393|5.2|5.2|3|8
36.3|93.51|1912|393|5.2|5.2|3|8
36.4|93.5|1912|393|5.2|5.2|3|8
36.5|93.54|1912|393|5.2|5.2|4|8
36.6|93.82|1910|393|5.2|5.2|4|8
36.7|94.31|1830|394|5.2|5.2|4|8
36.8|94.64|1111|394|5.2|5.2|2|8
36.9|94.72|1095|394|5.2|5.2|2|8
37|94.78|1093|394|5.2|5.2|2|8
37.1|94.78|1090|394|5.2|5.2|2|8
37.2|94.74|1090|394|5.2|5.2|2|8
37.3|94.76|1088|394|5.2|5.2|2|8
37.4|94.6|1088|394|5.2|5.2|2|8
37.5|94.52|1085|394|5.2|5.2|2|8
37.6|94.48|1085|394|5.2|5.2|2|8
37.7|94.44|1085|394|5.2|5.2|2|8
37.8|94.37|1085|394|5.2|5.2|2|8
37.9|94.33|1144|394|5.2|5.2|2|8
38|94.27|1186|394|5.2|5.2|2|8
38.1|94.2|1180|394|5.2|5.2|2|8
38.2|94.02|1108|394|5.2|5.2|2|8
38.3|94.02|1085|394|5.2|5.2|2|8
38.4|94|1131|394|5.2|5.2|2|8
38.5|93.94|1688|394|5.2|5.2|2|8
38.6|93.9|1768|394|5.2|5.2|2|8
38.7|94.09|1773|394|5.2|5.2|2|8
38.8|94.27|1773|394|5.2|5.2|2|8
38.9|94.4|1732|394|5.2|5.2|2|8
39|94.61|1129|394|5.2|5.2|2|8
39.1|94.66|1090|394|5.2|5.2|2|8
39.2|94.72|1085|394|5.2|5.2|2|8
39.3|94.71|1082|394|5.2|5.2|2|8
39.4|94.75|1082|394|5.2|5.2|2|8
39.5|94.6|1082|394|5.2|5.2|2|8
39.6|94.51|1082|394|5.2|5.2|2|8
39.7|94.48|1082|394|5.2|5.2|2|8
39.8|94.43|1098|394|5.2|5.2|2|8
39.9|94.39|1108|394|5.2|5.2|2|8
40|94.35|1147|394|5.2|5.2|2|8
40.1|94.28|1111|394|5.2|5.2|2|8
40.2|94.2|1186|394|5.2|5.2|2|8
40.3|94.02|1214|394|5.2|5.2|2|8
40.4|94.04|1082|394|5.2|5.2|2|8
40.5|94|1240|394|5.2|5.2|2|8
40.6|93.94|1595|394|5.2|5.2|2|8
40.7|93.96|1729|394|5.2|5.2|2|8
40.8|94|1745|394|5.2|5.2|2|8
40.9|94.2|1750|394|5.2|5.2|2|8
41|94.36|1750|394|5.2|5.2|2|8
41.1|94.56|1758|394|5.2|5.2|2|8
41.2|94.74|1765|394|5.2|5.2|2|8
41.3|94.94|1784|394|5.2|5.2|2|8
41.4|95.15|1139|394|5.2|5.2|2|8
41.5|95.22|1103|394|5.2|5.2|2|8
41.6|95.29|1085|393|5.2|5.2|2|8
41.7|95.26|1085|393|5.2|5.2|2|8
41.8|95.18|1082|393|5.2|5.2|2|8
41.9|95.21|1082|393|5.2|5.2|2|8
42|95.14|1082|393|5.2|5.2|2|8
42.1|94.92|1082|393|5.2|5.2|2|8
42.2|94.94|1080|393|5.2|5.2|2|8
42.3|94.87|1080|393|5.2|5.2|2|8
42.4|94.91|1240|394|5.2|5.2|2|8
42.5|94.76|1108|394|5.2|5.2|2|8
42.6|94.71|1098|394|5.2|5.2|2|8
42.7|94.76|1139|394|5.2|5.2|2|8
42.8|94.6|1170|394|5.2|5.2|2|8
42.9|94.52|1116|394|5.2|5.2|2|8
43|94.47|1126|393|5.2|5.2|2|8
43.1|94.41|1175|393|5.2|5.2|2|8
43.2|94.37|1214|394|5.2|5.2|2|8
43.3|94.29|1250|394|5.2|5.2|2|8
43.4|94.25|1147|394|5.2|5.2|2|8
43.5|94.04|1116|394|5.2|5.2|2|8
43.6|94.05|1080|393|5.2|5.2|2|8
43.7|93.98|1196|393|5.2|5.2|2|8
43.8|93.97|1180|394|5.2|5.2|2|8
43.9|93.88|1299|394|5.2|5.2|2|8
44|93.85|1304|394|5.2|5.2|2|8
44.1|93.66|1330|394|5.2|5.2|2|8
44.2|93.68|1278|395|5.2|5.2|2|8
44.3|93.58|1345|394|5.2|5.2|2|8
44.4|93.45|1237|394|5.2|5.2|2|8
44.5|93.41|1191|394|5.2|5.2|2|8
44.6|93.35|1299|394|5.2|5.2|2|8
44.7|93.13|1214|395|5.2|5.2|2|8
44.8|93.13|1088|394|5.2|5.2|2|8
44.9|93.17|1436|394|5.2|5.2|2|8
45|93.04|1430|394|5.2|5.2|2|8
45.1|92.95|1320|394|5.2|5.2|2|8
45.2|92.87|1381|395|5.2|5.2|2|8
45.3|92.79|1253|395|5.2|5.2|2|8
45.4|92.8|1139|394|5.2|5.2|2|8
45.5|92.76|1121|394|5.2|5.2|2|8
45.6|92.66|1247|394|5.2|5.2|2|8
45.7|92.68|1173|395|5.2|5.2|2|8
45.8|92.63|1237|394|5.2|5.2|2|8
45.9|92.48|1180|394|5.2|5.2|2|8
46|92.4|1082|394|5.2|5.2|2|8
46.1|92.39|1157|394|5.2|5.2|2|8
46.2|92.36|1351|394|5.2|5.2|2|8
46.3|92.16|1255|394|5.2|5.2|2|8
46.4|92.17|1111|394|5.2|5.2|2|8
46.5|92.11|1129|394|5.2|5.2|2|8
46.6|92.04|1103|394|5.2|5.2|2|8
46.7|91.97|1180|394|5.2|5.2|2|8
46.8|91.93|1216|394|5.2|5.2|2|8
46.9|91.88|1131|394|5.2|5.2|2|8
47|91.76|1286|394|5.2|5.2|2|8
47.1|91.64|1137|394|5.2|5.2|2|8
47.2|91.56|1134|394|5.2|5.2|2|8
47.3|91.46|1103|394|5.2|5.2|2|8
47.4|91.47|1209|394|5.2|5.2|2|8
47.5|91.41|1209|394|5.2|5.2|2|8
47.6|91.33|1240|394|5.2|5.2|2|8
47.7|91.22|1160|394|5.2|5.2|2|8
47.8|91.07|1227|394|5.2|5.2|2|8
47.9|91.05|1152|394|5.2|5.2|2|8
48|90.92|1224|394|5.2|5.2|2|8
48.1|90.88|1250|394|5.2|5.2|2|8
48.2|90.8|1284|394|5.2|5.2|2|8
48.3|90.68|1165|394|5.2|5.2|2|8
48.4|90.6|1165|394|5.2|5.2|2|8
48.5|90.56|1124|394|5.2|5.2|2|8
48.6|90.45|1180|394|5.2|5.2|2|8
48.7|90.36|1229|395|5.2|5.2|2|8
48.8|90.25|1276|394|5.2|5.2|2|8
48.9|90.16|1162|394|5.2|5.2|2|8
49|90.04|1219|394|5.2|5.2|2|8
49.1|89.93|1198|394|5.2|5.2|2|8
49.2|89.9|1142|394|5.2|5.2|2|8
49.3|89.72|1196|395|5.2|5.2|2|8
49.4|89.72|1198|394|5.2|5.2|2|8
49.5|89.54|1229|394|5.2|5.2|2|8
49.6|89.49|1227|394|5.2|5.2|2|8
49.7|89.38|1224|394|5.2|5.2|2|8
49.8|89.21|1224|394|5.2|5.2|2|8
49.9|89.17|1198|394|5.2|5.2|2|8
50|89.01|1268|394|5.2|5.2|2|8
50.1|88.92|1186|394|5.2|5.2|2|8
50.2|88.84|1387|394|5.2|5.2|2|8
50.3|88.74|1206|394|5.2|5.2|2|8
50.4|88.56|1222|394|5.2|5.2|2|8
50.5|88.5|1281|394|5.2|5.2|2|8
50.6|88.36|1186|394|5.2|5.2|2|8
50.7|88.23|1173|394|5.2|5.2|2|8
50.8|88.11|1253|394|5.2|5.2|2|8
50.9|88.04|1253|394|5.2|5.2|2|8
51|87.86|1235|394|5.2|5.2|2|8
51.1|87.73|1237|394|5.2|5.2|2|8
51.2|87.62|1175|394|5.2|5.2|2|8
51.3|87.49|1278|394|5.2|5.2|2|8
51.4|87.35|1175|394|5.2|5.2|2|8
51.5|87.18|1268|394|5.2|5.2|2|8
51.6|87.13|1180|394|5.2|5.2|2|8
51.7|86.97|1253|394|5.2|5.2|2|8
51.8|86.8|1294|394|5.2|5.2|2|8
51.9|86.7|1201|394|5.2|5.2|2|8
52|86.55|1314|394|5.2|5.2|2|8
52.1|86.43|1289|394|5.2|5.2|2|8
52.2|86.27|1219|394|5.2|5.2|2|8
52.3|86.09|1356|394|5.2|5.2|2|8
52.4|85.93|1276|394|5.2|5.2|2|8
52.5|85.84|1260|394|5.2|5.2|2|8
52.6|85.6|1309|394|5.2|5.2|2|8
52.7|85.49|1289|394|5.2|5.2|2|8
52.8|85.29|1330|394|5.2|5.2|2|8
52.9|85.18|1260|394|5.2|5.2|2|8
53|84.99|1276|394|5.2|5.2|2|8
53.1|84.85|1284|394|5.2|5.2|2|8
53.2|84.64|1291|394|5.2|5.2|2|8
53.3|84.47|1227|394|5.2|5.2|2|8
53.4|84.35|1309|394|5.2|5.2|2|8
53.5|84.2|1314|393|5.2|5.2|2|8
53.6|84|1412|394|5.2|5.2|2|8
53.7|83.87|1263|394|5.2|5.2|2|8
53.8|83.64|1139|394|5.2|5.2|2|8
53.9|83.46|1322|394|5.2|5.2|2|8
54|83.25|1351|394|5.2|5.2|2|8
54.1|83.1|1353|394|5.2|5.2|2|8
54.2|82.86|1322|394|5.2|5.2|2|8
54.3|82.71|1188|394|5.2|5.2|2|8
54.4|82.51|1253|394|5.2|5.2|2|8
54.5|81.8|1832|393|5.2|5.2|6|8
54.6|79.3|1961|392|5.2|5.2|6|8
54.7|76.5|351|393|5.2|5.2|7|8
54.8|74.03|0|392|5.2|5.2|7|8
54.9|72.71|0|392|5.2|5.2|7|8
55|72.16|0|392|5.2|5.2|7|8
55.1|71.85|0|392|5.2|5.2|7|8
55.2|71.72|0|392|5.2|5.2|7|8
55.3|71.61|0|392|5.2|5.2|7|8
55.4|71.57|0|392|5.2|5.2|7|8
55.5|71.6|0|392|5.2|5.2|7|8
55.6|71.6|0|392|5.2|5.2|7|8
55.7|71.59|0|392|5.2|5.2|7|8
55.8|71.64|0|392|5.2|5.2|7|8
55.9|71.68|0|392|5.2|5.2|7|8
56|71.59|0|392|5.2|5.2|7|8
56.1|71.56|0|392|5.2|5.2|7|8
56.2|71.6|0|392|5.2|5.2|7|8
56.3|71.65|0|392|5.2|5.2|7|8
56.4|71.6|0|392|5.2|5.2|7|8
56.5|71.57|0|392|5.2|5.2|7|8
56.6|71.59|0|392|5.2|5.2|7|8
56.7|71.6|0|392|5.2|5.2|7|8
56.8|71.63|0|392|5.2|5.2|7|8
56.9|71.64|0|392|5.2|5.2|7|8
57|71.6|0|392|5.2|5.2|7|8
57.1|71.59|0|392|5.2|5.2|7|8
57.2|71.59|0|392|5.2|5.2|7|8
57.3|71.59|0|392|5.2|5.2|7|8
57.4|71.59|0|392|5.2|5.2|7|8
57.5|71.59|0|392|5.2|5.2|7|8
57.6|71.59|0|392|5.2|5.2|7|8
57.7|71.59|0|391|5.2|5.2|7|8
57.8|71.59|0|392|5.2|5.2|7|8
57.9|71.6|0|391|5.2|5.2|7|8
58|71.59|0|391|5.2|5.2|7|8
58.1|71.59|0|392|5.2|5.2|7|8
58.2|71.57|0|392|5.2|5.2|7|8
58.3|71.55|0|392|5.2|5.2|7|8
58.4|71.61|0|392|5.2|5.2|7|8
58.5|71.61|0|392|5.2|5.2|7|8
58.6|71.61|0|392|5.2|5.2|7|8
58.7|71.6|0|392|5.2|5.2|7|8
58.8|71.57|0|392|5.2|5.2|7|8
58.9|71.59|0|392|5.2|5.2|7|8
59|71.56|0|392|5.2|5.2|7|8
59.1|71.56|0|392|5.2|5.2|7|8
59.2|71.59|0|392|5.2|5.2|7|8
59.3|71.6|0|392|5.2|5.2|7|8
59.4|71.6|0|392|5.2|5.2|7|8
59.5|71.59|0|391|5.2|5.2|7|8
59.6|71.59|0|391|5.2|5.2|7|8
59.7|71.59|0|391|5.2|5.2|7|8
59.8|71.59|0|392|5.2|5.2|7|8
59.9|71.57|0|392|5.2|5.2|7|8
60|71.59|0|392|5.2|5.2|7|8
60.1|71.59|0|392|5.2|5.2|7|8
60.2|71.57|0|391|5.2|5.2|7|8
60.3|71.57|0|392|5.2|5.2|7|8
60.4|71.59|0|392|5.2|5.2|7|8
60.5|71.57|0|392|5.2|5.2|7|8
60.6|71.55|0|392|5.2|5.2|7|8
60.7|71.6|0|392|5.2|5.2|7|8
60.8|71.61|0|392|5.2|5.2|7|8
60.9|71.6|0|392|5.2|5.2|7|8
61|71.59|0|392|5.2|5.2|7|8
61.1|71.6|0|392|5.2|5.2|7|8
61.2|71.61|0|392|5.2|5.2|7|8
61.3|71.65|0|392|5.2|5.2|7|8
61.4|71.59|0|392|5.2|5.2|7|8
61.5|71.57|0|392|5.2|5.2|7|8
61.6|71.55|0|392|5.2|5.2|7|8
61.7|71.59|0|391|5.2|5.2|7|8
61.8|71.59|0|392|5.2|5.2|7|8
61.9|71.59|0|392|5.2|5.2|7|8
62|71.59|0|392|5.2|5.2|7|8
62.1|71.59|0|392|5.2|5.2|7|8
62.2|71.6|0|392|5.2|5.2|7|8
62.3|71.61|0|392|5.2|5.2|7|8
62.4|71.59|0|392|5.2|5.2|7|8
62.5|71.61|0|392|5.2|5.2|7|8
62.6|71.56|0|392|5.2|5.2|7|8
62.7|71.53|0|391|5.2|5.2|7|8
62.8|71.56|0|392|5.2|5.2|7|8
62.9|71.59|0|392|5.2|5.2|7|8
63|71.59|0|392|5.2|5.2|7|8
63.1|71.59|0|392|5.2|5.2|7|8
63.2|71.6|0|392|5.2|5.2|7|8
63.3|71.61|0|392|5.2|5.2|7|8
63.4|71.59|0|391|5.2|5.2|7|8
63.5|71.59|0|391|5.2|5.2|7|8
63.6|71.59|0|392|5.2|5.2|7|8
63.7|71.59|0|392|5.2|5.2|7|8
63.8|71.59|0|392|5.2|5.2|7|8
63.9|71.59|0|392|5.2|5.2|7|8
64|71.59|0|392|5.2|5.2|7|8
64.1|71.59|0|392|5.2|5.2|7|8
64.2|71.57|0|392|5.2|5.2|7|8
64.3|71.57|0|392|5.2|5.2|7|8
64.4|71.59|0|392|5.2|5.2|7|8
64.5|71.59|0|392|5.2|5.2|7|8
64.6|71.57|0|392|5.2|5.2|7|8
64.7|71.59|0|392|5.2|5.2|7|8
64.8|71.6|0|392|5.2|5.2|7|8
64.9|71.57|0|392|5.2|5.2|7|8
65|71.55|0|392|5.2|5.2|7|8
65.1|71.56|0|392|5.2|5.2|7|8
65.2|71.53|0|396|5.2|5.2|7|8
65.3|71.53|0|398|5.2|5.2|7|8
65.4|71.57|0|400|5.2|5.2|7|8
65.5|71.57|0|400|5.2|5.2|7|8
65.6|71.57|0|400|5.2|5.2|7|8
65.7|71.59|0|400|5.2|5.2|7|8
65.8|71.61|0|400|5.2|5.2|7|8
65.9|71.59|0|400|5.2|5.2|7|8
66|71.59|0|400|5.2|5.2|7|8
66.1|71.59|0|400|5.2|5.2|7|8
66.2|71.57|0|400|5.2|5.2|7|8
66.3|71.57|0|400|5.2|5.2|7|8
66.4|71.56|0|400|5.2|5.2|7|8
66.5|71.56|0|400|5.2|5.2|7|8
66.6|71.53|0|400|5.2|5.2|7|8
66.7|71.52|0|400|5.2|5.2|7|8
66.8|71.56|0|400|5.2|5.2|7|8
66.9|71.56|0|400|5.2|5.2|7|8
67|71.56|0|400|5.2|5.2|7|8
67.1|71.56|0|400|5.2|5.2|7|8
67.2|71.56|0|400|5.2|5.2|7|8
67.3|71.56|0|400|5.2|5.2|7|8
67.4|71.56|0|400|5.2|5.2|7|8
67.5|71.61|0|400|5.2|5.2|7|8
67.6|71.6|0|400|5.2|5.2|7|8
67.7|71.57|0|400|5.2|5.2|8|8
67.8|71.59|0|400|5.2|5.2|8|8
67.9|71.44|0|400|5.2|5.2|8|8
68|71.48|0|400|5.2|5.2|8|8
68.1|71.49|0|400|5.2|5.2|8|8
68.2|71.47|0|400|5.2|5.2|8|8
68.3|71.56|0|400|5.2|5.2|8|8
68.4|71.63|0|400|5.2|5.2|8|8
68.5|71.45|0|400|5.2|5.2|8|8
68.6|71.49|0|401|5.2|5.2|8|8
68.7|71.51|0|401|5.2|5.2|8|8
68.8|71.45|0|401|5.2|5.2|8|8
68.9|71.57|0|401|5.2|5.2|8|8
69|71.59|0|401|5.1|5.1|8|8
69.1|71.44|0|401|5.1|5.1|8|8
69.2|71.6|0|401|5.1|5.1|8|8
69.3|71.47|0|401|5.1|5.1|8|8
69.4|71.49|0|401|5.1|5.1|8|8
69.5|71.51|0|401|5.1|5.1|8|8
69.6|71.55|0|401|5.1|5.1|8|8
69.7|71.56|0|401|5.1|5.1|8|8
69.8|73.79|0|401|5.1|5.1|8|8
69.9|76.83|0|401|5.1|5.1|8|8
70|79.93|0|401|5.1|5.1|8|8
70.1|82.89|0|401|5.1|5.1|8|8
70.2|85.88|0|401|5.1|5.1|8|8
70.3|88.79|0|401|5.1|5.1|8|8
70.4|91.8|0|401|5.1|5.1|8|8
70.5|94.27|0|401|5.1|5.1|8|8
70.6|95.34|0|401|5.1|5.1|8|8
70.7|95.81|0|401|5.1|5.1|8|8
