0|95.96|1327|412|5.1|5.1|1|8
0.1|95.97|1464|415|5.1|5.1|1|8
0.2|95.98|1088|416|5.1|5.1|1|8
0.3|95.97|1082|415|5.1|5.1|1|8
0.4|95.94|1082|415|5.1|5.1|1|8
0.5|95.98|1103|415|5.1|5.1|2|8
0.6|95.72|1219|416|5.1|5.1|2|8
0.7|95.3|1637|416|5.1|5.1|3|8
0.8|95.06|1719|417|5.1|5.1|3|8
0.9|94.95|1735|418|5.1|5.1|3|8
1|94.82|1745|418|5.1|5.1|3|8
1.1|94.74|1747|418|5.1|5.1|3|8
1.2|94.74|1750|418|5.1|5.1|3|8
1.3|94.7|1755|418|5.1|5.1|3|8
1.4|94.76|1758|418|5.1|5.1|3|8
1.5|94.74|1760|418|5.1|5.1|3|8
1.6|94.76|1763|418|5.1|5.1|3|8
1.7|94.74|1765|418|5.1|5.1|3|8
1.8|94.76|1768|418|5.1|5.1|3|8
1.9|94.74|1768|418|5.1|5.1|3|8
2|94.74|1771|418|5.1|5.1|3|8
2.1|94.72|1773|418|5.1|5.1|3|8
2.2|94.75|1773|418|5.1|5.1|3|8
2.3|94.72|1776|418|5.1|5.1|3|8
2.4|94.71|1778|418|5.1|5.1|3|8
2.5|94.74|1778|418|5.1|5.1|3|8
2.6|94.74|1781|418|5.1|5.1|3|8
2.7|94.74|1781|418|5.1|5.1|4|8
2.8|94.9|1781|418|5.1|5.1|4|8
2.9|95.12|1773|418|5.1|5.1|4|8
3|95.58|1737|418|5.1|5.1|4|8
3.1|96.13|1575|418|5.1|5.1|4|8
3.2|96.56|1106|417|5.2|5.1|5|8
3.3|96.65|1098|416|5.1|5.1|5|8
3.4|96.8|1098|416|5.2|5.2|5|8
3.5|96.8|1095|416|5.2|5.2|5|8
3.6|96.86|1095|416|5.2|5.2|5|8
3.7|96.86|1093|416|5.2|5.2|5|8
3.8|96.86|1093|416|5.2|5.2|5|8
3.9|96.87|1093|416|5.2|5.2|5|8
4|96.86|1093|416|5.2|5.2|5|8
4.1|96.86|1093|416|5.2|5.2|5|8
4.2|96.87|1093|416|5.2|5.2|5|8
4.3|96.87|1093|416|5.2|5.2|5|8
4.4|96.84|1093|415|5.2|5.2|5|8
4.5|96.84|1093|416|5.2|5.2|5|8
4.6|96.87|1093|416|5.2|5.2|5|8
4.7|96.87|1093|416|5.2|5.2|5|8
4.8|96.87|1093|416|5.2|5.2|5|8
4.9|96.87|1093|416|5.2|5.2|5|8
5|96.88|1093|415|5.2|5.2|5|8
5.1|96.86|1095|415|5.2|5.2|5|8
5.2|96.87|1093|416|5.2|5.2|2|8
5.3|96.67|1093|415|5.2|5.2|2|8
5.4|96.2|1093|415|5.2|5.2|2|8
5.5|95.76|1165|415|5.2|5.2|2|8
5.6|95.23|1296|416|5.2|5.2|2|8
5.7|94.83|1740|416|5.2|5.2|3|8
5.8|94.61|1776|418|5.2|5.2|3|8
5.9|94.48|1786|418|5.2|5.2|3|8
6|94.4|1791|418|5.2|5.2|3|8
6.1|94.35|1796|418|5.2|5.2|3|8
6.2|94.32|1799|418|5.2|5.2|3|8
6.3|94.32|1799|418|5.2|5.2|3|8
6.4|94.32|1802|418|5.2|5.2|3|8
6.5|94.33|1802|418|5.2|5.2|3|8
6.6|94.32|1804|418|5.2|5.2|3|8
6.7|94.33|1807|418|5.2|5.2|3|8
6.8|94.35|1807|418|5.2|5.2|3|8
6.9|94.36|1807|418|5.2|5.2|3|8
7|94.33|1809|418|5.2|5.2|3|8
7.1|94.47|1812|418|5.2|5.2|3|8
7.2|94.31|1814|418|5.2|5.2|3|8
7.3|94.31|1814|418|5.2|5.2|3|8
7.4|94.29|1817|418|5.2|5.2|3|8
7.5|94.32|1820|418|5.2|5.2|3|8
7.6|94.29|1820|418|5.2|5.2|3|8
7.7|94.35|1820|418|5.2|5.2|4|8
7.8|94.44|1820|418|5.3|5.2|4|8
7.9|94.87|1794|418|5.3|5.3|4|8
8|95.39|1253|418|5.3|5.3|5|8
8.1|95.72|1111|416|5.3|5.3|5|8
8.2|95.85|1108|416|5.3|5.3|5|8
8.3|95.92|1106|415|5.3|5.3|5|8
8.4|95.93|1106|415|5.3|5.3|5|8
8.5|95.97|1103|415|5.3|5.3|5|8
8.6|95.97|1103|415|5.3|5.3|5|8
8.7|96|1103|415|5.3|5.3|5|8
8.8|96.02|1103|415|5.3|5.3|5|8
8.9|95.98|1103|415|5.3|5.3|5|8
9|95.97|1103|415|5.3|5.3|5|8
9.1|95.96|1103|415|5.3|5.3|5|8
9.2|95.96|1103|415|5.3|5.3|5|8
9.3|95.94|1101|415|5.3|5.3|5|8
9.4|95.9|1103|415|5.3|5.3|5|8
9.5|95.96|1103|415|5.3|5.3|5|8
9.6|95.96|1103|415|5.3|5.3|5|8
9.7|95.97|1103|415|5.3|5.3|5|8
9.8|96.01|1103|415|5.3|5.3|5|8
9.9|96|1103|415|5.3|5.3|5|8
10|95.98|1103|415|5.3|5.3|2|8
10.1|95.86|1103|415|5.3|5.3|2|8
10.2|95.55|1103|415|5.3|5.3|2|8
10.3|95.15|1106|415|5.3|5.3|2|8
10.4|94.72|1399|414|5.3|5.3|2|8
10.5|94.35|1781|416|5.3|5.3|3|8
10.6|94.05|1804|417|5.3|5.3|3|8
10.7|93.9|1822|413|5.3|5.3|3|8
10.8|93.94|1832|404|5.3|5.3|3|8
10.9|93.92|1838|400|5.3|5.3|3|8
11|93.94|1840|399|5.3|5.3|3|8
11.1|93.88|1843|398|5.3|5.3|3|8
11.2|93.84|1845|398|5.3|5.3|3|8
11.3|93.86|1848|398|5.3|5.3|3|8
11.4|93.86|1851|398|5.3|5.3|3|8
11.5|93.89|1851|398|5.3|5.3|3|8
11.6|93.88|1853|398|5.3|5.3|3|8
11.7|93.85|1853|398|5.3|5.3|3|8
11.8|93.86|1856|398|5.3|5.3|3|8
11.9|93.89|1856|398|5.3|5.3|3|8
12|93.88|1858|398|5.3|5.3|3|8
12.1|93.86|1858|398|5.3|5.3|3|8
12.2|93.88|1861|398|5.3|5.3|3|8
12.3|93.86|1861|398|5.3|5.3|3|8
12.4|93.86|1861|398|5.3|5.3|3|8
12.5|93.82|1861|398|5.3|5.3|4|8
12.6|94.15|1858|398|5.3|5.3|4|8
12.7|94.59|1758|398|5.3|5.3|4|8
12.8|95.02|1139|398|5.3|5.3|5|8
12.9|95.21|1124|397|5.3|5.3|5|8
13|95.29|1121|397|5.4|5.3|5|8
13.1|95.35|1119|397|5.4|5.3|5|8
13.2|95.37|1119|397|5.4|5.3|5|8
13.3|95.38|1116|397|5.4|5.4|5|8
13.4|95.38|1116|396|5.4|5.4|5|8
13.5|95.38|1113|396|5.4|5.4|5|8
13.6|95.38|1113|397|5.4|5.4|5|8
13.7|95.34|1113|396|5.4|5.4|5|8
13.8|95.37|1113|397|5.4|5.4|5|8
13.9|95.37|1113|397|5.4|5.4|5|8
14|95.37|1113|397|5.4|5.4|5|8
14.1|95.37|1113|397|5.4|5.4|5|8
14.2|95.37|1113|397|5.4|5.4|5|8
14.3|95.37|1113|397|5.4|5.4|5|8
14.4|95.37|1113|397|5.4|5.4|5|8
14.5|95.37|1113|397|5.4|5.4|5|8
14.6|95.38|1113|397|5.4|5.4|5|8
14.7|95.35|1113|397|5.4|5.4|5|8
14.8|95.37|1113|397|5.4|5.4|2|8
14.9|95.18|1111|397|5.4|5.4|2|8
15|94.74|1111|397|5.4|5.4|2|8
15.1|94.37|1278|397|5.4|5.4|2|8
15.2|93.93|1809|398|5.4|5.4|3|8
15.3|93.68|1838|398|5.4|5.4|3|8
15.4|93.6|1845|398|5.4|5.4|3|8
15.5|93.58|1851|398|5.4|5.4|3|8
15.6|93.37|1856|398|5.4|5.4|3|8
15.7|93.5|1858|398|5.4|5.4|3|8
15.8|93.45|1861|398|5.4|5.4|3|8
15.9|93.49|1863|398|5.4|5.4|3|8
16|93.43|1866|398|5.4|5.4|3|8
16.1|93.49|1866|398|5.4|5.4|3|8
16.2|93.42|1869|398|5.4|5.4|3|8
16.3|93.47|1871|398|5.4|5.4|3|8
16.4|93.43|1871|398|5.4|5.4|3|8
16.5|93.47|1874|398|5.4|5.4|3|8
16.6|93.43|1876|398|5.4|5.4|3|8
16.7|93.47|1876|398|5.4|5.4|3|8
16.8|93.46|1876|398|5.4|5.4|3|8
16.9|93.47|1876|398|5.4|5.4|3|8
17|93.42|1879|398|5.4|5.4|3|8
17.1|93.47|1879|398|5.4|5.4|3|8
17.2|93.49|1879|398|5.4|5.4|4|8
17.3|93.66|1879|398|5.4|5.4|4|8
17.4|94.16|1799|398|5.4|5.4|4|8
17.5|94.6|1144|398|5.4|5.4|5|8
17.6|94.78|1126|398|5.4|5.4|5|8
17.7|95.02|1124|397|5.4|5.4|5|8
17.8|94.94|1121|397|5.4|5.4|5|8
17.9|94.96|1121|397|5.4|5.4|5|8
18|94.96|1119|397|5.4|5.4|5|8
18.1|94.98|1116|397|5.4|5.4|5|8
18.2|94.94|1116|397|5.4|5.4|5|8
18.3|94.99|1116|397|5.4|5.4|5|8
18.4|94.95|1116|397|5.4|5.4|5|8
18.5|95|1116|397|5.4|5.4|5|8
18.6|95|1116|397|5.4|5.4|5|8
18.7|94.94|1113|397|5.4|5.4|5|8
18.8|94.98|1113|397|5.4|5.4|5|8
18.9|94.95|1113|397|5.4|5.4|5|8
19|95|1113|397|5.4|5.4|5|8
19.1|95.03|1113|397|5.4|5.4|5|8
19.2|94.92|1113|397|5.4|5.4|5|8
19.3|94.98|1113|397|5.4|5.4|5|8
19.4|94.98|1113|397|5.4|5.4|5|8
19.5|94.99|1113|397|5.4|5.4|2|8
19.6|94.71|1113|397|5.4|5.4|2|8
19.7|94.44|1111|397|5.4|5.4|2|8
19.8|93.94|1255|398|5.4|5.4|2|8
19.9|93.55|1802|398|5.4|5.4|3|8
20|93.14|1851|398|5.4|5.4|3|8
20.1|93.21|1861|398|5.4|5.4|3|8
20.2|93.13|1869|398|5.4|5.4|3|8
20.3|92.99|1871|398|5.4|5.4|3|8
20.4|93.1|1876|398|5.4|5.4|3|8
20.5|93.04|1879|398|5.4|5.4|3|8
20.6|93.06|1881|398|5.4|5.4|3|8
20.7|93.07|1884|398|5.4|5.4|3|8
20.8|93.06|1884|398|5.4|5.4|3|8
20.9|93.06|1887|398|5.4|5.4|3|8
21|93.06|1887|398|5.4|5.4|3|8
21.1|93.07|1887|398|5.4|5.4|3|8
21.2|93.04|1887|398|5.4|5.4|3|8
21.3|93.06|1889|398|5.4|5.4|3|8
21.4|93.07|1889|398|5.4|5.4|3|8
21.5|93.07|1889|398|5.4|5.4|3|8
21.6|93.03|1892|398|5.4|5.4|3|8
21.7|93.06|1892|398|5.4|5.4|3|8
21.8|93.06|1892|398|5.4|5.4|3|8
21.9|93.07|1892|398|5.4|5.4|4|8
22|93.21|1892|398|5.4|5.4|4|8
22.1|93.72|1843|398|5.4|5.4|4|8
22.2|94.17|1160|398|5.4|5.4|5|8
22.3|94.41|1129|398|5.4|5.4|5|8
22.4|94.45|1126|397|5.4|5.4|5|8
22.5|94.49|1124|397|5.4|5.4|5|8
22.6|94.6|1121|397|5.4|5.4|5|8
22.7|94.6|1121|397|5.4|5.4|5|8
22.8|94.61|1119|397|5.4|5.4|5|8
22.9|94.55|1119|397|5.4|5.4|5|8
23|94.53|1119|397|5.4|5.4|5|8
23.1|94.53|1119|397|5.4|5.4|5|8
23.2|94.59|1116|397|5.4|5.4|5|8
23.3|94.61|1116|397|5.4|5.4|5|8
23.4|94.57|1116|398|5.4|5.4|5|8
23.5|94.53|1116|398|5.4|5.4|5|8
23.6|94.52|1116|397|5.4|5.4|5|8
23.7|94.59|1116|397|5.4|5.4|5|8
23.8|94.61|1116|397|5.4|5.4|5|8
23.9|94.57|1116|397|5.4|5.4|5|8
24|94.56|1116|397|5.4|5.4|5|8
24.1|94.51|1116|397|5.4|5.4|5|8
24.2|94.53|1116|397|5.4|5.4|2|8
24.3|94.44|1116|397|5.4|5.4|2|8
24.4|94.02|1116|397|5.4|5.4|2|8
24.5|93.62|1260|397|5.4|5.4|2|8
24.6|93.19|1825|398|5.4|5.4|3|8
24.7|92.99|1858|398|5.4|5.4|3|8
24.8|92.8|1874|398|5.4|5.4|3|8
24.9|92.79|1876|398|5.4|5.4|3|8
25|92.78|1881|398|5.4|5.4|3|8
25.1|92.72|1887|398|5.4|5.4|3|8
25.2|92.75|1889|398|5.4|5.4|3|8
25.3|92.8|1892|398|5.4|5.4|3|8
25.4|92.78|1894|398|5.4|5.4|3|8
25.5|92.74|1897|398|5.4|5.4|3|8
25.6|92.74|1899|398|5.4|5.4|3|8
25.7|92.76|1899|398|5.4|5.4|3|8
25.8|92.79|1902|398|5.4|5.4|3|8
25.9|92.76|1902|398|5.4|5.4|3|8
26|92.75|1902|398|5.4|5.4|3|8
26.1|92.74|1905|398|5.4|5.4|3|8
26.2|92.75|1905|398|5.4|5.4|3|8
26.3|92.78|1905|398|5.4|5.4|3|8
26.4|92.78|1907|398|5.4|5.4|3|8
26.5|92.74|1907|398|5.4|5.4|3|8
26.6|92.74|1907|398|5.4|5.4|4|8
26.7|92.96|1905|398|5.4|5.4|4|8
26.8|93.49|1835|398|5.4|5.4|4|8
26.9|93.86|1162|398|5.4|5.4|5|8
27|94.2|1129|398|5.4|5.4|5|8
27.1|94.27|1126|398|5.4|5.4|5|8
27.2|94.31|1124|398|5.4|5.4|5|8
27.3|94.31|1124|398|5.4|5.4|5|8
27.4|94.31|1121|398|5.4|5.4|5|8
27.5|94.32|1121|398|5.4|5.4|5|8
27.6|94.33|1119|398|5.4|5.4|5|8
27.7|94.35|1119|398|5.4|5.4|5|8
27.8|94.31|1116|398|5.4|5.4|5|8
27.9|94.29|1119|398|5.4|5.4|5|8
28|94.29|1119|397|5.4|5.4|5|8
28.1|94.29|1116|398|5.4|5.4|5|8
28.2|94.33|1116|397|5.4|5.4|5|8
28.3|94.36|1116|397|5.4|5.4|5|8
28.4|94.33|1116|397|5.4|5.4|5|8
28.5|94.31|1116|397|5.4|5.4|5|8
28.6|94.28|1116|398|5.4|5.4|5|8
28.7|94.32|1116|397|5.4|5.4|5|8
28.8|94.33|1116|398|5.4|5.4|5|8
28.9|94.33|1116|397|5.4|5.4|2|8
29|94.16|1116|398|5.4|5.4|2|8
29.1|93.81|1116|397|5.4|5.4|2|8
29.2|93.29|1183|397|5.4|5.4|2|8
29.3|92.9|1807|398|5.4|5.4|3|8
29.4|92.67|1869|398|5.4|5.4|3|8
29.5|92.52|1881|398|5.4|5.4|3|8
29.6|92.36|1889|398|5.4|5.4|3|8
29.7|92.43|1892|398|5.4|5.4|3|8
29.8|92.41|1897|398|5.4|5.4|3|8
29.9|92.43|1899|398|5.4|5.4|3|8
30|92.43|1905|398|5.4|5.4|3|8
30.1|92.39|1907|398|5.4|5.4|3|8
30.2|92.4|1910|398|5.4|5.4|3|8
30.3|92.41|1912|398|5.4|5.4|3|8
30.4|92.43|1912|398|5.4|5.4|3|8
30.5|92.4|1915|398|5.4|5.4|3|8
30.6|92.4|1915|398|5.4|5.4|3|8
30.7|92.39|1915|398|5.4|5.4|3|8
30.8|92.41|1915|398|5.4|5.4|3|8
30.9|92.41|1918|398|5.4|5.4|3|8
31|92.4|1918|398|5.4|5.4|3|8
31.1|92.41|1920|398|5.4|5.4|3|8
31.2|92.39|1918|398|5.4|5.4|3|8
31.3|92.4|1920|398|5.4|5.4|4|8
31.4|92.58|1918|398|5.4|5.4|4|8
31.5|92.98|1869|398|5.4|5.4|4|8
31.6|93.49|1222|398|5.4|5.4|5|8
31.7|93.76|1131|398|5.4|5.4|5|8
31.8|93.85|1129|398|5.4|5.4|5|8
31.9|93.88|1126|398|5.4|5.4|5|8
32|93.93|1124|398|5.4|5.4|5|8
32.1|93.94|1124|397|5.4|5.4|5|8
32.2|94|1121|397|5.4|5.4|5|8
32.3|94.04|1121|397|5.4|5.4|5|8
32.4|93.96|1119|397|5.4|5.4|5|8
32.5|93.94|1119|397|5.4|5.4|5|8
32.6|93.94|1119|397|5.4|5.4|5|8
32.7|93.94|1119|397|5.4|5.4|5|8
32.8|93.96|1116|397|5.4|5.4|5|8
32.9|93.96|1116|397|5.4|5.4|5|8
33|93.98|1116|397|5.4|5.4|5|8
33.1|94.02|1116|397|5.4|5.4|5|8
33.2|93.98|1116|397|5.4|5.4|5|8
33.3|93.98|1116|397|5.4|5.4|5|8
33.4|93.98|1116|397|5.4|5.4|5|8
33.5|93.98|1116|397|5.4|5.4|5|8
33.6|93.94|1116|397|5.4|5.4|2|8
33.7|93.9|1116|397|5.4|5.4|2|8
33.8|93.57|1116|397|5.4|5.4|2|8
33.9|93.09|1173|397|5.4|5.4|2|8
34|92.64|1709|397|5.4|5.4|3|8
34.1|92.35|1869|397|5.4|5.4|3|8
34.2|92.09|1884|398|5.4|5.4|3|8
34.3|92.07|1894|398|5.4|5.4|3|8
34.4|92.07|1899|398|5.4|5.4|3|8
34.5|92.01|1905|397|5.4|5.4|3|8
34.6|92.02|1907|397|5.4|5.4|3|8
34.7|92.01|1912|397|5.4|5.4|3|8
34.8|91.97|1915|397|5.4|5.4|3|8
34.9|92.02|1918|397|5.4|5.4|3|8
35|92|1920|397|5.4|5.4|3|8
35.1|92.02|1920|397|5.4|5.4|3|8
35.2|92.01|1923|398|5.4|5.4|3|8
35.3|92|1923|397|5.4|5.4|3|8
35.4|92|1923|397|5.4|5.4|3|8
35.5|92.04|1925|397|5.4|5.4|3|8
35.6|92.01|1925|397|5.4|5.4|3|8
35.7|92.01|1928|397|5.4|5.4|3|8
35.8|92.01|1928|398|5.4|5.4|3|8
35.9|92.01|1928|398|5.4|5.4|3|8
36|92.01|1930|397|5.4|5.4|4|8
36.1|92.01|1930|397|5.4|5.4|4|8
36.2|92.51|1907|398|5.4|5.4|4|8
36.3|92.91|1523|398|5.4|5.4|4|8
36.4|93.13|1137|398|5.4|5.4|2|8
36.5|93.19|1126|398|5.4|5.4|2|8
36.6|93.21|1124|397|5.4|5.4|2|8
36.7|93.17|1124|397|5.4|5.4|2|8
36.8|93.25|1121|397|5.4|5.4|2|8
36.9|93.04|1119|396|5.4|5.4|2|8
37|93.02|1119|396|5.4|5.4|2|8
37.1|92.99|1119|396|5.4|5.4|2|8
37.2|92.95|1129|396|5.4|5.4|2|8
37.3|92.79|1126|396|5.4|5.4|2|8
37.4|92.75|1116|396|5.4|5.4|2|8
37.5|92.7|1157|396|5.4|5.4|2|8
37.6|92.64|1147|397|5.4|5.4|2|8
37.7|92.59|1149|396|5.4|5.4|2|8
37.8|92.53|1235|397|5.4|5.4|2|8
37.9|92.37|1152|397|5.4|5.4|2|8
38|92.4|1152|397|5.4|5.4|2|8
38.1|92.37|1196|396|5.4|5.4|2|8
38.2|92.19|1206|397|5.4|5.4|2|8
38.3|92.15|1263|397|5.4|5.4|2|8
38.4|92.09|1152|397|5.4|5.4|2|8
38.5|92.07|1152|396|5.4|5.4|2|8
38.6|91.97|1139|396|5.4|5.4|2|8
38.7|91.9|1142|396|5.4|5.4|2|8
38.8|91.84|1180|396|5.4|5.4|2|8
38.9|91.74|1211|396|5.4|5.4|2|8
39|91.6|1353|397|5.4|5.4|2|8
39.1|91.56|1134|397|5.4|5.4|2|8
39.2|91.49|1206|396|5.4|5.4|2|8
39.3|91.46|1193|396|5.4|5.4|2|8
39.4|91.38|1255|397|5.4|5.4|2|8
39.5|91.26|1237|397|5.4|5.4|2|8
39.6|91.23|1582|397|5.4|5.4|2|8
39.7|91.13|1340|398|5.4|5.4|2|8
39.8|91.17|1119|397|5.4|5.4|2|8
39.9|91.19|1113|396|5.4|5.4|2|8
40|91.25|1113|396|5.4|5.4|2|8
40.1|91.1|1206|396|5.4|5.4|2|8
40.2|91|1119|396|5.4|5.4|2|8
40.3|91.03|1237|397|5.4|5.4|2|8
40.4|90.98|1206|396|5.4|5.4|2|8
40.5|90.86|1196|396|5.4|5.4|2|8
40.6|90.82|1232|397|5.4|5.4|2|8
40.7|90.76|1160|397|5.4|5.4|2|8
40.8|90.7|1204|396|5.4|5.4|2|8
40.9|90.58|1157|396|5.4|5.4|2|8
41|90.56|1193|396|5.4|5.4|2|8
41.1|90.49|1446|397|5.4|5.4|2|8
41.2|90.45|1544|397|5.4|5.4|2|8
41.3|90.43|1119|397|5.4|5.4|2|8
41.4|90.51|1111|397|5.4|5.4|2|8
41.5|90.48|1111|396|5.4|5.4|2|8
41.6|90.44|1178|396|5.4|5.4|2|8
41.7|90.4|1235|396|5.4|5.4|2|8
41.8|90.33|1242|397|5.4|5.4|2|8
41.9|90.29|1345|398|5.4|5.4|2|8
42|90.27|1142|398|5.4|5.4|2|8
42.1|90.23|1137|397|5.4|5.4|2|8
42.2|90.21|1216|397|5.4|5.4|2|8
42.3|90.13|1183|398|5.4|5.4|2|8
42.4|90|1155|397|5.4|5.4|2|8
42.5|90|1155|398|5.4|5.4|2|8
42.6|89.93|1278|397|5.4|5.4|2|8
42.7|89.89|1224|397|5.4|5.4|2|8
42.8|89.81|1263|398|5.4|5.4|2|8
42.9|89.7|1250|398|5.4|5.4|2|8
43|89.73|1260|398|5.4|5.4|2|8
43.1|89.56|1204|398|5.4|5.4|2|8
43.2|89.48|1188|398|5.4|5.4|2|8
43.3|89.52|1299|398|5.4|5.4|2|8
43.4|89.42|1330|398|5.4|5.4|2|8
43.5|89.3|1206|398|5.4|5.4|2|8
43.6|89.18|1222|398|5.4|5.4|2|8
43.7|89.18|1237|398|5.4|5.4|2|8
43.8|89.1|1237|398|5.4|5.4|2|8
43.9|88.98|1296|398|5.4|5.4|2|8
44|88.84|1312|398|5.4|5.4|2|8
44.1|88.86|1338|398|5.4|5.4|2|8
44.2|88.72|1304|398|5.4|5.4|2|8
44.3|88.68|1247|397|5.4|5.4|2|8
44.4|88.58|1253|398|5.4|5.4|2|8
44.5|88.48|1253|398|5.4|5.4|2|8
44.6|88.37|1204|398|5.4|5.4|2|8
44.7|88.27|1294|398|5.4|5.4|2|8
44.8|88.23|1196|398|5.4|5.4|2|8
44.9|88.11|1265|398|5.4|5.4|2|8
45|88.03|1250|398|5.4|5.4|2|8
45.1|87.86|1229|398|5.4|5.4|2|8
45.2|87.84|1235|398|5.4|5.4|2|8
45.3|87.68|1294|398|5.4|5.4|2|8
45.4|87.58|1284|398|5.4|5.4|2|8
45.5|87.44|1312|398|5.4|5.4|2|8
45.6|87.42|1397|398|5.4|5.4|2|8
45.7|87.26|1263|398|5.4|5.4|2|8
45.8|87.13|1312|398|5.4|5.4|2|8
45.9|87.07|1253|398|5.4|5.4|2|8
46|86.95|1281|398|5.4|5.4|2|8
46.1|86.78|1250|398|5.4|5.4|2|8
46.2|86.68|1260|398|5.4|5.4|2|8
46.3|86.59|1209|398|5.4|5.4|2|8
46.4|86.4|1247|398|5.4|5.4|2|8
46.5|86.29|1255|398|5.4|5.4|2|8
46.6|86.17|1219|398|5.4|5.4|2|8
46.7|86.07|1291|398|5.4|5.4|2|8
46.8|85.91|1340|398|5.4|5.4|2|8
46.9|85.85|1343|399|5.4|5.4|2|8
47|85.66|1206|398|5.4|5.4|2|8
47.1|85.38|1335|398|5.4|5.4|2|8
47.2|85.41|1255|398|5.4|5.4|2|8
47.3|85.22|1381|398|5.4|5.4|2|8
47.4|85.06|1351|398|5.4|5.4|2|8
47.5|84.91|1327|398|5.4|5.4|2|8
47.6|84.8|1191|398|5.4|5.4|2|8
47.7|84.59|1345|398|5.4|5.4|2|8
47.8|84.44|1204|398|5.4|5.4|2|8
47.9|84.29|1351|398|5.4|5.4|2|8
48|84.19|1278|398|5.4|5.4|2|8
48.1|83.96|1322|398|5.4|5.4|2|8
48.2|83.83|1253|399|5.4|5.4|2|8
48.3|83.65|1369|400|5.4|5.4|2|8
48.4|83.44|1340|398|5.4|5.4|2|8
48.5|83.25|1358|400|5.4|5.4|2|8
48.6|83.09|1299|399|5.4|5.4|2|8
48.7|82.86|1353|398|5.4|5.4|2|8
48.8|82.74|1332|399|5.4|5.4|2|8
48.9|82.51|1343|399|5.4|5.4|2|8
49|82.28|1456|398|5.4|5.4|6|8
49.1|80.43|1928|398|5.4|5.4|6|8
49.2|77.73|1139|398|5.4|5.4|6|8
49.3|75.2|0|396|5.4|5.4|7|8
49.4|73.3|0|396|5.4|5.4|7|8
49.5|72.38|0|395|5.4|5.4|7|8
49.6|71.85|0|395|5.4|5.4|7|8
49.7|71.61|0|394|5.4|5.4|7|8
49.8|71.59|0|394|5.4|5.4|7|8
49.9|71.43|0|394|5.4|5.4|7|8
50|71.4|0|394|5.4|5.4|7|8
50.1|71.45|0|394|5.4|5.4|7|8
50.2|71.48|0|394|5.4|5.4|7|8
50.3|71.47|0|394|5.4|5.4|7|8
50.4|71.45|0|394|5.4|5.4|7|8
50.5|71.45|0|394|5.4|5.4|7|8
50.6|71.47|0|394|5.4|5.4|7|8
50.7|71.44|0|394|5.4|5.4|7|8
50.8|71.44|0|394|5.4|5.4|7|8
50.9|71.44|0|394|5.4|5.4|7|8
51|71.43|0|394|5.4|5.4|7|8
51.1|71.43|0|394|5.4|5.4|7|8
51.2|71.44|0|394|5.4|5.4|7|8
51.3|71.44|0|394|5.4|5.4|7|8
51.4|71.44|0|395|5.4|5.4|7|8
51.5|71.44|0|394|5.4|5.4|7|8
51.6|71.52|0|394|5.4|5.4|7|8
51.7|71.45|0|394|5.4|5.4|7|8
51.8|71.45|0|394|5.4|5.4|7|8
51.9|71.43|0|394|5.4|5.4|7|8
52|71.41|0|394|5.4|5.4|7|8
52.1|71.41|0|394|5.4|5.4|7|8
52.2|71.41|0|394|5.4|5.4|7|8
52.3|71.41|0|394|5.4|5.4|7|8
52.4|71.43|0|394|5.4|5.4|7|8
52.5|71.43|0|394|5.4|5.4|7|8
52.6|71.44|0|394|5.4|5.4|7|8
52.7|71.43|0|394|5.4|5.4|7|8
52.8|71.41|0|394|5.4|5.4|7|8
52.9|71.41|0|394|5.4|5.4|7|8
53|71.4|0|394|5.4|5.4|7|8
53.1|71.4|0|394|5.4|5.4|7|8
53.2|71.41|0|394|5.4|5.4|7|8
53.3|71.43|0|394|5.4|5.4|7|8
53.4|71.48|0|394|5.4|5.4|7|8
53.5|71.44|0|394|5.4|5.4|7|8
53.6|71.43|0|394|5.4|5.4|7|8
53.7|71.43|0|394|5.4|5.4|7|8
53.8|71.43|0|394|5.4|5.4|7|8
53.9|71.43|0|394|5.4|5.4|7|8
54|71.43|0|394|5.4|5.4|7|8
54.1|71.43|0|394|5.4|5.4|7|8
54.2|71.41|0|394|5.4|5.4|7|8
54.3|71.41|0|394|5.4|5.4|7|8
54.4|71.41|0|394|5.4|5.4|7|8
54.5|71.4|0|394|5.4|5.4|7|8
54.6|71.43|0|394|5.4|5.4|7|8
54.7|71.43|0|394|5.4|5.4|7|8
54.8|71.4|0|394|5.4|5.4|7|8
54.9|71.4|0|394|5.4|5.4|7|8
55|71.41|0|394|5.4|5.4|7|8
55.1|71.43|0|394|5.4|5.4|7|8
55.2|71.44|0|394|5.4|5.4|7|8
55.3|71.41|0|394|5.4|5.4|7|8
55.4|71.4|0|394|5.4|5.4|7|8
55.5|71.4|0|394|5.4|5.4|7|8
55.6|71.43|0|394|5.4|5.4|7|8
55.7|71.43|0|394|5.4|5.4|7|8
55.8|71.43|0|394|5.4|5.4|7|8
55.9|71.41|0|394|5.4|5.4|7|8
56|71.41|0|394|5.4|5.4|7|8
56.1|71.41|0|394|5.4|5.4|7|8
56.2|71.43|0|394|5.4|5.4|7|8
56.3|71.44|0|394|5.4|5.4|7|8
56.4|71.43|0|394|5.4|5.4|7|8
56.5|71.43|0|394|5.4|5.4|7|8
56.6|71.41|0|394|5.4|5.4|7|8
56.7|71.41|0|394|5.4|5.4|7|8
56.8|71.43|0|394|5.4|5.4|7|8
56.9|71.41|0|394|5.4|5.4|7|8
57|71.43|0|394|5.4|5.4|7|8
57.1|71.43|0|394|5.4|5.4|7|8
57.2|71.41|0|394|5.4|5.4|7|8
57.3|71.41|0|394|5.4|5.4|7|8
57.4|71.43|0|394|5.4|5.4|7|8
57.5|71.41|0|394|5.4|5.4|7|8
57.6|71.43|0|394|5.4|5.4|7|8
57.7|71.43|0|394|5.4|5.4|7|8
57.8|71.41|0|394|5.4|5.4|7|8
57.9|71.41|0|394|5.4|5.4|7|8
58|71.41|0|394|5.4|5.4|7|8
58.1|71.41|0|394|5.4|5.4|7|8
58.2|71.43|0|394|5.4|5.4|7|8
58.3|71.41|0|394|5.4|5.4|7|8
58.4|71.41|0|394|5.4|5.4|7|8
58.5|71.41|0|394|5.4|5.4|7|8
58.6|71.41|0|394|5.4|5.4|7|8
58.7|71.41|0|394|5.4|5.4|7|8
58.8|71.41|0|394|5.4|5.4|7|8
58.9|71.41|0|394|5.4|5.4|7|8
59|71.4|0|394|5.4|5.4|7|8
59.1|71.4|0|394|5.4|5.4|7|8
59.2|71.41|0|394|5.4|5.4|7|8
59.3|71.41|0|394|5.4|5.4|7|8
59.4|71.41|0|394|5.4|5.4|7|8
59.5|71.41|0|394|5.4|5.4|7|8
59.6|71.41|0|394|5.4|5.4|7|8
59.7|71.41|0|400|5.4|5.4|7|8
59.8|71.41|0|407|5.4|5.4|7|8
59.9|71.4|0|408|5.4|5.4|7|8
60|71.41|0|409|5.4|5.4|7|8
60.1|71.4|0|409|5.4|5.4|7|8
60.2|71.4|0|410|5.4|5.4|7|8
60.3|71.4|0|410|5.4|5.4|7|8
60.4|71.4|0|410|5.4|5.4|7|8
60.5|71.4|0|410|5.4|5.4|7|8
60.6|71.4|0|410|5.4|5.4|7|8
60.7|71.4|0|410|5.4|5.4|7|8
60.8|71.4|0|410|5.4|5.4|7|8
60.9|71.4|0|410|5.4|5.4|7|8
61|71.4|0|410|5.4|5.4|7|8
61.1|71.4|0|410|5.4|5.4|7|8
61.2|71.4|0|410|5.4|5.4|7|8
61.3|71.4|0|410|5.4|5.4|7|8
61.4|71.4|0|410|5.4|5.4|7|8
61.5|71.4|0|410|5.4|5.4|7|8
61.6|71.4|0|410|5.4|5.4|7|8
61.7|71.4|0|410|5.4|5.4|7|8
61.8|71.4|0|411|5.4|5.4|7|8
61.9|71.4|0|411|5.4|5.4|7|8
62|71.4|0|411|5.4|5.4|7|8
62.1|71.4|0|410|5.4|5.4|7|8
62.2|71.4|0|410|5.4|5.4|7|8
62.3|71.4|0|410|5.4|5.4|8|8
62.4|71.32|0|410|5.4|5.4|8|8
62.5|71.28|0|410|5.4|5.4|8|8
62.6|71.32|0|411|5.4|5.4|8|8
62.7|71.34|0|410|5.4|5.4|8|8
62.8|71.33|0|410|5.4|5.4|8|8
62.9|71.32|0|410|5.3|5.3|8|8
63|71.34|0|410|5.3|5.3|8|8
63.1|71.37|0|410|5.3|5.3|8|8
63.2|71.37|0|411|5.3|5.3|8|8
63.3|71.33|0|411|5.3|5.2|8|8
63.4|71.3|0|411|5.2|5.2|8|8
63.5|71.32|0|411|5.2|5.2|8|8
63.6|71.34|0|411|5.2|5.2|8|8
63.7|71.36|0|411|5.1|5.1|8|8
63.8|71.37|0|411|5.2|5.2|8|8
63.9|71.4|0|411|5.2|5.2|8|8
64|71.36|0|411|5.2|5.2|8|8
64.1|71.34|0|411|5.2|5.2|8|8
64.2|71.32|0|411|5.2|5.2|8|8
64.3|72.23|0|411|5.2|5.2|8|8
64.4|75.17|0|411|5.1|5.1|8|8
64.5|78.2|0|411|5.1|5.1|8|8
64.6|81.13|0|411|5.1|5.1|8|8
64.7|84.08|0|411|5.1|5.1|8|8
64.8|86.97|0|411|5.1|5.1|8|8
64.9|89.86|0|411|5.1|5.1|8|8
65|92.82|0|411|5.1|5.1|8|8
65.1|94.71|0|411|5.1|5.1|8|8
65.2|95.51|0|411|5.1|5.1|8|8
65.3|95.82|0|410|5.1|5.1|9|8
