0|96.06|889|398|4.9|4.9|1|8
0.1|96.08|1039|400|4.9|4.9|1|8
0.2|96.08|1041|400|4.9|4.9|1|8
0.3|96.08|1041|400|4.9|4.9|1|8
0.4|96.08|1039|400|4.9|4.9|1|8
0.5|96.08|1039|400|4.9|4.9|2|8
0.6|95.77|1039|400|4.9|4.9|2|8
0.7|95.37|1041|400|4.9|4.9|2|8
0.8|94.92|1219|400|4.9|4.9|2|8
0.9|94.53|1652|401|4.9|4.9|3|8
1|94.33|1701|402|4.9|4.9|3|8
1.1|94.09|1716|403|4.9|4.9|3|8
1.2|94|1724|403|4.9|4.9|3|8
1.3|93.94|1729|403|4.9|4.9|3|8
1.4|94.01|1732|403|4.9|4.9|3|8
1.5|94|1737|403|4.9|4.9|3|8
1.6|93.97|1740|404|4.9|4.9|3|8
1.7|93.94|1745|404|4.9|4.9|3|8
1.8|93.92|1745|404|4.9|4.9|3|8
1.9|93.96|1747|403|4.9|4.9|3|8
2|94|1747|403|4.9|4.9|3|8
2.1|93.98|1750|403|4.9|4.9|3|8
2.2|93.97|1750|403|4.9|4.9|3|8
2.3|93.97|1753|403|4.9|4.9|3|8
2.4|93.97|1755|404|4.9|4.9|3|8
2.5|93.98|1758|404|4.9|4.9|3|8
2.6|93.97|1758|404|4.9|4.9|3|8
2.7|93.96|1758|403|4.9|4.9|3|8
2.8|93.97|1760|404|4.9|4.9|3|8
2.9|93.94|1763|404|4.9|4.9|4|8
3|94.2|1758|404|4.9|4.9|4|8
3.1|94.51|1696|404|5|4.9|4|8
3.2|94.96|1093|403|5|5|5|8
3.3|95.19|1064|401|5|5|5|8
3.4|95.27|1064|401|5|5|5|8
3.5|95.37|1062|400|5|5|5|8
3.6|95.39|1062|400|5|5|5|8
3.7|95.39|1062|401|5|5|5|8
3.8|95.39|1062|401|5|5|5|8
3.9|95.39|1062|401|5|5|5|8
4|95.38|1064|401|5|5|5|8
4.1|95.39|1062|401|5|5|5|8
4.2|95.41|1059|401|5|5|5|8
4.3|95.43|1059|401|5|5|5|8
4.4|95.46|1059|401|5|5|5|8
4.5|95.41|1059|401|5|5|5|8
4.6|95.38|1059|401|5|5|5|8
4.7|95.38|1059|401|5|5|5|8
4.8|95.41|1059|400|5|5|5|8
4.9|95.41|1059|401|5|5|5|8
5|95.39|1059|400|5|5|5|8
5.1|95.41|1059|400|5|5|5|8
5.2|95.45|1059|401|5|5|2|8
5.3|95.29|1064|400|5|5|2|8
5.4|94.9|1064|400|5|5|2|8
5.5|94.47|1170|401|5|5|2|8
5.6|94.01|1709|401|5|5|3|8
5.7|93.85|1747|402|5|5|3|8
5.8|93.69|1760|403|5|5|3|8
5.9|93.58|1768|404|5|5|3|8
6|93.53|1773|404|5|5|3|8
6.1|93.54|1776|404|5|5|3|8
6.2|93.55|1776|404|5|5|3|8
6.3|93.55|1778|404|5|5|3|8
6.4|93.54|1784|404|5|5|3|8
6.5|93.53|1786|404|5|5|3|8
6.6|93.53|1786|404|5|5|3|8
6.7|93.54|1789|404|5|5|3|8
6.8|93.53|1789|404|5|5|3|8
6.9|93.53|1791|404|5|5|3|8
7|93.51|1791|404|5|5|3|8
7.1|93.53|1791|404|5|5|3|8
7.2|93.53|1791|404|5|5|3|8
7.3|93.54|1794|404|5|5|3|8
7.4|93.55|1794|404|5|5|3|8
7.5|93.54|1796|404|5|5|3|8
7.6|93.53|1796|403|5|5|4|8
7.7|93.73|1794|404|5|5|4|8
7.8|94.08|1765|404|5|5|4|8
7.9|94.53|1124|402|5.1|5|5|8
8|94.82|1072|401|5.1|5|5|8
8.1|94.88|1070|401|5|5|5|8
8.2|94.94|1067|400|5.1|5.1|5|8
8.3|95|1067|400|5.1|5.1|5|8
8.4|95|1067|400|5.1|5.1|5|8
8.5|95.02|1067|400|5.1|5.1|5|8
8.6|95.06|1067|400|5.1|5.1|5|8
8.7|94.98|1067|401|5.1|5.1|5|8
8.8|95|1070|400|5.1|5.1|5|8
8.9|94.99|1070|400|5.1|5.1|5|8
9|95.03|1070|401|5.1|5.1|5|8
9.1|95.04|1072|400|5.1|5.1|5|8
9.2|94.98|1070|400|5.1|5.1|5|8
9.3|94.99|1072|400|5.1|5.1|5|8
9.4|95.02|1072|400|5.1|5.1|5|8
9.5|95.03|1070|400|5.1|5.1|5|8
9.6|95|1070|400|5.1|5.1|5|8
9.7|94.98|1064|400|5.1|5.1|5|8
9.8|95|1070|400|5.1|5.1|5|8
9.9|95.03|1070|400|5.1|5.1|2|8
10|94.9|1070|400|5.1|5.1|2|8
10.1|94.52|1072|400|5.1|5.1|2|8
10.2|94.05|1255|400|5.1|5.1|2|8
10.3|93.72|1745|401|5.1|5.1|3|8
10.4|93.55|1778|402|5.1|5.1|3|8
10.5|93.37|1791|403|5.1|5.1|3|8
10.6|93.26|1796|403|5.1|5.1|3|8
10.7|93.25|1802|402|5.1|5.1|3|8
10.8|93.21|1804|402|5.1|5.1|3|8
10.9|93.23|1807|403|5.1|5.1|3|8
11|93.22|1822|398|5.1|5.1|3|8
11.1|93.27|1822|396|5.1|5.1|3|8
11.2|93.25|1822|396|5.1|5.1|3|8
11.3|93.22|1825|396|5.1|5.1|3|8
11.4|93.26|1825|396|5.1|5.1|3|8
11.5|93.23|1825|396|5.1|5.1|3|8
11.6|93.26|1827|396|5.1|5.1|3|8
11.7|93.26|1827|396|5.1|5.1|3|8
11.8|93.23|1830|396|5.1|5.1|3|8
11.9|93.25|1830|396|5.1|5.1|3|8
12|93.25|1830|396|5.1|5.1|3|8
12.1|93.25|1830|396|5.1|5.1|3|8
12.2|93.22|1830|396|5.1|5.1|3|8
12.3|93.26|1832|396|5.1|5.1|4|8
12.4|93.46|1830|396|5.1|5.1|4|8
12.5|93.8|1807|396|5.1|5.1|4|8
12.6|94.33|1155|396|5.1|5.1|5|8
12.7|94.56|1085|394|5.1|5.1|5|8
12.8|94.66|1080|394|5.1|5.1|5|8
12.9|94.74|1082|394|5.1|5.1|5|8
13|94.76|1080|394|5.1|5.1|5|8
13.1|94.82|1082|394|5.1|5.1|5|8
13.2|94.82|1085|394|5.1|5.1|5|8
13.3|94.8|1085|394|5.1|5.1|5|8
13.4|94.78|1085|394|5.1|5.1|5|8
13.5|94.8|1088|394|5.1|5.1|5|8
13.6|94.8|1085|394|5.1|5.1|5|8
13.7|94.82|1085|394|5.1|5.1|5|8
13.8|94.83|1085|394|5.1|5.1|5|8
13.9|94.8|1088|394|5.1|5.1|5|8
14|94.79|1085|394|5.1|5.1|5|8
14.1|94.79|1085|394|5.1|5.1|5|8
14.2|94.83|1088|394|5.1|5.1|5|8
14.3|94.84|1085|394|5.1|5.1|5|8
14.4|94.79|1085|394|5.1|5.1|5|8
14.5|94.79|1088|394|5.1|5.1|5|8
14.6|94.8|1088|394|5.1|5.1|2|8
14.7|94.76|1088|394|5.1|5.1|2|8
14.8|94.41|1090|394|5.1|5.1|2|8
14.9|93.92|1186|394|5.1|5.1|2|8
15|93.55|1768|394|5.1|5.1|3|8
15.1|93.27|1807|395|5.1|5.1|3|8
15.2|93.21|1817|395|5.1|5.1|3|8
15.3|93.15|1825|395|5.1|5.1|3|8
15.4|93|1827|395|5.1|5.1|3|8
15.5|93.06|1830|395|5.1|5.1|3|8
15.6|93.06|1832|394|5.1|5.1|3|8
15.7|93.07|1835|395|5.1|5.1|3|8
15.8|93.06|1838|394|5.1|5.1|3|8
15.9|93.06|1840|395|5.1|5.1|3|8
16|93.04|1840|394|5.1|5.1|3|8
16.1|93.04|1843|394|5.1|5.1|3|8
16.2|93.04|1843|394|5.1|5.1|3|8
16.3|93.06|1845|394|5.1|5.1|3|8
16.4|93.04|1845|394|5.1|5.1|3|8
16.5|93.06|1845|394|5.1|5.1|3|8
16.6|93.06|1845|395|5.1|5.1|3|8
16.7|93.06|1848|394|5.1|5.1|3|8
16.8|93.04|1848|395|5.1|5.1|3|8
16.9|93.04|1848|395|5.1|5.1|3|8
17|93.06|1848|395|5.1|5.1|4|8
17.1|93.14|1848|395|5.1|5.1|4|8
17.2|93.53|1838|395|5.1|5.1|4|8
17.3|94.09|1214|395|5.1|5.1|5|8
17.4|94.4|1088|394|5.1|5.1|5|8
17.5|94.52|1085|394|5.1|5.1|5|8
17.6|94.64|1082|394|5.1|5.1|5|8
17.7|94.64|1082|394|5.1|5.1|5|8
17.8|94.66|1082|394|5.1|5.1|5|8
17.9|94.66|1082|394|5.1|5.1|5|8
18|94.67|1082|394|5.1|5.1|5|8
18.1|94.64|1082|394|5.1|5.1|5|8
18.2|94.63|1088|394|5.1|5.1|5|8
18.3|94.64|1088|394|5.1|5.1|5|8
18.4|94.64|1085|394|5.1|5.1|5|8
18.5|94.55|1085|394|5.1|5.1|5|8
18.6|94.71|1085|394|5.1|5.1|5|8
18.7|94.71|1085|394|5.1|5.1|5|8
18.8|94.64|1085|394|5.1|5.1|5|8
18.9|94.57|1088|394|5.1|5.1|5|8
19|94.71|1085|394|5.1|5.1|5|8
19.1|94.64|1088|394|5.1|5.1|5|8
19.2|94.57|1088|394|5.1|5.1|5|8
19.3|94.67|1090|394|5.1|5.1|2|8
19.4|94.6|1090|394|5.1|5.1|2|8
19.5|94.35|1090|394|5.1|5.1|2|8
19.6|93.86|1108|394|5.1|5.1|2|8
19.7|93.46|1753|394|5.1|5.1|3|8
19.8|93.22|1814|394|5.1|5.1|3|8
19.9|93.04|1827|394|5.1|5.1|3|8
20|93.04|1832|394|5.1|5.1|3|8
20.1|93.03|1838|394|5.1|5.1|3|8
20.2|92.98|1840|395|5.1|5.1|3|8
20.3|92.95|1845|394|5.1|5.1|3|8
20.4|92.95|1845|394|5.1|5.1|3|8
20.5|92.94|1848|395|5.1|5.1|3|8
20.6|92.94|1848|395|5.1|5.1|3|8
20.7|92.95|1848|395|5.1|5.1|3|8
20.8|92.96|1851|395|5.1|5.1|3|8
20.9|92.99|1851|395|5.1|5.1|3|8
21|92.94|1853|395|5.1|5.1|3|8
21.1|92.94|1853|395|5.1|5.1|3|8
21.2|92.94|1853|395|5.1|5.1|3|8
21.3|92.96|1853|395|5.1|5.1|3|8
21.4|92.95|1853|395|5.1|5.1|3|8
21.5|92.98|1856|394|5.1|5.1|3|8
21.6|92.95|1856|395|5.1|5.1|3|8
21.7|92.94|1856|394|5.1|5.1|4|8
21.8|93.04|1856|394|5.1|5.1|4|8
21.9|93.42|1845|394|5.1|5.1|4|8
22|93.89|1245|394|5.1|5.1|5|8
22.1|94.32|1088|394|5.1|5.1|5|8
22.2|94.37|1085|394|5.1|5.1|5|8
22.3|94.41|1085|394|5.1|5.1|5|8
22.4|94.49|1085|394|5.1|5.1|5|8
22.5|94.51|1085|394|5.1|5.1|5|8
22.6|94.51|1085|394|5.1|5.1|5|8
22.7|94.49|1085|394|5.1|5.1|5|8
22.8|94.49|1088|394|5.1|5.1|5|8
22.9|94.49|1088|394|5.1|5.1|5|8
23|94.51|1088|394|5.1|5.1|5|8
23.1|94.49|1085|394|5.1|5.1|5|8
23.2|94.49|1085|394|5.1|5.1|5|8
23.3|94.49|1085|394|5.1|5.1|5|8
23.4|94.49|1088|394|5.1|5.1|5|8
23.5|94.49|1088|394|5.1|5.1|5|8
23.6|94.49|1088|394|5.1|5.1|5|8
23.7|94.49|1088|394|5.1|5.1|5|8
23.8|94.49|1085|394|5.1|5.1|5|8
23.9|94.49|1088|394|5.1|5.1|5|8
24|94.49|1088|394|5.1|5.1|2|8
24.1|94.44|1090|394|5.1|5.1|2|8
24.2|94.12|1090|394|5.1|5.1|2|8
24.3|93.69|1126|394|5.1|5.1|2|8
24.4|93.26|1771|394|5.1|5.1|3|8
24.5|93.04|1817|394|5.1|5.1|3|8
24.6|92.98|1830|394|5.1|5.1|3|8
24.7|92.86|1838|394|5.1|5.1|3|8
24.8|92.91|1845|394|5.1|5.1|3|8
24.9|92.79|1848|395|5.1|5.1|3|8
25|92.76|1853|394|5.1|5.1|3|8
25.1|92.84|1856|395|5.1|5.1|3|8
25.2|92.83|1856|395|5.1|5.1|3|8
25.3|92.8|1858|394|5.1|5.1|3|8
25.4|92.78|1861|395|5.1|5.1|3|8
25.5|92.8|1861|395|5.1|5.1|3|8
25.6|92.83|1861|394|5.1|5.1|3|8
25.7|92.83|1861|395|5.1|5.1|3|8
25.8|92.8|1861|394|5.1|5.1|3|8
25.9|92.76|1863|394|5.1|5.1|3|8
26|92.84|1861|394|5.1|5.1|3|8
26.1|92.8|1863|394|5.1|5.1|3|8
26.2|92.8|1863|394|5.1|5.1|3|8
26.3|92.79|1863|395|5.1|5.1|3|8
26.4|92.82|1863|395|5.1|5.1|4|8
26.5|92.91|1863|394|5.1|5.1|4|8
26.6|93.23|1851|395|5.1|5.1|4|8
26.7|93.77|1294|395|5.1|5.1|5|8
26.8|94.21|1090|394|5.1|5.1|5|8
26.9|94.32|1085|394|5.1|5.1|5|8
27|94.36|1085|394|5.1|5.1|5|8
27.1|94.33|1082|394|5.1|5.1|5|8
27.2|94.36|1080|394|5.1|5.1|5|8
27.3|94.39|1080|394|5.1|5.1|5|8
27.4|94.37|1082|394|5.1|5.1|5|8
27.5|94.39|1080|394|5.1|5.1|5|8
27.6|94.39|1080|394|5.1|5.1|5|8
27.7|94.4|1082|394|5.1|5.1|5|8
27.8|94.41|1085|394|5.1|5.1|5|8
27.9|94.43|1085|394|5.1|5.1|5|8
28|94.4|1085|394|5.1|5.1|5|8
28.1|94.4|1085|394|5.1|5.1|5|8
28.2|94.41|1080|394|5.1|5.1|5|8
28.3|94.4|1080|394|5.1|5.1|5|8
28.4|94.4|1082|394|5.1|5.1|5|8
28.5|94.4|1085|394|5.1|5.1|5|8
28.6|94.41|1088|394|5.1|5.1|5|8
28.7|94.4|1088|394|5.1|5.1|2|8
28.8|94.39|1085|394|5.1|5.1|2|8
28.9|94.01|1088|394|5.1|5.1|2|8
29|93.62|1095|394|5.1|5.1|2|8
29.1|93.21|1755|394|5.1|5.1|3|8
29.2|93.03|1814|394|5.1|5.1|3|8
29.3|92.94|1832|394|5.1|5.1|3|8
29.4|92.8|1843|394|5.1|5.1|3|8
29.5|92.8|1848|394|5.1|5.1|3|8
29.6|92.76|1853|394|5.1|5.1|3|8
29.7|92.75|1856|394|5.1|5.1|3|8
29.8|92.72|1858|394|5.1|5.1|3|8
29.9|92.76|1861|394|5.1|5.1|3|8
30|92.8|1863|394|5.1|5.1|3|8
30.1|92.76|1863|394|5.1|5.1|3|8
30.2|92.76|1866|394|5.1|5.1|3|8
30.3|92.78|1866|394|5.1|5.1|3|8
30.4|92.79|1866|394|5.1|5.1|3|8
30.5|92.72|1866|394|5.1|5.1|3|8
30.6|92.71|1866|394|5.1|5.1|3|8
30.7|92.72|1866|394|5.1|5.1|3|8
30.8|92.78|1866|394|5.1|5.1|3|8
30.9|92.78|1866|394|5.1|5.1|3|8
31|92.76|1866|394|5.1|5.1|3|8
31.1|92.74|1869|394|5.1|5.1|4|8
31.2|92.87|1869|394|5.1|5.1|4|8
31.3|93.14|1856|394|5.1|5.1|4|8
31.4|93.72|1631|394|5.1|5.1|4|8
31.5|94.23|1103|394|5.1|5.1|5|8
31.6|94.37|1085|393|5.1|5.1|5|8
31.7|94.43|1085|393|5.1|5.1|5|8
31.8|94.51|1082|393|5.1|5.1|5|8
31.9|94.48|1082|393|5.1|5.1|5|8
32|94.53|1080|393|5.1|5.1|5|8
32.1|94.52|1080|393|5.1|5.1|5|8
32.2|94.53|1080|394|5.1|5.1|5|8
32.3|94.53|1077|394|5.1|5.1|5|8
32.4|94.55|1077|393|5.1|5.1|5|8
32.5|94.55|1077|393|5.1|5.1|5|8
32.6|94.6|1075|393|5.1|5.1|5|8
32.7|94.55|1077|393|5.1|5.1|5|8
32.8|94.49|1082|393|5.1|5.1|5|8
32.9|94.53|1082|393|5.1|5.1|5|8
33|94.56|1082|393|5.1|5.1|5|8
33.1|94.55|1082|393|5.1|5.1|5|8
33.2|94.51|1082|393|5.1|5.1|5|8
33.3|94.56|1080|394|5.1|5.1|5|8
33.4|94.6|1080|394|5.1|5.1|5|8
33.5|94.52|1082|394|5.1|5.1|2|8
33.6|94.41|1082|394|5.1|5.1|2|8
33.7|93.96|1085|393|5.1|5.1|2|8
33.8|93.53|1219|393|5.1|5.1|2|8
33.9|93.09|1781|394|5.1|5.1|3|8
34|92.94|1820|394|5.1|5.1|3|8
34.1|92.84|1835|394|5.1|5.1|3|8
34.2|92.78|1843|394|5.1|5.1|3|8
34.3|92.74|1851|394|5.1|5.1|3|8
34.4|92.71|1853|394|5.1|5.1|3|8
34.5|92.71|1856|394|5.1|5.1|3|8
34.6|92.71|1861|394|5.1|5.1|3|8
34.7|92.71|1863|394|5.1|5.1|3|8
34.8|92.71|1863|394|5.1|5.1|3|8
34.9|92.71|1863|394|5.1|5.1|3|8
35|92.72|1866|394|5.1|5.1|3|8
35.1|92.68|1866|394|5.1|5.1|3|8
35.2|92.71|1866|394|5.1|5.1|3|8
35.3|92.72|1869|394|5.1|5.1|3|8
35.4|92.68|1869|394|5.1|5.1|3|8
35.5|92.7|1869|394|5.1|5.1|3|8
35.6|92.71|1869|394|5.1|5.1|3|8
35.7|92.72|1869|394|5.1|5.1|3|8
35.8|92.7|1871|394|5.1|5.1|3|8
35.9|92.67|1871|394|5.1|5.1|4|8
36|92.88|1869|394|5.1|5.1|4|8
36.1|93.19|1843|394|5.1|5.1|4|8
36.2|93.77|1482|394|5.1|5.1|4|8
36.3|94.09|1090|394|5.1|5.1|2|8
36.4|94.1|1082|394|5.1|5.1|2|8
36.5|94.09|1080|394|5.1|5.1|2|8
36.6|94.15|1080|394|5.1|5.1|2|8
36.7|94.01|1082|394|5.1|5.1|2|8
36.8|93.97|1088|394|5.1|5.1|2|8
36.9|93.97|1085|393|5.1|5.1|2|8
37|93.89|1085|393|5.1|5.1|2|8
37.1|93.78|1085|394|5.1|5.1|2|8
37.2|93.78|1085|394|5.1|5.1|2|8
37.3|93.64|1085|394|5.1|5.1|2|8
37.4|93.66|1082|394|5.1|5.1|2|8
37.5|93.58|1085|394|5.1|5.1|2|8
37.6|93.57|1183|394|5.1|5.1|2|8
37.7|93.42|1428|394|5.1|5.1|2|8
37.8|93.42|1652|394|5.1|5.1|2|8
37.9|93.47|1683|394|5.1|5.1|2|8
38|93.6|1691|394|5.1|5.1|2|8
38.1|93.81|1678|394|5.1|5.1|2|8
38.2|94|1227|395|5.1|5.1|2|8
38.3|94.16|1080|394|5.1|5.1|2|8
38.4|94.19|1075|394|5.1|5.1|2|8
38.5|94.2|1075|394|5.1|5.1|2|8
38.6|94.05|1075|394|5.1|5.1|2|8
38.7|94.06|1075|394|5.1|5.1|2|8
38.8|93.97|1075|394|5.1|5.1|2|8
38.9|93.98|1072|394|5.1|5.1|2|8
39|93.94|1077|394|5.1|5.1|2|8
39.1|93.81|1088|394|5.1|5.1|2|8
39.2|93.82|1082|394|5.1|5.1|2|8
39.3|93.69|1088|394|5.1|5.1|2|8
39.4|93.68|1160|394|5.1|5.1|2|8
39.5|93.55|1129|394|5.1|5.1|2|8
39.6|93.55|1085|394|5.1|5.1|2|8
39.7|93.43|1193|394|5.1|5.1|2|8
39.8|93.43|1374|394|5.1|5.1|2|8
39.9|93.37|1451|394|5.1|5.1|2|8
40|93.21|1570|394|5.1|5.1|2|8
40.1|93.26|1624|394|5.1|5.1|2|8
40.2|93.38|1559|394|5.1|5.1|2|8
40.3|93.49|1093|394|5.1|5.1|2|8
40.4|93.58|1075|394|5.1|5.1|2|8
40.5|93.61|1072|394|5.1|5.1|2|8
40.6|93.57|1072|394|5.1|5.1|2|8
40.7|93.55|1070|394|5.1|5.1|2|8
40.8|93.43|1070|394|5.1|5.1|2|8
40.9|93.43|1072|394|5.1|5.1|2|8
41|93.34|1088|394|5.1|5.1|2|8
41.1|93.23|1387|394|5.1|5.1|2|8
41.2|93.14|1379|394|5.1|5.1|2|8
41.3|93.11|1652|394|5.1|5.1|2|8
41.4|93.29|1688|394|5.1|5.1|2|8
41.5|93.39|1706|394|5.1|5.1|2|8
41.6|93.58|1696|394|5.1|5.1|2|8
41.7|93.76|1668|395|5.1|5.1|2|8
41.8|93.93|1224|395|5.1|5.1|2|8
41.9|94.12|1075|394|5.1|5.1|2|8
42|94.12|1070|394|5.1|5.1|2|8
42.1|94.17|1070|394|5.1|5.1|2|8
42.2|94.06|1075|394|5.1|5.1|2|8
42.3|93.97|1072|394|5.1|5.1|2|8
42.4|93.97|1072|394|5.1|5.1|2|8
42.5|93.93|1077|394|5.1|5.1|2|8
42.6|93.86|1077|394|5.1|5.1|2|8
42.7|93.85|1093|394|5.1|5.1|2|8
42.8|93.72|1124|394|5.1|5.1|2|8
42.9|93.68|1088|394|5.1|5.1|2|8
43|93.61|1116|394|5.1|5.1|2|8
43.1|93.55|1139|395|5.1|5.1|2|8
43.2|93.46|1147|395|5.1|5.1|2|8
43.3|93.46|1129|395|5.1|5.1|2|8
43.4|93.33|1572|395|5.1|5.1|2|8
43.5|93.31|1673|395|5.1|5.1|2|8
43.6|93.37|1683|396|5.1|5.1|2|8
43.7|93.57|1678|396|5.1|5.1|2|8
43.8|93.74|1111|396|5.1|5.1|2|8
43.9|93.86|1075|395|5.1|5.1|2|8
44|93.92|1072|395|5.1|5.1|2|8
44.1|93.86|1070|395|5.1|5.1|2|8
44.2|93.81|1070|394|5.1|5.1|2|8
44.3|93.76|1070|394|5.1|5.1|2|8
44.4|93.65|1070|394|5.1|5.1|2|8
44.5|93.65|1157|395|5.1|5.1|2|8
44.6|93.57|1082|395|5.1|5.1|2|8
44.7|93.55|1095|395|5.1|5.1|2|8
44.8|93.42|1101|394|5.1|5.1|2|8
44.9|93.38|1106|394|5.1|5.1|2|8
45|93.35|1294|395|5.1|5.1|2|8
45.1|93.21|1459|395|5.1|5.1|2|8
45.2|93.14|1472|395|5.1|5.1|2|8
45.3|93.23|1302|395|5.1|5.1|2|8
45.4|93.13|1399|396|5.1|5.1|2|8
45.5|93.06|1399|395|5.1|5.1|2|8
45.6|92.96|1469|395|5.1|5.1|2|8
45.7|92.86|1338|394|5.1|5.1|2|8
45.8|92.8|1410|395|5.1|5.1|2|8
45.9|92.76|1271|394|5.1|5.1|2|8
46|92.7|1265|394|5.1|5.1|2|8
46.1|92.67|1237|394|5.1|5.1|2|8
46.2|92.63|1314|394|5.1|5.1|2|8
46.3|92.52|1186|394|5.1|5.1|2|8
46.4|92.43|1160|394|5.1|5.1|2|8
46.5|92.39|1312|394|5.1|5.1|2|8
46.6|92.39|1219|394|5.1|5.1|2|8
46.7|92.21|1160|394|5.1|5.1|2|8
46.8|92.2|1124|394|5.1|5.1|2|8
46.9|92.12|1175|396|5.1|5.1|2|8
47|92.07|1144|394|5.1|5.1|2|8
47.1|91.97|1180|395|5.1|5.1|2|8
47.2|91.96|1224|394|5.1|5.1|2|8
47.3|91.86|1345|396|5.1|5.1|2|8
47.4|91.77|1196|395|5.1|5.1|2|8
47.5|91.66|1152|395|5.1|5.1|2|8
47.6|91.6|1209|395|5.1|5.1|2|8
47.7|91.5|1196|395|5.1|5.1|2|8
47.8|91.49|1137|394|5.1|5.1|2|8
47.9|91.41|1180|395|5.1|5.1|2|8
48|91.31|1201|394|5.1|5.1|2|8
48.1|91.25|1211|394|5.1|5.1|2|8
48.2|91.15|1227|395|5.1|5.1|2|8
48.3|91.06|1142|395|5.1|5.1|2|8
48.4|90.95|1198|395|5.1|5.1|2|8
48.5|90.92|1224|394|5.1|5.1|2|8
48.6|90.82|1250|394|5.1|5.1|2|8
48.7|90.71|1196|394|5.1|5.1|2|8
48.8|90.66|1183|395|5.1|5.1|2|8
48.9|90.58|1206|395|5.1|5.1|2|8
49|90.48|1131|394|5.1|5.1|2|8
49.1|90.37|1188|394|5.1|5.1|2|8
49.2|90.31|1198|395|5.1|5.1|2|8
49.3|90.17|1147|396|5.1|5.1|2|8
49.4|90.08|1271|395|5.1|5.1|2|8
49.5|89.96|1232|395|5.1|5.1|2|8
49.6|89.89|1219|395|5.1|5.1|2|8
49.7|89.86|1258|394|5.1|5.1|2|8
49.8|89.72|1160|394|5.1|5.1|2|8
49.9|89.6|1193|395|5.1|5.1|2|8
50|89.56|1242|394|5.1|5.1|2|8
50.1|89.43|1214|395|5.1|5.1|2|8
50.2|89.3|1191|395|5.1|5.1|2|8
50.3|89.21|1204|394|5.1|5.1|2|8
50.4|89.06|1201|394|5.1|5.1|2|8
50.5|88.95|1155|394|5.1|5.1|2|8
50.6|88.91|1247|394|5.1|5.1|2|8
50.7|88.74|1175|394|5.1|5.1|2|8
50.8|88.71|1307|394|5.1|5.1|2|8
50.9|88.52|1247|395|5.1|5.1|2|8
51|88.48|1268|395|5.1|5.1|2|8
51.1|88.33|1245|395|5.1|5.1|2|8
51.2|88.23|1168|395|5.1|5.1|2|8
51.3|88.07|1201|395|5.1|5.1|2|8
51.4|88.05|1255|395|5.1|5.1|2|8
51.5|87.84|1224|395|5.1|5.1|2|8
51.6|87.69|1237|395|5.1|5.1|2|8
51.7|87.62|1206|394|5.1|5.1|2|8
51.8|87.48|1250|394|5.1|5.1|2|8
51.9|87.33|1232|394|5.1|5.1|2|8
52|87.18|1178|394|5.1|5.1|2|8
52.1|87.13|1237|394|5.1|5.1|2|8
52.2|86.99|1253|394|5.1|5.1|2|8
52.3|86.82|1224|394|5.1|5.1|2|8
52.4|86.71|1265|394|5.1|5.1|2|8
52.5|86.56|1209|394|5.1|5.1|2|8
52.6|86.44|1255|394|5.1|5.1|2|8
52.7|86.27|1193|394|5.1|5.1|2|8
52.8|86.16|1245|394|5.1|5.1|2|8
52.9|86|1227|394|5.1|5.1|2|8
53|85.92|1309|394|5.1|5.1|2|8
53.1|85.74|1353|394|5.1|5.1|2|8
53.2|85.57|1289|394|5.1|5.1|2|8
53.3|85.41|1216|394|5.1|5.1|2|8
53.4|85.23|1263|394|5.1|5.1|2|8
53.5|85.07|1330|394|5.1|5.1|2|8
53.6|84.95|1229|394|5.1|5.1|2|8
53.7|84.79|1345|394|5.1|5.1|2|8
53.8|84.62|1410|395|5.1|5.1|2|8
53.9|84.42|1175|394|5.1|5.1|2|8
54|84.27|1232|394|5.1|5.1|2|8
54.1|84.16|1379|395|5.1|5.1|2|8
54.2|83.92|1345|394|5.1|5.1|2|8
54.3|83.8|1286|394|5.1|5.1|2|8
54.4|83.6|1289|394|5.1|5.1|2|8
54.5|83.45|1296|394|5.1|5.1|2|8
54.6|83.25|1216|394|5.1|5.1|2|8
54.7|83.11|1376|395|5.1|5.1|2|8
54.8|82.86|1374|394|5.1|5.1|2|8
54.9|82.72|1418|394|5.1|5.1|2|8
55|82.51|1268|394|5.1|5.1|2|8
55.1|82.35|1412|394|5.1|5.1|2|8
55.2|82.17|1253|394|5.1|5.1|2|8
55.3|81.96|1389|394|5.1|5.1|2|8
55.4|81.73|1482|394|5.1|5.1|6|8
55.5|80.66|1827|394|5.1|5.1|6|8
55.6|78.09|1915|394|5.1|5.1|6|8
55.7|75.3|131|394|5.1|5.1|7|8
55.8|73.01|0|394|5.1|5.1|7|8
55.9|71.87|0|394|5.1|5.1|7|8
56|71.34|0|394|5.1|5.1|7|8
56.1|71.09|0|394|5.1|5.1|7|8
56.2|71.04|0|394|5.1|5.1|7|8
56.3|70.96|0|394|5.1|5.1|7|8
56.4|70.93|0|394|5.1|5.1|7|8
56.5|70.9|0|394|5.1|5.1|7|8
56.6|70.87|0|394|5.1|5.1|7|8
56.7|70.87|0|394|5.1|5.1|7|8
56.8|70.89|0|394|5.1|5.1|7|8
56.9|70.89|0|394|5.1|5.1|7|8
57|70.89|0|394|5.1|5.1|7|8
57.1|70.9|0|394|5.1|5.1|7|8
57.2|70.92|0|394|5.1|5.1|7|8
57.3|70.89|0|394|5.1|5.1|7|8
57.4|70.87|0|394|5.1|5.1|7|8
57.5|70.87|0|394|5.1|5.1|7|8
57.6|70.87|0|394|5.1|5.1|7|8
57.7|70.86|0|394|5.1|5.1|7|8
57.8|70.89|0|394|5.1|5.1|7|8
57.9|70.87|0|394|5.1|5.1|7|8
58|70.89|0|394|5.1|5.1|7|8
58.1|70.89|0|394|5.1|5.1|7|8
58.2|70.87|0|394|5.1|5.1|7|8
58.3|70.89|0|394|5.1|5.1|7|8
58.4|70.9|0|394|5.1|5.1|7|8
58.5|70.89|0|394|5.1|5.1|7|8
58.6|70.87|0|394|5.1|5.1|7|8
58.7|70.86|0|394|5.1|5.1|7|8
58.8|70.87|0|394|5.1|5.1|7|8
58.9|70.87|0|394|5.1|5.1|7|8
59|70.86|0|394|5.1|5.1|7|8
59.1|70.86|0|394|5.1|5.1|7|8
59.2|70.86|0|394|5.1|5.1|7|8
59.3|70.85|0|394|5.1|5.1|7|8
59.4|70.85|0|394|5.1|5.1|7|8
59.5|70.85|0|394|5.1|5.1|7|8
59.6|70.86|0|394|5.1|5.1|7|8
59.7|70.85|0|394|5.1|5.1|7|8
59.8|70.87|0|394|5.1|5.1|7|8
59.9|70.89|0|394|5.1|5.1|7|8
60|70.87|0|394|5.1|5.1|7|8
60.1|70.89|0|394|5.1|5.1|7|8
60.2|70.86|0|394|5.1|5.1|7|8
60.3|70.87|0|394|5.1|5.1|7|8
60.4|70.87|0|394|5.1|5.1|7|8
60.5|70.86|0|394|5.1|5.1|7|8
60.6|70.86|0|394|5.1|5.1|7|8
60.7|70.86|0|394|5.1|5.1|7|8
60.8|70.86|0|394|5.1|5.1|7|8
60.9|70.86|0|394|5.1|5.1|7|8
61|70.87|0|394|5.1|5.1|7|8
61.1|70.87|0|394|5.1|5.1|7|8
61.2|70.86|0|394|5.1|5.1|7|8
61.3|70.87|0|394|5.1|5.1|7|8
61.4|70.85|0|394|5.1|5.1|7|8
61.5|70.85|0|394|5.1|5.1|7|8
61.6|70.85|0|394|5.1|5.1|7|8
61.7|70.83|0|394|5.1|5.1|7|8
61.8|70.83|0|394|5.1|5.1|7|8
61.9|70.83|0|394|5.1|5.1|7|8
62|70.86|0|394|5.1|5.1|7|8
62.1|70.86|0|394|5.1|5.1|7|8
62.2|70.87|0|394|5.1|5.1|7|8
62.3|70.89|0|394|5.1|5.1|7|8
62.4|70.86|0|394|5.1|5.1|7|8
62.5|70.86|0|394|5.1|5.1|7|8
62.6|70.86|0|394|5.1|5.1|7|8
62.7|70.86|0|394|5.1|5.1|7|8
62.8|70.86|0|394|5.1|5.1|7|8
62.9|70.86|0|394|5.1|5.1|7|8
63|70.86|0|394|5.1|5.1|7|8
63.1|70.86|0|394|5.1|5.1|7|8
63.2|70.87|0|394|5.1|5.1|7|8
63.3|70.86|0|394|5.1|5.1|7|8
63.4|70.85|0|394|5.1|5.1|7|8
63.5|70.85|0|394|5.1|5.1|7|8
63.6|70.85|0|394|5.1|5.1|7|8
63.7|70.85|0|394|5.1|5.1|7|8
63.8|70.83|0|394|5.1|5.1|7|8
63.9|70.83|0|394|5.1|5.1|7|8
64|70.85|0|394|5.1|5.1|7|8
64.1|70.83|0|394|5.1|5.1|7|8
64.2|70.83|0|394|5.1|5.1|7|8
64.3|70.85|0|394|5.1|5.1|7|8
64.4|70.85|0|394|5.1|5.1|7|8
64.5|70.85|0|394|5.1|5.1|7|8
64.6|70.86|0|394|5.1|5.1|7|8
64.7|70.86|0|394|5.1|5.1|7|8
64.8|70.86|0|394|5.1|5.1|7|8
64.9|70.86|0|394|5.1|5.1|7|8
65|70.86|0|394|5.1|5.1|7|8
65.1|70.85|0|394|5.1|5.1|7|8
65.2|70.86|0|394|5.1|5.1|7|8
65.3|70.87|0|394|5.1|5.1|7|8
65.4|70.86|0|394|5.1|5.1|7|8
65.5|70.86|0|394|5.1|5.1|7|8
65.6|70.82|0|394|5.1|5.1|7|8
65.7|70.81|0|394|5.1|5.1|7|8
65.8|70.82|0|394|5.1|5.1|7|8
65.9|70.82|0|394|5.1|5.1|7|8
66|70.83|0|398|5.1|5.1|7|8
66.1|70.83|0|399|5.1|5.1|7|8
66.2|70.83|0|400|5.1|5.1|7|8
66.3|70.85|0|400|5.1|5.1|7|8
66.4|70.85|0|400|5.1|5.1|7|8
66.5|70.86|0|400|5.1|5.1|7|8
66.6|70.86|0|400|5.1|5.1|7|8
66.7|70.86|0|400|5.1|5.1|7|8
66.8|70.86|0|400|5.1|5.1|7|8
66.9|70.85|0|400|5.1|5.1|7|8
67|70.82|0|400|5.1|5.1|7|8
67.1|70.79|0|400|5.1|5.1|7|8
67.2|70.82|0|400|5.1|5.1|7|8
67.3|70.81|0|400|5.1|5.1|7|8
67.4|70.82|0|400|5.1|5.1|7|8
67.5|70.83|0|400|5.1|5.1|7|8
67.6|70.85|0|400|5.1|5.1|7|8
67.7|70.86|0|400|5.1|5.1|7|8
67.8|70.86|0|400|5.1|5.1|7|8
67.9|70.86|0|400|5.1|5.1|7|8
68|70.86|0|400|5.1|5.1|7|8
68.1|70.85|0|400|5.1|5.1|7|8
68.2|70.83|0|400|5.1|5.1|7|8
68.3|70.81|0|400|5.1|5.1|7|8
68.4|70.81|0|400|5.1|5.1|7|8
68.5|70.82|0|400|5.1|5.1|7|8
68.6|70.82|0|400|5.1|5.1|7|8
68.7|70.86|0|400|5.1|5.1|8|8
68.8|70.81|0|400|5.1|5.1|8|8
68.9|70.69|0|400|5.1|5.1|8|8
69|70.78|0|400|5.1|5.1|8|8
69.1|70.82|0|400|5.1|5.1|8|8
69.2|70.78|0|400|5.1|5.1|8|8
69.3|70.78|0|400|5.1|5.1|8|8
69.4|70.78|0|400|5.1|5.1|8|8
69.5|70.78|0|400|5.1|5.1|8|8
69.6|70.78|0|400|5.1|5.1|8|8
69.7|70.77|0|400|5.1|5.1|8|8
69.8|70.78|0|400|5.1|5.1|8|8
69.9|70.79|0|400|5|5|8|8
70|70.79|0|400|5.1|5.1|8|8
70.1|70.82|0|400|5|5|8|8
70.2|70.81|0|400|5|5|8|8
70.3|70.79|0|399|5|5|8|8
70.4|70.77|0|399|5|5|8|8
70.5|70.78|0|399|5|5|8|8
70.6|70.78|0|400|5|5|8|8
70.7|71|0|400|5|5|8|8
70.8|73.8|0|400|5|5|8|8
70.9|76.82|0|400|5|5|8|8
71|79.87|0|400|5|5|8|8
71.1|82.82|0|400|5|5|8|8
71.2|85.78|0|400|5|5|8|8
71.3|88.66|0|400|5|5|8|8
71.4|91.64|0|400|5|5|8|8
71.5|94.17|0|400|5|5|8|8
71.6|95.27|0|400|5|5|8|8
71.7|95.76|0|400|5|5|8|8
