0|96.08|1394|414|5.2|5.2|1|8
0.1|96.08|1595|422|5.2|5.2|1|8
0.2|96.06|1611|426|5.2|5.2|1|8
0.3|96.05|1619|426|5.2|5.2|1|8
0.4|96.06|1629|427|5.2|5.2|1|8
0.5|96.06|1634|427|5.2|5.2|3|8
0.6|96.04|1644|427|5.2|5.2|3|8
0.7|96.01|1647|428|5.2|5.2|3|8
0.8|96.02|1649|428|5.2|5.2|3|8
0.9|96|1652|428|5.2|5.2|3|8
1|96.02|1655|428|5.2|5.2|3|8
1.1|96.02|1657|428|5.2|5.2|3|8
1.2|96.01|1660|428|5.2|5.2|3|8
1.3|96.02|1662|428|5.2|5.2|3|8
1.4|96.02|1665|428|5.2|5.2|3|8
1.5|96|1668|428|5.2|5.2|3|8
1.6|96.02|1668|428|5.2|5.2|3|8
1.7|96.04|1670|428|5.2|5.2|3|8
1.8|96.02|1678|428|5.2|5.2|3|8
1.9|96.02|1680|428|5.2|5.2|3|8
2|96.06|1680|428|5.2|5.2|3|8
2.1|96.04|1683|428|5.2|5.2|3|8
2.2|96.05|1686|428|5.2|5.2|3|8
2.3|96|1688|428|5.2|5.2|3|8
2.4|95.98|1688|429|5.2|5.2|3|8
2.5|96|1691|429|5.2|5.2|4|8
2.6|96.29|1678|429|5.2|5.2|4|8
2.7|96.67|1549|428|5.2|5.2|4|8
2.8|97.12|1064|426|5.2|5.2|5|8
2.9|97.27|1049|424|5.2|5.2|5|8
3|97.37|1046|424|5.2|5.2|5|8
3.1|97.43|1046|424|5.3|5.2|5|8
3.2|97.49|1046|424|5.2|5.2|5|8
3.3|97.46|1046|424|5.3|5.3|5|8
3.4|97.41|1044|424|5.3|5.3|5|8
3.5|97.35|1044|424|5.3|5.3|5|8
3.6|97.41|1044|424|5.3|5.3|5|8
3.7|97.41|1044|424|5.3|5.3|5|8
3.8|97.42|1044|424|5.3|5.3|5|8
3.9|97.46|1044|424|5.3|5.3|5|8
4|97.46|1044|424|5.3|5.3|5|8
4.1|97.43|1044|424|5.3|5.3|5|8
4.2|97.41|1044|424|5.3|5.3|5|8
4.3|97.37|1044|424|5.3|5.3|5|8
4.4|97.43|1044|424|5.3|5.3|5|8
4.5|97.45|1044|424|5.3|5.3|5|8
4.6|97.46|1044|424|5.3|5.3|5|8
4.7|97.45|1044|424|5.3|5.3|5|8
4.8|97.37|1044|424|5.3|5.3|2|8
4.9|97.14|1044|424|5.3|5.3|2|8
5|96.74|1085|424|5.3|5.3|2|8
5.1|96.32|1343|424|5.3|5.3|2|8
5.2|95.84|1657|426|5.3|5.3|3|8
5.3|95.58|1680|428|5.3|5.3|3|8
5.4|95.49|1688|430|5.3|5.3|3|8
5.5|95.46|1693|430|5.3|5.3|3|8
5.6|95.45|1696|430|5.3|5.3|3|8
5.7|95.35|1698|430|5.3|5.3|3|8
5.8|95.39|1701|430|5.3|5.3|3|8
5.9|95.39|1701|430|5.3|5.3|3|8
6|95.41|1704|430|5.3|5.3|3|8
6.1|95.41|1704|430|5.3|5.3|3|8
6.2|95.39|1701|430|5.3|5.3|3|8
6.3|95.39|1698|430|5.3|5.3|3|8
6.4|95.39|1696|430|5.3|5.3|3|8
6.5|95.43|1693|430|5.3|5.3|3|8
6.6|95.43|1693|430|5.3|5.3|3|8
6.7|95.41|1691|430|5.3|5.3|3|8
6.8|95.41|1688|430|5.3|5.3|3|8
6.9|95.37|1686|430|5.3|5.3|3|8
7|95.41|1691|431|5.3|5.3|3|8
7.1|95.41|1691|432|5.3|5.3|3|8
7.2|95.35|1693|432|5.3|5.3|4|8
7.3|95.65|1683|432|5.3|5.3|4|8
7.4|96.09|1668|431|5.3|5.3|4|8
7.5|96.53|1611|431|5.4|5.4|4|8
7.6|97.03|1101|430|5.4|5.4|5|8
7.7|97.27|1057|428|5.4|5.4|5|8
7.8|97.42|1049|428|5.4|5.4|5|8
7.9|97.46|1049|428|5.4|5.4|5|8
8|97.45|1049|427|5.4|5.4|5|8
8.1|97.45|1049|427|5.4|5.4|5|8
8.2|97.46|1049|427|5.4|5.4|5|8
8.3|97.45|1046|427|5.4|5.4|5|8
8.4|97.45|1046|427|5.4|5.4|5|8
8.5|97.41|1046|427|5.4|5.4|5|8
8.6|97.49|1046|427|5.4|5.4|5|8
8.7|97.46|1046|427|5.4|5.4|5|8
8.8|97.41|1046|427|5.4|5.4|5|8
8.9|97.47|1046|427|5.4|5.4|5|8
9|97.46|1046|426|5.4|5.4|5|8
9.1|97.42|1046|426|5.4|5.4|5|8
9.2|97.51|1046|426|5.4|5.4|5|8
9.3|97.43|1046|426|5.4|5.4|5|8
9.4|97.47|1046|426|5.4|5.4|5|8
9.5|97.45|1046|427|5.4|5.4|5|8
9.6|97.43|1046|427|5.4|5.4|2|8
9.7|97.34|1046|427|5.4|5.4|2|8
9.8|96.95|1046|427|5.4|5.4|2|8
9.9|96.55|1052|427|5.4|5.4|2|8
10|96.1|1124|426|5.4|5.4|2|8
10.1|95.57|1155|428|5.4|5.4|2|8
10.2|95.04|1186|428|5.4|5.4|2|8
10.3|94.57|1332|428|5.4|5.4|2|8
10.4|94.02|1557|428|5.4|5.4|3|8
10.5|93.73|1716|430|5.4|5.4|3|8
10.6|93.6|1737|432|5.4|5.4|3|8
10.7|93.41|1763|423|5.4|5.4|3|8
10.8|93.37|1776|408|5.4|5.4|3|8
10.9|93.35|1776|403|5.4|5.4|3|8
11|93.35|1776|401|5.4|5.4|3|8
11.1|93.42|1781|400|5.4|5.4|3|8
11.2|93.38|1781|400|5.4|5.4|3|8
11.3|93.39|1781|400|5.4|5.4|3|8
11.4|93.38|1784|400|5.4|5.4|3|8
11.5|93.37|1784|400|5.4|5.4|3|8
11.6|93.38|1786|400|5.4|5.4|3|8
11.7|93.39|1786|400|5.4|5.4|3|8
11.8|93.39|1786|400|5.4|5.4|3|8
11.9|93.38|1789|400|5.4|5.4|3|8
12|93.37|1789|400|5.4|5.4|3|8
12.1|93.37|1789|400|5.4|5.4|3|8
12.2|93.39|1789|400|5.4|5.4|3|8
12.3|93.38|1791|400|5.4|5.4|3|8
12.4|93.37|1791|400|5.4|5.4|4|8
12.5|93.49|1789|400|5.4|5.4|4|8
12.6|93.74|1776|400|5.4|5.4|4|8
12.7|94.27|1737|400|5.4|5.4|4|8
12.8|94.72|1186|400|5.4|5.4|5|8
12.9|95.03|1067|398|5.4|5.4|5|8
13|95.14|1062|398|5.4|5.4|5|8
13.1|95.22|1062|398|5.4|5.4|5|8
13.2|95.27|1059|398|5.4|5.4|5|8
13.3|95.33|1059|398|5.4|5.4|5|8
13.4|95.27|1059|397|5.4|5.4|5|8
13.5|95.26|1059|397|5.4|5.4|5|8
13.6|95.23|1057|397|5.4|5.4|5|8
13.7|95.27|1059|397|5.4|5.4|5|8
13.8|95.33|1054|397|5.4|5.4|5|8
13.9|95.26|1057|397|5.4|5.4|5|8
14|95.22|1057|397|5.4|5.4|5|8
14.1|95.29|1057|397|5.4|5.4|5|8
14.2|95.25|1057|397|5.4|5.4|5|8
14.3|95.25|1057|397|5.4|5.4|5|8
14.4|95.26|1057|397|5.4|5.4|5|8
14.5|95.25|1057|397|5.4|5.4|5|8
14.6|95.27|1057|397|5.4|5.4|5|8
14.7|95.29|1057|396|5.4|5.4|5|8
14.8|95.34|1057|396|5.4|5.4|2|8
14.9|95.18|1057|397|5.4|5.4|2|8
15|94.9|1057|397|5.4|5.4|2|8
15.1|94.45|1062|397|5.4|5.4|2|8
15.2|93.98|1366|398|5.4|5.4|2|8
15.3|93.6|1740|398|5.4|5.4|3|8
15.4|93.37|1778|399|5.4|5.4|3|8
15.5|93.19|1789|400|5.4|5.4|3|8
15.6|93.18|1791|400|5.4|5.4|3|8
15.7|93.15|1794|400|5.4|5.4|3|8
15.8|93.17|1796|400|5.4|5.4|3|8
15.9|93.19|1796|400|5.4|5.4|3|8
16|93.22|1799|400|5.4|5.4|3|8
16.1|93.17|1799|400|5.4|5.4|3|8
16.2|93.21|1802|400|5.4|5.4|3|8
16.3|93.18|1804|400|5.4|5.4|3|8
16.4|93.19|1807|400|5.4|5.4|3|8
16.5|93.18|1804|400|5.4|5.4|3|8
16.6|93.19|1804|400|5.4|5.4|3|8
16.7|93.19|1807|400|5.4|5.4|3|8
16.8|93.18|1807|400|5.4|5.4|3|8
16.9|93.19|1807|400|5.4|5.4|3|8
17|93.19|1809|400|5.4|5.4|3|8
17.1|93.19|1809|400|5.4|5.4|3|8
17.2|93.19|1812|400|5.4|5.4|3|8
17.3|93.27|1812|400|5.4|5.4|4|8
17.4|93.5|1809|400|5.4|5.4|4|8
17.5|93.82|1771|400|5.4|5.4|4|8
17.6|94.37|1626|400|5.4|5.4|4|8
17.7|94.79|1075|399|5.4|5.4|5|8
17.8|94.95|1067|398|5.4|5.4|5|8
17.9|95.07|1064|398|5.4|5.4|5|8
18|95.04|1064|398|5.4|5.4|5|8
18.1|95.11|1062|397|5.4|5.4|5|8
18.2|95.14|1062|397|5.4|5.4|5|8
18.3|95.14|1059|397|5.4|5.4|5|8
18.4|95.11|1059|397|5.4|5.4|5|8
18.5|95.12|1059|396|5.4|5.4|5|8
18.6|95.1|1059|396|5.4|5.4|5|8
18.7|95.04|1059|397|5.4|5.4|5|8
18.8|95.12|1059|396|5.4|5.4|5|8
18.9|95.12|1059|396|5.4|5.4|5|8
19|95.15|1059|396|5.4|5.4|5|8
19.1|95.12|1059|396|5.4|5.4|5|8
19.2|95.12|1057|396|5.5|5.4|5|8
19.3|95.08|1057|396|5.4|5.4|5|8
19.4|95.07|1057|396|5.4|5.5|5|8
19.5|95.12|1057|396|5.5|5.4|5|8
19.6|95.11|1057|396|5.4|5.4|5|8
19.7|95.15|1057|396|5.4|5.4|2|8
19.8|94.88|1057|396|5.4|5.4|2|8
19.9|94.48|1057|396|5.5|5.4|2|8
20|94|1286|397|5.5|5.4|2|8
20.1|93.6|1722|397|5.4|5.4|3|8
20.2|93.3|1776|398|5.5|5.5|3|8
20.3|93.27|1789|398|5.5|5.4|3|8
20.4|93.1|1796|398|5.4|5.4|3|8
20.5|93.21|1802|399|5.5|5.4|3|8
20.6|93.14|1802|399|5.4|5.4|3|8
20.7|93.04|1807|398|5.4|5.4|3|8
20.8|93.04|1807|396|5.5|5.5|3|8
20.9|93.1|1809|396|5.4|5.4|3|8
21|93.17|1809|395|5.4|5.4|3|8
21.1|93.09|1809|395|5.5|5.4|3|8
21.2|93.09|1812|395|5.4|5.4|3|8
21.3|93.1|1812|395|5.4|5.4|3|8
21.4|93.17|1812|395|5.4|5.4|3|8
21.5|93.06|1812|396|5.4|5.4|3|8
21.6|93.07|1812|395|5.5|5.4|3|8
21.7|93.1|1812|395|5.5|5.5|3|8
21.8|93.17|1812|395|5.5|5.5|3|8
21.9|93.06|1814|395|5.4|5.4|3|8
22|93.07|1814|395|5.5|5.5|3|8
22.1|93.07|1814|396|5.5|5.5|4|8
22.2|93.19|1814|396|5.5|5.5|4|8
22.3|93.57|1791|396|5.5|5.4|4|8
22.4|94.19|1745|396|5.5|5.5|4|8
22.5|94.59|1080|395|5.5|5.4|5|8
22.6|94.76|1067|394|5.5|5.5|5|8
22.7|94.76|1067|394|5.5|5.5|5|8
22.8|95.02|1064|394|5.5|5.5|5|8
22.9|94.92|1064|394|5.5|5.5|5|8
23|94.9|1064|394|5.5|5.5|5|8
23.1|94.94|1064|394|5.5|5.5|5|8
23.2|94.91|1064|394|5.4|5.5|5|8
23.3|94.9|1062|394|5.5|5.5|5|8
23.4|94.99|1062|394|5.4|5.5|5|8
23.5|94.88|1062|394|5.5|5.5|5|8
23.6|94.99|1062|394|5.5|5.5|5|8
23.7|94.86|1062|394|5.5|5.5|5|8
23.8|94.91|1062|394|5.5|5.5|5|8
23.9|94.96|1062|394|5.5|5.5|5|8
24|94.87|1062|394|5.5|5.5|5|8
24.1|94.98|1062|393|5.5|5.5|5|8
24.2|94.86|1062|393|5.5|5.5|5|8
24.3|94.96|1062|394|5.5|5.5|5|8
24.4|94.88|1062|394|5.5|5.5|5|8
24.5|94.92|1062|393|5.5|5.5|2|8
24.6|94.74|1059|393|5.5|5.5|2|8
24.7|94.37|1059|393|5.5|5.5|2|8
24.8|93.86|1325|394|5.5|5.5|2|8
24.9|93.46|1745|394|5.5|5.5|3|8
25|93.19|1786|394|5.5|5.5|3|8
25.1|93.14|1796|395|5.5|5.5|3|8
25.2|93.17|1804|395|5.4|5.5|3|8
25.3|93.03|1809|395|5.5|5.5|3|8
25.4|93.1|1812|395|5.5|5.5|3|8
25.5|93.15|1814|395|5.5|5.5|3|8
25.6|93.04|1814|395|5.5|5.5|3|8
25.7|93.1|1814|395|5.5|5.5|3|8
25.8|93.17|1817|395|5.5|5.5|3|8
25.9|93.06|1817|395|5.5|5.5|3|8
26|93.09|1817|395|5.5|5.5|3|8
26.1|93.1|1817|395|5.5|5.5|3|8
26.2|93.17|1817|395|5.5|5.5|3|8
26.3|93.03|1820|395|5.5|5.5|3|8
26.4|93.07|1820|395|5.5|5.4|3|8
26.5|93.11|1820|395|5.5|5.5|3|8
26.6|93.09|1822|395|5.5|5.5|3|8
26.7|93.03|1820|395|5.5|5.5|3|8
26.8|93.09|1822|395|5.5|5.5|3|8
26.9|93.09|1820|395|5.5|5.5|4|8
27|93.31|1817|395|5.5|5.5|4|8
27.1|93.76|1778|395|5.5|5.5|4|8
27.2|94.29|1616|395|5.5|5.5|4|8
27.3|94.71|1075|394|5.5|5.5|5|8
27.4|94.95|1067|394|5.5|5.5|5|8
27.5|94.88|1064|394|5.5|5.5|5|8
27.6|95|1064|394|5.5|5.5|5|8
27.7|94.99|1064|394|5.5|5.5|5|8
27.8|95.03|1064|394|5.5|5.5|5|8
27.9|95.08|1062|393|5.5|5.4|5|8
28|94.96|1064|393|5.5|5.5|5|8
28.1|94.99|1062|393|5.5|5.5|5|8
28.2|95|1064|393|5.5|5.5|5|8
28.3|95|1062|393|5.5|5.5|5|8
28.4|95.02|1062|393|5.5|5.5|5|8
28.5|95.02|1062|393|5.5|5.5|5|8
28.6|95.08|1062|393|5.5|5.5|5|8
28.7|95.08|1062|393|5.5|5.5|5|8
28.8|95.04|1062|392|5.5|5.5|5|8
28.9|94.99|1062|392|5.5|5.5|5|8
29|95|1062|392|5.5|5.5|5|8
29.1|95|1062|392|5.5|5.5|5|8
29.2|95.04|1062|393|5.5|5.5|5|8
29.3|94.99|1062|392|5.5|5.5|2|8
29.4|94.8|1059|392|5.5|5.5|2|8
29.5|94.41|1059|392|5.5|5.5|2|8
29.6|93.9|1268|393|5.5|5.5|2|8
29.7|93.46|1737|394|5.5|5.5|3|8
29.8|93.26|1791|394|5.5|5.5|3|8
29.9|93.17|1804|394|5.5|5.5|3|8
30|92.98|1809|394|5.5|5.5|3|8
30.1|93.02|1812|394|5.5|5.5|3|8
30.2|93.09|1817|394|5.5|5.5|3|8
30.3|93.03|1820|394|5.5|5.5|3|8
30.4|93.03|1820|394|5.5|5.5|3|8
30.5|93.03|1820|394|5.5|5.5|3|8
30.6|93.06|1822|394|5.5|5.5|3|8
30.7|93.04|1822|394|5.5|5.5|3|8
30.8|93.03|1822|394|5.5|5.5|3|8
30.9|93.03|1822|394|5.5|5.5|3|8
31|93.04|1825|394|5.5|5.5|3|8
31.1|93.06|1825|394|5.5|5.5|3|8
31.2|93.03|1825|394|5.5|5.5|3|8
31.3|93.03|1825|394|5.5|5.5|3|8
31.4|93.03|1825|394|5.4|5.5|3|8
31.5|93.03|1825|394|5.5|5.5|3|8
31.6|93.04|1825|394|5.5|5.5|3|8
31.7|93.06|1825|394|5.5|5.5|4|8
31.8|93.17|1825|394|5.5|5.5|4|8
31.9|93.58|1794|394|5.5|5.5|4|8
32|94.17|1570|395|5.5|5.5|4|8
32.1|94.57|1075|394|5.5|5.5|5|8
32.2|94.67|1067|394|5.5|5.5|5|8
32.3|94.76|1064|393|5.5|5.5|5|8
32.4|94.75|1064|393|5.5|5.5|5|8
32.5|94.79|1064|393|5.5|5.5|5|8
32.6|94.84|1064|393|5.5|5.5|5|8
32.7|94.82|1062|392|5.5|5.5|5|8
32.8|94.78|1062|393|5.5|5.5|5|8
32.9|94.83|1059|392|5.5|5.5|5|8
33|94.8|1059|392|5.5|5.5|5|8
33.1|94.78|1059|392|5.5|5.5|5|8
33.2|94.8|1059|392|5.5|5.5|5|8
33.3|94.83|1059|392|5.5|5.5|5|8
33.4|94.82|1059|392|5.5|5.5|5|8
33.5|94.8|1059|392|5.5|5.5|5|8
33.6|94.83|1057|392|5.5|5.5|5|8
33.7|94.8|1057|392|5.5|5.5|5|8
33.8|94.82|1057|392|5.5|5.5|5|8
33.9|94.82|1057|392|5.5|5.5|5|8
34|94.82|1059|392|5.5|5.5|5|8
34.1|94.84|1057|392|5.5|5.5|2|8
34.2|94.53|1059|392|5.5|5.5|2|8
34.3|94.09|1059|392|5.5|5.5|2|8
34.4|93.64|1510|393|5.5|5.5|2|8
34.5|93.23|1768|394|5.5|5.5|3|8
34.6|93.18|1802|394|5.5|5.5|3|8
34.7|92.99|1809|394|5.5|5.5|3|8
34.8|92.98|1814|394|5.5|5.5|3|8
34.9|92.94|1817|394|5.5|5.5|3|8
35|92.98|1820|394|5.5|5.5|3|8
35.1|93.02|1822|394|5.5|5.5|3|8
35.2|92.96|1822|394|5.5|5.5|3|8
35.3|92.99|1825|394|5.5|5.5|3|8
35.4|92.99|1825|394|5.5|5.5|3|8
35.5|92.99|1825|394|5.5|5.5|3|8
35.6|92.99|1827|394|5.5|5.5|3|8
35.7|92.96|1827|394|5.5|5.5|3|8
35.8|92.96|1827|394|5.5|5.5|3|8
35.9|92.99|1827|394|5.5|5.5|3|8
36|92.99|1827|394|5.5|5.5|3|8
36.1|92.99|1827|394|5.5|5.5|3|8
36.2|92.99|1827|394|5.5|5.5|3|8
36.3|92.98|1830|394|5.5|5.5|3|8
36.4|92.96|1830|394|5.5|5.5|3|8
36.5|93.09|1830|394|5.5|5.5|4|8
36.6|93.33|1822|394|5.5|5.5|4|8
36.7|93.77|1773|394|5.5|5.5|4|8
36.8|94.29|1106|394|5.5|5.5|2|8
36.9|94.31|1070|394|5.5|5.5|2|8
37|94.39|1067|393|5.5|5.5|2|8
37.1|94.36|1067|392|5.5|5.5|2|8
37.2|94.41|1064|392|5.5|5.5|2|8
37.3|94.25|1064|392|5.5|5.5|2|8
37.4|94.21|1064|392|5.5|5.5|2|8
37.5|94.1|1064|392|5.5|5.5|2|8
37.6|94.04|1062|392|5.5|5.5|2|8
37.7|94.04|1062|392|5.5|5.5|2|8
37.8|93.96|1062|392|5.5|5.5|2|8
37.9|93.93|1077|392|5.5|5.5|2|8
38|93.84|1064|392|5.5|5.5|2|8
38.1|93.85|1093|392|5.5|5.5|2|8
38.2|93.66|1204|392|5.5|5.5|2|8
38.3|93.68|1129|392|5.5|5.5|2|8
38.4|93.53|1088|392|5.5|5.5|2|8
38.5|93.57|1157|392|5.5|5.5|2|8
38.6|93.41|1613|392|5.5|5.5|2|8
38.7|93.45|1691|393|5.5|5.5|2|8
38.8|93.5|1706|394|5.5|5.5|2|8
38.9|93.77|1709|394|5.5|5.5|2|8
39|93.9|1691|394|5.5|5.5|2|8
39.1|94.2|1095|392|5.5|5.5|2|8
39.2|94.21|1062|392|5.5|5.5|2|8
39.3|94.19|1062|392|5.5|5.5|2|8
39.4|94.28|1059|392|5.5|5.5|2|8
39.5|94.09|1059|392|5.5|5.5|2|8
39.6|94.04|1059|392|5.5|5.5|2|8
39.7|94.02|1059|392|5.5|5.5|2|8
39.8|93.96|1059|392|5.5|5.5|2|8
39.9|93.92|1085|392|5.5|5.5|2|8
40|93.82|1080|392|5.5|5.5|2|8
40.1|93.82|1064|392|5.5|5.5|2|8
40.2|93.65|1175|392|5.5|5.5|2|8
40.3|93.66|1095|392|5.5|5.5|2|8
40.4|93.53|1149|392|5.5|5.5|2|8
40.5|93.57|1144|392|5.5|5.5|2|8
40.6|93.41|1593|392|5.5|5.5|2|8
40.7|93.47|1637|393|5.5|5.5|2|8
40.8|93.55|1649|393|5.5|5.5|2|8
40.9|93.74|1425|394|5.5|5.5|2|8
41|93.88|1082|392|5.5|5.5|2|8
41.1|93.94|1062|392|5.5|5.5|2|8
41.2|94|1059|392|5.5|5.5|2|8
41.3|93.94|1059|392|5.5|5.5|2|8
41.4|93.86|1059|392|5.5|5.5|2|8
41.5|93.81|1059|392|5.5|5.5|2|8
41.6|93.74|1075|392|5.5|5.5|2|8
41.7|93.66|1059|392|5.5|5.5|2|8
41.8|93.55|1098|392|5.5|5.5|2|8
41.9|93.53|1070|392|5.5|5.5|2|8
42|93.55|1162|392|5.5|5.5|2|8
42.1|93.39|1485|392|5.5|5.5|2|8
42.2|93.38|1572|393|5.5|5.5|2|8
42.3|93.49|1629|393|5.5|5.5|2|8
42.4|93.64|1624|393|5.5|5.5|2|8
42.5|93.8|1095|392|5.5|5.5|2|8
42.6|93.85|1062|392|5.5|5.5|2|8
42.7|93.93|1059|391|5.5|5.5|2|8
42.8|93.89|1059|391|5.5|5.5|2|8
42.9|93.78|1059|391|5.5|5.5|2|8
43|93.82|1059|391|5.5|5.5|2|8
43.1|93.65|1121|392|5.5|5.5|2|8
43.2|93.61|1206|392|5.5|5.5|2|8
43.3|93.53|1093|391|5.5|5.5|2|8
43.4|93.6|1188|391|5.5|5.5|2|8
43.5|93.41|1291|392|5.5|5.5|2|8
43.6|93.43|1124|392|5.5|5.5|2|8
43.7|93.38|1526|392|5.5|5.5|2|8
43.8|93.25|1206|392|5.5|5.5|2|8
43.9|93.38|1059|392|5.5|5.5|2|8
44|93.19|1173|392|5.5|5.5|2|8
44.1|93.14|1240|392|5.5|5.5|2|8
44.2|93.21|1224|392|5.5|5.5|2|8
44.3|93.18|1345|392|5.5|5.5|2|8
44.4|93|1271|392|5.5|5.5|2|8
44.5|93|1325|392|5.5|5.5|2|8
44.6|92.83|1209|392|5.5|5.5|2|8
44.7|92.92|1216|392|5.5|5.5|2|8
44.8|92.75|1384|392|5.5|5.5|2|8
44.9|92.68|1219|392|5.5|5.5|2|8
45|92.71|1183|392|5.5|5.5|2|8
45.1|92.56|1268|392|5.5|5.5|2|8
45.2|92.53|1170|392|5.5|5.5|2|8
45.3|92.35|1075|391|5.5|5.5|2|8
45.4|92.36|1059|391|5.5|5.5|2|8
45.5|92.39|1152|392|5.5|5.5|2|8
45.6|92.21|1193|392|5.5|5.5|2|8
45.7|92.13|1113|392|5.5|5.5|2|8
45.8|92.08|1173|392|5.5|5.5|2|8
45.9|91.96|1271|392|5.5|5.5|2|8
46|91.94|1198|392|5.5|5.5|2|8
46.1|91.9|1196|392|5.5|5.5|2|8
46.2|91.77|1178|391|5.5|5.5|2|8
46.3|91.73|1142|392|5.5|5.5|2|8
46.4|91.57|1157|392|5.5|5.5|2|8
46.5|91.53|1198|392|5.5|5.5|2|8
46.6|91.47|1090|392|5.5|5.5|2|8
46.7|91.43|1255|392|5.5|5.5|2|8
46.8|91.29|1198|392|5.5|5.5|2|8
46.9|91.23|1157|392|5.5|5.5|2|8
47|91.07|1255|392|5.5|5.5|2|8
47.1|91.06|1219|392|5.5|5.5|2|8
47.2|90.92|1170|392|5.5|5.5|2|8
47.3|90.83|1155|392|5.5|5.5|2|8
47.4|90.78|1090|392|5.5|5.5|2|8
47.5|90.6|1077|392|5.5|5.5|2|8
47.6|90.59|1075|392|5.5|5.5|2|8
47.7|90.49|1214|392|5.5|5.5|2|8
47.8|90.35|1173|392|5.5|5.5|2|8
47.9|90.33|1155|392|5.5|5.5|2|8
48|90.19|1250|392|5.5|5.5|2|8
48.1|90.03|1232|392|5.5|5.5|2|8
48.2|89.96|1258|392|5.5|5.5|2|8
48.3|89.88|1237|392|5.5|5.5|2|8
48.4|89.74|1139|392|5.5|5.5|2|8
48.5|89.76|1198|392|5.5|5.5|2|8
48.6|89.53|1188|392|5.5|5.5|2|8
48.7|89.49|1201|392|5.5|5.5|2|8
48.8|89.37|1196|392|5.5|5.5|2|8
48.9|89.18|1188|392|5.5|5.5|2|8
49|89.14|1131|392|5.5|5.5|2|8
49.1|88.99|1219|392|5.5|5.5|2|8
49.2|88.87|1162|392|5.5|5.5|2|8
49.3|88.76|1206|392|5.5|5.5|2|8
49.4|88.68|1273|392|5.5|5.5|2|8
49.5|88.55|1247|392|5.5|5.5|2|8
49.6|88.39|1116|392|5.5|5.5|2|8
49.7|88.27|1299|392|5.5|5.5|2|8
49.8|88.08|1284|392|5.5|5.5|2|8
49.9|88.04|1209|392|5.5|5.5|2|8
50|87.95|1237|392|5.5|5.5|2|8
50.1|87.68|1209|392|5.5|5.5|2|8
50.2|87.62|1149|392|5.5|5.5|2|8
50.3|87.42|1294|392|5.5|5.5|2|8
50.4|87.37|1206|392|5.5|5.5|2|8
50.5|87.15|1286|392|5.5|5.5|2|8
50.6|87.11|1229|392|5.5|5.5|2|8
50.7|86.94|1281|392|5.5|5.5|2|8
50.8|86.8|1325|392|5.5|5.5|2|8
50.9|86.62|1278|392|5.5|5.5|2|8
51|86.5|1191|392|5.5|5.5|2|8
51.1|86.29|1137|392|5.5|5.5|2|8
51.2|86.19|1116|392|5.5|5.5|2|8
51.3|86.05|1255|392|5.5|5.5|2|8
51.4|85.93|1273|392|5.5|5.5|2|8
51.5|85.76|1222|392|5.5|5.5|2|8
51.6|85.54|1407|392|5.5|5.5|2|8
51.7|85.44|1307|392|5.5|5.5|2|8
51.8|85.25|1250|393|5.5|5.5|2|8
51.9|85.05|1281|393|5.5|5.5|2|8
52|84.85|1307|393|5.5|5.5|2|8
52.1|84.68|1242|392|5.5|5.5|2|8
52.2|84.51|1186|392|5.5|5.5|2|8
52.3|84.43|1325|392|5.5|5.5|2|8
52.4|84.19|1211|392|5.5|5.5|2|8
52.5|84.03|1247|392|5.5|5.5|2|8
52.6|83.83|1162|392|5.5|5.5|2|8
52.7|83.64|1284|392|5.5|5.5|2|8
52.8|83.44|1327|394|5.5|5.5|2|8
52.9|83.22|1307|392|5.5|5.5|2|8
53|83.06|1296|393|5.5|5.5|2|8
53.1|82.13|1745|393|5.5|5.5|6|8
53.2|79.49|1871|393|5.5|5.5|6|8
53.3|76.54|144|392|5.5|5.5|7|8
53.4|74.1|0|390|5.5|5.5|7|8
53.5|72.98|0|389|5.5|5.5|7|8
53.6|72.5|0|388|5.5|5.5|7|8
53.7|72.3|0|388|5.5|5.5|7|8
53.8|72.2|0|388|5.5|5.5|7|8
53.9|72.2|0|388|5.5|5.5|7|8
54|72.16|0|388|5.5|5.5|7|8
54.1|72.14|0|388|5.5|5.5|7|8
54.2|72.14|0|388|5.5|5.5|7|8
54.3|72.1|0|388|5.5|5.5|7|8
54.4|72.1|0|388|5.5|5.5|7|8
54.5|72.16|0|388|5.5|5.5|7|8
54.6|72.18|0|388|5.5|5.5|7|8
54.7|72.19|0|388|5.5|5.5|7|8
54.8|72.16|0|388|5.5|5.5|7|8
54.9|72.27|0|388|5.5|5.5|7|8
55|72.03|0|388|5.5|5.5|7|8
55.1|72.1|0|388|5.5|5.5|7|8
55.2|72.12|0|388|5.5|5.5|7|8
55.3|72.19|0|388|5.5|5.5|7|8
55.4|72.12|0|388|5.5|5.5|7|8
55.5|72.04|0|388|5.5|5.5|7|8
55.6|72.12|0|388|5.5|5.5|7|8
55.7|72.11|0|388|5.5|5.5|7|8
55.8|72.14|0|388|5.5|5.5|7|8
55.9|72.19|0|388|5.5|5.5|7|8
56|72.1|0|388|5.5|5.5|7|8
56.1|72.07|0|388|5.5|5.5|7|8
56.2|72.16|0|388|5.5|5.5|7|8
56.3|72.12|0|388|5.5|5.5|7|8
56.4|72.06|0|388|5.5|5.5|7|8
56.5|72.12|0|388|5.5|5.5|7|8
56.6|72.08|0|388|5.5|5.5|7|8
56.7|72.11|0|388|5.5|5.5|7|8
56.8|72.14|0|388|5.5|5.5|7|8
56.9|72.18|0|388|5.5|5.5|7|8
57|72.12|0|388|5.5|5.5|7|8
57.1|72.04|0|388|5.5|5.5|7|8
57.2|72.15|0|388|5.5|5.5|7|8
57.3|72.15|0|388|5.5|5.5|7|8
57.4|72.04|0|388|5.5|5.5|7|8
57.5|72.15|0|388|5.5|5.5|7|8
57.6|72.18|0|388|5.5|5.5|7|8
57.7|72.03|0|388|5.5|5.5|7|8
57.8|72.11|0|388|5.5|5.5|7|8
57.9|72.1|0|388|5.5|5.5|7|8
58|72.12|0|388|5.5|5.5|7|8
58.1|72.16|0|388|5.5|5.5|7|8
58.2|72.15|0|388|5.5|5.5|7|8
58.3|72.04|0|388|5.5|5.5|7|8
58.4|72.11|0|388|5.5|5.5|7|8
58.5|72.11|0|388|5.5|5.5|7|8
58.6|72.1|0|388|5.5|5.5|7|8
58.7|72.1|0|388|5.5|5.5|7|8
58.8|72.11|0|388|5.5|5.5|7|8
58.9|72.11|0|388|5.5|5.5|7|8
59|72.11|0|388|5.5|5.5|7|8
59.1|72.11|0|388|5.5|5.5|7|8
59.2|72.15|0|388|5.5|5.5|7|8
59.3|72.2|0|388|5.5|5.5|7|8
59.4|72.03|0|388|5.5|5.5|7|8
59.5|72.12|0|388|5.5|5.5|7|8
59.6|72.19|0|388|5.5|5.5|7|8
59.7|72.06|0|388|5.5|5.5|7|8
59.8|72.12|0|388|5.5|5.5|7|8
59.9|72.11|0|388|5.5|5.5|7|8
60|72.11|0|388|5.5|5.5|7|8
60.1|72.11|0|388|5.5|5.5|7|8
60.2|72.11|0|388|5.5|5.5|7|8
60.3|72.16|0|388|5.5|5.5|7|8
60.4|72.14|0|388|5.5|5.5|7|8
60.5|72.04|0|388|5.5|5.5|7|8
60.6|72.12|0|388|5.5|5.5|7|8
60.7|72.18|0|388|5.5|5.5|7|8
60.8|72.03|0|388|5.5|5.5|7|8
60.9|72.11|0|388|5.5|5.5|7|8
61|72.14|0|388|5.5|5.5|7|8
61.1|72.12|0|388|5.5|5.5|7|8
61.2|72.03|0|388|5.5|5.5|7|8
61.3|72.12|0|388|5.5|5.5|7|8
61.4|72.1|0|388|5.5|5.5|7|8
61.5|72.1|0|388|5.5|5.5|7|8
61.6|72.08|0|388|5.5|5.5|7|8
61.7|72.08|0|388|5.5|5.5|7|8
61.8|72.1|0|388|5.5|5.5|7|8
61.9|72.1|0|388|5.5|5.5|7|8
62|72.1|0|388|5.5|5.5|7|8
62.1|72.1|0|388|5.5|5.5|7|8
62.2|72.1|0|388|5.5|5.5|7|8
62.3|72.08|0|388|5.5|5.5|7|8
62.4|72.04|0|388|5.5|5.5|7|8
62.5|72.1|0|388|5.5|5.5|7|8
62.6|72.1|0|388|5.5|5.5|7|8
62.7|72.11|0|388|5.5|5.5|7|8
62.8|72.14|0|388|5.5|5.5|7|8
62.9|72.14|0|388|5.5|5.5|7|8
63|72.19|0|388|5.5|5.5|7|8
63.1|72.07|0|388|5.5|5.5|7|8
63.2|72.06|0|388|5.5|5.5|7|8
63.3|72.12|0|388|5.5|5.5|7|8
63.4|72.14|0|388|5.5|5.5|7|8
63.5|72.03|0|388|5.5|5.5|7|8
63.6|72.1|0|388|5.5|5.5|7|8
63.7|72.11|0|390|5.5|5.5|7|8
63.8|72.18|0|394|5.5|5.5|7|8
63.9|72.04|0|396|5.5|5.5|7|8
64|72.1|0|396|5.5|5.5|7|8
64.1|72.1|0|396|5.5|5.5|7|8
64.2|72.12|0|396|5.5|5.5|7|8
64.3|72.15|0|396|5.5|5.5|7|8
64.4|72.03|0|396|5.5|5.5|7|8
64.5|72.1|0|396|5.5|5.5|7|8
64.6|72.11|0|396|5.5|5.5|7|8
64.7|72.19|0|396|5.5|5.5|7|8
64.8|72.03|0|396|5.5|5.5|7|8
64.9|72.1|0|396|5.5|5.5|7|8
65|72.1|0|396|5.5|5.5|7|8
65.1|72.1|0|396|5.5|5.5|7|8
65.2|72.1|0|396|5.5|5.5|7|8
65.3|72.08|0|396|5.5|5.5|7|8
65.4|72.12|0|397|5.5|5.5|7|8
65.5|72.18|0|397|5.5|5.5|7|8
65.6|72.04|0|396|5.5|5.5|7|8
65.7|72.1|0|396|5.5|5.5|7|8
65.8|72.08|0|396|5.5|5.5|7|8
65.9|72.11|0|396|5.5|5.5|7|8
66|72.15|0|396|5.5|5.5|7|8
66.1|72.03|0|396|5.5|5.5|7|8
66.2|72.1|0|396|5.5|5.5|7|8
66.3|72.12|0|396|5.5|5.5|8|8
66.4|72.07|0|396|5.5|5.5|8|8
66.5|72.03|0|396|5.4|5.5|8|8
66.6|71.99|0|396|5.5|5.5|8|8
66.7|71.99|0|396|5.4|5.4|8|8
66.8|72.07|0|396|5.4|5.4|8|8
66.9|72.07|0|396|5.4|5.4|8|8
67|72.04|0|396|5.4|5.4|8|8
67.1|72.03|0|396|5.4|5.4|8|8
67.2|72.04|0|396|5.4|5.4|8|8
67.3|72.06|0|396|5.4|5.4|8|8
67.4|72.04|0|396|5.4|5.4|8|8
67.5|72.06|0|396|5.3|5.3|8|8
67.6|72.08|0|396|5.3|5.3|8|8
67.7|72.06|0|396|5.3|5.3|8|8
67.8|72.06|0|396|5.3|5.3|8|8
67.9|72.1|0|396|5.3|5.3|8|8
68|72.03|0|396|5.3|5.3|8|8
68.1|72.06|0|396|5.3|5.3|8|8
68.2|72.06|0|396|5.3|5.3|8|8
68.3|72.27|0|396|5.3|5.3|8|8
68.4|75.04|0|396|5.3|5.3|8|8
68.5|78.09|0|396|5.3|5.3|8|8
68.6|81.11|0|396|5.3|5.3|8|8
68.7|84.09|0|396|5.3|5.2|8|8
68.8|87.05|0|396|5.2|5.2|8|8
68.9|90|0|396|5.2|5.2|8|8
69|92.95|0|396|5.2|5.2|8|8
69.1|94.83|0|396|5.2|5.2|8|8
69.2|95.58|0|396|5.2|5.2|8|8
