0|96.04|1299|403|5|5|1|8
0.1|96.04|1585|408|5|5|1|8
0.2|96.08|1608|410|5|5|1|8
0.3|96.08|1624|411|5|5|1|8
0.4|96.09|1637|412|5|5|1|8
0.5|96.09|1649|412|5|5|3|8
0.6|96.06|1660|412|5|5|3|8
0.7|96.06|1665|412|5|5|3|8
0.8|96.1|1673|412|5|5|3|8
0.9|96.04|1678|412|5|5|3|8
1|96.02|1683|412|5.1|5.1|3|8
1.1|95.97|1688|412|5.1|5.1|3|8
1.2|96.04|1691|412|5.1|5.1|3|8
1.3|96.04|1691|412|5.1|5.1|3|8
1.4|96.04|1696|412|5.1|5.1|3|8
1.5|96.01|1698|412|5.1|5.1|3|8
1.6|95.97|1701|412|5.1|5.1|3|8
1.7|96.05|1704|412|5.1|5.1|3|8
1.8|96.04|1706|412|5.1|5.1|3|8
1.9|96.04|1706|412|5.1|5.1|3|8
2|96.01|1706|412|5.1|5.1|3|8
2.1|95.97|1706|412|5.1|5.1|3|8
2.2|96.05|1706|412|5.1|5.1|3|8
2.3|96.02|1709|412|5.1|5.1|3|8
2.4|96.02|1709|412|5.1|5.1|3|8
2.5|96.04|1711|412|5.1|5.1|4|8
2.6|96.29|1696|412|5.1|5.1|4|8
2.7|96.71|1629|412|5.1|5.1|4|8
2.8|97.12|1085|411|5.1|5.1|5|8
2.9|97.43|1054|408|5.1|5.1|5|8
3|97.51|1052|408|5.1|5.1|5|8
3.1|97.57|1049|408|5.1|5.1|5|8
3.2|97.57|1049|408|5.1|5.1|5|8
3.3|97.57|1049|408|5.1|5.1|5|8
3.4|97.55|1049|408|5.1|5.1|5|8
3.5|97.58|1049|408|5.1|5.1|5|8
3.6|97.59|1049|408|5.1|5.1|5|8
3.7|97.58|1046|408|5.1|5.1|5|8
3.8|97.58|1046|408|5.1|5.1|5|8
3.9|97.59|1046|408|5.2|5.1|5|8
4|97.59|1046|408|5.2|5.2|5|8
4.1|97.61|1046|408|5.2|5.2|5|8
4.2|97.59|1046|408|5.2|5.2|5|8
4.3|97.57|1046|408|5.2|5.2|5|8
4.4|97.55|1046|408|5.2|5.2|5|8
4.5|97.59|1049|408|5.2|5.2|5|8
4.6|97.59|1049|408|5.2|5.2|5|8
4.7|97.57|1049|408|5.2|5.2|5|8
4.8|97.57|1049|408|5.2|5.2|2|8
4.9|97.47|1049|408|5.2|5.2|2|8
5|97.06|1052|408|5.2|5.2|2|8
5.1|96.64|1108|408|5.2|5.2|2|8
5.2|96.13|1196|408|5.2|5.2|2|8
5.3|95.63|1204|409|5.2|5.2|2|8
5.4|95.14|1384|409|5.2|5.2|2|8
5.5|94.68|1492|410|5.2|5.2|2|8
5.6|94.29|1727|411|5.2|5.2|3|8
5.7|94.06|1755|412|5.2|5.2|3|8
5.8|93.98|1771|412|5.2|5.2|3|8
5.9|93.92|1776|412|5.2|5.2|3|8
6|93.92|1781|412|5.2|5.2|3|8
6.1|93.9|1784|412|5.2|5.2|3|8
6.2|93.86|1786|412|5.2|5.2|3|8
6.3|93.93|1789|412|5.2|5.2|3|8
6.4|93.92|1789|412|5.2|5.2|3|8
6.5|93.92|1786|412|5.2|5.2|3|8
6.6|93.92|1786|412|5.2|5.2|3|8
6.7|93.92|1789|412|5.2|5.2|3|8
6.8|93.92|1791|412|5.2|5.2|3|8
6.9|93.92|1789|412|5.2|5.2|3|8
7|93.92|1791|412|5.2|5.2|3|8
7.1|93.9|1794|412|5.2|5.2|3|8
7.2|93.89|1794|412|5.2|5.2|3|8
7.3|93.88|1794|412|5.2|5.2|3|8
7.4|93.9|1796|412|5.2|5.2|3|8
7.5|93.92|1796|412|5.2|5.2|3|8
7.6|93.93|1796|412|5.2|5.2|4|8
7.7|94.21|1796|412|5.2|5.2|4|8
7.8|94.61|1781|412|5.2|5.2|4|8
7.9|95.12|1678|412|5.2|5.2|4|8
8|95.59|1085|409|5.2|5.2|5|8
8.1|95.81|1067|408|5.2|5.2|5|8
8.2|95.94|1064|407|5.3|5.2|5|8
8.3|95.97|1064|407|5.3|5.3|5|8
8.4|95.98|1064|407|5.3|5.3|5|8
8.5|95.98|1062|407|5.3|5.3|5|8
8.6|96|1062|407|5.3|5.3|5|8
8.7|96.08|1062|407|5.3|5.3|5|8
8.8|95.97|1062|407|5.3|5.3|5|8
8.9|95.96|1062|407|5.3|5.3|5|8
9|95.98|1059|407|5.3|5.3|5|8
9.1|95.97|1062|407|5.3|5.3|5|8
9.2|95.98|1062|407|5.3|5.3|5|8
9.3|96|1062|407|5.3|5.3|5|8
9.4|96.01|1062|407|5.3|5.3|5|8
9.5|96.05|1059|407|5.3|5.3|5|8
9.6|96|1059|407|5.3|5.3|5|8
9.7|95.98|1059|407|5.3|5.3|5|8
9.8|95.98|1059|407|5.3|5.3|5|8
9.9|95.96|1059|407|5.3|5.3|5|8
10|96.01|1059|407|5.3|5.3|2|8
10.1|95.77|1062|407|5.3|5.3|2|8
10.2|95.41|1062|407|5.3|5.3|2|8
10.3|94.98|1108|407|5.3|5.3|2|8
10.4|94.51|1454|407|5.3|5.3|2|8
10.5|94.1|1750|409|5.3|5.3|3|8
10.6|93.9|1778|410|5.3|5.3|3|8
10.7|93.8|1791|411|5.3|5.3|3|8
10.8|93.81|1812|406|5.3|5.3|3|8
10.9|93.77|1825|394|5.3|5.3|3|8
11|93.66|1827|391|5.3|5.3|3|8
11.1|93.69|1830|390|5.3|5.3|3|8
11.2|93.73|1832|389|5.3|5.3|3|8
11.3|93.66|1835|389|5.3|5.3|3|8
11.4|93.76|1838|389|5.3|5.3|3|8
11.5|93.68|1838|389|5.3|5.3|3|8
11.6|93.73|1838|389|5.3|5.3|3|8
11.7|93.69|1840|389|5.3|5.3|3|8
11.8|93.72|1843|389|5.3|5.3|3|8
11.9|93.7|1843|389|5.3|5.3|3|8
12|93.7|1843|389|5.3|5.3|3|8
12.1|93.7|1845|389|5.3|5.3|3|8
12.2|93.69|1845|388|5.3|5.3|3|8
12.3|93.73|1845|389|5.3|5.3|3|8
12.4|93.7|1845|389|5.3|5.3|3|8
12.5|93.73|1848|389|5.3|5.3|4|8
12.6|93.93|1840|389|5.3|5.3|4|8
12.7|94.35|1812|389|5.3|5.3|4|8
12.8|94.88|1768|389|5.3|5.3|4|8
12.9|95.37|1106|388|5.3|5.3|5|8
13|95.65|1080|388|5.3|5.3|5|8
13.1|95.72|1077|388|5.3|5.3|5|8
13.2|95.76|1077|387|5.3|5.3|5|8
13.3|95.76|1077|387|5.3|5.3|5|8
13.4|95.78|1075|387|5.3|5.3|5|8
13.5|95.78|1075|387|5.3|5.3|5|8
13.6|95.76|1075|387|5.3|5.3|5|8
13.7|95.8|1072|387|5.3|5.3|5|8
13.8|95.76|1072|387|5.4|5.4|5|8
13.9|95.8|1072|387|5.3|5.4|5|8
14|95.81|1072|387|5.4|5.4|5|8
14.1|95.82|1072|387|5.4|5.4|5|8
14.2|95.78|1072|387|5.4|5.4|5|8
14.3|95.78|1072|387|5.4|5.4|5|8
14.4|95.76|1072|387|5.4|5.4|5|8
14.5|95.76|1072|387|5.4|5.4|5|8
14.6|95.78|1072|387|5.4|5.4|5|8
14.7|95.81|1072|387|5.4|5.4|5|8
14.8|95.81|1072|387|5.4|5.4|5|8
14.9|95.78|1070|387|5.4|5.4|2|8
15|95.65|1072|387|5.4|5.4|2|8
15.1|95.19|1072|387|5.4|5.4|2|8
15.2|94.79|1160|387|5.4|5.4|2|8
15.3|94.36|1701|388|5.4|5.4|3|8
15.4|94.02|1778|388|5.4|5.4|3|8
15.5|93.84|1796|388|5.4|5.4|3|8
15.6|93.78|1814|388|5.4|5.4|3|8
15.7|93.84|1822|388|5.4|5.4|3|8
15.8|93.74|1830|388|5.4|5.4|3|8
15.9|93.76|1832|388|5.4|5.4|3|8
16|93.76|1835|388|5.4|5.4|3|8
16.1|93.77|1840|388|5.4|5.4|3|8
16.2|93.8|1845|388|5.4|5.4|3|8
16.3|93.68|1851|388|5.4|5.4|3|8
16.4|93.77|1853|388|5.4|5.4|3|8
16.5|93.78|1856|388|5.4|5.4|3|8
16.6|93.69|1858|388|5.4|5.4|3|8
16.7|93.76|1861|388|5.4|5.4|3|8
16.8|93.78|1861|388|5.4|5.4|3|8
16.9|93.69|1863|388|5.4|5.4|3|8
17|93.74|1863|388|5.4|5.4|3|8
17.1|93.78|1866|388|5.4|5.4|3|8
17.2|93.72|1866|388|5.4|5.4|3|8
17.3|93.72|1869|388|5.4|5.4|4|8
17.4|93.78|1866|388|5.4|5.4|4|8
17.5|94.19|1838|388|5.4|5.4|4|8
17.6|94.67|1536|388|5.4|5.4|4|8
17.7|95.06|1093|388|5.4|5.4|5|8
17.8|95.25|1085|387|5.4|5.4|5|8
17.9|95.38|1082|386|5.4|5.4|5|8
18|95.38|1082|386|5.4|5.4|5|8
18.1|95.38|1082|386|5.4|5.4|5|8
18.2|95.38|1082|386|5.4|5.4|5|8
18.3|95.39|1080|386|5.4|5.4|5|8
18.4|95.38|1080|386|5.4|5.4|5|8
18.5|95.38|1080|386|5.4|5.4|5|8
18.6|95.38|1077|386|5.4|5.4|5|8
18.7|95.38|1077|386|5.4|5.4|5|8
18.8|95.37|1077|386|5.4|5.4|5|8
18.9|95.39|1077|386|5.4|5.4|5|8
19|95.38|1077|386|5.4|5.4|5|8
19.1|95.38|1077|386|5.4|5.4|5|8
19.2|95.38|1077|386|5.4|5.4|5|8
19.3|95.38|1075|386|5.4|5.4|5|8
19.4|95.38|1075|386|5.4|5.4|5|8
19.5|95.38|1077|386|5.4|5.4|5|8
19.6|95.38|1075|386|5.4|5.4|5|8
19.7|95.35|1075|386|5.4|5.4|2|8
19.8|95.12|1075|386|5.4|5.4|2|8
19.9|94.74|1075|386|5.4|5.4|2|8
20|94.28|1363|387|5.4|5.4|2|8
20.1|93.84|1791|388|5.4|5.4|3|8
20.2|93.64|1832|388|5.4|5.4|3|8
20.3|93.54|1848|388|5.4|5.4|3|8
20.4|93.5|1853|388|5.4|5.4|3|8
20.5|93.47|1858|388|5.4|5.4|3|8
20.6|93.42|1863|388|5.4|5.4|3|8
20.7|93.42|1866|388|5.4|5.4|3|8
20.8|93.5|1869|388|5.4|5.4|3|8
20.9|93.45|1871|388|5.4|5.4|3|8
21|93.45|1876|388|5.4|5.4|3|8
21.1|93.45|1876|387|5.4|5.4|3|8
21.2|93.45|1876|388|5.4|5.4|3|8
21.3|93.43|1876|387|5.4|5.4|3|8
21.4|93.43|1879|387|5.4|5.4|3|8
21.5|93.43|1879|387|5.4|5.4|3|8
21.6|93.46|1879|387|5.4|5.4|3|8
21.7|93.45|1879|387|5.4|5.4|3|8
21.8|93.43|1881|387|5.4|5.4|3|8
21.9|93.45|1881|387|5.4|5.4|3|8
22|93.45|1881|387|5.4|5.4|3|8
22.1|93.43|1881|387|5.4|5.4|4|8
22.2|93.69|1876|387|5.4|5.4|4|8
22.3|94.17|1534|387|5.4|5.4|4|8
22.4|94.55|1098|386|5.4|5.4|5|8
22.5|94.71|1093|386|5.4|5.4|5|8
22.6|94.88|1088|386|5.4|5.4|5|8
22.7|94.79|1088|386|5.4|5.4|5|8
22.8|94.88|1088|386|5.4|5.4|5|8
22.9|94.83|1085|386|5.4|5.4|5|8
23|94.79|1085|386|5.4|5.4|5|8
23.1|94.87|1085|386|5.4|5.4|5|8
23.2|94.82|1085|386|5.4|5.4|5|8
23.3|94.86|1085|386|5.4|5.4|5|8
23.4|94.87|1082|386|5.4|5.4|5|8
23.5|94.82|1082|386|5.4|5.4|5|8
23.6|94.84|1082|386|5.4|5.4|5|8
23.7|94.87|1082|386|5.4|5.4|5|8
23.8|94.82|1082|386|5.4|5.4|5|8
23.9|94.86|1082|386|5.4|5.4|5|8
24|94.87|1080|386|5.4|5.4|5|8
24.1|94.82|1082|386|5.4|5.4|5|8
24.2|94.86|1080|386|5.4|5.4|5|8
24.3|94.86|1080|386|5.4|5.4|5|8
24.4|94.78|1080|386|5.4|5.4|2|8
24.5|94.55|1080|386|5.4|5.4|2|8
24.6|94.17|1080|386|5.4|5.4|2|8
24.7|93.72|1732|386|5.4|5.4|3|8
24.8|93.38|1835|386|5.4|5.4|3|8
24.9|93.25|1853|386|5.4|5.4|3|8
25|93.17|1861|386|5.4|5.4|3|8
25.1|93.26|1866|386|5.4|5.4|3|8
25.2|93.21|1874|386|5.4|5.4|3|8
25.3|93.09|1876|386|5.4|5.4|3|8
25.4|93.21|1879|386|5.4|5.4|3|8
25.5|93.15|1881|386|5.4|5.4|3|8
25.6|93.11|1884|386|5.4|5.4|3|8
25.7|93.17|1887|386|5.4|5.4|3|8
25.8|93.15|1889|386|5.4|5.4|3|8
25.9|93.1|1889|386|5.4|5.4|3|8
26|93.18|1889|386|5.4|5.4|3|8
26.1|93.15|1889|386|5.4|5.4|3|8
26.2|93.1|1889|386|5.4|5.4|3|8
26.3|93.18|1892|386|5.4|5.4|3|8
26.4|93.15|1892|386|5.4|5.4|3|8
26.5|93.13|1892|386|5.4|5.4|3|8
26.6|93.13|1892|386|5.4|5.4|3|8
26.7|93.15|1892|386|5.4|5.4|4|8
26.8|93.17|1894|386|5.4|5.4|4|8
26.9|93.57|1853|386|5.4|5.4|4|8
27|94.09|1149|386|5.4|5.4|5|8
27.1|94.28|1093|386|5.4|5.4|5|8
27.2|94.41|1090|386|5.4|5.4|5|8
27.3|94.45|1088|386|5.4|5.4|5|8
27.4|94.48|1088|386|5.4|5.4|5|8
27.5|94.48|1085|386|5.4|5.4|5|8
27.6|94.48|1085|386|5.4|5.4|5|8
27.7|94.47|1085|386|5.4|5.4|5|8
27.8|94.47|1082|386|5.4|5.4|5|8
27.9|94.49|1082|386|5.4|5.4|5|8
28|94.52|1082|386|5.4|5.4|5|8
28.1|94.51|1082|386|5.4|5.4|5|8
28.2|94.51|1080|386|5.4|5.4|5|8
28.3|94.49|1080|385|5.4|5.4|5|8
28.4|94.49|1080|385|5.4|5.4|5|8
28.5|94.48|1080|386|5.4|5.4|5|8
28.6|94.47|1080|386|5.4|5.4|5|8
28.7|94.47|1080|385|5.4|5.4|5|8
28.8|94.48|1080|386|5.4|5.4|5|8
28.9|94.47|1080|386|5.4|5.4|5|8
29|94.49|1080|386|5.4|5.4|2|8
29.1|94.36|1080|385|5.4|5.4|2|8
29.2|93.97|1080|386|5.4|5.4|2|8
29.3|93.53|1570|386|5.4|5.4|2|8
29.4|93.25|1835|386|5.4|5.4|3|8
29.5|93.03|1861|386|5.4|5.4|3|8
29.6|92.95|1871|386|5.4|5.4|3|8
29.7|92.88|1881|386|5.4|5.4|3|8
29.8|92.87|1887|386|5.4|5.4|3|8
29.9|92.8|1892|386|5.4|5.4|3|8
30|92.83|1894|386|5.4|5.4|3|8
30.1|92.84|1897|386|5.4|5.4|3|8
30.2|92.88|1899|386|5.4|5.4|3|8
30.3|92.87|1899|386|5.4|5.4|3|8
30.4|92.87|1902|386|5.4|5.4|3|8
30.5|92.84|1902|386|5.4|5.4|3|8
30.6|92.83|1902|386|5.4|5.4|3|8
30.7|92.82|1899|386|5.4|5.4|3|8
30.8|92.87|1902|386|5.4|5.4|3|8
30.9|92.88|1902|386|5.4|5.4|3|8
31|92.88|1902|386|5.4|5.4|3|8
31.1|92.84|1902|386|5.4|5.4|3|8
31.2|92.79|1902|386|5.4|5.4|3|8
31.3|92.86|1902|386|5.4|5.4|3|8
31.4|92.9|1902|386|5.4|5.4|4|8
31.5|93.15|1897|386|5.4|5.4|4|8
31.6|93.65|1371|386|5.4|5.4|4|8
31.7|94.04|1098|386|5.4|5.4|5|8
31.8|94.17|1093|386|5.4|5.4|5|8
31.9|94.25|1088|386|5.4|5.4|5|8
32|94.25|1088|386|5.4|5.4|5|8
32.1|94.31|1085|386|5.4|5.4|5|8
32.2|94.31|1085|386|5.4|5.4|5|8
32.3|94.28|1085|386|5.4|5.4|5|8
32.4|94.25|1085|386|5.4|5.4|5|8
32.5|94.25|1082|386|5.4|5.4|5|8
32.6|94.29|1082|386|5.4|5.4|5|8
32.7|94.36|1082|386|5.4|5.4|5|8
32.8|94.28|1082|386|5.4|5.4|5|8
32.9|94.27|1080|386|5.4|5.4|5|8
33|94.27|1080|386|5.4|5.4|5|8
33.1|94.36|1080|386|5.4|5.4|5|8
33.2|94.28|1080|386|5.4|5.4|5|8
33.3|94.27|1080|386|5.4|5.4|5|8
33.4|94.23|1080|386|5.4|5.4|5|8
33.5|94.31|1080|386|5.4|5.4|5|8
33.6|94.33|1080|386|5.4|5.4|5|8
33.7|94.25|1080|386|5.4|5.4|2|8
33.8|93.93|1080|386|5.4|5.4|2|8
33.9|93.5|1106|386|5.4|5.4|2|8
34|93.13|1773|386|5.4|5.4|3|8
34.1|92.84|1853|386|5.4|5.4|3|8
34.2|92.68|1871|386|5.4|5.4|3|8
34.3|92.66|1879|386|5.4|5.4|3|8
34.4|92.64|1884|386|5.4|5.4|3|8
34.5|92.62|1889|386|5.4|5.4|3|8
34.6|92.58|1894|386|5.4|5.4|3|8
34.7|92.59|1897|386|5.4|5.4|3|8
34.8|92.59|1899|386|5.4|5.4|3|8
34.9|92.62|1902|386|5.4|5.4|3|8
35|92.6|1902|386|5.4|5.4|3|8
35.1|92.58|1905|386|5.4|5.4|3|8
35.2|92.6|1905|386|5.4|5.4|3|8
35.3|92.6|1905|386|5.4|5.4|3|8
35.4|92.6|1907|386|5.4|5.4|3|8
35.5|92.59|1907|386|5.4|5.4|3|8
35.6|92.59|1907|386|5.4|5.4|3|8
35.7|92.62|1907|386|5.4|5.4|3|8
35.8|92.6|1912|386|5.4|5.4|3|8
35.9|92.59|1910|386|5.4|5.4|3|8
36|92.59|1910|386|5.4|5.4|4|8
36.1|92.72|1910|386|5.4|5.4|4|8
36.2|93.13|1863|387|5.4|5.4|4|8
36.3|93.54|1152|387|5.4|5.4|2|8
36.4|93.72|1093|386|5.4|5.4|2|8
36.5|93.73|1090|386|5.4|5.4|2|8
36.6|93.72|1088|386|5.4|5.4|2|8
36.7|93.66|1088|386|5.4|5.4|2|8
36.8|93.57|1085|386|5.4|5.4|2|8
36.9|93.53|1085|386|5.4|5.4|2|8
37|93.51|1085|386|5.4|5.4|2|8
37.1|93.38|1095|386|5.4|5.4|2|8
37.2|93.38|1101|386|5.4|5.4|2|8
37.3|93.34|1085|386|5.4|5.4|2|8
37.4|93.21|1095|386|5.4|5.4|2|8
37.5|93.21|1103|386|5.4|5.4|2|8
37.6|93.14|1258|388|5.4|5.4|2|8
37.7|93.03|1461|387|5.4|5.4|2|8
37.8|92.96|1683|387|5.4|5.4|2|8
37.9|93.11|1634|388|5.4|5.4|2|8
38|93.25|1144|387|5.4|5.4|2|8
38.1|93.31|1085|386|5.4|5.4|2|8
38.2|93.38|1082|386|5.4|5.4|2|8
38.3|93.33|1082|386|5.4|5.4|2|8
38.4|93.23|1082|386|5.4|5.4|2|8
38.5|93.13|1080|386|5.4|5.4|2|8
38.6|93.26|1080|386|5.4|5.4|2|8
38.7|93.14|1170|386|5.4|5.4|2|8
38.8|93|1510|387|5.4|5.4|2|8
38.9|92.95|1698|387|5.4|5.4|2|8
39|93.1|1433|388|5.4|5.4|2|8
39.1|93.19|1090|387|5.4|5.4|2|8
39.2|93.23|1077|386|5.4|5.4|2|8
39.3|93.25|1075|386|5.4|5.4|2|8
39.4|93.23|1077|386|5.4|5.4|2|8
39.5|93.13|1077|386|5.4|5.4|2|8
39.6|93.03|1160|386|5.4|5.4|2|8
39.7|92.99|1196|386|5.4|5.4|2|8
39.8|92.98|1626|386|5.4|5.4|2|8
39.9|92.94|1765|387|5.4|5.4|2|8
40|93.13|1763|387|5.4|5.4|2|8
40.1|93.26|1139|387|5.4|5.4|2|8
40.2|93.38|1080|386|5.4|5.4|2|8
40.3|93.42|1077|386|5.4|5.4|2|8
40.4|93.39|1077|386|5.4|5.4|2|8
40.5|93.35|1075|386|5.4|5.4|2|8
40.6|93.23|1075|386|5.4|5.4|2|8
40.7|93.14|1075|386|5.4|5.4|2|8
40.8|93.25|1077|386|5.4|5.4|2|8
40.9|93.09|1253|386|5.4|5.4|2|8
41|93|1191|386|5.4|5.4|2|8
41.1|92.98|1237|386|5.4|5.4|2|8
41.2|92.88|1204|386|5.4|5.4|2|8
41.3|92.8|1137|386|5.4|5.4|2|8
41.4|92.8|1160|386|5.4|5.4|2|8
41.5|92.67|1098|386|5.4|5.4|2|8
41.6|92.64|1374|386|5.4|5.4|2|8
41.7|92.6|1222|386|5.4|5.4|2|8
41.8|92.58|1384|386|5.4|5.4|2|8
41.9|92.41|1384|386|5.4|5.4|2|8
42|92.39|1139|386|5.4|5.4|2|8
42.1|92.36|1394|386|5.4|5.4|2|8
42.2|92.2|1472|387|5.4|5.4|2|8
42.3|92.19|1245|386|5.4|5.4|2|8
42.4|92.13|1119|386|5.4|5.4|2|8
42.5|92.08|1137|386|5.4|5.4|2|8
42.6|92.09|1149|386|5.4|5.4|2|8
42.7|91.9|1211|386|5.4|5.4|2|8
42.8|91.92|1126|386|5.4|5.4|2|8
42.9|91.88|1232|386|5.4|5.4|2|8
43|91.77|1168|387|5.4|5.4|2|8
43.1|91.72|1222|387|5.4|5.4|2|8
43.2|91.61|1320|386|5.4|5.4|2|8
43.3|91.57|1198|386|5.4|5.4|2|8
43.4|91.5|1209|386|5.4|5.4|2|8
43.5|91.49|1229|386|5.4|5.4|2|8
43.6|91.34|1222|386|5.4|5.4|2|8
43.7|91.27|1186|386|5.4|5.4|2|8
43.8|91.21|1198|386|5.4|5.4|2|8
43.9|91.18|1160|386|5.4|5.4|2|8
44|91.02|1206|386|5.4|5.4|2|8
44.1|91|1131|386|5.4|5.4|2|8
44.2|90.9|1168|386|5.4|5.4|2|8
44.3|90.79|1240|386|5.4|5.4|2|8
44.4|90.75|1198|387|5.4|5.4|2|8
44.5|90.6|1180|386|5.4|5.4|2|8
44.6|90.59|1338|387|5.4|5.4|2|8
44.7|90.52|1299|386|5.4|5.4|2|8
44.8|90.44|1126|386|5.4|5.4|2|8
44.9|90.33|1191|386|5.4|5.4|2|8
45|90.28|1206|386|5.4|5.4|2|8
45.1|90.19|1178|386|5.4|5.4|2|8
45.2|90.03|1242|386|5.4|5.4|2|8
45.3|89.99|1186|386|5.4|5.4|2|8
45.4|89.86|1116|386|5.4|5.4|2|8
45.5|89.78|1134|386|5.4|5.4|2|8
45.6|89.76|1235|386|5.4|5.4|2|8
45.7|89.54|1260|386|5.4|5.4|2|8
45.8|89.52|1170|387|5.4|5.4|2|8
45.9|89.41|1198|386|5.4|5.4|2|8
46|89.29|1168|386|5.4|5.4|2|8
46.1|89.15|1137|386|5.4|5.4|2|8
46.2|89.1|1216|386|5.4|5.4|2|8
46.3|88.99|1229|387|5.4|5.4|2|8
46.4|88.86|1211|386|5.4|5.4|2|8
46.5|88.75|1235|386|5.4|5.4|2|8
46.6|88.67|1265|386|5.4|5.4|2|8
46.7|88.55|1170|386|5.4|5.4|2|8
46.8|88.39|1201|386|5.4|5.4|2|8
46.9|88.29|1250|386|5.4|5.4|2|8
47|88.2|1227|386|5.4|5.4|2|8
47.1|88.07|1302|386|5.4|5.4|2|8
47.2|87.96|1211|386|5.4|5.4|2|8
47.3|87.81|1196|386|5.4|5.4|2|8
47.4|87.65|1186|386|5.4|5.4|2|8
47.5|87.53|1235|386|5.4|5.4|2|8
47.6|87.37|1253|386|5.4|5.4|2|8
47.7|87.25|1175|386|5.4|5.4|2|8
47.8|87.15|1265|387|5.4|5.4|2|8
47.9|87.02|1255|386|5.4|5.4|2|8
48|86.84|1206|386|5.4|5.4|2|8
48.1|86.76|1198|386|5.4|5.4|2|8
48.2|86.6|1309|387|5.4|5.4|2|8
48.3|86.47|1309|387|5.4|5.4|2|8
48.4|86.32|1250|388|5.4|5.4|2|8
48.5|86.19|1322|386|5.4|5.4|2|8
48.6|86.03|1276|387|5.4|5.4|2|8
48.7|85.91|1258|387|5.4|5.4|2|8
48.8|85.7|1245|388|5.4|5.4|2|8
48.9|85.56|1286|387|5.4|5.4|2|8
49|85.41|1240|388|5.4|5.4|2|8
49.1|85.22|1284|388|5.4|5.4|2|8
49.2|85.06|1180|388|5.4|5.4|2|8
49.3|84.91|1170|388|5.4|5.4|2|8
49.4|84.79|1242|387|5.4|5.4|2|8
49.5|84.51|1168|387|5.4|5.4|2|8
49.6|84.35|1211|388|5.4|5.4|2|8
49.7|84.19|1327|388|5.4|5.4|2|8
49.8|84.05|1345|388|5.4|5.4|2|8
49.9|83.87|1237|388|5.4|5.4|2|8
50|83.65|1302|388|5.4|5.4|2|8
50.1|83.42|1273|388|5.4|5.4|2|8
50.2|83.26|1273|388|5.4|5.4|2|8
50.3|83.06|1361|388|5.4|5.4|6|8
50.4|81.76|1874|387|5.4|5.4|6|8
50.5|79.11|1946|387|5.4|5.4|6|8
50.6|76.32|70|388|5.4|5.4|7|8
50.7|74.04|0|386|5.4|5.4|7|8
50.8|73.02|0|386|5.4|5.4|7|8
50.9|72.51|0|385|5.4|5.4|7|8
51|72.35|0|384|5.4|5.4|7|8
51.1|72.24|0|384|5.4|5.4|7|8
51.2|72.2|0|384|5.4|5.4|7|8
51.3|72.2|0|384|5.4|5.4|7|8
51.4|72.19|0|384|5.4|5.4|7|8
51.5|72.18|0|384|5.4|5.4|7|8
51.6|72.16|0|384|5.4|5.4|7|8
51.7|72.19|0|384|5.4|5.4|7|8
51.8|72.2|0|384|5.4|5.4|7|8
51.9|72.18|0|384|5.4|5.4|7|8
52|72.2|0|384|5.4|5.4|7|8
52.1|72.18|0|384|5.4|5.4|7|8
52.2|72.16|0|384|5.4|5.4|7|8
52.3|72.16|0|384|5.4|5.4|7|8
52.4|72.15|0|384|5.4|5.4|7|8
52.5|72.22|0|384|5.4|5.4|7|8
52.6|72.2|0|384|5.4|5.4|7|8
52.7|72.16|0|384|5.4|5.4|7|8
52.8|72.16|0|384|5.4|5.4|7|8
52.9|72.18|0|384|5.4|5.4|7|8
53|72.18|0|384|5.4|5.4|7|8
53.1|72.16|0|384|5.4|5.4|7|8
53.2|72.18|0|384|5.4|5.4|7|8
53.3|72.16|0|384|5.4|5.4|7|8
53.4|72.16|0|384|5.4|5.4|7|8
53.5|72.16|0|384|5.4|5.4|7|8
53.6|72.15|0|384|5.4|5.4|7|8
53.7|72.15|0|384|5.4|5.4|7|8
53.8|72.15|0|384|5.4|5.4|7|8
53.9|72.15|0|384|5.4|5.4|7|8
54|72.1|0|384|5.4|5.4|7|8
54.1|72.15|0|384|5.4|5.4|7|8
54.2|72.16|0|384|5.4|5.4|7|8
54.3|72.15|0|384|5.4|5.4|7|8
54.4|72.15|0|384|5.4|5.4|7|8
54.5|72.16|0|384|5.4|5.4|7|8
54.6|72.15|0|384|5.4|5.4|7|8
54.7|72.15|0|384|5.4|5.4|7|8
54.8|72.19|0|384|5.4|5.4|7|8
54.9|72.18|0|384|5.4|5.4|7|8
55|72.16|0|384|5.4|5.4|7|8
55.1|72.19|0|384|5.4|5.4|7|8
55.2|72.16|0|384|5.4|5.4|7|8
55.3|72.19|0|384|5.4|5.4|7|8
55.4|72.15|0|384|5.4|5.4|7|8
55.5|72.16|0|384|5.4|5.4|7|8
55.6|72.16|0|384|5.4|5.4|7|8
55.7|72.16|0|384|5.4|5.4|7|8
55.8|72.16|0|384|5.4|5.4|7|8
55.9|72.15|0|384|5.4|5.4|7|8
56|72.16|0|384|5.4|5.4|7|8
56.1|72.16|0|384|5.4|5.4|7|8
56.2|72.16|0|384|5.4|5.4|7|8
56.3|72.16|0|384|5.4|5.4|7|8
56.4|72.16|0|384|5.4|5.4|7|8
56.5|72.15|0|384|5.4|5.4|7|8
56.6|72.15|0|384|5.4|5.4|7|8
56.7|72.15|0|384|5.4|5.4|7|8
56.8|72.15|0|384|5.4|5.4|7|8
56.9|72.16|0|384|5.4|5.4|7|8
57|72.15|0|384|5.4|5.4|7|8
57.1|72.15|0|384|5.4|5.4|7|8
57.2|72.15|0|384|5.4|5.4|7|8
57.3|72.15|0|384|5.4|5.4|7|8
57.4|72.15|0|384|5.4|5.4|7|8
57.5|72.15|0|384|5.4|5.4|7|8
57.6|72.15|0|384|5.4|5.4|7|8
57.7|72.15|0|384|5.4|5.4|7|8
57.8|72.15|0|384|5.4|5.4|7|8
57.9|72.16|0|384|5.4|5.4|7|8
58|72.15|0|384|5.4|5.4|7|8
58.1|72.15|0|384|5.4|5.4|7|8
58.2|72.16|0|384|5.4|5.4|7|8
58.3|72.15|0|384|5.4|5.4|7|8
58.4|72.16|0|384|5.4|5.4|7|8
58.5|72.16|0|384|5.4|5.4|7|8
58.6|72.15|0|384|5.4|5.4|7|8
58.7|72.15|0|384|5.4|5.4|7|8
58.8|72.14|0|384|5.4|5.4|7|8
58.9|72.15|0|384|5.4|5.4|7|8
59|72.15|0|384|5.4|5.4|7|8
59.1|72.14|0|384|5.4|5.4|7|8
59.2|72.11|0|384|5.4|5.4|7|8
59.3|72.12|0|384|5.4|5.4|7|8
59.4|72.1|0|384|5.4|5.4|7|8
59.5|72.14|0|384|5.4|5.4|7|8
59.6|72.14|0|384|5.4|5.4|7|8
59.7|72.18|0|384|5.4|5.4|7|8
59.8|72.14|0|384|5.4|5.4|7|8
59.9|72.15|0|384|5.4|5.4|7|8
60|72.18|0|384|5.4|5.4|7|8
60.1|72.16|0|384|5.4|5.4|7|8
60.2|72.15|0|384|5.4|5.4|7|8
60.3|72.16|0|384|5.4|5.4|7|8
60.4|72.16|0|384|5.4|5.4|7|8
60.5|72.16|0|384|5.4|5.4|7|8
60.6|72.15|0|384|5.4|5.4|7|8
60.7|72.14|0|384|5.4|5.4|7|8
60.8|72.12|0|386|5.4|5.4|7|8
60.9|72.1|0|395|5.4|5.4|7|8
61|72.1|0|398|5.4|5.4|7|8
61.1|72.11|0|400|5.4|5.4|7|8
61.2|72.1|0|400|5.4|5.4|7|8
61.3|72.14|0|400|5.4|5.4|7|8
61.4|72.19|0|400|5.4|5.4|7|8
61.5|72.15|0|400|5.4|5.4|7|8
61.6|72.19|0|400|5.4|5.4|7|8
61.7|72.16|0|400|5.4|5.4|7|8
61.8|72.15|0|400|5.4|5.4|7|8
61.9|72.15|0|400|5.4|5.4|7|8
62|72.15|0|400|5.4|5.4|7|8
62.1|72.12|0|400|5.4|5.4|7|8
62.2|72.12|0|400|5.4|5.4|7|8
62.3|72.14|0|400|5.4|5.4|7|8
62.4|72.14|0|400|5.4|5.4|7|8
62.5|72.14|0|400|5.4|5.4|7|8
62.6|72.15|0|400|5.4|5.4|7|8
62.7|72.15|0|400|5.4|5.4|7|8
62.8|72.18|0|400|5.4|5.4|7|8
62.9|72.14|0|400|5.4|5.4|7|8
63|72.14|0|400|5.4|5.4|7|8
63.1|72.11|0|400|5.4|5.4|7|8
63.2|72.12|0|400|5.4|5.4|7|8
63.3|72.11|0|400|5.4|5.4|7|8
63.4|72.1|0|400|5.4|5.4|7|8
63.5|72.14|0|400|5.4|5.4|7|8
63.6|72.14|0|400|5.4|5.4|8|8
63.7|72.15|0|400|5.4|5.4|8|8
63.8|72.06|0|400|5.4|5.4|8|8
63.9|72.04|0|400|5.4|5.4|8|8
64|72.16|0|400|5.4|5.4|8|8
64.1|72.04|0|400|5.4|5.4|8|8
64.2|72.07|0|400|5.4|5.4|8|8
64.3|72.07|0|400|5.4|5.4|8|8
64.4|72.08|0|400|5.4|5.3|8|8
64.5|72.07|0|400|5.3|5.3|8|8
64.6|72.06|0|400|5.3|5.3|8|8
64.7|72.06|0|400|5.3|5.3|8|8
64.8|72.11|0|400|5.3|5.3|8|8
64.9|72.15|0|400|5.3|5.3|8|8
65|72.18|0|400|5.2|5.2|8|8
65.1|72.04|0|400|5.2|5.2|8|8
65.2|72.08|0|401|5.2|5.2|8|8
65.3|72.04|0|400|5.2|5.2|8|8
65.4|72.1|0|400|5.2|5.2|8|8
65.5|72.1|0|400|5.2|5.2|8|8
65.6|72.51|0|400|5.2|5.2|8|8
65.7|75.42|0|400|5.2|5.2|8|8
65.8|78.42|0|400|5.2|5.2|8|8
65.9|81.38|0|400|5.2|5.2|8|8
66|84.34|0|400|5.2|5.2|8|8
66.1|87.22|0|400|5.2|5.2|8|8
66.2|90.11|0|400|5.2|5.1|8|8
66.3|93.03|0|400|5.2|5.2|8|8
66.4|94.86|0|400|5.2|5.2|8|8
66.5|95.59|0|401|5.2|5.2|8|8
