0|96.04|902|398|4.1|4.1|1|8
0.1|96.04|1036|401|4.1|4.1|1|8
0.2|96.02|1041|402|4.1|4.1|1|8
0.3|96.04|1044|402|4.2|4.2|1|8
0.4|96.04|1046|402|4.2|4.2|1|8
0.5|96.04|1049|403|4.2|4.2|2|8
0.6|95.76|1049|403|4.2|4.2|2|8
0.7|95.37|1049|403|4.2|4.2|2|8
0.8|94.92|1052|403|4.2|4.2|2|8
0.9|94.44|1059|403|4.2|4.2|2|8
1|93.94|1168|404|4.2|4.2|2|8
1.1|93.46|1340|404|4.2|4.2|2|8
1.2|93.02|1673|405|4.2|4.2|3|8
1.3|92.75|1698|405|4.2|4.2|3|8
1.4|92.62|1716|405|4.2|4.2|3|8
1.5|92.59|1724|405|4.2|4.2|3|8
1.6|92.59|1732|405|4.2|4.2|3|8
1.7|92.44|1740|405|4.2|4.2|3|8
1.8|92.48|1742|405|4.3|4.3|3|8
1.9|92.45|1745|405|4.3|4.3|3|8
2|92.48|1747|405|4.3|4.3|3|8
2.1|92.48|1750|405|4.3|4.3|3|8
2.2|92.47|1753|405|4.3|4.3|3|8
2.3|92.47|1755|405|4.3|4.3|3|8
2.4|92.48|1758|405|4.3|4.3|3|8
2.5|92.47|1758|405|4.3|4.3|3|8
2.6|92.47|1760|405|4.3|4.3|3|8
2.7|92.48|1760|405|4.3|4.3|3|8
2.8|92.48|1763|405|4.3|4.3|3|8
2.9|92.48|1765|405|4.3|4.3|3|8
3|92.47|1768|405|4.4|4.4|3|8
3.1|92.48|1771|405|4.4|4.4|3|8
3.2|92.53|1771|405|4.4|4.4|4|8
3.3|92.59|1771|405|4.4|4.4|4|8
3.4|93.04|1729|405|4.4|4.4|4|8
3.5|93.53|1366|405|4.4|4.4|5|8
3.6|93.86|1088|404|4.4|4.4|5|8
3.7|94.09|1077|403|4.4|4.4|5|8
3.8|94.2|1075|402|4.4|4.4|5|8
3.9|94.19|1075|402|4.4|4.4|5|8
4|94.16|1075|402|4.4|4.4|5|8
4.1|94.2|1077|402|4.4|4.4|5|8
4.2|94.21|1077|402|4.4|4.4|5|8
4.3|94.2|1077|402|4.4|4.4|5|8
4.4|94.21|1077|402|4.4|4.4|5|8
4.5|94.24|1077|402|4.5|4.4|5|8
4.6|94.29|1075|402|4.5|4.5|5|8
4.7|94.2|1077|402|4.5|4.5|5|8
4.8|94.2|1077|402|4.5|4.5|5|8
4.9|94.2|1075|402|4.5|4.5|5|8
5|94.19|1075|402|4.5|4.5|5|8
5.1|94.2|1075|402|4.5|4.5|5|8
5.2|94.21|1070|402|4.5|4.5|5|8
5.3|94.21|1070|402|4.5|4.5|5|8
5.4|94.23|1072|402|4.5|4.5|5|8
5.5|94.27|1070|402|4.5|4.5|2|8
5.6|94.21|1070|402|4.5|4.5|2|8
5.7|93.88|1070|402|4.5|4.5|2|8
5.8|93.49|1070|402|4.5|4.5|2|8
5.9|93.02|1180|402|4.5|4.5|2|8
6|92.62|1704|403|4.5|4.5|3|8
6.1|92.36|1753|404|4.6|4.6|3|8
6.2|92.21|1768|404|4.6|4.6|3|8
6.3|92.15|1773|404|4.6|4.6|3|8
6.4|92.04|1778|404|4.6|4.6|3|8
6.5|92.02|1781|404|4.6|4.6|3|8
6.6|92.05|1784|404|4.6|4.6|3|8
6.7|92.05|1786|404|4.6|4.6|3|8
6.8|92.05|1789|404|4.6|4.6|3|8
6.9|92.07|1789|404|4.6|4.6|3|8
7|92.04|1791|404|4.6|4.6|3|8
7.1|92.05|1794|404|4.6|4.6|3|8
7.2|92.05|1796|404|4.6|4.6|3|8
7.3|92.05|1796|404|4.6|4.6|3|8
7.4|92.05|1799|404|4.7|4.7|3|8
7.5|92.04|1799|404|4.7|4.7|3|8
7.6|92.05|1799|404|4.7|4.7|3|8
7.7|92.05|1802|404|4.7|4.7|3|8
7.8|92.04|1802|404|4.7|4.7|3|8
7.9|92.05|1804|404|4.7|4.7|3|8
8|92.02|1804|404|4.7|4.7|4|8
8.1|92.16|1804|404|4.7|4.7|4|8
8.2|92.53|1802|404|4.7|4.7|4|8
8.3|92.9|1750|404|4.7|4.7|4|8
8.4|93.5|1121|404|4.7|4.7|5|8
8.5|93.8|1090|402|4.7|4.7|5|8
8.6|93.84|1088|401|4.7|4.7|5|8
8.7|93.86|1085|401|4.7|4.7|5|8
8.8|93.94|1085|401|4.8|4.8|5|8
8.9|93.98|1085|401|4.8|4.8|5|8
9|94.01|1088|401|4.8|4.8|5|8
9.1|93.96|1088|401|4.8|4.8|5|8
9.2|93.96|1085|401|4.8|4.8|5|8
9.3|93.93|1088|401|4.8|4.8|5|8
9.4|93.94|1085|401|4.8|4.8|5|8
9.5|93.97|1082|401|4.8|4.8|5|8
9.6|93.98|1082|401|4.8|4.8|5|8
9.7|93.97|1082|401|4.8|4.8|5|8
9.8|93.98|1082|401|4.8|4.8|5|8
9.9|93.96|1082|401|4.8|4.8|5|8
10|93.94|1082|401|4.8|4.8|5|8
10.1|93.93|1082|401|4.8|4.8|5|8
10.2|93.98|1082|401|4.8|4.8|5|8
10.3|94|1082|401|4.8|4.8|5|8
10.4|93.96|1082|401|4.8|4.8|2|8
10.5|93.86|1080|401|4.8|4.8|2|8
10.6|93.47|1082|401|4.8|4.8|2|8
10.7|93.03|1095|401|4.8|4.8|2|8
10.8|92.63|1678|402|4.8|4.8|3|8
10.9|92.37|1771|402|4.8|4.8|3|8
11|92.17|1796|395|4.8|4.8|3|8
11.1|92.08|1807|392|4.9|4.8|3|8
11.2|92.01|1812|391|4.9|4.9|3|8
11.3|91.98|1817|390|4.9|4.9|3|8
11.4|92|1817|390|4.9|4.9|3|8
11.5|92.01|1820|390|4.9|4.9|3|8
11.6|92|1822|390|4.9|4.9|3|8
11.7|92.01|1825|390|4.9|4.9|3|8
11.8|92|1827|390|4.9|4.9|3|8
11.9|91.98|1827|390|4.9|4.9|3|8
12|91.98|1830|390|4.9|4.9|3|8
12.1|91.98|1832|390|4.9|4.9|3|8
12.2|92|1832|390|4.9|4.9|3|8
12.3|92|1835|390|4.9|4.9|3|8
12.4|91.98|1835|390|4.9|4.9|3|8
12.5|92|1838|390|4.9|4.9|3|8
12.6|92|1838|390|4.9|4.9|3|8
12.7|92|1838|390|4.9|4.9|3|8
12.8|92|1840|390|4.9|4.9|4|8
12.9|92.05|1840|390|4.9|4.9|4|8
13|92.33|1835|390|4.9|4.9|4|8
13.1|92.67|1796|390|4.9|4.9|4|8
13.2|93.31|1245|390|4.9|4.9|5|8
13.3|93.73|1106|390|4.9|4.9|5|8
13.4|93.81|1101|390|4.9|4.9|5|8
13.5|93.88|1098|390|4.9|4.9|5|8
13.6|93.92|1095|390|4.9|4.9|5|8
13.7|94|1095|390|4.9|4.9|5|8
13.8|93.98|1095|390|4.9|4.9|5|8
13.9|93.96|1093|390|5|4.9|5|8
14|93.94|1093|390|5|5|5|8
14.1|93.92|1093|390|5|5|5|8
14.2|93.94|1093|390|5|5|5|8
14.3|93.96|1093|390|5|5|5|8
14.4|93.98|1090|390|5|5|5|8
14.5|93.97|1090|390|5|5|5|8
14.6|93.97|1090|390|5|5|5|8
14.7|93.96|1090|390|5|5|5|8
14.8|93.96|1090|390|5|5|5|8
14.9|93.93|1090|390|5|5|5|8
15|93.94|1090|390|5|5|5|8
15.1|93.96|1093|390|5|5|5|8
15.2|93.96|1093|390|5|5|2|8
15.3|93.93|1095|390|5|5|2|8
15.4|93.61|1095|390|5|5|2|8
15.5|93.18|1093|390|5|5|2|8
15.6|92.7|1541|390|5|5|2|8
15.7|92.39|1778|390|5|5|3|8
15.8|92.17|1809|390|5|5|3|8
15.9|92.08|1820|390|5|5|3|8
16|92.04|1827|390|5|5|3|8
16.1|91.98|1832|390|5|5|3|8
16.2|92|1835|390|5|5|3|8
16.3|92|1835|390|5|5|3|8
16.4|91.98|1838|390|5|5|3|8
16.5|91.98|1840|390|5|5|3|8
16.6|92|1843|390|5|5|3|8
16.7|92.01|1845|390|5|5|3|8
16.8|91.97|1848|390|5|5|3|8
16.9|91.98|1851|390|5|5|3|8
17|92|1851|390|5|5|3|8
17.1|91.98|1853|390|5.1|5|3|8
17.2|92|1853|390|5.1|5.1|3|8
17.3|92|1856|390|5.1|5.1|3|8
17.4|91.97|1856|390|5.1|5.1|3|8
17.5|92|1856|390|5.1|5.1|3|8
17.6|92|1856|390|5.1|5.1|3|8
17.7|92.02|1856|390|5.1|5.1|4|8
17.8|92.29|1853|390|5.1|5.1|4|8
17.9|92.55|1830|390|5.1|5.1|4|8
18|93.02|1758|390|5.1|5.1|4|8
18.1|93.65|1173|390|5.1|5.1|5|8
18.2|93.96|1106|390|5.1|5.1|5|8
18.3|94.09|1103|390|5.1|5.1|5|8
18.4|94.23|1101|390|5.1|5.1|5|8
18.5|94.23|1098|390|5.1|5.1|5|8
18.6|94.24|1098|390|5.1|5.1|5|8
18.7|94.13|1098|390|5.1|5.1|5|8
18.8|94.19|1095|390|5.1|5.1|5|8
18.9|94.2|1095|390|5.1|5.1|5|8
19|94.2|1095|390|5.1|5.1|5|8
19.1|94.2|1095|390|5.1|5.1|5|8
19.2|94.21|1095|390|5.1|5.1|5|8
19.3|94.21|1095|390|5.1|5.1|5|8
19.4|94.25|1093|390|5.1|5.1|5|8
19.5|94.23|1093|390|5.1|5.1|5|8
19.6|94.19|1095|390|5.1|5.1|5|8
19.7|94.17|1093|390|5.1|5.1|5|8
19.8|94.19|1095|390|5.1|5.1|5|8
19.9|94.2|1093|390|5.1|5.1|5|8
20|94.2|1093|390|5.1|5.1|5|8
20.1|94.2|1093|390|5.1|5.1|2|8
20.2|94.09|1093|390|5.1|5.1|2|8
20.3|93.76|1093|390|5.1|5.1|2|8
20.4|93.3|1093|390|5.1|5.1|2|8
20.5|92.86|1433|390|5.1|5.1|2|8
20.6|92.63|1753|390|5.1|5.1|3|8
20.7|92.39|1804|390|5.2|5.1|3|8
20.8|92.17|1825|390|5.2|5.2|3|8
20.9|92.15|1835|390|5.2|5.2|3|8
21|92.04|1840|390|5.2|5.2|3|8
21.1|92.05|1843|390|5.2|5.2|3|8
21.2|92.08|1845|390|5.2|5.2|3|8
21.3|92.09|1851|390|5.2|5.2|3|8
21.4|92.08|1853|390|5.2|5.2|3|8
21.5|92.09|1856|390|5.2|5.2|3|8
21.6|92.08|1856|390|5.2|5.2|3|8
21.7|92.08|1858|390|5.2|5.2|3|8
21.8|92.08|1861|390|5.2|5.2|3|8
21.9|92.08|1863|390|5.2|5.2|3|8
22|92.08|1863|390|5.2|5.2|3|8
22.1|92.08|1863|390|5.2|5.2|3|8
22.2|92.08|1863|390|5.2|5.2|3|8
22.3|92.08|1863|390|5.2|5.2|3|8
22.4|92.08|1863|390|5.2|5.2|3|8
22.5|92.07|1863|390|5.2|5.2|3|8
22.6|92.09|1863|390|5.2|5.2|4|8
22.7|92.32|1861|390|5.2|5.2|4|8
22.8|92.58|1840|390|5.2|5.2|4|8
22.9|92.76|1830|390|5.2|5.2|4|8
23|93.37|1758|390|5.2|5.2|4|8
23.1|94.12|1131|390|5.2|5.2|5|8
23.2|94.41|1106|390|5.2|5.2|5|8
23.3|94.56|1103|390|5.2|5.2|5|8
23.4|94.64|1101|390|5.2|5.2|5|8
23.5|94.59|1098|390|5.2|5.2|5|8
23.6|94.64|1098|390|5.2|5.2|5|8
23.7|94.64|1098|390|5.2|5.2|5|8
23.8|94.64|1101|390|5.2|5.2|5|8
23.9|94.64|1095|390|5.2|5.2|5|8
24|94.64|1095|390|5.2|5.2|5|8
24.1|94.66|1095|390|5.2|5.2|5|8
24.2|94.63|1093|390|5.2|5.2|5|8
24.3|94.66|1095|390|5.2|5.2|5|8
24.4|94.68|1095|390|5.2|5.2|5|8
24.5|94.67|1093|390|5.2|5.2|5|8
24.6|94.66|1093|390|5.2|5.2|5|8
24.7|94.66|1093|390|5.2|5.2|5|8
24.8|94.66|1093|390|5.3|5.3|5|8
24.9|94.67|1093|390|5.3|5.3|5|8
25|94.63|1098|390|5.3|5.3|5|8
25.1|94.57|1090|390|5.3|5.3|2|8
25.2|94.48|1090|390|5.3|5.3|2|8
25.3|94.1|1090|390|5.3|5.3|2|8
25.4|93.69|1090|390|5.3|5.3|2|8
25.5|93.25|1250|390|5.3|5.3|2|8
25.6|92.8|1735|390|5.3|5.3|3|8
25.7|92.66|1791|390|5.3|5.3|3|8
25.8|92.66|1802|390|5.3|5.3|3|8
25.9|92.48|1814|390|5.3|5.3|3|8
26|92.36|1830|390|5.3|5.3|3|8
26.1|92.23|1845|390|5.3|5.3|3|8
26.2|92.16|1851|390|5.3|5.3|3|8
26.3|92.23|1856|390|5.3|5.3|3|8
26.4|92.19|1858|390|5.3|5.3|3|8
26.5|92.21|1858|390|5.3|5.3|3|8
26.6|92.21|1863|390|5.3|5.3|3|8
26.7|92.21|1866|390|5.3|5.3|3|8
26.8|92.23|1869|390|5.3|5.3|3|8
26.9|92.21|1871|390|5.3|5.3|3|8
27|92.23|1874|390|5.3|5.3|3|8
27.1|92.21|1874|390|5.3|5.3|3|8
27.2|92.21|1876|390|5.3|5.3|3|8
27.3|92.2|1876|390|5.3|5.3|3|8
27.4|92.21|1876|390|5.3|5.3|3|8
27.5|92.21|1879|390|5.3|5.3|3|8
27.6|92.23|1879|390|5.3|5.3|4|8
27.7|92.33|1876|390|5.3|5.3|4|8
27.8|92.59|1856|390|5.3|5.3|4|8
27.9|92.9|1838|390|5.3|5.3|4|8
28|93.51|1758|390|5.3|5.3|4|8
28.1|94.17|1564|390|5.3|5.3|4|8
28.2|94.64|1111|390|5.3|5.3|5|8
28.3|94.78|1101|390|5.3|5.3|5|8
28.4|94.9|1098|390|5.3|5.3|5|8
28.5|94.98|1098|390|5.3|5.3|5|8
28.6|94.98|1095|390|5.3|5.3|5|8
28.7|94.86|1095|390|5.3|5.3|5|8
28.8|94.95|1093|390|5.3|5.3|5|8
28.9|94.95|1093|390|5.3|5.3|5|8
29|95|1093|390|5.3|5.4|5|8
29.1|94.92|1093|390|5.4|5.4|5|8
29.2|94.9|1093|390|5.4|5.4|5|8
29.3|94.98|1093|390|5.4|5.4|5|8
29.4|94.99|1090|390|5.4|5.4|5|8
29.5|94.88|1090|390|5.4|5.4|5|8
29.6|94.95|1090|390|5.4|5.4|5|8
29.7|94.98|1090|390|5.4|5.4|5|8
29.8|94.98|1090|390|5.4|5.4|5|8
29.9|94.9|1088|390|5.4|5.4|5|8
30|94.95|1088|390|5.4|5.4|5|8
30.1|94.99|1088|390|5.4|5.4|5|8
30.2|94.9|1088|390|5.4|5.4|2|8
30.3|94.68|1088|390|5.4|5.4|2|8
30.4|94.29|1088|390|5.4|5.4|2|8
30.5|93.86|1111|390|5.4|5.4|2|8
30.6|93.35|1229|390|5.4|5.4|2|8
30.7|92.88|1387|390|5.4|5.4|2|8
30.8|92.62|1791|390|5.4|5.4|3|8
30.9|92.39|1832|390|5.4|5.4|3|8
31|92.21|1853|390|5.4|5.4|3|8
31.1|92.07|1861|390|5.4|5.4|3|8
31.2|92.05|1866|390|5.4|5.4|3|8
31.3|91.98|1871|390|5.4|5.4|3|8
31.4|92.01|1871|390|5.4|5.4|3|8
31.5|92.02|1876|390|5.4|5.4|3|8
31.6|92.01|1876|390|5.4|5.4|3|8
31.7|92.02|1879|390|5.4|5.4|3|8
31.8|92.01|1881|390|5.4|5.4|3|8
31.9|92.01|1881|390|5.4|5.4|3|8
32|92|1887|390|5.4|5.4|3|8
32.1|92.02|1887|390|5.4|5.4|3|8
32.2|92.01|1887|390|5.4|5.4|3|8
32.3|92|1889|390|5.4|5.4|3|8
32.4|92|1889|390|5.4|5.4|3|8
32.5|92|1889|390|5.4|5.4|3|8
32.6|91.98|1892|390|5.4|5.4|3|8
32.7|92.02|1892|390|5.4|5.4|3|8
32.8|92.02|1892|390|5.4|5.4|4|8
32.9|92.28|1887|390|5.4|5.4|4|8
33|92.53|1863|390|5.4|5.4|4|8
33.1|93.14|1588|390|5.4|5.4|4|8
33.2|93.6|1108|390|5.4|5.4|5|8
33.3|93.8|1101|390|5.4|5.4|5|8
33.4|93.82|1098|390|5.4|5.4|5|8
33.5|93.85|1098|390|5.4|5.4|5|8
33.6|93.89|1095|390|5.4|5.4|5|8
33.7|93.86|1093|390|5.4|5.4|5|8
33.8|93.89|1093|390|5.4|5.4|5|8
33.9|93.9|1093|390|5.4|5.4|5|8
34|93.93|1090|390|5.4|5.4|5|8
34.1|93.94|1090|390|5.4|5.4|5|8
34.2|93.94|1090|390|5.4|5.4|5|8
34.3|93.9|1090|390|5.4|5.4|5|8
34.4|93.9|1090|390|5.4|5.4|5|8
34.5|93.9|1090|390|5.4|5.4|5|8
34.6|93.9|1090|390|5.4|5.4|5|8
34.7|93.92|1088|390|5.4|5.4|5|8
34.8|93.9|1088|390|5.4|5.4|5|8
34.9|93.9|1088|390|5.4|5.4|5|8
35|93.9|1090|390|5.4|5.4|5|8
35.1|93.89|1085|390|5.4|5.4|5|8
35.2|93.9|1088|390|5.4|5.4|2|8
35.3|93.61|1085|390|5.4|5.4|2|8
35.4|93.23|1085|390|5.4|5.4|2|8
35.5|92.74|1611|390|5.4|5.4|3|8
35.6|92.47|1804|390|5.4|5.4|3|8
35.7|92.28|1827|390|5.4|5.4|3|8
35.8|92.17|1853|390|5.4|5.4|3|8
35.9|92.15|1869|390|5.4|5.4|3|8
36|92.07|1874|390|5.4|5.4|3|8
36.1|92.09|1879|390|5.4|5.4|3|8
36.2|92.09|1884|390|5.4|5.4|3|8
36.3|92.08|1884|390|5.4|5.4|3|8
36.4|92.11|1887|390|5.4|5.4|3|8
36.5|92.09|1887|390|5.4|5.4|3|8
36.6|92.11|1892|390|5.4|5.5|3|8
36.7|92.12|1892|390|5.5|5.5|3|8
36.8|92.08|1892|390|5.5|5.5|3|8
36.9|92.09|1894|390|5.5|5.5|3|8
37|92.09|1894|390|5.5|5.5|3|8
37.1|92.11|1894|390|5.5|5.5|3|8
37.2|92.08|1897|390|5.5|5.5|3|8
37.3|92.09|1897|390|5.5|5.5|3|8
37.4|92.09|1897|390|5.5|5.5|3|8
37.5|92.09|1897|390|5.5|5.5|4|8
37.6|92.15|1897|390|5.5|5.5|4|8
37.7|92.41|1887|390|5.5|5.5|4|8
37.8|92.9|1729|390|5.5|5.5|4|8
37.9|93.35|1134|391|5.5|5.5|2|8
38|93.5|1098|390|5.5|5.5|2|8
38.1|93.43|1098|390|5.5|5.5|2|8
38.2|93.43|1095|390|5.5|5.5|2|8
38.3|93.38|1095|390|5.5|5.5|2|8
38.4|93.26|1093|390|5.5|5.5|2|8
38.5|93.19|1093|390|5.5|5.5|2|8
38.6|93.29|1093|390|5.5|5.5|2|8
38.7|93.17|1090|390|5.5|5.5|2|8
38.8|93.02|1090|390|5.5|5.5|2|8
38.9|93.04|1144|390|5.5|5.5|2|8
39|92.98|1229|390|5.5|5.5|2|8
39.1|92.94|1168|390|5.5|5.5|2|8
39.2|92.87|1250|390|5.5|5.5|2|8
39.3|92.74|1137|390|5.5|5.5|2|8
39.4|92.67|1129|390|5.5|5.5|2|8
39.5|92.64|1209|390|5.5|5.5|2|8
39.6|92.58|1255|390|5.5|5.5|2|8
39.7|92.53|1371|390|5.5|5.5|2|8
39.8|92.37|1307|391|5.5|5.5|2|8
39.9|92.39|1242|390|5.5|5.5|2|8
40|92.37|1281|390|5.5|5.5|2|8
40.1|92.24|1222|391|5.5|5.5|2|8
40.2|92.15|1250|391|5.5|5.5|2|8
40.3|92.08|1232|391|5.5|5.5|2|8
40.4|92.02|1198|391|5.5|5.5|2|8
40.5|91.94|1407|390|5.5|5.5|2|8
40.6|91.9|1183|390|5.5|5.5|2|8
40.7|91.85|1250|390|5.5|5.5|2|8
40.8|91.77|1302|390|5.5|5.5|2|8
40.9|91.62|1214|390|5.5|5.5|2|8
41|91.6|1299|390|5.5|5.5|2|8
41.1|91.56|1229|390|5.5|5.5|2|8
41.2|91.43|1363|391|5.5|5.5|2|8
41.3|91.35|1304|391|5.5|5.5|2|8
41.4|91.25|1134|390|5.5|5.5|2|8
41.5|91.22|1276|390|5.5|5.5|2|8
41.6|91.07|1247|391|5.5|5.5|2|8
41.7|91.05|1304|390|5.5|5.5|2|8
41.8|90.92|1314|390|5.5|5.5|2|8
41.9|90.95|1095|390|5.5|5.5|2|8
42|90.98|1090|390|5.5|5.5|2|8
42.1|90.86|1183|390|5.5|5.5|2|8
42.2|90.86|1245|390|5.5|5.5|2|8
42.3|90.8|1291|390|5.5|5.5|2|8
42.4|90.7|1253|390|5.5|5.5|2|8
42.5|90.64|1144|390|5.5|5.5|2|8
42.6|90.58|1227|390|5.5|5.5|2|8
42.7|90.55|1173|390|5.5|5.5|2|8
42.8|90.48|1317|391|5.5|5.5|2|8
42.9|90.41|1317|390|5.5|5.5|2|8
43|90.33|1273|390|5.5|5.5|2|8
43.1|90.32|1363|390|5.5|5.5|2|8
43.2|90.2|1229|390|5.5|5.5|2|8
43.3|90.19|1198|390|5.5|5.5|2|8
43.4|89.99|1124|390|5.5|5.5|2|8
43.5|90.03|1188|390|5.5|5.5|2|8
43.6|89.9|1271|390|5.5|5.5|2|8
43.7|89.88|1286|390|5.5|5.5|2|8
43.8|89.74|1314|390|5.5|5.5|2|8
43.9|89.74|1381|390|5.5|5.5|2|8
44|89.62|1325|391|5.5|5.5|2|8
44.1|89.56|1134|390|5.5|5.5|2|8
44.2|89.49|1191|390|5.5|5.5|2|8
44.3|89.39|1188|391|5.5|5.5|2|8
44.4|89.31|1214|391|5.5|5.5|2|8
44.5|89.19|1175|391|5.5|5.5|2|8
44.6|89.15|1183|390|5.5|5.5|2|8
44.7|89.07|1263|390|5.5|5.5|2|8
44.8|89.01|1165|390|5.5|5.5|2|8
44.9|88.87|1214|390|5.5|5.5|2|8
45|88.86|1209|391|5.5|5.5|2|8
45.1|88.72|1258|390|5.5|5.5|2|8
45.2|88.63|1299|390|5.5|5.5|2|8
45.3|88.59|1281|390|5.5|5.5|2|8
45.4|88.46|1227|390|5.5|5.5|2|8
45.5|88.37|1260|390|5.5|5.5|2|8
45.6|88.23|1201|390|5.5|5.5|2|8
45.7|88.19|1193|390|5.5|5.5|2|8
45.8|88.08|1188|391|5.5|5.5|2|8
45.9|88.03|1142|390|5.5|5.5|2|8
46|87.9|1296|390|5.5|5.5|2|8
46.1|87.78|1224|390|5.5|5.5|2|8
46.2|87.69|1242|390|5.5|5.5|2|8
46.3|87.54|1209|390|5.5|5.5|2|8
46.4|87.45|1152|390|5.5|5.5|2|8
46.5|87.44|1214|390|5.5|5.5|2|8
46.6|87.26|1224|390|5.5|5.5|2|8
46.7|87.15|1142|390|5.5|5.5|2|8
46.8|87.07|1278|390|5.5|5.5|2|8
46.9|86.95|1276|390|5.5|5.5|2|8
47|86.83|1302|390|5.5|5.5|2|8
47.1|86.71|1304|390|5.5|5.5|2|8
47.2|86.62|1366|391|5.5|5.5|2|8
47.3|86.51|1206|390|5.5|5.5|2|8
47.4|86.42|1240|390|5.5|5.5|2|8
47.5|86.27|1147|390|5.5|5.5|2|8
47.6|86.12|1152|390|5.5|5.5|2|8
47.7|86.04|1260|390|5.5|5.5|2|8
47.8|85.96|1180|390|5.5|5.5|2|8
47.9|85.72|1307|390|5.5|5.5|2|8
48|85.65|1332|390|5.5|5.5|2|8
48.1|85.57|1168|390|5.5|5.5|2|8
48.2|85.41|1149|390|5.5|5.5|2|8
48.3|85.45|1124|390|5.5|5.5|2|8
48.4|85.4|1428|390|5.5|5.5|2|8
48.5|85.22|1278|390|5.5|5.5|2|8
48.6|85.21|1124|390|5.5|5.5|2|8
48.7|85.18|1198|390|5.5|5.5|2|8
48.8|85.05|1129|390|5.5|5.5|2|8
48.9|84.99|1278|390|5.5|5.5|2|8
49|84.98|1186|390|5.5|5.5|2|8
49.1|84.85|1191|390|5.5|5.5|2|8
49.2|84.79|1191|390|5.5|5.5|2|8
49.3|84.6|1165|390|5.5|5.5|2|8
49.4|84.59|1165|390|5.5|5.5|2|8
49.5|84.48|1307|391|5.5|5.5|2|8
49.6|84.38|1451|391|5.5|5.5|2|8
49.7|84.38|1160|390|5.5|5.5|2|8
49.8|84.34|1126|390|5.5|5.5|2|8
49.9|84.23|1173|390|5.5|5.5|2|8
50|84.19|1191|390|5.5|5.5|2|8
50.1|84.12|1260|392|5.5|5.5|2|8
50.2|84.09|1157|392|5.5|5.5|2|8
50.3|83.97|1258|391|5.5|5.5|2|8
50.4|83.89|1144|392|5.5|5.5|2|8
50.5|83.88|1235|390|5.5|5.5|2|8
50.6|83.76|1222|390|5.5|5.5|2|8
50.7|83.64|1229|391|5.5|5.5|2|8
50.8|83.62|1196|390|5.5|5.5|2|8
50.9|83.53|1278|390|5.5|5.5|2|8
51|83.42|1201|390|5.5|5.5|2|8
51.1|83.32|1168|390|5.5|5.5|2|8
51.2|83.26|1139|391|5.5|5.5|2|8
51.3|83.15|1237|391|5.5|5.5|2|8
51.4|83.07|1299|391|5.5|5.5|2|8
51.5|82.93|1240|390|5.5|5.5|2|8
51.6|82.87|1155|390|5.5|5.5|2|8
51.7|82.75|1211|391|5.5|5.5|2|8
51.8|82.67|1446|390|5.5|5.5|2|8
51.9|82.52|1183|390|5.5|5.5|2|8
52|82.35|1265|390|5.5|5.5|2|8
52.1|82.27|1296|391|5.5|5.5|2|8
52.2|82.16|1286|390|5.5|5.5|2|8
52.3|82.04|1423|391|5.5|5.5|2|8
52.4|81.87|1492|390|5.5|5.5|2|8
52.5|81.7|1286|390|5.5|5.5|2|8
52.6|81.54|1271|390|5.5|5.5|2|8
52.7|81.44|1374|390|5.5|5.5|2|8
52.8|81.25|1206|390|5.5|5.5|2|8
52.9|81.11|1405|390|5.5|5.5|2|8
53|80.98|1358|390|5.5|5.5|2|8
53.1|80.82|1466|392|5.5|5.5|2|8
53.2|80.59|1361|391|5.5|5.5|2|8
53.3|80.43|1258|391|5.5|5.5|2|8
53.4|80.18|1353|391|5.5|5.5|6|8
53.5|78.71|1889|390|5.5|5.5|6|8
53.6|76.01|1956|390|5.5|5.5|6|8
53.7|73.24|46|390|5.5|5.5|7|8
53.8|71.14|0|389|5.5|5.5|7|8
53.9|70.18|0|388|5.5|5.5|7|8
54|69.73|0|388|5.5|5.5|7|8
54.1|69.53|0|388|5.5|5.5|7|8
54.2|69.44|0|388|5.5|5.5|7|8
54.3|69.45|0|388|5.5|5.5|7|8
54.4|69.35|0|388|5.5|5.5|7|8
54.5|69.33|0|388|5.5|5.5|7|8
54.6|69.28|0|388|5.5|5.5|7|8
54.7|69.3|0|388|5.5|5.5|7|8
54.8|69.33|0|388|5.5|5.5|7|8
54.9|69.35|0|388|5.5|5.5|7|8
55|69.4|0|388|5.5|5.5|7|8
55.1|69.35|0|388|5.5|5.5|7|8
55.2|69.33|0|388|5.5|5.5|7|8
55.3|69.28|0|388|5.5|5.5|7|8
55.4|69.32|0|388|5.5|5.5|7|8
55.5|69.33|0|388|5.5|5.5|7|8
55.6|69.35|0|388|5.5|5.5|7|8
55.7|69.4|0|388|5.5|5.5|7|8
55.8|69.33|0|388|5.5|5.5|7|8
55.9|69.33|0|388|5.5|5.5|7|8
56|69.35|0|388|5.5|5.5|7|8
56.1|69.32|0|388|5.5|5.5|7|8
56.2|69.32|0|388|5.5|5.5|7|8
56.3|69.26|0|388|5.5|5.5|7|8
56.4|69.28|0|388|5.5|5.5|7|8
56.5|69.29|0|388|5.5|5.5|7|8
56.6|69.3|0|388|5.5|5.5|7|8
56.7|69.35|0|388|5.5|5.5|7|8
56.8|69.39|0|388|5.5|5.5|7|8
56.9|69.33|0|388|5.5|5.5|7|8
57|69.32|0|388|5.5|5.5|7|8
57.1|69.32|0|388|5.5|5.5|7|8
57.2|69.3|0|388|5.5|5.5|7|8
57.3|69.26|0|388|5.5|5.5|7|8
57.4|69.3|0|388|5.5|5.5|7|8
57.5|69.32|0|388|5.5|5.5|7|8
57.6|69.35|0|388|5.5|5.5|7|8
57.7|69.33|0|388|5.5|5.5|7|8
57.8|69.35|0|388|5.5|5.5|7|8
57.9|69.3|0|388|5.5|5.5|7|8
58|69.3|0|388|5.5|5.5|7|8
58.1|69.26|0|388|5.5|5.5|7|8
58.2|69.29|0|388|5.5|5.5|7|8
58.3|69.3|0|388|5.5|5.5|7|8
58.4|69.32|0|388|5.5|5.5|7|8
58.5|69.37|0|388|5.5|5.5|7|8
58.6|69.32|0|388|5.5|5.5|7|8
58.7|69.32|0|388|5.5|5.5|7|8
58.8|69.3|0|388|5.5|5.5|7|8
58.9|69.3|0|388|5.5|5.5|7|8
59|69.3|0|388|5.5|5.5|7|8
59.1|69.32|0|388|5.5|5.5|7|8
59.2|69.32|0|388|5.5|5.5|7|8
59.3|69.32|0|388|5.5|5.5|7|8
59.4|69.3|0|388|5.5|5.5|7|8
59.5|69.32|0|388|5.5|5.5|7|8
59.6|69.3|0|388|5.5|5.5|7|8
59.7|69.3|0|388|5.5|5.5|7|8
59.8|69.3|0|388|5.5|5.5|7|8
59.9|69.3|0|388|5.5|5.5|7|8
60|69.3|0|388|5.5|5.5|7|8
60.1|69.3|0|388|5.5|5.5|7|8
60.2|69.3|0|388|5.5|5.5|7|8
60.3|69.3|0|388|5.5|5.5|7|8
60.4|69.3|0|388|5.5|5.5|7|8
60.5|69.3|0|388|5.5|5.5|7|8
60.6|69.32|0|388|5.5|5.5|7|8
60.7|69.3|0|388|5.5|5.5|7|8
60.8|69.3|0|388|5.5|5.5|7|8
60.9|69.29|0|388|5.5|5.5|7|8
61|69.28|0|388|5.5|5.5|7|8
61.1|69.25|0|388|5.5|5.5|7|8
61.2|69.28|0|388|5.5|5.5|7|8
61.3|69.28|0|388|5.5|5.5|7|8
61.4|69.3|0|388|5.5|5.5|7|8
61.5|69.35|0|388|5.5|5.5|7|8
61.6|69.32|0|388|5.5|5.5|7|8
61.7|69.3|0|388|5.5|5.5|7|8
61.8|69.3|0|388|5.5|5.5|7|8
61.9|69.29|0|388|5.5|5.5|7|8
62|69.29|0|388|5.5|5.5|7|8
62.1|69.29|0|388|5.5|5.5|7|8
62.2|69.26|0|388|5.5|5.5|7|8
62.3|69.28|0|388|5.5|5.5|7|8
62.4|69.28|0|388|5.5|5.5|7|8
62.5|69.28|0|388|5.5|5.5|7|8
62.6|69.29|0|388|5.5|5.5|7|8
62.7|69.35|0|388|5.5|5.5|7|8
62.8|69.32|0|388|5.5|5.5|7|8
62.9|69.3|0|388|5.5|5.5|7|8
63|69.3|0|388|5.5|5.5|7|8
63.1|69.32|0|388|5.5|5.5|7|8
63.2|69.3|0|388|5.5|5.5|7|8
63.3|69.3|0|388|5.5|5.5|7|8
63.4|69.29|0|388|5.5|5.5|7|8
63.5|69.3|0|388|5.5|5.5|7|8
63.6|69.3|0|388|5.5|5.5|7|8
63.7|69.3|0|388|5.5|5.5|7|8
63.8|69.3|0|388|5.5|5.5|7|8
63.9|69.3|0|389|5.5|5.5|7|8
64|69.29|0|396|5.5|5.5|7|8
64.1|69.3|0|399|5.5|5.5|7|8
64.2|69.29|0|400|5.5|5.5|7|8
64.3|69.29|0|400|5.5|5.5|7|8
64.4|69.26|0|400|5.5|5.5|7|8
64.5|69.28|0|400|5.5|5.5|7|8
64.6|69.29|0|400|5.5|5.5|7|8
64.7|69.29|0|400|5.5|5.5|7|8
64.8|69.28|0|400|5.5|5.5|7|8
64.9|69.28|0|400|5.5|5.5|7|8
65|69.28|0|400|5.5|5.5|7|8
65.1|69.28|0|400|5.5|5.5|7|8
65.2|69.25|0|400|5.5|5.5|7|8
65.3|69.28|0|400|5.5|5.5|7|8
65.4|69.32|0|400|5.5|5.5|7|8
65.5|69.32|0|400|5.5|5.5|7|8
65.6|69.3|0|400|5.5|5.5|7|8
65.7|69.29|0|400|5.5|5.5|7|8
65.8|69.29|0|400|5.5|5.5|7|8
65.9|69.29|0|400|5.5|5.5|7|8
66|69.3|0|400|5.5|5.5|7|8
66.1|69.28|0|400|5.5|5.5|7|8
66.2|69.29|0|400|5.5|5.5|7|8
66.3|69.28|0|400|5.5|5.5|7|8
66.4|69.28|0|400|5.5|5.5|7|8
66.5|69.28|0|400|5.5|5.5|7|8
66.6|69.29|0|400|5.5|5.5|7|8
66.7|69.28|0|400|5.5|5.5|8|8
66.8|69.28|0|400|5.5|5.5|8|8
66.9|69.28|0|400|5.5|5.5|8|8
67|69.3|0|400|5.5|5.5|8|8
67.1|69.13|0|400|5.5|5.5|8|8
67.2|69.21|0|400|5.4|5.4|8|8
67.3|69.22|0|400|5.4|5.4|8|8
67.4|69.24|0|400|5.4|5.4|8|8
67.5|69.22|0|401|5.4|5.4|8|8
67.6|69.24|0|401|5.4|5.4|8|8
67.7|69.26|0|401|5.3|5.3|8|8
67.8|69.26|0|401|5.3|5.3|8|8
67.9|69.22|0|401|5.3|5.3|8|8
68|69.24|0|401|5.3|5.3|8|8
68.1|69.24|0|401|5.2|5.2|8|8
68.2|69.25|0|401|5.2|5.2|8|8
68.3|69.25|0|401|5.2|5.2|8|8
68.4|69.25|0|401|5.2|5.2|8|8
68.5|69.25|0|401|5.2|5.2|8|8
68.6|69.25|0|401|5.2|5.2|8|8
68.7|69.9|0|401|5.2|5.2|8|8
68.8|72.79|0|401|5.2|5.2|8|8
68.9|75.79|0|401|5.2|5.2|8|8
69|78.75|0|401|5.2|5.2|8|8
69.1|81.73|0|401|5.2|5.2|8|8
69.2|84.66|0|401|5.2|5.2|8|8
69.3|87.54|0|401|5.2|5.2|8|8
69.4|90.43|0|401|5.2|5.2|8|8
69.5|93.31|0|401|5.2|5.2|8|8
69.6|94.94|0|401|5.2|5.2|8|8
69.7|95.63|0|401|5.2|5.2|8|8
