0|96.08|1363|411|5.2|5.2|1|8
0.1|96.04|1572|417|5.2|5.2|1|8
0.2|96.04|1588|420|5.2|5.2|1|8
0.3|96.06|1595|420|5.2|5.2|1|8
0.4|96.04|1603|420|5.2|5.2|1|8
0.5|96.06|1611|420|5.2|5.2|3|8
0.6|96.01|1619|420|5.2|5.2|3|8
0.7|96.02|1624|420|5.2|5.2|3|8
0.8|96.02|1629|421|5.2|5.2|3|8
0.9|96|1629|421|5.2|5.2|3|8
1|96.02|1629|421|5.2|5.2|3|8
1.1|95.97|1631|421|5.2|5.2|3|8
1.2|96.02|1629|421|5.2|5.2|3|8
1.3|96.01|1631|421|5.2|5.2|3|8
1.4|96|1626|421|5.2|5.2|3|8
1.5|96|1616|421|5.2|5.2|3|8
1.6|96|1613|421|5.2|5.2|3|8
1.7|95.98|1595|421|5.2|5.2|3|8
1.8|96|1577|421|5.2|5.2|3|8
1.9|96.06|1539|420|5.2|5.2|3|8
2|96.04|1147|420|5.2|5.2|2|8
2.1|95.81|1090|418|5.2|5.2|2|8
2.2|95.43|1093|418|5.2|5.2|2|8
2.3|95.06|1142|416|5.2|5.2|2|8
2.4|94.63|1198|417|5.2|5.2|2|8
2.5|94.06|1451|418|5.2|5.2|2|8
2.6|93.7|1683|420|5.2|5.2|3|8
2.7|93.55|1698|421|5.2|5.2|3|8
2.8|93.39|1704|422|5.2|5.2|3|8
2.9|93.3|1706|422|5.2|5.2|3|8
3|93.27|1709|422|5.2|5.2|3|8
3.1|93.29|1711|422|5.2|5.2|3|8
3.2|93.29|1711|422|5.2|5.2|3|8
3.3|93.29|1714|422|5.2|5.2|3|8
3.4|93.27|1714|422|5.2|5.2|3|8
3.5|93.27|1716|422|5.2|5.2|3|8
3.6|93.3|1716|422|5.2|5.2|3|8
3.7|93.29|1719|422|5.3|5.3|3|8
3.8|93.3|1719|422|5.3|5.3|3|8
3.9|93.3|1719|422|5.3|5.3|3|8
4|93.29|1722|422|5.3|5.3|3|8
4.1|93.26|1724|422|5.3|5.3|3|8
4.2|93.3|1722|422|5.3|5.3|3|8
4.3|93.29|1724|422|5.3|5.3|3|8
4.4|93.33|1727|422|5.3|5.3|3|8
4.5|93.26|1727|422|5.3|5.3|3|8
4.6|93.31|1727|422|5.3|5.3|4|8
4.7|93.57|1722|422|5.3|5.3|4|8
4.8|94|1701|422|5.3|5.3|4|8
4.9|94.53|1665|422|5.3|5.3|4|8
5|94.94|1070|420|5.3|5.3|5|8
5.1|95.12|1049|418|5.3|5.3|5|8
5.2|95.23|1046|418|5.3|5.3|5|8
5.3|95.3|1046|418|5.3|5.3|5|8
5.4|95.33|1044|418|5.3|5.3|5|8
5.5|95.35|1046|417|5.3|5.3|5|8
5.6|95.34|1044|417|5.3|5.3|5|8
5.7|95.33|1044|417|5.3|5.3|5|8
5.8|95.29|1044|417|5.3|5.3|5|8
5.9|95.31|1044|417|5.3|5.3|5|8
6|95.34|1044|417|5.3|5.3|5|8
6.1|95.33|1044|417|5.3|5.3|5|8
6.2|95.33|1044|417|5.3|5.3|5|8
6.3|95.33|1044|417|5.3|5.3|5|8
6.4|95.31|1044|417|5.3|5.3|5|8
6.5|95.33|1044|417|5.3|5.3|5|8
6.6|95.37|1044|417|5.3|5.3|5|8
6.7|95.34|1046|417|5.3|5.3|5|8
6.8|95.3|1046|417|5.3|5.3|5|8
6.9|95.33|1044|418|5.3|5.3|5|8
7|95.33|1046|418|5.3|5.3|2|8
7.1|95.18|1046|417|5.3|5.3|2|8
7.2|94.78|1046|418|5.3|5.3|2|8
7.3|94.33|1157|418|5.3|5.3|2|8
7.4|93.85|1291|418|5.3|5.3|2|8
7.5|93.38|1688|420|5.3|5.3|3|8
7.6|93.19|1724|422|5.3|5.3|3|8
7.7|92.98|1732|422|5.3|5.3|3|8
7.8|93.02|1735|422|5.3|5.3|3|8
7.9|93|1737|422|5.3|5.3|3|8
8|92.92|1742|418|5.3|5.3|3|8
8.1|92.95|1742|418|5.3|5.3|3|8
8.2|92.94|1745|418|5.3|5.3|3|8
8.3|92.94|1745|417|5.4|5.3|3|8
8.4|92.94|1745|417|5.4|5.4|3|8
8.5|92.94|1747|417|5.4|5.4|3|8
8.6|92.94|1747|417|5.4|5.4|3|8
8.7|92.91|1747|417|5.4|5.4|3|8
8.8|92.92|1750|417|5.4|5.4|3|8
8.9|92.94|1750|417|5.4|5.4|3|8
9|92.98|1750|418|5.4|5.4|3|8
9.1|92.95|1750|417|5.4|5.4|3|8
9.2|92.94|1753|417|5.4|5.4|3|8
9.3|92.95|1753|417|5.4|5.4|3|8
9.4|92.95|1753|417|5.4|5.4|3|8
9.5|92.91|1753|417|5.4|5.4|4|8
9.6|93.13|1750|417|5.4|5.4|4|8
9.7|93.53|1724|417|5.4|5.4|4|8
9.8|94.1|1647|417|5.4|5.4|4|8
9.9|94.53|1067|414|5.4|5.4|5|8
10|94.67|1054|413|5.4|5.4|5|8
10.1|94.76|1054|412|5.4|5.4|5|8
10.2|94.83|1054|412|5.4|5.4|5|8
10.3|94.87|1052|412|5.4|5.4|5|8
10.4|94.78|1052|412|5.4|5.4|5|8
10.5|94.86|1052|412|5.4|5.4|5|8
10.6|94.84|1052|412|5.4|5.4|5|8
10.7|94.78|1052|412|5.4|5.4|5|8
10.8|94.84|1052|412|5.4|5.4|5|8
10.9|94.86|1052|412|5.4|5.4|5|8
11|94.82|1059|404|5.4|5.4|5|8
11.1|94.79|1059|396|5.4|5.4|5|8
11.2|94.84|1059|394|5.4|5.4|5|8
11.3|94.8|1059|393|5.4|5.4|5|8
11.4|94.83|1059|392|5.4|5.4|5|8
11.5|94.84|1059|392|5.4|5.4|5|8
11.6|94.83|1059|392|5.4|5.4|5|8
11.7|94.78|1059|392|5.4|5.4|5|8
11.8|94.83|1059|392|5.4|5.4|5|8
11.9|94.83|1059|392|5.4|5.4|2|8
12|94.6|1062|392|5.4|5.4|2|8
12.1|94.21|1062|392|5.4|5.4|2|8
12.2|93.73|1363|393|5.4|5.4|2|8
12.3|93.27|1629|393|5.4|5.4|3|8
12.4|92.98|1742|393|5.4|5.4|3|8
12.5|92.83|1758|394|5.4|5.4|3|8
12.6|92.71|1763|394|5.4|5.4|3|8
12.7|92.75|1768|394|5.4|5.4|3|8
12.8|92.66|1771|394|5.4|5.4|3|8
12.9|92.64|1773|394|5.4|5.4|3|8
13|92.64|1776|394|5.4|5.4|3|8
13.1|92.74|1776|394|5.4|5.4|3|8
13.2|92.71|1776|394|5.4|5.4|3|8
13.3|92.72|1776|394|5.4|5.4|3|8
13.4|92.71|1776|394|5.4|5.4|3|8
13.5|92.71|1776|394|5.4|5.4|3|8
13.6|92.7|1778|394|5.4|5.4|3|8
13.7|92.66|1778|394|5.4|5.4|3|8
13.8|92.67|1778|394|5.4|5.4|3|8
13.9|92.64|1781|394|5.4|5.4|3|8
14|92.74|1781|394|5.4|5.4|3|8
14.1|92.72|1784|394|5.4|5.4|3|8
14.2|92.71|1784|394|5.4|5.4|3|8
14.3|92.71|1784|394|5.4|5.4|4|8
14.4|92.8|1781|394|5.4|5.4|4|8
14.5|93.13|1773|394|5.4|5.4|4|8
14.6|93.68|1709|394|5.4|5.4|4|8
14.7|94.16|1090|394|5.4|5.4|5|8
14.8|94.35|1075|393|5.4|5.4|5|8
14.9|94.27|1072|392|5.4|5.4|5|8
15|94.37|1070|392|5.4|5.4|5|8
15.1|94.43|1070|392|5.4|5.4|5|8
15.2|94.41|1070|392|5.4|5.4|5|8
15.3|94.41|1070|392|5.4|5.4|5|8
15.4|94.43|1070|392|5.4|5.4|5|8
15.5|94.43|1070|392|5.4|5.4|5|8
15.6|94.47|1070|392|5.4|5.4|5|8
15.7|94.45|1070|392|5.4|5.4|5|8
15.8|94.36|1070|392|5.4|5.4|5|8
15.9|94.4|1070|392|5.4|5.4|5|8
16|94.43|1070|392|5.4|5.4|5|8
16.1|94.47|1070|392|5.4|5.4|5|8
16.2|94.47|1070|392|5.4|5.4|5|8
16.3|94.39|1070|392|5.4|5.4|5|8
16.4|94.39|1070|392|5.4|5.4|5|8
16.5|94.43|1072|392|5.4|5.4|5|8
16.6|94.47|1070|392|5.4|5.4|5|8
16.7|94.41|1070|392|5.4|5.4|2|8
16.8|94.24|1070|392|5.4|5.4|2|8
16.9|93.85|1070|392|5.4|5.4|2|8
17|93.35|1369|394|5.4|5.4|2|8
17.1|92.91|1729|394|5.4|5.4|3|8
17.2|92.75|1765|394|5.4|5.4|3|8
17.3|92.7|1773|394|5.4|5.4|3|8
17.4|92.66|1776|394|5.4|5.4|3|8
17.5|92.63|1778|394|5.4|5.4|3|8
17.6|92.53|1781|394|5.4|5.4|3|8
17.7|92.58|1784|394|5.4|5.4|3|8
17.8|92.63|1784|394|5.4|5.4|3|8
17.9|92.62|1786|394|5.4|5.4|3|8
18|92.53|1789|394|5.4|5.4|3|8
18.1|92.58|1784|394|5.4|5.4|3|8
18.2|92.64|1784|394|5.4|5.4|3|8
18.3|92.58|1786|394|5.4|5.4|3|8
18.4|92.51|1786|394|5.4|5.4|3|8
18.5|92.6|1786|394|5.4|5.4|3|8
18.6|92.59|1786|394|5.4|5.4|3|8
18.7|92.52|1789|394|5.4|5.4|3|8
18.8|92.63|1789|394|5.4|5.4|3|8
18.9|92.56|1789|394|5.4|5.4|3|8
19|92.59|1791|394|5.4|5.4|3|8
19.1|92.59|1791|394|5.4|5.4|4|8
19.2|92.79|1786|394|5.4|5.4|4|8
19.3|93.25|1755|394|5.4|5.4|4|8
19.4|93.81|1466|394|5.4|5.4|4|8
19.5|94.21|1085|394|5.4|5.4|5|8
19.6|94.32|1077|393|5.4|5.4|5|8
19.7|94.29|1077|393|5.4|5.4|5|8
19.8|94.39|1075|392|5.4|5.4|5|8
19.9|94.45|1075|392|5.4|5.4|5|8
20|94.47|1072|392|5.4|5.4|5|8
20.1|94.41|1075|392|5.4|5.4|5|8
20.2|94.4|1075|392|5.4|5.4|5|8
20.3|94.39|1072|392|5.4|5.4|5|8
20.4|94.43|1072|392|5.4|5.4|5|8
20.5|94.41|1072|392|5.4|5.4|5|8
20.6|94.44|1072|392|5.4|5.4|5|8
20.7|94.48|1072|392|5.4|5.4|5|8
20.8|94.4|1072|392|5.4|5.4|5|8
20.9|94.39|1072|392|5.4|5.4|5|8
21|94.41|1072|392|5.4|5.4|5|8
21.1|94.44|1072|392|5.4|5.4|5|8
21.2|94.48|1072|392|5.4|5.4|5|8
21.3|94.4|1072|392|5.4|5.4|5|8
21.4|94.37|1072|393|5.4|5.4|5|8
21.5|94.37|1072|393|5.4|5.4|2|8
21.6|94.08|1072|393|5.4|5.4|2|8
21.7|93.64|1088|393|5.4|5.4|2|8
21.8|93.23|1438|394|5.4|5.4|2|8
21.9|92.83|1737|394|5.4|5.4|3|8
22|92.67|1771|394|5.4|5.4|3|8
22.1|92.66|1784|394|5.4|5.4|3|8
22.2|92.53|1789|394|5.4|5.4|3|8
22.3|92.49|1789|394|5.4|5.4|3|8
22.4|92.48|1791|394|5.4|5.4|3|8
22.5|92.47|1791|394|5.4|5.4|3|8
22.6|92.47|1794|394|5.4|5.4|3|8
22.7|92.48|1794|394|5.4|5.4|3|8
22.8|92.45|1794|394|5.4|5.4|3|8
22.9|92.49|1796|394|5.4|5.4|3|8
23|92.51|1796|394|5.4|5.4|3|8
23.1|92.51|1796|394|5.4|5.4|3|8
23.2|92.49|1799|394|5.4|5.4|3|8
23.3|92.43|1799|394|5.4|5.4|3|8
23.4|92.48|1799|394|5.4|5.4|3|8
23.5|92.49|1802|394|5.4|5.4|3|8
23.6|92.48|1802|394|5.4|5.4|3|8
23.7|92.48|1804|394|5.4|5.4|3|8
23.8|92.51|1804|394|5.4|5.4|3|8
23.9|92.48|1802|394|5.4|5.4|4|8
24|92.66|1799|394|5.4|5.4|4|8
24.1|93.21|1760|394|5.4|5.4|4|8
24.2|93.73|1119|394|5.4|5.4|5|8
24.3|93.94|1085|394|5.4|5.4|5|8
24.4|94.09|1082|394|5.4|5.4|5|8
24.5|94.09|1080|394|5.4|5.4|5|8
24.6|94.09|1080|394|5.4|5.4|5|8
24.7|94.12|1080|393|5.4|5.4|5|8
24.8|94.12|1077|393|5.4|5.4|5|8
24.9|94.19|1077|393|5.4|5.4|5|8
25|94.15|1077|393|5.4|5.4|5|8
25.1|94.16|1077|393|5.4|5.4|5|8
25.2|94.05|1075|393|5.4|5.4|5|8
25.3|94.12|1075|393|5.4|5.4|5|8
25.4|94.1|1075|393|5.4|5.4|5|8
25.5|94.09|1075|393|5.4|5.4|5|8
25.6|94.08|1075|393|5.4|5.4|5|8
25.7|94.16|1075|393|5.4|5.4|5|8
25.8|94.13|1075|393|5.4|5.4|5|8
25.9|94.13|1075|394|5.4|5.4|5|8
26|94.1|1075|394|5.4|5.4|5|8
26.1|94.08|1075|393|5.4|5.4|5|8
26.2|94.1|1075|393|5.4|5.4|2|8
26.3|93.96|1075|393|5.4|5.4|2|8
26.4|93.61|1075|393|5.4|5.4|2|8
26.5|93.15|1219|394|5.4|5.4|2|8
26.6|92.72|1732|394|5.4|5.4|3|8
26.7|92.45|1776|394|5.4|5.4|3|8
26.8|92.41|1791|394|5.4|5.4|3|8
26.9|92.35|1799|394|5.4|5.4|3|8
27|92.28|1802|394|5.4|5.4|3|8
27.1|92.2|1804|394|5.4|5.4|3|8
27.2|92.36|1807|394|5.4|5.4|3|8
27.3|92.28|1807|394|5.4|5.4|3|8
27.4|92.21|1807|394|5.4|5.4|3|8
27.5|92.36|1809|394|5.4|5.4|3|8
27.6|92.25|1812|395|5.4|5.4|3|8
27.7|92.25|1812|394|5.4|5.4|3|8
27.8|92.32|1812|394|5.4|5.4|3|8
27.9|92.29|1814|395|5.4|5.4|3|8
28|92.25|1814|395|5.4|5.4|3|8
28.1|92.25|1814|395|5.4|5.4|3|8
28.2|92.33|1814|395|5.4|5.4|3|8
28.3|92.29|1817|395|5.4|5.4|3|8
28.4|92.25|1817|395|5.4|5.4|3|8
28.5|92.25|1817|395|5.4|5.4|3|8
28.6|92.32|1817|395|5.4|5.4|4|8
28.7|92.44|1814|395|5.4|5.4|4|8
28.8|92.84|1781|395|5.4|5.4|4|8
28.9|93.38|1147|395|5.4|5.4|5|8
29|93.7|1088|394|5.4|5.4|5|8
29.1|93.8|1085|394|5.4|5.4|5|8
29.2|93.81|1085|394|5.4|5.4|5|8
29.3|93.82|1082|394|5.4|5.4|5|8
29.4|93.85|1080|394|5.4|5.4|5|8
29.5|93.82|1080|394|5.4|5.4|5|8
29.6|93.77|1080|394|5.4|5.4|5|8
29.7|93.82|1080|394|5.4|5.4|5|8
29.8|93.82|1080|394|5.4|5.4|5|8
29.9|93.81|1080|394|5.4|5.4|5|8
30|93.84|1077|394|5.4|5.4|5|8
30.1|93.89|1077|394|5.4|5.4|5|8
30.2|93.77|1077|394|5.4|5.4|5|8
30.3|93.82|1077|394|5.4|5.4|5|8
30.4|93.85|1077|394|5.4|5.4|5|8
30.5|93.8|1077|394|5.4|5.4|5|8
30.6|93.81|1077|394|5.4|5.4|5|8
30.7|93.81|1077|394|5.4|5.4|5|8
30.8|93.81|1077|394|5.4|5.4|5|8
30.9|93.72|1077|394|5.4|5.4|2|8
31|93.74|1077|393|5.4|5.4|2|8
31.1|93.34|1077|393|5.4|5.4|2|8
31.2|92.92|1173|394|5.4|5.4|2|8
31.3|92.45|1745|394|5.4|5.4|3|8
31.4|92.21|1794|394|5.4|5.4|3|8
31.5|92.12|1807|394|5.4|5.4|3|8
31.6|92.07|1814|394|5.4|5.4|3|8
31.7|92.07|1817|394|5.4|5.4|3|8
31.8|92.11|1820|394|5.4|5.4|3|8
31.9|92.04|1822|394|5.4|5.4|3|8
32|92|1822|394|5.4|5.4|3|8
32.1|92.05|1822|394|5.4|5.4|3|8
32.2|92.08|1825|394|5.4|5.4|3|8
32.3|92.02|1825|394|5.4|5.4|3|8
32.4|91.98|1825|394|5.4|5.4|3|8
32.5|92.04|1827|394|5.4|5.4|3|8
32.6|92.05|1827|394|5.4|5.4|3|8
32.7|92.04|1827|394|5.4|5.4|3|8
32.8|92.04|1830|394|5.4|5.4|3|8
32.9|91.98|1827|394|5.4|5.4|3|8
33|92.04|1830|394|5.4|5.4|3|8
33.1|92.08|1830|394|5.4|5.4|3|8
33.2|92.04|1830|394|5.4|5.4|3|8
33.3|92.01|1830|394|5.4|5.4|4|8
33.4|92.2|1827|394|5.4|5.4|4|8
33.5|92.58|1789|394|5.4|5.4|4|8
33.6|93.11|1119|394|5.4|5.4|5|8
33.7|93.34|1090|394|5.4|5.4|5|8
33.8|93.49|1088|394|5.4|5.4|5|8
33.9|93.5|1085|394|5.4|5.4|5|8
34|93.51|1085|394|5.4|5.4|5|8
34.1|93.53|1082|393|5.4|5.4|5|8
34.2|93.57|1082|394|5.4|5.4|5|8
34.3|93.5|1082|393|5.4|5.4|5|8
34.4|93.51|1082|393|5.4|5.4|5|8
34.5|93.53|1082|393|5.4|5.4|5|8
34.6|93.53|1082|394|5.4|5.4|5|8
34.7|93.5|1080|394|5.4|5.4|5|8
34.8|93.49|1080|393|5.4|5.4|5|8
34.9|93.51|1080|394|5.4|5.4|5|8
35|93.51|1080|394|5.4|5.4|5|8
35.1|93.5|1080|394|5.4|5.4|5|8
35.2|93.49|1080|394|5.4|5.4|5|8
35.3|93.51|1080|394|5.4|5.4|5|8
35.4|93.51|1080|394|5.4|5.4|5|8
35.5|93.51|1080|394|5.4|5.4|5|8
35.6|93.53|1077|394|5.4|5.4|2|8
35.7|93.38|1077|394|5.4|5.4|2|8
35.8|92.99|1077|394|5.4|5.4|2|8
35.9|92.59|1381|394|5.4|5.4|2|8
36|92.16|1778|394|5.4|5.4|3|8
36.1|91.98|1812|394|5.4|5.4|3|8
36.2|91.89|1822|394|5.4|5.4|3|8
36.3|91.86|1827|394|5.4|5.4|3|8
36.4|91.85|1830|394|5.4|5.4|3|8
36.5|91.85|1832|394|5.4|5.4|3|8
36.6|91.84|1832|394|5.4|5.4|3|8
36.7|91.82|1835|394|5.4|5.4|3|8
36.8|91.77|1835|394|5.4|5.4|3|8
36.9|91.82|1835|394|5.4|5.4|3|8
37|91.82|1835|394|5.4|5.4|3|8
37.1|91.86|1835|394|5.4|5.4|3|8
37.2|91.89|1835|394|5.4|5.4|3|8
37.3|91.85|1838|394|5.4|5.4|3|8
37.4|91.82|1838|394|5.4|5.4|3|8
37.5|91.84|1838|394|5.4|5.4|3|8
37.6|91.84|1838|394|5.4|5.4|3|8
37.7|91.84|1838|394|5.4|5.4|3|8
37.8|91.84|1838|394|5.4|5.4|3|8
37.9|91.84|1840|395|5.4|5.4|3|8
38|91.78|1838|394|5.4|5.4|4|8
38.1|92.07|1835|395|5.4|5.4|4|8
38.2|92.56|1588|396|5.4|5.4|4|8
38.3|92.9|1095|395|5.4|5.4|2|8
38.4|92.92|1085|394|5.4|5.4|2|8
38.5|93|1085|394|5.4|5.4|2|8
38.6|92.86|1082|394|5.4|5.4|2|8
38.7|92.88|1082|394|5.4|5.4|2|8
38.8|92.76|1082|394|5.4|5.4|2|8
38.9|92.71|1080|394|5.4|5.4|2|8
39|92.66|1080|394|5.4|5.4|2|8
39.1|92.66|1080|394|5.4|5.4|2|8
39.2|92.64|1080|394|5.4|5.4|2|8
39.3|92.44|1180|394|5.4|5.4|2|8
39.4|92.36|1080|394|5.4|5.4|2|8
39.5|92.36|1144|394|5.4|5.4|2|8
39.6|92.37|1271|395|5.4|5.4|2|8
39.7|92.2|1314|395|5.4|5.4|2|8
39.8|92.15|1518|396|5.4|5.4|2|8
39.9|92.05|1716|395|5.4|5.4|2|8
40|92.29|1704|395|5.4|5.4|2|8
40.1|92.36|1626|396|5.4|5.4|2|8
40.2|92.58|1095|395|5.4|5.4|2|8
40.3|92.62|1082|394|5.4|5.4|2|8
40.4|92.66|1080|394|5.4|5.4|2|8
40.5|92.58|1080|394|5.4|5.4|2|8
40.6|92.51|1080|394|5.4|5.4|2|8
40.7|92.32|1077|394|5.4|5.4|2|8
40.8|92.37|1077|394|5.4|5.4|2|8
40.9|92.39|1077|394|5.4|5.4|2|8
41|92.39|1124|394|5.4|5.4|2|8
41.1|92.2|1131|394|5.4|5.4|2|8
41.2|92.15|1278|394|5.4|5.4|2|8
41.3|92.09|1634|395|5.4|5.4|2|8
41.4|92.07|1678|396|5.4|5.4|2|8
41.5|92.28|1595|396|5.4|5.4|2|8
41.6|92.4|1111|396|5.4|5.4|2|8
41.7|92.6|1077|394|5.4|5.4|2|8
41.8|92.51|1077|394|5.4|5.4|2|8
41.9|92.32|1077|394|5.4|5.4|2|8
42|92.37|1072|394|5.4|5.4|2|8
42.1|92.39|1075|394|5.4|5.4|2|8
42.2|92.39|1077|394|5.4|5.4|2|8
42.3|92.2|1095|394|5.4|5.4|2|8
42.4|92.15|1088|394|5.4|5.4|2|8
42.5|92.11|1268|395|5.4|5.4|2|8
42.6|92.09|1152|394|5.4|5.4|2|8
42.7|91.97|1348|394|5.4|5.4|2|8
42.8|91.93|1314|395|5.4|5.4|2|8
42.9|91.85|1229|395|5.4|5.4|2|8
43|91.74|1330|395|5.4|5.4|2|8
43.1|91.7|1441|396|5.4|5.4|2|8
43.2|91.62|1448|396|5.4|5.4|2|8
43.3|91.62|1552|396|5.4|5.4|2|8
43.4|91.65|1085|395|5.4|5.4|2|8
43.5|91.7|1077|394|5.4|5.4|2|8
43.6|91.6|1077|394|5.4|5.4|2|8
43.7|91.53|1358|395|5.4|5.4|2|8
43.8|91.51|1428|395|5.4|5.4|2|8
43.9|91.53|1479|396|5.4|5.4|2|8
44|91.49|1428|396|5.4|5.4|2|8
44.1|91.39|1082|395|5.4|5.4|2|8
44.2|91.45|1077|394|5.4|5.4|2|8
44.3|91.46|1077|394|5.4|5.4|2|8
44.4|91.41|1381|394|5.4|5.4|2|8
44.5|91.34|1608|396|5.4|5.4|2|8
44.6|91.37|1412|396|5.4|5.4|2|8
44.7|91.46|1085|395|5.4|5.4|2|8
44.8|91.54|1077|394|5.4|5.4|2|8
44.9|91.47|1077|394|5.4|5.4|2|8
45|91.43|1077|394|5.4|5.4|2|8
45.1|91.34|1149|394|5.4|5.4|2|8
45.2|91.23|1474|395|5.4|5.4|2|8
45.3|91.3|1369|396|5.4|5.4|2|8
45.4|91.25|1402|396|5.4|5.4|2|8
45.5|91.03|1168|396|5.4|5.4|2|8
45.6|91.03|1173|396|5.4|5.4|2|8
45.7|91.03|1147|396|5.4|5.4|2|8
45.8|90.91|1335|396|5.4|5.4|2|8
45.9|90.87|1175|396|5.4|5.4|2|8
46|90.79|1178|396|5.4|5.4|2|8
46.1|90.7|1235|395|5.4|5.4|2|8
46.2|90.59|1108|396|5.4|5.4|2|8
46.3|90.56|1183|395|5.4|5.4|2|8
46.4|90.55|1227|396|5.4|5.4|2|8
46.5|90.43|1214|395|5.4|5.4|2|8
46.6|90.33|1209|395|5.4|5.4|2|8
46.7|90.35|1281|395|5.4|5.4|2|8
46.8|90.2|1188|396|5.4|5.4|2|8
46.9|90.15|1162|396|5.4|5.4|2|8
47|90|1113|396|5.4|5.4|2|8
47.1|90|1191|396|5.4|5.4|2|8
47.2|89.84|1222|396|5.4|5.4|2|8
47.3|89.78|1211|396|5.4|5.4|2|8
47.4|89.74|1211|396|5.4|5.4|2|8
47.5|89.7|1191|396|5.4|5.4|2|8
47.6|89.49|1116|396|5.4|5.4|2|8
47.7|89.53|1178|396|5.4|5.4|2|8
47.8|89.43|1183|396|5.4|5.4|2|8
47.9|89.27|1222|396|5.4|5.4|2|8
48|89.15|1121|396|5.4|5.4|2|8
48.1|89.11|1237|397|5.4|5.4|2|8
48.2|89.01|1216|396|5.4|5.4|2|8
48.3|88.87|1214|396|5.4|5.4|2|8
48.4|88.84|1149|396|5.4|5.4|2|8
48.5|88.72|1149|396|5.4|5.4|2|8
48.6|88.58|1294|396|5.4|5.4|2|8
48.7|88.54|1204|396|5.4|5.4|2|8
48.8|88.37|1284|396|5.4|5.4|2|8
48.9|88.24|1232|396|5.4|5.4|2|8
49|88.21|1219|396|5.4|5.4|2|8
49.1|88.07|1155|396|5.4|5.4|2|8
49.2|87.96|1271|396|5.4|5.4|2|8
49.3|87.88|1247|395|5.4|5.4|2|8
49.4|87.65|1201|395|5.4|5.4|2|8
49.5|87.53|1165|396|5.4|5.4|2|8
49.6|87.41|1235|395|5.4|5.4|2|8
49.7|87.38|1193|396|5.4|5.4|2|8
49.8|87.22|1219|395|5.4|5.4|2|8
49.9|87.06|1314|396|5.4|5.4|2|8
50|86.99|1222|396|5.4|5.4|2|8
50.1|86.87|1376|396|5.4|5.4|2|8
50.2|86.66|1302|396|5.4|5.4|2|8
50.3|86.6|1237|396|5.4|5.4|2|8
50.4|86.43|1247|396|5.4|5.4|2|8
50.5|86.25|1258|396|5.4|5.4|2|8
50.6|86.13|1320|396|5.4|5.4|2|8
50.7|86.04|1345|396|5.4|5.4|2|8
50.8|85.91|1289|396|5.4|5.4|2|8
50.9|85.73|1330|396|5.4|5.4|2|8
51|85.56|1183|396|5.4|5.4|2|8
51.1|85.4|1180|396|5.4|5.4|2|8
51.2|85.23|1255|396|5.4|5.4|2|8
51.3|85.05|1430|396|5.4|5.4|2|8
51.4|84.95|1232|396|5.4|5.4|2|8
51.5|84.8|1265|396|5.4|5.4|2|8
51.6|84.54|1258|396|5.4|5.4|2|8
51.7|84.36|1119|396|5.4|5.4|2|8
51.8|84.27|1222|396|5.4|5.4|2|8
51.9|84.07|1304|396|5.4|5.4|2|8
52|83.91|1376|396|5.4|5.4|2|8
52.1|83.65|1299|396|5.4|5.4|2|8
52.2|83.49|1281|396|5.4|5.4|2|8
52.3|83.28|1348|396|5.4|5.4|2|8
52.4|83.09|1418|396|5.4|5.4|2|8
52.5|82.82|1448|396|5.4|5.4|6|8
52.6|81.02|1874|396|5.4|5.4|6|8
52.7|78.26|941|396|5.4|5.4|6|8
52.8|75.22|0|394|5.4|5.4|7|8
52.9|73.36|0|392|5.4|5.4|7|8
53|72.63|0|392|5.4|5.4|7|8
53.1|72.4|0|392|5.4|5.4|7|8
53.2|72.22|0|392|5.4|5.4|7|8
53.3|72.16|0|392|5.4|5.4|7|8
53.4|72.16|0|392|5.4|5.4|7|8
53.5|72.23|0|392|5.4|5.4|7|8
53.6|72.07|0|392|5.4|5.4|7|8
53.7|72.07|0|392|5.4|5.4|7|8
53.8|72.06|0|392|5.4|5.4|7|8
53.9|72.07|0|392|5.4|5.4|7|8
54|72.12|0|392|5.4|5.4|7|8
54.1|72.14|0|392|5.4|5.4|7|8
54.2|72.18|0|392|5.4|5.4|7|8
54.3|72.18|0|392|5.4|5.4|7|8
54.4|72.11|0|392|5.4|5.4|7|8
54.5|72.03|0|392|5.4|5.4|7|8
54.6|72.06|0|392|5.4|5.4|7|8
54.7|72.04|0|392|5.4|5.4|7|8
54.8|72.07|0|392|5.4|5.4|7|8
54.9|72.1|0|392|5.4|5.4|7|8
55|72.14|0|392|5.4|5.4|7|8
55.1|72.14|0|393|5.4|5.4|7|8
55.2|72.19|0|393|5.4|5.4|7|8
55.3|72.06|0|393|5.4|5.4|7|8
55.4|72.07|0|392|5.4|5.4|7|8
55.5|72.06|0|392|5.4|5.4|7|8
55.6|72.07|0|393|5.4|5.4|7|8
55.7|72.06|0|393|5.4|5.4|7|8
55.8|72.1|0|393|5.4|5.4|7|8
55.9|72.11|0|393|5.4|5.4|7|8
56|72.15|0|393|5.4|5.4|7|8
56.1|72.15|0|393|5.4|5.4|7|8
56.2|72.14|0|393|5.4|5.4|7|8
56.3|72.02|0|393|5.4|5.4|7|8
56.4|72.06|0|393|5.4|5.4|7|8
56.5|72.04|0|393|5.4|5.4|7|8
56.6|72.07|0|393|5.4|5.4|7|8
56.7|72.1|0|393|5.4|5.4|7|8
56.8|72.12|0|393|5.4|5.4|7|8
56.9|72.18|0|393|5.4|5.4|7|8
57|72.06|0|393|5.4|5.4|7|8
57.1|72.03|0|393|5.4|5.4|7|8
57.2|72.04|0|393|5.4|5.4|7|8
57.3|72.04|0|393|5.4|5.4|7|8
57.4|72.07|0|393|5.4|5.4|7|8
57.5|72.1|0|393|5.4|5.4|7|8
57.6|72.11|0|393|5.4|5.4|7|8
57.7|72.18|0|393|5.4|5.4|7|8
57.8|72.04|0|393|5.4|5.4|7|8
57.9|72.03|0|393|5.4|5.4|7|8
58|72.06|0|393|5.4|5.4|7|8
58.1|72.03|0|393|5.4|5.4|7|8
58.2|72.07|0|393|5.4|5.4|7|8
58.3|72.08|0|393|5.4|5.4|7|8
58.4|72.14|0|393|5.4|5.4|7|8
58.5|72.12|0|392|5.4|5.4|7|8
58.6|72.12|0|393|5.4|5.4|7|8
58.7|72|0|393|5.4|5.4|7|8
58.8|72.06|0|392|5.4|5.4|7|8
58.9|72.06|0|393|5.4|5.4|7|8
59|72.04|0|393|5.4|5.4|7|8
59.1|72.08|0|393|5.4|5.4|7|8
59.2|72.11|0|392|5.4|5.4|7|8
59.3|72.14|0|393|5.4|5.4|7|8
59.4|72.1|0|393|5.4|5.4|7|8
59.5|72|0|393|5.4|5.4|7|8
59.6|72.07|0|393|5.4|5.4|7|8
59.7|72.04|0|393|5.4|5.4|7|8
59.8|72.04|0|393|5.4|5.4|7|8
59.9|72.04|0|393|5.4|5.4|7|8
60|72.08|0|393|5.4|5.4|7|8
60.1|72.12|0|393|5.4|5.4|7|8
60.2|72.12|0|393|5.4|5.4|7|8
60.3|72.15|0|393|5.4|5.4|7|8
60.4|72|0|393|5.4|5.4|7|8
60.5|72.06|0|393|5.4|5.4|7|8
60.6|72.07|0|393|5.4|5.4|7|8
60.7|72.12|0|392|5.4|5.4|7|8
60.8|72.08|0|392|5.4|5.4|7|8
60.9|72|0|392|5.4|5.4|7|8
61|72.07|0|392|5.4|5.4|7|8
61.1|72.08|0|392|5.4|5.4|7|8
61.2|72.14|0|393|5.4|5.4|7|8
61.3|72.06|0|393|5.4|5.4|7|8
61.4|72.02|0|393|5.4|5.4|7|8
61.5|72.07|0|392|5.4|5.4|7|8
61.6|72.11|0|392|5.4|5.4|7|8
61.7|72.07|0|393|5.4|5.4|7|8
61.8|72|0|392|5.4|5.4|7|8
61.9|72.06|0|393|5.4|5.4|7|8
62|72.07|0|392|5.4|5.4|7|8
62.1|72.07|0|392|5.4|5.4|7|8
62.2|72.1|0|392|5.4|5.4|7|8
62.3|72.1|0|392|5.4|5.4|7|8
62.4|72.03|0|392|5.4|5.4|7|8
62.5|72.04|0|392|5.4|5.4|7|8
62.6|72.06|0|392|5.4|5.4|7|8
62.7|72.07|0|392|5.4|5.4|7|8
62.8|72.07|0|392|5.4|5.4|7|8
62.9|72.15|0|392|5.4|5.4|7|8
63|72.04|0|405|5.4|5.4|7|8
63.1|72.02|0|412|5.4|5.4|7|8
63.2|72.07|0|415|5.4|5.4|7|8
63.3|72.1|0|416|5.4|5.4|7|8
63.4|72.11|0|417|5.4|5.4|7|8
63.5|72.06|0|417|5.4|5.4|7|8
63.6|72.02|0|417|5.4|5.4|7|8
63.7|72.06|0|417|5.4|5.4|7|8
63.8|72.11|0|416|5.4|5.4|7|8
63.9|72.08|0|416|5.4|5.4|7|8
64|72.06|0|416|5.4|5.4|7|8
64.1|72.02|0|416|5.4|5.4|7|8
64.2|72.06|0|417|5.4|5.4|7|8
64.3|72.07|0|417|5.4|5.4|7|8
64.4|72.08|0|416|5.4|5.4|7|8
64.5|72.12|0|416|5.4|5.4|7|8
64.6|72.04|0|416|5.4|5.4|7|8
64.7|72.02|0|416|5.4|5.4|7|8
64.8|72.06|0|416|5.4|5.4|7|8
64.9|72.07|0|416|5.4|5.4|7|8
65|72.12|0|416|5.4|5.4|7|8
65.1|72.06|0|416|5.4|5.4|7|8
65.2|72.04|0|416|5.4|5.4|7|8
65.3|72.02|0|416|5.4|5.4|7|8
65.4|72.04|0|416|5.4|5.4|7|8
65.5|72.07|0|416|5.4|5.4|7|8
65.6|72.12|0|416|5.4|5.4|7|8
65.7|72.06|0|416|5.4|5.4|7|8
65.8|72|0|416|5.4|5.4|8|8
65.9|72.02|0|416|5.4|5.4|8|8
66|72.06|0|416|5.4|5.4|8|8
66.1|72.04|0|416|5.4|5.4|8|8
66.2|72|0|416|5.4|5.4|8|8
66.3|71.98|0|416|5.4|5.4|8|8
66.4|71.99|0|416|5.4|5.4|8|8
66.5|71.98|0|416|5.4|5.4|8|8
66.6|71.99|0|416|5.4|5.4|8|8
66.7|71.96|0|416|5.4|5.4|8|8
66.8|72.03|0|416|5.3|5.3|8|8
66.9|72.04|0|416|5.3|5.3|8|8
67|72.04|0|416|5.3|5.3|8|8
67.1|72.03|0|416|5.3|5.3|8|8
67.2|72.02|0|416|5.3|5.3|8|8
67.3|72.03|0|416|5.3|5.3|8|8
67.4|72.03|0|416|5.3|5.3|8|8
67.5|72.03|0|416|5.3|5.3|8|8
67.6|72.03|0|416|5.3|5.3|8|8
67.7|72.03|0|416|5.3|5.3|8|8
67.8|73.3|0|416|5.3|5.2|8|8
67.9|76.4|0|416|5.2|5.2|8|8
68|79.4|0|416|5.2|5.2|8|8
68.1|82.47|0|416|5.2|5.2|8|8
68.2|85.42|0|416|5.2|5.2|8|8
68.3|88.36|0|416|5.2|5.2|8|8
68.4|91.33|0|416|5.2|5.2|8|8
68.5|94.04|0|416|5.2|5.2|8|8
68.6|95.25|0|416|5.2|5.2|8|8
68.7|95.78|0|416|5.2|5.2|8|8
