0|96.13|1191|390|3.3|3.3|1|8
0.1|96.05|1021|392|3.3|3.3|1|8
0.2|96.01|1015|393|3.3|3.3|1|8
0.3|96.08|1015|393|3.3|3.3|1|8
0.4|96.05|1018|393|3.3|3.3|1|8
0.5|96.08|1018|393|3.3|3.3|2|8
0.6|95.8|1131|394|3.3|3.3|2|8
0.7|95.45|1582|394|3.3|3.3|3|8
0.8|95.11|1673|395|3.3|3.3|3|8
0.9|95.08|1693|396|3.3|3.3|3|8
1|94.95|1704|396|3.3|3.3|3|8
1.1|94.78|1714|396|3.3|3.3|3|8
1.2|94.76|1716|396|3.4|3.4|3|8
1.3|94.82|1719|396|3.4|3.4|3|8
1.4|94.76|1724|396|3.4|3.4|3|8
1.5|94.82|1727|396|3.4|3.4|3|8
1.6|94.76|1729|395|3.4|3.4|3|8
1.7|94.79|1735|395|3.4|3.4|3|8
1.8|94.8|1737|396|3.4|3.4|3|8
1.9|94.8|1740|395|3.4|3.4|3|8
2|94.76|1745|395|3.4|3.4|3|8
2.1|94.78|1747|395|3.4|3.4|3|8
2.2|94.79|1747|395|3.4|3.4|3|8
2.3|94.78|1747|395|3.4|3.4|3|8
2.4|94.8|1750|395|3.4|3.5|3|8
2.5|94.78|1753|396|3.5|3.5|3|8
2.6|94.79|1755|396|3.5|3.5|3|8
2.7|94.78|1758|395|3.5|3.5|4|8
2.8|94.9|1758|395|3.5|3.5|4|8
2.9|95.04|1755|396|3.5|3.5|4|8
3|95.46|1704|396|3.5|3.5|4|8
3.1|96|1126|395|3.5|3.5|5|8
3.2|96.28|1046|394|3.5|3.5|5|8
3.3|96.41|1044|393|3.5|3.5|5|8
3.4|96.53|1044|392|3.5|3.5|5|8
3.5|96.57|1044|392|3.5|3.5|5|8
3.6|96.57|1044|392|3.5|3.5|5|8
3.7|96.57|1044|393|3.5|3.5|5|8
3.8|96.57|1044|392|3.6|3.6|5|8
3.9|96.59|1044|392|3.6|3.6|5|8
4|96.6|1044|393|3.6|3.6|5|8
4.1|96.65|1041|392|3.6|3.6|5|8
4.2|96.6|1041|392|3.6|3.6|5|8
4.3|96.57|1041|392|3.6|3.6|5|8
4.4|96.56|1041|392|3.6|3.6|5|8
4.5|96.56|1041|392|3.6|3.6|5|8
4.6|96.57|1041|392|3.6|3.6|5|8
4.7|96.57|1041|392|3.6|3.6|5|8
4.8|96.57|1041|392|3.6|3.6|5|8
4.9|96.59|1041|392|3.6|3.6|5|8
5|96.6|1044|392|3.6|3.6|5|8
5.1|96.65|1044|392|3.6|3.6|2|8
5.2|96.49|1044|392|3.6|3.6|2|8
5.3|96.19|1044|392|3.6|3.6|2|8
5.4|95.77|1062|392|3.6|3.6|2|8
5.5|95.31|1268|393|3.6|3.6|2|8
5.6|94.96|1716|394|3.7|3.7|3|8
5.7|94.7|1750|394|3.7|3.7|3|8
5.8|94.64|1765|395|3.7|3.7|3|8
5.9|94.49|1773|395|3.7|3.7|3|8
6|94.44|1778|395|3.7|3.7|3|8
6.1|94.48|1781|395|3.7|3.7|3|8
6.2|94.44|1786|396|3.7|3.7|3|8
6.3|94.41|1786|395|3.7|3.7|3|8
6.4|94.41|1789|395|3.7|3.7|3|8
6.5|94.41|1791|395|3.7|3.7|3|8
6.6|94.41|1791|395|3.7|3.7|3|8
6.7|94.4|1794|395|3.7|3.7|3|8
6.8|94.45|1796|395|3.8|3.8|3|8
6.9|94.41|1796|395|3.8|3.8|3|8
7|94.41|1799|395|3.8|3.8|3|8
7.1|94.41|1802|395|3.8|3.8|3|8
7.2|94.41|1802|395|3.8|3.8|3|8
7.3|94.43|1804|395|3.8|3.8|3|8
7.4|94.4|1804|395|3.8|3.8|3|8
7.5|94.37|1807|395|3.8|3.8|3|8
7.6|94.37|1807|395|3.8|3.8|4|8
7.7|94.56|1804|395|3.8|3.8|4|8
7.8|94.83|1786|395|3.8|3.8|4|8
7.9|95.34|1425|395|3.8|3.8|4|8
8|95.72|1064|394|3.8|3.8|5|8
8.1|95.98|1059|392|3.8|3.9|5|8
8.2|96.06|1057|392|3.9|3.9|5|8
8.3|96.08|1057|392|3.9|3.9|5|8
8.4|96.05|1057|392|3.9|3.9|5|8
8.5|96.08|1057|392|3.9|3.9|5|8
8.6|96.12|1054|392|3.9|3.9|5|8
8.7|96.14|1057|392|3.9|3.9|5|8
8.8|96.17|1057|392|3.9|3.9|5|8
8.9|96.13|1057|392|3.9|3.9|5|8
9|96.12|1057|392|3.9|3.9|5|8
9.1|96.12|1057|392|3.9|3.9|5|8
9.2|96.12|1057|392|3.9|3.9|5|8
9.3|96.12|1057|392|3.9|3.9|5|8
9.4|96.13|1057|392|3.9|3.9|5|8
9.5|96.14|1057|392|3.9|3.9|5|8
9.6|96.14|1057|392|4|4|5|8
9.7|96.19|1057|392|4|4|5|8
9.8|96.1|1057|392|4|4|5|8
9.9|96.1|1057|392|4|4|5|8
10|96.14|1057|392|4|4|2|8
10.1|95.86|1059|392|4|4|2|8
10.2|95.47|1059|392|4|4|2|8
10.3|95.07|1229|393|4|4|2|8
10.4|94.67|1740|394|4|4|3|8
10.5|94.49|1784|394|4|4|3|8
10.6|94.4|1799|390|4|4|3|8
10.7|94.28|1812|389|4|4|3|8
10.8|94.16|1814|388|4|4|3|8
10.9|94.15|1820|388|4|4|3|8
11|94.15|1822|388|4|4|3|8
11.1|94.15|1825|388|4|4|3|8
11.2|94.16|1825|388|4|4|3|8
11.3|94.16|1825|388|4.1|4.1|3|8
11.4|94.17|1827|388|4.1|4.1|3|8
11.5|94.12|1830|388|4.1|4.1|3|8
11.6|94.15|1832|388|4.1|4.1|3|8
11.7|94.15|1832|388|4.1|4.1|3|8
11.8|94.17|1832|388|4.1|4.1|3|8
11.9|94.16|1835|388|4.1|4.1|3|8
12|94.13|1835|388|4.1|4.1|3|8
12.1|94.16|1838|388|4.1|4.1|3|8
12.2|94.15|1838|388|4.1|4.1|3|8
12.3|94.13|1838|388|4.1|4.1|3|8
12.4|94.21|1838|388|4.1|4.1|4|8
12.5|94.27|1838|388|4.1|4.1|4|8
12.6|94.63|1822|388|4.1|4.1|4|8
12.7|95.04|1675|388|4.1|4.1|4|8
12.8|95.53|1085|388|4.2|4.2|5|8
12.9|95.74|1072|387|4.2|4.2|5|8
13|95.84|1072|387|4.2|4.2|5|8
13.1|95.96|1072|387|4.2|4.2|5|8
13.2|96.05|1072|387|4.2|4.2|5|8
13.3|95.97|1072|387|4.2|4.2|5|8
13.4|95.92|1072|387|4.2|4.2|5|8
13.5|96.01|1072|387|4.2|4.2|5|8
13.6|96.06|1072|387|4.2|4.2|5|8
13.7|95.96|1072|387|4.2|4.2|5|8
13.8|95.93|1072|387|4.2|4.2|5|8
13.9|96|1072|387|4.2|4.2|5|8
14|96.06|1070|387|4.2|4.2|5|8
14.1|95.96|1070|387|4.3|4.2|5|8
14.2|95.93|1070|387|4.3|4.3|5|8
14.3|95.98|1072|387|4.3|4.3|5|8
14.4|96.05|1072|387|4.3|4.3|5|8
14.5|95.97|1072|387|4.3|4.3|5|8
14.6|95.92|1070|387|4.3|4.3|5|8
14.7|95.97|1072|388|4.3|4.3|5|8
14.8|96.02|1072|387|4.3|4.3|2|8
14.9|95.8|1072|387|4.3|4.3|2|8
15|95.38|1072|388|4.3|4.3|2|8
15.1|94.99|1106|388|4.3|4.3|2|8
15.2|94.57|1732|388|4.3|4.3|3|8
15.3|94.39|1804|388|4.3|4.3|3|8
15.4|94.2|1825|388|4.3|4.3|3|8
15.5|94.04|1835|388|4.3|4.3|3|8
15.6|93.96|1840|388|4.3|4.3|3|8
15.7|93.92|1843|388|4.4|4.3|3|8
15.8|93.98|1848|389|4.4|4.4|3|8
15.9|93.96|1851|389|4.4|4.4|3|8
16|93.94|1851|389|4.4|4.4|3|8
16.1|93.98|1851|389|4.4|4.4|3|8
16.2|93.97|1853|388|4.4|4.4|3|8
16.3|93.96|1853|388|4.4|4.4|3|8
16.4|93.96|1853|388|4.4|4.4|3|8
16.5|93.96|1853|388|4.4|4.4|3|8
16.6|94|1856|389|4.4|4.4|3|8
16.7|93.98|1856|389|4.4|4.4|3|8
16.8|93.94|1856|389|4.4|4.4|3|8
16.9|93.92|1856|389|4.4|4.4|3|8
17|93.93|1858|389|4.4|4.4|3|8
17.1|93.92|1858|389|4.4|4.4|3|8
17.2|93.94|1858|389|4.4|4.4|4|8
17.3|94.08|1858|389|4.4|4.4|4|8
17.4|94.28|1851|389|4.4|4.4|4|8
17.5|94.68|1812|389|4.5|4.4|4|8
17.6|95.23|1139|390|4.5|4.5|5|8
17.7|95.57|1082|388|4.5|4.5|5|8
17.8|95.7|1080|388|4.5|4.5|5|8
17.9|95.72|1080|388|4.5|4.5|5|8
18|95.8|1080|388|4.5|4.5|5|8
18.1|95.84|1080|388|4.5|4.5|5|8
18.2|95.86|1080|388|4.5|4.5|5|8
18.3|95.86|1077|388|4.5|4.5|5|8
18.4|95.8|1077|388|4.5|4.5|5|8
18.5|95.78|1077|388|4.5|4.5|5|8
18.6|95.82|1077|388|4.5|4.5|5|8
18.7|95.84|1077|388|4.5|4.5|5|8
18.8|95.85|1077|388|4.5|4.5|5|8
18.9|95.89|1077|388|4.5|4.5|5|8
19|95.8|1077|388|4.6|4.6|5|8
19.1|95.78|1077|388|4.6|4.6|5|8
19.2|95.81|1077|388|4.6|4.6|5|8
19.3|95.82|1077|388|4.6|4.6|5|8
19.4|95.85|1077|388|4.6|4.6|5|8
19.5|95.88|1077|388|4.6|4.6|5|8
19.6|95.8|1077|388|4.6|4.6|2|8
19.7|95.77|1077|388|4.6|4.6|2|8
19.8|95.38|1077|388|4.6|4.6|2|8
19.9|94.98|1077|388|4.6|4.6|2|8
20|94.57|1683|388|4.6|4.6|3|8
20.1|94.27|1804|388|4.6|4.6|3|8
20.2|94.08|1832|388|4.6|4.6|3|8
20.3|93.97|1843|388|4.6|4.6|3|8
20.4|93.92|1848|389|4.6|4.6|3|8
20.5|93.92|1856|389|4.6|4.6|3|8
20.6|93.89|1858|389|4.6|4.6|3|8
20.7|93.9|1861|389|4.6|4.6|3|8
20.8|93.89|1863|389|4.7|4.7|3|8
20.9|93.89|1863|389|4.7|4.7|3|8
21|93.85|1866|389|4.7|4.7|3|8
21.1|93.89|1866|389|4.7|4.7|3|8
21.2|93.9|1866|389|4.7|4.7|3|8
21.3|93.89|1866|389|4.7|4.7|3|8
21.4|93.9|1866|388|4.7|4.7|3|8
21.5|93.89|1869|389|4.7|4.7|3|8
21.6|93.9|1869|389|4.7|4.7|3|8
21.7|93.89|1869|389|4.7|4.7|3|8
21.8|93.85|1869|389|4.7|4.7|3|8
21.9|93.89|1869|389|4.7|4.7|3|8
22|93.89|1869|389|4.7|4.7|4|8
22.1|93.98|1871|389|4.7|4.7|4|8
22.2|94.24|1866|389|4.7|4.7|4|8
22.3|94.56|1840|389|4.7|4.8|4|8
22.4|95.07|1232|390|4.8|4.8|5|8
22.5|95.45|1090|390|4.8|4.8|5|8
22.6|95.63|1088|389|4.8|4.8|5|8
22.7|95.7|1085|389|4.8|4.8|5|8
22.8|95.73|1085|389|4.8|4.8|5|8
22.9|95.73|1085|388|4.8|4.8|5|8
23|95.78|1082|388|4.8|4.8|5|8
23.1|95.8|1082|388|4.8|4.8|5|8
23.2|95.8|1082|388|4.8|4.8|5|8
23.3|95.8|1082|388|4.8|4.8|5|8
23.4|95.78|1082|388|4.8|4.8|5|8
23.5|95.76|1082|388|4.8|4.8|5|8
23.6|95.72|1082|388|4.8|4.8|5|8
23.7|95.78|1082|388|4.8|4.8|5|8
23.8|95.81|1080|388|4.8|4.8|5|8
23.9|95.78|1080|388|4.8|4.8|5|8
24|95.8|1080|388|4.8|4.8|5|8
24.1|95.78|1080|388|4.8|4.8|5|8
24.2|95.78|1080|388|4.8|4.8|5|8
24.3|95.8|1080|388|4.8|4.8|5|8
24.4|95.78|1080|388|4.8|4.8|2|8
24.5|95.74|1080|388|4.8|4.8|2|8
24.6|95.37|1080|388|4.8|4.8|2|8
24.7|95|1080|388|4.8|4.8|2|8
24.8|94.57|1582|389|4.8|4.8|3|8
24.9|94.27|1814|389|4.8|4.8|3|8
25|94.06|1843|389|4.8|4.8|3|8
25.1|93.93|1853|389|4.8|4.8|3|8
25.2|93.9|1858|389|4.9|4.8|3|8
25.3|93.88|1863|389|4.9|4.9|3|8
25.4|93.84|1866|389|4.9|4.9|3|8
25.5|93.89|1869|389|4.9|4.9|3|8
25.6|93.88|1871|389|4.9|4.9|3|8
25.7|93.89|1874|389|4.9|4.9|3|8
25.8|93.88|1876|389|4.9|4.9|3|8
25.9|93.89|1876|389|4.9|4.9|3|8
26|93.88|1876|389|4.9|4.9|3|8
26.1|93.85|1876|389|4.9|4.9|3|8
26.2|93.86|1879|389|4.9|4.9|3|8
26.3|93.89|1879|389|4.9|4.9|3|8
26.4|93.88|1881|389|4.9|4.9|3|8
26.5|93.89|1881|389|4.9|4.9|3|8
26.6|93.88|1881|389|4.9|4.9|3|8
26.7|93.88|1884|389|4.9|4.9|3|8
26.8|93.89|1884|389|4.9|4.9|4|8
26.9|93.89|1884|389|4.9|4.9|4|8
27|94.19|1881|389|4.9|4.9|4|8
27.1|94.56|1856|390|4.9|4.9|4|8
27.2|95.04|1485|390|4.9|4.9|4|8
27.3|95.47|1098|390|4.9|4.9|5|8
27.4|95.69|1090|389|4.9|4.9|5|8
27.5|95.73|1090|389|4.9|4.9|5|8
27.6|95.76|1088|389|4.9|4.9|5|8
27.7|95.81|1088|388|4.9|4.9|5|8
27.8|95.82|1088|388|4.9|4.9|5|8
27.9|95.82|1085|388|4.9|4.9|5|8
28|95.82|1085|388|4.9|4.9|5|8
28.1|95.82|1085|388|4.9|4.9|5|8
28.2|95.82|1085|388|4.9|4.9|5|8
28.3|95.82|1085|388|4.9|4.9|5|8
28.4|95.89|1085|388|4.9|4.9|5|8
28.5|95.81|1082|388|4.9|5|5|8
28.6|95.81|1082|388|5|5|5|8
28.7|95.78|1085|388|5|5|5|8
28.8|95.82|1082|388|5|5|5|8
28.9|95.88|1082|388|5|5|5|8
29|95.82|1082|388|5|5|5|8
29.1|95.81|1082|388|5|5|5|8
29.2|95.8|1082|388|5|5|5|8
29.3|95.82|1082|388|5|5|2|8
29.4|95.54|1082|388|5|5|2|8
29.5|95.15|1082|388|5|5|2|8
29.6|94.7|1343|390|5|5|2|8
29.7|94.35|1802|389|5|5|3|8
29.8|94.06|1843|389|5|5|3|8
29.9|93.94|1858|389|5|5|3|8
30|93.9|1866|390|5|5|3|8
30.1|93.88|1869|389|5|5|3|8
30.2|93.93|1874|390|5|5|3|8
30.3|93.93|1879|390|5|5|3|8
30.4|93.92|1881|390|5|5|3|8
30.5|93.84|1884|390|5|5|3|8
30.6|93.86|1887|390|5|5|3|8
30.7|93.9|1887|390|5|5|3|8
30.8|93.85|1889|390|5|5|3|8
30.9|93.84|1889|390|5|5|3|8
31|93.88|1889|390|5|5|3|8
31.1|93.9|1889|390|5|5|3|8
31.2|93.84|1889|390|5|5|3|8
31.3|93.85|1889|390|5|5|3|8
31.4|93.89|1889|390|5|5|3|8
31.5|93.89|1889|390|5|5|3|8
31.6|93.88|1889|390|5|5|3|8
31.7|93.84|1889|390|5|5|4|8
31.8|94.05|1887|390|5|5|4|8
31.9|94.4|1866|390|5|5|4|8
32|94.75|1840|390|5|5|4|8
32.1|95.38|1173|390|5|5|5|8
32.2|95.73|1093|390|5|5|5|8
32.3|95.89|1090|390|5.1|5.1|5|8
32.4|96.01|1088|390|5.1|5.1|5|8
32.5|95.97|1088|389|5.1|5.1|5|8
32.6|96.01|1088|389|5.1|5.1|5|8
32.7|96.01|1088|389|5.1|5.1|5|8
32.8|96.01|1085|389|5.1|5.1|5|8
32.9|96.02|1085|389|5.1|5.1|5|8
33|96.01|1085|389|5.1|5.1|5|8
33.1|96.02|1085|389|5.1|5.1|5|8
33.2|96.01|1085|389|5.1|5.1|5|8
33.3|96.01|1085|389|5.1|5.1|5|8
33.4|96.01|1085|389|5.1|5.1|5|8
33.5|96.02|1085|389|5.1|5.1|5|8
33.6|96.01|1085|388|5.1|5.1|5|8
33.7|96.02|1082|388|5.1|5.1|5|8
33.8|96.01|1082|389|5.1|5.1|5|8
33.9|96.02|1082|389|5.1|5.1|5|8
34|96.02|1085|389|5.1|5.1|5|8
34.1|96.01|1082|389|5.1|5.1|2|8
34.2|95.92|1082|389|5.1|5.1|2|8
34.3|95.58|1082|389|5.1|5.1|2|8
34.4|95.15|1082|389|5.1|5.1|2|8
34.5|94.74|1371|389|5.1|5.1|2|8
34.6|94.39|1796|390|5.1|5.1|3|8
34.7|94.1|1832|390|5.1|5.1|3|8
34.8|93.97|1856|390|5.1|5.1|3|8
34.9|93.93|1863|390|5.1|5.1|3|8
35|93.92|1871|390|5.1|5.1|3|8
35.1|93.93|1874|390|5.1|5.1|3|8
35.2|93.92|1879|390|5.1|5.1|3|8
35.3|93.88|1881|390|5.1|5.1|3|8
35.4|93.89|1884|390|5.1|5.1|3|8
35.5|93.9|1884|390|5.1|5.1|3|8
35.6|93.9|1887|390|5.1|5.1|3|8
35.7|93.92|1889|390|5.1|5.1|3|8
35.8|93.89|1889|390|5.1|5.1|3|8
35.9|93.9|1889|390|5.1|5.1|3|8
36|93.92|1892|390|5.2|5.1|3|8
36.1|93.89|1892|390|5.2|5.2|3|8
36.2|93.88|1892|390|5.2|5.2|3|8
36.3|93.92|1892|390|5.2|5.2|3|8
36.4|93.9|1892|390|5.2|5.2|3|8
36.5|93.9|1892|390|5.2|5.2|3|8
36.6|93.88|1892|390|5.2|5.2|4|8
36.7|94.19|1892|390|5.2|5.2|4|8
36.8|94.47|1863|390|5.2|5.2|4|8
36.9|94.87|1843|390|5.2|5.2|4|8
37|95.47|1546|391|5.2|5.2|4|8
37.1|95.8|1098|390|5.2|5.2|2|8
37.2|95.84|1090|390|5.2|5.2|2|8
37.3|95.86|1088|390|5.2|5.2|2|8
37.4|95.92|1088|390|5.2|5.2|2|8
37.5|95.8|1088|390|5.2|5.2|2|8
37.6|95.81|1085|390|5.2|5.2|2|8
37.7|95.73|1085|390|5.2|5.2|2|8
37.8|95.55|1085|390|5.2|5.2|2|8
37.9|95.54|1085|390|5.2|5.2|2|8
38|95.47|1085|390|5.2|5.2|2|8
38.1|95.45|1088|390|5.2|5.2|2|8
38.2|95.34|1085|390|5.2|5.2|2|8
38.3|95.34|1085|390|5.2|5.2|2|8
38.4|95.22|1090|389|5.2|5.2|2|8
38.5|95.12|1088|389|5.2|5.2|2|8
38.6|95.11|1090|389|5.2|5.2|2|8
38.7|95.11|1134|389|5.2|5.2|2|8
38.8|95.03|1180|389|5.2|5.2|2|8
38.9|94.86|1098|389|5.2|5.2|2|8
39|94.83|1204|388|5.2|5.2|2|8
39.1|94.78|1139|389|5.2|5.2|2|8
39.2|94.68|1201|389|5.2|5.2|2|8
39.3|94.78|1273|390|5.2|5.2|2|8
39.4|94.66|1356|391|5.2|5.2|2|8
39.5|94.48|1680|390|5.2|5.2|2|8
39.6|94.63|1686|390|5.2|5.2|2|8
39.7|94.7|1186|390|5.2|5.2|2|8
39.8|94.83|1088|390|5.2|5.2|2|8
39.9|94.91|1085|390|5.2|5.2|2|8
40|94.76|1085|390|5.2|5.2|2|8
40.1|94.76|1082|390|5.2|5.2|2|8
40.2|94.78|1082|390|5.2|5.2|2|8
40.3|94.67|1082|389|5.2|5.2|2|8
40.4|94.64|1085|389|5.2|5.2|2|8
40.5|94.61|1088|389|5.2|5.2|2|8
40.6|94.49|1237|390|5.2|5.2|2|8
40.7|94.49|1255|390|5.2|5.2|2|8
40.8|94.32|1518|390|5.2|5.2|2|8
40.9|94.35|1662|390|5.3|5.2|2|8
41|94.44|1642|390|5.3|5.3|2|8
41.1|94.55|1131|390|5.3|5.3|2|8
41.2|94.66|1088|390|5.3|5.3|2|8
41.3|94.6|1085|389|5.3|5.3|2|8
41.4|94.68|1082|389|5.3|5.3|2|8
41.5|94.76|1082|389|5.3|5.3|2|8
41.6|94.64|1082|389|5.3|5.3|2|8
41.7|94.49|1082|389|5.3|5.3|2|8
41.8|94.47|1095|389|5.3|5.3|2|8
41.9|94.31|1152|390|5.3|5.3|2|8
42|94.33|1322|390|5.3|5.3|2|8
42.1|94.31|1644|390|5.3|5.3|2|8
42.2|94.32|1668|390|5.3|5.3|2|8
42.3|94.41|1345|390|5.3|5.3|2|8
42.4|94.53|1088|390|5.3|5.3|2|8
42.5|94.64|1082|389|5.3|5.3|2|8
42.6|94.56|1082|389|5.3|5.3|2|8
42.7|94.51|1080|389|5.3|5.3|2|8
42.8|94.51|1080|389|5.3|5.3|2|8
42.9|94.37|1080|389|5.3|5.3|2|8
43|94.29|1080|389|5.3|5.3|2|8
43.1|94.39|1098|389|5.3|5.3|2|8
43.2|94.28|1436|389|5.3|5.3|2|8
43.3|94.16|1652|390|5.3|5.3|2|8
43.4|94.28|1688|390|5.3|5.3|2|8
43.5|94.43|1698|390|5.3|5.3|2|8
43.6|94.57|1624|390|5.3|5.3|2|8
43.7|94.78|1108|391|5.3|5.3|2|8
43.8|94.88|1085|390|5.3|5.3|2|8
43.9|94.9|1082|390|5.3|5.3|2|8
44|94.76|1080|389|5.3|5.3|2|8
44.1|94.76|1080|389|5.3|5.3|2|8
44.2|94.8|1080|389|5.3|5.3|2|8
44.3|94.71|1080|389|5.3|5.3|2|8
44.4|94.7|1080|389|5.3|5.3|2|8
44.5|94.55|1090|389|5.3|5.3|2|8
44.6|94.48|1093|389|5.3|5.3|2|8
44.7|94.4|1085|389|5.3|5.3|2|8
44.8|94.31|1082|389|5.3|5.3|2|8
44.9|94.4|1098|389|5.3|5.3|2|8
45|94.27|1204|389|5.3|5.3|2|8
45.1|94.21|1451|390|5.3|5.3|2|8
45.2|94.06|1307|390|5.3|5.3|2|8
45.3|94|1363|390|5.3|5.3|2|8
45.4|93.94|1296|390|5.3|5.3|2|8
45.5|93.93|1327|390|5.3|5.3|2|8
45.6|93.89|1307|390|5.3|5.3|2|8
45.7|93.85|1356|390|5.3|5.3|2|8
45.8|93.7|1317|390|5.3|5.3|2|8
45.9|93.65|1281|390|5.3|5.3|2|8
46|93.55|1263|391|5.3|5.3|2|8
46.1|93.54|1291|392|5.3|5.3|2|8
46.2|93.38|1286|390|5.4|5.4|2|8
46.3|93.33|1271|391|5.4|5.4|2|8
46.4|93.22|1250|391|5.4|5.4|2|8
46.5|93.13|1191|390|5.4|5.4|2|8
46.6|93.25|1263|390|5.4|5.4|2|8
46.7|93.02|1253|390|5.4|5.4|2|8
46.8|93.03|1180|390|5.4|5.4|2|8
46.9|92.91|1296|390|5.4|5.4|2|8
47|92.82|1299|390|5.4|5.4|2|8
47.1|92.71|1180|390|5.4|5.4|2|8
47.2|92.67|1198|390|5.4|5.4|2|8
47.3|92.6|1180|390|5.4|5.4|2|8
47.4|92.47|1193|390|5.4|5.4|2|8
47.5|92.37|1204|390|5.4|5.4|2|8
47.6|92.33|1211|390|5.4|5.4|2|8
47.7|92.2|1224|390|5.4|5.4|2|8
47.8|92.09|1253|390|5.4|5.4|2|8
47.9|92.07|1178|390|5.4|5.4|2|8
48|91.97|1201|390|5.4|5.4|2|8
48.1|91.9|1250|390|5.4|5.4|2|8
48.2|91.78|1289|390|5.4|5.4|2|8
48.3|91.72|1198|390|5.4|5.4|2|8
48.4|91.58|1160|390|5.4|5.4|2|8
48.5|91.53|1296|389|5.4|5.4|2|8
48.6|91.41|1222|390|5.4|5.4|2|8
48.7|91.3|1358|390|5.4|5.4|2|8
48.8|91.23|1247|390|5.4|5.4|2|8
48.9|91.09|1229|389|5.4|5.4|2|8
49|91.02|1209|390|5.4|5.4|2|8
49.1|90.88|1206|390|5.4|5.4|2|8
49.2|90.8|1180|390|5.4|5.4|2|8
49.3|90.66|1338|390|5.4|5.4|2|8
49.4|90.59|1250|390|5.4|5.4|2|8
49.5|90.55|1235|390|5.4|5.4|2|8
49.6|90.4|1144|390|5.4|5.4|2|8
49.7|90.33|1204|390|5.4|5.4|2|8
49.8|90.2|1263|389|5.4|5.4|2|8
49.9|90.05|1155|389|5.4|5.4|2|8
50|89.9|1155|389|5.4|5.4|2|8
50.1|89.84|1188|389|5.4|5.4|2|8
50.2|89.76|1196|389|5.4|5.4|2|8
50.3|89.56|1183|390|5.4|5.4|2|8
50.4|89.48|1198|390|5.4|5.4|2|8
50.5|89.38|1276|389|5.4|5.4|2|8
50.6|89.19|1325|390|5.4|5.4|2|8
50.7|89.13|1170|390|5.4|5.4|2|8
50.8|89.06|1247|389|5.4|5.4|2|8
50.9|88.91|1142|389|5.4|5.4|2|8
51|88.75|1418|390|5.4|5.4|2|8
51.1|88.64|1229|390|5.4|5.4|2|8
51.2|88.54|1237|390|5.4|5.4|2|8
51.3|88.37|1307|390|5.4|5.4|2|8
51.4|88.25|1302|390|5.4|5.4|2|8
51.5|88.09|1245|390|5.4|5.4|2|8
51.6|88.01|1170|390|5.4|5.4|2|8
51.7|87.85|1196|390|5.4|5.4|2|8
51.8|87.66|1206|389|5.4|5.4|2|8
51.9|87.54|1286|389|5.4|5.4|2|8
52|87.38|1348|390|5.4|5.4|2|8
52.1|87.23|1338|389|5.4|5.4|2|8
52.2|87.15|1268|389|5.4|5.4|2|8
52.3|87.02|1466|390|5.4|5.4|2|8
52.4|86.89|1209|390|5.4|5.4|2|8
52.5|86.76|1317|390|5.4|5.4|2|8
52.6|86.59|1304|390|5.4|5.4|2|8
52.7|86.42|1255|390|5.4|5.4|2|8
52.8|86.24|1320|390|5.4|5.4|2|8
52.9|86.11|1273|389|5.4|5.4|2|8
53|85.95|1392|390|5.4|5.4|2|8
53.1|85.77|1196|390|5.4|5.4|2|8
53.2|85.58|1307|390|5.4|5.4|2|8
53.3|85.46|1332|390|5.4|5.4|2|8
53.4|85.26|1320|390|5.4|5.4|2|8
53.5|85.13|1183|390|5.4|5.4|2|8
53.6|84.95|1237|390|5.4|5.4|2|8
53.7|84.8|1273|390|5.4|5.4|2|8
53.8|84.59|1258|389|5.4|5.4|2|8
53.9|84.38|1299|390|5.4|5.4|2|8
54|84.2|1340|390|5.4|5.4|2|8
54.1|84.13|1211|389|5.4|5.4|2|8
54.2|83.87|1209|389|5.4|5.4|2|8
54.3|83.72|1348|390|5.4|5.4|2|8
54.4|83.58|1392|390|5.4|5.4|2|8
54.5|83.34|1389|390|5.4|5.4|2|8
54.6|83.17|1399|390|5.4|5.4|2|8
54.7|82.97|1309|390|5.4|5.4|2|8
54.8|82.77|1284|390|5.4|5.4|2|8
54.9|82.56|1260|390|5.4|5.4|2|8
55|82|1745|390|5.4|5.4|6|8
55.1|79.81|1938|390|5.4|5.4|6|8
55.2|77.09|722|390|5.4|5.4|7|8
55.3|74.53|0|388|5.4|5.4|7|8
55.4|72.87|0|386|5.4|5.4|7|8
55.5|72.22|0|386|5.4|5.4|7|8
55.6|71.83|0|386|5.4|5.4|7|8
55.7|71.68|0|386|5.4|5.4|7|8
55.8|71.6|0|386|5.4|5.4|7|8
55.9|71.57|0|386|5.4|5.4|7|8
56|71.57|0|386|5.4|5.4|7|8
56.1|71.6|0|386|5.4|5.4|7|8
56.2|71.59|0|386|5.4|5.4|7|8
56.3|71.59|0|385|5.4|5.4|7|8
56.4|71.6|0|386|5.4|5.4|7|8
56.5|71.59|0|385|5.4|5.4|7|8
56.6|71.6|0|385|5.4|5.4|7|8
56.7|71.57|0|385|5.4|5.4|7|8
56.8|71.59|0|385|5.4|5.4|7|8
56.9|71.6|0|385|5.4|5.4|7|8
57|71.57|0|385|5.4|5.4|7|8
57.1|71.55|0|386|5.4|5.4|7|8
57.2|71.59|0|385|5.4|5.4|7|8
57.3|71.59|0|385|5.4|5.4|7|8
57.4|71.56|0|386|5.4|5.4|7|8
57.5|71.52|0|385|5.4|5.4|7|8
57.6|71.59|0|385|5.4|5.4|7|8
57.7|71.56|0|385|5.4|5.4|7|8
57.8|71.56|0|385|5.4|5.4|7|8
57.9|71.53|0|385|5.4|5.4|7|8
58|71.55|0|385|5.4|5.4|7|8
58.1|71.56|0|385|5.4|5.4|7|8
58.2|71.56|0|385|5.4|5.4|7|8
58.3|71.56|0|385|5.4|5.4|7|8
58.4|71.56|0|385|5.4|5.4|7|8
58.5|71.56|0|385|5.4|5.4|7|8
58.6|71.56|0|386|5.4|5.4|7|8
58.7|71.56|0|386|5.4|5.4|7|8
58.8|71.56|0|386|5.4|5.4|7|8
58.9|71.55|0|386|5.4|5.4|7|8
59|71.55|0|386|5.4|5.4|7|8
59.1|71.56|0|386|5.4|5.4|7|8
59.2|71.6|0|386|5.4|5.4|7|8
59.3|71.56|0|386|5.4|5.4|7|8
59.4|71.56|0|386|5.4|5.4|7|8
59.5|71.55|0|385|5.4|5.4|7|8
59.6|71.56|0|385|5.4|5.4|7|8
59.7|71.56|0|385|5.4|5.4|7|8
59.8|71.55|0|385|5.4|5.4|7|8
59.9|71.56|0|385|5.4|5.4|7|8
60|71.59|0|386|5.4|5.4|7|8
60.1|71.57|0|385|5.4|5.4|7|8
60.2|71.53|0|385|5.4|5.4|7|8
60.3|71.56|0|386|5.4|5.4|7|8
60.4|71.57|0|386|5.4|5.4|7|8
60.5|71.59|0|385|5.4|5.4|7|8
60.6|71.56|0|386|5.4|5.4|7|8
60.7|71.55|0|386|5.4|5.4|7|8
60.8|71.55|0|386|5.4|5.4|7|8
60.9|71.51|0|386|5.4|5.4|7|8
61|71.55|0|386|5.4|5.4|7|8
61.1|71.55|0|386|5.4|5.4|7|8
61.2|71.55|0|386|5.4|5.4|7|8
61.3|71.55|0|386|5.4|5.4|7|8
61.4|71.55|0|385|5.4|5.4|7|8
61.5|71.56|0|385|5.4|5.4|7|8
61.6|71.6|0|385|5.4|5.4|7|8
61.7|71.57|0|385|5.4|5.4|7|8
61.8|71.59|0|385|5.4|5.4|7|8
61.9|71.53|0|385|5.4|5.4|7|8
62|71.55|0|385|5.4|5.4|7|8
62.1|71.55|0|385|5.4|5.4|7|8
62.2|71.52|0|385|5.4|5.4|7|8
62.3|71.52|0|385|5.4|5.4|7|8
62.4|71.56|0|385|5.4|5.4|7|8
62.5|71.61|0|385|5.4|5.4|7|8
62.6|71.56|0|386|5.4|5.4|7|8
62.7|71.57|0|386|5.4|5.4|7|8
62.8|71.56|0|386|5.4|5.4|7|8
62.9|71.59|0|386|5.4|5.4|7|8
63|71.53|0|386|5.4|5.4|7|8
63.1|71.53|0|386|5.4|5.4|7|8
63.2|71.59|0|385|5.4|5.4|7|8
63.3|71.56|0|386|5.4|5.4|7|8
63.4|71.52|0|386|5.4|5.4|7|8
63.5|71.53|0|385|5.4|5.4|7|8
63.6|71.55|0|385|5.4|5.4|7|8
63.7|71.59|0|386|5.4|5.4|7|8
63.8|71.53|0|385|5.4|5.4|7|8
63.9|71.52|0|386|5.4|5.4|7|8
64|71.55|0|386|5.4|5.4|7|8
64.1|71.56|0|385|5.4|5.4|7|8
64.2|71.56|0|385|5.4|5.4|7|8
64.3|71.55|0|385|5.4|5.4|7|8
64.4|71.55|0|386|5.4|5.4|7|8
64.5|71.55|0|386|5.4|5.4|7|8
64.6|71.55|0|386|5.4|5.4|7|8
64.7|71.53|0|386|5.4|5.4|7|8
64.8|71.53|0|386|5.4|5.4|7|8
64.9|71.52|0|386|5.4|5.4|7|8
65|71.57|0|386|5.4|5.4|7|8
65.1|71.53|0|386|5.4|5.4|7|8
65.2|71.51|0|386|5.4|5.4|7|8
65.3|71.55|0|386|5.4|5.4|7|8
65.4|71.56|0|386|5.4|5.4|7|8
65.5|71.53|0|386|5.4|5.4|7|8
65.6|71.52|0|387|5.4|5.4|7|8
65.7|71.53|0|388|5.4|5.4|7|8
65.8|71.55|0|388|5.4|5.4|7|8
65.9|71.56|0|388|5.4|5.4|7|8
66|71.55|0|388|5.4|5.4|7|8
66.1|71.53|0|388|5.4|5.4|7|8
66.2|71.53|0|388|5.4|5.4|7|8
66.3|71.53|0|388|5.4|5.4|7|8
66.4|71.51|0|388|5.4|5.4|7|8
66.5|71.52|0|388|5.4|5.4|7|8
66.6|71.53|0|388|5.4|5.4|7|8
66.7|71.53|0|388|5.4|5.4|7|8
66.8|71.56|0|388|5.4|5.4|7|8
66.9|71.55|0|388|5.4|5.4|7|8
67|71.56|0|388|5.4|5.4|7|8
67.1|71.59|0|388|5.4|5.4|7|8
67.2|71.59|0|388|5.4|5.4|7|8
67.3|71.52|0|388|5.4|5.4|7|8
67.4|71.48|0|388|5.4|5.4|7|8
67.5|71.47|0|388|5.4|5.4|7|8
67.6|71.59|0|388|5.4|5.4|7|8
67.7|71.56|0|388|5.4|5.4|7|8
67.8|71.61|0|388|5.4|5.4|7|8
67.9|71.49|0|387|5.4|5.4|7|8
68|71.48|0|387|5.4|5.4|7|8
68.1|71.51|0|387|5.4|5.4|7|8
68.2|71.52|0|387|5.4|5.4|8|8
68.3|71.6|0|387|5.4|5.4|8|8
68.4|71.47|0|387|5.4|5.4|8|8
68.5|71.4|0|387|5.4|5.4|8|8
68.6|71.38|0|387|5.4|5.4|8|8
68.7|71.48|0|387|5.4|5.4|8|8
68.8|71.55|0|387|5.4|5.4|8|8
68.9|71.44|0|387|5.4|5.4|8|8
69|71.45|0|387|5.4|5.4|8|8
69.1|71.51|0|387|5.3|5.3|8|8
69.2|71.45|0|387|5.3|5.3|8|8
69.3|71.44|0|387|5.3|5.3|8|8
69.4|71.47|0|387|5.3|5.3|8|8
69.5|71.51|0|387|5.3|5.3|8|8
69.6|71.48|0|387|5.2|5.2|8|8
69.7|71.47|0|387|5.2|5.2|8|8
69.8|71.48|0|387|5.2|5.2|8|8
69.9|71.51|0|387|5.2|5.2|8|8
70|71.48|0|386|5.2|5.2|8|8
70.1|71.44|0|386|5.2|5.2|8|8
70.2|71.49|0|386|5.2|5.2|8|8
70.3|73.21|0|386|5.2|5.2|8|8
70.4|76.26|0|386|5.2|5.2|8|8
70.5|79.25|0|386|5.2|5.2|8|8
70.6|82.26|0|386|5.2|5.2|8|8
70.7|85.23|0|386|5.2|5.2|8|8
70.8|88.13|0|386|5.2|5.2|8|8
70.9|91.09|0|386|5.2|5.2|8|8
71|93.82|0|386|5.2|5.2|8|8
71.1|95.15|0|386|5.2|5.2|8|8
71.2|95.7|0|386|5.2|5.2|8|8
