0|96.08|1686|428|4.8|4.8|1|8
0.1|96.16|1871|428|4.8|4.8|1|8
0.2|96.14|1884|428|4.8|4.8|1|8
0.3|96.1|1894|428|4.8|4.8|1|8
0.4|96.1|1910|428|4.8|4.8|1|8
0.5|96.13|1918|429|4.8|4.8|3|8
0.6|96.08|1920|429|4.8|4.8|3|8
0.7|96.1|1925|429|4.8|4.8|3|8
0.8|96.21|1943|430|4.8|4.8|3|8
0.9|96.08|1956|429|4.8|4.8|3|8
1|96.08|1961|430|4.8|4.8|3|8
1.1|96.05|1969|430|4.8|4.8|3|8
1.2|96.06|1977|430|4.8|4.8|3|8
1.3|96.05|1982|430|4.8|4.8|3|8
1.4|96.06|1985|430|4.8|4.8|3|8
1.5|96.08|1987|430|4.8|4.8|3|8
1.6|96.08|1990|430|4.8|4.8|3|8
1.7|96.06|1990|430|4.8|4.8|3|8
1.8|96.08|1992|430|4.8|4.8|3|8
1.9|96.06|1992|430|4.8|4.8|3|8
2|96.06|1990|430|4.8|4.8|3|8
2.1|96.08|1990|430|4.8|4.8|3|8
2.2|96.05|1987|430|4.8|4.8|3|8
2.3|96.04|1990|430|4.8|4.8|3|8
2.4|96.09|1987|430|4.8|4.8|3|8
2.5|96.12|1992|430|4.8|4.8|4|8
2.6|96.33|1951|430|4.8|4.8|4|8
2.7|96.51|1902|430|4.8|4.8|4|8
2.8|96.82|1505|432|4.8|4.8|5|8
2.9|97.42|1263|432|4.8|4.8|5|8
3|97.66|1260|433|4.8|4.8|5|8
3.1|97.78|1260|434|4.8|4.8|5|8
3.2|97.88|1253|434|4.8|4.8|5|8
3.3|97.93|1253|434|4.8|4.9|5|8
3.4|97.9|1253|434|4.9|4.9|5|8
3.5|97.9|1250|434|4.9|4.9|5|8
3.6|97.82|1250|434|4.9|4.9|5|8
3.7|97.92|1250|434|4.9|4.9|5|8
3.8|97.89|1247|434|4.9|4.9|5|8
3.9|97.84|1250|434|4.9|4.9|5|8
4|97.93|1247|434|4.9|4.9|5|8
4.1|97.88|1247|434|4.9|4.9|5|8
4.2|97.9|1247|435|4.9|4.9|5|8
4.3|97.89|1247|435|4.9|4.9|5|8
4.4|97.88|1245|435|4.9|4.9|5|8
4.5|97.88|1247|434|4.9|4.9|5|8
4.6|97.84|1245|435|4.9|4.9|5|8
4.7|97.94|1245|436|4.9|4.9|5|8
4.8|97.9|1245|436|4.9|4.9|2|8
4.9|97.8|1245|436|4.9|4.9|2|8
5|97.67|1245|436|4.9|4.9|2|8
5.1|97.61|1245|436|4.9|4.9|2|8
5.2|96.91|1245|436|4.9|4.9|2|8
5.3|96.31|1312|435|4.9|4.9|2|8
5.4|95.74|1335|435|4.9|4.9|2|8
5.5|95.27|1392|434|4.9|4.9|2|8
5.6|94.8|1528|436|4.9|4.9|2|8
5.7|94.29|1959|434|4.9|4.9|3|8
5.8|94.01|2018|433|4.9|4.9|3|8
5.9|93.94|2031|432|4.9|4.9|3|8
6|93.89|2041|433|4.9|4.9|3|8
6.1|93.74|2044|432|4.9|4.9|3|8
6.2|93.84|2046|432|4.9|4.9|3|8
6.3|93.73|2049|433|4.9|4.9|3|8
6.4|93.76|2049|433|4.9|4.9|3|8
6.5|93.8|2052|433|4.9|4.9|3|8
6.6|93.82|2054|433|4.9|4.9|3|8
6.7|93.78|2057|433|4.9|4.9|3|8
6.8|93.7|2057|434|4.9|4.9|3|8
6.9|93.73|2059|434|4.9|4.9|3|8
7|93.74|2059|434|4.9|4.9|3|8
7.1|93.8|2062|434|4.9|4.9|3|8
7.2|93.81|2062|434|4.9|4.9|3|8
7.3|93.8|2062|434|4.9|4.9|3|8
7.4|93.73|2064|434|4.9|4.9|3|8
7.5|93.69|2064|434|4.9|4.9|3|8
7.6|93.73|2067|434|4.9|5|3|8
7.7|93.82|2072|434|4.9|5|4|8
7.8|93.89|2067|434|5|5|4|8
7.9|94.06|2054|434|5|5|4|8
8|94.31|2046|434|5|5|4|8
8.1|95.18|1459|436|5|5|5|8
8.2|95.57|1263|438|5|5|5|8
8.3|95.74|1255|438|5|5|5|8
8.4|95.81|1255|438|5|5|5|8
8.5|95.94|1253|438|5|5|5|8
8.6|95.84|1253|438|5|5|5|8
8.7|95.97|1250|438|5|5|5|8
8.8|95.92|1253|438|5|5|5|8
8.9|95.92|1253|438|5|5|5|8
9|95.93|1245|439|5|5|5|8
9.1|95.96|1247|438|5|5|5|8
9.2|95.96|1247|438|5|5|5|8
9.3|95.94|1247|438|5|5|5|8
9.4|95.96|1247|438|5|5|5|8
9.5|95.96|1245|438|5|5|5|8
9.6|95.93|1247|438|5|5|5|8
9.7|95.88|1253|436|5|5|5|8
9.8|95.93|1258|421|5|5|5|8
9.9|95.93|1258|416|5|5|5|8
10|95.96|1260|413|5|5|5|8
10.1|95.98|1260|412|5|5|2|8
10.2|96|1260|412|5|5|2|8
10.3|95.97|1260|412|5|5|2|8
10.4|95.54|1260|412|5|5|2|8
10.5|94.87|1276|412|5|5|2|8
10.6|94.37|1693|412|5|5|2|8
10.7|93.94|2028|412|5|5|3|8
10.8|93.72|2057|412|5|5|3|8
10.9|93.62|2064|412|5|5|3|8
11|93.54|2072|412|5|5|3|8
11.1|93.45|2082|412|5|5|3|8
11.2|93.42|2085|412|5|5|3|8
11.3|93.46|2090|412|5|5|3|8
11.4|93.49|2093|412|5|5|3|8
11.5|93.51|2095|412|5|5|3|8
11.6|93.41|2098|412|5|5|3|8
11.7|93.47|2101|413|5.1|5|3|8
11.8|93.47|2101|413|5.1|5.1|3|8
11.9|93.45|2101|412|5.1|5.1|3|8
12|93.47|2103|413|5.1|5.1|3|8
12.1|93.46|2106|413|5.1|5.1|3|8
12.2|93.43|2106|413|5.1|5.1|3|8
12.3|93.54|2108|413|5.1|5.1|3|8
12.4|93.54|2108|413|5.1|5.1|3|8
12.5|93.45|2111|413|5.1|5.1|3|8
12.6|93.43|2113|413|5.1|5.1|3|8
12.7|93.54|2111|413|5.1|5.1|4|8
12.8|93.68|2108|413|5.1|5.1|4|8
12.9|93.92|2088|414|5.1|5.1|4|8
13|94.12|2072|414|5.1|5.1|4|8
13.1|94.96|1621|414|5.1|5.1|4|8
13.2|95.41|1281|414|5.1|5.1|5|8
13.3|95.65|1281|414|5.1|5.1|5|8
13.4|95.74|1271|415|5.1|5.1|5|8
13.5|95.85|1271|415|5.1|5.1|5|8
13.6|95.86|1268|414|5.1|5.1|5|8
13.7|95.8|1268|414|5.1|5.1|5|8
13.8|95.85|1268|414|5.1|5.1|5|8
13.9|95.84|1265|414|5.1|5.1|5|8
14|95.86|1265|414|5.1|5.1|5|8
14.1|95.88|1265|414|5.1|5.1|5|8
14.2|95.76|1265|414|5.1|5.1|5|8
14.3|95.82|1265|414|5.1|5.1|5|8
14.4|95.85|1268|413|5.1|5.1|5|8
14.5|95.81|1263|414|5.1|5.1|5|8
14.6|95.86|1263|414|5.1|5.1|5|8
14.7|95.82|1263|414|5.1|5.1|5|8
14.8|95.88|1265|414|5.1|5.1|5|8
14.9|95.88|1263|413|5.1|5.1|5|8
15|95.85|1263|413|5.1|5.1|5|8
15.1|95.85|1263|413|5.1|5.1|5|8
15.2|95.85|1263|413|5.1|5.1|2|8
15.3|95.74|1265|414|5.1|5.1|2|8
15.4|95.55|1263|413|5.1|5.1|2|8
15.5|94.84|1265|413|5.1|5.1|2|8
15.6|94.25|1510|414|5.1|5.1|2|8
15.7|93.78|1974|414|5.1|5.1|3|8
15.8|93.45|2067|414|5.1|5.1|3|8
15.9|93.41|2085|414|5.1|5.1|3|8
16|93.22|2093|414|5.1|5.1|3|8
16.1|93.26|2098|415|5.1|5.1|3|8
16.2|93.22|2103|415|5.1|5.1|3|8
16.3|93.14|2108|415|5.1|5.1|3|8
16.4|93.27|2111|416|5.1|5.1|3|8
16.5|93.25|2113|416|5.1|5.1|3|8
16.6|93.23|2116|416|5.2|5.1|3|8
16.7|93.21|2119|416|5.2|5.2|3|8
16.8|93.25|2121|416|5.2|5.2|3|8
16.9|93.14|2121|416|5.2|5.2|3|8
17|93.3|2121|416|5.2|5.2|3|8
17.1|93.14|2124|416|5.2|5.2|3|8
17.2|93.19|2124|416|5.2|5.2|3|8
17.3|93.22|2124|416|5.2|5.2|3|8
17.4|93.17|2126|416|5.2|5.2|3|8
17.5|93.19|2126|416|5.2|5.2|3|8
17.6|93.19|2126|416|5.2|5.2|3|8
17.7|93.25|2126|416|5.2|5.2|4|8
17.8|93.37|2126|416|5.2|5.2|4|8
17.9|93.62|2108|416|5.2|5.2|4|8
18|93.78|2090|416|5.2|5.2|4|8
18.1|94.63|1670|416|5.2|5.2|4|8
18.2|94.98|1278|418|5.2|5.2|5|8
18.3|95.22|1273|417|5.2|5.2|5|8
18.4|95.25|1273|417|5.2|5.2|5|8
18.5|95.42|1271|417|5.2|5.2|5|8
18.6|95.39|1268|416|5.2|5.2|5|8
18.7|95.35|1271|416|5.2|5.2|5|8
18.8|95.35|1268|416|5.2|5.2|5|8
18.9|95.42|1265|416|5.2|5.2|5|8
19|95.34|1265|416|5.2|5.2|5|8
19.1|95.35|1265|416|5.2|5.2|5|8
19.2|95.38|1265|416|5.2|5.2|5|8
19.3|95.39|1265|416|5.2|5.2|5|8
19.4|95.37|1265|416|5.2|5.2|5|8
19.5|95.42|1265|416|5.2|5.2|5|8
19.6|95.42|1265|416|5.2|5.2|5|8
19.7|95.37|1268|414|5.2|5.2|5|8
19.8|95.35|1273|401|5.2|5.2|5|8
19.9|95.41|1276|396|5.2|5.2|5|8
20|95.41|1273|394|5.2|5.2|5|8
20.1|95.41|1273|394|5.2|5.2|5|8
20.2|95.35|1273|394|5.2|5.2|2|8
20.3|95.23|1273|394|5.2|5.2|2|8
20.4|95.04|1273|394|5.2|5.2|2|8
20.5|94.43|1294|393|5.2|5.2|2|8
20.6|93.82|1781|394|5.2|5.2|2|8
20.7|93.38|2082|394|5.2|5.2|3|8
20.8|93.31|2113|394|5.2|5.2|3|8
20.9|93.14|2126|394|5.2|5.2|3|8
21|93.09|2137|394|5.2|5.2|3|8
21.1|93.14|2142|394|5.2|5.2|3|8
21.2|93.03|2144|394|5.2|5.2|3|8
21.3|92.96|2147|394|5.2|5.2|3|8
21.4|93|2149|394|5.2|5.2|3|8
21.5|93.06|2149|394|5.2|5.2|3|8
21.6|93.07|2155|394|5.2|5.2|3|8
21.7|93.03|2157|394|5.2|5.2|3|8
21.8|92.98|2160|394|5.2|5.2|3|8
21.9|93|2160|394|5.2|5.2|3|8
22|93.04|2160|394|5.2|5.2|3|8
22.1|93.07|2157|394|5.2|5.2|3|8
22.2|92.96|2160|394|5.2|5.2|3|8
22.3|93.03|2160|394|5.2|5.2|3|8
22.4|93.09|2162|394|5.2|5.2|3|8
22.5|92.98|2162|394|5.2|5.2|3|8
22.6|93.04|2162|394|5.2|5.2|3|8
22.7|93.02|2162|394|5.2|5.2|4|8
22.8|93.21|2160|394|5.2|5.2|4|8
22.9|93.38|2144|394|5.2|5.2|4|8
23|93.86|2108|395|5.2|5.2|4|8
23.1|94.67|1348|396|5.2|5.2|5|8
23.2|94.99|1291|396|5.2|5.2|5|8
23.3|95.15|1286|396|5.2|5.2|5|8
23.4|95.14|1284|396|5.2|5.2|5|8
23.5|95.21|1281|396|5.2|5.2|5|8
23.6|95.23|1281|395|5.2|5.2|5|8
23.7|95.25|1278|395|5.2|5.2|5|8
23.8|95.27|1281|395|5.2|5.2|5|8
23.9|95.14|1281|395|5.2|5.2|5|8
24|95.23|1281|395|5.2|5.2|5|8
24.1|95.21|1278|394|5.2|5.2|5|8
24.2|95.3|1278|395|5.2|5.2|5|8
24.3|95.22|1278|394|5.2|5.2|5|8
24.4|95.22|1278|395|5.2|5.2|5|8
24.5|95.3|1276|394|5.2|5.2|5|8
24.6|95.15|1276|394|5.2|5.2|5|8
24.7|95.29|1276|394|5.2|5.2|5|8
24.8|95.21|1276|394|5.2|5.2|5|8
24.9|95.25|1276|394|5.3|5.3|5|8
25|95.25|1276|394|5.3|5.3|5|8
25.1|95.18|1276|394|5.3|5.3|2|8
25.2|95.23|1273|394|5.3|5.2|2|8
25.3|95.14|1273|394|5.2|5.2|2|8
25.4|94.63|1273|394|5.2|5.2|2|8
25.5|94|1466|394|5.2|5.2|2|8
25.6|93.47|2041|394|5.2|5.2|3|8
25.7|93.17|2101|394|5.3|5.2|3|8
25.8|93.07|2124|395|5.3|5.2|3|8
25.9|93.09|2137|395|5.3|5.3|3|8
26|93.07|2144|396|5.3|5.3|3|8
26.1|93.04|2152|396|5.3|5.3|3|8
26.2|93.06|2155|396|5.3|5.3|3|8
26.3|92.96|2157|396|5.3|5.3|3|8
26.4|92.98|2157|396|5.3|5.3|3|8
26.5|93.02|2160|396|5.3|5.3|3|8
26.6|93.02|2162|396|5.3|5.3|3|8
26.7|92.98|2162|396|5.3|5.3|3|8
26.8|92.99|2162|396|5.3|5.3|3|8
26.9|93.1|2165|396|5.3|5.3|3|8
27|93.09|2165|396|5.3|5.3|3|8
27.1|93.02|2162|396|5.3|5.3|3|8
27.2|92.96|2165|396|5.3|5.3|3|8
27.3|92.94|2165|396|5.3|5.3|3|8
27.4|92.95|2168|396|5.3|5.3|3|8
27.5|93.04|2168|396|5.3|5.3|3|8
27.6|92.98|2168|396|5.3|5.3|4|8
27.7|93.15|2168|396|5.3|5.3|4|8
27.8|93.38|2139|396|5.3|5.3|4|8
27.9|93.74|2106|397|5.3|5.3|4|8
28|94.43|1325|398|5.3|5.3|5|8
28.1|94.71|1291|397|5.3|5.3|5|8
28.2|94.87|1289|397|5.3|5.3|5|8
28.3|94.96|1284|396|5.3|5.3|5|8
28.4|95|1284|396|5.3|5.3|5|8
28.5|95.03|1281|396|5.3|5.3|5|8
28.6|95.04|1281|396|5.3|5.3|5|8
28.7|95.03|1278|396|5.3|5.3|5|8
28.8|95.03|1278|396|5.3|5.3|5|8
28.9|95.03|1278|396|5.3|5.3|5|8
29|95.03|1276|396|5.3|5.3|5|8
29.1|95.02|1278|396|5.3|5.3|5|8
29.2|95.06|1276|396|5.3|5.3|5|8
29.3|95.07|1276|396|5.3|5.3|5|8
29.4|95.06|1276|396|5.3|5.3|5|8
29.5|95.06|1276|396|5.3|5.3|5|8
29.6|95.03|1276|396|5.3|5.3|5|8
29.7|95.03|1276|396|5.3|5.3|5|8
29.8|95.02|1273|396|5.3|5.3|5|8
29.9|95.07|1273|396|5.3|5.3|5|8
30|95.02|1273|396|5.3|5.3|2|8
30.1|94.88|1273|396|5.3|5.3|2|8
30.2|94.95|1273|396|5.3|5.3|2|8
30.3|94.39|1273|396|5.3|5.3|2|8
30.4|93.69|1508|397|5.3|5.3|2|8
30.5|93.25|2067|397|5.3|5.3|3|8
30.6|93.09|2119|397|5.3|5.3|3|8
30.7|92.92|2134|397|5.3|5.3|3|8
30.8|92.83|2147|397|5.3|5.3|3|8
30.9|92.76|2152|397|5.3|5.3|3|8
31|92.87|2157|397|5.3|5.3|3|8
31.1|92.83|2160|397|5.3|5.3|3|8
31.2|92.79|2162|397|5.3|5.3|3|8
31.3|92.83|2165|398|5.3|5.3|3|8
31.4|92.83|2168|398|5.3|5.3|3|8
31.5|92.82|2170|398|5.3|5.3|3|8
31.6|92.87|2170|398|5.3|5.3|3|8
31.7|92.86|2170|398|5.3|5.3|3|8
31.8|92.83|2173|398|5.3|5.3|3|8
31.9|92.76|2175|398|5.3|5.3|3|8
32|92.76|2175|398|5.3|5.3|3|8
32.1|92.82|2175|398|5.3|5.3|3|8
32.2|92.78|2175|398|5.3|5.3|3|8
32.3|92.8|2175|398|5.3|5.3|3|8
32.4|92.86|2178|398|5.3|5.3|3|8
32.5|92.88|2178|398|5.3|5.3|4|8
32.6|92.99|2178|398|5.3|5.3|4|8
32.7|93.47|2121|398|5.3|5.3|4|8
32.8|93.89|1327|400|5.3|5.3|5|8
32.9|93.94|1289|399|5.3|5.3|5|8
33|94.01|1281|398|5.3|5.3|5|8
33.1|94.25|1281|398|5.3|5.3|5|8
33.2|94.39|1278|398|5.3|5.3|5|8
33.3|94.41|1278|398|5.3|5.3|5|8
33.4|94.4|1278|398|5.3|5.3|5|8
33.5|94.37|1276|398|5.3|5.3|5|8
33.6|94.36|1276|398|5.3|5.3|5|8
33.7|94.43|1273|398|5.3|5.3|5|8
33.8|94.48|1271|398|5.3|5.3|5|8
33.9|94.44|1271|398|5.3|5.3|5|8
34|94.44|1273|398|5.3|5.3|5|8
34.1|94.36|1271|398|5.3|5.3|5|8
34.2|94.37|1271|398|5.3|5.3|5|8
34.3|94.41|1271|398|5.3|5.3|5|8
34.4|94.39|1273|398|5.3|5.3|5|8
34.5|94.41|1271|398|5.3|5.3|5|8
34.6|94.43|1271|398|5.3|5.3|5|8
34.7|94.44|1268|398|5.3|5.3|5|8
34.8|94.41|1268|398|5.3|5.3|2|8
34.9|94.44|1268|398|5.3|5.3|2|8
35|94.06|1268|398|5.3|5.3|2|8
35.1|93.53|1371|398|5.3|5.3|2|8
35.2|93.1|2072|398|5.3|5.3|3|8
35.3|92.87|2126|398|5.3|5.3|3|8
35.4|92.72|2142|398|5.3|5.3|3|8
35.5|92.71|2152|398|5.3|5.3|3|8
35.6|92.62|2157|398|5.3|5.3|3|8
35.7|92.63|2162|398|5.3|5.3|3|8
35.8|92.67|2165|399|5.3|5.3|3|8
35.9|92.56|2168|399|5.3|5.3|3|8
36|92.7|2170|399|5.3|5.3|3|8
36.1|92.63|2173|399|5.3|5.3|3|8
36.2|92.56|2175|399|5.3|5.3|3|8
36.3|92.66|2175|399|5.3|5.3|3|8
36.4|92.56|2178|399|5.3|5.3|3|8
36.5|92.64|2178|399|5.3|5.3|3|8
36.6|92.55|2178|399|5.3|5.3|3|8
36.7|92.6|2180|400|5.3|5.3|3|8
36.8|92.72|2178|400|5.3|5.3|3|8
36.9|92.58|2183|400|5.3|5.3|3|8
37|92.7|2186|400|5.3|5.3|3|8
37.1|92.52|2188|400|5.3|5.3|3|8
37.2|92.6|2186|400|5.3|5.3|4|8
37.3|92.8|2188|400|5.3|5.3|4|8
37.4|93.14|2139|400|5.3|5.3|4|8
37.5|93.58|1340|401|5.3|5.3|2|8
37.6|93.61|1286|400|5.3|5.3|2|8
37.7|93.7|1281|400|5.3|5.3|2|8
37.8|93.82|1281|400|5.3|5.3|2|8
37.9|93.84|1278|400|5.3|5.3|2|8
38|93.89|1278|400|5.3|5.3|2|8
38.1|93.85|1273|400|5.3|5.3|2|8
38.2|93.92|1273|400|5.3|5.3|2|8
38.3|93.6|1271|400|5.3|5.3|2|8
38.4|93.58|1271|399|5.3|5.3|2|8
38.5|93.5|1271|400|5.3|5.3|2|8
38.6|93.41|1289|399|5.3|5.3|2|8
38.7|93.34|1291|399|5.3|5.3|2|8
38.8|93.18|1343|398|5.3|5.3|2|8
38.9|93.26|1271|398|5.3|5.3|2|8
39|93.26|1294|398|5.3|5.3|2|8
39.1|93.14|1552|399|5.3|5.3|2|8
39.2|93.03|1925|399|5.3|5.3|2|8
39.3|93.09|1966|400|5.3|5.3|2|8
39.4|93.25|1972|400|5.3|5.3|2|8
39.5|93.51|1925|400|5.3|5.3|2|8
39.6|93.61|1294|400|5.3|5.3|2|8
39.7|93.74|1276|398|5.3|5.3|2|8
39.8|93.7|1273|396|5.3|5.3|2|8
39.9|93.69|1271|396|5.3|5.3|2|8
40|93.57|1268|396|5.3|5.3|2|8
40.1|93.6|1271|395|5.3|5.3|2|8
40.2|93.49|1268|395|5.3|5.3|2|8
40.3|93.41|1273|395|5.3|5.3|2|8
40.4|93.38|1273|395|5.3|5.3|2|8
40.5|93.18|1345|395|5.3|5.3|2|8
40.6|93.29|1271|395|5.3|5.3|2|8
40.7|93.1|1268|395|5.3|5.3|2|8
40.8|93.1|1268|394|5.3|5.3|2|8
40.9|93.15|1451|394|5.3|5.3|2|8
41|93.13|1905|395|5.3|5.3|2|8
41.1|92.95|2028|395|5.3|5.3|2|8
41.2|93.1|2008|395|5.3|5.3|2|8
41.3|93.35|1588|396|5.3|5.3|2|8
41.4|93.53|1278|394|5.3|5.3|2|8
41.5|93.6|1271|394|5.3|5.3|2|8
41.6|93.5|1271|394|5.3|5.3|2|8
41.7|93.42|1271|394|5.3|5.3|2|8
41.8|93.42|1268|394|5.3|5.3|2|8
41.9|93.39|1271|394|5.3|5.3|2|8
42|93.11|1271|394|5.3|5.3|2|8
42.1|93.14|1271|394|5.3|5.3|2|8
42.2|93.06|1268|394|5.3|5.3|2|8
42.3|93.04|1265|393|5.3|5.3|2|8
42.4|93.18|1294|393|5.3|5.3|2|8
42.5|93.13|1629|393|5.3|5.3|2|8
42.6|92.95|2015|393|5.3|5.3|2|8
42.7|92.96|2041|394|5.3|5.3|2|8
42.8|93.1|2041|394|5.3|5.3|2|8
42.9|93.37|1536|394|5.3|5.3|2|8
43|93.55|1278|394|5.3|5.3|2|8
43.1|93.54|1276|393|5.3|5.3|2|8
43.2|93.51|1271|393|5.3|5.3|2|8
43.3|93.39|1271|393|5.3|5.3|2|8
43.4|93.47|1268|393|5.3|5.3|2|8
43.5|93.34|1271|393|5.3|5.3|2|8
43.6|93.25|1268|393|5.3|5.3|2|8
43.7|93.13|1265|393|5.3|5.3|2|8
43.8|93.25|1268|393|5.3|5.3|2|8
43.9|93.13|1407|393|5.3|5.3|2|8
44|93.09|1794|394|5.3|5.3|2|8
44.1|93.06|1915|394|5.3|5.3|2|8
44.2|93.1|1889|394|5.3|5.3|2|8
44.3|93.35|1593|394|5.3|5.3|2|8
44.4|93.5|1286|394|5.3|5.3|2|8
44.5|93.51|1271|394|5.3|5.3|2|8
44.6|93.42|1268|394|5.3|5.3|2|8
44.7|93.43|1268|394|5.3|5.3|2|8
44.8|93.41|1268|394|5.3|5.3|2|8
44.9|93.15|1271|394|5.3|5.3|2|8
45|93.26|1268|394|5.3|5.3|2|8
45.1|93.13|1268|394|5.3|5.3|2|8
45.2|93.3|1296|394|5.3|5.3|2|8
45.3|93.09|1745|394|5.3|5.3|2|8
45.4|93.09|1948|394|5.3|5.3|2|8
45.5|93.09|1930|395|5.3|5.3|2|8
45.6|93.3|1642|395|5.3|5.3|2|8
45.7|93.46|1284|394|5.3|5.3|2|8
45.8|93.5|1271|394|5.3|5.3|2|8
45.9|93.46|1271|394|5.3|5.3|2|8
46|93.42|1271|394|5.3|5.3|2|8
46.1|93.39|1268|394|5.3|5.3|2|8
46.2|93.17|1268|394|5.3|5.3|2|8
46.3|93.27|1268|394|5.3|5.3|2|8
46.4|93.11|1268|394|5.3|5.3|2|8
46.5|93.29|1268|394|5.3|5.3|2|8
46.6|93.1|1289|394|5.3|5.3|2|8
46.7|93.09|1397|394|5.3|5.3|2|8
46.8|92.96|1405|394|5.3|5.3|2|8
46.9|92.84|1407|394|5.3|5.3|2|8
47|92.8|1379|394|5.3|5.3|2|8
47.1|92.68|1366|395|5.3|5.3|2|8
47.2|92.72|1407|395|5.3|5.3|2|8
47.3|92.6|1307|395|5.3|5.3|2|8
47.4|92.53|1495|394|5.3|5.3|2|8
47.5|92.4|1371|395|5.3|5.3|2|8
47.6|92.37|1327|396|5.3|5.3|2|8
47.7|92.32|1415|396|5.3|5.3|2|8
47.8|92.28|1402|394|5.3|5.3|2|8
47.9|92.2|1534|395|5.3|5.3|2|8
48|92.12|1459|395|5.3|5.3|2|8
48.1|92.08|1454|396|5.3|5.3|2|8
48.2|91.96|1345|396|5.3|5.3|2|8
48.3|91.93|1376|396|5.3|5.3|2|8
48.4|91.74|1376|396|5.3|5.3|2|8
48.5|91.69|1425|396|5.3|5.3|2|8
48.6|91.6|1376|396|5.3|5.3|2|8
48.7|91.54|1309|396|5.3|5.3|2|8
48.8|91.56|1338|396|5.3|5.3|2|8
48.9|91.43|1381|396|5.3|5.3|2|8
49|91.34|1387|396|5.3|5.3|2|8
49.1|91.22|1436|396|5.3|5.3|2|8
49.2|91|1302|395|5.3|5.3|2|8
49.3|91|1268|395|5.3|5.3|2|8
49.4|91.05|1433|395|5.3|5.3|2|8
49.5|90.91|1441|396|5.3|5.3|2|8
49.6|90.78|1415|396|5.3|5.3|2|8
49.7|90.66|1456|393|5.3|5.3|2|8
49.8|90.6|1374|391|5.3|5.3|2|8
49.9|90.49|1438|390|5.3|5.3|2|8
50|90.39|1338|390|5.3|5.3|2|8
50.1|90.27|1379|390|5.3|5.3|2|8
50.2|90.25|1497|390|5.3|5.3|2|8
50.3|90.12|1343|390|5.3|5.3|2|8
50.4|89.97|1348|390|5.3|5.3|2|8
50.5|89.81|1304|390|5.3|5.3|2|8
50.6|89.76|1443|390|5.3|5.3|2|8
50.7|89.72|1464|390|5.3|5.3|2|8
50.8|89.53|1428|390|5.3|5.3|2|8
50.9|89.43|1387|390|5.3|5.3|2|8
51|89.33|1570|390|5.3|5.3|2|8
51.1|89.14|1446|390|5.3|5.3|2|8
51.2|89.14|1376|390|5.3|5.3|2|8
51.3|89.02|1384|389|5.3|5.3|2|8
51.4|88.94|1320|390|5.3|5.3|2|8
51.5|88.79|1472|390|5.3|5.3|2|8
51.6|88.66|1500|390|5.3|5.3|2|8
51.7|88.51|1497|390|5.3|5.3|2|8
51.8|88.39|1446|392|5.3|5.3|2|8
51.9|88.28|1438|392|5.3|5.3|2|8
52|88.13|1443|390|5.3|5.3|2|8
52.1|88.07|1513|392|5.3|5.3|2|8
52.2|87.89|1456|392|5.3|5.3|2|8
52.3|87.73|1500|392|5.3|5.3|2|8
52.4|87.65|1351|391|5.3|5.3|2|8
52.5|87.46|1415|390|5.3|5.3|2|8
52.6|87.3|1340|390|5.3|5.3|2|8
52.7|87.15|1418|390|5.3|5.3|2|8
52.8|87.1|1340|391|5.3|5.3|2|8
52.9|86.99|1397|391|5.3|5.3|2|8
53|86.82|1405|392|5.3|5.3|2|8
53.1|86.62|1497|392|5.3|5.3|2|8
53.2|86.5|1423|391|5.3|5.3|2|8
53.3|86.27|1410|392|5.3|5.3|2|8
53.4|86.17|1351|392|5.3|5.3|2|8
53.5|86.07|1557|391|5.3|5.3|2|8
53.6|85.95|1438|392|5.3|5.3|2|8
53.7|85.74|1559|392|5.3|5.3|2|8
53.8|85.57|1387|392|5.3|5.3|2|8
53.9|85.41|1389|391|5.3|5.3|2|8
54|85.22|1515|391|5.3|5.3|2|8
54.1|85.03|1459|392|5.3|5.3|2|8
54.2|84.82|1394|392|5.3|5.3|2|8
54.3|84.67|1384|392|5.3|5.3|2|8
54.4|84.46|1345|393|5.3|5.3|2|8
54.5|84.31|1433|393|5.3|5.3|2|8
54.6|84.21|1546|394|5.3|5.3|2|8
54.7|83.92|1562|394|5.3|5.3|2|8
54.8|83.81|1487|394|5.3|5.3|2|8
54.9|83.62|1451|394|5.3|5.3|2|8
55|83.41|1459|394|5.3|5.3|2|8
55.1|83.15|1482|394|5.3|5.3|2|8
55.2|83.07|1518|394|5.3|5.3|2|8
55.3|82.15|2064|394|5.3|5.3|6|8
55.4|79.69|2229|394|5.3|5.3|6|8
55.5|77.02|175|394|5.3|5.3|7|8
55.6|74.86|0|390|5.3|5.3|7|8
55.7|73.49|0|389|5.3|5.3|7|8
55.8|72.89|0|388|5.3|5.3|7|8
55.9|72.57|0|388|5.3|5.3|7|8
56|72.46|0|388|5.3|5.3|7|8
56.1|72.28|0|388|5.3|5.3|7|8
56.2|72.26|0|388|5.3|5.3|7|8
56.3|72.3|0|388|5.3|5.3|7|8
56.4|72.23|0|388|5.3|5.3|7|8
56.5|72.22|0|388|5.3|5.3|7|8
56.6|72.24|0|388|5.3|5.3|7|8
56.7|72.3|0|388|5.3|5.3|7|8
56.8|72.22|0|388|5.3|5.3|7|8
56.9|72.19|0|388|5.3|5.3|7|8
57|72.12|0|388|5.3|5.3|7|8
57.1|72.28|0|388|5.3|5.3|7|8
57.2|72.26|0|388|5.3|5.3|7|8
57.3|72.22|0|388|5.3|5.3|7|8
57.4|72.23|0|388|5.3|5.3|7|8
57.5|72.22|0|388|5.3|5.3|7|8
57.6|72.22|0|388|5.3|5.3|7|8
57.7|72.19|0|388|5.3|5.3|7|8
57.8|72.15|0|388|5.3|5.3|7|8
57.9|72.16|0|388|5.3|5.3|7|8
58|72.27|0|388|5.3|5.3|7|8
58.1|72.27|0|388|5.3|5.3|7|8
58.2|72.22|0|388|5.3|5.3|7|8
58.3|72.22|0|388|5.3|5.3|7|8
58.4|72.2|0|388|5.3|5.3|7|8
58.5|72.2|0|388|5.3|5.3|7|8
58.6|72.2|0|388|5.3|5.3|7|8
58.7|72.2|0|388|5.3|5.3|7|8
58.8|72.2|0|388|5.3|5.3|7|8
58.9|72.22|0|388|5.3|5.3|7|8
59|72.22|0|388|5.3|5.3|7|8
59.1|72.18|0|388|5.3|5.3|7|8
59.2|72.1|0|388|5.3|5.3|7|8
59.3|72.27|0|388|5.3|5.3|7|8
59.4|72.2|0|388|5.3|5.3|7|8
59.5|72.2|0|388|5.3|5.3|7|8
59.6|72.2|0|388|5.3|5.3|7|8
59.7|72.22|0|388|5.3|5.3|7|8
59.8|72.2|0|388|5.3|5.3|7|8
59.9|72.19|0|388|5.3|5.3|7|8
60|72.19|0|388|5.3|5.3|7|8
60.1|72.1|0|388|5.3|5.3|7|8
60.2|72.27|0|388|5.3|5.3|7|8
60.3|72.2|0|388|5.3|5.3|7|8
60.4|72.18|0|388|5.3|5.3|7|8
60.5|72.1|0|388|5.3|5.3|7|8
60.6|72.26|0|388|5.3|5.3|7|8
60.7|72.2|0|388|5.3|5.3|7|8
60.8|72.2|0|388|5.3|5.3|7|8
60.9|72.22|0|388|5.3|5.3|7|8
61|72.19|0|389|5.3|5.3|7|8
61.1|72.16|0|389|5.3|5.3|7|8
61.2|72.19|0|389|5.3|5.3|7|8
61.3|72.26|0|389|5.3|5.3|7|8
61.4|72.22|0|389|5.3|5.3|7|8
61.5|72.19|0|389|5.3|5.3|7|8
61.6|72.16|0|389|5.3|5.3|7|8
61.7|72.1|0|389|5.3|5.3|7|8
61.8|72.23|0|389|5.3|5.3|7|8
61.9|72.2|0|389|5.3|5.3|7|8
62|72.19|0|389|5.3|5.3|7|8
62.1|72.19|0|389|5.3|5.3|7|8
62.2|72.19|0|389|5.3|5.3|7|8
62.3|72.16|0|389|5.3|5.3|7|8
62.4|72.08|0|389|5.3|5.3|7|8
62.5|72.27|0|389|5.3|5.3|7|8
62.6|72.23|0|388|5.3|5.3|7|8
62.7|72.19|0|388|5.3|5.3|7|8
62.8|72.19|0|388|5.3|5.3|7|8
62.9|72.19|0|389|5.3|5.3|7|8
63|72.18|0|389|5.3|5.3|7|8
63.1|72.16|0|389|5.3|5.3|7|8
63.2|72.08|0|389|5.3|5.3|7|8
63.3|72.22|0|390|5.3|5.3|7|8
63.4|72.2|0|389|5.3|5.3|7|8
63.5|72.2|0|389|5.3|5.3|7|8
63.6|72.18|0|389|5.3|5.3|7|8
63.7|72.19|0|390|5.3|5.3|7|8
63.8|72.1|0|390|5.3|5.3|7|8
63.9|72.22|0|390|5.3|5.3|7|8
64|72.22|0|390|5.3|5.3|7|8
64.1|72.19|0|390|5.3|5.3|7|8
64.2|72.19|0|390|5.3|5.3|7|8
64.3|72.18|0|389|5.3|5.3|7|8
64.4|72.19|0|389|5.3|5.3|7|8
64.5|72.18|0|389|5.3|5.3|7|8
64.6|72.18|0|389|5.3|5.3|7|8
64.7|72.14|0|389|5.3|5.3|7|8
64.8|72.23|0|389|5.3|5.3|7|8
64.9|72.23|0|389|5.3|5.3|7|8
65|72.2|0|389|5.3|5.3|7|8
65.1|72.19|0|389|5.3|5.3|7|8
65.2|72.2|0|389|5.3|5.3|7|8
65.3|72.19|0|389|5.3|5.3|7|8
65.4|72.18|0|389|5.3|5.3|7|8
65.5|72.14|0|389|5.3|5.3|7|8
65.6|72.08|0|389|5.3|5.3|7|8
65.7|72.26|0|389|5.3|5.3|7|8
65.8|72.23|0|389|5.3|5.3|7|8
65.9|72.19|0|389|5.3|5.3|7|8
66|72.19|0|389|5.3|5.3|7|8
66.1|72.19|0|389|5.3|5.3|7|8
66.2|72.19|0|389|5.3|5.3|7|8
66.3|72.18|0|389|5.3|5.3|7|8
66.4|72.15|0|389|5.3|5.3|7|8
66.5|72.1|0|389|5.3|5.3|7|8
66.6|72.27|0|389|5.3|5.3|7|8
66.7|72.22|0|389|5.3|5.3|7|8
66.8|72.19|0|389|5.3|5.3|7|8
66.9|72.18|0|389|5.3|5.3|7|8
67|72.16|0|389|5.3|5.3|7|8
67.1|72.11|0|390|5.3|5.3|7|8
67.2|72.26|0|389|5.3|5.3|7|8
67.3|72.22|0|389|5.3|5.3|7|8
67.4|72.2|0|389|5.3|5.3|7|8
67.5|72.19|0|389|5.3|5.3|7|8
67.6|72.19|0|389|5.3|5.3|7|8
67.7|72.19|0|389|5.3|5.3|7|8
67.8|72.19|0|389|5.3|5.3|7|8
67.9|72.18|0|389|5.3|5.3|7|8
68|72.18|0|389|5.3|5.3|7|8
68.1|72.18|0|389|5.3|5.3|7|8
68.2|72.18|0|389|5.3|5.3|7|8
68.3|72.18|0|389|5.3|5.3|7|8
68.4|72.16|0|389|5.3|5.3|7|8
68.5|72.16|0|389|5.3|5.3|8|8
68.6|72.16|0|389|5.1|5.1|8|8
68.7|72.08|0|389|5.3|5.3|8|8
68.8|71.94|0|389|5.2|5.2|8|8
68.9|71.96|0|389|5.2|5.2|8|8
69|72.06|0|389|5.2|5.2|8|8
69.1|72.07|0|389|5.2|5.2|8|8
69.2|72.06|0|389|5.2|5.2|8|8
69.3|72.04|0|389|5.2|5.2|8|8
69.4|72.04|0|389|5.1|5.1|8|8
69.5|72.04|0|389|5.1|5.1|8|8
69.6|72.07|0|389|5.1|5.1|8|8
69.7|72.1|0|389|5.1|5.1|8|8
69.8|72.1|0|389|5|5|8|8
69.9|72.08|0|389|5|5|8|8
70|72.12|0|389|5|5|8|8
70.1|72.12|0|389|5|5|8|8
70.2|72.12|0|388|5|5|8|8
70.3|72.07|0|388|5|5|8|8
70.4|72.14|0|389|5|5|8|8
70.5|72.27|0|388|4.9|4.9|8|8
70.6|74.97|0|389|4.9|4.9|8|8
70.7|77.84|0|389|4.9|4.9|8|8
70.8|80.73|0|389|4.9|4.9|8|8
70.9|83.56|0|389|4.9|4.9|8|8
71|86.35|0|389|4.9|4.9|8|8
71.1|89.11|0|389|4.9|4.9|8|8
71.2|91.93|0|389|4.9|4.9|8|8
71.3|94.31|0|389|4.9|4.9|8|8
71.4|95.33|0|389|4.9|4.9|8|8
71.5|95.77|0|388|4.9|4.9|8|8
