0|96.09|1332|436|5|5|1|8
0.1|96.08|1593|444|5|5|1|8
0.2|96.13|1613|448|5|5|1|8
0.3|96.12|1626|450|5|5|1|8
0.4|96.16|1634|450|5|5|1|8
0.5|96.09|1644|450|5|5|3|8
0.6|96.16|1652|450|5|5|3|8
0.7|96.1|1657|450|5|5|3|8
0.8|96.04|1662|450|5|5|3|8
0.9|96.04|1665|450|5|5|3|8
1|96.06|1668|450|5|5|3|8
1.1|96.06|1670|451|5|5|3|8
1.2|96.02|1675|450|5|5|3|8
1.3|96.06|1678|451|5|5|3|8
1.4|96.05|1678|451|5|5|3|8
1.5|96.05|1680|451|5|5|3|8
1.6|96.05|1686|451|5|5|3|8
1.7|96.05|1688|451|5|5|3|8
1.8|96.05|1688|451|5|5|3|8
1.9|96.04|1688|451|5|5|3|8
2|96.05|1688|451|5|5|3|8
2.1|96.04|1688|451|5|5|3|8
2.2|96.05|1691|451|5|5|3|8
2.3|96.08|1688|451|5|5|3|8
2.4|96.06|1688|451|5|5|3|8
2.5|96.04|1688|451|5|5|4|8
2.6|96.28|1675|451|5|5|4|8
2.7|96.7|1657|451|5|5|4|8
2.8|97.23|1541|451|5|5|4|8
2.9|97.67|1101|449|5|5|5|8
3|97.89|1093|448|5|5|5|8
3.1|97.96|1090|447|5|5|5|8
3.2|98.01|1090|447|5|5|5|8
3.3|97.97|1090|447|5|5|5|8
3.4|97.92|1088|447|5|5|5|8
3.5|97.97|1088|447|5|5|5|8
3.6|97.97|1088|447|5|5|5|8
3.7|97.96|1088|447|5|5|5|8
3.8|97.93|1088|447|5|5|5|8
3.9|97.86|1088|447|5|5|5|8
4|97.98|1088|447|5|5|5|8
4.1|97.96|1088|447|5|5|5|8
4.2|97.97|1088|447|5|5.1|5|8
4.3|97.96|1088|447|5.1|5.1|5|8
4.4|97.93|1088|447|5.1|5.1|5|8
4.5|97.94|1088|446|5.1|5.1|5|8
4.6|97.98|1085|446|5.1|5.1|5|8
4.7|97.96|1085|446|5.1|5.1|5|8
4.8|97.97|1088|446|5.1|5.1|5|8
4.9|97.88|1085|446|5.1|5.1|2|8
5|97.61|1085|446|5.1|5.1|2|8
5.1|97.31|1095|446|5.1|5.1|2|8
5.2|96.83|1157|446|5.1|5.1|2|8
5.3|96.37|1201|447|5.1|5.1|2|8
5.4|95.82|1296|447|5.1|5.1|2|8
5.5|95.38|1595|448|5.1|5.1|3|8
5.6|95.04|1714|450|5.1|5.1|3|8
5.7|94.94|1732|450|5.1|5.1|3|8
5.8|94.76|1740|451|5.1|5.1|3|8
5.9|94.75|1747|451|5.1|5.1|3|8
6|94.76|1753|451|5.1|5.1|3|8
6.1|94.76|1758|451|5.1|5.1|3|8
6.2|94.76|1758|451|5.1|5.1|3|8
6.3|94.72|1760|451|5.1|5.1|3|8
6.4|94.75|1763|452|5.1|5.1|3|8
6.5|94.7|1765|452|5.1|5.1|3|8
6.6|94.68|1768|452|5.1|5.1|3|8
6.7|94.7|1768|452|5.1|5.1|3|8
6.8|94.71|1768|451|5.1|5.1|3|8
6.9|94.74|1771|451|5.1|5.1|3|8
7|94.75|1771|451|5.1|5.1|3|8
7.1|94.75|1771|451|5.1|5.1|3|8
7.2|94.7|1773|452|5.1|5.1|3|8
7.3|94.71|1773|452|5.1|5.1|3|8
7.4|94.72|1773|451|5.1|5.1|3|8
7.5|94.71|1776|451|5.1|5.1|4|8
7.6|94.82|1776|451|5.1|5.1|4|8
7.7|95.08|1771|451|5.1|5.1|4|8
7.8|95.54|1735|451|5.1|5.1|4|8
7.9|96.1|1464|451|5.1|5.1|4|8
8|96.45|1098|450|5.1|5.1|5|8
8.1|96.57|1093|448|5.1|5.1|5|8
8.2|96.68|1093|448|5.1|5.1|5|8
8.3|96.64|1093|447|5.1|5.1|5|8
8.4|96.75|1093|447|5.1|5.1|5|8
8.5|96.78|1093|447|5.1|5.1|5|8
8.6|96.75|1093|447|5.1|5.1|5|8
8.7|96.74|1093|446|5.1|5.1|5|8
8.8|96.72|1093|446|5.1|5.1|5|8
8.9|96.72|1093|446|5.1|5.1|5|8
9|96.75|1093|446|5.1|5.1|5|8
9.1|96.75|1090|446|5.1|5.1|5|8
9.2|96.78|1090|446|5.1|5.1|5|8
9.3|96.75|1090|446|5.1|5.1|5|8
9.4|96.75|1090|446|5.1|5.1|5|8
9.5|96.75|1090|446|5.1|5.1|5|8
9.6|96.74|1090|446|5.1|5.1|5|8
9.7|96.72|1090|446|5.1|5.1|5|8
9.8|96.72|1090|446|5.1|5.1|5|8
9.9|96.75|1090|446|5.1|5.1|5|8
10|96.75|1090|445|5.1|5.1|2|8
10.1|96.47|1090|445|5.1|5.1|2|8
10.2|96.05|1090|445|5.1|5.1|2|8
10.3|95.57|1224|446|5.1|5.1|2|8
10.4|95.15|1668|447|5.1|5.1|3|8
10.5|94.8|1745|449|5.1|5.1|3|8
10.6|94.72|1758|450|5.1|5.1|3|8
10.7|94.67|1765|450|5.1|5.1|3|8
10.8|94.6|1794|436|5.1|5.1|3|8
10.9|94.53|1799|426|5.1|5.1|3|8
11|94.53|1804|422|5.1|5.1|3|8
11.1|94.49|1807|421|5.1|5.1|3|8
11.2|94.56|1807|420|5.1|5.1|3|8
11.3|94.56|1809|420|5.1|5.1|3|8
11.4|94.52|1812|420|5.1|5.1|3|8
11.5|94.49|1809|420|5.1|5.1|3|8
11.6|94.55|1812|420|5.1|5.1|3|8
11.7|94.55|1814|420|5.1|5.1|3|8
11.8|94.52|1814|420|5.1|5.1|3|8
11.9|94.49|1817|420|5.1|5.1|3|8
12|94.51|1817|420|5.1|5.1|3|8
12.1|94.56|1817|420|5.1|5.1|3|8
12.2|94.53|1820|420|5.1|5.1|3|8
12.3|94.51|1822|420|5.1|5.1|3|8
12.4|94.52|1820|420|5.1|5.1|4|8
12.5|94.64|1820|420|5.1|5.1|4|8
12.6|94.9|1812|420|5.1|5.1|4|8
12.7|95.35|1773|420|5.1|5.1|4|8
12.8|95.93|1729|420|5.1|5.1|4|8
12.9|96.4|1129|419|5.1|5.1|5|8
13|96.59|1108|418|5.1|5.1|5|8
13.1|96.65|1108|417|5.1|5.1|5|8
13.2|96.75|1108|416|5.1|5.1|5|8
13.3|96.79|1106|416|5.1|5.1|5|8
13.4|96.83|1106|416|5.1|5.1|5|8
13.5|96.82|1106|416|5.1|5.1|5|8
13.6|96.78|1103|416|5.1|5.1|5|8
13.7|96.75|1103|416|5.1|5.1|5|8
13.8|96.78|1103|416|5.1|5.1|5|8
13.9|96.78|1103|416|5.1|5.1|5|8
14|96.82|1103|416|5.1|5.1|5|8
14.1|96.83|1103|416|5.1|5.1|5|8
14.2|96.8|1103|416|5.1|5.1|5|8
14.3|96.79|1103|416|5.1|5.1|5|8
14.4|96.79|1103|416|5.1|5.1|5|8
14.5|96.79|1103|416|5.1|5.1|5|8
14.6|96.74|1101|416|5.1|5.1|5|8
14.7|96.78|1101|415|5.1|5.1|5|8
14.8|96.78|1101|415|5.1|5.1|5|8
14.9|96.79|1101|415|5.1|5.1|2|8
15|96.68|1101|415|5.1|5.1|2|8
15.1|96.29|1101|415|5.1|5.1|2|8
15.2|95.81|1206|416|5.1|5.1|2|8
15.3|95.33|1603|416|5.1|5.1|3|8
15.4|95|1747|417|5.1|5.1|3|8
15.5|94.75|1773|418|5.1|5.1|3|8
15.6|94.72|1794|418|5.1|5.1|3|8
15.7|94.67|1799|418|5.1|5.1|3|8
15.8|94.67|1807|418|5.1|5.1|3|8
15.9|94.67|1812|418|5.1|5.1|3|8
16|94.67|1814|418|5.1|5.1|3|8
16.1|94.68|1817|418|5.1|5.1|3|8
16.2|94.67|1820|418|5.1|5.1|3|8
16.3|94.68|1822|418|5.1|5.1|3|8
16.4|94.68|1825|418|5.1|5.1|3|8
16.5|94.75|1827|418|5.1|5.1|3|8
16.6|94.75|1830|418|5.1|5.1|3|8
16.7|94.67|1832|418|5.1|5.1|3|8
16.8|94.66|1835|418|5.1|5.1|3|8
16.9|94.6|1835|418|5.1|5.1|3|8
17|94.66|1835|418|5.1|5.1|3|8
17.1|94.66|1838|418|5.1|5.1|3|8
17.2|94.67|1838|418|5.1|5.1|3|8
17.3|94.67|1838|418|5.1|5.1|4|8
17.4|94.68|1838|418|5.1|5.1|4|8
17.5|95|1825|418|5.1|5.1|4|8
17.6|95.41|1791|418|5.1|5.1|4|8
17.7|95.97|1778|418|5.1|5.1|4|8
17.8|96.49|1469|418|5.1|5.1|4|8
17.9|96.88|1116|417|5.1|5.1|5|8
18|97.04|1108|416|5.1|5.1|5|8
18.1|97.06|1108|416|5.1|5.1|5|8
18.2|97.1|1106|416|5.1|5.1|5|8
18.3|97.12|1106|416|5.1|5.1|5|8
18.4|97.16|1106|415|5.1|5.1|5|8
18.5|97.16|1106|415|5.1|5.1|5|8
18.6|97.14|1103|415|5.1|5.1|5|8
18.7|97.11|1103|414|5.1|5.1|5|8
18.8|97.1|1103|414|5.1|5.1|5|8
18.9|97.14|1103|414|5.1|5.1|5|8
19|97.15|1103|414|5.1|5.1|5|8
19.1|97.16|1103|414|5.1|5.1|5|8
19.2|97.15|1101|414|5.1|5.1|5|8
19.3|97.12|1101|414|5.1|5.1|5|8
19.4|97.1|1101|414|5.1|5.1|5|8
19.5|97.14|1101|413|5.1|5.1|5|8
19.6|97.16|1101|414|5.1|5.1|5|8
19.7|97.15|1101|414|5.1|5.1|5|8
19.8|97.15|1101|414|5.1|5.1|5|8
19.9|97.11|1101|414|5.1|5.1|2|8
20|96.84|1101|414|5.1|5.1|2|8
20.1|96.45|1101|413|5.1|5.1|2|8
20.2|95.92|1296|413|5.1|5.1|2|8
20.3|95.47|1242|415|5.1|5.1|2|8
20.4|95.02|1536|416|5.1|5.1|2|8
20.5|94.71|1789|416|5.1|5.1|3|8
20.6|94.48|1822|416|5.1|5.1|3|8
20.7|94.4|1838|416|5.1|5.1|3|8
20.8|94.39|1863|408|5.1|5.1|3|8
20.9|94.31|1869|403|5.1|5.1|3|8
21|94.24|1874|401|5.1|5.1|3|8
21.1|94.28|1876|400|5.1|5.1|3|8
21.2|94.29|1879|400|5.1|5.1|3|8
21.3|94.29|1879|400|5.1|5.1|3|8
21.4|94.28|1879|400|5.1|5.1|3|8
21.5|94.29|1881|400|5.1|5.1|3|8
21.6|94.33|1881|400|5.1|5.1|3|8
21.7|94.28|1884|400|5.1|5.1|3|8
21.8|94.27|1884|400|5.1|5.1|3|8
21.9|94.25|1884|400|5.1|5.1|3|8
22|94.28|1887|400|5.1|5.1|3|8
22.1|94.28|1887|400|5.1|5.1|3|8
22.2|94.28|1887|400|5.1|5.1|3|8
22.3|94.28|1889|400|5.1|5.1|3|8
22.4|94.28|1889|400|5.1|5.1|3|8
22.5|94.35|1889|400|5.1|5.1|4|8
22.6|94.52|1889|400|5.1|5.1|4|8
22.7|95.03|1765|400|5.1|5.1|4|8
22.8|95.46|1139|400|5.1|5.1|5|8
22.9|95.72|1124|400|5.1|5.1|5|8
23|95.77|1121|400|5.1|5.1|5|8
23.1|95.81|1119|399|5.1|5.1|5|8
23.2|95.78|1119|399|5.1|5.1|5|8
23.3|95.84|1119|399|5.1|5.1|5|8
23.4|95.85|1116|399|5.1|5.1|5|8
23.5|95.86|1116|399|5.1|5.1|5|8
23.6|95.86|1116|399|5.1|5.1|5|8
23.7|95.86|1116|399|5.1|5.1|5|8
23.8|95.85|1116|399|5.1|5.1|5|8
23.9|95.85|1116|399|5.1|5.1|5|8
24|95.85|1116|400|5.1|5.1|5|8
24.1|95.85|1116|399|5.1|5.1|5|8
24.2|95.84|1113|399|5.1|5.1|5|8
24.3|95.85|1113|399|5.1|5.1|5|8
24.4|95.85|1113|399|5.1|5.1|5|8
24.5|95.85|1113|399|5.1|5.1|5|8
24.6|95.85|1113|399|5.1|5.1|5|8
24.7|95.85|1113|399|5.1|5.1|5|8
24.8|95.82|1113|399|5.1|5.1|2|8
24.9|95.7|1111|399|5.1|5.1|2|8
25|95.25|1113|399|5.1|5.1|2|8
25.1|94.79|1376|399|5.1|5.1|2|8
25.2|94.44|1822|400|5.1|5.1|3|8
25.3|94.32|1858|400|5.1|5.1|3|8
25.4|94.17|1876|400|5.1|5.1|3|8
25.5|94.1|1887|400|5.1|5.1|3|8
25.6|94.05|1892|400|5.1|5.1|3|8
25.7|94.06|1897|400|5.1|5.1|3|8
25.8|94.05|1899|400|5.1|5.1|3|8
25.9|94.04|1899|400|5.1|5.1|3|8
26|94|1902|400|5.1|5.1|3|8
26.1|94.02|1902|400|5.1|5.1|3|8
26.2|94.04|1905|400|5.1|5.1|3|8
26.3|94.04|1905|400|5.1|5.1|3|8
26.4|94.04|1905|400|5.1|5.1|3|8
26.5|94.04|1907|400|5.1|5.1|3|8
26.6|94.05|1907|400|5.1|5.1|3|8
26.7|94.05|1907|400|5.1|5.1|3|8
26.8|94.06|1907|400|5.1|5.1|3|8
26.9|94.06|1910|400|5.1|5.1|3|8
27|94.04|1910|400|5.1|5.1|3|8
27.1|94.01|1912|400|5.1|5.1|3|8
27.2|94.04|1912|400|5.1|5.1|4|8
27.3|94.28|1910|400|5.1|5.1|4|8
27.4|94.6|1863|400|5.1|5.1|4|8
27.5|95.15|1175|400|5.1|5.1|5|8
27.6|95.45|1126|400|5.1|5.1|5|8
27.7|95.58|1121|400|5.1|5.1|5|8
27.8|95.63|1121|400|5.1|5.1|5|8
27.9|95.63|1121|400|5.1|5.1|5|8
28|95.63|1119|400|5.1|5.1|5|8
28.1|95.63|1119|400|5.1|5.1|5|8
28.2|95.65|1116|400|5.1|5.1|5|8
28.3|95.68|1116|400|5.1|5.1|5|8
28.4|95.69|1116|400|5.1|5.1|5|8
28.5|95.62|1116|400|5.1|5.1|5|8
28.6|95.58|1116|400|5.2|5.1|5|8
28.7|95.63|1116|400|5.2|5.1|5|8
28.8|95.63|1116|400|5.1|5.1|5|8
28.9|95.63|1116|400|5.2|5.1|5|8
29|95.65|1113|400|5.1|5.1|5|8
29.1|95.66|1113|400|5.1|5.1|5|8
29.2|95.69|1113|400|5.1|5.1|5|8
29.3|95.68|1113|400|5.1|5.1|5|8
29.4|95.61|1113|400|5.1|5.1|5|8
29.5|95.63|1113|399|5.1|5.1|2|8
29.6|95.53|1113|399|5.1|5.1|2|8
29.7|95.21|1113|399|5.2|5.1|2|8
29.8|94.78|1147|400|5.1|5.1|2|8
29.9|94.4|1794|400|5.1|5.1|3|8
30|94.13|1858|400|5.1|5.1|3|8
30.1|93.97|1879|400|5.1|5.1|3|8
30.2|93.96|1892|400|5.1|5.1|3|8
30.3|93.9|1902|400|5.1|5.1|3|8
30.4|93.84|1907|400|5.2|5.1|3|8
30.5|93.8|1910|400|5.1|5.1|3|8
30.6|93.84|1910|400|5.1|5.1|3|8
30.7|93.88|1912|400|5.2|5.1|3|8
30.8|93.88|1915|400|5.1|5.1|3|8
30.9|93.88|1915|400|5.2|5.2|3|8
31|93.84|1915|400|5.1|5.1|3|8
31.1|93.81|1918|400|5.1|5.1|3|8
31.2|93.81|1918|400|5.1|5.1|3|8
31.3|93.86|1918|400|5.1|5.1|3|8
31.4|93.88|1918|400|5.1|5.1|3|8
31.5|93.86|1918|400|5.1|5.1|3|8
31.6|93.86|1920|400|5.1|5.1|3|8
31.7|93.85|1920|400|5.1|5.1|3|8
31.8|93.85|1920|400|5.1|5.1|3|8
31.9|93.8|1920|400|5.1|5.1|4|8
32|93.89|1920|400|5.1|5.1|4|8
32.1|94.33|1902|400|5.1|5.1|4|8
32.2|94.79|1479|400|5.1|5.1|4|8
32.3|95.21|1129|400|5.1|5.1|5|8
32.4|95.38|1121|400|5.1|5.1|5|8
32.5|95.43|1119|400|5.1|5.1|5|8
32.6|95.46|1119|400|5.1|5.1|5|8
32.7|95.49|1116|400|5.1|5.1|5|8
32.8|95.49|1116|400|5.1|5.1|5|8
32.9|95.49|1116|400|5.1|5.1|5|8
33|95.49|1113|400|5.1|5.1|5|8
33.1|95.51|1113|400|5.1|5.1|5|8
33.2|95.54|1113|400|5.1|5.1|5|8
33.3|95.5|1113|400|5.1|5.1|5|8
33.4|95.5|1113|400|5.1|5.1|5|8
33.5|95.49|1113|400|5.1|5.1|5|8
33.6|95.49|1113|400|5.1|5.1|5|8
33.7|95.46|1111|400|5.1|5.1|5|8
33.8|95.5|1113|400|5.1|5.1|5|8
33.9|95.5|1111|400|5.1|5.1|5|8
34|95.5|1111|400|5.1|5.1|5|8
34.1|95.54|1111|400|5.1|5.1|5|8
34.2|95.5|1111|400|5.1|5.1|5|8
34.3|95.47|1111|400|5.1|5.1|2|8
34.4|95.21|1111|400|5.1|5.1|2|8
34.5|94.76|1116|400|5.1|5.1|2|8
34.6|94.4|1693|400|5.1|5.1|3|8
34.7|94|1851|400|5.1|5.1|3|8
34.8|93.96|1876|400|5.1|5.1|3|8
34.9|93.82|1889|400|5.1|5.1|3|8
35|93.85|1899|400|5.1|5.1|3|8
35.1|93.82|1907|400|5.1|5.1|3|8
35.2|93.7|1912|400|5.1|5.1|3|8
35.3|93.77|1915|400|5.1|5.1|3|8
35.4|93.82|1918|400|5.1|5.1|3|8
35.5|93.68|1918|400|5.1|5.1|3|8
35.6|93.76|1920|400|5.1|5.1|3|8
35.7|93.82|1923|400|5.1|5.1|3|8
35.8|93.68|1923|400|5.1|5.1|3|8
35.9|93.74|1925|400|5.1|5.1|3|8
36|93.81|1923|400|5.1|5.1|3|8
36.1|93.69|1925|400|5.1|5.1|3|8
36.2|93.76|1925|400|5.1|5.1|3|8
36.3|93.78|1925|400|5.1|5.1|3|8
36.4|93.74|1925|400|5.1|5.1|3|8
36.5|93.72|1925|400|5.1|5.1|3|8
36.6|93.73|1925|400|5.1|5.1|4|8
36.7|93.77|1925|400|5.1|5.1|4|8
36.8|94.06|1915|400|5.1|5.1|4|8
36.9|94.53|1624|400|5.1|5.1|4|8
37|94.92|1126|400|5.1|5.1|2|8
37.1|94.95|1119|400|5.1|5.1|2|8
37.2|95|1116|400|5.1|5.1|2|8
37.3|94.88|1116|400|5.1|5.1|2|8
37.4|94.88|1116|400|5.1|5.1|2|8
37.5|94.8|1113|400|5.1|5.1|2|8
37.6|94.76|1113|400|5.1|5.1|2|8
37.7|94.7|1113|400|5.1|5.1|2|8
37.8|94.68|1113|400|5.1|5.1|2|8
37.9|94.56|1113|400|5.1|5.1|2|8
38|94.52|1116|400|5.2|5.1|2|8
38.1|94.47|1183|400|5.1|5.1|2|8
38.2|94.4|1178|400|5.1|5.1|2|8
38.3|94.41|1162|400|5.2|5.1|2|8
38.4|94.28|1508|400|5.1|5.1|2|8
38.5|94.2|1763|400|5.1|5.1|2|8
38.6|94.36|1781|400|5.1|5.1|2|8
38.7|94.47|1778|400|5.1|5.1|2|8
38.8|94.66|1735|400|5.1|5.1|2|8
38.9|94.84|1129|400|5.1|5.1|2|8
39|94.98|1113|400|5.2|5.1|2|8
39.1|94.95|1113|400|5.1|5.1|2|8
39.2|94.8|1111|400|5.1|5.1|2|8
39.3|94.82|1111|400|5.1|5.1|2|8
39.4|94.87|1111|400|5.2|5.1|2|8
39.5|94.76|1111|400|5.2|5.1|2|8
39.6|94.76|1108|400|5.1|5.1|2|8
39.7|94.64|1147|400|5.1|5.1|2|8
39.8|94.52|1214|400|5.2|5.1|2|8
39.9|94.51|1227|400|5.1|5.1|2|8
40|94.44|1222|400|5.2|5.1|2|8
40.1|94.4|1469|400|5.2|5.1|2|8
40.2|94.39|1668|400|5.2|5.1|2|8
40.3|94.32|1134|400|5.2|5.1|2|8
40.4|94.4|1108|400|5.1|5.1|2|8
40.5|94.44|1106|400|5.2|5.2|2|8
40.6|94.41|1106|400|5.2|5.1|2|8
40.7|94.44|1106|400|5.2|5.1|2|8
40.8|94.31|1621|400|5.2|5.1|2|8
40.9|94.23|1716|400|5.2|5.2|2|8
41|94.33|1729|400|5.2|5.1|2|8
41.1|94.53|1745|400|5.1|5.1|2|8
41.2|94.71|1186|400|5.2|5.1|2|8
41.3|94.86|1111|400|5.2|5.1|2|8
41.4|94.91|1108|400|5.2|5.2|2|8
41.5|94.94|1108|400|5.2|5.2|2|8
41.6|94.87|1108|400|5.2|5.2|2|8
41.7|94.78|1108|400|5.2|5.1|2|8
41.8|94.68|1106|400|5.2|5.1|2|8
41.9|94.74|1111|400|5.1|5.1|2|8
42|94.63|1116|400|5.2|5.1|2|8
42.1|94.52|1144|400|5.1|5.2|2|8
42.2|94.45|1235|400|5.2|5.2|2|8
42.3|94.43|1183|400|5.2|5.1|2|8
42.4|94.44|1242|400|5.2|5.1|2|8
42.5|94.31|1523|400|5.2|5.1|2|8
42.6|94.2|1657|400|5.2|5.1|2|8
42.7|94.37|1673|400|5.2|5.1|2|8
42.8|94.48|1668|400|5.2|5.1|2|8
42.9|94.64|1472|401|5.2|5.1|2|8
43|94.79|1116|400|5.2|5.1|2|8
43.1|94.92|1108|400|5.2|5.1|2|8
43.2|94.94|1106|400|5.2|5.2|2|8
43.3|94.86|1106|400|5.2|5.2|2|8
43.4|94.79|1106|400|5.2|5.1|2|8
43.5|94.74|1106|400|5.2|5.2|2|8
43.6|94.76|1106|400|5.2|5.1|2|8
43.7|94.64|1106|400|5.2|5.2|2|8
43.8|94.52|1126|399|5.2|5.2|2|8
43.9|94.51|1113|399|5.2|5.2|2|8
44|94.45|1113|399|5.2|5.1|2|8
44.1|94.4|1134|400|5.2|5.2|2|8
44.2|94.39|1325|400|5.2|5.2|2|8
44.3|94.28|1593|400|5.2|5.2|2|8
44.4|94.23|1624|400|5.2|5.2|2|8
44.5|94.33|1186|400|5.2|5.2|2|8
44.6|94.41|1108|400|5.2|5.2|2|8
44.7|94.43|1106|400|5.2|5.2|2|8
44.8|94.45|1103|400|5.2|5.2|2|8
44.9|94.4|1106|400|5.2|5.2|2|8
45|94.4|1103|400|5.2|5.2|2|8
45.1|94.27|1106|400|5.2|5.2|2|8
45.2|94.25|1423|400|5.2|5.2|2|8
45.3|94.12|1353|400|5.2|5.2|2|8
45.4|94.02|1124|400|5.2|5.2|2|8
45.5|94.05|1418|400|5.2|5.2|2|8
45.6|93.97|1278|400|5.2|5.2|2|8
45.7|93.96|1379|400|5.2|5.2|2|8
45.8|93.84|1621|400|5.2|5.2|2|8
45.9|93.86|1139|400|5.2|5.2|2|8
46|93.88|1106|400|5.2|5.2|2|8
46.1|93.89|1106|400|5.2|5.2|2|8
46.2|93.93|1103|400|5.2|5.2|2|8
46.3|93.78|1345|400|5.2|5.2|2|8
46.4|93.77|1332|400|5.2|5.2|2|8
46.5|93.64|1229|400|5.2|5.2|2|8
46.6|93.66|1268|400|5.2|5.2|2|8
46.7|93.58|1268|400|5.2|5.2|2|8
46.8|93.54|1284|400|5.2|5.2|2|8
46.9|93.45|1245|400|5.2|5.2|2|8
47|93.35|1271|400|5.2|5.2|2|8
47.1|93.25|1175|400|5.2|5.2|2|8
47.2|93.15|1116|400|5.2|5.2|2|8
47.3|93.13|1106|400|5.2|5.2|2|8
47.4|93.22|1160|400|5.2|5.2|2|8
47.5|93.02|1196|400|5.2|5.2|2|8
47.6|93|1232|400|5.2|5.2|2|8
47.7|92.91|1278|400|5.2|5.2|2|8
47.8|92.8|1235|400|5.2|5.2|2|8
47.9|92.75|1240|400|5.2|5.2|2|8
48|92.72|1224|400|5.2|5.2|2|8
48.1|92.68|1242|400|5.2|5.1|2|8
48.2|92.55|1204|400|5.2|5.2|2|8
48.3|92.41|1162|400|5.2|5.2|2|8
48.4|92.4|1178|400|5.2|5.2|2|8
48.5|92.35|1263|400|5.2|5.2|2|8
48.6|92.17|1229|400|5.2|5.2|2|8
48.7|92.12|1175|400|5.2|5.2|2|8
48.8|92.04|1209|400|5.2|5.2|2|8
48.9|92.01|1242|400|5.2|5.2|2|8
49|91.93|1284|400|5.2|5.2|2|8
49.1|91.89|1273|400|5.2|5.2|2|8
49.2|91.77|1253|400|5.2|5.2|2|8
49.3|91.64|1165|400|5.2|5.2|2|8
49.4|91.53|1139|400|5.2|5.2|2|8
49.5|91.51|1198|400|5.2|5.2|2|8
49.6|91.42|1222|400|5.2|5.2|2|8
49.7|91.33|1253|400|5.2|5.2|2|8
49.8|91.23|1284|400|5.2|5.2|2|8
49.9|91.07|1196|400|5.2|5.2|2|8
50|91|1219|400|5.2|5.2|2|8
50.1|90.94|1281|399|5.2|5.2|2|8
50.2|90.8|1162|400|5.2|5.2|2|8
50.3|90.71|1175|400|5.2|5.2|2|8
50.4|90.64|1178|400|5.2|5.2|2|8
50.5|90.52|1363|400|5.2|5.2|2|8
50.6|90.44|1240|400|5.2|5.2|2|8
50.7|90.33|1183|400|5.2|5.2|2|8
50.8|90.21|1180|400|5.2|5.2|2|8
50.9|90.09|1245|400|5.2|5.2|2|8
51|89.94|1193|400|5.2|5.2|2|8
51.1|89.9|1229|400|5.2|5.2|2|8
51.2|89.73|1335|400|5.2|5.2|2|8
51.3|89.72|1191|400|5.2|5.2|2|8
51.4|89.56|1242|400|5.2|5.2|2|8
51.5|89.43|1384|400|5.2|5.2|2|8
51.6|89.33|1144|400|5.2|5.2|2|8
51.7|89.21|1232|400|5.2|5.2|2|8
51.8|89.07|1232|400|5.2|5.2|2|8
51.9|88.95|1242|400|5.2|5.2|2|8
52|88.88|1232|400|5.2|5.2|2|8
52.1|88.74|1219|400|5.2|5.2|2|8
52.2|88.59|1296|400|5.2|5.2|2|8
52.3|88.5|1322|400|5.2|5.2|2|8
52.4|88.35|1258|400|5.2|5.2|2|8
52.5|88.23|1268|400|5.2|5.2|2|8
52.6|88.07|1387|400|5.2|5.2|2|8
52.7|88|1219|400|5.2|5.2|2|8
52.8|87.81|1214|400|5.2|5.2|2|8
52.9|87.62|1260|400|5.2|5.2|2|8
53|87.6|1229|400|5.2|5.2|2|8
53.1|87.39|1361|400|5.2|5.2|2|8
53.2|87.22|1201|400|5.2|5.2|2|8
53.3|87.14|1216|400|5.2|5.2|2|8
53.4|87.01|1284|400|5.2|5.2|2|8
53.5|86.8|1289|400|5.2|5.2|2|8
53.6|86.67|1201|400|5.2|5.2|2|8
53.7|86.52|1430|400|5.2|5.2|2|8
53.8|86.33|1314|400|5.2|5.2|2|8
53.9|86.25|1260|400|5.2|5.2|2|8
54|86.04|1271|400|5.2|5.2|2|8
54.1|85.92|1183|400|5.2|5.2|2|8
54.2|85.77|1291|400|5.2|5.2|2|8
54.3|85.58|1317|400|5.2|5.2|2|8
54.4|85.42|1204|400|5.2|5.2|2|8
54.5|85.23|1361|400|5.2|5.2|2|8
54.6|85.05|1247|400|5.2|5.2|2|8
54.7|84.89|1405|400|5.2|5.2|2|8
54.8|84.7|1366|400|5.2|5.2|2|8
54.9|84.5|1278|401|5.2|5.2|2|8
55|84.38|1284|400|5.2|5.2|2|8
55.1|84.17|1317|400|5.2|5.2|2|8
55.2|83.95|1330|400|5.2|5.2|2|8
55.3|83.81|1376|401|5.2|5.2|2|8
55.4|83.61|1291|400|5.2|5.2|2|8
55.5|83.41|1232|400|5.2|5.2|2|8
55.6|83.18|1289|400|5.2|5.2|2|8
55.7|82.67|1714|400|5.1|5.1|6|8
55.8|80.28|1941|400|5.1|5.1|6|8
55.9|77.25|381|400|5.1|5.1|7|8
56|74.62|0|398|5.1|5.1|7|8
56.1|73.26|0|398|5.1|5.1|7|8
56.2|72.69|0|398|5.1|5.1|7|8
56.3|72.42|0|398|5.1|5.1|7|8
56.4|72.4|0|398|5.1|5.1|7|8
56.5|72.35|0|398|5.1|5.1|7|8
56.6|72.31|0|398|5.1|5.1|7|8
56.7|72.26|0|398|5.1|5.1|7|8
56.8|72.24|0|398|5.1|5.1|7|8
56.9|72.23|0|398|5.1|5.1|7|8
57|72.15|0|398|5.1|5.1|7|8
57.1|72.28|0|398|5.1|5.1|7|8
57.2|72.27|0|398|5.1|5.1|7|8
57.3|72.31|0|398|5.1|5.1|7|8
57.4|72.23|0|398|5.1|5.1|7|8
57.5|72.23|0|398|5.1|5.1|7|8
57.6|72.22|0|398|5.1|5.1|7|8
57.7|72.15|0|397|5.1|5.1|7|8
57.8|72.27|0|397|5.2|5.1|7|8
57.9|72.3|0|398|5.1|5.1|7|8
58|72.28|0|398|5.1|5.1|7|8
58.1|72.26|0|398|5.2|5.1|7|8
58.2|72.27|0|398|5.1|5.1|7|8
58.3|72.22|0|398|5.1|5.1|7|8
58.4|72.2|0|398|5.2|5.1|7|8
58.5|72.18|0|398|5.2|5.1|7|8
58.6|72.28|0|398|5.1|5.1|7|8
58.7|72.28|0|398|5.2|5.1|7|8
58.8|72.27|0|398|5.2|5.1|7|8
58.9|72.23|0|398|5.2|5.1|7|8
59|72.2|0|398|5.1|5.1|7|8
59.1|72.16|0|398|5.2|5.1|7|8
59.2|72.26|0|398|5.2|5.1|7|8
59.3|72.27|0|398|5.2|5.1|7|8
59.4|72.3|0|398|5.2|5.2|7|8
59.5|72.2|0|398|5.2|5.2|7|8
59.6|72.14|0|398|5.1|5.1|7|8
59.7|72.26|0|398|5.1|5.1|7|8
59.8|72.28|0|398|5.1|5.1|7|8
59.9|72.28|0|397|5.1|5.1|7|8
60|72.24|0|397|5.1|5.1|7|8
60.1|72.24|0|397|5.1|5.1|7|8
60.2|72.24|0|397|5.1|5.1|7|8
60.3|72.24|0|397|5.1|5.1|7|8
60.4|72.2|0|397|5.1|5.1|7|8
60.5|72.22|0|397|5.1|5.1|7|8
60.6|72.18|0|397|5.1|5.1|7|8
60.7|72.22|0|397|5.1|5.1|7|8
60.8|72.28|0|397|5.1|5.1|7|8
60.9|72.26|0|397|5.1|5.1|7|8
61|72.22|0|397|5.2|5.1|7|8
61.1|72.23|0|397|5.2|5.1|7|8
61.2|72.23|0|397|5.1|5.1|7|8
61.3|72.23|0|397|5.1|5.1|7|8
61.4|72.23|0|397|5.1|5.1|7|8
61.5|72.23|0|397|5.1|5.1|7|8
61.6|72.26|0|397|5.1|5.1|7|8
61.7|72.23|0|397|5.1|5.1|7|8
61.8|72.2|0|397|5.2|5.1|7|8
61.9|72.2|0|397|5.1|5.1|7|8
62|72.18|0|397|5.1|5.1|7|8
62.1|72.16|0|397|5.1|5.1|7|8
62.2|72.26|0|397|5.1|5.1|7|8
62.3|72.24|0|397|5.2|5.1|7|8
62.4|72.22|0|397|5.1|5.1|7|8
62.5|72.23|0|397|5.1|5.1|7|8
62.6|72.24|0|397|5.1|5.1|7|8
62.7|72.22|0|397|5.1|5.1|7|8
62.8|72.19|0|397|5.1|5.1|7|8
62.9|72.22|0|397|5.2|5.1|7|8
63|72.2|0|397|5.1|5.1|7|8
63.1|72.15|0|397|5.1|5.1|7|8
63.2|72.23|0|397|5.2|5.1|7|8
63.3|72.27|0|397|5.1|5.1|7|8
63.4|72.28|0|397|5.1|5.1|7|8
63.5|72.24|0|397|5.1|5.1|7|8
63.6|72.22|0|397|5.1|5.1|7|8
63.7|72.2|0|397|5.2|5.1|7|8
63.8|72.2|0|397|5.2|5.1|7|8
63.9|72.22|0|397|5.1|5.1|7|8
64|72.23|0|397|5.2|5.1|7|8
64.1|72.24|0|397|5.1|5.1|7|8
64.2|72.18|0|397|5.2|5.1|7|8
64.3|72.2|0|397|5.2|5.1|7|8
64.4|72.19|0|397|5.1|5.1|7|8
64.5|72.14|0|397|5.1|5.1|7|8
64.6|72.26|0|397|5.1|5.1|7|8
64.7|72.26|0|397|5.1|5.1|7|8
64.8|72.23|0|397|5.1|5.1|7|8
64.9|72.22|0|397|5.2|5.1|7|8
65|72.2|0|397|5.1|5.1|7|8
65.1|72.23|0|397|5.1|5.1|7|8
65.2|72.24|0|397|5.1|5.1|7|8
65.3|72.19|0|397|5.1|5.1|7|8
65.4|72.19|0|397|5.1|5.1|7|8
65.5|72.2|0|397|5.1|5.1|7|8
65.6|72.2|0|397|5.1|5.1|7|8
65.7|72.22|0|397|5.1|5.1|7|8
65.8|72.22|0|397|5.1|5.1|7|8
65.9|72.2|0|397|5.1|5.1|7|8
66|72.2|0|397|5.2|5.1|7|8
66.1|72.2|0|397|5.2|5.1|7|8
66.2|72.2|0|397|5.1|5.1|7|8
66.3|72.2|0|397|5.1|5.1|7|8
66.4|72.2|0|398|5.1|5.1|7|8
66.5|72.22|0|397|5.1|5.1|7|8
66.6|72.23|0|398|5.1|5.2|7|8
66.7|72.22|0|398|5.1|5.1|7|8
66.8|72.2|0|402|5.2|5.1|7|8
66.9|72.2|0|404|5.2|5.2|7|8
67|72.19|0|405|5.2|5.1|7|8
67.1|72.22|0|406|5.2|5.1|7|8
67.2|72.22|0|406|5.1|5.1|7|8
67.3|72.22|0|406|5.2|5.1|7|8
67.4|72.2|0|406|5.2|5.2|7|8
67.5|72.2|0|406|5.2|5.2|7|8
67.6|72.2|0|407|5.2|5.1|7|8
67.7|72.19|0|407|5.2|5.1|7|8
67.8|72.2|0|407|5.2|5.1|7|8
67.9|72.23|0|407|5.2|5.1|7|8
68|72.23|0|406|5.2|5.1|7|8
68.1|72.15|0|407|5.2|5.1|7|8
68.2|72.19|0|407|5.2|5.1|7|8
68.3|72.22|0|407|5.2|5.2|7|8
68.4|72.23|0|407|5.2|5.1|7|8
68.5|72.19|0|407|5.2|5.1|7|8
68.6|72.19|0|407|5.2|5.1|7|8
68.7|72.22|0|407|5.2|5.1|7|8
68.8|72.23|0|407|5.2|5.2|7|8
68.9|72.19|0|407|5.2|5.1|8|8
69|72.19|0|407|5.1|5.1|8|8
69.1|72.15|0|407|5.1|5.1|8|8
69.2|72.1|0|407|5.1|5.1|8|8
69.3|72.14|0|407|5.1|5.1|8|8
69.4|72.14|0|407|5.1|5.1|8|8
69.5|72.15|0|406|5.1|5.1|8|8
69.6|72.15|0|407|5.1|5.1|8|8
69.7|72.22|0|407|5.1|5.1|8|8
69.8|72.19|0|407|5.1|5.1|8|8
69.9|72.19|0|407|5.1|5.1|8|8
70|72.19|0|407|5.1|5.1|8|8
70.1|72.19|0|407|5.1|5.1|8|8
70.2|72.2|0|407|5.1|5.1|8|8
70.3|72.14|0|407|5.1|5.1|8|8
70.4|72.14|0|407|5.1|5.1|8|8
70.5|72.14|0|407|5.1|5.1|8|8
70.6|72.14|0|407|5.1|5.1|8|8
70.7|72.18|0|407|5.1|5.1|8|8
70.8|72.22|0|407|5.1|5.1|8|8
70.9|72.22|0|407|5.1|5.1|8|8
71|74.23|0|407|5.1|5.1|8|8
71.1|77.28|0|407|5.1|5.1|8|8
71.2|80.35|0|407|5.1|5.1|8|8
71.3|83.36|0|407|5.1|5.1|8|8
71.4|86.32|0|407|5.1|5.1|8|8
71.5|89.26|0|407|5|5|8|8
71.6|92.28|0|407|5|5|8|8
71.7|94.51|0|407|5.1|5|8|8
71.8|95.46|0|407|5.1|5|8|8
71.9|95.82|0|407|5.1|5|9|8
