0|96.06|1381|404|5.1|5.1|1|8
0.1|96.14|1567|408|5.1|5.1|1|8
0.2|96.08|1613|409|5.1|5.1|1|8
0.3|96.1|1629|409|5.1|5.1|1|8
0.4|96.1|1642|409|5.1|5.1|1|8
0.5|96.02|1649|410|5.1|5.1|3|8
0.6|96.02|1657|410|5.1|5.1|3|8
0.7|96.02|1657|410|5.1|5.1|3|8
0.8|96.05|1665|410|5.1|5.1|3|8
0.9|96.04|1655|410|5.1|5.1|3|8
1|96.02|1624|409|5.1|5.1|3|8
1.1|96.02|1552|409|5.1|5.1|3|8
1.2|96.02|1088|409|5.1|5.1|2|8
1.3|95.84|1088|408|5.1|5.1|2|8
1.4|95.47|1119|408|5.1|5.1|2|8
1.5|95.07|1307|409|5.1|5.1|2|8
1.6|94.67|1683|409|5.1|5.1|3|8
1.7|94.39|1735|409|5.1|5.1|3|8
1.8|94.23|1747|409|5.1|5.1|3|8
1.9|94.04|1753|410|5.1|5.1|3|8
2|93.98|1755|409|5.2|5.1|3|8
2.1|94.06|1755|410|5.2|5.2|3|8
2.2|94.01|1758|410|5.2|5.2|3|8
2.3|94.01|1760|410|5.2|5.2|3|8
2.4|94.02|1760|410|5.2|5.2|3|8
2.5|94.04|1763|410|5.2|5.2|3|8
2.6|94.02|1765|410|5.2|5.2|3|8
2.7|94.01|1765|410|5.2|5.2|3|8
2.8|94.02|1765|410|5.2|5.2|3|8
2.9|94.02|1768|410|5.2|5.2|3|8
3|94.04|1768|410|5.2|5.2|3|8
3.1|94.09|1768|410|5.2|5.2|3|8
3.2|94.04|1771|411|5.2|5.2|3|8
3.3|94.04|1773|411|5.2|5.2|3|8
3.4|94.02|1773|411|5.2|5.2|3|8
3.5|93.96|1773|411|5.2|5.2|3|8
3.6|94.02|1776|411|5.2|5.2|4|8
3.7|94.19|1773|411|5.2|5.2|4|8
3.8|94.44|1765|411|5.2|5.2|4|8
3.9|94.96|1709|411|5.2|5.2|4|8
4|95.42|1067|411|5.2|5.2|5|8
4.1|95.68|1044|409|5.2|5.2|5|8
4.2|95.82|1041|409|5.2|5.2|5|8
4.3|95.82|1041|409|5.2|5.2|5|8
4.4|95.84|1039|408|5.2|5.2|5|8
4.5|95.86|1039|408|5.2|5.2|5|8
4.6|95.86|1039|408|5.2|5.2|5|8
4.7|95.88|1036|408|5.2|5.2|5|8
4.8|95.84|1036|408|5.2|5.2|5|8
4.9|95.85|1036|408|5.2|5.2|5|8
5|95.85|1036|408|5.2|5.2|5|8
5.1|95.85|1036|408|5.2|5.2|5|8
5.2|95.86|1036|408|5.2|5.2|5|8
5.3|95.86|1036|408|5.2|5.2|5|8
5.4|95.85|1036|408|5.2|5.2|5|8
5.5|95.86|1036|408|5.2|5.2|5|8
5.6|95.86|1036|408|5.2|5.2|5|8
5.7|95.85|1034|408|5.2|5.2|5|8
5.8|95.85|1036|408|5.2|5.2|5|8
5.9|95.84|1036|408|5.2|5.2|5|8
6|95.84|1036|408|5.2|5.2|2|8
6.1|95.73|1034|408|5.2|5.2|2|8
6.2|95.33|1036|408|5.2|5.2|2|8
6.3|94.88|1111|408|5.2|5.2|2|8
6.4|94.44|1552|409|5.2|5.2|2|8
6.5|94.08|1745|409|5.2|5.2|3|8
6.6|93.92|1760|409|5.2|5.2|3|8
6.7|93.86|1765|410|5.2|5.2|3|8
6.8|93.7|1773|410|5.2|5.2|3|8
6.9|93.66|1781|410|5.2|5.2|3|8
7|93.7|1784|410|5.2|5.2|3|8
7.1|93.7|1786|410|5.2|5.2|3|8
7.2|93.69|1789|410|5.2|5.2|3|8
7.3|93.68|1789|410|5.2|5.2|3|8
7.4|93.68|1791|410|5.2|5.2|3|8
7.5|93.7|1791|410|5.2|5.2|3|8
7.6|93.69|1794|410|5.2|5.2|3|8
7.7|93.68|1796|411|5.2|5.2|3|8
7.8|93.64|1796|411|5.2|5.2|3|8
7.9|93.68|1796|411|5.2|5.2|3|8
8|93.68|1799|411|5.2|5.2|3|8
8.1|93.66|1799|411|5.2|5.2|3|8
8.2|93.7|1802|411|5.2|5.2|3|8
8.3|93.7|1802|411|5.3|5.2|3|8
8.4|93.7|1802|411|5.3|5.3|3|8
8.5|93.77|1802|411|5.3|5.3|4|8
8.6|93.93|1796|411|5.3|5.2|4|8
8.7|94.37|1758|411|5.3|5.3|4|8
8.8|94.88|1446|411|5.3|5.3|4|8
8.9|95.3|1052|409|5.3|5.3|5|8
9|95.47|1044|409|5.3|5.3|5|8
9.1|95.57|1044|408|5.3|5.3|5|8
9.2|95.57|1041|408|5.3|5.3|5|8
9.3|95.61|1041|408|5.3|5.3|5|8
9.4|95.63|1039|408|5.3|5.3|5|8
9.5|95.62|1041|408|5.3|5.3|5|8
9.6|95.57|1039|408|5.3|5.3|5|8
9.7|95.61|1039|408|5.3|5.3|5|8
9.8|95.58|1039|408|5.3|5.3|5|8
9.9|95.66|1039|408|5.3|5.3|5|8
10|95.62|1039|408|5.3|5.3|5|8
10.1|95.54|1039|408|5.3|5.3|5|8
10.2|95.58|1041|408|5.3|5.3|5|8
10.3|95.62|1041|408|5.3|5.3|5|8
10.4|95.63|1041|408|5.3|5.3|5|8
10.5|95.58|1041|408|5.3|5.3|5|8
10.6|95.57|1041|408|5.3|5.3|5|8
10.7|95.61|1041|407|5.3|5.3|5|8
10.8|95.63|1041|407|5.3|5.3|5|8
10.9|95.59|1041|407|5.3|5.3|2|8
11|95.29|1044|407|5.3|5.3|2|8
11.1|94.87|1046|398|5.3|5.3|2|8
11.2|94.45|1253|395|5.3|5.3|2|8
11.3|93.98|1724|394|5.3|5.3|3|8
11.4|93.77|1789|394|5.3|5.3|3|8
11.5|93.5|1804|394|5.3|5.3|3|8
11.6|93.54|1814|394|5.3|5.3|3|8
11.7|93.57|1822|394|5.3|5.3|3|8
11.8|93.39|1832|394|5.3|5.3|3|8
11.9|93.43|1835|394|5.3|5.3|3|8
12|93.46|1838|394|5.3|5.3|3|8
12.1|93.49|1840|394|5.3|5.3|3|8
12.2|93.37|1843|394|5.3|5.3|3|8
12.3|93.43|1843|394|5.3|5.3|3|8
12.4|93.47|1845|394|5.3|5.3|3|8
12.5|93.46|1848|394|5.3|5.3|3|8
12.6|93.39|1848|394|5.3|5.3|3|8
12.7|93.45|1848|394|5.3|5.3|3|8
12.8|93.47|1851|394|5.3|5.3|3|8
12.9|93.46|1851|394|5.3|5.3|3|8
13|93.38|1853|394|5.3|5.3|3|8
13.1|93.46|1853|394|5.3|5.3|3|8
13.2|93.46|1853|394|5.3|5.3|3|8
13.3|93.39|1856|394|5.3|5.3|4|8
13.4|93.49|1853|394|5.3|5.3|4|8
13.5|93.84|1832|394|5.3|5.3|4|8
13.6|94.33|1768|394|5.3|5.3|4|8
13.7|94.84|1103|394|5.3|5.3|5|8
13.8|95.11|1059|394|5.3|5.3|5|8
13.9|95.18|1057|394|5.3|5.3|5|8
14|95.3|1054|394|5.3|5.3|5|8
14.1|95.26|1054|394|5.3|5.3|5|8
14.2|95.21|1054|394|5.3|5.3|5|8
14.3|95.31|1054|393|5.3|5.3|5|8
14.4|95.31|1054|393|5.3|5.3|5|8
14.5|95.3|1054|393|5.3|5.3|5|8
14.6|95.3|1054|393|5.3|5.3|5|8
14.7|95.3|1054|393|5.3|5.3|5|8
14.8|95.3|1054|393|5.3|5.3|5|8
14.9|95.3|1054|393|5.3|5.3|5|8
15|95.3|1054|393|5.3|5.3|5|8
15.1|95.3|1054|393|5.3|5.3|5|8
15.2|95.3|1057|393|5.3|5.3|5|8
15.3|95.31|1057|393|5.3|5.3|5|8
15.4|95.31|1057|393|5.3|5.3|5|8
15.5|95.3|1057|393|5.3|5.3|5|8
15.6|95.3|1057|393|5.3|5.3|5|8
15.7|95.3|1057|393|5.3|5.3|2|8
15.8|95.21|1057|393|5.3|5.3|2|8
15.9|94.76|1057|393|5.3|5.3|2|8
16|94.43|1131|393|5.3|5.3|2|8
16.1|93.9|1675|394|5.3|5.3|3|8
16.2|93.55|1799|394|5.3|5.3|3|8
16.3|93.57|1820|394|5.3|5.3|3|8
16.4|93.42|1830|394|5.3|5.3|3|8
16.5|93.37|1840|394|5.3|5.3|3|8
16.6|93.37|1848|393|5.3|5.3|3|8
16.7|93.34|1853|393|5.3|5.3|3|8
16.8|93.37|1856|393|5.3|5.3|3|8
16.9|93.34|1858|393|5.3|5.3|3|8
17|93.33|1861|393|5.3|5.3|3|8
17.1|93.34|1861|393|5.3|5.3|3|8
17.2|93.33|1863|393|5.3|5.3|3|8
17.3|93.34|1863|393|5.3|5.3|3|8
17.4|93.35|1863|393|5.3|5.3|3|8
17.5|93.38|1866|393|5.3|5.3|3|8
17.6|93.33|1866|393|5.3|5.3|3|8
17.7|93.35|1866|393|5.3|5.3|3|8
17.8|93.34|1869|393|5.3|5.3|3|8
17.9|93.34|1869|393|5.3|5.3|3|8
18|93.34|1869|393|5.3|5.3|3|8
18.1|93.34|1869|393|5.3|5.3|4|8
18.2|93.37|1869|393|5.3|5.3|4|8
18.3|93.76|1848|393|5.3|5.3|4|8
18.4|94.27|1771|394|5.3|5.3|4|8
18.5|94.7|1214|394|5.3|5.3|5|8
18.6|95.08|1070|394|5.3|5.3|5|8
18.7|95.21|1067|393|5.3|5.3|5|8
18.8|95.27|1064|393|5.3|5.3|5|8
18.9|95.31|1064|393|5.3|5.3|5|8
19|95.31|1064|392|5.3|5.3|5|8
19.1|95.29|1064|392|5.3|5.3|5|8
19.2|95.27|1062|392|5.3|5.3|5|8
19.3|95.3|1062|392|5.3|5.3|5|8
19.4|95.3|1062|392|5.3|5.3|5|8
19.5|95.29|1062|392|5.3|5.3|5|8
19.6|95.3|1062|392|5.3|5.3|5|8
19.7|95.29|1062|392|5.3|5.3|5|8
19.8|95.29|1064|392|5.3|5.3|5|8
19.9|95.27|1062|392|5.3|5.3|5|8
20|95.23|1064|392|5.3|5.3|5|8
20.1|95.3|1064|392|5.3|5.3|5|8
20.2|95.3|1064|392|5.3|5.3|5|8
20.3|95.29|1064|392|5.3|5.3|5|8
20.4|95.3|1064|392|5.3|5.3|5|8
20.5|95.3|1064|392|5.3|5.3|2|8
20.6|95.29|1062|392|5.3|5.3|2|8
20.7|94.9|1064|392|5.3|5.3|2|8
20.8|94.53|1064|392|5.3|5.3|2|8
20.9|94|1263|393|5.3|5.3|2|8
21|93.58|1776|392|5.3|5.3|3|8
21.1|93.41|1822|392|5.3|5.3|3|8
21.2|93.15|1843|392|5.3|5.3|3|8
21.3|93.09|1848|392|5.3|5.3|3|8
21.4|93.14|1853|392|5.3|5.3|3|8
21.5|93.18|1856|392|5.3|5.3|3|8
21.6|93.13|1856|392|5.3|5.3|3|8
21.7|93.15|1858|392|5.3|5.3|3|8
21.8|93.15|1858|392|5.3|5.3|3|8
21.9|93.13|1861|392|5.3|5.3|3|8
22|93.13|1861|392|5.3|5.3|3|8
22.1|93.13|1861|392|5.3|5.3|3|8
22.2|93.14|1863|392|5.3|5.3|3|8
22.3|93.14|1863|392|5.3|5.3|3|8
22.4|93.13|1863|392|5.3|5.3|3|8
22.5|93.11|1866|392|5.3|5.3|3|8
22.6|93.14|1866|392|5.3|5.3|3|8
22.7|93.14|1866|392|5.3|5.3|3|8
22.8|93.13|1866|392|5.3|5.3|3|8
22.9|93.14|1866|392|5.3|5.3|3|8
23|93.14|1869|392|5.3|5.3|4|8
23.1|93.35|1866|392|5.3|5.3|4|8
23.2|93.7|1845|392|5.3|5.3|4|8
23.3|94.24|1425|394|5.3|5.3|4|8
23.4|94.59|1080|393|5.3|5.3|5|8
23.5|94.71|1075|393|5.3|5.3|5|8
23.6|94.86|1072|392|5.3|5.3|5|8
23.7|94.84|1072|393|5.3|5.3|5|8
23.8|94.86|1070|392|5.3|5.3|5|8
23.9|94.86|1070|392|5.3|5.3|5|8
24|94.92|1067|392|5.3|5.3|5|8
24.1|94.79|1067|392|5.3|5.3|5|8
24.2|94.86|1067|392|5.3|5.3|5|8
24.3|94.87|1067|392|5.3|5.3|5|8
24.4|94.84|1067|392|5.3|5.3|5|8
24.5|94.88|1067|392|5.3|5.3|5|8
24.6|94.79|1067|392|5.3|5.3|5|8
24.7|94.86|1067|392|5.3|5.3|5|8
24.8|94.87|1067|392|5.3|5.3|5|8
24.9|94.87|1067|392|5.3|5.3|5|8
25|94.82|1067|392|5.3|5.3|5|8
25.1|94.86|1067|392|5.3|5.3|5|8
25.2|94.86|1067|392|5.3|5.3|5|8
25.3|94.84|1067|392|5.3|5.3|5|8
25.4|94.79|1067|392|5.3|5.3|2|8
25.5|94.56|1067|392|5.3|5.3|2|8
25.6|94.1|1070|392|5.3|5.3|2|8
25.7|93.62|1634|393|5.3|5.3|3|8
25.8|93.38|1822|393|5.3|5.3|3|8
25.9|93.26|1848|393|5.3|5.3|3|8
26|93.14|1858|392|5.3|5.3|3|8
26.1|93.1|1863|392|5.3|5.3|3|8
26.2|93|1866|393|5.3|5.3|3|8
26.3|93.04|1866|392|5.3|5.3|3|8
26.4|93.06|1869|393|5.3|5.3|3|8
26.5|93.04|1869|392|5.3|5.3|3|8
26.6|93.03|1871|393|5.3|5.3|3|8
26.7|93.04|1874|393|5.3|5.3|3|8
26.8|93.03|1874|393|5.3|5.3|3|8
26.9|93.03|1874|393|5.3|5.3|3|8
27|93.04|1874|393|5.3|5.3|3|8
27.1|93.06|1874|393|5.3|5.3|3|8
27.2|93.04|1874|393|5.3|5.3|3|8
27.3|93.02|1876|393|5.3|5.3|3|8
27.4|93.02|1876|393|5.3|5.3|3|8
27.5|93.03|1876|393|5.3|5.3|3|8
27.6|93.04|1876|393|5.3|5.3|3|8
27.7|93.03|1876|393|5.3|5.3|4|8
27.8|93.09|1876|393|5.3|5.3|4|8
27.9|93.37|1871|393|5.3|5.3|4|8
28|93.81|1807|394|5.3|5.3|4|8
28.1|94.32|1106|394|5.3|5.3|5|8
28.2|94.53|1077|394|5.3|5.3|5|8
28.3|94.64|1075|393|5.3|5.3|5|8
28.4|94.68|1072|393|5.3|5.3|5|8
28.5|94.7|1072|393|5.3|5.3|5|8
28.6|94.72|1072|393|5.3|5.3|5|8
28.7|94.71|1070|393|5.3|5.3|5|8
28.8|94.64|1070|392|5.3|5.3|5|8
28.9|94.71|1070|393|5.3|5.3|5|8
29|94.72|1070|393|5.3|5.3|5|8
29.1|94.67|1070|393|5.3|5.3|5|8
29.2|94.7|1067|393|5.3|5.3|5|8
29.3|94.68|1067|393|5.3|5.3|5|8
29.4|94.7|1067|393|5.3|5.3|5|8
29.5|94.72|1070|393|5.3|5.3|5|8
29.6|94.72|1067|392|5.3|5.3|5|8
29.7|94.63|1070|393|5.3|5.3|5|8
29.8|94.68|1067|393|5.3|5.3|5|8
29.9|94.67|1067|393|5.3|5.3|5|8
30|94.63|1070|393|5.3|5.3|5|8
30.1|94.71|1067|393|5.3|5.3|2|8
30.2|94.57|1067|393|5.3|5.3|2|8
30.3|94.16|1070|393|5.3|5.3|2|8
30.4|93.69|1407|394|5.3|5.3|2|8
30.5|93.37|1814|394|5.3|5.3|3|8
30.6|93.11|1848|394|5.3|5.3|3|8
30.7|93.14|1861|393|5.3|5.3|3|8
30.8|92.95|1869|394|5.3|5.3|3|8
30.9|92.98|1874|394|5.3|5.3|3|8
31|92.98|1874|393|5.3|5.3|3|8
31.1|92.98|1876|393|5.3|5.3|3|8
31.2|92.98|1879|393|5.3|5.3|3|8
31.3|92.98|1879|393|5.3|5.3|3|8
31.4|92.98|1881|394|5.3|5.3|3|8
31.5|92.99|1881|393|5.3|5.3|3|8
31.6|92.98|1884|394|5.3|5.3|3|8
31.7|92.98|1884|394|5.3|5.3|3|8
31.8|92.99|1884|394|5.3|5.3|3|8
31.9|92.99|1884|394|5.3|5.3|3|8
32|92.98|1887|394|5.3|5.3|3|8
32.1|92.98|1887|394|5.3|5.3|3|8
32.2|92.98|1887|394|5.3|5.3|3|8
32.3|92.99|1887|394|5.3|5.3|3|8
32.4|92.96|1887|394|5.3|5.3|3|8
32.5|93.04|1887|394|5.3|5.3|4|8
32.6|93.26|1884|394|5.3|5.3|4|8
32.7|93.66|1830|394|5.3|5.3|4|8
32.8|94.23|1198|394|5.3|5.3|5|8
32.9|94.52|1080|394|5.3|5.3|5|8
33|94.7|1077|394|5.3|5.3|5|8
33.1|94.64|1075|394|5.3|5.3|5|8
33.2|94.7|1072|394|5.3|5.3|5|8
33.3|94.74|1072|394|5.3|5.3|5|8
33.4|94.75|1072|394|5.3|5.3|5|8
33.5|94.82|1070|394|5.3|5.3|5|8
33.6|94.76|1070|394|5.3|5.3|5|8
33.7|94.72|1070|394|5.3|5.3|5|8
33.8|94.72|1070|394|5.3|5.3|5|8
33.9|94.74|1070|394|5.3|5.3|5|8
34|94.75|1070|394|5.3|5.3|5|8
34.1|94.75|1070|394|5.3|5.3|5|8
34.2|94.79|1070|393|5.3|5.3|5|8
34.3|94.8|1070|393|5.3|5.3|5|8
34.4|94.71|1070|394|5.3|5.3|5|8
34.5|94.75|1070|394|5.3|5.3|5|8
34.6|94.75|1070|394|5.3|5.3|5|8
34.7|94.74|1070|394|5.3|5.3|5|8
34.8|94.72|1070|393|5.3|5.3|2|8
34.9|94.74|1070|393|5.3|5.3|2|8
35|94.43|1070|393|5.3|5.3|2|8
35.1|93.94|1072|393|5.3|5.3|2|8
35.2|93.49|1696|394|5.3|5.3|3|8
35.3|93.17|1832|394|5.3|5.3|3|8
35.4|93|1858|394|5.3|5.3|3|8
35.5|93.04|1869|394|5.3|5.3|3|8
35.6|92.94|1876|394|5.3|5.3|3|8
35.7|92.87|1879|394|5.3|5.3|3|8
35.8|92.9|1881|394|5.3|5.3|3|8
35.9|92.94|1884|394|5.3|5.3|3|8
36|92.86|1887|394|5.3|5.3|3|8
36.1|92.91|1887|394|5.3|5.3|3|8
36.2|92.92|1887|394|5.3|5.3|3|8
36.3|92.86|1892|394|5.3|5.3|3|8
36.4|92.9|1892|394|5.3|5.3|3|8
36.5|92.9|1894|394|5.3|5.3|3|8
36.6|92.94|1894|394|5.3|5.3|3|8
36.7|92.83|1897|394|5.3|5.3|3|8
36.8|92.9|1897|394|5.3|5.3|3|8
36.9|92.92|1897|394|5.3|5.3|3|8
37|92.87|1897|394|5.3|5.3|3|8
37.1|92.84|1897|394|5.3|5.3|3|8
37.2|92.88|1899|394|5.3|5.3|4|8
37.3|92.94|1897|394|5.3|5.3|4|8
37.4|93.23|1887|394|5.3|5.3|4|8
37.5|93.73|1796|394|5.3|5.3|4|8
37.6|94.21|1095|394|5.3|5.3|2|8
37.7|94.19|1080|394|5.3|5.3|2|8
37.8|94.19|1077|394|5.3|5.3|2|8
37.9|94.29|1075|394|5.3|5.3|2|8
38|94.16|1075|394|5.3|5.3|2|8
38.1|94.05|1075|394|5.3|5.3|2|8
38.2|94|1075|394|5.3|5.3|2|8
38.3|94|1072|394|5.3|5.3|2|8
38.4|93.92|1072|394|5.3|5.3|2|8
38.5|93.88|1072|394|5.3|5.3|2|8
38.6|93.86|1072|394|5.3|5.3|2|8
38.7|93.72|1196|394|5.3|5.3|2|8
38.8|93.6|1075|394|5.3|5.3|2|8
38.9|93.62|1152|394|5.3|5.3|2|8
39|93.53|1142|394|5.3|5.3|2|8
39.1|93.54|1116|394|5.3|5.3|2|8
39.2|93.42|1673|394|5.3|5.3|2|8
39.3|93.39|1745|394|5.3|5.3|2|8
39.4|93.54|1747|394|5.3|5.3|2|8
39.5|93.77|1742|394|5.3|5.3|2|8
39.6|93.89|1397|394|5.3|5.3|2|8
39.7|94.09|1080|394|5.3|5.3|2|8
39.8|94.15|1075|394|5.3|5.3|2|8
39.9|94.17|1072|394|5.3|5.3|2|8
40|94.05|1072|394|5.3|5.3|2|8
40.1|94.01|1070|394|5.3|5.3|2|8
40.2|93.97|1070|394|5.3|5.3|2|8
40.3|93.89|1070|393|5.3|5.3|2|8
40.4|93.86|1106|393|5.3|5.3|2|8
40.5|93.88|1183|393|5.3|5.3|2|8
40.6|93.72|1126|394|5.3|5.3|2|8
40.7|93.61|1070|394|5.3|5.3|2|8
40.8|93.61|1098|394|5.3|5.3|2|8
40.9|93.53|1137|394|5.3|5.3|2|8
41|93.54|1157|394|5.3|5.3|2|8
41.1|93.41|1644|394|5.3|5.3|2|8
41.2|93.35|1706|394|5.3|5.3|2|8
41.3|93.49|1709|394|5.3|5.3|2|8
41.4|93.78|1701|394|5.3|5.3|2|8
41.5|93.86|1696|394|5.3|5.3|2|8
41.6|94.13|1668|394|5.3|5.3|2|8
41.7|94.31|1191|394|5.3|5.3|2|8
41.8|94.29|1077|394|5.3|5.3|2|8
41.9|94.37|1070|393|5.3|5.3|2|8
42|94.39|1070|393|5.3|5.3|2|8
42.1|94.36|1070|393|5.3|5.3|2|8
42.2|94.29|1067|393|5.3|5.3|2|8
42.3|94.19|1067|393|5.3|5.3|2|8
42.4|94.05|1067|393|5.3|5.3|2|8
42.5|94.01|1067|393|5.3|5.3|2|8
42.6|94.02|1085|393|5.3|5.3|2|8
42.7|93.98|1070|393|5.3|5.3|2|8
42.8|93.9|1070|393|5.3|5.3|2|8
42.9|93.82|1126|393|5.3|5.3|2|8
43|93.85|1139|393|5.3|5.3|2|8
43.1|93.62|1111|394|5.3|5.3|2|8
43.2|93.64|1093|394|5.3|5.3|2|8
43.3|93.53|1448|394|5.3|5.3|2|8
43.4|93.54|1503|394|5.3|5.3|2|8
43.5|93.55|1657|394|5.3|5.3|2|8
43.6|93.49|1701|394|5.3|5.3|2|8
43.7|93.78|1732|394|5.3|5.3|2|8
43.8|93.88|1549|394|5.3|5.3|2|8
43.9|94.08|1077|394|5.3|5.3|2|8
44|94.09|1070|394|5.3|5.3|2|8
44.1|94.1|1067|393|5.3|5.3|2|8
44.2|94.09|1067|393|5.3|5.3|2|8
44.3|94.02|1067|393|5.3|5.3|2|8
44.4|93.97|1067|393|5.3|5.3|2|8
44.5|93.9|1067|393|5.3|5.3|2|8
44.6|93.85|1070|393|5.3|5.3|2|8
44.7|93.86|1131|393|5.3|5.3|2|8
44.8|93.7|1211|393|5.3|5.3|2|8
44.9|93.57|1070|393|5.3|5.3|2|8
45|93.62|1067|393|5.3|5.3|2|8
45.1|93.54|1155|393|5.3|5.3|2|8
45.2|93.54|1162|394|5.3|5.3|2|8
45.3|93.42|1276|394|5.3|5.3|2|8
45.4|93.35|1335|394|5.3|5.3|2|8
45.5|93.26|1428|394|5.3|5.3|2|8
45.6|93.1|1101|394|5.3|5.3|2|8
45.7|93.11|1070|393|5.3|5.3|2|8
45.8|93.15|1276|394|5.3|5.3|2|8
45.9|93|1405|394|5.3|5.3|2|8
46|93|1384|394|5.3|5.3|2|8
46.1|92.9|1412|394|5.3|5.3|2|8
46.2|92.84|1332|394|5.3|5.3|2|8
46.3|92.8|1330|394|5.3|5.3|2|8
46.4|92.68|1291|394|5.3|5.3|2|8
46.5|92.62|1085|394|5.3|5.3|2|8
46.6|92.7|1147|394|5.3|5.3|2|8
46.7|92.66|1314|393|5.3|5.3|2|8
46.8|92.48|1263|394|5.3|5.3|2|8
46.9|92.33|1106|394|5.3|5.3|2|8
47|92.36|1255|394|5.3|5.3|2|8
47.1|92.31|1260|394|5.3|5.3|2|8
47.2|92.19|1180|394|5.3|5.3|2|8
47.3|92.19|1124|394|5.3|5.3|2|8
47.4|92.08|1175|394|5.3|5.3|2|8
47.5|92|1227|394|5.3|5.3|2|8
47.6|91.94|1152|394|5.3|5.3|2|8
47.7|91.9|1245|394|5.3|5.3|2|8
47.8|91.8|1258|394|5.3|5.3|2|8
47.9|91.69|1196|394|5.3|5.3|2|8
48|91.57|1155|394|5.3|5.3|2|8
48.1|91.57|1093|394|5.3|5.3|2|8
48.2|91.51|1134|394|5.3|5.3|2|8
48.3|91.46|1103|394|5.3|5.3|2|8
48.4|91.35|1188|394|5.3|5.3|2|8
48.5|91.27|1191|394|5.3|5.3|2|8
48.6|91.19|1170|394|5.3|5.3|2|8
48.7|91.02|1162|394|5.3|5.3|2|8
48.8|91|1227|394|5.3|5.3|2|8
48.9|90.94|1263|394|5.3|5.3|2|8
49|90.78|1307|394|5.3|5.3|2|8
49.1|90.74|1227|394|5.3|5.3|2|8
49.2|90.63|1247|394|5.3|5.3|2|8
49.3|90.58|1214|394|5.3|5.3|2|8
49.4|90.47|1214|394|5.3|5.3|2|8
49.5|90.39|1175|394|5.3|5.3|2|8
49.6|90.33|1273|394|5.3|5.3|2|8
49.7|90.16|1219|394|5.3|5.3|2|8
49.8|90.07|1139|394|5.3|5.3|2|8
49.9|89.96|1211|394|5.3|5.3|2|8
50|89.92|1268|394|5.3|5.3|2|8
50.1|89.74|1155|394|5.3|5.3|2|8
50.2|89.74|1113|394|5.3|5.3|2|8
50.3|89.49|1268|394|5.3|5.3|2|8
50.4|89.5|1224|394|5.3|5.3|2|8
50.5|89.35|1186|394|5.3|5.3|2|8
50.6|89.21|1209|394|5.3|5.3|2|8
50.7|89.17|1263|394|5.3|5.3|2|8
50.8|88.99|1255|394|5.3|5.3|2|8
50.9|88.83|1180|394|5.3|5.3|2|8
51|88.86|1196|394|5.3|5.3|2|8
51.1|88.75|1245|394|5.3|5.3|2|8
51.2|88.58|1405|394|5.3|5.3|2|8
51.3|88.48|1219|394|5.3|5.3|2|8
51.4|88.28|1222|394|5.3|5.3|2|8
51.5|88.23|1165|394|5.3|5.3|2|8
51.6|88.04|1206|394|5.3|5.3|2|8
51.7|88.01|1227|394|5.3|5.3|2|8
51.8|87.85|1332|394|5.3|5.3|2|8
51.9|87.65|1214|394|5.3|5.3|2|8
52|87.57|1170|394|5.3|5.3|2|8
52.1|87.42|1137|394|5.3|5.3|2|8
52.2|87.27|1237|394|5.3|5.3|2|8
52.3|87.15|1235|394|5.3|5.3|2|8
52.4|87.02|1253|394|5.3|5.3|2|8
52.5|86.89|1260|394|5.3|5.3|2|8
52.6|86.7|1255|394|5.3|5.3|2|8
52.7|86.62|1278|394|5.3|5.3|2|8
52.8|86.44|1369|394|5.3|5.3|2|8
52.9|86.27|1219|394|5.3|5.3|2|8
53|86.16|1232|394|5.3|5.3|2|8
53.1|85.97|1276|394|5.3|5.3|2|8
53.2|85.84|1201|394|5.3|5.3|2|8
53.3|85.61|1196|394|5.3|5.3|2|8
53.4|85.48|1363|394|5.3|5.3|2|8
53.5|85.44|1206|394|5.3|5.3|2|8
53.6|85.26|1214|394|5.3|5.3|2|8
53.7|85.18|1168|394|5.3|5.3|2|8
53.8|85.21|1209|394|5.3|5.3|2|8
53.9|85.17|1250|394|5.3|5.3|2|8
54|85.02|1162|394|5.3|5.3|2|8
54.1|84.94|1124|394|5.3|5.3|2|8
54.2|84.83|1180|394|5.3|5.3|2|8
54.3|84.79|1296|394|5.3|5.3|2|8
54.4|84.64|1327|394|5.3|5.3|2|8
54.5|84.5|1265|394|5.3|5.3|2|8
54.6|84.4|1149|394|5.3|5.3|2|8
54.7|84.32|1206|394|5.3|5.3|2|8
54.8|84.23|1320|394|5.3|5.3|2|8
54.9|84.11|1211|394|5.3|5.3|2|8
55|83.89|1265|394|5.3|5.3|2|8
55.1|83.83|1224|395|5.3|5.3|2|8
55.2|83.68|1204|395|5.3|5.3|2|8
55.3|83.48|1255|395|5.3|5.3|2|8
55.4|83.28|1201|394|5.3|5.3|2|8
55.5|83.15|1227|394|5.3|5.3|2|8
55.6|82.85|1410|394|5.3|5.3|6|8
55.7|81.03|1892|394|5.3|5.3|6|8
55.8|78.36|1794|394|5.3|5.3|6|8
55.9|75.77|31|393|5.3|5.3|7|8
56|73.87|0|392|5.3|5.3|7|8
56.1|73.02|0|392|5.3|5.3|7|8
56.2|72.57|0|392|5.3|5.3|7|8
56.3|72.4|0|392|5.3|5.3|7|8
56.4|72.32|0|392|5.3|5.3|7|8
56.5|72.2|0|392|5.3|5.3|7|8
56.6|72.14|0|392|5.3|5.3|7|8
56.7|72.16|0|392|5.3|5.3|7|8
56.8|72.18|0|392|5.3|5.3|7|8
56.9|72.15|0|391|5.3|5.3|7|8
57|72.18|0|391|5.3|5.3|7|8
57.1|72.23|0|391|5.3|5.3|7|8
57.2|72.2|0|391|5.3|5.3|7|8
57.3|72.2|0|391|5.3|5.3|7|8
57.4|72.18|0|391|5.3|5.3|7|8
57.5|72.14|0|391|5.3|5.3|7|8
57.6|72.15|0|391|5.3|5.3|7|8
57.7|72.15|0|391|5.3|5.3|7|8
57.8|72.15|0|391|5.3|5.3|7|8
57.9|72.14|0|391|5.3|5.3|7|8
58|72.18|0|391|5.3|5.3|7|8
58.1|72.19|0|391|5.3|5.3|7|8
58.2|72.19|0|391|5.3|5.3|7|8
58.3|72.18|0|391|5.3|5.3|7|8
58.4|72.16|0|391|5.3|5.3|7|8
58.5|72.16|0|391|5.3|5.3|7|8
58.6|72.16|0|391|5.3|5.3|7|8
58.7|72.15|0|391|5.3|5.3|7|8
58.8|72.11|0|391|5.3|5.3|7|8
58.9|72.15|0|391|5.3|5.3|7|8
59|72.16|0|391|5.3|5.3|7|8
59.1|72.19|0|391|5.3|5.3|7|8
59.2|72.16|0|391|5.3|5.3|7|8
59.3|72.18|0|391|5.3|5.3|7|8
59.4|72.15|0|391|5.3|5.3|7|8
59.5|72.14|0|391|5.3|5.3|7|8
59.6|72.15|0|391|5.3|5.3|7|8
59.7|72.15|0|391|5.3|5.3|7|8
59.8|72.16|0|390|5.3|5.3|7|8
59.9|72.16|0|391|5.3|5.3|7|8
60|72.18|0|391|5.3|5.3|7|8
60.1|72.16|0|391|5.3|5.3|7|8
60.2|72.15|0|390|5.3|5.3|7|8
60.3|72.16|0|390|5.3|5.3|7|8
60.4|72.15|0|390|5.3|5.3|7|8
60.5|72.15|0|390|5.3|5.3|7|8
60.6|72.15|0|390|5.3|5.3|7|8
60.7|72.15|0|390|5.3|5.3|7|8
60.8|72.15|0|390|5.3|5.3|7|8
60.9|72.14|0|390|5.3|5.3|7|8
61|72.14|0|390|5.3|5.3|7|8
61.1|72.11|0|390|5.3|5.3|7|8
61.2|72.1|0|390|5.3|5.3|7|8
61.3|72.14|0|390|5.3|5.3|7|8
61.4|72.16|0|390|5.3|5.3|7|8
61.5|72.16|0|391|5.3|5.3|7|8
61.6|72.15|0|390|5.3|5.3|7|8
61.7|72.15|0|390|5.3|5.3|7|8
61.8|72.15|0|390|5.3|5.3|7|8
61.9|72.16|0|390|5.3|5.3|7|8
62|72.16|0|390|5.3|5.3|7|8
62.1|72.18|0|390|5.3|5.3|7|8
62.2|72.18|0|390|5.3|5.3|7|8
62.3|72.16|0|390|5.3|5.3|7|8
62.4|72.14|0|390|5.3|5.3|7|8
62.5|72.08|0|390|5.3|5.3|7|8
62.6|72.07|0|390|5.3|5.3|7|8
62.7|72.07|0|390|5.3|5.3|7|8
62.8|72.15|0|390|5.3|5.3|7|8
62.9|72.18|0|390|5.3|5.3|7|8
63|72.15|0|390|5.3|5.3|7|8
63.1|72.16|0|390|5.3|5.3|7|8
63.2|72.15|0|390|5.3|5.3|7|8
63.3|72.18|0|390|5.3|5.3|7|8
63.4|72.16|0|390|5.3|5.3|7|8
63.5|72.16|0|390|5.3|5.3|7|8
63.6|72.15|0|390|5.3|5.3|7|8
63.7|72.07|0|390|5.3|5.3|7|8
63.8|72.1|0|390|5.3|5.3|7|8
63.9|72.08|0|390|5.3|5.3|7|8
64|72.08|0|390|5.3|5.3|7|8
64.1|72.18|0|390|5.3|5.3|7|8
64.2|72.15|0|390|5.3|5.3|7|8
64.3|72.16|0|390|5.3|5.3|7|8
64.4|72.16|0|390|5.3|5.3|7|8
64.5|72.18|0|390|5.3|5.3|7|8
64.6|72.18|0|390|5.3|5.3|7|8
64.7|72.15|0|390|5.3|5.3|7|8
64.8|72.14|0|390|5.3|5.3|7|8
64.9|72.06|0|390|5.3|5.3|7|8
65|72.1|0|390|5.3|5.3|7|8
65.1|72.07|0|390|5.3|5.3|7|8
65.2|72.08|0|390|5.3|5.3|7|8
65.3|72.15|0|390|5.3|5.3|7|8
65.4|72.16|0|390|5.3|5.3|7|8
65.5|72.16|0|390|5.3|5.3|7|8
65.6|72.15|0|390|5.3|5.3|7|8
65.7|72.18|0|390|5.3|5.3|7|8
65.8|72.16|0|390|5.3|5.3|7|8
65.9|72.15|0|390|5.3|5.3|7|8
66|72.1|0|394|5.3|5.3|7|8
66.1|72.07|0|400|5.3|5.3|7|8
66.2|72.08|0|403|5.3|5.3|7|8
66.3|72.08|0|404|5.3|5.3|7|8
66.4|72.08|0|404|5.3|5.3|7|8
66.5|72.15|0|404|5.3|5.3|7|8
66.6|72.16|0|404|5.3|5.3|7|8
66.7|72.16|0|404|5.3|5.3|7|8
66.8|72.14|0|404|5.3|5.3|7|8
66.9|72.18|0|405|5.3|5.3|7|8
67|72.16|0|405|5.3|5.3|7|8
67.1|72.15|0|404|5.3|5.3|7|8
67.2|72.1|0|404|5.3|5.3|7|8
67.3|72.07|0|405|5.3|5.3|7|8
67.4|72.11|0|405|5.3|5.3|7|8
67.5|72.07|0|405|5.3|5.3|7|8
67.6|72.1|0|405|5.3|5.3|7|8
67.7|72.07|0|405|5.3|5.3|7|8
67.8|72.15|0|404|5.3|5.3|7|8
67.9|72.15|0|404|5.3|5.3|7|8
68|72.16|0|404|5.3|5.3|7|8
68.1|72.18|0|404|5.3|5.3|7|8
68.2|72.16|0|405|5.3|5.3|7|8
68.3|72.14|0|405|5.3|5.3|7|8
68.4|72.04|0|405|5.3|5.3|7|8
68.5|72.12|0|405|5.3|5.3|7|8
68.6|72.15|0|405|5.3|5.3|7|8
68.7|72.16|0|405|5.3|5.3|7|8
68.8|72.16|0|405|5.3|5.3|7|8
68.9|72.14|0|405|5.3|5.3|8|8
69|72.02|0|405|5.3|5.3|8|8
69.1|71.91|0|405|5.3|5.3|8|8
69.2|72|0|405|5.3|5.3|8|8
69.3|72.04|0|405|5.3|5.3|8|8
69.4|72.06|0|405|5.3|5.3|8|8
69.5|72.07|0|405|5.3|5.3|8|8
69.6|72.08|0|405|5.3|5.3|8|8
69.7|72.04|0|405|5.3|5.3|8|8
69.8|72.03|0|405|5.3|5.3|8|8
69.9|72.06|0|405|5.3|5.3|8|8
70|72.12|0|405|5.2|5.2|8|8
70.1|72.04|0|405|5.2|5.2|8|8
70.2|72.06|0|405|5.2|5.2|8|8
70.3|72.04|0|405|5.2|5.2|8|8
70.4|72.06|0|405|5.2|5.2|8|8
70.5|72.07|0|405|5.2|5.2|8|8
70.6|72.11|0|405|5.2|5.2|8|8
70.7|72.07|0|405|5.2|5.2|8|8
70.8|72.03|0|405|5.2|5.2|8|8
70.9|73.13|0|405|5.2|5.2|8|8
71|76.2|0|405|5.2|5.2|8|8
71.1|79.22|0|405|5.2|5.2|8|8
71.2|82.19|0|405|5.2|5.2|8|8
71.3|85.27|0|405|5.2|5.2|8|8
71.4|88.19|0|405|5.2|5.2|8|8
71.5|91.14|0|405|5.2|5.2|8|8
71.6|93.86|0|405|5.2|5.2|8|8
71.7|95.18|0|405|5.2|5.2|8|8
