0|96|876|421|4.7|4.7|1|8
0.1|96|871|418|4.7|4.7|1|8
0.2|96|825|419|4.7|4.7|1|8
0.3|96.01|802|420|4.7|4.7|1|8
0.4|96|789|421|4.7|4.7|1|8
0.5|96.02|784|422|4.7|4.7|2|8
0.6|95.73|781|422|4.7|4.7|2|8
0.7|95.31|789|422|4.7|4.7|2|8
0.8|94.88|1142|423|4.7|4.7|2|8
0.9|94.47|1495|422|4.7|4.7|2|8
1|94.06|1552|422|4.7|4.7|3|8
1.1|93.89|1575|422|4.7|4.7|3|8
1.2|93.76|1585|421|4.7|4.7|3|8
1.3|93.64|1593|421|4.7|4.7|3|8
1.4|93.64|1598|421|4.7|4.7|3|8
1.5|93.64|1601|421|4.7|4.7|3|8
1.6|93.65|1606|422|4.7|4.7|3|8
1.7|93.64|1608|422|4.7|4.7|3|8
1.8|93.64|1611|422|4.7|4.7|3|8
1.9|93.61|1613|422|4.7|4.7|3|8
2|93.58|1616|422|4.7|4.7|3|8
2.1|93.65|1619|422|4.7|4.7|3|8
2.2|93.62|1621|422|4.7|4.7|3|8
2.3|93.6|1621|422|4.7|4.7|3|8
2.4|93.6|1626|422|4.7|4.7|3|8
2.5|93.62|1626|422|4.7|4.7|3|8
2.6|93.64|1626|422|4.7|4.7|3|8
2.7|93.6|1626|422|4.7|4.7|3|8
2.8|93.6|1629|422|4.7|4.7|3|8
2.9|93.61|1631|421|4.7|4.7|3|8
3|93.64|1631|422|4.7|4.7|4|8
3.1|93.86|1629|422|4.7|4.7|4|8
3.2|94.32|1564|422|4.7|4.7|4|8
3.3|94.76|1309|422|4.7|4.7|5|8
3.4|95.06|804|424|4.7|4.7|5|8
3.5|95.11|796|424|4.7|4.7|5|8
3.6|95.18|794|424|4.7|4.7|5|8
3.7|95.22|794|424|4.7|4.7|5|8
3.8|95.25|794|424|4.7|4.7|5|8
3.9|95.26|794|424|4.7|4.7|5|8
4|95.25|791|424|4.7|4.7|5|8
4.1|95.22|794|424|4.7|4.7|5|8
4.2|95.25|794|424|4.7|4.7|5|8
4.3|95.26|791|424|4.7|4.7|5|8
4.4|95.23|791|424|4.7|4.7|5|8
4.5|95.23|794|424|4.7|4.7|5|8
4.6|95.22|794|424|4.7|4.7|5|8
4.7|95.25|794|424|4.7|4.7|5|8
4.8|95.25|794|424|4.7|4.7|5|8
4.9|95.25|794|424|4.7|4.8|5|8
5|95.23|794|424|4.8|4.8|5|8
5.1|95.23|791|424|4.8|4.8|5|8
5.2|95.25|791|424|4.8|4.8|5|8
5.3|95.25|791|424|4.8|4.8|2|8
5.4|95.12|791|424|4.7|4.8|2|8
5.5|94.75|794|424|4.8|4.8|2|8
5.6|94.31|832|424|4.7|4.7|2|8
5.7|93.88|1515|423|4.7|4.7|3|8
5.8|93.54|1590|422|4.8|4.8|3|8
5.9|93.33|1611|422|4.8|4.8|3|8
6|93.14|1619|422|4.8|4.8|3|8
6.1|93.11|1626|422|4.8|4.8|3|8
6.2|93.11|1631|422|4.8|4.8|3|8
6.3|93.14|1634|422|4.8|4.8|3|8
6.4|93.11|1637|422|4.8|4.8|3|8
6.5|93.13|1639|422|4.8|4.8|3|8
6.6|93.13|1642|422|4.8|4.8|3|8
6.7|93.11|1647|422|4.8|4.8|3|8
6.8|93.14|1649|422|4.8|4.8|3|8
6.9|93.13|1652|422|4.8|4.8|3|8
7|93.13|1655|422|4.8|4.8|3|8
7.1|93.13|1657|422|4.8|4.8|3|8
7.2|93.1|1660|422|4.8|4.8|3|8
7.3|93.14|1660|422|4.8|4.8|3|8
7.4|93.11|1665|422|4.8|4.8|3|8
7.5|93.1|1665|421|4.8|4.8|3|8
7.6|93.15|1673|422|4.8|4.8|3|8
7.7|93.21|1686|421|4.8|4.8|4|8
7.8|93.18|1691|422|4.8|4.8|4|8
7.9|93.42|1678|421|4.8|4.8|4|8
8|93.84|1603|422|4.8|4.8|4|8
8.1|94.37|918|422|4.8|4.8|5|8
8.2|94.64|804|424|4.8|4.8|5|8
8.3|94.72|799|424|4.8|4.8|5|8
8.4|94.84|796|424|4.8|4.8|5|8
8.5|94.9|796|424|4.8|4.8|5|8
8.6|94.79|796|424|4.8|4.8|5|8
8.7|94.84|794|424|4.8|4.8|5|8
8.8|94.84|794|424|4.8|4.8|5|8
8.9|94.86|794|424|4.8|4.8|5|8
9|94.84|794|424|4.8|4.8|5|8
9.1|94.84|794|424|4.8|4.8|5|8
9.2|94.87|794|424|4.8|4.8|5|8
9.3|94.87|794|424|4.8|4.8|5|8
9.4|94.8|794|424|4.8|4.8|5|8
9.5|94.87|791|424|4.8|4.8|5|8
9.6|94.86|794|424|4.8|4.8|5|8
9.7|94.83|794|424|4.8|4.8|5|8
9.8|94.83|794|424|4.8|4.8|5|8
9.9|94.87|794|424|4.8|4.8|5|8
10|94.84|794|424|4.8|4.8|5|8
10.1|94.82|794|424|4.8|4.8|2|8
10.2|94.74|794|424|4.8|4.8|2|8
10.3|94.39|794|424|4.8|4.8|2|8
10.4|93.94|809|428|4.8|4.8|2|8
10.5|93.46|1433|430|4.8|4.8|2|8
10.6|93.18|1634|430|4.8|4.8|3|8
10.7|92.94|1662|430|4.8|4.8|3|8
10.8|92.82|1675|430|4.8|4.8|3|8
10.9|92.75|1683|430|4.8|4.8|3|8
11|92.75|1691|430|4.8|4.8|3|8
11.1|92.68|1696|430|4.8|4.8|3|8
11.2|92.67|1701|430|4.8|4.8|3|8
11.3|92.71|1706|430|4.8|4.8|3|8
11.4|92.68|1711|430|4.8|4.8|3|8
11.5|92.67|1716|430|4.8|4.8|3|8
11.6|92.7|1719|430|4.8|4.8|3|8
11.7|92.67|1722|430|4.8|4.8|3|8
11.8|92.67|1724|430|4.8|4.8|3|8
11.9|92.68|1727|430|4.8|4.8|3|8
12|92.7|1729|430|4.8|4.8|3|8
12.1|92.71|1732|430|4.8|4.8|3|8
12.2|92.67|1735|430|4.8|4.8|3|8
12.3|92.68|1740|430|4.8|4.8|3|8
12.4|92.68|1740|430|4.8|4.8|3|8
12.5|92.67|1742|430|4.8|4.8|3|8
12.6|92.66|1742|430|4.8|4.8|4|8
12.7|92.91|1737|430|4.8|4.8|4|8
12.8|93.26|1680|430|4.8|4.8|4|8
12.9|93.81|1028|432|4.8|4.8|5|8
13|94.16|814|432|4.8|4.8|5|8
13.1|94.29|809|432|4.8|4.8|5|8
13.2|94.37|807|431|4.8|4.8|5|8
13.3|94.43|807|431|4.8|4.8|5|8
13.4|94.45|807|431|4.8|4.8|5|8
13.5|94.48|804|430|4.8|4.8|5|8
13.6|94.45|804|431|4.8|4.8|5|8
13.7|94.44|804|431|4.8|4.8|5|8
13.8|94.43|804|431|4.8|4.8|5|8
13.9|94.39|804|430|4.8|4.8|5|8
14|94.41|804|430|4.8|4.8|5|8
14.1|94.44|804|430|4.8|4.9|5|8
14.2|94.47|804|430|4.9|4.9|5|8
14.3|94.48|804|430|4.9|4.9|5|8
14.4|94.44|804|430|4.9|4.9|5|8
14.5|94.43|804|430|4.9|4.9|5|8
14.6|94.4|804|430|4.9|4.9|5|8
14.7|94.43|804|430|4.9|4.9|5|8
14.8|94.44|804|430|4.9|4.9|5|8
14.9|94.49|804|430|4.9|4.9|2|8
15|94.4|802|430|4.9|4.9|2|8
15.1|94.02|804|430|4.9|4.9|2|8
15.2|93.62|812|430|4.9|4.9|2|8
15.3|93.22|1144|432|4.8|4.8|2|8
15.4|92.79|1616|430|4.9|4.9|3|8
15.5|92.64|1675|430|4.9|4.9|3|8
15.6|92.41|1704|430|4.9|4.9|3|8
15.7|92.39|1716|430|4.9|4.9|3|8
15.8|92.39|1724|430|4.9|4.9|3|8
15.9|92.27|1732|430|4.9|4.9|3|8
16|92.31|1737|430|4.9|4.9|3|8
16.1|92.27|1742|430|4.9|4.9|3|8
16.2|92.31|1745|430|4.9|4.9|3|8
16.3|92.29|1750|430|4.9|4.9|3|8
16.4|92.29|1753|430|4.9|4.9|3|8
16.5|92.31|1755|430|4.9|4.9|3|8
16.6|92.29|1760|430|4.9|4.9|3|8
16.7|92.29|1763|430|4.9|4.9|3|8
16.8|92.29|1763|430|4.9|4.9|3|8
16.9|92.29|1765|430|4.9|4.9|3|8
17|92.29|1768|430|4.9|4.9|3|8
17.1|92.24|1771|430|4.9|4.9|3|8
17.2|92.29|1771|430|4.9|4.9|3|8
17.3|92.28|1773|430|4.9|4.9|3|8
17.4|92.31|1776|430|4.9|4.9|4|8
17.5|92.37|1776|430|4.9|4.9|4|8
17.6|92.7|1742|430|4.9|4.9|4|8
17.7|93.19|1665|431|4.9|4.9|4|8
17.8|93.74|853|432|4.9|4.9|5|8
17.9|93.92|820|432|4.9|4.9|5|8
18|94.05|817|431|4.9|4.9|5|8
18.1|94.09|814|431|4.9|4.9|5|8
18.2|94.13|814|431|4.9|4.9|5|8
18.3|94.13|812|431|4.9|4.9|5|8
18.4|94.12|812|431|4.9|4.9|5|8
18.5|94.13|812|431|4.9|4.9|5|8
18.6|94.13|812|431|4.9|4.9|5|8
18.7|94.13|812|431|4.9|4.9|5|8
18.8|94.13|812|431|4.9|4.9|5|8
18.9|94.13|812|430|4.9|4.9|5|8
19|94.13|812|430|4.9|4.9|5|8
19.1|94.15|812|430|4.9|4.9|5|8
19.2|94.16|812|430|4.9|4.9|5|8
19.3|94.17|812|430|4.9|4.9|5|8
19.4|94.19|812|430|4.9|4.9|5|8
19.5|94.16|812|430|4.9|4.9|5|8
19.6|94.06|812|430|4.9|4.9|5|8
19.7|94.12|812|430|4.9|4.9|5|8
19.8|94.15|812|430|4.9|4.9|2|8
19.9|93.94|812|430|4.9|4.9|2|8
20|93.57|812|430|4.9|4.9|2|8
20.1|93.13|930|431|4.9|4.9|2|8
20.2|92.71|1454|432|4.9|4.9|2|8
20.3|92.4|1668|431|4.9|4.9|3|8
20.4|92.08|1706|422|4.9|4.9|3|8
20.5|92|1727|418|4.9|4.9|3|8
20.6|91.94|1740|416|4.9|4.9|3|8
20.7|91.96|1747|416|4.9|4.9|3|8
20.8|91.94|1758|416|4.9|4.9|3|8
20.9|91.93|1763|416|4.9|4.9|3|8
21|91.88|1768|416|4.9|4.9|3|8
21.1|91.92|1773|416|4.9|4.9|3|8
21.2|91.92|1776|416|4.9|4.9|3|8
21.3|91.9|1781|416|4.9|4.9|3|8
21.4|91.89|1784|416|4.9|4.9|3|8
21.5|91.89|1789|416|4.9|4.9|3|8
21.6|91.89|1789|416|4.9|4.9|3|8
21.7|91.89|1794|416|4.9|4.9|3|8
21.8|91.89|1794|416|4.9|4.9|3|8
21.9|91.9|1799|416|4.9|4.9|3|8
22|91.89|1802|416|4.9|4.9|3|8
22.1|91.89|1804|416|4.9|4.9|3|8
22.2|91.89|1807|416|4.9|4.9|3|8
22.3|91.92|1807|416|4.9|4.9|4|8
22.4|92.04|1807|416|4.9|4.9|4|8
22.5|92.53|1758|416|4.9|4.9|4|8
22.6|92.98|1008|416|4.9|4.9|5|8
22.7|93.3|835|414|4.9|4.9|5|8
22.8|93.49|830|413|4.9|4.9|5|8
22.9|93.5|830|412|4.9|4.9|5|8
23|93.54|827|412|4.9|4.9|5|8
23.1|93.55|827|412|4.9|4.9|5|8
23.2|93.57|827|412|4.9|4.9|5|8
23.3|93.55|825|412|4.9|4.9|5|8
23.4|93.54|825|412|4.9|4.9|5|8
23.5|93.54|825|412|4.9|4.9|5|8
23.6|93.53|825|412|4.9|4.9|5|8
23.7|93.5|825|412|4.9|4.9|5|8
23.8|93.53|825|412|4.9|4.9|5|8
23.9|93.54|825|412|4.9|4.9|5|8
24|93.54|825|412|4.9|4.9|5|8
24.1|93.57|825|412|4.9|4.9|5|8
24.2|93.54|825|412|4.9|4.9|5|8
24.3|93.53|825|411|4.9|4.9|5|8
24.4|93.5|825|411|4.9|4.9|5|8
24.5|93.54|827|412|4.9|4.9|5|8
24.6|93.54|825|412|4.9|4.9|2|8
24.7|93.39|825|412|4.9|4.9|2|8
24.8|93.06|825|412|4.9|4.9|2|8
24.9|92.7|853|412|4.9|4.9|2|8
25|92.19|1590|412|4.9|4.9|3|8
25.1|91.93|1704|414|4.9|4.9|3|8
25.2|91.78|1732|415|4.9|4.9|3|8
25.3|91.61|1753|416|4.9|4.9|3|8
25.4|91.54|1768|416|4.9|4.9|3|8
25.5|91.54|1776|416|4.9|4.9|3|8
25.6|91.56|1781|416|4.9|4.9|3|8
25.7|91.56|1786|416|4.9|4.9|3|8
25.8|91.56|1791|416|4.9|4.9|3|8
25.9|91.56|1796|416|4.9|4.9|3|8
26|91.54|1802|416|4.9|4.9|3|8
26.1|91.57|1807|416|4.9|4.9|3|8
26.2|91.56|1812|416|4.9|4.9|3|8
26.3|91.58|1817|416|4.9|4.9|3|8
26.4|91.56|1820|416|4.9|4.9|3|8
26.5|91.56|1822|416|4.9|4.9|3|8
26.6|91.56|1825|416|4.9|4.9|3|8
26.7|91.56|1827|416|4.9|4.9|3|8
26.8|91.54|1832|416|4.9|4.9|3|8
26.9|91.56|1832|416|4.9|4.9|3|8
27|91.56|1832|416|4.9|4.9|4|8
27.1|91.64|1835|416|4.9|4.9|4|8
27.2|91.82|1832|416|4.9|4.9|4|8
27.3|92.24|1776|416|4.9|4.9|4|8
27.4|92.72|907|415|4.9|4.9|5|8
27.5|92.99|845|413|4.9|4.9|5|8
27.6|93.23|843|412|4.9|4.9|5|8
27.7|93.23|840|412|4.9|4.9|5|8
27.8|93.23|840|412|4.9|4.9|5|8
27.9|93.23|838|412|4.9|4.9|5|8
28|93.23|838|412|4.9|4.9|5|8
28.1|93.23|838|412|4.9|4.9|5|8
28.2|93.23|838|412|5|4.9|5|8
28.3|93.21|838|412|5|5|5|8
28.4|93.19|835|412|4.9|4.9|5|8
28.5|93.11|835|411|5|4.9|5|8
28.6|93.19|835|411|5|4.9|5|8
28.7|93.3|835|411|5|5|5|8
28.8|93.25|838|412|5|5|5|8
28.9|93.19|838|412|5|5|5|8
29|93.25|838|412|5|5|5|8
29.1|93.27|838|411|5|5|5|8
29.2|93.23|838|412|5|5|5|8
29.3|93.22|838|411|5|5|5|8
29.4|93.18|838|411|5|5|2|8
29.5|93.18|838|411|5|5|2|8
29.6|92.76|838|411|5|5|2|8
29.7|92.33|879|412|5|5|2|8
29.8|91.9|1665|413|5|5|3|8
29.9|91.61|1732|414|5|5|3|8
30|91.51|1753|414|5|5|3|8
30.1|91.49|1771|415|5|5|3|8
30.2|91.39|1784|415|5|5|3|8
30.3|91.41|1804|414|5|5|3|8
30.4|91.39|1825|401|5|5|3|8
30.5|91.35|1835|397|5|5|3|8
30.6|91.33|1843|396|5|5|3|8
30.7|91.34|1851|395|5|5|3|8
30.8|91.37|1856|394|5|5|3|8
30.9|91.35|1861|394|5|5|3|8
31|91.37|1866|394|5|5|3|8
31.1|91.38|1871|394|5|5|3|8
31.2|91.37|1876|394|5|5|3|8
31.3|91.3|1881|394|5|5|3|8
31.4|91.33|1884|394|5|5|3|8
31.5|91.33|1887|394|5|5|3|8
31.6|91.33|1889|394|5|5|3|8
31.7|91.33|1892|394|5|5|3|8
31.8|91.33|1892|394|5|5|4|8
31.9|91.42|1892|394|5|5|4|8
32|91.73|1876|394|5|5|4|8
32.1|92.21|1577|395|5|5|4|8
32.2|92.6|879|395|5|5|5|8
32.3|92.86|866|394|5|5|5|8
32.4|92.91|863|394|5|5|5|8
32.5|92.98|863|394|5|5|5|8
32.6|92.98|863|394|5|5|5|8
32.7|92.96|861|394|5|5|5|8
32.8|92.99|861|394|5|5|5|8
32.9|93|861|394|5|5|5|8
33|93.02|861|394|5|5|5|8
33.1|92.98|861|394|5|5|5|8
33.2|92.95|861|394|5|5|5|8
33.3|92.98|861|394|5|5|5|8
33.4|92.98|861|394|5|5|5|8
33.5|92.98|861|394|5|5|5|8
33.6|92.99|861|394|5|5|5|8
33.7|93.03|861|394|5|5|5|8
33.8|92.98|861|394|5|5|5|8
33.9|92.94|861|394|5|5|5|8
34|92.96|861|394|5|5|5|8
34.1|92.98|863|394|5|5|5|8
34.2|92.99|863|394|5|5|2|8
34.3|92.7|861|394|5|5|2|8
34.4|92.31|863|394|5|5|2|8
34.5|91.88|1309|395|5|5|2|8
34.6|91.51|1747|395|5|5|3|8
34.7|91.37|1784|395|5|5|3|8
34.8|91.25|1807|394|5|5|3|8
34.9|91.18|1832|394|5|5|3|8
35|91.09|1851|394|5|5|3|8
35.1|91.1|1861|394|5|5|3|8
35.2|91.1|1869|394|5|5|3|8
35.3|91.11|1874|394|5|5|3|8
35.4|91.11|1881|394|5|5|3|8
35.5|91.11|1884|394|5|5|3|8
35.6|91.1|1889|394|5|5|3|8
35.7|91.07|1892|394|5|5|3|8
35.8|91.1|1897|394|5|5|3|8
35.9|91.1|1902|394|5|5|3|8
36|91.09|1905|394|5|5|3|8
36.1|91.07|1905|394|5|5|3|8
36.2|91.09|1907|394|5|5|3|8
36.3|91.09|1910|394|5|5|3|8
36.4|91.11|1910|394|5|5|3|8
36.5|91.07|1910|394|5|5|3|8
36.6|91.14|1912|394|5|5|4|8
36.7|91.27|1910|394|5|5|4|8
36.8|91.57|1876|394|5|5|4|8
36.9|92.05|974|395|5|5|2|8
37|92.27|887|394|5|5|2|8
37.1|92.28|884|394|5|5|2|8
37.2|92.2|881|394|5|5|2|8
37.3|92.15|879|394|5|5|2|8
37.4|92.11|879|394|5|5|2|8
37.5|92.11|879|394|5|5|2|8
37.6|92|879|394|5|5|2|8
37.7|91.97|879|394|5|5|2|8
37.8|91.9|876|394|5|5|2|8
37.9|91.84|933|394|5|5|2|8
38|91.76|954|394|5|5|2|8
38.1|91.72|992|394|5|5|2|8
38.2|91.6|1572|394|5|5|2|8
38.3|91.58|1603|394|5|5|2|8
38.4|91.76|1412|395|5|5|2|8
38.5|91.84|889|394|5|5|2|8
38.6|91.84|881|394|5|5|2|8
38.7|91.89|879|394|5|5|2|8
38.8|91.9|879|394|5|5|2|8
38.9|91.78|879|394|5|5|2|8
39|91.7|933|394|5|5|2|8
39.1|91.61|1124|394|5|5|2|8
39.2|91.56|1222|395|5|5|2|8
39.3|91.57|1572|396|5|5|2|8
39.4|91.57|1693|395|5|5|2|8
39.5|91.56|1724|394|5|5|2|8
39.6|91.78|1693|394|5|5|2|8
39.7|91.94|1407|395|5|5|2|8
39.8|91.98|894|394|5|5|2|8
39.9|92.13|884|394|5|5|2|8
40|92.16|884|394|5|5|2|8
40.1|92.11|884|394|5|5|2|8
40.2|92.08|884|394|5|5|2|8
40.3|92.04|884|394|5|5|2|8
40.4|91.96|884|393|5|5|2|8
40.5|91.89|884|392|5|5|2|8
40.6|91.86|959|392|5|5|2|8
40.7|91.77|1036|393|5|5|2|8
40.8|91.73|990|393|5|5|2|8
40.9|91.6|1005|393|5|5|2|8
41|91.58|1070|394|5|5|2|8
41.1|91.58|1425|394|5|5|2|8
41.2|91.49|1611|394|5|5|2|8
41.3|91.47|1611|393|5|5|2|8
41.4|91.68|1144|393|5|5|2|8
41.5|91.74|894|392|5|5|2|8
41.6|91.78|889|392|5|5|2|8
41.7|91.77|889|392|5|5|2|8
41.8|91.73|889|392|5|5|2|8
41.9|91.6|889|392|5|5|2|8
42|91.57|889|392|5|5|2|8
42.1|91.56|948|392|5|5|2|8
42.2|91.5|1515|393|5|5|2|8
42.3|91.46|1629|393|5|5|2|8
42.4|91.47|1642|393|5|5|2|8
42.5|91.74|1649|393|5|5|2|8
42.6|91.84|1660|394|5|5|2|8
42.7|92.02|1268|394|5|5|2|8
42.8|92.21|902|393|5|5|2|8
42.9|92.32|897|393|5|5|2|8
43|92.2|897|392|5|5|2|8
43.1|92.17|894|392|5|5|2|8
43.2|92.09|897|392|5|5|2|8
43.3|92.09|897|392|5|5|2|8
43.4|92.08|897|392|5|5|2|8
43.5|91.97|902|393|5|5|2|8
43.6|91.92|907|392|5|5|2|8
43.7|91.88|943|392|5|5|2|8
43.8|91.8|933|393|5|5|2|8
43.9|91.72|918|393|5|5|2|8
44|91.62|966|393|5|5|2|8
44.1|91.57|907|393|5|5|2|8
44.2|91.61|907|392|5|5|2|8
44.3|91.5|1031|393|5|5|2|8
44.4|91.43|1062|392|5|5|2|8
44.5|91.38|1106|392|5|5|2|8
44.6|91.25|1034|392|5|5|2|8
44.7|91.26|1072|392|5|5|2|8
44.8|91.05|1106|391|5|5|2|8
44.9|91.05|1008|392|5|5|2|8
45|90.98|1299|392|5|5|2|8
45.1|90.92|1147|392|5|5|2|8
45.2|90.83|1098|392|5|5|2|8
45.3|90.76|1247|392|5|5|2|8
45.4|90.67|1093|392|5|5|2|8
45.5|90.63|1013|392|5|5|2|8
45.6|90.55|1003|391|5|5|2|8
45.7|90.44|1103|391|5|5|2|8
45.8|90.37|1193|391|5|5|2|8
45.9|90.36|1178|392|5|5|2|8
46|90.25|1142|392|5|5|2|8
46.1|90.15|1229|391|5|5|2|8
46.2|89.96|1039|391|5|5|2|8
46.3|89.96|1106|391|5|5|2|8
46.4|89.9|1093|391|5|5|2|8
46.5|89.81|1070|391|5|5|2|8
46.6|89.73|1139|391|5|5|2|8
46.7|89.62|1103|392|5|5|2|8
46.8|89.52|1041|391|5|5|2|8
46.9|89.5|1049|391|5|5|2|8
47|89.34|1111|392|5.1|5|2|8
47.1|89.21|1082|392|5.1|5|2|8
47.2|89.17|1008|391|5|5|2|8
47.3|89.07|987|391|5.1|5.1|2|8
47.4|88.97|1067|392|5.1|5|2|8
47.5|88.97|1010|392|5.1|5.1|2|8
47.6|88.75|1085|392|5.1|5.1|2|8
47.7|88.67|1077|392|5.1|5.1|2|8
47.8|88.58|997|392|5.1|5|2|8
47.9|88.48|1095|392|5.1|5.1|2|8
48|88.32|1155|392|5.1|5.1|2|8
48.1|88.24|1064|392|5.1|5.1|2|8
48.2|88.12|974|392|5.1|5.1|2|8
48.3|88.05|1052|392|5.1|5.1|2|8
48.4|87.89|1237|392|5.1|5.1|2|8
48.5|87.8|1204|392|5.1|5.1|2|8
48.6|87.65|1106|392|5.1|5.1|2|8
48.7|87.53|1108|392|5.1|5.1|2|8
48.8|87.44|1003|392|5.1|5.1|2|8
48.9|87.33|972|392|5.1|5.1|2|8
49|87.21|1088|392|5.1|5.1|2|8
49.1|87.11|1090|391|5.1|5.1|2|8
49.2|86.99|1098|391|5.1|5.1|2|8
49.3|86.86|1116|390|5.1|5.1|2|8
49.4|86.75|1119|391|5.1|5.1|2|8
49.5|86.62|1289|392|5.1|5.1|2|8
49.6|86.43|1178|391|5.1|5.1|2|8
49.7|86.31|1103|392|5.1|5.1|2|8
49.8|86.19|1268|392|5.1|5.1|2|8
49.9|86.07|1044|392|5.1|5.1|2|8
50|85.89|1222|392|5.1|5.1|2|8
50.1|85.81|1057|392|5.1|5.1|2|8
50.2|85.64|1070|392|5.1|5.1|2|8
50.3|85.5|1062|392|5.1|5.1|2|8
50.4|85.38|1082|392|5.1|5.1|2|8
50.5|85.22|1106|392|5.1|5.1|2|8
50.6|85.05|1152|391|5.1|5.1|2|8
50.7|84.91|1162|392|5.1|5.1|2|8
50.8|84.78|1106|392|5.1|5.1|2|8
50.9|84.6|1175|391|5.1|5.1|2|8
51|84.43|1193|392|5.1|5.1|2|8
51.1|84.27|1160|392|5.1|5.1|2|8
51.2|84.16|1098|392|5.1|5.1|2|8
51.3|83.92|1186|392|5.1|5.1|2|8
51.4|83.87|1268|392|5.1|5.1|2|8
51.5|83.68|1054|392|5.1|5.1|2|8
51.6|83.45|1072|392|5.1|5.1|2|8
51.7|83.3|1052|392|5.1|5.1|2|8
51.8|83.11|1111|392|5.1|5.1|2|8
51.9|82.9|1299|392|5.1|5.1|2|8
52|82.77|1031|392|5.1|5.1|2|8
52.1|82.56|1286|392|5.1|5.1|2|8
52.2|82.38|1139|392|5.1|5.1|2|8
52.3|82.19|1376|392|5.1|5.1|2|8
52.4|82.08|1247|392|5.1|5.1|2|8
52.5|81.84|1322|392|5.1|5.1|2|8
52.6|81.66|1224|392|5.1|5.1|2|8
52.7|81.42|1173|392|5.1|5.1|6|8
52.8|80.46|1856|391|5|5|6|8
52.9|78.31|1959|390|5|5|6|8
53|76.43|119|390|5|5|6|8
53.1|74.71|0|391|5|5|7|8
53.2|73.26|0|392|5|5|7|8
53.3|72.28|0|392|5|5|7|8
53.4|71.64|0|392|5|5|7|8
53.5|71.28|0|392|5|5|7|8
53.6|71.04|0|392|5|5|7|8
53.7|70.78|0|392|5|5|7|8
53.8|70.71|0|392|5|5|7|8
53.9|70.69|0|392|5|5|7|8
54|70.61|0|392|5|5|7|8
54.1|70.62|0|392|5|5|7|8
54.2|70.62|0|392|5|5|7|8
54.3|70.59|0|392|5|5|7|8
54.4|70.58|0|392|5|5|7|8
54.5|70.61|0|392|5|5|7|8
54.6|70.58|0|392|5|5|7|8
54.7|70.62|0|392|5|5|7|8
54.8|70.61|0|392|5|5|7|8
54.9|70.61|0|392|5|5|7|8
55|70.54|0|392|5|5|7|8
55.1|70.51|0|392|5|5|7|8
55.2|70.53|0|392|5|5|7|8
55.3|70.51|0|392|5|5|7|8
55.4|70.53|0|392|5|5|7|8
55.5|70.51|0|392|5|5|7|8
55.6|70.54|0|392|5|5|7|8
55.7|70.54|0|392|5|5|7|8
55.8|70.55|0|392|5|5|7|8
55.9|70.62|0|392|5|5|7|8
56|70.61|0|392|5.1|5|7|8
56.1|70.57|0|392|5|5|7|8
56.2|70.59|0|392|5.1|5.1|7|8
56.3|70.51|0|392|5.1|5.1|7|8
56.4|70.47|0|392|5.1|5.1|7|8
56.5|70.5|0|392|5.1|5.1|7|8
56.6|70.53|0|392|5.1|5.1|7|8
56.7|70.53|0|392|5.1|5.1|7|8
56.8|70.54|0|392|5.1|5.1|7|8
56.9|70.55|0|392|5.1|5.1|7|8
57|70.58|0|392|5.1|5.1|7|8
57.1|70.55|0|392|5.1|5.1|7|8
57.2|70.51|0|392|5.1|5.1|7|8
57.3|70.46|0|392|5.1|5.1|7|8
57.4|70.47|0|392|5.1|5.1|7|8
57.5|70.53|0|392|5.1|5.1|7|8
57.6|70.54|0|392|5.1|5.1|7|8
57.7|70.59|0|392|5.1|5.1|7|8
57.8|70.57|0|392|5.1|5.1|7|8
57.9|70.55|0|392|5.1|5.1|7|8
58|70.53|0|392|5.1|5.1|7|8
58.1|70.51|0|392|5.1|5.1|7|8
58.2|70.47|0|392|5.1|5.1|7|8
58.3|70.51|0|392|5.1|5.1|7|8
58.4|70.5|0|392|5.1|5.1|7|8
58.5|70.51|0|392|5.1|5.1|7|8
58.6|70.53|0|392|5.1|5.1|7|8
58.7|70.55|0|392|5.1|5.1|7|8
58.8|70.55|0|392|5.1|5.1|7|8
58.9|70.54|0|392|5.1|5.1|7|8
59|70.53|0|392|5.1|5.1|7|8
59.1|70.5|0|392|5.1|5.1|7|8
59.2|70.47|0|392|5.1|5.1|7|8
59.3|70.5|0|392|5.1|5.1|7|8
59.4|70.54|0|392|5.1|5.1|7|8
59.5|70.53|0|392|5.1|5.1|7|8
59.6|70.58|0|392|5.1|5.1|7|8
59.7|70.54|0|392|5.1|5.1|7|8
59.8|70.5|0|392|5.1|5.1|7|8
59.9|70.46|0|392|5.1|5.1|7|8
60|70.47|0|392|5.1|5.1|7|8
60.1|70.51|0|392|5.1|5.1|7|8
60.2|70.57|0|392|5.1|5.1|7|8
60.3|70.55|0|392|5.1|5.1|7|8
60.4|70.54|0|392|5.1|5.1|7|8
60.5|70.51|0|392|5.1|5.1|7|8
60.6|70.51|0|392|5.1|5.1|7|8
60.7|70.51|0|392|5.1|5.1|7|8
60.8|70.51|0|392|5.1|5.1|7|8
60.9|70.49|0|392|5.1|5.1|7|8
61|70.46|0|392|5.1|5.1|7|8
61.1|70.49|0|392|5.1|5.1|7|8
61.2|70.53|0|392|5.1|5.1|7|8
61.3|70.57|0|392|5.1|5.1|7|8
61.4|70.53|0|392|5.1|5.1|7|8
61.5|70.51|0|392|5.1|5.1|7|8
61.6|70.5|0|392|5.1|5.1|7|8
61.7|70.5|0|392|5.1|5.1|7|8
61.8|70.46|0|392|5.1|5.1|7|8
61.9|70.47|0|392|5.1|5.1|7|8
62|70.5|0|392|5.1|5.1|7|8
62.1|70.53|0|392|5.1|5.1|7|8
62.2|70.55|0|392|5.1|5.1|7|8
62.3|70.53|0|392|5.1|5.1|7|8
62.4|70.5|0|392|5.1|5.1|7|8
62.5|70.49|0|392|5.1|5.1|7|8
62.6|70.46|0|392|5.1|5.1|7|8
62.7|70.46|0|392|5.1|5.1|7|8
62.8|70.51|0|392|5.1|5.1|7|8
62.9|70.55|0|392|5.1|5.1|7|8
63|70.54|0|392|5.1|5.1|7|8
63.1|70.5|0|392|5.1|5.1|7|8
63.2|70.49|0|392|5.1|5.1|7|8
63.3|70.49|0|392|5.1|5.1|7|8
63.4|70.46|0|394|5.1|5.1|7|8
63.5|70.5|0|394|5.1|5.1|7|8
63.6|70.5|0|394|5.1|5.1|7|8
63.7|70.51|0|394|5.1|5.1|7|8
63.8|70.57|0|394|5.1|5.1|7|8
63.9|70.53|0|395|5.1|5.1|7|8
64|70.53|0|395|5.1|5.1|7|8
64.1|70.53|0|395|5.1|5.1|7|8
64.2|70.46|0|395|5.1|5.1|7|8
64.3|70.45|0|394|5.1|5.1|7|8
64.4|70.47|0|394|5.1|5.1|7|8
64.5|70.46|0|395|5.1|5.1|7|8
64.6|70.49|0|395|5.1|5.1|7|8
64.7|70.49|0|395|5.1|5.1|7|8
64.8|70.49|0|395|5.1|5.1|7|8
64.9|70.49|0|395|5.1|5.1|7|8
65|70.5|0|395|5.1|5.1|7|8
65.1|70.51|0|395|5.1|5.1|7|8
65.2|70.55|0|395|5.1|5.1|7|8
65.3|70.55|0|395|5.1|5.1|7|8
65.4|70.5|0|395|5.1|5.1|7|8
65.5|70.5|0|395|5.1|5.1|7|8
65.6|70.49|0|395|5.1|5.1|7|8
65.7|70.49|0|395|5.1|5.1|7|8
65.8|70.49|0|395|5.1|5.1|7|8
65.9|70.49|0|395|5.1|5.1|7|8
66|70.49|0|395|5.1|5.1|7|8
66.1|70.49|0|395|5.1|5.1|8|8
66.2|70.36|0|395|5.1|5.1|8|8
66.3|70.36|0|395|5.1|5.1|8|8
66.4|70.35|0|395|5|5|8|8
66.5|70.39|0|395|5|5|8|8
66.6|70.46|0|395|5|5|8|8
66.7|70.42|0|395|5|5|8|8
66.8|70.42|0|395|5|5|8|8
66.9|70.38|0|395|4.9|4.9|8|8
67|70.35|0|394|4.9|4.9|8|8
67.1|70.38|0|394|4.9|4.9|8|8
67.2|70.39|0|394|4.9|4.8|8|8
67.3|70.46|0|395|4.7|4.7|8|8
67.4|70.42|0|395|4.6|4.6|8|8
67.5|70.41|0|394|4.6|4.6|8|8
67.6|70.39|0|394|4.7|4.7|8|8
67.7|70.36|0|394|4.7|4.7|8|8
67.8|70.41|0|394|4.6|4.6|8|8
67.9|70.42|0|394|4.6|4.6|8|8
68|70.41|0|395|4.6|4.6|8|8
68.1|71.92|0|395|4.6|4.6|8|8
68.2|74.62|0|395|4.5|4.5|8|8
68.3|77.33|0|394|4.5|4.5|8|8
68.4|80.01|0|394|4.5|4.5|8|8
68.5|82.64|0|394|4.5|4.5|8|8
68.6|85.3|0|394|4.5|4.5|8|8
68.7|87.88|0|394|4.5|4.5|8|8
68.8|90.48|0|395|4.5|4.5|8|8
68.9|93.07|0|395|4.5|4.5|8|8
69|94.68|0|395|4.5|4.5|8|8
69.1|95.39|0|394|4.5|4.5|8|8
69.2|95.74|0|395|4.5|4.5|8|8
