0|95.96|915|457|5.1|5.1|1|8
0.1|95.96|1036|454|5.1|5.1|1|8
0.2|95.98|1044|454|5.1|5.1|1|8
0.3|96.02|1049|454|5.1|5.2|1|8
0.4|96.04|1052|454|5.2|5.2|1|8
0.5|95.96|1052|454|5.2|5.2|2|8
0.6|95.66|1052|454|5.2|5.2|2|8
0.7|95.26|1103|454|5.2|5.2|2|8
0.8|94.8|1170|454|5.2|5.2|2|8
0.9|94.41|1626|452|5.2|5.2|3|8
1|94|1701|451|5.2|5.2|3|8
1.1|93.89|1716|451|5.2|5.2|3|8
1.2|93.86|1727|450|5.2|5.2|3|8
1.3|93.76|1732|450|5.2|5.2|3|8
1.4|93.76|1737|450|5.2|5.2|3|8
1.5|93.7|1740|450|5.2|5.2|3|8
1.6|93.81|1745|451|5.2|5.2|3|8
1.7|93.69|1747|451|5.2|5.2|3|8
1.8|93.7|1750|451|5.2|5.2|3|8
1.9|93.81|1750|450|5.2|5.2|3|8
2|93.77|1755|450|5.2|5.2|3|8
2.1|93.66|1755|450|5.2|5.2|3|8
2.2|93.8|1760|450|5.2|5.2|3|8
2.3|93.78|1758|450|5.2|5.2|3|8
2.4|93.65|1760|450|5.2|5.2|3|8
2.5|93.7|1760|450|5.2|5.2|3|8
2.6|93.81|1763|450|5.2|5.2|3|8
2.7|93.74|1768|450|5.2|5.2|3|8
2.8|93.65|1768|450|5.2|5.2|3|8
2.9|93.8|1771|450|5.2|5.2|4|8
3|93.8|1771|450|5.2|5.2|4|8
3.1|94.16|1753|450|5.2|5.2|4|8
3.2|94.63|1691|450|5.2|5.2|4|8
3.3|95.11|1443|451|5.2|5.2|4|8
3.4|95.54|1077|454|5.2|5.2|5|8
3.5|95.7|1072|460|5.2|5.2|5|8
3.6|95.72|1072|462|5.2|5.2|5|8
3.7|95.84|1072|464|5.2|5.2|5|8
3.8|95.88|1072|464|5.2|5.2|5|8
3.9|95.8|1072|464|5.2|5.2|5|8
4|95.86|1072|464|5.2|5.2|5|8
4.1|95.82|1072|464|5.2|5.2|5|8
4.2|95.84|1072|464|5.3|5.3|5|8
4.3|95.84|1072|464|5.3|5.3|5|8
4.4|95.84|1077|464|5.3|5.3|5|8
4.5|95.84|1077|466|5.3|5.3|5|8
4.6|95.84|1075|468|5.3|5.3|5|8
4.7|95.82|1075|468|5.3|5.3|5|8
4.8|95.82|1075|468|5.3|5.3|5|8
4.9|95.84|1075|468|5.3|5.3|5|8
5|95.84|1075|468|5.3|5.3|5|8
5.1|95.82|1075|468|5.3|5.3|5|8
5.2|95.84|1075|468|5.3|5.3|5|8
5.3|95.84|1075|468|5.3|5.3|5|8
5.4|95.8|1075|468|5.3|5.3|2|8
5.5|95.49|1075|468|5.3|5.3|2|8
5.6|95.11|1075|468|5.3|5.3|2|8
5.7|94.71|1119|469|5.3|5.3|2|8
5.8|94.21|1224|469|5.3|5.3|2|8
5.9|93.68|1433|469|5.3|5.3|2|8
6|93.26|1758|468|5.3|5.3|3|8
6.1|93.06|1807|468|5.3|5.3|3|8
6.2|92.91|1820|468|5.3|5.3|3|8
6.3|92.86|1830|468|5.3|5.3|3|8
6.4|92.86|1832|468|5.3|5.3|3|8
6.5|92.87|1838|468|5.3|5.3|3|8
6.6|92.82|1838|468|5.3|5.3|3|8
6.7|92.84|1840|468|5.3|5.3|3|8
6.8|92.84|1840|468|5.3|5.3|3|8
6.9|92.84|1840|468|5.3|5.3|3|8
7|92.84|1843|468|5.3|5.3|3|8
7.1|92.83|1843|467|5.3|5.3|3|8
7.2|92.83|1843|467|5.3|5.3|3|8
7.3|92.86|1845|468|5.3|5.3|3|8
7.4|92.86|1845|468|5.3|5.3|3|8
7.5|92.8|1845|468|5.3|5.3|3|8
7.6|92.83|1845|468|5.3|5.3|3|8
7.7|92.83|1845|468|5.3|5.3|3|8
7.8|92.84|1848|468|5.3|5.3|3|8
7.9|92.82|1848|468|5.3|5.3|3|8
8|92.83|1848|468|5.3|5.3|4|8
8.1|93.03|1843|468|5.3|5.3|4|8
8.2|93.51|1791|468|5.3|5.3|4|8
8.3|94.01|1119|468|5.3|5.3|5|8
8.4|94.28|1088|469|5.3|5.3|5|8
8.5|94.33|1085|469|5.3|5.3|5|8
8.6|94.4|1085|469|5.3|5.3|5|8
8.7|94.43|1082|469|5.3|5.3|5|8
8.8|94.45|1082|469|5.3|5.3|5|8
8.9|94.47|1082|469|5.3|5.3|5|8
9|94.43|1082|469|5.3|5.3|5|8
9.1|94.39|1082|469|5.3|5.3|5|8
9.2|94.41|1082|470|5.3|5.3|5|8
9.3|94.45|1082|470|5.3|5.4|5|8
9.4|94.44|1080|470|5.4|5.4|5|8
9.5|94.44|1080|470|5.4|5.4|5|8
9.6|94.44|1080|469|5.4|5.4|5|8
9.7|94.44|1080|470|5.4|5.4|5|8
9.8|94.43|1082|470|5.4|5.4|5|8
9.9|94.39|1082|470|5.4|5.4|5|8
10|94.41|1082|470|5.4|5.4|5|8
10.1|94.44|1082|470|5.4|5.4|5|8
10.2|94.47|1082|469|5.4|5.4|5|8
10.3|94.44|1082|469|5.4|5.4|2|8
10.4|94.28|1082|469|5.4|5.4|2|8
10.5|93.92|1082|469|5.4|5.4|2|8
10.6|93.47|1178|469|5.4|5.4|2|8
10.7|93.04|1755|469|5.4|5.4|3|8
10.8|92.78|1820|468|5.4|5.4|3|8
10.9|92.71|1840|468|5.4|5.4|3|8
11|92.64|1853|468|5.4|5.4|3|8
11.1|92.58|1858|467|5.4|5.4|3|8
11.2|92.51|1861|468|5.4|5.4|3|8
11.3|92.52|1863|468|5.4|5.4|3|8
11.4|92.56|1866|468|5.4|5.4|3|8
11.5|92.53|1866|468|5.4|5.4|3|8
11.6|92.55|1869|468|5.4|5.4|3|8
11.7|92.56|1869|468|5.4|5.4|3|8
11.8|92.56|1871|468|5.4|5.4|3|8
11.9|92.51|1871|468|5.4|5.4|3|8
12|92.53|1874|468|5.4|5.4|3|8
12.1|92.55|1874|468|5.4|5.4|3|8
12.2|92.53|1876|468|5.4|5.4|3|8
12.3|92.53|1876|468|5.4|5.4|3|8
12.4|92.49|1876|468|5.4|5.4|3|8
12.5|92.55|1876|468|5.4|5.4|3|8
12.6|92.55|1876|468|5.4|5.4|3|8
12.7|92.56|1876|468|5.4|5.4|4|8
12.8|92.6|1876|468|5.4|5.4|4|8
12.9|92.96|1848|468|5.4|5.4|4|8
13|93.55|1747|468|5.4|5.4|4|8
13.1|94|1108|469|5.4|5.4|5|8
13.2|94.2|1095|470|5.4|5.4|5|8
13.3|94.31|1093|470|5.4|5.4|5|8
13.4|94.32|1093|470|5.4|5.4|5|8
13.5|94.35|1093|468|5.4|5.4|5|8
13.6|94.37|1093|467|5.4|5.4|5|8
13.7|94.33|1093|467|5.4|5.4|5|8
13.8|94.32|1093|467|5.4|5.4|5|8
13.9|94.28|1093|467|5.4|5.4|5|8
14|94.31|1093|467|5.4|5.4|5|8
14.1|94.31|1090|467|5.4|5.4|5|8
14.2|94.32|1090|466|5.4|5.4|5|8
14.3|94.33|1090|467|5.4|5.4|5|8
14.4|94.4|1095|463|5.4|5.4|5|8
14.5|94.35|1098|450|5.4|5.4|5|8
14.6|94.33|1098|446|5.4|5.4|5|8
14.7|94.32|1098|445|5.4|5.4|5|8
14.8|94.28|1098|444|5.4|5.4|5|8
14.9|94.31|1101|444|5.4|5.4|5|8
15|94.33|1101|443|5.4|5.4|5|8
15.1|94.35|1103|443|5.4|5.4|2|8
15.2|94.05|1106|444|5.4|5.4|2|8
15.3|93.65|1106|444|5.4|5.4|2|8
15.4|93.23|1446|444|5.4|5.4|2|8
15.5|92.83|1796|444|5.4|5.4|3|8
15.6|92.66|1840|445|5.4|5.4|3|8
15.7|92.58|1858|446|5.4|5.4|3|8
15.8|92.45|1871|446|5.4|5.4|3|8
15.9|92.49|1879|446|5.4|5.4|3|8
16|92.52|1881|446|5.4|5.4|3|8
16.1|92.48|1887|446|5.4|5.4|3|8
16.2|92.47|1887|446|5.4|5.4|3|8
16.3|92.49|1889|446|5.4|5.4|3|8
16.4|92.52|1892|446|5.4|5.4|3|8
16.5|92.44|1894|446|5.4|5.4|3|8
16.6|92.48|1897|446|5.4|5.4|3|8
16.7|92.51|1897|446|5.4|5.4|3|8
16.8|92.43|1897|446|5.4|5.4|3|8
16.9|92.48|1899|446|5.4|5.4|3|8
17|92.51|1899|446|5.4|5.4|3|8
17.1|92.49|1899|446|5.4|5.4|3|8
17.2|92.44|1902|446|5.4|5.4|3|8
17.3|92.49|1902|446|5.4|5.4|3|8
17.4|92.52|1902|446|5.4|5.4|3|8
17.5|92.52|1905|446|5.4|5.4|4|8
17.6|92.68|1897|446|5.4|5.4|4|8
17.7|93.14|1851|446|5.4|5.4|4|8
17.8|93.74|1260|446|5.4|5.4|5|8
17.9|94.05|1126|445|5.4|5.4|5|8
18|94.21|1121|444|5.4|5.4|5|8
18.1|94.12|1121|444|5.4|5.4|5|8
18.2|94.33|1119|444|5.4|5.4|5|8
18.3|94.24|1119|444|5.4|5.4|5|8
18.4|94.28|1116|444|5.4|5.4|5|8
18.5|94.33|1119|444|5.4|5.4|5|8
18.6|94.28|1119|444|5.4|5.4|5|8
18.7|94.21|1119|444|5.4|5.4|5|8
18.8|94.28|1119|444|5.4|5.4|5|8
18.9|94.31|1119|444|5.4|5.4|5|8
19|94.27|1119|444|5.4|5.4|5|8
19.1|94.24|1119|444|5.4|5.4|5|8
19.2|94.29|1119|444|5.4|5.4|5|8
19.3|94.28|1119|444|5.4|5.4|5|8
19.4|94.27|1119|444|5.4|5.4|5|8
19.5|94.23|1119|444|5.4|5.4|5|8
19.6|94.28|1121|444|5.4|5.4|5|8
19.7|94.35|1119|444|5.4|5.4|5|8
19.8|94.28|1121|444|5.4|5.4|2|8
19.9|94.25|1121|444|5.4|5.4|2|8
20|93.89|1121|444|5.4|5.4|2|8
20.1|93.46|1124|444|5.4|5.4|2|8
20.2|92.99|1438|444|5.4|5.4|2|8
20.3|92.67|1832|445|5.4|5.4|3|8
20.4|92.41|1876|446|5.4|5.4|3|8
20.5|92.29|1889|446|5.4|5.4|3|8
20.6|92.19|1897|446|5.4|5.4|3|8
20.7|92.23|1899|446|5.4|5.4|3|8
20.8|92.24|1902|447|5.4|5.4|3|8
20.9|92.23|1905|447|5.4|5.4|3|8
21|92.28|1907|447|5.4|5.4|3|8
21.1|92.27|1910|447|5.4|5.4|3|8
21.2|92.21|1912|447|5.4|5.4|3|8
21.3|92.21|1912|447|5.4|5.4|3|8
21.4|92.24|1912|447|5.4|5.4|3|8
21.5|92.24|1915|447|5.4|5.4|3|8
21.6|92.24|1918|447|5.4|5.4|3|8
21.7|92.25|1918|447|5.4|5.4|3|8
21.8|92.23|1918|448|5.4|5.4|3|8
21.9|92.2|1920|448|5.4|5.4|3|8
22|92.23|1920|448|5.4|5.4|3|8
22.1|92.23|1920|448|5.4|5.4|3|8
22.2|92.23|1920|448|5.4|5.4|3|8
22.3|92.32|1920|448|5.4|5.4|4|8
22.4|92.58|1912|448|5.4|5.4|4|8
22.5|92.94|1858|447|5.4|5.4|4|8
22.6|93.47|1162|447|5.4|5.4|5|8
22.7|93.77|1137|446|5.4|5.4|5|8
22.8|93.77|1134|446|5.4|5.4|5|8
22.9|93.85|1134|446|5.4|5.4|5|8
23|93.86|1131|446|5.4|5.4|5|8
23.1|93.86|1131|446|5.4|5.4|5|8
23.2|93.88|1131|446|5.4|5.4|5|8
23.3|93.89|1131|446|5.4|5.4|5|8
23.4|93.93|1131|446|5.4|5.4|5|8
23.5|93.85|1129|446|5.4|5.4|5|8
23.6|93.86|1131|446|5.4|5.4|5|8
23.7|93.88|1131|446|5.4|5.4|5|8
23.8|93.86|1129|446|5.4|5.4|5|8
23.9|93.86|1129|446|5.4|5.4|5|8
24|93.88|1129|446|5.4|5.4|5|8
24.1|93.89|1129|446|5.4|5.4|5|8
24.2|93.94|1129|446|5.4|5.4|5|8
24.3|93.72|1129|446|5.4|5.4|5|8
24.4|93.86|1137|440|5.4|5.4|5|8
24.5|93.86|1139|422|5.4|5.4|5|8
24.6|93.89|1139|415|5.4|5.4|2|8
24.7|93.73|1139|412|5.4|5.4|2|8
24.8|93.33|1142|412|5.4|5.4|2|8
24.9|92.92|1312|412|5.4|5.4|2|8
25|92.52|1840|412|5.4|5.4|3|8
25.1|92.27|1899|413|5.4|5.4|3|8
25.2|92.15|1918|413|5.4|5.4|3|8
25.3|92.09|1923|414|5.4|5.4|3|8
25.4|92.13|1928|414|5.4|5.4|3|8
25.5|92.15|1933|414|5.4|5.4|3|8
25.6|92.15|1938|414|5.4|5.4|3|8
25.7|92.13|1941|414|5.4|5.4|3|8
25.8|92.09|1943|414|5.4|5.4|3|8
25.9|92.16|1946|414|5.4|5.4|3|8
26|92.15|1946|414|5.4|5.4|3|8
26.1|92.11|1948|414|5.4|5.4|3|8
26.2|92.11|1948|414|5.4|5.4|3|8
26.3|92.12|1948|414|5.4|5.4|3|8
26.4|92.11|1951|414|5.4|5.4|3|8
26.5|92.13|1951|414|5.4|5.4|3|8
26.6|92.15|1951|414|5.4|5.4|3|8
26.7|92.13|1954|414|5.4|5.4|3|8
26.8|92.12|1954|414|5.4|5.4|3|8
26.9|92.11|1954|414|5.4|5.4|3|8
27|92.16|1954|414|5.4|5.4|4|8
27.1|92.39|1951|414|5.4|5.4|4|8
27.2|92.8|1881|414|5.4|5.4|4|8
27.3|93.29|1175|414|5.4|5.4|5|8
27.4|93.53|1157|413|5.4|5.4|5|8
27.5|93.61|1152|412|5.4|5.4|5|8
27.6|93.66|1149|412|5.4|5.4|5|8
27.7|93.62|1149|412|5.4|5.4|5|8
27.8|93.74|1149|412|5.4|5.4|5|8
27.9|93.66|1149|412|5.4|5.4|5|8
28|93.66|1147|412|5.4|5.4|5|8
28.1|93.64|1147|412|5.4|5.4|5|8
28.2|93.76|1147|412|5.4|5.4|5|8
28.3|93.7|1147|412|5.4|5.4|5|8
28.4|93.65|1147|412|5.4|5.4|5|8
28.5|93.66|1147|412|5.4|5.4|5|8
28.6|93.76|1147|411|5.4|5.4|5|8
28.7|93.74|1147|411|5.4|5.4|5|8
28.8|93.62|1147|411|5.4|5.4|5|8
28.9|93.64|1147|411|5.4|5.4|5|8
29|93.77|1147|411|5.4|5.4|5|8
29.1|93.73|1147|411|5.4|5.4|5|8
29.2|93.62|1147|411|5.4|5.4|5|8
29.3|93.68|1147|411|5.4|5.4|2|8
29.4|93.51|1147|411|5.4|5.4|2|8
29.5|93.09|1147|411|5.4|5.4|2|8
29.6|92.71|1472|411|5.4|5.4|2|8
29.7|92.29|1876|412|5.4|5.4|3|8
29.8|92.09|1923|413|5.4|5.4|3|8
29.9|91.96|1933|413|5.4|5.4|3|8
30|92|1941|413|5.4|5.4|3|8
30.1|91.98|1946|413|5.4|5.4|3|8
30.2|91.88|1951|413|5.4|5.4|3|8
30.3|91.92|1954|413|5.4|5.4|3|8
30.4|91.97|1956|413|5.4|5.4|3|8
30.5|91.93|1959|413|5.4|5.4|3|8
30.6|91.92|1961|413|5.4|5.4|3|8
30.7|91.94|1961|413|5.4|5.4|3|8
30.8|91.94|1964|413|5.4|5.4|3|8
30.9|91.94|1964|413|5.4|5.4|3|8
31|91.9|1966|413|5.4|5.4|3|8
31.1|91.92|1966|413|5.4|5.4|3|8
31.2|91.9|1966|413|5.4|5.4|3|8
31.3|91.96|1966|413|5.4|5.4|3|8
31.4|91.93|1966|412|5.4|5.4|3|8
31.5|91.93|1969|412|5.4|5.4|3|8
31.6|91.89|1969|412|5.4|5.4|3|8
31.7|91.92|1969|412|5.4|5.4|4|8
31.8|92.19|1959|412|5.4|5.4|4|8
31.9|92.67|1603|413|5.4|5.4|4|8
32|93.09|1168|412|5.4|5.4|5|8
32.1|93.26|1160|410|5.4|5.4|5|8
32.2|93.33|1157|409|5.4|5.4|5|8
32.3|93.35|1157|409|5.4|5.4|5|8
32.4|93.34|1155|409|5.4|5.4|5|8
32.5|93.37|1155|409|5.4|5.4|5|8
32.6|93.37|1155|409|5.4|5.4|5|8
32.7|93.3|1155|409|5.4|5.4|5|8
32.8|93.42|1152|409|5.4|5.4|5|8
32.9|93.41|1152|409|5.4|5.4|5|8
33|93.37|1152|409|5.4|5.4|5|8
33.1|93.34|1152|409|5.4|5.4|5|8
33.2|93.35|1152|409|5.4|5.4|5|8
33.3|93.37|1152|409|5.4|5.4|5|8
33.4|93.35|1152|409|5.4|5.4|5|8
33.5|93.35|1152|409|5.4|5.4|5|8
33.6|93.37|1152|409|5.4|5.4|5|8
33.7|93.35|1152|409|5.4|5.4|5|8
33.8|93.37|1149|409|5.4|5.4|5|8
33.9|93.37|1152|409|5.4|5.4|5|8
34|93.42|1149|409|5.4|5.4|2|8
34.1|93.09|1149|409|5.4|5.4|2|8
34.2|92.74|1152|409|5.4|5.4|2|8
34.3|92.23|1799|410|5.4|5.4|3|8
34.4|91.97|1925|408|5.4|5.4|3|8
34.5|91.86|1954|398|5.4|5.4|3|8
34.6|91.76|1966|396|5.4|5.4|3|8
34.7|91.74|1974|394|5.4|5.4|3|8
34.8|91.73|1977|394|5.4|5.4|3|8
34.9|91.72|1982|394|5.4|5.4|3|8
35|91.73|1985|394|5.4|5.4|3|8
35.1|91.73|1987|394|5.4|5.4|3|8
35.2|91.72|1987|394|5.4|5.4|3|8
35.3|91.73|1990|394|5.4|5.4|3|8
35.4|91.76|1992|394|5.4|5.4|3|8
35.5|91.72|1992|394|5.4|5.4|3|8
35.6|91.74|1995|394|5.4|5.4|3|8
35.7|91.72|1995|394|5.4|5.4|3|8
35.8|91.73|1995|394|5.4|5.4|3|8
35.9|91.73|1995|394|5.4|5.4|3|8
36|91.74|1995|394|5.4|5.4|3|8
36.1|91.76|1995|394|5.4|5.4|3|8
36.2|91.72|1997|394|5.4|5.4|3|8
36.3|91.73|1997|394|5.4|5.4|4|8
36.4|91.86|1997|394|5.4|5.4|4|8
36.5|92.23|1948|394|5.4|5.4|4|8
36.6|92.68|1211|394|5.4|5.4|2|8
36.7|92.78|1170|394|5.4|5.4|2|8
36.8|92.95|1165|394|5.4|5.4|2|8
36.9|92.87|1162|394|5.4|5.4|2|8
37|92.79|1162|394|5.4|5.4|2|8
37.1|92.75|1165|394|5.4|5.4|2|8
37.2|92.71|1160|394|5.4|5.4|2|8
37.3|92.7|1160|394|5.4|5.4|2|8
37.4|92.63|1160|394|5.4|5.4|2|8
37.5|92.44|1160|394|5.4|5.4|2|8
37.6|92.41|1160|394|5.4|5.4|2|8
37.7|92.45|1160|394|5.4|5.4|2|8
37.8|92.37|1356|394|5.4|5.4|2|8
37.9|92.25|1281|394|5.4|5.4|2|8
38|92.15|1188|394|5.4|5.4|2|8
38.1|92.12|1211|394|5.4|5.4|2|8
38.2|92.11|1214|394|5.4|5.4|2|8
38.3|92.05|1735|394|5.4|5.4|2|8
38.4|92.02|1822|394|5.4|5.4|2|8
38.5|92.19|1809|395|5.4|5.4|2|8
38.6|92.35|1314|394|5.4|5.4|2|8
38.7|92.62|1162|394|5.4|5.4|2|8
38.8|92.55|1160|394|5.4|5.4|2|8
38.9|92.49|1160|394|5.4|5.4|2|8
39|92.41|1157|394|5.4|5.4|2|8
39.1|92.44|1160|394|5.4|5.4|2|8
39.2|92.39|1160|394|5.4|5.4|2|8
39.3|92.25|1222|394|5.4|5.4|2|8
39.4|92.17|1204|394|5.4|5.4|2|8
39.5|92.15|1170|394|5.4|5.4|2|8
39.6|92.12|1196|394|5.4|5.4|2|8
39.7|92.08|1340|394|5.4|5.4|2|8
39.8|91.98|1704|394|5.4|5.4|2|8
39.9|92|1802|395|5.4|5.4|2|8
40|92.08|1789|396|5.4|5.4|2|8
40.1|92.33|1304|395|5.4|5.4|2|8
40.2|92.44|1162|394|5.4|5.4|2|8
40.3|92.53|1160|394|5.4|5.4|2|8
40.4|92.41|1157|394|5.4|5.4|2|8
40.5|92.41|1157|394|5.4|5.4|2|8
40.6|92.37|1157|394|5.4|5.4|2|8
40.7|92.27|1165|394|5.4|5.4|2|8
40.8|92.16|1157|394|5.4|5.4|2|8
40.9|92.13|1162|394|5.4|5.4|2|8
41|92.09|1157|394|5.4|5.4|2|8
41.1|92.09|1222|394|5.4|5.4|2|8
41.2|91.97|1183|394|5.4|5.4|2|8
41.3|91.96|1418|394|5.4|5.4|2|8
41.4|91.86|1232|395|5.4|5.4|2|8
41.5|91.77|1394|395|5.4|5.4|2|8
41.6|91.77|1374|395|5.4|5.4|2|8
41.7|91.62|1216|395|5.4|5.4|2|8
41.8|91.58|1206|394|5.4|5.4|2|8
41.9|91.54|1479|395|5.4|5.4|2|8
42|91.49|1356|396|5.4|5.4|2|8
42.1|91.41|1505|396|5.4|5.4|2|8
42.2|91.29|1477|396|5.4|5.4|2|8
42.3|91.35|1162|394|5.4|5.4|2|8
42.4|91.41|1157|394|5.4|5.4|2|8
42.5|91.42|1155|394|5.4|5.4|2|8
42.6|91.35|1247|394|5.4|5.4|2|8
42.7|91.26|1420|395|5.4|5.4|2|8
42.8|91.21|1343|395|5.4|5.4|2|8
42.9|91.07|1296|395|5.4|5.4|2|8
43|91.07|1340|395|5.4|5.4|2|8
43.1|91.05|1278|395|5.4|5.4|2|8
43.2|90.91|1291|396|5.4|5.4|2|8
43.3|90.91|1206|396|5.4|5.4|2|8
43.4|90.79|1312|395|5.4|5.4|2|8
43.5|90.83|1258|395|5.4|5.4|2|8
43.6|90.67|1312|394|5.4|5.4|2|8
43.7|90.66|1497|395|5.4|5.4|2|8
43.8|90.56|1704|396|5.4|5.4|2|8
43.9|90.67|1191|396|5.4|5.4|2|8
44|90.71|1157|395|5.4|5.4|2|8
44.1|90.76|1155|394|5.4|5.4|2|8
44.2|90.74|1155|394|5.4|5.4|2|8
44.3|90.66|1155|394|5.4|5.4|2|8
44.4|90.63|1296|394|5.4|5.4|2|8
44.5|90.55|1237|396|5.4|5.4|2|8
44.6|90.43|1330|396|5.4|5.4|2|8
44.7|90.45|1235|396|5.4|5.4|2|8
44.8|90.36|1307|394|5.4|5.4|2|8
44.9|90.28|1296|396|5.4|5.4|2|8
45|90.25|1363|396|5.4|5.4|2|8
45.1|90.15|1371|396|5.4|5.4|2|8
45.2|90.05|1278|396|5.4|5.4|2|8
45.3|90.03|1263|396|5.4|5.4|2|8
45.4|89.94|1296|396|5.4|5.4|2|8
45.5|89.93|1312|396|5.4|5.4|2|8
45.6|89.85|1327|396|5.4|5.4|2|8
45.7|89.7|1265|396|5.4|5.4|2|8
45.8|89.76|1229|395|5.4|5.4|2|8
45.9|89.54|1312|395|5.4|5.4|2|8
46|89.56|1296|394|5.4|5.4|2|8
46.1|89.48|1327|395|5.4|5.4|2|8
46.2|89.39|1322|396|5.4|5.4|2|8
46.3|89.3|1340|395|5.4|5.4|2|8
46.4|89.18|1268|395|5.4|5.4|2|8
46.5|89.15|1278|396|5.4|5.4|2|8
46.6|89.05|1366|396|5.4|5.4|2|8
46.7|89.02|1312|396|5.4|5.4|2|8
46.8|88.92|1242|395|5.4|5.4|2|8
46.9|88.82|1332|396|5.4|5.4|2|8
47|88.79|1265|396|5.4|5.4|2|8
47.1|88.63|1327|396|5.4|5.4|2|8
47.2|88.55|1338|396|5.4|5.4|2|8
47.3|88.48|1335|396|5.4|5.4|2|8
47.4|88.37|1265|396|5.4|5.4|2|8
47.5|88.25|1247|396|5.4|5.4|2|8
47.6|88.23|1343|396|5.4|5.4|2|8
47.7|88.07|1237|396|5.4|5.4|2|8
47.8|88.07|1309|396|5.4|5.4|2|8
47.9|87.88|1250|396|5.4|5.4|2|8
48|87.8|1322|396|5.4|5.4|2|8
48.1|87.64|1307|396|5.4|5.4|2|8
48.2|87.62|1263|396|5.4|5.4|2|8
48.3|87.44|1294|396|5.4|5.4|2|8
48.4|87.38|1268|396|5.4|5.4|2|8
48.5|87.25|1240|396|5.4|5.4|2|8
48.6|87.18|1423|396|5.4|5.4|2|8
48.7|87.05|1237|395|5.4|5.4|2|8
48.8|86.98|1356|396|5.4|5.4|2|8
48.9|86.79|1320|396|5.4|5.4|2|8
49|86.72|1245|396|5.4|5.4|2|8
49.1|86.62|1284|396|5.4|5.4|2|8
49.2|86.46|1299|396|5.4|5.4|2|8
49.3|86.24|1299|396|5.4|5.4|2|8
49.4|86.25|1281|396|5.4|5.4|2|8
49.5|86.12|1348|397|5.4|5.4|2|8
49.6|85.93|1451|397|5.4|5.4|2|8
49.7|85.89|1325|397|5.4|5.4|2|8
49.8|85.72|1320|396|5.4|5.4|2|8
49.9|85.62|1304|397|5.4|5.4|2|8
50|85.49|1322|397|5.4|5.4|2|8
50.1|85.27|1366|396|5.4|5.4|2|8
50.2|85.17|1343|397|5.4|5.4|2|8
50.3|85.01|1216|396|5.4|5.4|2|8
50.4|84.87|1278|396|5.4|5.4|2|8
50.5|84.75|1242|396|5.4|5.4|2|8
50.6|84.52|1271|396|5.4|5.4|2|8
50.7|84.38|1229|396|5.4|5.4|2|8
50.8|84.28|1477|396|5.4|5.4|2|8
50.9|84.15|1206|396|5.4|5.4|2|8
51|84.09|1304|396|5.4|5.4|2|8
51.1|83.89|1361|396|5.4|5.4|2|8
51.2|83.85|1191|396|5.4|5.4|2|8
51.3|83.87|1206|395|5.4|5.4|2|8
51.4|83.81|1268|396|5.4|5.4|2|8
51.5|83.57|1160|396|5.4|5.4|2|8
51.6|83.62|1379|396|5.4|5.4|2|8
51.7|83.53|1322|396|5.4|5.4|2|8
51.8|83.38|1276|395|5.4|5.4|2|8
51.9|83.22|1369|396|5.4|5.4|2|8
52|83.18|1314|396|5.4|5.4|2|8
52.1|83.07|1271|397|5.4|5.4|2|8
52.2|82.93|1371|398|5.4|5.4|2|8
52.3|82.86|1361|397|5.4|5.4|2|8
52.4|82.75|1227|396|5.4|5.4|2|8
52.5|82.56|1325|396|5.4|5.4|2|8
52.6|82.42|1255|397|5.4|5.4|2|8
52.7|82.28|1307|396|5.4|5.4|2|8
52.8|82.19|1281|396|5.4|5.4|2|8
52.9|81.97|1289|396|5.4|5.4|2|8
53|81.77|1263|396|5.4|5.4|2|8
53.1|81.6|1374|396|5.4|5.4|2|8
53.2|81.38|1394|396|5.4|5.4|6|8
53.3|79.54|1997|396|5.4|5.4|6|8
53.4|76.9|1049|397|5.4|5.4|6|8
53.5|74.48|0|394|5.4|5.4|7|8
53.6|72.57|0|392|5.4|5.4|7|8
53.7|71.57|0|392|5.4|5.4|7|8
53.8|71.14|0|392|5.4|5.4|7|8
53.9|70.77|0|392|5.4|5.4|7|8
54|70.69|0|392|5.4|5.4|7|8
54.1|70.59|0|392|5.4|5.4|7|8
54.2|70.67|0|392|5.4|5.4|7|8
54.3|70.59|0|392|5.4|5.4|7|8
54.4|70.58|0|392|5.4|5.4|7|8
54.5|70.63|0|392|5.4|5.4|7|8
54.6|70.58|0|392|5.4|5.4|7|8
54.7|70.59|0|392|5.4|5.4|7|8
54.8|70.55|0|392|5.4|5.4|7|8
54.9|70.53|0|392|5.4|5.4|7|8
55|70.5|0|392|5.4|5.4|7|8
55.1|70.54|0|392|5.4|5.4|7|8
55.2|70.54|0|392|5.4|5.4|7|8
55.3|70.54|0|392|5.4|5.4|7|8
55.4|70.54|0|392|5.4|5.4|7|8
55.5|70.51|0|392|5.4|5.4|7|8
55.6|70.55|0|392|5.4|5.4|7|8
55.7|70.57|0|392|5.4|5.4|7|8
55.8|70.62|0|392|5.4|5.4|7|8
55.9|70.62|0|392|5.4|5.4|7|8
56|70.54|0|392|5.4|5.4|7|8
56.1|70.54|0|392|5.4|5.4|7|8
56.2|70.45|0|392|5.4|5.4|7|8
56.3|70.51|0|392|5.4|5.4|7|8
56.4|70.53|0|392|5.4|5.4|7|8
56.5|70.57|0|392|5.4|5.4|7|8
56.6|70.61|0|392|5.4|5.4|7|8
56.7|70.59|0|392|5.4|5.4|7|8
56.8|70.5|0|392|5.4|5.4|7|8
56.9|70.49|0|392|5.4|5.4|7|8
57|70.51|0|392|5.4|5.4|7|8
57.1|70.54|0|392|5.4|5.4|7|8
57.2|70.54|0|392|5.4|5.4|7|8
57.3|70.53|0|392|5.4|5.4|7|8
57.4|70.59|0|392|5.4|5.4|7|8
57.5|70.61|0|392|5.4|5.4|7|8
57.6|70.51|0|392|5.4|5.4|7|8
57.7|70.45|0|392|5.4|5.4|7|8
57.8|70.49|0|392|5.4|5.4|7|8
57.9|70.51|0|392|5.4|5.4|7|8
58|70.5|0|392|5.4|5.4|7|8
58.1|70.51|0|392|5.4|5.4|7|8
58.2|70.51|0|392|5.4|5.4|7|8
58.3|70.54|0|392|5.4|5.4|7|8
58.4|70.55|0|392|5.4|5.4|7|8
58.5|70.62|0|392|5.4|5.4|7|8
58.6|70.53|0|392|5.4|5.4|7|8
58.7|70.5|0|392|5.4|5.4|7|8
58.8|70.49|0|392|5.4|5.4|7|8
58.9|70.51|0|392|5.4|5.4|7|8
59|70.53|0|392|5.4|5.4|7|8
59.1|70.54|0|392|5.4|5.4|7|8
59.2|70.61|0|392|5.4|5.4|7|8
59.3|70.55|0|392|5.4|5.4|7|8
59.4|70.5|0|392|5.4|5.4|7|8
59.5|70.46|0|392|5.4|5.4|7|8
59.6|70.51|0|392|5.4|5.4|7|8
59.7|70.51|0|392|5.4|5.4|7|8
59.8|70.5|0|392|5.4|5.4|7|8
59.9|70.54|0|392|5.4|5.4|7|8
60|70.58|0|392|5.4|5.4|7|8
60.1|70.59|0|392|5.4|5.4|7|8
60.2|70.53|0|392|5.4|5.4|7|8
60.3|70.51|0|392|5.4|5.4|7|8
60.4|70.47|0|391|5.4|5.4|7|8
60.5|70.51|0|392|5.4|5.4|7|8
60.6|70.51|0|392|5.4|5.4|7|8
60.7|70.51|0|392|5.4|5.4|7|8
60.8|70.51|0|392|5.4|5.4|7|8
60.9|70.51|0|392|5.4|5.4|7|8
61|70.51|0|392|5.4|5.4|7|8
61.1|70.53|0|392|5.4|5.4|7|8
61.2|70.53|0|392|5.4|5.4|7|8
61.3|70.55|0|392|5.4|5.4|7|8
61.4|70.57|0|392|5.4|5.4|7|8
61.5|70.5|0|392|5.4|5.4|7|8
61.6|70.45|0|392|5.4|5.4|7|8
61.7|70.5|0|392|5.4|5.4|7|8
61.8|70.49|0|392|5.4|5.4|7|8
61.9|70.54|0|392|5.4|5.4|7|8
62|70.58|0|392|5.4|5.4|7|8
62.1|70.55|0|392|5.4|5.4|7|8
62.2|70.51|0|392|5.4|5.4|7|8
62.3|70.5|0|391|5.4|5.4|7|8
62.4|70.47|0|391|5.4|5.4|7|8
62.5|70.53|0|391|5.4|5.4|7|8
62.6|70.57|0|392|5.4|5.4|7|8
62.7|70.54|0|392|5.4|5.4|7|8
62.8|70.5|0|392|5.4|5.4|7|8
62.9|70.47|0|392|5.4|5.4|7|8
63|70.49|0|392|5.4|5.4|7|8
63.1|70.53|0|391|5.4|5.4|7|8
63.2|70.57|0|391|5.4|5.4|7|8
63.3|70.53|0|391|5.4|5.4|7|8
63.4|70.5|0|391|5.4|5.4|7|8
63.5|70.47|0|391|5.4|5.4|7|8
63.6|70.5|0|391|5.4|5.4|7|8
63.7|70.53|0|391|5.4|5.4|7|8
63.8|70.57|0|391|5.4|5.4|7|8
63.9|70.53|0|391|5.4|5.4|7|8
64|70.53|0|392|5.4|5.4|7|8
64.1|70.53|0|391|5.4|5.4|7|8
64.2|70.53|0|392|5.4|5.4|7|8
64.3|70.54|0|391|5.4|5.4|7|8
64.4|70.5|0|392|5.4|5.4|7|8
64.5|70.46|0|404|5.4|5.4|7|8
64.6|70.49|0|408|5.4|5.4|7|8
64.7|70.5|0|409|5.4|5.4|7|8
64.8|70.5|0|410|5.4|5.4|7|8
64.9|70.51|0|411|5.4|5.4|7|8
65|70.5|0|411|5.4|5.4|7|8
65.1|70.5|0|411|5.4|5.4|7|8
65.2|70.51|0|411|5.4|5.4|7|8
65.3|70.5|0|411|5.4|5.4|7|8
65.4|70.5|0|411|5.4|5.4|7|8
65.5|70.5|0|411|5.4|5.4|7|8
65.6|70.5|0|411|5.4|5.4|7|8
65.7|70.51|0|411|5.4|5.4|7|8
65.8|70.58|0|411|5.4|5.4|7|8
65.9|70.53|0|411|5.4|5.4|7|8
66|70.53|0|411|5.4|5.4|7|8
66.1|70.53|0|411|5.4|5.4|7|8
66.2|70.5|0|411|5.4|5.4|7|8
66.3|70.5|0|411|5.4|5.4|7|8
66.4|70.45|0|411|5.4|5.4|7|8
66.5|70.54|0|411|5.4|5.4|8|8
66.6|70.5|0|410|5.4|5.4|8|8
66.7|70.49|0|410|5.4|5.4|8|8
66.8|70.46|0|410|5.4|5.4|8|8
66.9|70.42|0|411|5.4|5.4|8|8
67|70.46|0|411|5.4|5.4|8|8
67.1|70.49|0|411|5.3|5.3|8|8
67.2|70.41|0|411|5.3|5.3|8|8
67.3|70.46|0|411|5.3|5.3|8|8
67.4|70.49|0|411|5.3|5.3|8|8
67.5|70.41|0|411|5.3|5.2|8|8
67.6|70.46|0|411|5.2|5.2|8|8
67.7|70.51|0|411|5.2|5.2|8|8
67.8|70.45|0|411|5.2|5.2|8|8
67.9|70.45|0|411|5.2|5.2|8|8
68|70.42|0|411|5.2|5.2|8|8
68.1|70.49|0|410|5.2|5.2|8|8
68.2|70.47|0|410|5.2|5.2|8|8
68.3|70.42|0|411|5.2|5.1|8|8
68.4|70.47|0|411|5.1|5.1|8|8
68.5|71.33|0|411|5.1|5.1|8|8
68.6|74.27|0|411|5.1|5.1|8|8
68.7|77.22|0|411|5.1|5.1|8|8
68.8|80.18|0|411|5.1|5.1|8|8
68.9|83.07|0|411|5.1|5.1|8|8
69|85.96|0|411|5.1|5.1|8|8
69.1|88.79|0|411|5.1|5.1|8|8
69.2|91.7|0|411|5.1|5.1|8|8
69.3|94.15|0|411|5.1|5.1|8|8
69.4|95.26|0|411|5.1|5.1|8|8
69.5|95.7|0|411|5.1|5.1|8|8
