0|96.06|1351|404|4.6|4.6|1|8
0.1|96.09|1559|406|4.6|4.6|1|8
0.2|96.1|1613|407|4.6|4.6|1|8
0.3|96.05|1642|408|4.6|4.6|1|8
0.4|96.04|1657|408|4.6|4.6|1|8
0.5|96.08|1668|408|4.6|4.6|3|8
0.6|96.05|1680|408|4.6|4.6|3|8
0.7|96.12|1686|408|4.6|4.6|3|8
0.8|96.05|1693|408|4.6|4.6|3|8
0.9|96.06|1706|408|4.6|4.6|3|8
1|96.05|1711|408|4.6|4.6|3|8
1.1|96.02|1719|408|4.6|4.6|3|8
1.2|96.04|1719|408|4.6|4.6|3|8
1.3|96.01|1719|408|4.7|4.6|3|8
1.4|96.01|1724|408|4.7|4.7|3|8
1.5|96.02|1729|408|4.7|4.7|3|8
1.6|96.02|1729|408|4.7|4.7|3|8
1.7|96.02|1729|408|4.7|4.7|3|8
1.8|96.02|1729|408|4.7|4.7|3|8
1.9|96.04|1729|408|4.7|4.7|3|8
2|96.01|1722|408|4.7|4.7|3|8
2.1|96.04|1716|410|4.7|4.7|3|8
2.2|96.04|1704|411|4.7|4.7|3|8
2.3|96.06|1709|411|4.7|4.7|3|8
2.4|96.06|1673|411|4.7|4.7|3|8
2.5|96.04|1613|411|4.7|4.7|4|8
2.6|96.29|1088|411|4.7|4.7|5|8
2.7|96.47|1031|409|4.8|4.7|5|8
2.8|96.63|1028|409|4.8|4.8|5|8
2.9|96.56|1028|408|4.8|4.8|5|8
3|96.64|1026|408|4.8|4.8|5|8
3.1|96.59|1026|408|4.8|4.8|5|8
3.2|96.6|1026|408|4.8|4.8|5|8
3.3|96.71|1026|408|4.8|4.8|5|8
3.4|96.63|1026|408|4.8|4.8|5|8
3.5|96.65|1026|408|4.8|4.8|5|8
3.6|96.68|1026|408|4.8|4.8|5|8
3.7|96.6|1026|408|4.8|4.8|5|8
3.8|96.67|1026|408|4.8|4.8|5|8
3.9|96.63|1026|408|4.8|4.8|5|8
4|96.68|1026|408|4.8|4.8|5|8
4.1|96.64|1026|408|4.8|4.8|5|8
4.2|96.61|1026|408|4.8|4.8|5|8
4.3|96.7|1026|408|4.8|4.8|5|8
4.4|96.63|1026|408|4.8|4.8|5|8
4.5|96.67|1026|408|4.8|4.8|5|8
4.6|96.65|1026|408|4.8|4.8|2|8
4.7|96.56|1026|408|4.8|4.8|2|8
4.8|96.19|1026|408|4.8|4.8|2|8
4.9|95.73|1137|408|4.8|4.8|2|8
5|95.25|1137|409|4.8|4.8|2|8
5.1|94.78|1258|409|4.8|4.8|2|8
5.2|94.36|1709|409|4.8|4.8|3|8
5.3|94.04|1789|410|4.8|4.8|3|8
5.4|93.93|1804|410|4.8|4.8|3|8
5.5|93.84|1814|411|4.8|4.8|3|8
5.6|93.74|1820|411|4.8|4.8|3|8
5.7|93.77|1822|411|4.8|4.8|3|8
5.8|93.76|1825|411|4.8|4.8|3|8
5.9|93.74|1827|411|4.8|4.8|3|8
6|93.76|1830|411|4.9|4.9|3|8
6.1|93.74|1830|411|4.9|4.9|3|8
6.2|93.69|1832|411|4.9|4.9|3|8
6.3|93.76|1835|411|4.9|4.9|3|8
6.4|93.77|1838|411|4.9|4.9|3|8
6.5|93.88|1838|411|4.9|4.9|3|8
6.6|93.84|1838|411|4.9|4.9|3|8
6.7|93.68|1840|411|4.9|4.9|3|8
6.8|93.73|1840|411|4.9|4.9|3|8
6.9|93.77|1843|411|4.9|4.9|3|8
7|93.72|1843|411|4.9|4.9|3|8
7.1|93.74|1843|411|4.9|4.9|3|8
7.2|93.76|1845|411|4.9|4.9|4|8
7.3|93.77|1845|411|4.9|4.9|4|8
7.4|94.1|1840|410|4.9|4.9|4|8
7.5|94.63|1678|411|4.9|4.9|4|8
7.6|95.08|1052|409|4.9|4.9|5|8
7.7|95.22|1041|408|4.9|4.9|5|8
7.8|95.37|1039|408|4.9|4.9|5|8
7.9|95.46|1039|408|4.9|4.9|5|8
8|95.5|1039|408|4.9|4.9|5|8
8.1|95.49|1036|408|4.9|4.9|5|8
8.2|95.42|1036|408|4.9|4.9|5|8
8.3|95.47|1036|408|4.9|4.9|5|8
8.4|95.51|1036|408|4.9|4.9|5|8
8.5|95.45|1036|408|4.9|4.9|5|8
8.6|95.41|1036|408|4.9|4.9|5|8
8.7|95.47|1036|408|4.9|4.9|5|8
8.8|95.47|1036|408|4.9|4.9|5|8
8.9|95.45|1036|408|4.9|4.9|5|8
9|95.45|1036|408|5|4.9|5|8
9.1|95.38|1036|408|5|5|5|8
9.2|95.47|1036|408|5|5|5|8
9.3|95.46|1039|408|5|5|5|8
9.4|95.42|1039|408|5|5|5|8
9.5|95.47|1039|408|5|5|5|8
9.6|95.46|1039|408|5|5|2|8
9.7|95.19|1039|408|5|5|2|8
9.8|94.8|1039|408|5|5|2|8
9.9|94.44|1111|408|5|5|2|8
10|93.98|1755|409|5|5|3|8
10.1|93.8|1817|409|5|5|3|8
10.2|93.53|1835|410|5|5|3|8
10.3|93.57|1843|410|5|5|3|8
10.4|93.54|1848|410|5|5|3|8
10.5|93.46|1853|410|5|5|3|8
10.6|93.43|1856|410|5|5|3|8
10.7|93.51|1876|402|5|5|3|8
10.8|93.39|1879|397|5|5|3|8
10.9|93.51|1881|395|5|5|3|8
11|93.39|1884|394|5|5|3|8
11.1|93.51|1887|394|5|5|3|8
11.2|93.41|1889|394|5|5|3|8
11.3|93.5|1889|394|5|5|3|8
11.4|93.42|1892|394|5|5|3|8
11.5|93.49|1892|394|5|5|3|8
11.6|93.43|1894|394|5|5|3|8
11.7|93.45|1894|394|5|5|3|8
11.8|93.45|1897|394|5|5|3|8
11.9|93.42|1897|394|5|5|3|8
12|93.45|1897|394|5|5|4|8
12.1|93.5|1897|394|5|5|4|8
12.2|93.85|1889|394|5|5|4|8
12.3|94.35|1796|394|5|5|4|8
12.4|94.84|1085|394|5.1|5|5|8
12.5|95.14|1064|394|5.1|5.1|5|8
12.6|95.18|1062|394|5.1|5.1|5|8
12.7|95.29|1059|394|5.1|5.1|5|8
12.8|95.29|1059|393|5.1|5.1|5|8
12.9|95.23|1059|393|5.1|5.1|5|8
13|95.3|1059|393|5.1|5.1|5|8
13.1|95.3|1059|393|5.1|5.1|5|8
13.2|95.31|1059|393|5.1|5.1|5|8
13.3|95.29|1059|393|5.1|5.1|5|8
13.4|95.3|1059|393|5.1|5.1|5|8
13.5|95.3|1059|393|5.1|5.1|5|8
13.6|95.3|1059|393|5.1|5.1|5|8
13.7|95.3|1059|393|5.1|5.1|5|8
13.8|95.3|1062|393|5.1|5.1|5|8
13.9|95.3|1062|393|5.1|5.1|5|8
14|95.3|1062|393|5.1|5.1|5|8
14.1|95.3|1062|393|5.1|5.1|5|8
14.2|95.3|1062|393|5.1|5.1|5|8
14.3|95.3|1062|393|5.1|5.1|5|8
14.4|95.27|1062|393|5.1|5.1|2|8
14.5|95.21|1062|393|5.1|5.1|2|8
14.6|94.76|1062|393|5.1|5.1|2|8
14.7|94.37|1077|393|5.1|5.1|2|8
14.8|93.88|1652|394|5.1|5.1|3|8
14.9|93.55|1851|394|5.1|5.1|3|8
15|93.42|1874|394|5.1|5.1|3|8
15.1|93.34|1887|394|5.1|5.1|3|8
15.2|93.15|1894|394|5.1|5.1|3|8
15.3|93.22|1897|394|5.1|5.1|3|8
15.4|93.19|1899|394|5.1|5.1|3|8
15.5|93.25|1902|394|5.1|5.1|3|8
15.6|93.22|1905|394|5.1|5.1|3|8
15.7|93.19|1905|394|5.1|5.1|3|8
15.8|93.21|1907|394|5.1|5.1|3|8
15.9|93.21|1907|394|5.1|5.1|3|8
16|93.21|1910|394|5.1|5.1|3|8
16.1|93.23|1912|394|5.2|5.2|3|8
16.2|93.17|1912|394|5.2|5.2|3|8
16.3|93.21|1915|394|5.2|5.2|3|8
16.4|93.21|1918|394|5.2|5.2|3|8
16.5|93.22|1915|394|5.2|5.2|3|8
16.6|93.17|1918|394|5.2|5.2|3|8
16.7|93.19|1918|394|5.2|5.2|3|8
16.8|93.19|1918|394|5.2|5.2|4|8
16.9|93.29|1918|394|5.2|5.2|4|8
17|93.47|1918|394|5.2|5.2|4|8
17.1|93.86|1887|394|5.2|5.2|4|8
17.2|94.45|1242|394|5.2|5.2|5|8
17.3|94.78|1080|394|5.2|5.2|5|8
17.4|94.9|1077|393|5.2|5.2|5|8
17.5|95.02|1075|393|5.2|5.2|5|8
17.6|95.08|1075|393|5.2|5.2|5|8
17.7|95.08|1075|393|5.2|5.2|5|8
17.8|95|1075|393|5.2|5.2|5|8
17.9|95.02|1075|393|5.2|5.2|5|8
18|95.03|1075|393|5.2|5.2|5|8
18.1|95.04|1075|393|5.2|5.2|5|8
18.2|95.04|1075|393|5.2|5.2|5|8
18.3|95.06|1072|393|5.2|5.2|5|8
18.4|95.06|1075|393|5.2|5.2|5|8
18.5|95.04|1075|393|5.2|5.2|5|8
18.6|95.06|1075|394|5.2|5.2|5|8
18.7|95.06|1075|394|5.2|5.2|5|8
18.8|95.06|1075|394|5.2|5.2|5|8
18.9|95.04|1075|394|5.2|5.2|5|8
19|95.06|1075|393|5.2|5.2|5|8
19.1|95.06|1075|394|5.2|5.2|5|8
19.2|95.06|1075|394|5.2|5.2|2|8
19.3|94.95|1075|394|5.2|5.2|2|8
19.4|94.72|1075|394|5.2|5.2|2|8
19.5|94.28|1077|394|5.2|5.2|2|8
19.6|93.82|1464|394|5.2|5.2|2|8
19.7|93.46|1861|394|5.2|5.2|3|8
19.8|93.17|1892|394|5.2|5.2|3|8
19.9|93.14|1905|394|5.2|5.2|3|8
20|93.17|1910|394|5.2|5.2|3|8
20.1|92.99|1918|394|5.2|5.2|3|8
20.2|93.06|1918|394|5.2|5.2|3|8
20.3|93.06|1920|394|5.2|5.2|3|8
20.4|93.06|1923|394|5.2|5.2|3|8
20.5|93.06|1925|394|5.3|5.2|3|8
20.6|93.07|1928|394|5.2|5.3|3|8
20.7|93.04|1930|393|5.3|5.2|3|8
20.8|93.06|1933|392|5.3|5.3|3|8
20.9|93.06|1933|392|5.3|5.3|3|8
21|93.06|1933|392|5.3|5.3|3|8
21.1|93.07|1936|392|5.3|5.3|3|8
21.2|93|1936|392|5.3|5.3|3|8
21.3|93.04|1936|392|5.3|5.3|3|8
21.4|93.03|1936|392|5.3|5.3|3|8
21.5|93.03|1936|392|5.3|5.3|3|8
21.6|93.04|1938|392|5.3|5.3|3|8
21.7|93.11|1941|392|5.3|5.3|4|8
21.8|93.26|1936|392|5.3|5.3|4|8
21.9|93.62|1915|392|5.3|5.3|4|8
22|94.19|1335|392|5.3|5.3|5|8
22.1|94.57|1095|392|5.3|5.3|5|8
22.2|94.67|1093|392|5.3|5.3|5|8
22.3|94.84|1090|392|5.3|5.3|5|8
22.4|94.84|1088|392|5.3|5.3|5|8
22.5|94.86|1088|392|5.3|5.3|5|8
22.6|94.88|1088|392|5.3|5.3|5|8
22.7|94.87|1085|392|5.3|5.3|5|8
22.8|94.83|1085|392|5.3|5.3|5|8
22.9|94.88|1085|392|5.3|5.3|5|8
23|94.78|1085|392|5.3|5.3|5|8
23.1|94.83|1085|392|5.3|5.3|5|8
23.2|94.82|1085|392|5.3|5.3|5|8
23.3|94.82|1085|392|5.3|5.3|5|8
23.4|94.91|1085|392|5.3|5.3|5|8
23.5|94.86|1085|392|5.3|5.3|5|8
23.6|94.79|1085|392|5.3|5.3|5|8
23.7|94.86|1085|392|5.3|5.3|5|8
23.8|94.87|1085|392|5.3|5.3|5|8
23.9|94.83|1085|392|5.3|5.3|5|8
24|94.83|1085|392|5.3|5.3|2|8
24.1|94.8|1085|392|5.3|5.3|2|8
24.2|94.57|1085|392|5.3|5.3|2|8
24.3|94.09|1085|392|5.3|5.3|2|8
24.4|93.61|1570|392|5.3|5.3|2|8
24.5|93.22|1879|392|5.3|5.3|3|8
24.6|93.18|1907|392|5.3|5.3|3|8
24.7|92.98|1920|392|5.3|5.3|3|8
24.8|93.04|1928|392|5.3|5.3|3|8
24.9|93.02|1933|392|5.3|5.3|3|8
25|92.98|1936|392|5.3|5.3|3|8
25.1|92.94|1936|392|5.3|5.3|3|8
25.2|92.92|1938|392|5.3|5.3|3|8
25.3|92.95|1941|392|5.3|5.3|3|8
25.4|92.94|1941|392|5.3|5.3|3|8
25.5|92.95|1943|392|5.3|5.3|3|8
25.6|92.96|1943|392|5.3|5.3|3|8
25.7|92.96|1943|392|5.3|5.3|3|8
25.8|92.98|1946|392|5.3|5.3|3|8
25.9|92.92|1946|392|5.3|5.3|3|8
26|92.94|1946|392|5.3|5.3|3|8
26.1|92.94|1948|392|5.3|5.3|3|8
26.2|92.94|1948|392|5.3|5.3|3|8
26.3|92.95|1948|392|5.3|5.3|3|8
26.4|92.95|1948|392|5.3|5.3|3|8
26.5|92.94|1948|392|5.3|5.3|4|8
26.6|93.18|1946|392|5.3|5.3|4|8
26.7|93.55|1910|392|5.3|5.3|4|8
26.8|94.16|1371|393|5.3|5.3|4|8
26.9|94.59|1101|392|5.3|5.3|5|8
27|94.64|1095|392|5.3|5.3|5|8
27.1|94.79|1093|392|5.4|5.3|5|8
27.2|94.86|1093|392|5.4|5.3|5|8
27.3|94.9|1093|392|5.4|5.4|5|8
27.4|94.84|1090|392|5.4|5.4|5|8
27.5|94.9|1090|392|5.4|5.4|5|8
27.6|94.8|1088|392|5.4|5.4|5|8
27.7|94.84|1090|392|5.4|5.4|5|8
27.8|94.87|1088|392|5.4|5.4|5|8
27.9|94.84|1088|392|5.4|5.4|5|8
28|94.8|1088|392|5.4|5.4|5|8
28.1|94.86|1088|392|5.4|5.4|5|8
28.2|94.9|1088|392|5.4|5.4|5|8
28.3|94.83|1088|392|5.4|5.4|5|8
28.4|94.84|1088|392|5.4|5.4|5|8
28.5|94.83|1088|392|5.4|5.4|5|8
28.6|94.84|1088|392|5.4|5.4|5|8
28.7|94.8|1088|392|5.4|5.4|5|8
28.8|94.84|1088|392|5.4|5.4|5|8
28.9|94.83|1088|392|5.4|5.4|2|8
29|94.6|1088|392|5.4|5.4|2|8
29.1|94.13|1088|392|5.4|5.4|2|8
29.2|93.65|1376|393|5.4|5.4|2|8
29.3|93.23|1871|393|5.4|5.4|3|8
29.4|93.03|1912|392|5.4|5.4|3|8
29.5|93.02|1923|392|5.4|5.4|3|8
29.6|92.94|1930|392|5.4|5.4|3|8
29.7|92.92|1936|392|5.4|5.4|3|8
29.8|92.91|1941|392|5.4|5.4|3|8
29.9|92.86|1943|392|5.4|5.4|3|8
30|92.88|1943|392|5.4|5.4|3|8
30.1|92.9|1948|392|5.4|5.4|3|8
30.2|92.92|1948|392|5.4|5.4|3|8
30.3|92.84|1951|392|5.4|5.4|3|8
30.4|92.88|1951|392|5.4|5.4|3|8
30.5|92.91|1954|392|5.4|5.4|3|8
30.6|92.88|1954|392|5.4|5.4|3|8
30.7|92.88|1954|392|5.4|5.4|3|8
30.8|92.87|1954|392|5.4|5.4|3|8
30.9|92.87|1956|392|5.4|5.4|3|8
31|92.9|1956|392|5.4|5.4|3|8
31.1|92.84|1956|392|5.4|5.4|3|8
31.2|92.88|1956|392|5.4|5.4|3|8
31.3|92.88|1956|392|5.4|5.4|4|8
31.4|93.11|1956|392|5.4|5.4|4|8
31.5|93.45|1925|393|5.4|5.4|4|8
31.6|94.01|1482|394|5.4|5.4|4|8
31.7|94.43|1106|394|5.4|5.4|5|8
31.8|94.59|1101|394|5.4|5.4|5|8
31.9|94.66|1098|394|5.4|5.4|5|8
32|94.75|1095|393|5.4|5.4|5|8
32.1|94.66|1095|393|5.4|5.4|5|8
32.2|94.67|1093|393|5.4|5.4|5|8
32.3|94.7|1093|393|5.4|5.4|5|8
32.4|94.7|1093|393|5.4|5.4|5|8
32.5|94.71|1093|393|5.4|5.4|5|8
32.6|94.78|1090|393|5.4|5.4|5|8
32.7|94.61|1090|393|5.4|5.4|5|8
32.8|94.68|1090|393|5.4|5.4|5|8
32.9|94.7|1090|393|5.4|5.4|5|8
33|94.72|1090|393|5.4|5.4|5|8
33.1|94.72|1090|393|5.4|5.4|5|8
33.2|94.61|1090|393|5.4|5.4|5|8
33.3|94.67|1090|393|5.4|5.4|5|8
33.4|94.68|1088|393|5.4|5.4|5|8
33.5|94.75|1088|393|5.4|5.4|5|8
33.6|94.74|1088|393|5.4|5.4|5|8
33.7|94.66|1088|393|5.4|5.4|2|8
33.8|94.36|1088|393|5.4|5.4|2|8
33.9|93.97|1108|393|5.4|5.4|2|8
34|93.51|1570|394|5.4|5.4|2|8
34.1|93.18|1894|394|5.4|5.4|3|8
34.2|93|1923|393|5.4|5.4|3|8
34.3|92.95|1933|393|5.4|5.4|3|8
34.4|92.86|1938|393|5.4|5.4|3|8
34.5|92.91|1943|393|5.4|5.4|3|8
34.6|92.82|1948|393|5.4|5.4|3|8
34.7|92.86|1951|393|5.4|5.4|3|8
34.8|92.82|1954|393|5.4|5.4|3|8
34.9|92.83|1954|393|5.4|5.4|3|8
35|92.83|1956|393|5.4|5.4|3|8
35.1|92.8|1959|393|5.4|5.4|3|8
35.2|92.87|1959|393|5.4|5.4|3|8
35.3|92.82|1959|393|5.4|5.4|3|8
35.4|92.86|1959|393|5.4|5.4|3|8
35.5|92.8|1964|393|5.4|5.4|3|8
35.6|92.84|1959|393|5.4|5.4|3|8
35.7|92.8|1959|393|5.4|5.4|3|8
35.8|92.86|1961|393|5.4|5.4|3|8
35.9|92.8|1961|393|5.4|5.4|3|8
36|92.86|1964|393|5.4|5.4|3|8
36.1|92.82|1964|393|5.4|5.4|4|8
36.2|93.13|1959|394|5.4|5.4|4|8
36.3|93.53|1905|394|5.4|5.4|4|8
36.4|94.06|1175|394|5.4|5.4|2|8
36.5|94.2|1103|394|5.4|5.4|2|8
36.6|94.29|1101|394|5.4|5.4|2|8
36.7|94.21|1098|394|5.4|5.4|2|8
36.8|94.23|1095|394|5.4|5.4|2|8
36.9|94.15|1095|394|5.4|5.4|2|8
37|94.05|1095|394|5.4|5.4|2|8
37.1|94.04|1095|394|5.4|5.4|2|8
37.2|93.97|1095|394|5.4|5.4|2|8
37.3|93.93|1095|394|5.4|5.4|2|8
37.4|93.82|1093|394|5.4|5.4|2|8
37.5|93.89|1093|394|5.4|5.4|2|8
37.6|93.69|1155|394|5.4|5.4|2|8
37.7|93.68|1095|394|5.4|5.4|2|8
37.8|93.51|1178|394|5.4|5.4|2|8
37.9|93.51|1103|394|5.4|5.4|2|8
38|93.58|1155|394|5.4|5.4|2|8
38.1|93.43|1152|394|5.4|5.4|2|8
38.2|93.35|1510|394|5.4|5.4|2|8
38.3|93.27|1722|394|5.4|5.4|2|8
38.4|93.34|1572|394|5.4|5.4|2|8
38.5|93.49|1103|394|5.4|5.4|2|8
38.6|93.55|1093|394|5.4|5.4|2|8
38.7|93.61|1090|394|5.4|5.4|2|8
38.8|93.53|1090|394|5.4|5.4|2|8
38.9|93.57|1090|394|5.4|5.4|2|8
39|93.43|1106|394|5.4|5.4|2|8
39.1|93.37|1482|394|5.4|5.4|2|8
39.2|93.27|1670|394|5.4|5.4|2|8
39.3|93.35|1577|394|5.4|5.4|2|8
39.4|93.49|1108|394|5.4|5.4|2|8
39.5|93.57|1090|394|5.4|5.4|2|8
39.6|93.64|1090|394|5.4|5.4|2|8
39.7|93.51|1090|394|5.4|5.4|2|8
39.8|93.53|1090|394|5.4|5.4|2|8
39.9|93.41|1090|394|5.4|5.4|2|8
40|93.38|1567|394|5.4|5.4|2|8
40.1|93.3|1446|394|5.4|5.4|2|8
40.2|93.35|1095|394|5.4|5.4|2|8
40.3|93.38|1093|394|5.4|5.4|2|8
40.4|93.37|1090|394|5.4|5.4|2|8
40.5|93.41|1090|394|5.4|5.4|2|8
40.6|93.33|1358|394|5.4|5.4|2|8
40.7|93.19|1678|394|5.4|5.4|2|8
40.8|93.35|1693|394|5.4|5.4|2|8
40.9|93.46|1642|394|5.4|5.4|2|8
41|93.69|1193|394|5.4|5.4|2|8
41.1|93.86|1093|394|5.4|5.4|2|8
41.2|93.82|1090|393|5.4|5.4|2|8
41.3|93.72|1088|393|5.4|5.4|2|8
41.4|93.69|1088|393|5.4|5.4|2|8
41.5|93.69|1088|393|5.4|5.4|2|8
41.6|93.57|1088|393|5.4|5.4|2|8
41.7|93.5|1088|393|5.4|5.4|2|8
41.8|93.54|1088|393|5.4|5.4|2|8
41.9|93.5|1271|393|5.4|5.4|2|8
42|93.43|1186|393|5.4|5.4|2|8
42.1|93.33|1206|394|5.4|5.4|2|8
42.2|93.17|1193|394|5.4|5.4|2|8
42.3|93.14|1090|393|5.4|5.4|2|8
42.4|93.18|1155|393|5.4|5.4|2|8
42.5|93.17|1500|394|5.4|5.4|2|8
42.6|92.96|1160|394|5.4|5.4|2|8
42.7|93.07|1090|394|5.4|5.4|2|8
42.8|93.02|1147|394|5.4|5.4|2|8
42.9|92.95|1253|394|5.4|5.4|2|8
43|92.86|1304|394|5.4|5.4|2|8
43.1|92.91|1294|394|5.4|5.4|2|8
43.2|92.79|1304|394|5.4|5.4|2|8
43.3|92.71|1219|394|5.4|5.4|2|8
43.4|92.68|1291|394|5.4|5.4|2|8
43.5|92.66|1263|394|5.4|5.4|2|8
43.6|92.51|1250|394|5.4|5.4|2|8
43.7|92.37|1108|394|5.4|5.4|2|8
43.8|92.39|1129|394|5.4|5.4|2|8
43.9|92.31|1294|394|5.4|5.4|2|8
44|92.27|1211|394|5.4|5.4|2|8
44.1|92.17|1157|394|5.4|5.4|2|8
44.2|92.13|1229|394|5.4|5.4|2|8
44.3|92.02|1271|394|5.4|5.4|2|8
44.4|91.97|1121|394|5.4|5.4|2|8
44.5|91.92|1204|394|5.4|5.4|2|8
44.6|91.82|1227|394|5.4|5.4|2|8
44.7|91.73|1214|394|5.4|5.4|2|8
44.8|91.61|1124|394|5.4|5.4|2|8
44.9|91.54|1116|394|5.4|5.4|2|8
45|91.46|1271|394|5.4|5.4|2|8
45.1|91.5|1211|394|5.4|5.4|2|8
45.2|91.37|1206|394|5.4|5.4|2|8
45.3|91.29|1330|394|5.4|5.4|2|8
45.4|91.17|1332|394|5.4|5.4|2|8
45.5|91|1224|394|5.4|5.4|2|8
45.6|91.06|1121|394|5.4|5.4|2|8
45.7|90.94|1374|394|5.4|5.4|2|8
45.8|90.79|1281|394|5.4|5.4|2|8
45.9|90.76|1227|394|5.4|5.4|2|8
46|90.64|1214|394|5.4|5.4|2|8
46.1|90.55|1229|394|5.4|5.4|2|8
46.2|90.44|1294|394|5.4|5.4|2|8
46.3|90.39|1162|394|5.4|5.4|2|8
46.4|90.33|1235|394|5.4|5.4|2|8
46.5|90.17|1222|394|5.4|5.4|2|8
46.6|90.09|1219|394|5.4|5.4|2|8
46.7|89.93|1247|393|5.4|5.4|2|8
46.8|89.85|1204|393|5.4|5.4|2|8
46.9|89.73|1247|394|5.4|5.4|2|8
47|89.77|1294|394|5.4|5.4|2|8
47.1|89.53|1320|394|5.4|5.4|2|8
47.2|89.46|1369|394|5.4|5.4|2|8
47.3|89.33|1211|394|5.4|5.4|2|8
47.4|89.18|1219|394|5.4|5.4|2|8
47.5|89.13|1183|394|5.4|5.4|2|8
47.6|88.95|1240|394|5.4|5.4|2|8
47.7|88.86|1204|394|5.4|5.4|2|8
47.8|88.79|1180|394|5.4|5.4|2|8
47.9|88.71|1214|394|5.4|5.4|2|8
48|88.54|1232|394|5.4|5.4|2|8
48.1|88.39|1255|394|5.4|5.4|2|8
48.2|88.24|1245|394|5.4|5.4|2|8
48.3|88.2|1268|394|5.4|5.4|2|8
48.4|88.04|1332|394|5.4|5.4|2|8
48.5|87.92|1268|395|5.4|5.4|2|8
48.6|87.77|1209|395|5.4|5.4|2|8
48.7|87.64|1240|394|5.4|5.4|2|8
48.8|87.6|1211|394|5.4|5.4|2|8
48.9|87.42|1278|394|5.4|5.4|2|8
49|87.23|1286|394|5.4|5.4|2|8
49.1|87.19|1186|394|5.4|5.4|2|8
49.2|86.98|1307|394|5.4|5.4|2|8
49.3|86.78|1227|394|5.4|5.4|2|8
49.4|86.67|1294|394|5.4|5.4|2|8
49.5|86.62|1180|394|5.4|5.4|2|8
49.6|86.46|1338|394|5.4|5.4|2|8
49.7|86.25|1255|394|5.4|5.4|2|8
49.8|86.12|1284|396|5.4|5.4|2|8
49.9|85.95|1245|395|5.4|5.4|2|8
50|85.76|1286|394|5.4|5.4|2|8
50.1|85.56|1214|394|5.4|5.4|2|8
50.2|85.5|1273|394|5.4|5.4|2|8
50.3|85.26|1240|394|5.4|5.4|2|8
50.4|85.15|1345|394|5.4|5.4|2|8
50.5|84.97|1271|394|5.4|5.4|2|8
50.6|84.8|1240|394|5.4|5.4|2|8
50.7|84.62|1335|394|5.4|5.4|2|8
50.8|84.42|1193|394|5.4|5.4|2|8
50.9|84.21|1214|394|5.4|5.4|2|8
51|84.12|1258|394|5.4|5.4|2|8
51.1|83.91|1276|394|5.4|5.4|2|8
51.2|83.72|1348|394|5.4|5.4|2|8
51.3|83.56|1335|394|5.4|5.4|2|8
51.4|83.33|1322|394|5.4|5.4|2|8
51.5|83.15|1317|394|5.4|5.4|2|8
51.6|82.9|1361|394|5.4|5.4|6|8
51.7|81.45|1941|394|5.4|5.4|6|8
51.8|78.86|2018|393|5.4|5.4|6|8
51.9|76.3|54|392|5.4|5.4|7|8
52|74.18|0|392|5.4|5.4|7|8
52.1|73.17|0|392|5.4|5.4|7|8
52.2|72.62|0|392|5.4|5.4|7|8
52.3|72.39|0|392|5.4|5.4|7|8
52.4|72.24|0|391|5.4|5.4|7|8
52.5|72.14|0|391|5.4|5.4|7|8
52.6|72.15|0|391|5.4|5.4|7|8
52.7|72.15|0|391|5.4|5.4|7|8
52.8|72.12|0|391|5.4|5.4|7|8
52.9|72.11|0|391|5.4|5.4|7|8
53|72.14|0|391|5.4|5.4|7|8
53.1|72.14|0|391|5.4|5.4|7|8
53.2|72.14|0|391|5.4|5.4|7|8
53.3|72.15|0|391|5.4|5.4|7|8
53.4|72.12|0|391|5.4|5.4|7|8
53.5|72.14|0|391|5.4|5.4|7|8
53.6|72.14|0|391|5.4|5.4|7|8
53.7|72.11|0|391|5.4|5.4|7|8
53.8|72.1|0|391|5.4|5.4|7|8
53.9|72.11|0|391|5.4|5.4|7|8
54|72.12|0|391|5.4|5.4|7|8
54.1|72.14|0|391|5.4|5.4|7|8
54.2|72.14|0|391|5.4|5.4|7|8
54.3|72.11|0|391|5.4|5.4|7|8
54.4|72.11|0|391|5.4|5.4|7|8
54.5|72.12|0|391|5.4|5.4|7|8
54.6|72.12|0|390|5.4|5.4|7|8
54.7|72.12|0|390|5.4|5.4|7|8
54.8|72.1|0|391|5.4|5.4|7|8
54.9|72.11|0|391|5.4|5.4|7|8
55|72.11|0|391|5.4|5.4|7|8
55.1|72.11|0|391|5.4|5.4|7|8
55.2|72.12|0|391|5.4|5.4|7|8
55.3|72.11|0|391|5.4|5.4|7|8
55.4|72.11|0|390|5.4|5.4|7|8
55.5|72.12|0|390|5.4|5.4|7|8
55.6|72.11|0|390|5.4|5.4|7|8
55.7|72.11|0|390|5.4|5.4|7|8
55.8|72.08|0|390|5.4|5.4|7|8
55.9|72.1|0|390|5.4|5.4|7|8
56|72.08|0|390|5.4|5.4|7|8
56.1|72.08|0|390|5.4|5.4|7|8
56.2|72.1|0|390|5.4|5.4|7|8
56.3|72.1|0|390|5.4|5.4|7|8
56.4|72.11|0|390|5.4|5.4|7|8
56.5|72.12|0|390|5.4|5.4|7|8
56.6|72.12|0|390|5.4|5.4|7|8
56.7|72.14|0|390|5.4|5.4|7|8
56.8|72.18|0|390|5.4|5.4|7|8
56.9|72.19|0|391|5.4|5.4|7|8
57|72.12|0|390|5.4|5.4|7|8
57.1|72.08|0|391|5.4|5.4|7|8
57.2|72.03|0|391|5.4|5.4|7|8
57.3|72.08|0|391|5.4|5.4|7|8
57.4|72.07|0|391|5.4|5.4|7|8
57.5|72.1|0|391|5.4|5.4|7|8
57.6|72.11|0|391|5.4|5.4|7|8
57.7|72.12|0|391|5.4|5.4|7|8
57.8|72.19|0|391|5.4|5.4|7|8
57.9|72.1|0|391|5.4|5.4|7|8
58|72.03|0|391|5.4|5.4|7|8
58.1|72.1|0|391|5.4|5.4|7|8
58.2|72.11|0|391|5.4|5.4|7|8
58.3|72.18|0|391|5.4|5.4|7|8
58.4|72.1|0|391|5.4|5.4|7|8
58.5|72.03|0|391|5.4|5.4|7|8
58.6|72.08|0|391|5.4|5.4|7|8
58.7|72.07|0|391|5.4|5.4|7|8
58.8|72.12|0|391|5.4|5.4|7|8
58.9|72.18|0|391|5.4|5.4|7|8
59|72.11|0|391|5.4|5.4|7|8
59.1|72.07|0|391|5.4|5.4|7|8
59.2|72.07|0|391|5.4|5.4|7|8
59.3|72.08|0|391|5.4|5.4|7|8
59.4|72.1|0|391|5.4|5.4|7|8
59.5|72.12|0|391|5.4|5.4|7|8
59.6|72.16|0|391|5.4|5.4|7|8
59.7|72.11|0|391|5.4|5.4|7|8
59.8|72.02|0|391|5.4|5.4|7|8
59.9|72.07|0|391|5.4|5.4|7|8
60|72.07|0|391|5.4|5.4|7|8
60.1|72.11|0|391|5.4|5.4|7|8
60.2|72.18|0|391|5.4|5.4|7|8
60.3|72.11|0|391|5.4|5.4|7|8
60.4|72.07|0|391|5.4|5.4|7|8
60.5|72.1|0|391|5.4|5.4|7|8
60.6|72.1|0|391|5.4|5.4|7|8
60.7|72.1|0|391|5.4|5.4|7|8
60.8|72.1|0|391|5.4|5.4|7|8
60.9|72.1|0|391|5.4|5.4|7|8
61|72.1|0|391|5.4|5.4|7|8
61.1|72.1|0|391|5.4|5.4|7|8
61.2|72.1|0|391|5.4|5.4|7|8
61.3|72.08|0|391|5.4|5.4|7|8
61.4|72.04|0|391|5.4|5.4|7|8
61.5|72.07|0|391|5.4|5.4|7|8
61.6|72.1|0|391|5.4|5.4|7|8
61.7|72.14|0|391|5.4|5.4|7|8
61.8|72.12|0|391|5.4|5.4|7|8
61.9|72.1|0|391|5.4|5.4|7|8
62|72.04|0|391|5.4|5.4|7|8
62.1|72.07|0|391|5.4|5.4|7|8
62.2|72.08|0|391|5.4|5.4|7|8
62.3|72.1|0|391|5.4|5.4|7|8
62.4|72.16|0|391|5.4|5.4|7|8
62.5|72.11|0|391|5.4|5.4|7|8
62.6|72.07|0|391|5.4|5.4|7|8
62.7|72.04|0|396|5.4|5.4|7|8
62.8|72.06|0|398|5.4|5.4|7|8
62.9|72.07|0|398|5.4|5.4|7|8
63|72.06|0|399|5.4|5.4|7|8
63.1|72.1|0|399|5.4|5.4|7|8
63.2|72.16|0|399|5.4|5.4|7|8
63.3|72.11|0|399|5.4|5.4|7|8
63.4|72.07|0|399|5.4|5.4|7|8
63.5|72.03|0|399|5.4|5.4|7|8
63.6|72.07|0|399|5.4|5.4|7|8
63.7|72.1|0|399|5.4|5.4|7|8
63.8|72.08|0|399|5.4|5.4|7|8
63.9|72.12|0|399|5.4|5.4|7|8
64|72.14|0|399|5.4|5.4|7|8
64.1|72.1|0|398|5.4|5.4|7|8
64.2|72.06|0|399|5.4|5.4|7|8
64.3|72.04|0|399|5.4|5.4|7|8
64.4|72.06|0|399|5.4|5.4|7|8
64.5|72.08|0|399|5.4|5.4|7|8
64.6|72.07|0|399|5.4|5.4|7|8
64.7|72.08|0|399|5.4|5.4|7|8
64.8|72.12|0|399|5.4|5.4|7|8
64.9|72.14|0|399|5.4|5.4|8|8
65|72.03|0|399|5.4|5.4|8|8
65.1|71.98|0|399|5.4|5.4|8|8
65.2|71.95|0|399|5.4|5.4|8|8
65.3|71.98|0|399|5.4|5.4|8|8
65.4|72.06|0|399|5.4|5.4|8|8
65.5|72.02|0|399|5.4|5.4|8|8
65.6|71.96|0|399|5.4|5.4|8|8
65.7|72.03|0|399|5.4|5.4|8|8
65.8|72.03|0|399|5.3|5.3|8|8
65.9|72.06|0|399|5.3|5.3|8|8
66|72|0|399|5.3|5.3|8|8
66.1|71.98|0|399|5.3|5.3|8|8
66.2|72.04|0|399|5.3|5.3|8|8
66.3|72.03|0|399|5.3|5.3|8|8
66.4|72.04|0|399|5.3|5.3|8|8
66.5|72.03|0|399|5.3|5.3|8|8
66.6|72.03|0|399|5.3|5.3|8|8
66.7|72.02|0|399|5.3|5.3|8|8
66.8|71.98|0|398|5.3|5.3|8|8
66.9|72.71|0|398|5.2|5.2|8|8
67|75.72|0|398|5.2|5.2|8|8
67.1|78.73|0|398|5.2|5.2|8|8
67.2|81.72|0|399|5.2|5.2|8|8
67.3|84.7|0|399|5.2|5.2|8|8
67.4|87.6|0|399|5.2|5.2|8|8
67.5|90.56|0|398|5.2|5.2|8|8
67.6|93.43|0|399|5.2|5.2|8|8
67.7|95.02|0|399|5.2|5.2|8|8
