0|96.04|1131|401|4.9|4.9|1|8
0.1|96.04|1173|402|5|5|1|8
0.2|96.02|1126|404|5|5|1|8
0.3|96.02|1103|405|5|5|1|8
0.4|95.98|1090|406|5|5|1|8
0.5|96.02|1090|406|5|5|2|8
0.6|95.77|1090|407|5|5|2|8
0.7|95.33|1090|407|5|5|2|8
0.8|94.87|1093|407|5|5|2|8
0.9|94.39|1093|407|5|5|2|8
1|93.96|1634|408|5|5|3|8
1.1|93.69|1714|408|5|5|3|8
1.2|93.53|1732|409|5|5|3|8
1.3|93.39|1745|409|5|5|3|8
1.4|93.31|1750|409|5|5|3|8
1.5|93.3|1755|409|5|5|3|8
1.6|93.3|1760|409|5|5|3|8
1.7|93.3|1763|409|5|5|3|8
1.8|93.31|1765|409|5|5|3|8
1.9|93.35|1768|409|5|5|3|8
2|93.41|1768|409|5|5|3|8
2.1|93.22|1771|409|5|5|3|8
2.2|93.35|1773|409|5|5|3|8
2.3|93.25|1773|409|5|5|3|8
2.4|93.31|1776|409|5|5|3|8
2.5|93.3|1778|409|5|5|3|8
2.6|93.25|1778|409|5|5|3|8
2.7|93.41|1778|409|5|5|3|8
2.8|93.22|1778|409|5|5|3|8
2.9|93.33|1778|409|5|5|3|8
3|93.25|1781|409|5|5|4|8
3.1|93.34|1781|409|5|5|4|8
3.2|93.7|1760|409|5|5|4|8
3.3|94.17|1126|410|5|5|5|8
3.4|94.41|1090|409|5|5.1|5|8
3.5|94.52|1085|409|5.1|5.1|5|8
3.6|94.61|1088|408|5.1|5.1|5|8
3.7|94.64|1085|408|5.1|5.1|5|8
3.8|94.63|1085|408|5.1|5.1|5|8
3.9|94.64|1085|408|5.1|5.1|5|8
4|94.63|1082|408|5.1|5.1|5|8
4.1|94.61|1082|408|5.1|5.1|5|8
4.2|94.59|1082|408|5.1|5.1|5|8
4.3|94.61|1082|408|5.1|5.1|5|8
4.4|94.63|1082|408|5.1|5.1|5|8
4.5|94.63|1082|408|5.1|5.1|5|8
4.6|94.63|1082|408|5.1|5.1|5|8
4.7|94.63|1082|408|5.1|5.1|5|8
4.8|94.63|1080|408|5.1|5.1|5|8
4.9|94.61|1080|408|5.1|5.1|5|8
5|94.61|1082|408|5.1|5.1|5|8
5.1|94.63|1082|407|5.1|5.1|5|8
5.2|94.61|1082|407|5.1|5.1|5|8
5.3|94.61|1080|407|5.1|5.1|2|8
5.4|94.45|1082|407|5.1|5.1|2|8
5.5|94.09|1080|407|5.1|5.1|2|8
5.6|93.73|1588|407|5.1|5.1|3|8
5.7|93.41|1745|408|5.1|5.1|3|8
5.8|93.25|1771|408|5.1|5.1|3|8
5.9|93.17|1781|408|5.1|5.1|3|8
6|93.06|1784|408|5.1|5.1|3|8
6.1|93.03|1789|408|5.1|5.1|3|8
6.2|93.04|1791|408|5.1|5.1|3|8
6.3|93.11|1791|408|5.1|5.1|3|8
6.4|93.04|1794|408|5.1|5.1|3|8
6.5|93.02|1794|408|5.1|5.1|3|8
6.6|93.07|1796|408|5.1|5.1|3|8
6.7|93.06|1796|408|5.1|5.1|3|8
6.8|93.02|1799|408|5.1|5.1|3|8
6.9|93.04|1799|408|5.2|5.1|3|8
7|93.09|1799|408|5.2|5.1|3|8
7.1|93.04|1802|408|5.2|5.2|3|8
7.2|93.02|1802|408|5.2|5.2|3|8
7.3|93.06|1802|408|5.2|5.2|3|8
7.4|93.06|1802|408|5.2|5.2|3|8
7.5|93.04|1804|408|5.2|5.2|3|8
7.6|93.03|1804|408|5.2|5.2|4|8
7.7|93.06|1804|408|5.2|5.2|4|8
7.8|93.35|1794|408|5.2|5.2|4|8
7.9|93.8|1201|408|5.2|5.2|5|8
8|94.15|1098|408|5.2|5.2|5|8
8.1|94.25|1095|408|5.2|5.2|5|8
8.2|94.33|1093|407|5.2|5.2|5|8
8.3|94.28|1093|407|5.2|5.2|5|8
8.4|94.39|1093|407|5.2|5.2|5|8
8.5|94.37|1093|407|5.2|5.2|5|8
8.6|94.36|1093|407|5.2|5.2|5|8
8.7|94.36|1090|407|5.2|5.2|5|8
8.8|94.37|1090|407|5.2|5.2|5|8
8.9|94.37|1090|407|5.2|5.2|5|8
9|94.37|1090|407|5.2|5.2|5|8
9.1|94.37|1090|407|5.2|5.2|5|8
9.2|94.36|1090|407|5.2|5.2|5|8
9.3|94.37|1090|407|5.2|5.2|5|8
9.4|94.37|1088|406|5.2|5.2|5|8
9.5|94.37|1090|406|5.2|5.2|5|8
9.6|94.37|1088|406|5.2|5.2|5|8
9.7|94.37|1090|406|5.2|5.2|5|8
9.8|94.36|1088|406|5.2|5.2|5|8
9.9|94.36|1088|406|5.2|5.2|2|8
10|94.35|1088|406|5.2|5.2|2|8
10.1|93.96|1088|406|5.2|5.2|2|8
10.2|93.6|1559|401|5.2|5.2|2|8
10.3|93.29|1776|394|5.2|5.2|3|8
10.4|93.04|1807|392|5.2|5.2|3|8
10.5|92.95|1820|390|5.2|5.2|3|8
10.6|92.87|1825|390|5.2|5.2|3|8
10.7|92.88|1827|390|5.2|5.2|3|8
10.8|92.91|1830|390|5.2|5.2|3|8
10.9|92.84|1830|390|5.2|5.2|3|8
11|92.82|1832|390|5.2|5.2|3|8
11.1|92.88|1835|390|5.2|5.2|3|8
11.2|92.86|1835|390|5.2|5.2|3|8
11.3|92.86|1838|390|5.2|5.2|3|8
11.4|92.86|1838|390|5.2|5.2|3|8
11.5|92.86|1840|390|5.2|5.2|3|8
11.6|92.86|1840|390|5.2|5.2|3|8
11.7|92.86|1840|390|5.2|5.2|3|8
11.8|92.86|1843|390|5.2|5.2|3|8
11.9|92.84|1843|390|5.3|5.3|3|8
12|92.86|1845|390|5.3|5.3|3|8
12.1|92.84|1845|390|5.3|5.3|3|8
12.2|92.86|1845|390|5.3|5.3|3|8
12.3|92.84|1845|390|5.3|5.3|4|8
12.4|93.13|1840|390|5.3|5.3|4|8
12.5|93.55|1235|391|5.3|5.3|5|8
12.6|93.9|1108|390|5.3|5.3|5|8
12.7|94.09|1106|390|5.3|5.3|5|8
12.8|94.15|1103|390|5.3|5.3|5|8
12.9|94.16|1103|390|5.3|5.3|5|8
13|94.16|1101|390|5.3|5.3|5|8
13.1|94.16|1101|390|5.3|5.3|5|8
13.2|94.2|1101|390|5.3|5.3|5|8
13.3|94.21|1101|390|5.3|5.3|5|8
13.4|94.16|1101|390|5.3|5.3|5|8
13.5|94.12|1101|390|5.3|5.3|5|8
13.6|94.16|1101|390|5.3|5.3|5|8
13.7|94.17|1101|390|5.3|5.3|5|8
13.8|94.17|1101|390|5.3|5.3|5|8
13.9|94.23|1098|390|5.3|5.3|5|8
14|94.16|1101|390|5.3|5.3|5|8
14.1|94.12|1101|390|5.3|5.3|5|8
14.2|94.15|1098|390|5.3|5.3|5|8
14.3|94.16|1098|390|5.3|5.3|5|8
14.4|94.16|1098|390|5.3|5.3|5|8
14.5|94.17|1098|390|5.3|5.3|2|8
14.6|94.09|1101|390|5.3|5.3|2|8
14.7|93.81|1098|390|5.3|5.3|2|8
14.8|93.35|1459|390|5.3|5.3|2|8
14.9|93.06|1791|390|5.3|5.3|3|8
15|92.87|1822|390|5.3|5.3|3|8
15.1|92.74|1835|390|5.3|5.3|3|8
15.2|92.68|1840|390|5.3|5.3|3|8
15.3|92.64|1843|390|5.3|5.3|3|8
15.4|92.62|1845|390|5.3|5.3|3|8
15.5|92.64|1848|390|5.3|5.3|3|8
15.6|92.64|1851|390|5.3|5.3|3|8
15.7|92.67|1851|390|5.3|5.3|3|8
15.8|92.68|1851|390|5.3|5.3|3|8
15.9|92.66|1853|390|5.3|5.3|3|8
16|92.66|1853|390|5.3|5.3|3|8
16.1|92.66|1853|390|5.3|5.3|3|8
16.2|92.66|1856|390|5.3|5.3|3|8
16.3|92.66|1856|390|5.3|5.3|3|8
16.4|92.67|1856|390|5.3|5.3|3|8
16.5|92.68|1856|390|5.3|5.3|3|8
16.6|92.64|1858|390|5.3|5.3|3|8
16.7|92.64|1858|390|5.3|5.3|3|8
16.8|92.67|1858|390|5.3|5.3|3|8
16.9|92.63|1858|390|5.3|5.3|4|8
17|92.9|1856|390|5.3|5.3|4|8
17.1|93.31|1410|390|5.3|5.3|4|8
17.2|93.8|1116|390|5.3|5.3|5|8
17.3|93.85|1111|390|5.3|5.3|5|8
17.4|93.98|1108|390|5.3|5.3|5|8
17.5|93.97|1108|390|5.3|5.3|5|8
17.6|94|1106|390|5.3|5.3|5|8
17.7|94.02|1106|390|5.3|5.3|5|8
17.8|94.05|1106|390|5.3|5.3|5|8
17.9|94.05|1106|390|5.3|5.3|5|8
18|94.04|1103|390|5.3|5.3|5|8
18.1|94.05|1103|390|5.3|5.3|5|8
18.2|94|1103|390|5.3|5.3|5|8
18.3|93.96|1103|390|5.3|5.3|5|8
18.4|93.96|1103|390|5.3|5.3|5|8
18.5|94|1101|390|5.3|5.3|5|8
18.6|94|1101|390|5.3|5.3|5|8
18.7|94|1098|390|5.3|5.3|5|8
18.8|94|1098|390|5.3|5.3|5|8
18.9|94|1098|390|5.3|5.3|5|8
19|94.02|1098|390|5.3|5.3|5|8
19.1|94.02|1098|390|5.3|5.3|5|8
19.2|94.05|1098|390|5.3|5.3|2|8
19.3|93.74|1098|390|5.3|5.3|2|8
19.4|93.31|1162|390|5.3|5.3|2|8
19.5|92.91|1786|390|5.3|5.3|3|8
19.6|92.7|1835|390|5.3|5.3|3|8
19.7|92.66|1848|389|5.3|5.3|3|8
19.8|92.59|1853|389|5.3|5.3|3|8
19.9|92.59|1856|389|5.3|5.3|3|8
20|92.52|1858|389|5.3|5.3|3|8
20.1|92.52|1861|389|5.3|5.3|3|8
20.2|92.52|1861|389|5.3|5.3|3|8
20.3|92.48|1863|389|5.3|5.3|3|8
20.4|92.45|1863|389|5.3|5.3|3|8
20.5|92.47|1863|389|5.3|5.3|3|8
20.6|92.52|1866|389|5.3|5.3|3|8
20.7|92.47|1866|389|5.3|5.3|3|8
20.8|92.52|1866|389|5.3|5.3|3|8
20.9|92.47|1866|389|5.3|5.3|3|8
21|92.51|1869|389|5.3|5.3|3|8
21.1|92.48|1869|389|5.3|5.3|3|8
21.2|92.51|1869|389|5.3|5.3|3|8
21.3|92.51|1871|389|5.3|5.3|3|8
21.4|92.48|1869|389|5.3|5.3|3|8
21.5|92.55|1871|389|5.3|5.3|4|8
21.6|92.6|1874|389|5.3|5.3|4|8
21.7|93.03|1716|389|5.3|5.3|4|8
21.8|93.5|1121|390|5.3|5.3|5|8
21.9|93.78|1111|390|5.3|5.3|5|8
22|93.8|1108|390|5.3|5.3|5|8
22.1|93.78|1106|390|5.3|5.3|5|8
22.2|93.84|1106|389|5.3|5.3|5|8
22.3|93.84|1106|389|5.3|5.3|5|8
22.4|93.86|1106|389|5.3|5.3|5|8
22.5|93.9|1103|389|5.3|5.3|5|8
22.6|93.9|1103|389|5.3|5.3|5|8
22.7|93.86|1103|389|5.3|5.3|5|8
22.8|93.82|1101|389|5.3|5.3|5|8
22.9|93.84|1101|389|5.3|5.3|5|8
23|93.84|1101|389|5.3|5.3|5|8
23.1|93.86|1101|389|5.3|5.3|5|8
23.2|93.88|1101|389|5.3|5.3|5|8
23.3|93.9|1098|389|5.3|5.3|5|8
23.4|93.89|1098|389|5.3|5.3|5|8
23.5|93.88|1098|389|5.3|5.3|5|8
23.6|93.86|1098|389|5.3|5.3|5|8
23.7|93.84|1098|389|5.3|5.3|5|8
23.8|93.85|1098|389|5.3|5.3|2|8
23.9|93.62|1098|389|5.3|5.3|2|8
24|93.25|1098|389|5.3|5.3|2|8
24.1|92.83|1771|388|5.3|5.3|3|8
24.2|92.63|1843|388|5.3|5.3|3|8
24.3|92.52|1856|388|5.3|5.3|3|8
24.4|92.36|1869|388|5.3|5.3|3|8
24.5|92.43|1874|388|5.3|5.3|3|8
24.6|92.39|1876|388|5.3|5.3|3|8
24.7|92.37|1879|388|5.3|5.3|3|8
24.8|92.36|1879|388|5.3|5.3|3|8
24.9|92.37|1881|388|5.3|5.3|3|8
25|92.39|1881|388|5.3|5.3|3|8
25.1|92.36|1884|388|5.3|5.3|3|8
25.2|92.35|1884|388|5.3|5.3|3|8
25.3|92.35|1887|388|5.3|5.3|3|8
25.4|92.33|1887|388|5.3|5.3|3|8
25.5|92.35|1887|388|5.3|5.3|3|8
25.6|92.36|1889|388|5.3|5.3|3|8
25.7|92.4|1889|388|5.3|5.3|3|8
25.8|92.36|1889|388|5.3|5.3|3|8
25.9|92.35|1889|388|5.3|5.3|3|8
26|92.33|1889|388|5.3|5.3|3|8
26.1|92.33|1892|388|5.3|5.3|4|8
26.2|92.52|1889|388|5.3|5.3|4|8
26.3|92.79|1874|388|5.3|5.3|4|8
26.4|93.31|1144|389|5.3|5.3|5|8
26.5|93.57|1113|389|5.3|5.3|5|8
26.6|93.73|1111|389|5.3|5.3|5|8
26.7|93.74|1108|389|5.3|5.3|5|8
26.8|93.76|1108|389|5.3|5.3|5|8
26.9|93.77|1106|389|5.3|5.3|5|8
27|93.82|1106|389|5.3|5.3|5|8
27.1|93.7|1106|388|5.3|5.3|5|8
27.2|93.77|1103|388|5.3|5.3|5|8
27.3|93.81|1103|389|5.3|5.3|5|8
27.4|93.72|1103|389|5.3|5.3|5|8
27.5|93.76|1103|388|5.3|5.3|5|8
27.6|93.76|1103|388|5.3|5.3|5|8
27.7|93.76|1103|388|5.3|5.3|5|8
27.8|93.76|1101|389|5.3|5.3|5|8
27.9|93.77|1101|389|5.3|5.3|5|8
28|93.78|1101|388|5.3|5.3|5|8
28.1|93.8|1101|388|5.3|5.3|5|8
28.2|93.74|1101|389|5.3|5.3|5|8
28.3|93.74|1098|389|5.3|5.3|5|8
28.4|93.77|1098|389|5.3|5.3|2|8
28.5|93.6|1098|388|5.3|5.3|2|8
28.6|93.26|1098|389|5.3|5.3|2|8
28.7|92.82|1665|389|5.3|5.3|3|8
28.8|92.62|1845|388|5.3|5.3|3|8
28.9|92.41|1869|388|5.3|5.3|3|8
29|92.36|1879|388|5.3|5.3|3|8
29.1|92.4|1884|388|5.3|5.3|3|8
29.2|92.24|1889|388|5.3|5.3|3|8
29.3|92.23|1892|388|5.3|5.3|3|8
29.4|92.25|1892|388|5.3|5.3|3|8
29.5|92.24|1892|388|5.3|5.3|3|8
29.6|92.27|1892|388|5.3|5.3|3|8
29.7|92.28|1894|388|5.3|5.3|3|8
29.8|92.28|1894|388|5.3|5.3|3|8
29.9|92.27|1897|388|5.3|5.3|3|8
30|92.25|1897|388|5.3|5.3|3|8
30.1|92.21|1897|388|5.3|5.3|3|8
30.2|92.24|1897|388|5.3|5.3|3|8
30.3|92.25|1897|388|5.3|5.3|3|8
30.4|92.25|1899|388|5.3|5.3|3|8
30.5|92.28|1899|388|5.3|5.3|3|8
30.6|92.27|1899|388|5.3|5.3|3|8
30.7|92.25|1899|388|5.3|5.3|4|8
30.8|92.32|1899|388|5.3|5.3|4|8
30.9|92.55|1894|388|5.3|5.3|4|8
31|93.04|1216|390|5.3|5.3|5|8
31.1|93.47|1113|390|5.3|5.3|5|8
31.2|93.51|1111|390|5.3|5.3|5|8
31.3|93.62|1108|390|5.3|5.3|5|8
31.4|93.61|1108|389|5.3|5.3|5|8
31.5|93.66|1106|389|5.3|5.3|5|8
31.6|93.66|1106|390|5.3|5.3|5|8
31.7|93.66|1103|390|5.3|5.3|5|8
31.8|93.7|1103|389|5.3|5.3|5|8
31.9|93.65|1103|389|5.3|5.3|5|8
32|93.61|1101|389|5.3|5.3|5|8
32.1|93.65|1101|389|5.3|5.3|5|8
32.2|93.65|1101|389|5.3|5.3|5|8
32.3|93.65|1101|389|5.3|5.3|5|8
32.4|93.69|1101|390|5.3|5.3|5|8
32.5|93.7|1101|389|5.3|5.3|5|8
32.6|93.68|1098|389|5.3|5.3|5|8
32.7|93.66|1098|390|5.3|5.3|5|8
32.8|93.61|1098|389|5.3|5.3|5|8
32.9|93.65|1098|389|5.3|5.3|5|8
33|93.65|1098|389|5.3|5.3|2|8
33.1|93.61|1098|389|5.3|5.3|2|8
33.2|93.3|1098|390|5.3|5.3|2|8
33.3|92.86|1371|389|5.3|5.3|2|8
33.4|92.56|1840|389|5.3|5.3|3|8
33.5|92.37|1876|389|5.3|5.3|3|8
33.6|92.25|1887|389|5.3|5.3|3|8
33.7|92.21|1894|389|5.3|5.3|3|8
33.8|92.17|1899|389|5.3|5.3|3|8
33.9|92.09|1902|389|5.3|5.3|3|8
34|92.17|1902|389|5.3|5.3|3|8
34.1|92.2|1905|389|5.3|5.3|3|8
34.2|92.11|1905|389|5.3|5.3|3|8
34.3|92.17|1905|389|5.3|5.3|3|8
34.4|92.17|1905|389|5.3|5.3|3|8
34.5|92.12|1907|389|5.3|5.3|3|8
34.6|92.19|1907|389|5.3|5.3|3|8
34.7|92.16|1907|389|5.3|5.3|3|8
34.8|92.12|1907|389|5.3|5.3|3|8
34.9|92.19|1907|389|5.3|5.3|3|8
35|92.16|1907|389|5.3|5.3|3|8
35.1|92.13|1907|389|5.3|5.3|3|8
35.2|92.13|1907|389|5.3|5.3|3|8
35.3|92.2|1910|389|5.3|5.3|3|8
35.4|92.16|1907|389|5.3|5.3|4|8
35.5|92.35|1907|389|5.3|5.3|4|8
35.6|92.75|1750|389|5.3|5.3|4|8
35.7|93.19|1124|390|5.3|5.3|2|8
35.8|93.21|1108|390|5.3|5.3|2|8
35.9|93.29|1108|390|5.3|5.3|2|8
36|93.15|1106|390|5.3|5.3|2|8
36.1|93.04|1106|390|5.3|5.3|2|8
36.2|93.03|1106|390|5.3|5.3|2|8
36.3|93.04|1103|390|5.3|5.3|2|8
36.4|92.91|1103|390|5.3|5.3|2|8
36.5|92.9|1103|390|5.3|5.3|2|8
36.6|92.84|1381|390|5.3|5.3|2|8
36.7|92.75|1546|390|5.3|5.3|2|8
36.8|92.8|1157|390|5.3|5.3|2|8
36.9|92.88|1103|390|5.3|5.3|2|8
37|92.9|1101|390|5.3|5.3|2|8
37.1|92.9|1101|390|5.3|5.3|2|8
37.2|92.79|1188|390|5.3|5.3|2|8
37.3|92.75|1652|390|5.3|5.3|2|8
37.4|92.72|1722|390|5.3|5.3|2|8
37.5|92.9|1719|390|5.3|5.3|2|8
37.6|93.07|1206|390|5.3|5.3|2|8
37.7|93.21|1103|390|5.3|5.3|2|8
37.8|93.19|1101|390|5.3|5.3|2|8
37.9|93.23|1101|390|5.3|5.3|2|8
38|93.14|1101|390|5.3|5.3|2|8
38.1|93|1098|390|5.3|5.3|2|8
38.2|93.04|1098|390|5.3|5.3|2|8
38.3|92.96|1111|390|5.3|5.3|2|8
38.4|92.91|1108|390|5.3|5.3|2|8
38.5|92.87|1309|390|5.3|5.3|2|8
38.6|92.72|1575|390|5.3|5.3|2|8
38.7|92.72|1722|390|5.3|5.3|2|8
38.8|92.87|1727|390|5.3|5.3|2|8
38.9|93.03|1688|390|5.3|5.3|2|8
39|93.18|1152|390|5.3|5.3|2|8
39.1|93.31|1103|390|5.3|5.3|2|8
39.2|93.31|1101|390|5.3|5.3|2|8
39.3|93.38|1101|390|5.3|5.3|2|8
39.4|93.22|1098|389|5.3|5.3|2|8
39.5|93.29|1098|389|5.3|5.3|2|8
39.6|93.14|1098|390|5.3|5.3|2|8
39.7|93|1098|389|5.3|5.3|2|8
39.8|93.04|1098|390|5.3|5.3|2|8
39.9|92.98|1103|389|5.3|5.3|2|8
40|92.91|1106|390|5.3|5.3|2|8
40.1|92.86|1137|390|5.3|5.3|2|8
40.2|92.72|1549|390|5.3|5.3|2|8
40.3|92.68|1698|390|5.3|5.3|2|8
40.4|92.86|1704|390|5.3|5.3|2|8
40.5|93|1652|390|5.3|5.3|2|8
40.6|93.17|1116|390|5.3|5.3|2|8
40.7|93.26|1101|390|5.3|5.3|2|8
40.8|93.26|1101|390|5.3|5.3|2|8
40.9|93.23|1098|390|5.3|5.3|2|8
41|93.19|1101|390|5.3|5.3|2|8
41.1|93.11|1098|390|5.3|5.3|2|8
41.2|93.03|1098|390|5.3|5.3|2|8
41.3|93.03|1111|390|5.3|5.3|2|8
41.4|92.91|1139|390|5.3|5.3|2|8
41.5|92.9|1152|390|5.3|5.3|2|8
41.6|92.84|1343|390|5.3|5.3|2|8
41.7|92.74|1575|390|5.3|5.3|2|8
41.8|92.7|1706|390|5.3|5.3|2|8
41.9|92.86|1686|390|5.3|5.3|2|8
42|93.03|1235|390|5.3|5.3|2|8
42.1|93.19|1103|390|5.3|5.3|2|8
42.2|93.22|1101|390|5.3|5.3|2|8
42.3|93.17|1101|389|5.3|5.3|2|8
42.4|93.09|1101|390|5.3|5.3|2|8
42.5|93|1098|390|5.3|5.3|2|8
42.6|93.04|1098|390|5.3|5.3|2|8
42.7|92.95|1111|390|5.3|5.3|2|8
42.8|92.92|1098|390|5.3|5.3|2|8
42.9|92.86|1119|390|5.3|5.3|2|8
43|92.74|1191|390|5.3|5.3|2|8
43.1|92.66|1469|390|5.3|5.3|2|8
43.2|92.64|1549|390|5.3|5.3|2|8
43.3|92.58|1655|390|5.3|5.3|2|8
43.4|92.78|1631|390|5.3|5.3|2|8
43.5|92.94|1155|390|5.3|5.3|2|8
43.6|92.96|1098|390|5.3|5.3|2|8
43.7|93.02|1095|390|5.3|5.3|2|8
43.8|93.04|1095|390|5.3|5.3|2|8
43.9|92.9|1095|390|5.3|5.3|2|8
44|92.87|1098|390|5.3|5.3|2|8
44.1|92.79|1149|390|5.3|5.3|2|8
44.2|92.75|1137|390|5.3|5.3|2|8
44.3|92.66|1180|390|5.3|5.3|2|8
44.4|92.63|1235|390|5.3|5.3|2|8
44.5|92.59|1263|390|5.3|5.3|2|8
44.6|92.51|1436|390|5.3|5.3|2|8
44.7|92.36|1260|390|5.3|5.3|2|8
44.8|92.37|1250|390|5.3|5.3|2|8
44.9|92.4|1374|390|5.3|5.3|2|8
45|92.25|1363|391|5.3|5.3|2|8
45.1|92.19|1273|390|5.3|5.3|2|8
45.2|92.08|1312|390|5.3|5.3|2|8
45.3|92|1265|390|5.3|5.3|2|8
45.4|91.94|1219|391|5.3|5.3|2|8
45.5|91.92|1436|390|5.3|5.3|2|8
45.6|91.84|1263|390|5.3|5.3|2|8
45.7|91.76|1410|390|5.3|5.3|2|8
45.8|91.64|1284|390|5.3|5.3|2|8
45.9|91.6|1265|390|5.3|5.3|2|8
46|91.51|1216|390|5.3|5.3|2|8
46.1|91.45|1330|390|5.3|5.3|2|8
46.2|91.42|1299|390|5.3|5.3|2|8
46.3|91.25|1335|390|5.3|5.3|2|8
46.4|91.25|1198|390|5.3|5.3|2|8
46.5|91.22|1286|390|5.3|5.3|2|8
46.6|91.06|1268|390|5.3|5.3|2|8
46.7|91|1247|390|5.3|5.3|2|8
46.8|90.88|1317|390|5.3|5.3|2|8
46.9|90.84|1178|390|5.3|5.3|2|8
47|90.75|1351|390|5.3|5.3|2|8
47.1|90.66|1198|390|5.3|5.3|2|8
47.2|90.54|1286|390|5.3|5.3|2|8
47.3|90.54|1191|390|5.3|5.3|2|8
47.4|90.37|1278|390|5.3|5.3|2|8
47.5|90.35|1253|391|5.3|5.3|2|8
47.6|90.24|1245|392|5.3|5.3|2|8
47.7|90.2|1229|390|5.3|5.3|2|8
47.8|90.04|1206|390|5.3|5.3|2|8
47.9|89.9|1286|390|5.3|5.3|2|8
48|89.89|1196|390|5.3|5.3|2|8
48.1|89.77|1193|390|5.3|5.3|2|8
48.2|89.73|1214|390|5.3|5.3|2|8
48.3|89.53|1201|390|5.3|5.3|2|8
48.4|89.5|1265|390|5.3|5.3|2|8
48.5|89.37|1219|391|5.3|5.3|2|8
48.6|89.25|1222|390|5.3|5.3|2|8
48.7|89.18|1242|390|5.3|5.3|2|8
48.8|89.07|1255|390|5.3|5.3|2|8
48.9|89.03|1304|390|5.3|5.3|2|8
49|88.87|1397|390|5.3|5.3|2|8
49.1|88.75|1302|390|5.3|5.3|2|8
49.2|88.67|1351|390|5.3|5.3|2|8
49.3|88.58|1209|390|5.3|5.3|2|8
49.4|88.43|1276|390|5.3|5.3|2|8
49.5|88.28|1170|390|5.3|5.3|2|8
49.6|88.19|1260|390|5.3|5.3|2|8
49.7|88.11|1255|390|5.3|5.3|2|8
49.8|88|1330|390|5.3|5.3|2|8
49.9|87.89|1284|390|5.3|5.3|2|8
50|87.7|1250|390|5.3|5.3|2|8
50.1|87.62|1235|390|5.3|5.3|2|8
50.2|87.48|1353|391|5.3|5.3|2|8
50.3|87.44|1278|390|5.3|5.3|2|8
50.4|87.23|1247|390|5.3|5.3|2|8
50.5|87.17|1327|390|5.3|5.3|2|8
50.6|86.99|1291|390|5.3|5.3|2|8
50.7|86.89|1232|390|5.3|5.3|2|8
50.8|86.76|1232|390|5.3|5.3|2|8
50.9|86.62|1240|390|5.3|5.3|2|8
51|86.48|1196|390|5.3|5.3|2|8
51.1|86.38|1198|390|5.3|5.3|2|8
51.2|86.21|1433|390|5.3|5.3|2|8
51.3|86.08|1273|390|5.3|5.3|2|8
51.4|85.96|1284|390|5.3|5.3|2|8
51.5|85.78|1196|390|5.3|5.3|2|8
51.6|85.65|1425|390|5.3|5.3|2|8
51.7|85.45|1312|390|5.3|5.3|2|8
51.8|85.38|1222|390|5.3|5.3|2|8
51.9|85.21|1245|390|5.3|5.3|2|8
52|85.07|1338|390|5.3|5.3|2|8
52.1|84.95|1309|390|5.3|5.3|2|8
52.2|84.8|1247|390|5.3|5.3|2|8
52.3|84.63|1250|390|5.3|5.3|2|8
52.4|84.4|1361|390|5.3|5.3|2|8
52.5|84.28|1281|390|5.3|5.3|2|8
52.6|84.15|1351|390|5.3|5.3|2|8
52.7|83.97|1276|390|5.3|5.3|2|8
52.8|83.83|1381|390|5.3|5.3|2|8
52.9|83.65|1260|390|5.3|5.3|2|8
53|83.45|1335|390|5.3|5.3|2|8
53.1|83.3|1399|390|5.3|5.3|2|8
53.2|83.11|1317|390|5.3|5.3|2|8
53.3|82.95|1320|390|5.3|5.3|2|8
53.4|82.77|1335|390|5.3|5.3|2|8
53.5|82.59|1448|390|5.3|5.3|2|8
53.6|82.42|1363|390|5.3|5.3|2|8
53.7|82.23|1304|390|5.3|5.3|2|8
53.8|82.07|1430|390|5.3|5.3|2|8
53.9|81.88|1384|390|5.3|5.3|2|8
54|81.72|1232|390|5.3|5.3|2|8
54.1|81.5|1258|391|5.3|5.3|2|8
54.2|81.26|1330|390|5.3|5.3|2|8
54.3|81.11|1353|390|5.3|5.3|2|8
54.4|80.68|1750|390|5.3|5.3|6|8
54.5|78.54|1946|390|5.3|5.3|6|8
54.6|75.73|716|390|5.3|5.3|7|8
54.7|73.28|0|390|5.3|5.3|7|8
54.8|71.59|0|389|5.3|5.3|7|8
54.9|70.85|0|389|5.3|5.3|7|8
55|70.42|0|389|5.3|5.3|7|8
55.1|70.26|0|388|5.3|5.3|7|8
55.2|70.26|0|388|5.3|5.3|7|8
55.3|70.18|0|388|5.3|5.3|7|8
55.4|70.12|0|388|5.3|5.3|7|8
55.5|70.15|0|388|5.3|5.3|7|8
55.6|70.12|0|388|5.3|5.3|7|8
55.7|70.12|0|388|5.3|5.3|7|8
55.8|70.14|0|388|5.3|5.3|7|8
55.9|70.14|0|388|5.3|5.3|7|8
56|70.12|0|388|5.3|5.3|7|8
56.1|70.12|0|388|5.3|5.3|7|8
56.2|70.12|0|388|5.3|5.3|7|8
56.3|70.14|0|388|5.3|5.3|7|8
56.4|70.14|0|388|5.3|5.3|7|8
56.5|70.14|0|388|5.3|5.3|7|8
56.6|70.14|0|388|5.3|5.3|7|8
56.7|70.16|0|388|5.3|5.3|7|8
56.8|70.18|0|388|5.3|5.3|7|8
56.9|70.15|0|388|5.3|5.3|7|8
57|70.11|0|388|5.3|5.3|7|8
57.1|70.1|0|388|5.3|5.3|7|8
57.2|70.1|0|388|5.3|5.3|7|8
57.3|70.11|0|388|5.3|5.3|7|8
57.4|70.11|0|388|5.3|5.3|7|8
57.5|70.11|0|388|5.3|5.3|7|8
57.6|70.11|0|388|5.3|5.3|7|8
57.7|70.12|0|388|5.3|5.3|7|8
57.8|70.15|0|388|5.3|5.3|7|8
57.9|70.11|0|388|5.3|5.3|7|8
58|70.11|0|388|5.3|5.3|7|8
58.1|70.06|0|388|5.3|5.3|7|8
58.2|70.1|0|388|5.3|5.3|7|8
58.3|70.1|0|388|5.3|5.3|7|8
58.4|70.11|0|388|5.3|5.3|7|8
58.5|70.15|0|388|5.3|5.3|7|8
58.6|70.11|0|388|5.3|5.3|7|8
58.7|70.12|0|388|5.3|5.3|7|8
58.8|70.11|0|388|5.3|5.3|7|8
58.9|70.1|0|388|5.3|5.3|7|8
59|70.08|0|388|5.3|5.3|7|8
59.1|70.08|0|388|5.3|5.3|7|8
59.2|70.04|0|388|5.3|5.3|7|8
59.3|70.12|0|388|5.3|5.3|7|8
59.4|70.15|0|388|5.3|5.3|7|8
59.5|70.11|0|388|5.3|5.3|7|8
59.6|70.1|0|388|5.3|5.3|7|8
59.7|70.1|0|388|5.3|5.3|7|8
59.8|70.11|0|388|5.3|5.3|7|8
59.9|70.08|0|388|5.3|5.3|7|8
60|70.08|0|388|5.3|5.3|7|8
60.1|70.04|0|388|5.3|5.3|7|8
60.2|70.1|0|388|5.3|5.3|7|8
60.3|70.11|0|388|5.3|5.3|7|8
60.4|70.14|0|388|5.3|5.3|7|8
60.5|70.11|0|388|5.3|5.3|7|8
60.6|70.08|0|388|5.3|5.3|7|8
60.7|70.08|0|388|5.3|5.3|7|8
60.8|70.06|0|388|5.3|5.3|7|8
60.9|70.1|0|388|5.3|5.3|7|8
61|70.11|0|388|5.3|5.3|7|8
61.1|70.11|0|388|5.3|5.3|7|8
61.2|70.11|0|388|5.3|5.3|7|8
61.3|70.1|0|388|5.3|5.3|7|8
61.4|70.08|0|388|5.3|5.3|7|8
61.5|70.08|0|388|5.3|5.3|7|8
61.6|70.07|0|388|5.3|5.3|7|8
61.7|70.07|0|388|5.3|5.3|7|8
61.8|70.11|0|388|5.3|5.3|7|8
61.9|70.1|0|388|5.3|5.3|7|8
62|70.1|0|388|5.3|5.3|7|8
62.1|70.08|0|388|5.3|5.3|7|8
62.2|70.07|0|388|5.3|5.3|7|8
62.3|70.07|0|388|5.3|5.3|7|8
62.4|70.1|0|388|5.3|5.3|7|8
62.5|70.14|0|388|5.3|5.3|7|8
62.6|70.11|0|388|5.3|5.3|7|8
62.7|70.08|0|388|5.3|5.3|7|8
62.8|70.08|0|388|5.3|5.3|7|8
62.9|70.1|0|388|5.3|5.3|7|8
63|70.1|0|388|5.3|5.3|7|8
63.1|70.08|0|388|5.3|5.3|7|8
63.2|70.1|0|388|5.3|5.3|7|8
63.3|70.08|0|388|5.3|5.3|7|8
63.4|70.08|0|388|5.3|5.3|7|8
63.5|70.08|0|388|5.3|5.3|7|8
63.6|70.08|0|388|5.3|5.3|7|8
63.7|70.07|0|388|5.3|5.3|7|8
63.8|70.06|0|388|5.3|5.3|7|8
63.9|70.1|0|388|5.3|5.3|7|8
64|70.12|0|388|5.3|5.3|7|8
64.1|70.1|0|388|5.3|5.3|7|8
64.2|70.1|0|388|5.3|5.3|7|8
64.3|70.08|0|388|5.3|5.3|7|8
64.4|70.08|0|388|5.3|5.3|7|8
64.5|70.08|0|388|5.3|5.3|7|8
64.6|70.08|0|388|5.3|5.3|7|8
64.7|70.06|0|388|5.3|5.3|7|8
64.8|70.07|0|388|5.3|5.3|7|8
64.9|70.06|0|388|5.3|5.3|7|8
65|70.1|0|388|5.3|5.3|7|8
65.1|70.12|0|388|5.3|5.3|7|8
65.2|70.08|0|394|5.3|5.3|7|8
65.3|70.08|0|398|5.3|5.3|7|8
65.4|70.1|0|398|5.3|5.3|7|8
65.5|70.07|0|399|5.3|5.3|7|8
65.6|70.07|0|399|5.3|5.3|7|8
65.7|70.07|0|399|5.3|5.3|7|8
65.8|70.08|0|399|5.3|5.3|7|8
65.9|70.06|0|399|5.3|5.3|7|8
66|70.06|0|399|5.3|5.3|7|8
66.1|70.1|0|399|5.3|5.3|7|8
66.2|70.11|0|399|5.3|5.3|7|8
66.3|70.08|0|399|5.3|5.3|7|8
66.4|70.08|0|399|5.3|5.3|7|8
66.5|70.08|0|399|5.3|5.3|7|8
66.6|70.08|0|399|5.3|5.3|7|8
66.7|70.08|0|399|5.3|5.3|7|8
66.8|70.08|0|398|5.3|5.3|7|8
66.9|70.08|0|398|5.3|5.3|7|8
67|70.08|0|398|5.3|5.3|7|8
67.1|70.08|0|398|5.3|5.3|7|8
67.2|70.08|0|398|5.3|5.3|7|8
67.3|70.08|0|398|5.3|5.3|7|8
67.4|70.08|0|398|5.3|5.3|7|8
67.5|70.07|0|398|5.3|5.3|7|8
67.6|70.07|0|398|5.3|5.3|8|8
67.7|70.07|0|398|5.3|5.3|8|8
67.8|70.03|0|398|5.3|5.3|8|8
67.9|69.91|0|398|5.3|5.3|8|8
68|69.95|0|398|5.3|5.3|8|8
68.1|70|0|398|5.3|5.3|8|8
68.2|70.03|0|398|5.3|5.3|8|8
68.3|70|0|398|5.3|5.3|8|8
68.4|69.96|0|398|5.3|5.3|8|8
68.5|70|0|398|5.3|5.3|8|8
68.6|70.04|0|398|5.3|5.3|8|8
68.7|70.03|0|398|5.2|5.2|8|8
68.8|70.04|0|398|5.2|5.2|8|8
68.9|70.06|0|398|5.2|5.2|8|8
69|70.08|0|398|5.2|5.2|8|8
69.1|69.95|0|398|5.2|5.2|8|8
69.2|69.99|0|398|5.2|5.2|8|8
69.3|69.99|0|398|5.2|5.2|8|8
69.4|70.03|0|398|5.2|5.2|8|8
69.5|70.04|0|398|5.2|5.2|8|8
69.6|70.07|0|398|5.2|5.2|8|8
69.7|71.64|0|398|5.1|5.1|8|8
69.8|74.59|0|398|5.1|5.1|8|8
69.9|77.63|0|398|5.1|5.1|8|8
70|80.62|0|398|5.1|5.1|8|8
70.1|83.61|0|398|5.1|5.1|8|8
70.2|86.48|0|398|5.1|5.1|8|8
70.3|89.39|0|398|5.1|5.1|8|8
70.4|92.32|0|398|5.1|5.1|8|8
70.5|94.55|0|398|5.1|5.1|8|8
70.6|95.43|0|398|5.1|5.1|8|8
70.7|95.85|0|398|5.1|5.1|9|8
