0|96.02|923|432|5.4|5.4|1|8
0.1|96.08|1057|434|5.4|5.4|1|8
0.2|96.02|1062|434|5.4|5.4|1|8
0.3|95.97|1062|435|5.4|5.4|1|8
0.4|96.02|1059|435|5.4|5.4|1|8
0.5|96.04|1057|436|5.4|5.4|2|8
0.6|95.72|1052|436|5.4|5.4|2|8
0.7|95.27|1052|436|5.4|5.4|2|8
0.8|94.79|1160|436|5.4|5.4|2|8
0.9|94.41|1601|435|5.4|5.4|3|8
1|93.98|1668|434|5.4|5.4|3|8
1.1|93.96|1691|434|5.4|5.4|3|8
1.2|93.93|1706|434|5.4|5.4|3|8
1.3|93.66|1716|434|5.4|5.4|3|8
1.4|93.82|1722|434|5.4|5.4|3|8
1.5|93.68|1727|434|5.4|5.4|3|8
1.6|93.82|1729|434|5.4|5.4|3|8
1.7|93.78|1735|434|5.4|5.4|3|8
1.8|93.74|1737|434|5.4|5.4|3|8
1.9|93.81|1742|434|5.4|5.4|3|8
2|93.77|1745|435|5.4|5.4|3|8
2.1|93.72|1747|434|5.4|5.4|3|8
2.2|93.81|1750|434|5.4|5.4|3|8
2.3|93.78|1753|434|5.4|5.4|3|8
2.4|93.77|1758|434|5.4|5.4|3|8
2.5|93.81|1758|434|5.4|5.4|3|8
2.6|93.69|1763|434|5.4|5.4|3|8
2.7|93.81|1763|434|5.4|5.4|3|8
2.8|93.81|1765|435|5.4|5.4|3|8
2.9|93.68|1768|435|5.4|5.4|4|8
3|93.81|1771|435|5.4|5.4|4|8
3.1|94.17|1760|435|5.4|5.4|4|8
3.2|94.66|1415|435|5.4|5.4|4|8
3.3|94.82|1080|436|5.4|5.4|5|8
3.4|95.15|1072|436|5.4|5.4|5|8
3.5|95.19|1067|436|5.4|5.4|5|8
3.6|95.3|1064|436|5.4|5.4|5|8
3.7|95.26|1064|436|5.4|5.4|5|8
3.8|95.31|1059|436|5.4|5.4|5|8
3.9|95.43|1059|436|5.4|5.4|5|8
4|95.31|1059|436|5.4|5.4|5|8
4.1|95.39|1059|436|5.4|5.4|5|8
4.2|95.39|1057|436|5.4|5.4|5|8
4.3|95.35|1057|436|5.4|5.4|5|8
4.4|95.35|1057|436|5.4|5.4|5|8
4.5|95.43|1054|436|5.4|5.4|5|8
4.6|95.38|1054|436|5.4|5.4|5|8
4.7|95.35|1054|436|5.4|5.4|5|8
4.8|95.45|1054|435|5.4|5.4|5|8
4.9|95.39|1054|436|5.4|5.4|5|8
5|95.39|1054|436|5.4|5.4|5|8
5.1|95.41|1054|435|5.4|5.4|5|8
5.2|95.39|1054|435|5.4|5.4|5|8
5.3|95.38|1054|434|5.4|5.4|2|8
5.4|95.37|1054|434|5.4|5.4|2|8
5.5|94.8|1057|434|5.4|5.4|2|8
5.6|94.25|1201|435|5.4|5.4|2|8
5.7|93.78|1709|434|5.4|5.4|3|8
5.8|93.46|1747|432|5.4|5.4|3|8
5.9|93.38|1763|432|5.4|5.4|3|8
6|93.22|1771|432|5.4|5.4|3|8
6.1|93.31|1776|432|5.4|5.4|3|8
6.2|93.26|1781|432|5.4|5.4|3|8
6.3|93.26|1784|432|5.4|5.4|3|8
6.4|93.3|1789|432|5.4|5.4|3|8
6.5|93.22|1791|432|5.4|5.4|3|8
6.6|93.31|1794|432|5.4|5.4|3|8
6.7|93.23|1796|432|5.4|5.4|3|8
6.8|93.26|1796|432|5.4|5.4|3|8
6.9|93.26|1796|431|5.4|5.4|3|8
7|93.25|1802|431|5.4|5.4|3|8
7.1|93.26|1802|431|5.4|5.4|3|8
7.2|93.29|1804|430|5.4|5.4|3|8
7.3|93.26|1804|431|5.4|5.4|3|8
7.4|93.26|1804|430|5.4|5.4|3|8
7.5|93.26|1807|431|5.4|5.4|3|8
7.6|93.26|1807|430|5.4|5.4|3|8
7.7|93.26|1809|430|5.4|5.4|4|8
7.8|93.5|1809|430|5.4|5.4|4|8
7.9|93.64|1802|431|5.4|5.4|4|8
8|94.13|1688|432|5.4|5.4|4|8
8.1|94.83|1082|434|5.4|5.4|5|8
8.2|94.98|1072|434|5.4|5.4|5|8
8.3|94.95|1072|434|5.4|5.4|5|8
8.4|95.03|1070|434|5.4|5.4|5|8
8.5|95.15|1067|434|5.4|5.4|5|8
8.6|95.14|1067|434|5.4|5.4|5|8
8.7|95.12|1064|434|5.4|5.4|5|8
8.8|95.17|1064|434|5.4|5.4|5|8
8.9|95.07|1062|434|5.4|5.4|5|8
9|95.14|1062|434|5.4|5.4|5|8
9.1|95.12|1062|434|5.4|5.4|5|8
9.2|95.12|1059|434|5.4|5.4|5|8
9.3|95.12|1059|434|5.4|5.4|5|8
9.4|95.12|1059|434|5.4|5.4|5|8
9.5|95.14|1059|434|5.4|5.4|5|8
9.6|95.14|1059|434|5.4|5.4|5|8
9.7|95.19|1059|434|5.4|5.4|5|8
9.8|95.15|1059|434|5.4|5.4|5|8
9.9|95.14|1059|434|5.4|5.4|5|8
10|95.11|1059|434|5.4|5.4|5|8
10.1|95.12|1059|434|5.4|5.4|2|8
10.2|95.03|1059|434|5.4|5.4|2|8
10.3|94.61|1059|434|5.4|5.4|2|8
10.4|94.05|1149|434|5.4|5.4|2|8
10.5|93.58|1709|433|5.4|5.4|3|8
10.6|93.29|1765|432|5.4|5.4|3|8
10.7|93.1|1784|432|5.4|5.4|3|8
10.8|93.03|1794|432|5.4|5.4|3|8
10.9|93.14|1799|432|5.4|5.4|3|8
11|92.99|1812|430|5.4|5.4|3|8
11.1|93.1|1827|417|5.4|5.4|3|8
11.2|93.02|1830|412|5.4|5.4|3|8
11.3|93.1|1832|411|5.4|5.4|3|8
11.4|93.06|1835|410|5.4|5.4|3|8
11.5|93.04|1838|410|5.4|5.4|3|8
11.6|93.06|1838|410|5.4|5.4|3|8
11.7|93.03|1838|409|5.4|5.4|3|8
11.8|93.06|1840|409|5.4|5.4|3|8
11.9|93.02|1840|409|5.4|5.4|3|8
12|93.07|1840|410|5.4|5.4|3|8
12.1|93.06|1840|410|5.4|5.4|3|8
12.2|93.1|1843|410|5.4|5.4|3|8
12.3|93.04|1843|410|5.4|5.4|3|8
12.4|93.09|1843|410|5.4|5.4|3|8
12.5|93.06|1845|410|5.4|5.4|4|8
12.6|93.21|1845|410|5.4|5.4|4|8
12.7|93.3|1843|410|5.4|5.4|4|8
12.8|93.82|1804|411|5.4|5.4|4|8
12.9|94.6|1557|411|5.4|5.4|4|8
13|95.08|1095|412|5.4|5.4|5|8
13.1|95.21|1085|412|5.4|5.4|5|8
13.2|95.29|1082|411|5.4|5.4|5|8
13.3|95.31|1080|411|5.4|5.4|5|8
13.4|95.35|1080|411|5.4|5.4|5|8
13.5|95.26|1077|411|5.4|5.4|5|8
13.6|95.26|1077|411|5.4|5.4|5|8
13.7|95.33|1077|411|5.4|5.4|5|8
13.8|95.34|1075|411|5.4|5.4|5|8
13.9|95.31|1075|410|5.4|5.4|5|8
14|95.31|1072|410|5.4|5.4|5|8
14.1|95.31|1072|410|5.4|5.4|5|8
14.2|95.29|1072|410|5.4|5.4|5|8
14.3|95.29|1072|410|5.4|5.4|5|8
14.4|95.22|1072|410|5.4|5.4|5|8
14.5|95.29|1070|410|5.4|5.4|5|8
14.6|95.3|1072|410|5.4|5.4|5|8
14.7|95.31|1070|410|5.4|5.4|5|8
14.8|95.29|1070|410|5.4|5.4|5|8
14.9|95.29|1070|410|5.4|5.4|5|8
15|95.34|1072|410|5.4|5.4|2|8
15.1|95.22|1070|410|5.4|5.4|2|8
15.2|94.99|1070|410|5.4|5.4|2|8
15.3|94.31|1126|411|5.4|5.4|2|8
15.4|93.73|1304|412|5.4|5.4|2|8
15.5|93.18|1763|412|5.4|5.4|3|8
15.6|92.95|1812|411|5.4|5.4|3|8
15.7|92.78|1827|411|5.4|5.4|3|8
15.8|92.76|1835|411|5.4|5.4|3|8
15.9|92.78|1843|411|5.4|5.4|3|8
16|92.75|1848|411|5.4|5.4|3|8
16.1|92.71|1851|411|5.4|5.4|3|8
16.2|92.79|1853|411|5.4|5.4|3|8
16.3|92.8|1856|411|5.4|5.4|3|8
16.4|92.76|1858|411|5.4|5.4|3|8
16.5|92.74|1858|411|5.4|5.4|3|8
16.6|92.76|1863|411|5.4|5.4|3|8
16.7|92.78|1861|411|5.4|5.4|3|8
16.8|92.76|1861|411|5.4|5.4|3|8
16.9|92.76|1863|411|5.4|5.4|3|8
17|92.75|1863|411|5.4|5.4|3|8
17.1|92.71|1863|411|5.4|5.4|3|8
17.2|92.78|1863|411|5.4|5.4|3|8
17.3|92.76|1866|411|5.4|5.4|3|8
17.4|92.76|1866|411|5.4|5.4|3|8
17.5|92.72|1869|411|5.4|5.4|4|8
17.6|92.94|1866|412|5.4|5.4|4|8
17.7|92.99|1861|412|5.4|5.4|4|8
17.8|94.15|1281|412|5.4|5.4|5|8
17.9|94.13|1090|412|5.4|5.4|5|8
18|94.29|1085|412|5.4|5.4|5|8
18.1|94.39|1082|412|5.4|5.4|5|8
18.2|94.43|1082|412|5.4|5.4|5|8
18.3|94.48|1080|412|5.4|5.4|5|8
18.4|94.45|1080|412|5.4|5.4|5|8
18.5|94.47|1077|412|5.4|5.4|5|8
18.6|94.48|1077|412|5.4|5.4|5|8
18.7|94.49|1077|412|5.4|5.4|5|8
18.8|94.51|1075|412|5.4|5.4|5|8
18.9|94.49|1075|411|5.4|5.4|5|8
19|94.49|1075|411|5.5|5.4|5|8
19.1|94.47|1075|411|5.5|5.5|5|8
19.2|94.44|1075|411|5.4|5.4|5|8
19.3|94.45|1075|411|5.5|5.5|5|8
19.4|94.37|1072|411|5.5|5.5|5|8
19.5|94.48|1072|411|5.5|5.5|5|8
19.6|94.44|1072|411|5.5|5.5|5|8
19.7|94.45|1072|411|5.5|5.5|5|8
19.8|94.48|1072|411|5.5|5.5|2|8
19.9|94.51|1072|411|5.5|5.5|2|8
20|94.33|1072|411|5.5|5.5|2|8
20.1|93.7|1075|411|5.5|5.5|2|8
20.2|93.14|1582|412|5.5|5.5|3|8
20.3|92.8|1809|412|5.5|5.5|3|8
20.4|92.74|1838|411|5.5|5.5|3|8
20.5|92.56|1853|412|5.5|5.5|3|8
20.6|92.64|1863|412|5.5|5.5|3|8
20.7|92.52|1869|412|5.5|5.5|3|8
20.8|92.64|1874|412|5.5|5.5|3|8
20.9|92.52|1876|412|5.5|5.5|3|8
21|92.67|1887|409|5.5|5.5|3|8
21.1|92.47|1897|396|5.5|5.5|3|8
21.2|92.56|1899|392|5.5|5.5|3|8
21.3|92.49|1899|390|5.5|5.5|3|8
21.4|92.58|1899|390|5.5|5.5|3|8
21.5|92.49|1902|390|5.5|5.5|3|8
21.6|92.59|1902|389|5.5|5.5|3|8
21.7|92.6|1902|389|5.5|5.5|3|8
21.8|92.48|1905|389|5.5|5.5|3|8
21.9|92.55|1905|389|5.5|5.5|3|8
22|92.58|1905|389|5.5|5.5|3|8
22.1|92.49|1905|389|5.5|5.5|3|8
22.2|92.53|1907|389|5.5|5.5|4|8
22.3|92.6|1907|389|5.5|5.5|4|8
22.4|92.9|1897|390|5.5|5.5|4|8
22.5|92.91|1889|390|5.5|5.5|4|8
22.6|93.82|1186|390|5.5|5.5|5|8
22.7|94.21|1095|390|5.5|5.5|5|8
22.8|94.37|1093|390|5.5|5.5|5|8
22.9|94.45|1090|390|5.5|5.5|5|8
23|94.43|1088|390|5.5|5.5|5|8
23.1|94.33|1088|390|5.5|5.5|5|8
23.2|94.44|1085|390|5.5|5.5|5|8
23.3|94.35|1085|390|5.5|5.5|5|8
23.4|94.41|1082|390|5.5|5.5|5|8
23.5|94.4|1082|390|5.5|5.5|5|8
23.6|94.4|1082|390|5.5|5.5|5|8
23.7|94.44|1082|390|5.5|5.5|5|8
23.8|94.39|1080|390|5.5|5.5|5|8
23.9|94.4|1080|390|5.5|5.5|5|8
24|94.41|1080|390|5.5|5.5|5|8
24.1|94.44|1080|390|5.5|5.5|5|8
24.2|94.4|1080|390|5.5|5.5|5|8
24.3|94.33|1080|390|5.5|5.5|5|8
24.4|94.44|1077|390|5.5|5.5|5|8
24.5|94.35|1077|390|5.5|5.5|5|8
24.6|94.37|1077|390|5.5|5.5|2|8
24.7|94.4|1077|390|5.5|5.5|2|8
24.8|94.36|1077|390|5.5|5.5|2|8
24.9|93.68|1077|390|5.5|5.5|2|8
25|93.1|1528|390|5.5|5.5|2|8
25.1|92.74|1827|390|5.5|5.5|3|8
25.2|92.47|1871|390|5.5|5.5|3|8
25.3|92.35|1884|390|5.5|5.5|3|8
25.4|92.41|1892|390|5.5|5.5|3|8
25.5|92.28|1899|390|5.5|5.5|3|8
25.6|92.35|1902|390|5.5|5.5|3|8
25.7|92.39|1905|390|5.5|5.5|3|8
25.8|92.39|1907|390|5.5|5.5|3|8
25.9|92.33|1907|390|5.5|5.5|3|8
26|92.28|1907|390|5.5|5.5|3|8
26.1|92.39|1907|390|5.5|5.5|3|8
26.2|92.37|1907|390|5.5|5.5|3|8
26.3|92.39|1907|390|5.5|5.5|3|8
26.4|92.31|1910|390|5.5|5.5|3|8
26.5|92.31|1910|390|5.5|5.5|3|8
26.6|92.39|1910|390|5.5|5.5|3|8
26.7|92.37|1910|390|5.5|5.5|3|8
26.8|92.39|1910|390|5.5|5.5|3|8
26.9|92.33|1912|390|5.5|5.5|3|8
27|92.28|1912|390|5.5|5.5|3|8
27.1|92.45|1912|390|5.5|5.5|4|8
27.2|92.66|1907|390|5.5|5.5|4|8
27.3|92.72|1899|390|5.5|5.5|4|8
27.4|93.54|1503|390|5.5|5.5|4|8
27.5|94.08|1098|391|5.5|5.5|5|8
27.6|94.25|1090|390|5.5|5.5|5|8
27.7|94.35|1088|390|5.5|5.5|5|8
27.8|94.36|1085|390|5.5|5.5|5|8
27.9|94.36|1085|390|5.5|5.5|5|8
28|94.37|1082|390|5.5|5.5|5|8
28.1|94.32|1082|390|5.5|5.5|5|8
28.2|94.36|1082|390|5.5|5.5|5|8
28.3|94.4|1082|390|5.5|5.5|5|8
28.4|94.33|1080|390|5.5|5.5|5|8
28.5|94.32|1080|390|5.5|5.5|5|8
28.6|94.33|1077|390|5.5|5.5|5|8
28.7|94.41|1077|390|5.5|5.5|5|8
28.8|94.35|1077|390|5.5|5.5|5|8
28.9|94.4|1077|390|5.5|5.5|5|8
29|94.32|1077|390|5.5|5.5|5|8
29.1|94.33|1077|390|5.5|5.5|5|8
29.2|94.28|1077|390|5.5|5.5|5|8
29.3|94.43|1077|390|5.5|5.5|5|8
29.4|94.4|1077|390|5.5|5.5|5|8
29.5|94.35|1077|390|5.5|5.5|2|8
29.6|94.35|1077|390|5.5|5.5|2|8
29.7|93.96|1077|390|5.5|5.5|2|8
29.8|93.18|1206|391|5.5|5.5|2|8
29.9|92.76|1789|390|5.5|5.5|3|8
30|92.43|1869|390|5.5|5.5|3|8
30.1|92.33|1887|390|5.5|5.5|3|8
30.2|92.25|1899|390|5.5|5.5|3|8
30.3|92.2|1905|390|5.5|5.5|3|8
30.4|92.36|1907|390|5.5|5.5|3|8
30.5|92.25|1910|390|5.5|5.5|3|8
30.6|92.24|1912|390|5.5|5.5|3|8
30.7|92.28|1912|390|5.5|5.5|3|8
30.8|92.32|1915|390|5.5|5.5|3|8
30.9|92.23|1915|390|5.5|5.5|3|8
31|92.2|1915|390|5.5|5.5|3|8
31.1|92.27|1915|390|5.5|5.5|3|8
31.2|92.23|1915|390|5.5|5.5|3|8
31.3|92.25|1915|390|5.5|5.5|3|8
31.4|92.24|1915|390|5.5|5.5|3|8
31.5|92.29|1915|390|5.5|5.5|3|8
31.6|92.25|1915|390|5.5|5.5|3|8
31.7|92.27|1918|390|5.5|5.5|3|8
31.8|92.25|1918|390|5.5|5.5|3|8
31.9|92.2|1918|390|5.5|5.5|4|8
32|92.43|1918|390|5.5|5.5|4|8
32.1|92.64|1899|390|5.5|5.5|4|8
32.2|93.02|1856|390|5.5|5.5|4|8
32.3|93.81|1111|391|5.5|5.5|5|8
32.4|93.92|1090|392|5.5|5.5|5|8
32.5|94.04|1088|391|5.5|5.5|5|8
32.6|94.13|1085|392|5.5|5.5|5|8
32.7|94.13|1082|392|5.5|5.5|5|8
32.8|94.09|1082|391|5.5|5.5|5|8
32.9|94.1|1082|391|5.5|5.5|5|8
33|94.1|1082|391|5.5|5.5|5|8
33.1|94.1|1080|391|5.5|5.5|5|8
33.2|94.06|1080|391|5.5|5.5|5|8
33.3|94.12|1080|391|5.5|5.5|5|8
33.4|94.06|1077|390|5.5|5.5|5|8
33.5|94.09|1077|390|5.5|5.5|5|8
33.6|94.06|1077|390|5.5|5.5|5|8
33.7|94.13|1077|390|5.5|5.5|5|8
33.8|94.1|1077|390|5.5|5.5|5|8
33.9|94.13|1077|390|5.5|5.5|5|8
34|94.08|1077|390|5.5|5.5|5|8
34.1|94.1|1075|390|5.5|5.5|5|8
34.2|94.1|1075|390|5.5|5.5|5|8
34.3|94.06|1075|390|5.5|5.5|2|8
34.4|94.04|1075|390|5.5|5.5|2|8
34.5|93.93|1075|390|5.5|5.5|2|8
34.6|93.14|1162|390|5.5|5.5|2|8
34.7|92.67|1799|390|5.5|5.5|3|8
34.8|92.37|1866|390|5.5|5.5|3|8
34.9|92.13|1887|390|5.5|5.5|3|8
35|92.07|1897|390|5.5|5.5|3|8
35.1|92.21|1902|390|5.5|5.5|3|8
35.2|92.11|1907|390|5.5|5.5|3|8
35.3|92.2|1912|390|5.5|5.5|3|8
35.4|92.08|1915|390|5.5|5.5|3|8
35.5|92.19|1915|390|5.5|5.5|3|8
35.6|92.09|1918|390|5.5|5.5|3|8
35.7|92.15|1918|390|5.5|5.5|3|8
35.8|92.19|1918|390|5.5|5.5|3|8
35.9|92.11|1918|390|5.5|5.5|3|8
36|92.19|1920|390|5.5|5.5|3|8
36.1|92.09|1923|390|5.5|5.5|3|8
36.2|92.16|1923|390|5.5|5.5|3|8
36.3|92.19|1923|390|5.5|5.5|3|8
36.4|92.11|1923|390|5.5|5.5|3|8
36.5|92.16|1923|390|5.5|5.5|3|8
36.6|92.16|1923|390|5.5|5.5|3|8
36.7|92.13|1923|390|5.5|5.5|4|8
36.8|92.36|1923|390|5.5|5.5|4|8
36.9|92.68|1907|390|5.5|5.5|4|8
37|92.94|1861|390|5.5|5.5|4|8
37.1|93.61|1106|391|5.5|5.5|2|8
37.2|93.69|1088|392|5.5|5.5|2|8
37.3|93.53|1085|392|5.5|5.5|2|8
37.4|93.53|1085|391|5.5|5.5|2|8
37.5|93.61|1080|391|5.5|5.5|2|8
37.6|93.61|1080|391|5.5|5.5|2|8
37.7|93.58|1080|391|5.5|5.5|2|8
37.8|93.61|1077|391|5.5|5.5|2|8
37.9|93.38|1077|390|5.5|5.5|2|8
38|93.14|1077|390|5.5|5.5|2|8
38.1|93.14|1077|390|5.5|5.5|2|8
38.2|93.14|1077|390|5.5|5.5|2|8
38.3|93.1|1111|390|5.5|5.5|2|8
38.4|92.83|1219|391|5.5|5.5|2|8
38.5|92.78|1080|390|5.5|5.5|2|8
38.6|92.92|1077|390|5.5|5.5|2|8
38.7|92.76|1253|390|5.5|5.5|2|8
38.8|92.78|1229|391|5.5|5.5|2|8
38.9|92.53|1647|390|5.5|5.5|2|8
39|92.59|1737|390|5.5|5.5|2|8
39.1|92.71|1742|390|5.5|5.5|2|8
39.2|92.94|1737|390|5.5|5.5|2|8
39.3|93.06|1430|392|5.5|5.5|2|8
39.4|93.17|1088|391|5.5|5.5|2|8
39.5|93.13|1080|390|5.5|5.5|2|8
39.6|93.14|1077|390|5.5|5.5|2|8
39.7|93.09|1075|390|5.5|5.5|2|8
39.8|93.09|1075|390|5.5|5.5|2|8
39.9|93.19|1072|390|5.5|5.5|2|8
40|93.27|1072|390|5.5|5.5|2|8
40.1|93.19|1072|390|5.5|5.5|2|8
40.2|93.11|1072|390|5.5|5.5|2|8
40.3|93.02|1108|390|5.5|5.5|2|8
40.4|92.79|1162|390|5.5|5.5|2|8
40.5|92.72|1131|391|5.5|5.5|2|8
40.6|92.74|1085|391|5.5|5.5|2|8
40.7|92.67|1263|391|5.5|5.5|2|8
40.8|92.58|1294|391|5.5|5.5|2|8
40.9|92.59|1593|392|5.5|5.5|2|8
41|92.62|1716|391|5.5|5.5|2|8
41.1|92.64|1724|390|5.5|5.5|2|8
41.2|92.84|1668|391|5.5|5.5|2|8
41.3|92.98|1093|392|5.5|5.5|2|8
41.4|93.02|1077|391|5.5|5.5|2|8
41.5|93.03|1075|390|5.5|5.5|2|8
41.6|93.07|1072|390|5.5|5.5|2|8
41.7|93.07|1072|390|5.5|5.5|2|8
41.8|93.09|1070|390|5.5|5.5|2|8
41.9|92.91|1070|390|5.5|5.5|2|8
42|92.8|1119|390|5.5|5.5|2|8
42.1|92.75|1101|390|5.5|5.5|2|8
42.2|92.72|1144|390|5.5|5.5|2|8
42.3|92.7|1108|390|5.5|5.5|2|8
42.4|92.7|1082|390|5.5|5.5|2|8
42.5|92.48|1544|390|5.5|5.5|2|8
42.6|92.41|1103|390|5.5|5.5|2|8
42.7|92.44|1070|390|5.5|5.5|2|8
42.8|92.52|1077|390|5.5|5.5|2|8
42.9|92.39|1137|390|5.5|5.5|2|8
43|92.31|1095|390|5.5|5.5|2|8
43.1|92.32|1180|390|5.5|5.5|2|8
43.2|92.12|1302|390|5.5|5.5|2|8
43.3|92.07|1077|390|5.5|5.5|2|8
43.4|92.07|1070|390|5.5|5.5|2|8
43.5|92.16|1539|390|5.5|5.5|2|8
43.6|92.09|1693|390|5.5|5.5|2|8
43.7|92.05|1706|390|5.5|5.5|2|8
43.8|92.25|1711|390|5.5|5.5|2|8
43.9|92.66|1193|391|5.5|5.5|2|8
44|92.66|1077|390|5.5|5.5|2|8
44.1|92.71|1077|390|5.5|5.5|2|8
44.2|92.41|1075|390|5.5|5.5|2|8
44.3|92.47|1072|390|5.5|5.5|2|8
44.4|92.52|1072|390|5.5|5.5|2|8
44.5|92.39|1075|390|5.5|5.5|2|8
44.6|92.35|1080|390|5.5|5.5|2|8
44.7|92.37|1106|390|5.5|5.5|2|8
44.8|92.11|1111|390|5.5|5.5|2|8
44.9|92.09|1070|390|5.5|5.5|2|8
45|92.13|1077|390|5.5|5.5|2|8
45.1|92.08|1381|390|5.5|5.5|2|8
45.2|92.01|1603|391|5.5|5.5|2|8
45.3|91.9|1098|391|5.5|5.5|2|8
45.4|92|1072|390|5.5|5.5|2|8
45.5|92.07|1070|390|5.5|5.5|2|8
45.6|91.9|1237|390|5.5|5.5|2|8
45.7|91.98|1307|390|5.5|5.5|2|8
45.8|91.81|1376|391|5.5|5.5|2|8
45.9|91.77|1343|392|5.5|5.5|2|8
46|91.54|1129|391|5.5|5.5|2|8
46.1|91.62|1075|390|5.5|5.5|2|8
46.2|91.53|1428|390|5.5|5.5|2|8
46.3|91.45|1307|391|5.5|5.5|2|8
46.4|91.53|1198|391|5.5|5.5|2|8
46.5|91.43|1296|392|5.5|5.5|2|8
46.6|91.27|1289|391|5.5|5.5|2|8
46.7|91.26|1284|391|5.5|5.5|2|8
46.8|91.17|1188|390|5.5|5.5|2|8
46.9|91.02|1111|390|5.5|5.5|2|8
47|90.98|1080|390|5.5|5.5|2|8
47.1|91.1|1191|390|5.5|5.5|2|8
47.2|90.92|1278|390|5.5|5.5|2|8
47.3|90.78|1198|390|5.5|5.5|2|8
47.4|90.71|1155|390|5.5|5.5|2|8
47.5|90.62|1144|390|5.5|5.5|2|8
47.6|90.58|1198|390|5.5|5.5|2|8
47.7|90.56|1162|390|5.5|5.5|2|8
47.8|90.41|1165|390|5.5|5.5|2|8
47.9|90.33|1173|390|5.5|5.5|2|8
48|90.31|1399|390|5.5|5.5|2|8
48.1|90.12|1265|390|5.5|5.5|2|8
48.2|90.15|1173|390|5.5|5.5|2|8
48.3|90.03|1273|390|5.5|5.5|2|8
48.4|89.89|1103|390|5.5|5.5|2|8
48.5|89.78|1198|390|5.5|5.5|2|8
48.6|89.72|1170|390|5.5|5.5|2|8
48.7|89.76|1242|390|5.5|5.5|2|8
48.8|89.53|1276|390|5.5|5.5|2|8
48.9|89.48|1129|390|5.5|5.5|2|8
49|89.42|1160|390|5.5|5.5|2|8
49.1|89.29|1291|390|5.5|5.5|2|8
49.2|89.11|1126|390|5.5|5.5|2|8
49.3|89.15|1139|390|5.5|5.5|2|8
49.4|89.11|1103|390|5.5|5.5|2|8
49.5|88.82|1204|390|5.5|5.5|2|8
49.6|88.87|1245|390|5.5|5.5|2|8
49.7|88.67|1204|390|5.5|5.5|2|8
49.8|88.7|1206|391|5.5|5.5|2|8
49.9|88.55|1240|390|5.5|5.5|2|8
50|88.36|1113|391|5.5|5.5|2|8
50.1|88.29|1278|390|5.5|5.5|2|8
50.2|88.19|1206|390|5.5|5.5|2|8
50.3|88.05|1211|390|5.5|5.5|2|8
50.4|88.03|1240|390|5.5|5.5|2|8
50.5|87.9|1196|390|5.5|5.5|2|8
50.6|87.69|1211|390|5.5|5.5|2|8
50.7|87.64|1131|390|5.5|5.5|2|8
50.8|87.56|1188|390|5.5|5.5|2|8
50.9|87.38|1198|390|5.5|5.5|2|8
51|87.23|1214|390|5.5|5.5|2|8
51.1|87.18|1219|390|5.5|5.5|2|8
51.2|87.05|1242|391|5.5|5.5|2|8
51.3|86.94|1216|392|5.5|5.5|2|8
51.4|86.82|1260|392|5.5|5.5|2|8
51.5|86.64|1263|392|5.5|5.5|2|8
51.6|86.55|1237|392|5.5|5.5|2|8
51.7|86.32|1175|392|5.5|5.5|2|8
51.8|86.27|1193|390|5.5|5.5|2|8
51.9|86.13|1216|390|5.5|5.5|2|8
52|86.01|1198|390|5.5|5.5|2|8
52.1|85.93|1119|390|5.5|5.5|2|8
52.2|85.77|1214|390|5.5|5.5|2|8
52.3|85.58|1242|391|5.5|5.5|2|8
52.4|85.41|1271|390|5.5|5.5|2|8
52.5|85.26|1232|390|5.5|5.5|2|8
52.6|85.13|1227|390|5.5|5.5|2|8
52.7|84.99|1175|390|5.5|5.5|2|8
52.8|84.82|1224|390|5.5|5.5|2|8
52.9|84.66|1250|390|5.5|5.5|2|8
53|84.43|1186|390|5.5|5.5|2|8
53.1|84.36|1209|391|5.5|5.5|2|8
53.2|84.23|1178|391|5.5|5.5|2|8
53.3|84.09|1247|390|5.5|5.5|2|8
53.4|83.88|1291|390|5.5|5.5|2|8
53.5|83.68|1240|390|5.5|5.5|2|8
53.6|83.58|1291|390|5.5|5.5|2|8
53.7|83.33|1232|390|5.5|5.5|2|8
53.8|83.11|1276|390|5.5|5.5|2|8
53.9|83.05|1219|390|5.5|5.5|2|8
54|82.78|1291|390|5.5|5.5|2|8
54.1|82.68|1227|390|5.5|5.5|2|8
54.2|82.46|1317|390|5.5|5.5|2|8
54.3|82.3|1247|390|5.5|5.5|2|8
54.4|82.12|1291|390|5.5|5.5|2|8
54.5|81.87|1201|390|5.5|5.5|2|8
54.6|81.68|1374|390|5.5|5.5|2|8
54.7|81.48|1314|390|5.5|5.5|6|8
54.8|80.08|1894|390|5.5|5.5|6|8
54.9|76.87|1969|389|5.5|5.5|6|8
55|73.37|54|389|5.5|5.5|7|8
55.1|71.48|0|388|5.5|5.5|7|8
55.2|70.86|0|388|5.5|5.5|7|8
55.3|70.63|0|388|5.5|5.5|7|8
55.4|70.61|0|388|5.5|5.5|7|8
55.5|70.51|0|388|5.5|5.5|7|8
55.6|70.47|0|388|5.5|5.5|7|8
55.7|70.49|0|387|5.5|5.5|7|8
55.8|70.55|0|387|5.5|5.5|7|8
55.9|70.57|0|387|5.5|5.5|7|8
56|70.58|0|387|5.5|5.5|7|8
56.1|70.58|0|387|5.5|5.5|7|8
56.2|70.55|0|387|5.5|5.5|7|8
56.3|70.57|0|387|5.5|5.5|7|8
56.4|70.53|0|387|5.5|5.5|7|8
56.5|70.45|0|387|5.5|5.5|7|8
56.6|70.54|0|387|5.5|5.5|7|8
56.7|70.53|0|386|5.5|5.5|7|8
56.8|70.55|0|386|5.5|5.5|7|8
56.9|70.57|0|386|5.5|5.5|7|8
57|70.55|0|386|5.5|5.5|7|8
57.1|70.54|0|386|5.5|5.5|7|8
57.2|70.54|0|387|5.5|5.5|7|8
57.3|70.53|0|387|5.5|5.5|7|8
57.4|70.51|0|387|5.5|5.5|7|8
57.5|70.55|0|386|5.5|5.5|7|8
57.6|70.58|0|386|5.5|5.5|7|8
57.7|70.54|0|386|5.5|5.5|7|8
57.8|70.54|0|386|5.5|5.5|7|8
57.9|70.55|0|386|5.5|5.5|7|8
58|70.57|0|386|5.5|5.5|7|8
58.1|70.55|0|386|5.5|5.5|7|8
58.2|70.5|0|386|5.5|5.5|7|8
58.3|70.49|0|386|5.5|5.5|7|8
58.4|70.54|0|386|5.5|5.5|7|8
58.5|70.53|0|386|5.5|5.5|7|8
58.6|70.53|0|386|5.5|5.5|7|8
58.7|70.53|0|386|5.5|5.5|7|8
58.8|70.55|0|386|5.5|5.5|7|8
58.9|70.55|0|386|5.5|5.5|7|8
59|70.55|0|386|5.5|5.5|7|8
59.1|70.54|0|386|5.5|5.5|7|8
59.2|70.54|0|386|5.5|5.5|7|8
59.3|70.53|0|386|5.5|5.5|7|8
59.4|70.49|0|386|5.5|5.5|7|8
59.5|70.53|0|386|5.5|5.5|7|8
59.6|70.57|0|386|5.5|5.5|7|8
59.7|70.53|0|386|5.5|5.5|7|8
59.8|70.51|0|386|5.5|5.5|7|8
59.9|70.53|0|386|5.5|5.5|7|8
60|70.54|0|386|5.5|5.5|7|8
60.1|70.53|0|386|5.5|5.5|7|8
60.2|70.53|0|386|5.5|5.5|7|8
60.3|70.51|0|386|5.5|5.5|7|8
60.4|70.53|0|386|5.5|5.5|7|8
60.5|70.54|0|386|5.5|5.5|7|8
60.6|70.55|0|386|5.5|5.5|7|8
60.7|70.49|0|386|5.5|5.5|7|8
60.8|70.53|0|386|5.5|5.5|7|8
60.9|70.54|0|386|5.5|5.5|7|8
61|70.58|0|386|5.5|5.5|7|8
61.1|70.54|0|386|5.5|5.5|7|8
61.2|70.54|0|386|5.5|5.5|7|8
61.3|70.53|0|386|5.5|5.5|7|8
61.4|70.55|0|386|5.5|5.5|7|8
61.5|70.55|0|386|5.5|5.5|7|8
61.6|70.54|0|386|5.5|5.5|7|8
61.7|70.53|0|386|5.5|5.5|7|8
61.8|70.43|0|386|5.5|5.5|7|8
61.9|70.47|0|386|5.5|5.5|7|8
62|70.53|0|386|5.5|5.5|7|8
62.1|70.55|0|386|5.5|5.5|7|8
62.2|70.54|0|386|5.5|5.5|7|8
62.3|70.51|0|386|5.5|5.5|7|8
62.4|70.5|0|386|5.5|5.5|7|8
62.5|70.53|0|386|5.5|5.5|7|8
62.6|70.54|0|386|5.5|5.5|7|8
62.7|70.53|0|386|5.5|5.5|7|8
62.8|70.51|0|386|5.5|5.5|7|8
62.9|70.5|0|386|5.5|5.5|7|8
63|70.51|0|386|5.5|5.5|7|8
63.1|70.51|0|386|5.5|5.5|7|8
63.2|70.51|0|386|5.5|5.5|7|8
63.3|70.51|0|386|5.5|5.5|7|8
63.4|70.51|0|386|5.5|5.5|7|8
63.5|70.51|0|386|5.5|5.5|7|8
63.6|70.54|0|386|5.5|5.5|7|8
63.7|70.53|0|386|5.5|5.5|7|8
63.8|70.55|0|386|5.5|5.5|7|8
63.9|70.55|0|386|5.5|5.5|7|8
64|70.54|0|386|5.5|5.5|7|8
64.1|70.54|0|386|5.5|5.5|7|8
64.2|70.49|0|386|5.5|5.5|7|8
64.3|70.45|0|386|5.5|5.5|7|8
64.4|70.47|0|386|5.5|5.5|7|8
64.5|70.53|0|386|5.5|5.5|7|8
64.6|70.53|0|386|5.5|5.5|7|8
64.7|70.5|0|386|5.5|5.5|7|8
64.8|70.47|0|386|5.5|5.5|7|8
64.9|70.53|0|386|5.5|5.5|7|8
65|70.54|0|386|5.5|5.5|7|8
65.1|70.53|0|386|5.5|5.5|7|8
65.2|70.5|0|386|5.5|5.5|7|8
65.3|70.49|0|386|5.5|5.5|7|8
65.4|70.51|0|386|5.5|5.5|7|8
65.5|70.53|0|386|5.5|5.5|7|8
65.6|70.53|0|386|5.5|5.5|7|8
65.7|70.51|0|386|5.5|5.5|7|8
65.8|70.53|0|386|5.5|5.5|7|8
65.9|70.53|0|386|5.5|5.5|7|8
66|70.49|0|390|5.5|5.5|7|8
66.1|70.5|0|398|5.5|5.5|7|8
66.2|70.54|0|400|5.5|5.5|7|8
66.3|70.51|0|401|5.5|5.5|7|8
66.4|70.5|0|401|5.5|5.5|7|8
66.5|70.51|0|401|5.5|5.5|7|8
66.6|70.51|0|401|5.5|5.5|7|8
66.7|70.53|0|401|5.5|5.5|7|8
66.8|70.51|0|401|5.5|5.5|7|8
66.9|70.54|0|401|5.5|5.5|7|8
67|70.51|0|401|5.5|5.5|7|8
67.1|70.51|0|401|5.5|5.5|7|8
67.2|70.49|0|401|5.5|5.5|7|8
67.3|70.47|0|401|5.5|5.5|7|8
67.4|70.51|0|401|5.5|5.5|7|8
67.5|70.5|0|401|5.5|5.5|7|8
67.6|70.51|0|401|5.5|5.5|7|8
67.7|70.53|0|401|5.5|5.5|7|8
67.8|70.5|0|401|5.5|5.5|7|8
67.9|70.51|0|401|5.5|5.5|7|8
68|70.51|0|401|5.5|5.5|8|8
68.1|70.57|0|401|5.5|5.5|8|8
68.2|70.38|0|401|5.5|5.5|8|8
68.3|70.41|0|401|5.5|5.5|8|8
68.4|70.41|0|401|5.5|5.5|8|8
68.5|70.41|0|401|5.5|5.5|8|8
68.6|70.41|0|401|5.4|5.4|8|8
68.7|70.41|0|401|5.4|5.4|8|8
68.8|70.41|0|401|5.4|5.4|8|8
68.9|70.42|0|401|5.4|5.4|8|8
69|70.42|0|401|5.4|5.4|8|8
69.1|70.41|0|401|5.4|5.4|8|8
69.2|70.58|0|401|5.4|5.4|8|8
69.3|70.61|0|401|5.4|5.4|8|8
69.4|70.63|0|401|5.4|5.4|8|8
69.5|70.62|0|401|5.4|5.4|8|8
69.6|70.61|0|401|5.4|5.4|8|8
69.7|70.61|0|401|5.4|5.4|8|8
69.8|70.61|0|401|5.4|5.4|8|8
69.9|70.5|0|401|5.4|5.4|8|8
70|71.34|0|401|5.4|5.4|8|8
70.1|74.73|0|401|5.4|5.4|8|8
70.2|78.16|0|401|5.4|5.4|8|8
70.3|81.58|0|401|5.4|5.4|8|8
70.4|84.98|0|401|5.4|5.4|8|8
70.5|88.25|0|400|5.4|5.4|8|8
70.6|91.62|0|400|5.4|5.4|8|8
70.7|94.44|0|400|5.4|5.4|8|8
