0|96.1|1281|407|5.1|5|1|8
0.1|96.05|1098|410|5.1|5.1|1|8
0.2|96.04|1021|409|5.1|5.1|1|8
0.3|96.05|1021|409|5.1|5.1|1|8
0.4|96.06|1021|409|5.1|5.1|1|8
0.5|96.08|1070|409|5.1|5.1|2|8
0.6|95.77|1528|411|5.1|5.1|3|8
0.7|95.47|1631|412|5.1|5.1|3|8
0.8|95.33|1662|412|5.1|5.1|3|8
0.9|95.33|1673|412|5.1|5.1|3|8
1|95.21|1680|412|5.1|5.1|3|8
1.1|95.17|1686|412|5.1|5.1|3|8
1.2|95.26|1688|412|5.1|5.1|3|8
1.3|95.19|1691|412|5.1|5.1|3|8
1.4|95.23|1693|412|5.1|5.1|3|8
1.5|95.21|1698|412|5.1|5.1|3|8
1.6|95.17|1704|412|5.1|5.1|3|8
1.7|95.22|1706|412|5.1|5.1|3|8
1.8|95.19|1709|412|5.1|5.1|3|8
1.9|95.18|1711|412|5.1|5.1|3|8
2|95.21|1709|412|5.1|5.1|3|8
2.1|95.21|1711|412|5.1|5.1|3|8
2.2|95.21|1711|412|5.1|5.1|3|8
2.3|95.25|1714|412|5.1|5.1|3|8
2.4|95.17|1716|412|5.1|5.1|3|8
2.5|95.19|1716|412|5.1|5.1|3|8
2.6|95.19|1719|412|5.1|5.1|4|8
2.7|95.23|1719|412|5.1|5.1|4|8
2.8|95.54|1711|412|5.1|5.1|4|8
2.9|96.06|1675|412|5.1|5.1|4|8
3|96.53|1191|412|5.1|5.1|5|8
3.1|96.83|1039|410|5.1|5.1|5|8
3.2|97.03|1036|409|5.1|5.1|5|8
3.3|97.06|1036|409|5.1|5.1|5|8
3.4|97.08|1034|409|5.1|5.1|5|8
3.5|97|1034|409|5.1|5.1|5|8
3.6|97.04|1034|409|5.1|5.1|5|8
3.7|97.08|1034|408|5.1|5.1|5|8
3.8|97.07|1034|408|5.2|5.1|5|8
3.9|97.1|1034|408|5.2|5.2|5|8
4|97.1|1034|408|5.2|5.2|5|8
4.1|97.1|1036|408|5.2|5.2|5|8
4.2|97.1|1036|408|5.2|5.2|5|8
4.3|97.11|1036|408|5.2|5.2|5|8
4.4|97.14|1036|408|5.2|5.2|5|8
4.5|97.11|1036|408|5.2|5.2|5|8
4.6|97.07|1036|408|5.2|5.2|5|8
4.7|97.1|1036|408|5.2|5.2|5|8
4.8|97.1|1036|408|5.2|5.2|5|8
4.9|97.08|1036|408|5.2|5.2|5|8
5|97.11|1036|408|5.2|5.2|2|8
5.1|97.12|1036|408|5.2|5.2|2|8
5.2|96.74|1036|408|5.2|5.2|2|8
5.3|96.33|1036|409|5.2|5.2|2|8
5.4|95.85|1139|409|5.2|5.2|2|8
5.5|95.35|1268|411|5.2|5.2|2|8
5.6|94.86|1461|412|5.2|5.2|2|8
5.7|94.49|1704|412|5.2|5.2|3|8
5.8|94.31|1727|412|5.2|5.2|3|8
5.9|94.21|1740|412|5.2|5.2|3|8
6|94.1|1747|412|5.2|5.2|3|8
6.1|94.08|1755|412|5.2|5.2|3|8
6.2|94.02|1758|412|5.2|5.2|3|8
6.3|94.05|1760|412|5.2|5.2|3|8
6.4|94.09|1763|412|5.2|5.2|3|8
6.5|94.06|1765|412|5.2|5.2|3|8
6.6|94.09|1768|412|5.2|5.2|3|8
6.7|94.04|1771|412|5.2|5.2|3|8
6.8|94.09|1771|412|5.2|5.2|3|8
6.9|94.05|1773|412|5.2|5.2|3|8
7|94.05|1773|412|5.2|5.2|3|8
7.1|94.09|1776|412|5.2|5.2|3|8
7.2|94.09|1776|412|5.2|5.2|3|8
7.3|94.06|1778|412|5.2|5.2|3|8
7.4|94.05|1778|412|5.2|5.2|3|8
7.5|94.06|1778|412|5.2|5.2|3|8
7.6|94.06|1781|412|5.2|5.2|3|8
7.7|94.13|1781|412|5.2|5.2|4|8
7.8|94.32|1778|412|5.2|5.2|4|8
7.9|94.7|1755|412|5.2|5.2|4|8
8|95.25|1626|412|5.2|5.2|4|8
8.1|95.72|1062|410|5.2|5.2|5|8
8.2|95.89|1046|409|5.2|5.2|5|8
8.3|96.08|1046|408|5.2|5.2|5|8
8.4|96.09|1046|408|5.2|5.2|5|8
8.5|96.04|1044|408|5.2|5.2|5|8
8.6|96.02|1044|408|5.2|5.2|5|8
8.7|96.04|1044|408|5.2|5.2|5|8
8.8|96.08|1044|408|5.2|5.2|5|8
8.9|96.05|1044|408|5.2|5.2|5|8
9|96.04|1044|408|5.2|5.2|5|8
9.1|96.04|1044|408|5.2|5.2|5|8
9.2|96.04|1044|408|5.2|5.2|5|8
9.3|96.05|1044|408|5.2|5.2|5|8
9.4|96.09|1044|408|5.2|5.2|5|8
9.5|96.06|1046|408|5.2|5.2|5|8
9.6|96.02|1044|408|5.2|5.2|5|8
9.7|96.04|1046|408|5.2|5.2|5|8
9.8|96.04|1044|408|5.2|5.2|5|8
9.9|96.06|1046|408|5.2|5.2|5|8
10|96.06|1046|408|5.2|5.2|5|8
10.1|96.01|1046|408|5.2|5.2|2|8
10.2|95.78|1052|401|5.2|5.2|2|8
10.3|95.39|1054|396|5.2|5.2|2|8
10.4|94.99|1111|394|5.2|5.2|2|8
10.5|94.55|1668|394|5.2|5.2|3|8
10.6|94.27|1750|394|5.2|5.2|3|8
10.7|94.01|1771|394|5.2|5.2|3|8
10.8|94|1778|394|5.2|5.2|3|8
10.9|93.98|1784|394|5.2|5.2|3|8
11|93.94|1789|394|5.2|5.2|3|8
11.1|93.92|1794|394|5.2|5.2|3|8
11.2|93.88|1796|394|5.2|5.2|3|8
11.3|93.92|1799|394|5.2|5.2|3|8
11.4|93.93|1802|394|5.2|5.2|3|8
11.5|93.94|1804|394|5.2|5.2|3|8
11.6|93.94|1804|394|5.2|5.2|3|8
11.7|93.92|1807|394|5.2|5.2|3|8
11.8|93.94|1807|394|5.2|5.2|3|8
11.9|93.93|1809|394|5.3|5.2|3|8
12|93.9|1809|394|5.3|5.2|3|8
12.1|93.86|1812|394|5.3|5.2|3|8
12.2|93.92|1812|394|5.2|5.3|3|8
12.3|93.92|1812|394|5.3|5.3|3|8
12.4|93.92|1814|394|5.3|5.3|3|8
12.5|93.93|1814|394|5.2|5.3|4|8
12.6|93.98|1814|394|5.3|5.3|4|8
12.7|94.32|1804|394|5.3|5.3|4|8
12.8|94.82|1758|394|5.3|5.3|4|8
12.9|95.29|1103|394|5.3|5.3|5|8
13|95.55|1067|394|5.3|5.3|5|8
13.1|95.69|1064|394|5.3|5.3|5|8
13.2|95.7|1062|394|5.3|5.3|5|8
13.3|95.78|1062|394|5.3|5.3|5|8
13.4|95.73|1062|394|5.3|5.3|5|8
13.5|95.73|1062|394|5.3|5.3|5|8
13.6|95.74|1062|394|5.3|5.3|5|8
13.7|95.7|1062|394|5.3|5.3|5|8
13.8|95.77|1062|394|5.3|5.3|5|8
13.9|95.78|1062|394|5.3|5.3|5|8
14|95.78|1062|394|5.3|5.3|5|8
14.1|95.68|1062|394|5.3|5.3|5|8
14.2|95.73|1062|394|5.3|5.3|5|8
14.3|95.73|1062|394|5.3|5.3|5|8
14.4|95.74|1062|394|5.3|5.3|5|8
14.5|95.73|1062|393|5.3|5.3|5|8
14.6|95.74|1062|394|5.3|5.3|5|8
14.7|95.73|1064|394|5.3|5.3|5|8
14.8|95.74|1064|394|5.3|5.3|5|8
14.9|95.74|1064|394|5.3|5.3|2|8
15|95.66|1064|394|5.3|5.3|2|8
15.1|95.23|1064|394|5.3|5.3|2|8
15.2|94.79|1121|394|5.3|5.3|2|8
15.3|94.4|1616|394|5.3|5.3|3|8
15.4|94|1768|394|5.3|5.3|3|8
15.5|93.85|1789|394|5.3|5.3|3|8
15.6|93.72|1799|394|5.3|5.3|3|8
15.7|93.6|1807|394|5.3|5.3|3|8
15.8|93.65|1809|394|5.3|5.3|3|8
15.9|93.69|1812|394|5.3|5.3|3|8
16|93.64|1817|394|5.3|5.3|3|8
16.1|93.68|1820|394|5.3|5.3|3|8
16.2|93.68|1822|394|5.3|5.3|3|8
16.3|93.66|1822|394|5.3|5.3|3|8
16.4|93.69|1825|394|5.3|5.3|3|8
16.5|93.66|1827|394|5.3|5.3|3|8
16.6|93.65|1827|394|5.3|5.3|3|8
16.7|93.66|1830|394|5.3|5.3|3|8
16.8|93.66|1830|394|5.3|5.3|3|8
16.9|93.69|1830|394|5.3|5.3|3|8
17|93.66|1832|394|5.3|5.3|3|8
17.1|93.66|1832|394|5.3|5.3|3|8
17.2|93.66|1832|394|5.3|5.3|3|8
17.3|93.65|1838|394|5.3|5.3|4|8
17.4|93.78|1835|394|5.3|5.3|4|8
17.5|93.96|1830|394|5.3|5.3|4|8
17.6|94.48|1732|394|5.3|5.3|4|8
17.7|94.9|1093|394|5.3|5.3|5|8
17.8|95.11|1075|394|5.3|5.3|5|8
17.9|95.19|1072|394|5.3|5.3|5|8
18|95.33|1072|394|5.3|5.3|5|8
18.1|95.34|1070|393|5.3|5.3|5|8
18.2|95.27|1070|394|5.3|5.3|5|8
18.3|95.3|1070|394|5.3|5.3|5|8
18.4|95.31|1070|394|5.3|5.3|5|8
18.5|95.3|1070|394|5.3|5.3|5|8
18.6|95.3|1070|394|5.3|5.3|5|8
18.7|95.31|1070|394|5.3|5.3|5|8
18.8|95.26|1070|394|5.3|5.3|5|8
18.9|95.3|1070|394|5.3|5.3|5|8
19|95.3|1070|394|5.3|5.3|5|8
19.1|95.3|1070|394|5.3|5.3|5|8
19.2|95.3|1070|394|5.3|5.3|5|8
19.3|95.3|1070|394|5.3|5.3|5|8
19.4|95.3|1072|393|5.3|5.3|5|8
19.5|95.3|1072|394|5.3|5.3|5|8
19.6|95.3|1072|394|5.3|5.3|5|8
19.7|95.31|1072|394|5.3|5.3|2|8
19.8|95.15|1072|393|5.3|5.3|2|8
19.9|94.76|1072|393|5.3|5.3|2|8
20|94.32|1281|394|5.3|5.3|2|8
20.1|93.86|1763|394|5.3|5.3|3|8
20.2|93.65|1799|394|5.3|5.3|3|8
20.3|93.55|1809|394|5.3|5.3|3|8
20.4|93.55|1814|394|5.3|5.3|3|8
20.5|93.5|1820|394|5.3|5.3|3|8
20.6|93.41|1825|394|5.3|5.3|3|8
20.7|93.46|1827|394|5.3|5.3|3|8
20.8|93.49|1830|394|5.3|5.3|3|8
20.9|93.47|1832|394|5.3|5.3|3|8
21|93.41|1835|394|5.3|5.3|3|8
21.1|93.47|1838|394|5.3|5.3|3|8
21.2|93.5|1840|394|5.3|5.3|3|8
21.3|93.43|1840|394|5.3|5.3|3|8
21.4|93.47|1843|394|5.3|5.3|3|8
21.5|93.49|1843|394|5.3|5.3|3|8
21.6|93.43|1845|394|5.3|5.3|3|8
21.7|93.47|1845|394|5.3|5.3|3|8
21.8|93.47|1848|394|5.3|5.3|3|8
21.9|93.46|1848|394|5.3|5.3|3|8
22|93.46|1848|394|5.3|5.3|3|8
22.1|93.47|1848|394|5.3|5.3|4|8
22.2|93.72|1845|394|5.3|5.3|4|8
22.3|94.2|1536|394|5.3|5.3|4|8
22.4|94.57|1088|394|5.3|5.3|5|8
22.5|94.7|1080|394|5.3|5.3|5|8
22.6|94.79|1080|394|5.3|5.3|5|8
22.7|94.87|1077|394|5.3|5.3|5|8
22.8|94.92|1077|394|5.3|5.3|5|8
22.9|94.8|1075|394|5.3|5.3|5|8
23|94.88|1072|393|5.3|5.3|5|8
23.1|94.82|1072|393|5.3|5.3|5|8
23.2|94.87|1072|393|5.3|5.3|5|8
23.3|94.84|1075|393|5.3|5.3|5|8
23.4|94.87|1072|393|5.3|5.3|5|8
23.5|94.86|1072|394|5.3|5.3|5|8
23.6|94.86|1075|394|5.3|5.3|5|8
23.7|94.88|1075|394|5.3|5.3|5|8
23.8|94.84|1075|394|5.3|5.3|5|8
23.9|94.87|1075|393|5.3|5.3|5|8
24|94.88|1072|393|5.3|5.3|5|8
24.1|94.8|1075|394|5.3|5.3|5|8
24.2|94.87|1072|394|5.3|5.3|5|8
24.3|94.88|1072|394|5.3|5.3|5|8
24.4|94.79|1072|394|5.3|5.3|2|8
24.5|94.59|1072|394|5.3|5.3|2|8
24.6|94.17|1080|394|5.3|5.3|2|8
24.7|93.73|1706|394|5.3|5.3|3|8
24.8|93.42|1807|394|5.3|5.3|3|8
24.9|93.26|1822|394|5.3|5.3|3|8
25|93.09|1830|394|5.3|5.3|3|8
25.1|93.17|1835|394|5.3|5.3|3|8
25.2|93.18|1840|394|5.3|5.3|3|8
25.3|93.15|1843|394|5.3|5.3|3|8
25.4|93.17|1845|394|5.3|5.3|3|8
25.5|93.15|1848|394|5.3|5.3|3|8
25.6|93.17|1851|394|5.3|5.3|3|8
25.7|93.15|1856|394|5.3|5.3|3|8
25.8|93.15|1856|394|5.3|5.3|3|8
25.9|93.17|1856|394|5.3|5.3|3|8
26|93.15|1858|394|5.3|5.3|3|8
26.1|93.15|1861|394|5.3|5.3|3|8
26.2|93.15|1863|394|5.3|5.3|3|8
26.3|93.17|1863|394|5.3|5.3|3|8
26.4|93.15|1863|394|5.3|5.3|3|8
26.5|93.15|1866|394|5.3|5.3|3|8
26.6|93.15|1866|394|5.3|5.3|3|8
26.7|93.15|1866|394|5.3|5.3|4|8
26.8|93.33|1866|394|5.3|5.3|4|8
26.9|93.58|1856|394|5.3|5.3|4|8
27|94.16|1183|394|5.3|5.3|5|8
27.1|94.37|1088|394|5.3|5.3|5|8
27.2|94.47|1085|394|5.3|5.3|5|8
27.3|94.55|1082|394|5.3|5.3|5|8
27.4|94.57|1080|394|5.3|5.3|5|8
27.5|94.6|1080|394|5.3|5.3|5|8
27.6|94.6|1080|394|5.3|5.3|5|8
27.7|94.6|1080|394|5.3|5.3|5|8
27.8|94.6|1080|394|5.3|5.3|5|8
27.9|94.6|1077|394|5.3|5.3|5|8
28|94.6|1077|394|5.3|5.3|5|8
28.1|94.6|1077|394|5.3|5.3|5|8
28.2|94.6|1077|394|5.3|5.3|5|8
28.3|94.6|1077|394|5.3|5.3|5|8
28.4|94.6|1077|394|5.3|5.3|5|8
28.5|94.6|1077|394|5.3|5.3|5|8
28.6|94.6|1077|394|5.3|5.3|5|8
28.7|94.6|1077|394|5.3|5.3|5|8
28.8|94.6|1077|394|5.3|5.3|5|8
28.9|94.6|1080|394|5.3|5.3|5|8
29|94.6|1080|394|5.3|5.3|2|8
29.1|94.52|1080|394|5.3|5.3|2|8
29.2|94.2|1080|394|5.3|5.3|2|8
29.3|93.74|1229|394|5.3|5.3|2|8
29.4|93.37|1791|394|5.3|5.3|3|8
29.5|93.15|1827|394|5.3|5.3|3|8
29.6|93.03|1840|394|5.3|5.3|3|8
29.7|92.99|1851|394|5.3|5.3|3|8
29.8|92.95|1856|394|5.3|5.3|3|8
29.9|92.92|1861|394|5.3|5.3|3|8
30|92.9|1866|394|5.3|5.3|3|8
30.1|92.92|1869|394|5.3|5.3|3|8
30.2|92.94|1871|394|5.3|5.3|3|8
30.3|92.95|1874|394|5.3|5.3|3|8
30.4|92.86|1874|394|5.3|5.3|3|8
30.5|92.91|1876|394|5.3|5.3|3|8
30.6|92.92|1876|394|5.3|5.3|3|8
30.7|92.92|1879|394|5.3|5.3|3|8
30.8|92.91|1879|394|5.3|5.3|3|8
30.9|92.92|1879|394|5.3|5.3|3|8
31|92.92|1879|394|5.3|5.3|3|8
31.1|92.96|1881|394|5.3|5.3|3|8
31.2|92.87|1881|394|5.3|5.3|3|8
31.3|92.92|1881|394|5.3|5.3|3|8
31.4|92.92|1881|394|5.3|5.3|4|8
31.5|93.1|1881|394|5.3|5.3|4|8
31.6|93.51|1750|394|5.3|5.3|4|8
31.7|93.98|1103|395|5.3|5.3|5|8
31.8|94.21|1085|395|5.3|5.3|5|8
31.9|94.29|1082|394|5.3|5.3|5|8
32|94.32|1080|394|5.3|5.3|5|8
32.1|94.35|1080|394|5.3|5.3|5|8
32.2|94.36|1080|394|5.3|5.3|5|8
32.3|94.36|1080|394|5.3|5.3|5|8
32.4|94.4|1080|394|5.3|5.3|5|8
32.5|94.33|1077|394|5.3|5.3|5|8
32.6|94.36|1077|394|5.3|5.3|5|8
32.7|94.37|1077|394|5.3|5.3|5|8
32.8|94.32|1077|394|5.3|5.3|5|8
32.9|94.33|1077|394|5.3|5.3|5|8
33|94.33|1077|394|5.3|5.3|5|8
33.1|94.4|1077|394|5.3|5.3|5|8
33.2|94.4|1077|394|5.3|5.3|5|8
33.3|94.32|1077|394|5.3|5.3|5|8
33.4|94.35|1077|394|5.3|5.3|5|8
33.5|94.33|1075|394|5.3|5.3|5|8
33.6|94.37|1077|394|5.3|5.3|5|8
33.7|94.36|1077|394|5.3|5.3|2|8
33.8|94.09|1077|394|5.3|5.3|2|8
33.9|93.74|1077|394|5.3|5.3|2|8
34|93.29|1570|394|5.3|5.3|2|8
34.1|92.98|1817|394|5.3|5.3|3|8
34.2|92.8|1843|394|5.3|5.3|3|8
34.3|92.68|1858|394|5.3|5.3|3|8
34.4|92.63|1866|394|5.3|5.3|3|8
34.5|92.62|1874|394|5.3|5.3|3|8
34.6|92.63|1876|394|5.3|5.3|3|8
34.7|92.63|1881|394|5.3|5.3|3|8
34.8|92.62|1884|394|5.3|5.3|3|8
34.9|92.6|1889|394|5.3|5.3|3|8
35|92.6|1892|394|5.3|5.3|3|8
35.1|92.63|1894|394|5.3|5.3|3|8
35.2|92.59|1897|394|5.3|5.3|3|8
35.3|92.64|1897|394|5.3|5.3|3|8
35.4|92.63|1897|394|5.3|5.3|3|8
35.5|92.59|1899|394|5.3|5.3|3|8
35.6|92.66|1899|394|5.3|5.3|3|8
35.7|92.6|1899|394|5.3|5.3|3|8
35.8|92.6|1899|394|5.3|5.3|3|8
35.9|92.66|1899|394|5.3|5.3|3|8
36|92.6|1899|394|5.3|5.3|3|8
36.1|92.71|1899|394|5.3|5.3|4|8
36.2|92.92|1894|394|5.3|5.3|4|8
36.3|93.41|1740|395|5.3|5.3|4|8
36.4|93.78|1103|395|5.3|5.3|2|8
36.5|93.84|1088|395|5.3|5.3|2|8
36.6|93.85|1085|394|5.3|5.3|2|8
36.7|93.93|1082|395|5.3|5.3|2|8
36.8|93.81|1082|394|5.3|5.3|2|8
36.9|93.76|1082|394|5.3|5.3|2|8
37|93.58|1080|394|5.3|5.3|2|8
37.1|93.57|1080|394|5.3|5.3|2|8
37.2|93.62|1080|394|5.3|5.3|2|8
37.3|93.55|1080|394|5.3|5.3|2|8
37.4|93.43|1090|394|5.3|5.3|2|8
37.5|93.38|1088|394|5.3|5.3|2|8
37.6|93.37|1106|394|5.3|5.3|2|8
37.7|93.15|1209|394|5.3|5.3|2|8
37.8|93.14|1085|394|5.3|5.3|2|8
37.9|93.22|1134|394|5.3|5.3|2|8
38|93.14|1361|394|5.3|5.3|2|8
38.1|92.98|1704|395|5.3|5.3|2|8
38.2|93.09|1729|395|5.3|5.3|2|8
38.3|93.17|1732|395|5.3|5.3|2|8
38.4|93.37|1495|395|5.3|5.3|2|8
38.5|93.51|1116|395|5.3|5.3|2|8
38.6|93.58|1082|394|5.3|5.3|2|8
38.7|93.65|1080|394|5.3|5.3|2|8
38.8|93.54|1080|394|5.3|5.3|2|8
38.9|93.53|1077|394|5.3|5.3|2|8
39|93.43|1077|394|5.3|5.3|2|8
39.1|93.38|1080|394|5.3|5.3|2|8
39.2|93.35|1160|394|5.3|5.3|2|8
39.3|93.19|1204|394|5.3|5.3|2|8
39.4|93.13|1080|394|5.3|5.3|2|8
39.5|93.17|1080|394|5.3|5.3|2|8
39.6|93.14|1294|395|5.3|5.3|2|8
39.7|92.99|1497|395|5.3|5.3|2|8
39.8|93|1353|396|5.3|5.3|2|8
39.9|92.98|1095|395|5.3|5.3|2|8
40|93.03|1080|394|5.3|5.3|2|8
40.1|93|1080|394|5.3|5.3|2|8
40.2|92.98|1683|394|5.3|5.3|2|8
40.3|92.94|1750|394|5.3|5.3|2|8
40.4|93.02|1745|395|5.3|5.3|2|8
40.5|93.21|1198|396|5.3|5.3|2|8
40.6|93.34|1082|395|5.3|5.3|2|8
40.7|93.38|1080|394|5.3|5.3|2|8
40.8|93.38|1077|394|5.3|5.3|2|8
40.9|93.37|1077|394|5.3|5.3|2|8
41|93.15|1121|394|5.3|5.3|2|8
41.1|93.13|1077|394|5.3|5.3|2|8
41.2|93.14|1075|394|5.3|5.3|2|8
41.3|93.14|1075|394|5.3|5.3|2|8
41.4|92.99|1515|394|5.3|5.3|2|8
41.5|92.99|1601|395|5.3|5.3|2|8
41.6|93.09|1149|396|5.3|5.3|2|8
41.7|93.18|1080|395|5.3|5.3|2|8
41.8|93.22|1077|394|5.3|5.3|2|8
41.9|93.1|1080|394|5.3|5.3|2|8
42|93.11|1077|394|5.3|5.3|2|8
42.1|92.99|1080|394|5.3|5.3|2|8
42.2|93.04|1147|394|5.3|5.3|2|8
42.3|92.88|1309|395|5.3|5.3|2|8
42.4|92.86|1562|396|5.3|5.3|2|8
42.5|92.87|1515|396|5.3|5.3|2|8
42.6|92.87|1113|395|5.3|5.3|2|8
42.7|92.92|1077|395|5.3|5.3|2|8
42.8|92.95|1075|394|5.3|5.3|2|8
42.9|92.9|1075|394|5.3|5.3|2|8
43|92.88|1196|394|5.3|5.3|2|8
43.1|92.79|1170|396|5.3|5.3|2|8
43.2|92.59|1186|396|5.3|5.3|2|8
43.3|92.58|1077|395|5.3|5.3|2|8
43.4|92.68|1116|394|5.3|5.3|2|8
43.5|92.64|1549|395|5.3|5.3|2|8
43.6|92.45|1626|396|5.3|5.3|2|8
43.7|92.58|1655|396|5.3|5.3|2|8
43.8|92.71|1678|396|5.3|5.3|2|8
43.9|92.95|1616|396|5.3|5.3|2|8
44|93.14|1088|396|5.3|5.3|2|8
44.1|93.17|1075|395|5.3|5.3|2|8
44.2|93.21|1075|394|5.3|5.3|2|8
44.3|93.13|1075|394|5.3|5.3|2|8
44.4|93.13|1072|394|5.3|5.3|2|8
44.5|93|1072|394|5.3|5.3|2|8
44.6|93.04|1072|394|5.3|5.3|2|8
44.7|92.94|1075|394|5.3|5.3|2|8
44.8|92.84|1075|394|5.3|5.3|2|8
44.9|92.78|1093|394|5.3|5.3|2|8
45|92.76|1103|395|5.3|5.3|2|8
45.1|92.62|1075|395|5.3|5.3|2|8
45.2|92.67|1075|394|5.3|5.3|2|8
45.3|92.63|1126|395|5.3|5.3|2|8
45.4|92.47|1348|396|5.3|5.3|2|8
45.5|92.33|1191|396|5.3|5.3|2|8
45.6|92.37|1149|395|5.3|5.3|2|8
45.7|92.35|1482|395|5.3|5.3|2|8
45.8|92.24|1196|396|5.3|5.3|2|8
45.9|92.2|1219|396|5.3|5.3|2|8
46|92.13|1216|395|5.3|5.3|2|8
46.1|92.15|1219|396|5.3|5.3|2|8
46.2|92.07|1273|396|5.3|5.3|2|8
46.3|92|1330|396|5.3|5.3|2|8
46.4|91.93|1214|396|5.3|5.3|2|8
46.5|91.9|1193|396|5.3|5.3|2|8
46.6|91.8|1317|396|5.3|5.3|2|8
46.7|91.74|1224|396|5.3|5.3|2|8
46.8|91.6|1186|395|5.3|5.3|2|8
46.9|91.54|1077|395|5.3|5.3|2|8
47|91.53|1155|395|5.3|5.3|2|8
47.1|91.49|1237|395|5.3|5.3|2|8
47.2|91.42|1193|395|5.3|5.3|2|8
47.3|91.34|1314|396|5.3|5.3|2|8
47.4|91.26|1286|395|5.3|5.3|2|8
47.5|91.19|1214|395|5.3|5.3|2|8
47.6|91.02|1124|395|5.3|5.3|2|8
47.7|91.06|1155|395|5.3|5.3|2|8
47.8|90.91|1198|395|5.3|5.3|2|8
47.9|90.87|1186|396|5.3|5.3|2|8
48|90.79|1116|396|5.3|5.3|2|8
48.1|90.64|1196|396|5.3|5.3|2|8
48.2|90.6|1260|396|5.3|5.3|2|8
48.3|90.48|1216|396|5.3|5.3|2|8
48.4|90.47|1186|395|5.3|5.3|2|8
48.5|90.39|1263|394|5.3|5.3|2|8
48.6|90.28|1255|396|5.3|5.3|2|8
48.7|90.17|1149|396|5.3|5.3|2|8
48.8|90.07|1222|396|5.3|5.3|2|8
48.9|89.99|1178|395|5.3|5.3|2|8
49|89.93|1229|396|5.3|5.3|2|8
49.1|89.8|1173|395|5.3|5.3|2|8
49.2|89.72|1196|396|5.3|5.3|2|8
49.3|89.6|1180|396|5.3|5.3|2|8
49.4|89.56|1214|396|5.3|5.3|2|8
49.5|89.41|1193|396|5.3|5.3|2|8
49.6|89.34|1149|396|5.3|5.3|2|8
49.7|89.15|1168|395|5.3|5.3|2|8
49.8|89.19|1240|395|5.3|5.3|2|8
49.9|88.94|1119|395|5.3|5.3|2|8
50|88.82|1235|395|5.3|5.3|2|8
50.1|88.86|1180|396|5.3|5.3|2|8
50.2|88.75|1237|395|5.3|5.3|2|8
50.3|88.58|1312|395|5.3|5.3|2|8
50.4|88.5|1180|395|5.3|5.3|2|8
50.5|88.29|1289|395|5.3|5.3|2|8
50.6|88.25|1242|395|5.3|5.3|2|8
50.7|88.07|1278|395|5.3|5.3|2|8
50.8|88.03|1129|396|5.3|5.3|2|8
50.9|87.86|1229|396|5.3|5.3|2|8
51|87.7|1173|396|5.3|5.3|2|8
51.1|87.61|1219|396|5.3|5.3|2|8
51.2|87.46|1307|396|5.3|5.3|2|8
51.3|87.35|1206|396|5.3|5.3|2|8
51.4|87.17|1116|395|5.3|5.3|2|8
51.5|87.14|1186|396|5.3|5.3|2|8
51.6|86.97|1343|396|5.3|5.3|2|8
51.7|86.79|1247|396|5.3|5.3|2|8
51.8|86.68|1253|396|5.3|5.3|2|8
51.9|86.56|1299|396|5.3|5.3|2|8
52|86.44|1235|396|5.3|5.3|2|8
52.1|86.27|1229|396|5.3|5.3|2|8
52.2|86.13|1191|395|5.3|5.3|2|8
52.3|85.93|1348|396|5.3|5.3|2|8
52.4|85.8|1302|395|5.3|5.3|2|8
52.5|85.61|1188|395|5.3|5.3|2|8
52.6|85.49|1253|396|5.3|5.3|2|8
52.7|85.29|1309|396|5.3|5.3|2|8
52.8|85.19|1294|396|5.3|5.3|2|8
52.9|85.01|1260|396|5.3|5.3|2|8
53|84.83|1271|396|5.3|5.3|2|8
53.1|84.66|1361|396|5.3|5.3|2|8
53.2|84.46|1384|396|5.3|5.3|2|8
53.3|84.29|1188|396|5.3|5.3|2|8
53.4|84.2|1289|396|5.3|5.3|2|8
53.5|83.96|1330|396|5.3|5.3|2|8
53.6|83.85|1299|394|5.3|5.3|2|8
53.7|83.62|1278|394|5.3|5.3|2|8
53.8|83.42|1255|395|5.3|5.3|2|8
53.9|83.19|1338|395|5.3|5.3|2|8
54|83.06|1392|396|5.3|5.3|2|8
54.1|82.82|1361|396|5.3|5.3|2|8
54.2|82.2|1799|396|5.3|5.3|6|8
54.3|79.81|1936|396|5.3|5.3|6|8
54.4|77.14|485|395|5.3|5.3|7|8
54.5|74.86|0|394|5.3|5.3|7|8
54.6|73.34|0|392|5.3|5.3|7|8
54.7|72.62|0|392|5.3|5.3|7|8
54.8|72.31|0|392|5.3|5.3|7|8
54.9|72.11|0|392|5.3|5.3|7|8
55|71.98|0|392|5.3|5.3|7|8
55.1|71.91|0|392|5.3|5.3|7|8
55.2|71.89|0|392|5.3|5.3|7|8
55.3|71.89|0|392|5.3|5.3|7|8
55.4|71.89|0|392|5.3|5.3|7|8
55.5|71.88|0|392|5.3|5.3|7|8
55.6|71.88|0|392|5.3|5.3|7|8
55.7|71.98|0|392|5.3|5.3|7|8
55.8|71.98|0|392|5.3|5.3|7|8
55.9|71.92|0|392|5.3|5.3|7|8
56|71.91|0|392|5.3|5.3|7|8
56.1|71.91|0|392|5.3|5.3|7|8
56.2|71.88|0|392|5.3|5.3|7|8
56.3|71.88|0|392|5.3|5.3|7|8
56.4|71.88|0|392|5.3|5.3|7|8
56.5|71.88|0|392|5.3|5.3|7|8
56.6|71.88|0|392|5.3|5.3|7|8
56.7|71.88|0|392|5.3|5.3|7|8
56.8|71.91|0|392|5.3|5.3|7|8
56.9|71.94|0|392|5.3|5.3|7|8
57|71.92|0|392|5.3|5.3|7|8
57.1|71.92|0|392|5.3|5.3|7|8
57.2|71.91|0|392|5.3|5.3|7|8
57.3|71.88|0|392|5.3|5.3|7|8
57.4|71.87|0|392|5.3|5.3|7|8
57.5|71.85|0|392|5.3|5.3|7|8
57.6|71.88|0|392|5.3|5.3|7|8
57.7|71.88|0|392|5.3|5.3|7|8
57.8|71.88|0|392|5.3|5.3|7|8
57.9|71.89|0|392|5.3|5.3|7|8
58|71.89|0|392|5.3|5.3|7|8
58.1|71.89|0|392|5.3|5.3|7|8
58.2|71.89|0|392|5.3|5.3|7|8
58.3|71.92|0|392|5.3|5.3|7|8
58.4|71.91|0|392|5.3|5.3|7|8
58.5|71.98|0|392|5.3|5.3|7|8
58.6|71.87|0|392|5.3|5.3|7|8
58.7|71.84|0|392|5.3|5.3|7|8
58.8|71.85|0|392|5.3|5.3|7|8
58.9|71.85|0|392|5.3|5.3|7|8
59|71.88|0|392|5.3|5.3|7|8
59.1|71.88|0|392|5.3|5.3|7|8
59.2|71.89|0|392|5.3|5.3|7|8
59.3|71.91|0|392|5.3|5.3|7|8
59.4|71.91|0|392|5.3|5.3|7|8
59.5|71.92|0|392|5.3|5.3|7|8
59.6|71.85|0|392|5.3|5.3|7|8
59.7|71.85|0|392|5.3|5.3|7|8
59.8|71.85|0|392|5.3|5.3|7|8
59.9|71.85|0|392|5.3|5.3|7|8
60|71.88|0|392|5.3|5.3|7|8
60.1|71.88|0|392|5.3|5.3|7|8
60.2|71.88|0|392|5.3|5.3|7|8
60.3|71.87|0|392|5.3|5.3|7|8
60.4|71.88|0|392|5.3|5.3|7|8
60.5|71.87|0|392|5.3|5.3|7|8
60.6|71.87|0|392|5.3|5.3|7|8
60.7|71.88|0|392|5.3|5.3|7|8
60.8|71.87|0|392|5.3|5.3|7|8
60.9|71.87|0|392|5.3|5.3|7|8
61|71.87|0|392|5.3|5.3|7|8
61.1|71.87|0|392|5.3|5.3|7|8
61.2|71.88|0|392|5.3|5.3|7|8
61.3|71.87|0|392|5.3|5.3|7|8
61.4|71.87|0|392|5.3|5.3|7|8
61.5|71.87|0|392|5.3|5.3|7|8
61.6|71.87|0|392|5.3|5.3|7|8
61.7|71.87|0|392|5.3|5.3|7|8
61.8|71.87|0|392|5.3|5.3|7|8
61.9|71.87|0|392|5.3|5.3|7|8
62|71.87|0|392|5.3|5.3|7|8
62.1|71.87|0|392|5.3|5.3|7|8
62.2|71.87|0|392|5.3|5.3|7|8
62.3|71.87|0|392|5.3|5.3|7|8
62.4|71.87|0|392|5.3|5.3|7|8
62.5|71.87|0|392|5.3|5.3|7|8
62.6|71.87|0|392|5.3|5.3|7|8
62.7|71.89|0|392|5.3|5.3|7|8
62.8|71.91|0|392|5.3|5.3|7|8
62.9|71.92|0|392|5.3|5.3|7|8
63|71.85|0|392|5.3|5.3|7|8
63.1|71.83|0|392|5.3|5.3|7|8
63.2|71.85|0|392|5.3|5.3|7|8
63.3|71.85|0|392|5.3|5.3|7|8
63.4|71.85|0|392|5.3|5.3|7|8
63.5|71.85|0|392|5.3|5.3|7|8
63.6|71.85|0|392|5.3|5.3|7|8
63.7|71.88|0|392|5.3|5.3|7|8
63.8|71.91|0|392|5.3|5.3|7|8
63.9|71.91|0|392|5.3|5.3|7|8
64|71.85|0|392|5.3|5.3|7|8
64.1|71.84|0|392|5.3|5.3|7|8
64.2|71.84|0|392|5.3|5.3|7|8
64.3|71.85|0|392|5.3|5.3|7|8
64.4|71.85|0|392|5.3|5.3|7|8
64.5|71.85|0|392|5.3|5.3|7|8
64.6|71.87|0|392|5.3|5.3|7|8
64.7|71.85|0|392|5.3|5.3|7|8
64.8|71.85|0|392|5.3|5.3|7|8
64.9|71.85|0|392|5.3|5.3|7|8
65|71.85|0|392|5.3|5.3|7|8
65.1|71.84|0|392|5.3|5.3|7|8
65.2|71.89|0|398|5.3|5.3|7|8
65.3|71.88|0|401|5.3|5.3|7|8
65.4|71.94|0|402|5.3|5.3|7|8
65.5|71.84|0|402|5.3|5.3|7|8
65.6|71.83|0|402|5.3|5.3|7|8
65.7|71.84|0|402|5.3|5.3|7|8
65.8|71.85|0|402|5.3|5.3|7|8
65.9|71.85|0|402|5.3|5.3|7|8
66|71.85|0|403|5.3|5.3|7|8
66.1|71.87|0|403|5.3|5.3|7|8
66.2|71.85|0|402|5.3|5.3|7|8
66.3|71.85|0|402|5.3|5.3|7|8
66.4|71.85|0|402|5.3|5.3|7|8
66.5|71.85|0|402|5.3|5.3|7|8
66.6|71.85|0|402|5.3|5.3|7|8
66.7|71.85|0|402|5.3|5.3|7|8
66.8|71.85|0|402|5.3|5.3|7|8
66.9|71.85|0|402|5.3|5.3|7|8
67|71.85|0|402|5.3|5.3|7|8
67.1|71.85|0|402|5.3|5.3|7|8
67.2|71.85|0|402|5.3|5.3|7|8
67.3|71.85|0|402|5.3|5.3|7|8
67.4|71.85|0|402|5.3|5.3|8|8
67.5|71.87|0|402|5.2|5.2|8|8
67.6|71.85|0|402|5.3|5.3|8|8
67.7|71.76|0|402|5.3|5.3|8|8
67.8|71.76|0|402|5.3|5.3|8|8
67.9|71.79|0|402|5.3|5.3|8|8
68|71.85|0|402|5.3|5.3|8|8
68.1|71.81|0|402|5.3|5.3|8|8
68.2|71.8|0|402|5.2|5.2|8|8
68.3|71.77|0|402|5.2|5.2|8|8
68.4|71.8|0|402|5.2|5.2|8|8
68.5|71.84|0|402|5.2|5.2|8|8
68.6|71.8|0|402|5.2|5.2|8|8
68.7|71.77|0|402|5.2|5.2|8|8
68.8|71.81|0|402|5.2|5.2|8|8
68.9|71.81|0|402|5.2|5.2|8|8
69|71.84|0|402|5.2|5.2|8|8
69.1|71.84|0|402|5.2|5.2|8|8
69.2|71.8|0|402|5.2|5.2|8|8
69.3|71.79|0|402|5.2|5.2|8|8
69.4|71.81|0|402|5.1|5.1|8|8
69.5|74|0|402|5.2|5.2|8|8
69.6|77.01|0|402|5.2|5.2|8|8
69.7|80.04|0|402|5.1|5.1|8|8
69.8|82.99|0|402|5.1|5.1|8|8
69.9|85.93|0|402|5.1|5.1|8|8
70|88.8|0|402|5.1|5.1|8|8
70.1|91.77|0|402|5.1|5.1|8|8
70.2|94.25|0|402|5.1|5.1|8|8
70.3|95.34|0|402|5.1|5.1|8|8
