0|96.08|907|386|5.1|5.1|1|8
0.1|96.02|1026|388|5.1|5.1|1|8
0.2|96|1031|388|5.1|5.1|1|8
0.3|96.01|1034|388|5.1|5.1|1|8
0.4|96.02|1034|388|5.1|5.1|1|8
0.5|96.01|1036|389|5.1|5.1|2|8
0.6|95.69|1067|389|5.1|5.1|2|8
0.7|95.3|1155|389|5.1|5.1|2|8
0.8|94.84|1351|390|5.1|5.1|2|8
0.9|94.44|1652|390|5.1|5.1|3|8
1|94.19|1701|390|5.1|5.2|3|8
1.1|93.96|1711|390|5.2|5.2|3|8
1.2|93.89|1719|390|5.2|5.2|3|8
1.3|93.89|1724|390|5.2|5.2|3|8
1.4|93.9|1727|390|5.2|5.2|3|8
1.5|93.89|1732|390|5.2|5.2|3|8
1.6|93.89|1735|390|5.2|5.2|3|8
1.7|93.9|1735|390|5.2|5.2|3|8
1.8|93.92|1737|390|5.2|5.2|3|8
1.9|93.92|1742|390|5.2|5.2|3|8
2|93.9|1745|390|5.2|5.2|3|8
2.1|93.89|1745|391|5.2|5.2|3|8
2.2|93.84|1745|391|5.2|5.2|3|8
2.3|93.86|1747|390|5.2|5.2|3|8
2.4|93.86|1750|390|5.2|5.2|3|8
2.5|93.88|1750|391|5.2|5.2|3|8
2.6|93.89|1750|391|5.2|5.2|3|8
2.7|93.89|1753|390|5.2|5.2|3|8
2.8|93.88|1755|390|5.2|5.2|3|8
2.9|93.82|1758|391|5.2|5.2|4|8
3|94.02|1758|390|5.2|5.2|4|8
3.1|94.37|1745|390|5.2|5.2|4|8
3.2|94.87|1675|391|5.2|5.2|4|8
3.3|95.37|1106|390|5.2|5.2|5|8
3.4|95.62|1062|390|5.2|5.2|5|8
3.5|95.73|1059|390|5.2|5.2|5|8
3.6|95.78|1057|389|5.2|5.2|5|8
3.7|95.8|1057|389|5.2|5.2|5|8
3.8|95.84|1054|389|5.2|5.2|5|8
3.9|95.85|1054|390|5.2|5.2|5|8
4|95.82|1054|390|5.2|5.2|5|8
4.1|95.84|1054|390|5.2|5.2|5|8
4.2|95.81|1057|390|5.2|5.2|5|8
4.3|95.8|1057|389|5.2|5.2|5|8
4.4|95.78|1057|389|5.2|5.2|5|8
4.5|95.81|1057|390|5.2|5.2|5|8
4.6|95.82|1057|390|5.2|5.2|5|8
4.7|95.84|1054|390|5.2|5.2|5|8
4.8|95.84|1054|390|5.2|5.2|5|8
4.9|95.84|1052|390|5.2|5.2|5|8
5|95.84|1052|390|5.2|5.2|5|8
5.1|95.85|1052|390|5.3|5.3|5|8
5.2|95.78|1052|390|5.3|5.3|5|8
5.3|95.78|1054|390|5.3|5.3|2|8
5.4|95.73|1057|390|5.3|5.3|2|8
5.5|95.3|1057|390|5.3|5.3|2|8
5.6|94.87|1093|390|5.3|5.3|2|8
5.7|94.41|1281|390|5.3|5.3|2|8
5.8|93.94|1711|391|5.3|5.3|3|8
5.9|93.69|1760|392|5.3|5.3|3|8
6|93.54|1771|392|5.3|5.3|3|8
6.1|93.51|1776|392|5.3|5.3|3|8
6.2|93.45|1778|392|5.3|5.3|3|8
6.3|93.47|1781|392|5.3|5.3|3|8
6.4|93.5|1784|392|5.3|5.3|3|8
6.5|93.46|1786|392|5.3|5.3|3|8
6.6|93.46|1786|392|5.3|5.3|3|8
6.7|93.5|1789|392|5.3|5.3|3|8
6.8|93.49|1791|392|5.3|5.3|3|8
6.9|93.53|1791|392|5.3|5.3|3|8
7|93.49|1794|392|5.3|5.3|3|8
7.1|93.47|1796|392|5.3|5.3|3|8
7.2|93.42|1796|392|5.3|5.3|3|8
7.3|93.46|1796|392|5.3|5.3|3|8
7.4|93.49|1799|392|5.3|5.3|3|8
7.5|93.5|1799|392|5.3|5.3|3|8
7.6|93.42|1799|392|5.3|5.3|3|8
7.7|93.46|1802|392|5.3|5.3|3|8
7.8|93.46|1802|392|5.3|5.3|4|8
7.9|93.62|1802|392|5.3|5.3|4|8
8|94.06|1786|392|5.3|5.3|4|8
8.1|94.55|1729|392|5.3|5.3|4|8
8.2|95.02|1103|392|5.3|5.3|5|8
8.3|95.29|1070|391|5.3|5.3|5|8
8.4|95.41|1067|390|5.3|5.3|5|8
8.5|95.39|1067|390|5.3|5.3|5|8
8.6|95.42|1064|390|5.3|5.3|5|8
8.7|95.41|1064|390|5.3|5.3|5|8
8.8|95.45|1064|390|5.3|5.3|5|8
8.9|95.47|1062|390|5.3|5.3|5|8
9|95.47|1064|390|5.3|5.3|5|8
9.1|95.46|1067|390|5.3|5.3|5|8
9.2|95.46|1070|390|5.3|5.3|5|8
9.3|95.46|1070|390|5.3|5.3|5|8
9.4|95.46|1067|390|5.3|5.3|5|8
9.5|95.46|1062|390|5.3|5.3|5|8
9.6|95.46|1062|390|5.3|5.3|5|8
9.7|95.46|1062|390|5.3|5.3|5|8
9.8|95.47|1062|391|5.3|5.3|5|8
9.9|95.47|1062|391|5.3|5.3|5|8
10|95.46|1062|391|5.3|5.3|5|8
10.1|95.46|1062|391|5.3|5.4|5|8
10.2|95.46|1062|391|5.3|5.4|2|8
10.3|95.35|1062|390|5.4|5.4|2|8
10.4|95|1064|390|5.4|5.4|2|8
10.5|94.56|1111|388|5.3|5.4|2|8
10.6|94.01|1278|388|5.4|5.4|2|8
10.7|93.58|1680|390|5.4|5.4|3|8
10.8|93.25|1789|390|5.4|5.4|3|8
10.9|93.02|1804|390|5.4|5.4|3|8
11|92.95|1809|389|5.4|5.4|3|8
11.1|92.98|1812|389|5.4|5.4|3|8
11.2|92.96|1814|389|5.4|5.4|3|8
11.3|92.94|1817|389|5.4|5.4|3|8
11.4|92.95|1817|389|5.4|5.4|3|8
11.5|92.99|1820|389|5.4|5.4|3|8
11.6|92.96|1820|389|5.4|5.4|3|8
11.7|92.96|1822|389|5.4|5.4|3|8
11.8|92.98|1822|390|5.4|5.4|3|8
11.9|92.94|1825|389|5.4|5.4|3|8
12|92.98|1825|389|5.4|5.4|3|8
12.1|92.94|1827|389|5.4|5.4|3|8
12.2|92.94|1827|389|5.4|5.4|3|8
12.3|92.98|1830|389|5.4|5.4|3|8
12.4|92.96|1830|389|5.4|5.4|3|8
12.5|92.94|1830|389|5.4|5.4|3|8
12.6|92.95|1832|389|5.4|5.4|3|8
12.7|92.98|1835|389|5.4|5.4|4|8
12.8|93.11|1832|389|5.4|5.4|4|8
12.9|93.47|1809|389|5.4|5.4|4|8
13|93.88|1191|390|5.4|5.4|5|8
13.1|94.25|1080|389|5.4|5.4|5|8
13.2|94.25|1077|389|5.4|5.4|5|8
13.3|94.39|1077|388|5.4|5.4|5|8
13.4|94.43|1075|388|5.4|5.4|5|8
13.5|94.41|1075|388|5.4|5.4|5|8
13.6|94.43|1075|388|5.4|5.4|5|8
13.7|94.43|1072|388|5.4|5.4|5|8
13.8|94.48|1072|388|5.4|5.4|5|8
13.9|94.4|1070|388|5.4|5.4|5|8
14|94.4|1070|388|5.4|5.4|5|8
14.1|94.41|1070|388|5.4|5.4|5|8
14.2|94.41|1070|388|5.4|5.4|5|8
14.3|94.41|1070|388|5.4|5.4|5|8
14.4|94.43|1072|388|5.4|5.4|5|8
14.5|94.47|1072|388|5.4|5.4|5|8
14.6|94.41|1072|388|5.4|5.4|5|8
14.7|94.39|1072|388|5.4|5.4|5|8
14.8|94.41|1072|388|5.4|5.4|5|8
14.9|94.41|1075|388|5.4|5.4|5|8
15|94.41|1075|388|5.4|5.4|2|8
15.1|94.39|1072|388|5.4|5.4|2|8
15.2|93.96|1075|388|5.4|5.4|2|8
15.3|93.55|1155|388|5.4|5.4|2|8
15.4|93.1|1760|388|5.4|5.4|3|8
15.5|92.87|1814|389|5.4|5.4|3|8
15.6|92.66|1825|389|5.4|5.4|3|8
15.7|92.66|1830|389|5.4|5.4|3|8
15.8|92.63|1832|389|5.4|5.4|3|8
15.9|92.63|1835|389|5.4|5.4|3|8
16|92.6|1838|389|5.4|5.4|3|8
16.1|92.6|1840|389|5.4|5.4|3|8
16.2|92.62|1840|389|5.4|5.4|3|8
16.3|92.62|1843|389|5.4|5.4|3|8
16.4|92.66|1845|389|5.4|5.4|3|8
16.5|92.62|1845|389|5.4|5.4|3|8
16.6|92.59|1845|389|5.4|5.4|3|8
16.7|92.63|1848|389|5.4|5.4|3|8
16.8|92.59|1848|389|5.4|5.4|3|8
16.9|92.63|1851|389|5.4|5.4|3|8
17|92.59|1851|389|5.4|5.4|3|8
17.1|92.62|1851|389|5.4|5.4|3|8
17.2|92.63|1851|389|5.4|5.4|3|8
17.3|92.6|1853|389|5.4|5.4|3|8
17.4|92.6|1853|389|5.4|5.4|4|8
17.5|92.76|1853|389|5.4|5.4|4|8
17.6|93.18|1814|389|5.4|5.4|4|8
17.7|93.68|1111|389|5.4|5.4|5|8
17.8|93.85|1082|388|5.4|5.4|5|8
17.9|93.92|1080|388|5.4|5.4|5|8
18|94.01|1080|388|5.4|5.4|5|8
18.1|94.02|1077|388|5.4|5.4|5|8
18.2|94.01|1077|388|5.4|5.4|5|8
18.3|94.01|1075|388|5.4|5.4|5|8
18.4|94.01|1077|388|5.4|5.4|5|8
18.5|94.01|1077|388|5.4|5.4|5|8
18.6|94.02|1080|388|5.4|5.4|5|8
18.7|94.02|1080|388|5.4|5.4|5|8
18.8|94.04|1080|388|5.4|5.4|5|8
18.9|94.08|1080|388|5.4|5.4|5|8
19|94|1080|388|5.4|5.4|5|8
19.1|94|1080|388|5.4|5.4|5|8
19.2|94.02|1080|388|5.4|5.4|5|8
19.3|94.04|1080|388|5.4|5.4|5|8
19.4|94.05|1075|388|5.4|5.4|5|8
19.5|93.97|1077|388|5.4|5.4|5|8
19.6|94.01|1077|388|5.4|5.4|5|8
19.7|94.02|1077|388|5.4|5.4|2|8
19.8|93.88|1077|388|5.4|5.4|2|8
19.9|93.47|1077|388|5.4|5.4|2|8
20|93.02|1451|388|5.4|5.4|2|8
20.1|92.64|1812|388|5.4|5.4|3|8
20.2|92.39|1835|388|5.4|5.4|3|8
20.3|92.33|1840|388|5.4|5.4|3|8
20.4|92.28|1845|388|5.4|5.4|3|8
20.5|92.21|1851|388|5.4|5.4|3|8
20.6|92.27|1853|388|5.4|5.4|3|8
20.7|92.24|1856|388|5.4|5.4|3|8
20.8|92.28|1856|388|5.4|5.4|3|8
20.9|92.28|1858|388|5.4|5.4|3|8
21|92.25|1861|388|5.4|5.4|3|8
21.1|92.21|1861|388|5.4|5.4|3|8
21.2|92.27|1861|388|5.4|5.4|3|8
21.3|92.25|1863|388|5.4|5.4|3|8
21.4|92.25|1863|388|5.4|5.4|3|8
21.5|92.28|1863|388|5.4|5.4|3|8
21.6|92.28|1863|388|5.4|5.4|3|8
21.7|92.27|1866|388|5.4|5.4|3|8
21.8|92.27|1866|388|5.4|5.4|3|8
21.9|92.25|1869|388|5.4|5.4|3|8
22|92.2|1869|388|5.4|5.4|3|8
22.1|92.27|1869|388|5.4|5.4|4|8
22.2|92.56|1861|388|5.4|5.4|4|8
22.3|93.04|1366|389|5.4|5.4|4|8
22.4|93.43|1088|389|5.4|5.4|5|8
22.5|93.53|1082|389|5.4|5.4|5|8
22.6|93.61|1080|388|5.4|5.4|5|8
22.7|93.66|1080|388|5.4|5.4|5|8
22.8|93.72|1080|388|5.4|5.4|5|8
22.9|93.69|1080|388|5.4|5.4|5|8
23|93.72|1077|388|5.4|5.4|5|8
23.1|93.6|1075|388|5.4|5.4|5|8
23.2|93.64|1072|388|5.4|5.4|5|8
23.3|93.69|1072|388|5.4|5.4|5|8
23.4|93.69|1072|388|5.4|5.4|5|8
23.5|93.66|1075|388|5.4|5.4|5|8
23.6|93.61|1072|388|5.4|5.4|5|8
23.7|93.68|1075|388|5.4|5.4|5|8
23.8|93.72|1075|388|5.4|5.4|5|8
23.9|93.66|1072|388|5.4|5.4|5|8
24|93.65|1072|388|5.4|5.4|5|8
24.1|93.68|1072|388|5.4|5.4|5|8
24.2|93.68|1075|388|5.4|5.4|5|8
24.3|93.7|1075|388|5.4|5.4|5|8
24.4|93.66|1075|388|5.4|5.4|2|8
24.5|93.35|1075|388|5.4|5.4|2|8
24.6|92.94|1080|388|5.4|5.4|2|8
24.7|92.49|1729|388|5.4|5.4|3|8
24.8|92.11|1835|388|5.4|5.4|3|8
24.9|92|1848|388|5.4|5.4|3|8
25|91.96|1856|388|5.4|5.4|3|8
25.1|91.93|1861|388|5.4|5.4|3|8
25.2|91.93|1863|388|5.4|5.4|3|8
25.3|91.93|1866|388|5.4|5.4|3|8
25.4|91.92|1869|388|5.4|5.4|3|8
25.5|91.93|1871|388|5.4|5.4|3|8
25.6|91.9|1874|388|5.4|5.4|3|8
25.7|91.86|1874|388|5.4|5.4|3|8
25.8|91.88|1874|388|5.4|5.4|3|8
25.9|91.9|1874|388|5.4|5.4|3|8
26|91.9|1876|388|5.4|5.4|3|8
26.1|91.93|1876|388|5.4|5.4|3|8
26.2|91.94|1876|388|5.4|5.4|3|8
26.3|91.93|1879|388|5.4|5.4|3|8
26.4|91.92|1879|388|5.4|5.4|3|8
26.5|91.85|1881|388|5.4|5.4|3|8
26.6|91.9|1881|388|5.4|5.4|3|8
26.7|91.9|1881|388|5.4|5.4|4|8
26.8|91.98|1881|388|5.4|5.4|4|8
26.9|92.47|1856|388|5.4|5.4|4|8
27|92.88|1149|389|5.4|5.4|5|8
27.1|93.21|1085|388|5.4|5.4|5|8
27.2|93.23|1082|388|5.4|5.4|5|8
27.3|93.26|1080|388|5.4|5.4|5|8
27.4|93.3|1080|388|5.4|5.4|5|8
27.5|93.31|1077|388|5.4|5.4|5|8
27.6|93.33|1077|388|5.4|5.4|5|8
27.7|93.37|1075|388|5.4|5.4|5|8
27.8|93.31|1077|388|5.4|5.4|5|8
27.9|93.31|1077|388|5.4|5.4|5|8
28|93.27|1075|388|5.4|5.4|5|8
28.1|93.3|1075|388|5.4|5.4|5|8
28.2|93.3|1077|388|5.4|5.4|5|8
28.3|93.33|1077|388|5.4|5.4|5|8
28.4|93.37|1077|388|5.4|5.4|5|8
28.5|93.33|1077|388|5.4|5.4|5|8
28.6|93.31|1075|388|5.4|5.4|5|8
28.7|93.27|1077|388|5.4|5.4|5|8
28.8|93.3|1075|388|5.4|5.4|5|8
28.9|93.31|1075|388|5.4|5.4|5|8
29|93.33|1072|388|5.4|5.4|2|8
29.1|93.26|1070|388|5.4|5.4|2|8
29.2|92.86|1070|388|5.4|5.4|2|8
29.3|92.41|1294|388|5.4|5.4|2|8
29.4|91.97|1825|388|5.4|5.4|3|8
29.5|91.78|1853|388|5.4|5.4|3|8
29.6|91.7|1863|388|5.4|5.4|3|8
29.7|91.56|1869|388|5.4|5.4|3|8
29.8|91.61|1874|388|5.4|5.4|3|8
29.9|91.64|1876|388|5.4|5.4|3|8
30|91.62|1879|388|5.4|5.4|3|8
30.1|91.57|1881|388|5.4|5.4|3|8
30.2|91.62|1884|388|5.4|5.4|3|8
30.3|91.66|1887|388|5.4|5.4|3|8
30.4|91.58|1887|388|5.4|5.4|3|8
30.5|91.6|1889|388|5.4|5.4|3|8
30.6|91.65|1889|388|5.4|5.4|3|8
30.7|91.6|1889|388|5.4|5.4|3|8
30.8|91.58|1892|388|5.4|5.4|3|8
30.9|91.64|1892|388|5.4|5.4|3|8
31|91.61|1892|388|5.4|5.4|3|8
31.1|91.58|1892|388|5.4|5.4|3|8
31.2|91.61|1892|388|5.4|5.4|3|8
31.3|91.64|1892|388|5.4|5.4|3|8
31.4|91.64|1894|388|5.4|5.4|4|8
31.5|91.84|1889|388|5.4|5.4|4|8
31.6|92.36|1768|388|5.4|5.4|4|8
31.7|92.78|1101|389|5.4|5.4|5|8
31.8|92.92|1085|389|5.4|5.4|5|8
31.9|93.07|1082|388|5.4|5.4|5|8
32|93.09|1080|388|5.4|5.4|5|8
32.1|93.1|1080|388|5.4|5.4|5|8
32.2|93.1|1077|388|5.4|5.4|5|8
32.3|93.11|1075|388|5.4|5.4|5|8
32.4|93.13|1075|388|5.4|5.4|5|8
32.5|93.1|1077|388|5.4|5.4|5|8
32.6|93.11|1077|388|5.4|5.4|5|8
32.7|93.11|1077|388|5.4|5.4|5|8
32.8|93.11|1075|388|5.4|5.4|5|8
32.9|93.11|1077|388|5.4|5.4|5|8
33|93.11|1077|388|5.4|5.4|5|8
33.1|93.11|1077|388|5.4|5.4|5|8
33.2|93.11|1077|388|5.4|5.4|5|8
33.3|93.14|1075|388|5.4|5.4|5|8
33.4|93.17|1075|388|5.4|5.4|5|8
33.5|93.14|1077|388|5.4|5.4|5|8
33.6|93.11|1075|388|5.4|5.4|5|8
33.7|93.13|1077|388|5.4|5.4|2|8
33.8|92.9|1077|388|5.4|5.4|2|8
33.9|92.52|1077|388|5.4|5.4|2|8
34|92.01|1621|388|5.4|5.4|3|8
34.1|91.72|1838|388|5.4|5.4|3|8
34.2|91.53|1861|388|5.4|5.4|3|8
34.3|91.49|1871|388|5.4|5.4|3|8
34.4|91.51|1879|388|5.4|5.4|3|8
34.5|91.38|1884|388|5.4|5.4|3|8
34.6|91.39|1887|388|5.4|5.4|3|8
34.7|91.42|1889|388|5.4|5.4|3|8
34.8|91.42|1892|388|5.4|5.4|3|8
34.9|91.43|1894|388|5.4|5.4|3|8
35|91.42|1897|388|5.4|5.4|3|8
35.1|91.38|1899|388|5.4|5.4|3|8
35.2|91.41|1902|388|5.4|5.4|3|8
35.3|91.39|1899|388|5.4|5.4|3|8
35.4|91.41|1902|388|5.4|5.4|3|8
35.5|91.42|1902|388|5.4|5.4|3|8
35.6|91.43|1905|388|5.4|5.4|3|8
35.7|91.41|1905|388|5.4|5.4|3|8
35.8|91.38|1905|388|5.4|5.4|3|8
35.9|91.41|1905|388|5.4|5.4|3|8
36|91.41|1907|388|5.4|5.4|4|8
36.1|91.46|1905|388|5.4|5.4|4|8
36.2|91.77|1889|388|5.4|5.4|4|8
36.3|92.28|1742|388|5.4|5.4|4|8
36.4|92.66|1101|389|5.4|5.4|2|8
36.5|92.82|1085|388|5.4|5.4|2|8
36.6|92.86|1080|388|5.4|5.4|2|8
36.7|92.82|1080|388|5.4|5.4|2|8
36.8|92.7|1080|388|5.4|5.4|2|8
36.9|92.68|1077|388|5.4|5.4|2|8
37|92.63|1075|388|5.4|5.4|2|8
37.1|92.62|1075|388|5.4|5.4|2|8
37.2|92.53|1077|388|5.4|5.4|2|8
37.3|92.36|1077|388|5.4|5.4|2|8
37.4|92.36|1075|388|5.4|5.4|2|8
37.5|92.36|1077|388|5.4|5.4|2|8
37.6|92.29|1093|388|5.4|5.4|2|8
37.7|92.13|1131|388|5.4|5.4|2|8
37.8|92.08|1126|388|5.4|5.4|2|8
37.9|92.08|1095|388|5.4|5.4|2|8
38|92.08|1188|388|5.4|5.4|2|8
38.1|91.97|1144|388|5.4|5.4|2|8
38.2|91.92|1186|388|5.4|5.4|2|8
38.3|91.82|1160|388|5.4|5.4|2|8
38.4|91.74|1165|388|5.4|5.4|2|8
38.5|91.69|1157|388|5.4|5.4|2|8
38.6|91.56|1580|388|5.4|5.4|2|8
38.7|91.66|1387|388|5.4|5.4|2|8
38.8|91.7|1082|388|5.4|5.4|2|8
38.9|91.74|1080|388|5.4|5.4|2|8
39|91.74|1082|388|5.4|5.4|2|8
39.1|91.57|1095|388|5.4|5.4|2|8
39.2|91.54|1116|388|5.4|5.4|2|8
39.3|91.57|1131|388|5.4|5.4|2|8
39.4|91.51|1113|388|5.4|5.4|2|8
39.5|91.37|1196|388|5.4|5.4|2|8
39.6|91.35|1206|388|5.4|5.4|2|8
39.7|91.27|1180|388|5.4|5.4|2|8
39.8|91.22|1142|388|5.4|5.4|2|8
39.9|91.15|1222|388|5.4|5.4|2|8
40|91.03|1170|388|5.4|5.4|2|8
40.1|90.99|1101|388|5.4|5.4|2|8
40.2|90.92|1180|388|5.4|5.4|2|8
40.3|90.9|1149|388|5.4|5.4|2|8
40.4|90.8|1263|388|5.4|5.4|2|8
40.5|90.68|1170|388|5.4|5.4|2|8
40.6|90.62|1273|388|5.4|5.4|2|8
40.7|90.59|1289|388|5.4|5.4|2|8
40.8|90.51|1314|388|5.4|5.4|2|8
40.9|90.4|1302|388|5.4|5.4|2|8
41|90.33|1436|388|5.4|5.4|2|8
41.1|90.32|1286|388|5.4|5.4|2|8
41.2|90.25|1278|388|5.4|5.4|2|8
41.3|90.11|1309|388|5.4|5.4|2|8
41.4|90.07|1227|388|5.4|5.4|2|8
41.5|89.9|1289|388|5.4|5.4|2|8
41.6|89.9|1186|386|5.4|5.4|2|8
41.7|89.82|1180|387|5.4|5.4|2|8
41.8|89.74|1317|388|5.4|5.4|2|8
41.9|89.62|1237|387|5.4|5.4|2|8
42|89.58|1260|388|5.4|5.4|2|8
42.1|89.49|1278|388|5.4|5.4|2|8
42.2|89.35|1353|388|5.4|5.4|2|8
42.3|89.26|1284|388|5.4|5.4|2|8
42.4|89.15|1312|388|5.4|5.4|2|8
42.5|89.14|1162|388|5.4|5.4|2|8
42.6|89.09|1131|388|5.4|5.4|2|8
42.7|89.07|1144|388|5.4|5.4|2|8
42.8|88.98|1139|387|5.4|5.4|2|8
42.9|88.83|1160|388|5.4|5.4|2|8
43|88.87|1222|388|5.4|5.4|2|8
43.1|88.76|1193|388|5.4|5.4|2|8
43.2|88.74|1209|388|5.4|5.4|2|8
43.3|88.68|1196|387|5.4|5.4|2|8
43.4|88.58|1242|387|5.4|5.4|2|8
43.5|88.55|1224|387|5.4|5.4|2|8
43.6|88.43|1193|388|5.4|5.4|2|8
43.7|88.32|1206|387|5.4|5.4|2|8
43.8|88.28|1152|387|5.4|5.4|2|8
43.9|88.24|1286|387|5.4|5.4|2|8
44|88.08|1183|388|5.4|5.4|2|8
44.1|88.07|1273|387|5.4|5.4|2|8
44.2|88.01|1340|388|5.4|5.4|2|8
44.3|88.01|1193|388|5.4|5.4|2|8
44.4|87.92|1178|387|5.4|5.4|2|8
44.5|87.93|1276|387|5.4|5.4|2|8
44.6|87.84|1232|387|5.4|5.4|2|8
44.7|87.7|1263|388|5.4|5.4|2|8
44.8|87.74|1103|387|5.4|5.4|2|8
44.9|87.65|1170|387|5.4|5.4|2|8
45|87.58|1124|387|5.4|5.4|2|8
45.1|87.56|1180|386|5.4|5.4|2|8
45.2|87.41|1198|387|5.4|5.4|2|8
45.3|87.34|1227|387|5.4|5.4|2|8
45.4|87.35|1222|386|5.4|5.4|2|8
45.5|87.22|1191|387|5.4|5.4|2|8
45.6|87.15|1214|387|5.4|5.4|2|8
45.7|87.06|1193|387|5.4|5.4|2|8
45.8|87.03|1265|388|5.4|5.4|2|8
45.9|86.95|1250|388|5.4|5.4|2|8
46|86.86|1253|388|5.4|5.4|2|8
46.1|86.74|1214|387|5.4|5.4|2|8
46.2|86.68|1222|386|5.4|5.4|2|8
46.3|86.59|1327|386|5.4|5.4|2|8
46.4|86.52|1294|387|5.4|5.4|2|8
46.5|86.4|1147|386|5.4|5.4|2|8
46.6|86.28|1229|386|5.4|5.4|2|8
46.7|86.23|1204|387|5.4|5.4|2|8
46.8|86.13|1188|387|5.4|5.4|2|8
46.9|86.04|1216|387|5.4|5.4|2|8
47|85.91|1157|387|5.4|5.4|2|8
47.1|85.84|1160|386|5.4|5.4|2|8
47.2|85.7|1229|387|5.4|5.4|2|8
47.3|85.53|1152|388|5.4|5.4|2|8
47.4|85.46|1198|387|5.4|5.4|2|8
47.5|85.41|1193|387|5.4|5.4|2|8
47.6|85.23|1222|387|5.4|5.4|2|8
47.7|85.13|1369|388|5.4|5.4|2|8
47.8|84.98|1268|387|5.4|5.4|2|8
47.9|84.91|1271|386|5.4|5.4|2|8
48|84.79|1237|388|5.4|5.4|2|8
48.1|84.58|1229|388|5.4|5.4|2|8
48.2|84.44|1144|388|5.4|5.4|2|8
48.3|84.34|1224|386|5.4|5.4|2|8
48.4|84.19|1229|387|5.4|5.4|2|8
48.5|84.12|1325|387|5.4|5.4|2|8
48.6|83.87|1307|386|5.4|5.4|2|8
48.7|83.88|1258|387|5.4|5.4|2|8
48.8|83.65|1284|386|5.4|5.4|2|8
48.9|83.52|1242|386|5.4|5.4|2|8
49|83.33|1240|387|5.4|5.4|2|8
49.1|83.18|1235|387|5.4|5.4|2|8
49.2|83.03|1255|387|5.4|5.4|2|8
49.3|82.82|1245|388|5.4|5.4|2|8
49.4|82.7|1242|387|5.4|5.4|2|8
49.5|82.52|1340|388|5.4|5.4|2|8
49.6|82.34|1263|388|5.4|5.4|2|8
49.7|82.16|1296|387|5.4|5.4|2|8
49.8|81.97|1523|388|5.4|5.4|2|8
49.9|81.75|1348|388|5.4|5.4|2|8
50|81.52|1325|388|5.4|5.4|6|8
50.1|80.04|1905|386|5.4|5.4|6|8
50.2|77.29|1961|386|5.4|5.4|6|8
50.3|74.53|67|386|5.4|5.4|7|8
50.4|72.4|0|384|5.4|5.4|7|8
50.5|71.49|0|384|5.4|5.4|7|8
50.6|71.08|0|384|5.4|5.4|7|8
50.7|70.86|0|384|5.4|5.4|7|8
50.8|70.81|0|384|5.4|5.4|7|8
50.9|70.74|0|384|5.4|5.4|7|8
51|70.7|0|384|5.4|5.4|7|8
51.1|70.71|0|384|5.4|5.4|7|8
51.2|70.77|0|384|5.4|5.4|7|8
51.3|70.78|0|384|5.4|5.4|7|8
51.4|70.77|0|384|5.4|5.4|7|8
51.5|70.77|0|384|5.4|5.4|7|8
51.6|70.78|0|384|5.4|5.4|7|8
51.7|70.74|0|384|5.4|5.4|7|8
51.8|70.73|0|384|5.4|5.4|7|8
51.9|70.69|0|384|5.4|5.4|7|8
52|70.74|0|384|5.4|5.4|7|8
52.1|70.75|0|384|5.4|5.4|7|8
52.2|70.75|0|384|5.4|5.4|7|8
52.3|70.73|0|384|5.4|5.4|7|8
52.4|70.69|0|384|5.4|5.4|7|8
52.5|70.71|0|384|5.4|5.4|7|8
52.6|70.75|0|383|5.4|5.4|7|8
52.7|70.75|0|382|5.4|5.4|7|8
52.8|70.73|0|383|5.4|5.4|7|8
52.9|70.71|0|382|5.4|5.4|7|8
53|70.71|0|383|5.4|5.4|7|8
53.1|70.69|0|383|5.4|5.4|7|8
53.2|70.69|0|382|5.4|5.4|7|8
53.3|70.71|0|382|5.4|5.4|7|8
53.4|70.71|0|382|5.4|5.4|7|8
53.5|70.73|0|382|5.4|5.4|7|8
53.6|70.77|0|382|5.4|5.4|7|8
53.7|70.7|0|382|5.4|5.4|7|8
53.8|70.66|0|382|5.4|5.4|7|8
53.9|70.71|0|382|5.4|5.4|7|8
54|70.7|0|382|5.4|5.4|7|8
54.1|70.71|0|383|5.4|5.4|7|8
54.2|70.74|0|382|5.4|5.4|7|8
54.3|70.74|0|382|5.4|5.4|7|8
54.4|70.69|0|382|5.4|5.4|7|8
54.5|70.7|0|382|5.4|5.4|7|8
54.6|70.71|0|383|5.4|5.4|7|8
54.7|70.7|0|382|5.4|5.4|7|8
54.8|70.71|0|382|5.4|5.4|7|8
54.9|70.73|0|382|5.4|5.4|7|8
55|70.75|0|382|5.4|5.4|7|8
55.1|70.7|0|383|5.4|5.4|7|8
55.2|70.71|0|383|5.4|5.4|7|8
55.3|70.69|0|383|5.4|5.4|7|8
55.4|70.69|0|382|5.4|5.4|7|8
55.5|70.7|0|383|5.4|5.4|7|8
55.6|70.7|0|383|5.4|5.4|7|8
55.7|70.7|0|383|5.4|5.4|7|8
55.8|70.71|0|382|5.4|5.4|7|8
55.9|70.73|0|382|5.4|5.4|7|8
56|70.74|0|383|5.4|5.4|7|8
56.1|70.71|0|383|5.4|5.4|7|8
56.2|70.71|0|383|5.4|5.4|7|8
56.3|70.71|0|383|5.4|5.4|7|8
56.4|70.71|0|382|5.4|5.4|7|8
56.5|70.71|0|383|5.4|5.4|7|8
56.6|70.71|0|383|5.4|5.4|7|8
56.7|70.7|0|382|5.4|5.4|7|8
56.8|70.7|0|382|5.4|5.4|7|8
56.9|70.69|0|382|5.4|5.4|7|8
57|70.69|0|382|5.4|5.4|7|8
57.1|70.73|0|382|5.4|5.4|7|8
57.2|70.74|0|382|5.4|5.4|7|8
57.3|70.69|0|382|5.4|5.4|7|8
57.4|70.66|0|382|5.4|5.4|7|8
57.5|70.69|0|382|5.4|5.4|7|8
57.6|70.71|0|382|5.4|5.4|7|8
57.7|70.75|0|382|5.4|5.4|7|8
57.8|70.7|0|382|5.4|5.4|7|8
57.9|70.69|0|382|5.4|5.4|7|8
58|70.69|0|383|5.4|5.4|7|8
58.1|70.67|0|383|5.4|5.4|7|8
58.2|70.7|0|382|5.4|5.4|7|8
58.3|70.73|0|383|5.4|5.4|7|8
58.4|70.74|0|382|5.4|5.4|7|8
58.5|70.73|0|382|5.4|5.4|7|8
58.6|70.7|0|382|5.4|5.4|7|8
58.7|70.7|0|382|5.4|5.4|7|8
58.8|70.7|0|382|5.4|5.4|7|8
58.9|70.69|0|382|5.4|5.4|7|8
59|70.66|0|382|5.4|5.4|7|8
59.1|70.7|0|382|5.4|5.4|7|8
59.2|70.71|0|382|5.4|5.4|7|8
59.3|70.74|0|383|5.4|5.4|7|8
59.4|70.71|0|383|5.4|5.4|7|8
59.5|70.69|0|383|5.4|5.4|7|8
59.6|70.66|0|383|5.4|5.4|7|8
59.7|70.66|0|383|5.4|5.4|7|8
59.8|70.7|0|383|5.4|5.4|7|8
59.9|70.7|0|383|5.4|5.4|7|8
60|70.74|0|382|5.4|5.4|7|8
60.1|70.7|0|383|5.4|5.4|7|8
60.2|70.7|0|382|5.4|5.4|7|8
60.3|70.69|0|382|5.4|5.4|7|8
60.4|70.69|0|385|5.4|5.4|7|8
60.5|70.7|0|386|5.4|5.4|7|8
60.6|70.7|0|386|5.4|5.4|7|8
60.7|70.69|0|387|5.4|5.4|7|8
60.8|70.7|0|387|5.4|5.4|7|8
60.9|70.69|0|387|5.4|5.4|7|8
61|70.7|0|387|5.4|5.4|7|8
61.1|70.7|0|387|5.4|5.4|7|8
61.2|70.69|0|387|5.4|5.4|7|8
61.3|70.7|0|387|5.4|5.4|7|8
61.4|70.69|0|387|5.4|5.4|7|8
61.5|70.7|0|387|5.4|5.4|7|8
61.6|70.7|0|387|5.4|5.4|7|8
61.7|70.7|0|387|5.4|5.4|7|8
61.8|70.7|0|387|5.4|5.4|7|8
61.9|70.69|0|387|5.4|5.4|7|8
62|70.7|0|387|5.4|5.4|7|8
62.1|70.67|0|387|5.4|5.4|7|8
62.2|70.65|0|387|5.4|5.4|7|8
62.3|70.67|0|387|5.4|5.4|7|8
62.4|70.7|0|387|5.4|5.4|7|8
62.5|70.71|0|387|5.4|5.4|7|8
62.6|70.69|0|387|5.4|5.4|7|8
62.7|70.7|0|387|5.4|5.4|7|8
62.8|70.69|0|387|5.4|5.4|7|8
62.9|70.66|0|387|5.4|5.4|7|8
63|70.65|0|387|5.4|5.4|7|8
63.1|70.67|0|387|5.4|5.4|7|8
63.2|70.69|0|387|5.4|5.4|7|8
63.3|70.69|0|387|5.4|5.4|8|8
63.4|70.66|0|387|5.4|5.4|8|8
63.5|70.61|0|387|5.4|5.4|8|8
63.6|70.58|0|388|5.4|5.4|8|8
63.7|70.62|0|387|5.4|5.4|8|8
63.8|70.67|0|387|5.4|5.4|8|8
63.9|70.69|0|387|5.4|5.4|8|8
64|70.63|0|387|5.4|5.4|8|8
64.1|70.61|0|387|5.4|5.4|8|8
64.2|70.58|0|387|5.3|5.3|8|8
64.3|70.63|0|387|5.3|5.3|8|8
64.4|70.69|0|387|5.3|5.3|8|8
64.5|70.7|0|387|5.3|5.3|8|8
64.6|70.62|0|387|5.3|5.3|8|8
64.7|70.62|0|387|5.3|5.3|8|8
64.8|70.61|0|387|5.3|5.3|8|8
64.9|70.67|0|387|5.2|5.2|8|8
65|70.69|0|387|5.3|5.2|8|8
65.1|70.71|0|387|5.2|5.2|8|8
65.2|70.63|0|387|5.2|5.2|8|8
65.3|71.56|0|387|5.2|5.2|8|8
65.4|74.58|0|387|5.2|5.2|8|8
65.5|77.61|0|387|5.2|5.2|8|8
65.6|80.63|0|387|5.2|5.2|8|8
65.7|83.64|0|387|5.2|5.2|8|8
65.8|86.56|0|387|5.2|5.2|8|8
65.9|89.5|0|387|5.2|5.2|8|8
66|92.49|0|387|5.2|5.2|8|8
66.1|94.61|0|387|5.2|5.2|8|8
66.2|95.51|0|387|5.2|5.2|8|8
