0|96.08|1376|398|4.2|4.2|1|8
0.1|96.04|1626|401|4.2|4.2|1|8
0.2|96.01|1649|403|4.2|4.2|1|8
0.3|96.04|1662|404|4.2|4.2|1|8
0.4|96.04|1670|404|4.2|4.2|1|8
0.5|96.02|1675|404|4.2|4.2|3|8
0.6|96.04|1680|404|4.2|4.2|3|8
0.7|95.98|1693|404|4.2|4.2|3|8
0.8|96.01|1696|404|4.2|4.2|3|8
0.9|96.05|1701|404|4.2|4.2|3|8
1|96.02|1709|404|4.2|4.2|3|8
1.1|96.01|1714|404|4.2|4.2|3|8
1.2|95.98|1719|404|4.2|4.2|3|8
1.3|95.93|1722|404|4.2|4.2|3|8
1.4|95.96|1724|404|4.2|4.2|3|8
1.5|95.96|1724|404|4.2|4.2|3|8
1.6|95.97|1729|404|4.2|4.2|3|8
1.7|95.97|1732|404|4.2|4.2|3|8
1.8|95.97|1735|404|4.2|4.2|3|8
1.9|95.97|1737|404|4.2|4.2|3|8
2|95.96|1737|404|4.2|4.2|3|8
2.1|95.97|1740|404|4.2|4.2|3|8
2.2|95.96|1742|404|4.2|4.2|3|8
2.3|95.96|1745|404|4.2|4.2|3|8
2.4|95.96|1745|404|4.2|4.2|3|8
2.5|96|1747|404|4.2|4.2|4|8
2.6|96.2|1735|404|4.2|4.2|4|8
2.7|96.6|1714|404|4.2|4.2|4|8
2.8|97.04|1116|404|4.3|4.3|5|8
2.9|97.31|1075|402|4.3|4.3|5|8
3|97.45|1075|402|4.3|4.3|5|8
3.1|97.5|1072|402|4.3|4.3|5|8
3.2|97.51|1070|402|4.3|4.3|5|8
3.3|97.55|1070|402|4.3|4.3|5|8
3.4|97.51|1070|402|4.3|4.3|5|8
3.5|97.58|1070|402|4.3|4.3|5|8
3.6|97.62|1070|402|4.3|4.3|5|8
3.7|97.59|1070|402|4.3|4.3|5|8
3.8|97.51|1064|402|4.3|4.3|5|8
3.9|97.62|1064|402|4.3|4.3|5|8
4|97.61|1062|402|4.3|4.3|5|8
4.1|97.55|1062|402|4.3|4.3|5|8
4.2|97.55|1059|402|4.3|4.3|5|8
4.3|97.62|1059|402|4.3|4.3|5|8
4.4|97.61|1059|402|4.3|4.3|5|8
4.5|97.57|1059|402|4.3|4.3|5|8
4.6|97.54|1059|402|4.3|4.3|5|8
4.7|97.61|1059|402|4.3|4.3|5|8
4.8|97.62|1059|402|4.3|4.3|2|8
4.9|97.49|1059|402|4.3|4.3|2|8
5|97.11|1059|402|4.3|4.3|2|8
5.1|96.68|1072|403|4.3|4.3|2|8
5.2|96.25|1374|404|4.3|4.3|2|8
5.3|95.76|1273|405|4.3|4.3|2|8
5.4|95.25|1402|405|4.3|4.3|2|8
5.5|94.83|1716|405|4.3|4.3|3|8
5.6|94.64|1758|405|4.3|4.3|3|8
5.7|94.47|1776|405|4.3|4.3|3|8
5.8|94.39|1786|405|4.3|4.3|3|8
5.9|94.37|1794|405|4.3|4.3|3|8
6|94.29|1796|405|4.3|4.3|3|8
6.1|94.32|1799|405|4.3|4.3|3|8
6.2|94.33|1799|405|4.3|4.3|3|8
6.3|94.33|1802|408|4.3|4.3|3|8
6.4|94.33|1804|408|4.3|4.3|3|8
6.5|94.33|1804|408|4.3|4.4|3|8
6.6|94.33|1807|409|4.4|4.4|3|8
6.7|94.33|1807|409|4.4|4.4|3|8
6.8|94.33|1809|409|4.4|4.4|3|8
6.9|94.33|1809|409|4.4|4.4|3|8
7|94.33|1812|409|4.4|4.4|3|8
7.1|94.32|1812|409|4.4|4.4|3|8
7.2|94.31|1812|409|4.4|4.4|3|8
7.3|94.32|1812|409|4.4|4.4|3|8
7.4|94.31|1812|409|4.4|4.4|3|8
7.5|94.33|1814|409|4.4|4.4|4|8
7.6|94.47|1812|409|4.4|4.4|4|8
7.7|94.82|1799|409|4.4|4.4|4|8
7.8|95.25|1778|409|4.4|4.4|4|8
7.9|95.8|1461|409|4.4|4.4|4|8
8|96.19|1082|408|4.4|4.4|5|8
8.1|96.44|1075|408|4.4|4.4|5|8
8.2|96.48|1072|407|4.4|4.4|5|8
8.3|96.6|1070|407|4.4|4.4|5|8
8.4|96.61|1070|407|4.4|4.4|5|8
8.5|96.55|1067|407|4.4|4.4|5|8
8.6|96.59|1067|407|4.4|4.4|5|8
8.7|96.56|1064|407|4.4|4.4|5|8
8.8|96.6|1064|407|4.4|4.4|5|8
8.9|96.57|1064|407|4.4|4.4|5|8
9|96.55|1062|407|4.4|4.4|5|8
9.1|96.59|1062|407|4.4|4.4|5|8
9.2|96.57|1064|407|4.4|4.4|5|8
9.3|96.57|1062|407|4.4|4.4|5|8
9.4|96.57|1062|407|4.4|4.4|5|8
9.5|96.59|1062|407|4.4|4.4|5|8
9.6|96.57|1059|407|4.4|4.4|5|8
9.7|96.57|1062|407|4.4|4.4|5|8
9.8|96.59|1059|408|4.4|4.4|5|8
9.9|96.57|1059|407|4.4|4.4|5|8
10|96.53|1059|408|4.4|4.4|2|8
10.1|96.28|1059|408|4.4|4.4|2|8
10.2|95.85|1059|408|4.4|4.4|2|8
10.3|95.45|1116|408|4.4|4.4|2|8
10.4|94.98|1626|408|4.4|4.4|3|8
10.5|94.71|1765|404|4.4|4.4|3|8
10.6|94.55|1784|397|4.4|4.4|3|8
10.7|94.45|1799|395|4.5|4.4|3|8
10.8|94.37|1809|394|4.5|4.5|3|8
10.9|94.35|1817|394|4.5|4.5|3|8
11|94.29|1822|394|4.5|4.5|3|8
11.1|94.31|1825|394|4.5|4.5|3|8
11.2|94.32|1827|394|4.5|4.5|3|8
11.3|94.33|1827|394|4.5|4.5|3|8
11.4|94.32|1832|394|4.5|4.5|3|8
11.5|94.32|1832|394|4.5|4.5|3|8
11.6|94.32|1835|394|4.5|4.5|3|8
11.7|94.33|1835|394|4.5|4.5|3|8
11.8|94.33|1838|394|4.5|4.5|3|8
11.9|94.33|1838|394|4.5|4.5|3|8
12|94.29|1838|394|4.5|4.5|3|8
12.1|94.32|1838|394|4.5|4.5|3|8
12.2|94.32|1840|394|4.5|4.5|3|8
12.3|94.32|1840|394|4.5|4.5|3|8
12.4|94.32|1843|394|4.5|4.5|4|8
12.5|94.37|1843|394|4.5|4.5|4|8
12.6|94.63|1838|394|4.5|4.5|4|8
12.7|95.04|1814|394|4.5|4.5|4|8
12.8|95.57|1606|394|4.5|4.5|4|8
12.9|96.06|1093|394|4.5|4.5|5|8
13|96.17|1082|393|4.5|4.5|5|8
13.1|96.32|1080|393|4.5|4.5|5|8
13.2|96.36|1077|394|4.5|4.5|5|8
13.3|96.37|1075|394|4.5|4.5|5|8
13.4|96.4|1075|393|4.5|4.5|5|8
13.5|96.41|1075|393|4.5|4.5|5|8
13.6|96.35|1072|393|4.5|4.5|5|8
13.7|96.36|1072|393|4.5|4.5|5|8
13.8|96.39|1070|394|4.5|4.5|5|8
13.9|96.45|1070|394|4.5|4.5|5|8
14|96.33|1070|394|4.6|4.6|5|8
14.1|96.36|1070|393|4.6|4.6|5|8
14.2|96.39|1067|393|4.6|4.6|5|8
14.3|96.41|1067|394|4.6|4.6|5|8
14.4|96.37|1070|394|4.6|4.6|5|8
14.5|96.29|1067|394|4.6|4.6|5|8
14.6|96.36|1067|394|4.6|4.6|5|8
14.7|96.37|1067|394|4.6|4.6|5|8
14.8|96.37|1067|394|4.6|4.6|5|8
14.9|96.37|1067|394|4.6|4.6|2|8
15|96.14|1064|393|4.6|4.6|2|8
15.1|95.74|1067|393|4.6|4.6|2|8
15.2|95.29|1165|394|4.6|4.6|2|8
15.3|94.86|1714|394|4.6|4.6|3|8
15.4|94.57|1778|394|4.6|4.6|3|8
15.5|94.45|1807|394|4.6|4.6|3|8
15.6|94.31|1820|394|4.6|4.6|3|8
15.7|94.29|1827|394|4.6|4.6|3|8
15.8|94.31|1832|394|4.6|4.6|3|8
15.9|94.27|1838|394|4.6|4.6|3|8
16|94.25|1840|394|4.6|4.6|3|8
16.1|94.28|1843|394|4.6|4.6|3|8
16.2|94.28|1845|394|4.6|4.6|3|8
16.3|94.29|1848|395|4.6|4.6|3|8
16.4|94.28|1848|394|4.6|4.6|3|8
16.5|94.27|1848|394|4.6|4.6|3|8
16.6|94.28|1851|394|4.6|4.6|3|8
16.7|94.27|1851|394|4.6|4.6|3|8
16.8|94.27|1851|394|4.6|4.6|3|8
16.9|94.29|1851|395|4.6|4.6|3|8
17|94.33|1851|395|4.6|4.6|3|8
17.1|94.23|1851|395|4.6|4.6|3|8
17.2|94.25|1851|395|4.6|4.6|3|8
17.3|94.25|1853|395|4.6|4.6|4|8
17.4|94.32|1853|394|4.6|4.6|4|8
17.5|94.63|1840|395|4.6|4.6|4|8
17.6|95.08|1807|395|4.6|4.6|4|8
17.7|95.63|1165|395|4.7|4.6|5|8
17.8|96|1082|394|4.7|4.7|5|8
17.9|96.12|1077|394|4.7|4.7|5|8
18|96.17|1077|394|4.7|4.7|5|8
18.1|96.17|1075|394|4.7|4.7|5|8
18.2|96.19|1072|394|4.7|4.7|5|8
18.3|96.2|1072|394|4.7|4.7|5|8
18.4|96.24|1070|394|4.7|4.7|5|8
18.5|96.21|1070|394|4.7|4.7|5|8
18.6|96.21|1070|394|4.7|4.7|5|8
18.7|96.24|1070|394|4.7|4.7|5|8
18.8|96.24|1070|394|4.7|4.7|5|8
18.9|96.25|1067|394|4.7|4.7|5|8
19|96.27|1067|394|4.7|4.7|5|8
19.1|96.23|1064|394|4.7|4.7|5|8
19.2|96.19|1064|394|4.7|4.7|5|8
19.3|96.17|1064|394|4.7|4.7|5|8
19.4|96.21|1064|394|4.7|4.7|5|8
19.5|96.23|1064|394|4.7|4.7|5|8
19.6|96.23|1064|394|4.7|4.7|5|8
19.7|96.24|1064|394|4.7|4.7|2|8
19.8|96.16|1064|394|4.7|4.7|2|8
19.9|95.81|1064|394|4.7|4.7|2|8
20|95.38|1067|394|4.7|4.7|2|8
20.1|94.96|1371|395|4.7|4.7|2|8
20.2|94.6|1776|395|4.7|4.7|3|8
20.3|94.35|1822|395|4.7|4.7|3|8
20.4|94.24|1840|395|4.7|4.7|3|8
20.5|94.27|1856|394|4.7|4.7|3|8
20.6|94.2|1863|393|4.7|4.7|3|8
20.7|94.06|1869|392|4.7|4.7|3|8
20.8|94.15|1874|392|4.7|4.7|3|8
20.9|94.1|1874|392|4.7|4.7|3|8
21|94.1|1876|392|4.7|4.7|3|8
21.1|94.12|1876|392|4.7|4.7|3|8
21.2|94.13|1879|392|4.7|4.7|3|8
21.3|94.1|1879|392|4.7|4.7|3|8
21.4|94.1|1879|392|4.7|4.7|3|8
21.5|94.1|1881|392|4.8|4.7|3|8
21.6|94.09|1881|392|4.8|4.8|3|8
21.7|94.12|1881|392|4.8|4.8|3|8
21.8|94.1|1884|392|4.8|4.8|3|8
21.9|94.1|1884|392|4.8|4.8|3|8
22|94.12|1884|392|4.8|4.8|3|8
22.1|94.12|1884|392|4.8|4.8|3|8
22.2|94.17|1887|392|4.8|4.8|4|8
22.3|94.29|1884|392|4.8|4.8|4|8
22.4|94.68|1840|392|4.8|4.8|4|8
22.5|95.18|1173|392|4.8|4.8|5|8
22.6|95.49|1088|392|4.8|4.8|5|8
22.7|95.66|1082|392|4.8|4.8|5|8
22.8|95.7|1077|392|4.8|4.8|5|8
22.9|95.7|1077|392|4.8|4.8|5|8
23|95.76|1075|392|4.8|4.8|5|8
23.1|95.78|1075|392|4.8|4.8|5|8
23.2|95.78|1072|392|4.8|4.8|5|8
23.3|95.78|1072|392|4.8|4.8|5|8
23.4|95.8|1072|392|4.8|4.8|5|8
23.5|95.78|1077|392|4.8|4.8|5|8
23.6|95.78|1077|392|4.8|4.8|5|8
23.7|95.78|1077|392|4.8|4.8|5|8
23.8|95.78|1075|392|4.8|4.8|5|8
23.9|95.8|1075|392|4.8|4.8|5|8
24|95.78|1072|392|4.8|4.8|5|8
24.1|95.78|1072|392|4.8|4.8|5|8
24.2|95.78|1072|392|4.8|4.8|5|8
24.3|95.77|1072|392|4.8|4.8|5|8
24.4|95.74|1070|392|4.8|4.8|5|8
24.5|95.78|1072|392|4.8|4.8|2|8
24.6|95.78|1070|392|4.8|4.8|2|8
24.7|95.38|1072|392|4.8|4.8|2|8
24.8|95|1075|392|4.8|4.8|2|8
24.9|94.57|1701|392|4.8|4.8|3|8
25|94.25|1832|392|4.8|4.8|3|8
25.1|94.09|1861|392|4.8|4.8|3|8
25.2|94|1871|392|4.8|4.8|3|8
25.3|93.96|1879|392|4.8|4.8|3|8
25.4|93.9|1884|392|4.8|4.8|3|8
25.5|93.92|1887|392|4.8|4.8|3|8
25.6|93.93|1889|392|4.8|4.8|3|8
25.7|93.93|1889|392|4.8|4.8|3|8
25.8|93.93|1892|392|4.8|4.8|3|8
25.9|93.93|1892|392|4.8|4.8|3|8
26|93.93|1894|392|4.8|4.8|3|8
26.1|93.93|1894|392|4.8|4.8|3|8
26.2|93.92|1894|392|4.8|4.8|3|8
26.3|93.9|1894|392|4.8|4.8|3|8
26.4|93.93|1894|392|4.9|4.9|3|8
26.5|93.93|1894|392|4.9|4.9|3|8
26.6|93.92|1897|392|4.9|4.9|3|8
26.7|93.93|1897|392|4.9|4.9|3|8
26.8|93.93|1897|392|4.9|4.9|3|8
26.9|93.92|1897|392|4.9|4.9|4|8
27|93.98|1897|392|4.9|4.9|4|8
27.1|94.28|1887|392|4.9|4.9|4|8
27.2|94.75|1539|392|4.9|4.9|4|8
27.3|95.15|1090|392|4.9|4.9|5|8
27.4|95.43|1082|392|4.9|4.9|5|8
27.5|95.43|1077|392|4.9|4.9|5|8
27.6|95.43|1075|392|4.9|4.9|5|8
27.7|95.5|1075|392|4.9|4.9|5|8
27.8|95.53|1072|392|4.9|4.9|5|8
27.9|95.54|1075|392|4.9|4.9|5|8
28|95.54|1070|392|4.9|4.9|5|8
28.1|95.51|1072|392|4.9|4.9|5|8
28.2|95.5|1070|392|4.9|4.9|5|8
28.3|95.55|1070|392|4.9|4.9|5|8
28.4|95.55|1070|392|4.9|4.9|5|8
28.5|95.51|1067|392|4.9|4.9|5|8
28.6|95.51|1067|391|4.9|4.9|5|8
28.7|95.55|1067|391|4.9|4.9|5|8
28.8|95.51|1067|392|4.9|4.9|5|8
28.9|95.46|1067|392|4.9|4.9|5|8
29|95.57|1067|392|4.9|4.9|5|8
29.1|95.53|1067|392|4.9|4.9|5|8
29.2|95.5|1067|391|4.9|4.9|5|8
29.3|95.53|1067|391|4.9|4.9|2|8
29.4|95.29|1067|391|4.9|4.9|2|8
29.5|94.9|1067|392|4.9|4.9|2|8
29.6|94.48|1588|392|4.9|4.9|3|8
29.7|94.13|1832|392|4.9|4.9|3|8
29.8|93.96|1866|392|4.9|4.9|3|8
29.9|93.92|1881|392|4.9|4.9|3|8
30|93.78|1892|392|4.9|4.9|3|8
30.1|93.8|1897|392|4.9|4.9|3|8
30.2|93.88|1899|392|4.9|4.9|3|8
30.3|93.77|1902|392|4.9|4.9|3|8
30.4|93.76|1905|392|4.9|4.9|3|8
30.5|93.77|1905|392|4.9|4.9|3|8
30.6|93.84|1907|392|4.9|4.9|3|8
30.7|93.77|1907|392|4.9|4.9|3|8
30.8|93.8|1907|392|4.9|4.9|3|8
30.9|93.81|1910|392|4.9|4.9|3|8
31|93.76|1910|392|4.9|4.9|3|8
31.1|93.77|1912|392|4.9|4.9|3|8
31.2|93.77|1912|392|4.9|4.9|3|8
31.3|93.78|1912|392|4.9|4.9|3|8
31.4|93.76|1912|392|4.9|4.9|3|8
31.5|93.81|1915|392|4.9|4.9|3|8
31.6|93.77|1915|392|5|5|4|8
31.7|93.78|1915|392|5|4.9|4|8
31.8|94|1905|392|5|5|4|8
31.9|94.51|1652|392|5|5|4|8
32|94.92|1093|392|5|5|5|8
32.1|95.12|1080|392|5|5|5|8
32.2|95.29|1080|392|5|5|5|8
32.3|95.31|1075|392|5|5|5|8
32.4|95.27|1075|391|5|5|5|8
32.5|95.27|1072|391|5|5|5|8
32.6|95.33|1070|391|5|5|5|8
32.7|95.33|1072|391|5|5|5|8
32.8|95.33|1070|391|5|5|5|8
32.9|95.33|1070|391|5|5|5|8
33|95.33|1067|391|5|5|5|8
33.1|95.33|1067|391|5|5|5|8
33.2|95.33|1067|391|5|5|5|8
33.3|95.33|1067|391|5|5|5|8
33.4|95.33|1067|391|5|5|5|8
33.5|95.31|1067|391|5|5|5|8
33.6|95.33|1067|391|5|5|5|8
33.7|95.33|1067|391|5|5|5|8
33.8|95.33|1067|391|5|5|5|8
33.9|95.33|1064|391|5|5|5|8
34|95.33|1064|391|5|5|2|8
34.1|95.15|1064|391|5|5|2|8
34.2|94.74|1067|391|5|5|2|8
34.3|94.29|1472|392|5|5|2|8
34.4|93.94|1838|391|5|5|3|8
34.5|93.74|1871|392|5|5|3|8
34.6|93.66|1884|392|5|5|3|8
34.7|93.51|1892|392|5|5|3|8
34.8|93.5|1894|392|5|5|3|8
34.9|93.5|1899|392|5|5|3|8
35|93.51|1902|392|5|5|3|8
35.1|93.53|1902|392|5|5|3|8
35.2|93.53|1905|392|5|5|3|8
35.3|93.53|1905|392|5|5|3|8
35.4|93.53|1907|392|5|5|3|8
35.5|93.51|1907|392|5|5|3|8
35.6|93.51|1907|392|5|5|3|8
35.7|93.51|1907|392|5|5|3|8
35.8|93.5|1910|392|5|5|3|8
35.9|93.5|1910|392|5|5|3|8
36|93.5|1910|392|5|5|3|8
36.1|93.5|1910|392|5|5|3|8
36.2|93.49|1910|392|5|5|3|8
36.3|93.49|1910|392|5|5|3|8
36.4|93.57|1912|392|5|5|4|8
36.5|93.78|1910|392|5|5|4|8
36.6|94.23|1848|392|5|5|4|8
36.7|94.63|1121|392|5|5|2|8
36.8|94.66|1082|392|5|5|2|8
36.9|94.72|1080|392|5|5|2|8
37|94.72|1077|392|5|5|2|8
37.1|94.67|1075|391|5|5|2|8
37.2|94.64|1072|391|5|5|2|8
37.3|94.6|1072|391|5|5|2|8
37.4|94.48|1072|391|5|5|2|8
37.5|94.47|1072|391|5|5|2|8
37.6|94.39|1070|391|5|5|2|8
37.7|94.39|1070|391|5|5|2|8
37.8|94.23|1260|392|5|5|2|8
37.9|94.21|1152|392|5|5|2|8
38|94.15|1191|392|5|5|2|8
38.1|94.05|1139|392|5|5|2|8
38.2|94.01|1124|391|5|5|2|8
38.3|93.93|1629|392|5|5|2|8
38.4|93.9|1737|392|5|5|2|8
38.5|94.08|1747|392|5|5|2|8
38.6|94.25|1727|392|5|5|2|8
38.7|94.41|1394|392|5|5|2|8
38.8|94.56|1085|392|5|5|2|8
38.9|94.7|1075|391|5|5|2|8
39|94.61|1072|391|5|5|2|8
39.1|94.55|1070|391|5|5|2|8
39.2|94.48|1070|390|5|5|2|8
39.3|94.48|1077|391|5|5|2|8
39.4|94.37|1070|391|5|5|2|8
39.5|94.41|1070|391|5|5|2|8
39.6|94.25|1160|391|5|5|2|8
39.7|94.19|1072|391|5|5|2|8
39.8|94.23|1108|391|5|5|2|8
39.9|94.08|1155|391|5|5|2|8
40|94.02|1296|391|5|5|2|8
40.1|93.97|1309|391|5|5|2|8
40.2|93.96|1541|392|5|5|2|8
40.3|93.85|1688|392|5|5|2|8
40.4|93.94|1719|392|5|5|2|8
40.5|94.19|1701|392|5.1|5|2|8
40.6|94.31|1157|392|5.1|5.1|2|8
40.7|94.44|1075|391|5.1|5.1|2|8
40.8|94.48|1072|391|5.1|5.1|2|8
40.9|94.39|1072|391|5.1|5.1|2|8
41|94.36|1070|390|5.1|5.1|2|8
41.1|94.33|1070|390|5.1|5.1|2|8
41.2|94.21|1070|390|5.1|5.1|2|8
41.3|94.25|1070|390|5.1|5.1|2|8
41.4|94.12|1095|390|5.1|5.1|2|8
41.5|94.04|1082|390|5.1|5.1|2|8
41.6|94.02|1077|390|5.1|5.1|2|8
41.7|93.94|1126|391|5.1|5.1|2|8
41.8|93.93|1211|390|5.1|5.1|2|8
41.9|93.81|1222|392|5.1|5.1|2|8
42|93.78|1255|392|5.1|5.1|2|8
42.1|93.68|1124|392|5.1|5.1|2|8
42.2|93.66|1191|391|5.1|5.1|2|8
42.3|93.53|1211|391|5.1|5.1|2|8
42.4|93.53|1227|392|5.1|5.1|2|8
42.5|93.42|1155|391|5.1|5.1|2|8
42.6|93.34|1209|390|5.1|5.1|2|8
42.7|93.26|1168|392|5.1|5.1|2|8
42.8|93.11|1082|392|5.1|5.1|2|8
42.9|93.15|1111|392|5.1|5.1|2|8
43|93.15|1258|392|5.1|5.1|2|8
43.1|93.02|1312|392|5.1|5.1|2|8
43.2|92.94|1343|392|5.1|5.1|2|8
43.3|92.84|1214|392|5.1|5.1|2|8
43.4|92.75|1260|392|5.1|5.1|2|8
43.5|92.66|1302|392|5.1|5.1|2|8
43.6|92.71|1299|392|5.1|5.1|2|8
43.7|92.56|1340|392|5.1|5.1|2|8
43.8|92.41|1170|391|5.1|5.1|2|8
43.9|92.4|1119|390|5.1|5.1|2|8
44|92.23|1232|390|5.1|5.1|2|8
44.1|92.17|1124|391|5.1|5.1|2|8
44.2|92.08|1082|390|5.1|5.1|2|8
44.3|92.07|1152|391|5.1|5.1|2|8
44.4|91.96|1126|392|5.1|5.1|2|8
44.5|91.89|1201|391|5.1|5.1|2|8
44.6|91.78|1278|392|5.1|5.1|2|8
44.7|91.65|1209|392|5.1|5.1|2|8
44.8|91.57|1147|391|5.1|5.1|2|8
44.9|91.49|1180|391|5.1|5.1|2|8
45|91.46|1165|392|5.1|5.1|2|8
45.1|91.3|1216|392|5.1|5.1|2|8
45.2|91.25|1358|392|5.1|5.1|2|8
45.3|91.06|1271|392|5.1|5.1|2|8
45.4|91.02|1235|392|5.1|5.1|2|8
45.5|90.92|1276|392|5.1|5.1|2|8
45.6|90.82|1263|391|5.1|5.1|2|8
45.7|90.7|1170|391|5.1|5.1|2|8
45.8|90.62|1142|391|5.1|5.1|2|8
45.9|90.55|1113|391|5.1|5.1|2|8
46|90.44|1193|391|5.1|5.1|2|8
46.1|90.36|1168|391|5.1|5.1|2|8
46.2|90.21|1175|391|5.1|5.1|2|8
46.3|90.04|1219|391|5.1|5.1|2|8
46.4|89.93|1335|392|5.1|5.1|2|8
46.5|89.85|1170|391|5.1|5.1|2|8
46.6|89.7|1196|390|5.1|5.1|2|8
46.7|89.68|1209|390|5.1|5.1|2|8
46.8|89.49|1173|391|5.1|5.1|2|8
46.9|89.43|1232|391|5.1|5.1|2|8
47|89.25|1222|390|5.1|5.1|2|8
47.1|89.15|1198|391|5.1|5.1|2|8
47.2|89.05|1268|391|5.1|5.1|2|8
47.3|88.86|1160|391|5.1|5.1|2|8
47.4|88.79|1162|391|5.1|5.1|2|8
47.5|88.67|1178|390|5.1|5.1|2|8
47.6|88.52|1191|391|5.1|5.1|2|8
47.7|88.4|1358|391|5.1|5.1|2|8
47.8|88.24|1211|390|5.1|5.1|2|8
47.9|88.12|1268|390|5.1|5.1|2|8
48|88.05|1268|392|5.1|5.1|2|8
48.1|87.88|1211|392|5.1|5.1|2|8
48.2|87.66|1160|391|5.1|5.1|2|8
48.3|87.56|1281|391|5.1|5.1|2|8
48.4|87.41|1206|392|5.1|5.1|2|8
48.5|87.29|1240|391|5.1|5.1|2|8
48.6|87.15|1198|390|5.1|5.1|2|8
48.7|87.03|1224|390|5.1|5.1|2|8
48.8|86.87|1204|390|5.1|5.1|2|8
48.9|86.71|1302|392|5.1|5.1|2|8
49|86.59|1168|390|5.1|5.1|2|8
49.1|86.43|1168|390|5.1|5.1|2|8
49.2|86.24|1170|391|5.1|5.1|2|8
49.3|86.09|1255|391|5.1|5.1|2|8
49.4|85.91|1237|391|5.1|5.1|2|8
49.5|85.77|1240|390|5.1|5.1|2|8
49.6|85.54|1345|391|5.1|5.1|2|8
49.7|85.46|1240|390|5.1|5.1|2|8
49.8|85.26|1240|390|5.1|5.1|2|8
49.9|85.09|1219|390|5.1|5.1|2|8
50|84.93|1296|390|5.1|5.1|2|8
50.1|84.79|1273|390|5.1|5.1|2|8
50.2|84.56|1232|391|5.1|5.1|2|8
50.3|84.38|1268|390|5.1|5.1|2|8
50.4|84.25|1281|391|5.1|5.1|2|8
50.5|84.08|1268|391|5.1|5.1|2|8
50.6|83.88|1206|391|5.1|5.1|2|8
50.7|83.68|1193|391|5.1|5.1|2|8
50.8|83.48|1201|391|5.1|5.1|2|8
50.9|83.28|1284|390|5.1|5.1|2|8
51|83.09|1356|390|5.1|5.1|2|8
51.1|82.82|1425|391|5.1|5.1|6|8
51.2|80.99|1936|390|5.1|5.1|6|8
51.3|78.4|1477|390|5.1|5.1|6|8
51.4|75.99|0|390|5.1|5.1|7|8
51.5|74.02|0|389|5.1|5.1|7|8
51.6|73.06|0|389|5.1|5.1|7|8
51.7|72.57|0|388|5.1|5.1|7|8
51.8|72.34|0|388|5.1|5.1|7|8
51.9|72.19|0|388|5.1|5.1|7|8
52|72.02|0|388|5.1|5.1|7|8
52.1|71.99|0|388|5.1|5.1|7|8
52.2|72.07|0|388|5.1|5.1|7|8
52.3|72.12|0|388|5.1|5.1|7|8
52.4|72.02|0|388|5.1|5.1|7|8
52.5|72.04|0|388|5.1|5.1|7|8
52.6|72.14|0|388|5.1|5.1|7|8
52.7|72.04|0|388|5.1|5.1|7|8
52.8|72.04|0|388|5.1|5.1|7|8
52.9|72|0|388|5.1|5.1|7|8
53|72.06|0|388|5.1|5.1|7|8
53.1|72.1|0|388|5.1|5.1|7|8
53.2|72.03|0|388|5.1|5.1|7|8
53.3|72|0|388|5.1|5.1|7|8
53.4|72.03|0|388|5.1|5.1|7|8
53.5|72.06|0|388|5.1|5.1|7|8
53.6|72.08|0|388|5.1|5.1|7|8
53.7|72.02|0|388|5.1|5.1|7|8
53.8|72|0|388|5.1|5.1|7|8
53.9|72|0|388|5.1|5.1|7|8
54|72.02|0|388|5.1|5.1|7|8
54.1|72|0|388|5.1|5.1|7|8
54.2|72.03|0|388|5.1|5.1|7|8
54.3|72.06|0|388|5.1|5.1|7|8
54.4|72.04|0|388|5.1|5.1|7|8
54.5|72.02|0|388|5.1|5.1|7|8
54.6|72|0|388|5.1|5.1|7|8
54.7|72|0|388|5.1|5.1|7|8
54.8|72.02|0|388|5.1|5.1|7|8
54.9|72.06|0|388|5.1|5.1|7|8
55|72.03|0|388|5.1|5.1|7|8
55.1|72.02|0|388|5.1|5.1|7|8
55.2|72|0|388|5.1|5.1|7|8
55.3|72|0|388|5.1|5.1|7|8
55.4|72.03|0|388|5.1|5.1|7|8
55.5|72.07|0|388|5.1|5.1|7|8
55.6|72.03|0|388|5.1|5.1|7|8
55.7|72.03|0|388|5.1|5.1|7|8
55.8|72.02|0|388|5.1|5.1|7|8
55.9|72.02|0|388|5.1|5.1|7|8
56|72.02|0|388|5.1|5.1|7|8
56.1|72.02|0|388|5.1|5.1|7|8
56.2|72.02|0|388|5.1|5.1|7|8
56.3|72|0|388|5.1|5.1|7|8
56.4|72|0|388|5.1|5.1|7|8
56.5|71.99|0|388|5.1|5.1|7|8
56.6|72.02|0|388|5.1|5.1|7|8
56.7|72.04|0|388|5.1|5.1|7|8
56.8|72.03|0|388|5.1|5.1|7|8
56.9|72.03|0|388|5.1|5.1|7|8
57|72.03|0|388|5.1|5.1|7|8
57.1|72.02|0|388|5.1|5.1|7|8
57.2|72.03|0|388|5.1|5.1|7|8
57.3|72|0|388|5.1|5.1|7|8
57.4|72|0|388|5.1|5.1|7|8
57.5|71.96|0|388|5.1|5.1|7|8
57.6|71.98|0|388|5.1|5.1|7|8
57.7|72|0|389|5.1|5.1|7|8
57.8|72.02|0|389|5.1|5.1|7|8
57.9|72.02|0|389|5.1|5.1|7|8
58|72.04|0|389|5.1|5.1|7|8
58.1|72.04|0|389|5.1|5.1|7|8
58.2|72.04|0|389|5.1|5.1|7|8
58.3|72.02|0|389|5.1|5.1|7|8
58.4|72.02|0|388|5.1|5.1|7|8
58.5|71.99|0|388|5.1|5.1|7|8
58.6|71.98|0|389|5.1|5.1|7|8
58.7|71.99|0|389|5.1|5.1|7|8
58.8|72|0|389|5.1|5.1|7|8
58.9|72.02|0|389|5.1|5.1|7|8
59|72.02|0|389|5.1|5.1|7|8
59.1|72.03|0|389|5.1|5.1|7|8
59.2|72.04|0|389|5.1|5.1|7|8
59.3|72.03|0|389|5.1|5.1|7|8
59.4|72|0|389|5.1|5.1|7|8
59.5|72|0|389|5.1|5.1|7|8
59.6|72|0|389|5.1|5.1|7|8
59.7|72|0|389|5.2|5.2|7|8
59.8|72|0|389|5.1|5.1|7|8
59.9|71.95|0|388|5.1|5.1|7|8
60|71.98|0|388|5.2|5.1|7|8
60.1|71.99|0|389|5.1|5.1|7|8
60.2|72|0|389|5.2|5.2|7|8
60.3|71.99|0|389|5.2|5.1|7|8
60.4|72.02|0|388|5.2|5.2|7|8
60.5|72|0|388|5.2|5.2|7|8
60.6|72.04|0|388|5.2|5.2|7|8
60.7|72.04|0|388|5.2|5.2|7|8
60.8|72.02|0|388|5.2|5.2|7|8
60.9|72|0|388|5.2|5.2|7|8
61|71.99|0|389|5.2|5.2|7|8
61.1|71.98|0|389|5.2|5.2|7|8
61.2|72|0|389|5.2|5.2|7|8
61.3|71.98|0|388|5.2|5.2|7|8
61.4|71.99|0|389|5.2|5.2|7|8
61.5|71.99|0|390|5.2|5.2|7|8
61.6|71.99|0|391|5.2|5.2|7|8
61.7|71.99|0|392|5.2|5.2|7|8
61.8|72.02|0|392|5.2|5.2|7|8
61.9|72.03|0|392|5.2|5.2|7|8
62|72.02|0|392|5.2|5.2|7|8
62.1|72.02|0|392|5.2|5.2|7|8
62.2|72|0|392|5.2|5.2|7|8
62.3|71.99|0|392|5.2|5.2|7|8
62.4|72|0|392|5.2|5.2|7|8
62.5|72|0|394|5.2|5.2|7|8
62.6|72|0|396|5.2|5.2|7|8
62.7|71.99|0|396|5.2|5.2|7|8
62.8|72|0|396|5.2|5.2|7|8
62.9|72|0|396|5.2|5.2|7|8
63|72|0|396|5.2|5.2|7|8
63.1|72|0|396|5.2|5.2|7|8
63.2|72|0|396|5.2|5.2|7|8
63.3|72|0|396|5.2|5.2|7|8
63.4|71.99|0|396|5.2|5.2|7|8
63.5|71.99|0|396|5.2|5.2|7|8
63.6|72|0|396|5.2|5.2|7|8
63.7|72|0|396|5.2|5.2|7|8
63.8|72|0|396|5.2|5.2|7|8
63.9|72|0|396|5.2|5.2|7|8
64|72.04|0|396|5.2|5.2|7|8
64.1|72.03|0|396|5.2|5.2|7|8
64.2|72.03|0|396|5.2|5.2|7|8
64.3|72.06|0|396|5.2|5.2|7|8
64.4|72.03|0|396|5.2|5.2|8|8
64.5|71.84|0|396|5.1|5.1|8|8
64.6|71.87|0|396|5.1|5.1|8|8
64.7|71.92|0|396|5.1|5.1|8|8
64.8|71.94|0|396|5.1|5.1|8|8
64.9|71.92|0|396|5.1|5.1|8|8
65|71.94|0|396|5|5.1|8|8
65.1|71.95|0|396|5|5|8|8
65.2|72.02|0|396|5|5|8|8
65.3|71.95|0|396|5|5|8|8
65.4|71.89|0|396|5|5|8|8
65.5|71.94|0|396|4.9|4.9|8|8
65.6|71.94|0|396|4.9|4.9|8|8
65.7|71.94|0|396|4.8|4.8|8|8
65.8|71.94|0|396|4.7|4.7|8|8
65.9|71.94|0|396|4.7|4.7|8|8
66|71.95|0|396|4.8|4.8|8|8
66.1|71.95|0|396|4.7|4.7|8|8
66.2|71.95|0|396|4.7|4.7|8|8
66.3|71.92|0|396|4.8|4.8|8|8
66.4|72.94|0|396|4.7|4.7|8|8
66.5|75.71|0|396|4.7|4.7|8|8
66.6|78.47|0|396|4.7|4.7|8|8
66.7|81.19|0|396|4.7|4.7|8|8
66.8|83.92|0|396|4.7|4.7|8|8
66.9|86.64|0|396|4.6|4.6|8|8
67|89.27|0|396|4.6|4.6|8|8
67.1|91.96|0|396|4.6|4.6|8|8
67.2|94.17|0|396|4.7|4.7|8|8
67.3|95.19|0|396|4.7|4.7|8|8
67.4|95.68|0|396|4.7|4.7|8|8
