0|96.05|907|424|5.2|5.2|1|8
0.1|96.05|1031|428|5.2|5.2|1|8
0.2|96.04|1034|430|5.2|5.2|1|8
0.3|96.02|1036|430|5.2|5.2|1|8
0.4|96.04|1036|430|5.2|5.2|1|8
0.5|96.02|1036|430|5.2|5.2|2|8
0.6|95.73|1036|430|5.2|5.2|2|8
0.7|95.34|1379|431|5.2|5.2|2|8
0.8|94.99|1637|432|5.2|5.2|3|8
0.9|94.75|1662|433|5.2|5.2|3|8
1|94.64|1673|434|5.2|5.2|3|8
1.1|94.61|1680|434|5.2|5.2|3|8
1.2|94.57|1691|434|5.2|5.2|3|8
1.3|94.51|1696|434|5.2|5.2|3|8
1.4|94.53|1701|434|5.2|5.2|3|8
1.5|94.55|1704|434|5.2|5.2|3|8
1.6|94.59|1709|434|5.2|5.2|3|8
1.7|94.53|1711|434|5.2|5.2|3|8
1.8|94.51|1714|434|5.2|5.2|3|8
1.9|94.51|1714|434|5.2|5.2|3|8
2|94.52|1714|434|5.2|5.2|3|8
2.1|94.57|1714|434|5.2|5.2|3|8
2.2|94.52|1719|434|5.2|5.2|3|8
2.3|94.49|1719|434|5.2|5.2|3|8
2.4|94.52|1719|434|5.2|5.2|3|8
2.5|94.52|1719|434|5.2|5.2|3|8
2.6|94.52|1719|434|5.2|5.2|3|8
2.7|94.56|1724|434|5.2|5.2|3|8
2.8|94.49|1727|435|5.2|5.2|4|8
2.9|94.74|1722|435|5.2|5.2|4|8
3|95.21|1637|435|5.2|5.2|4|8
3.1|95.66|1085|434|5.2|5.2|5|8
3.2|95.85|1054|432|5.2|5.2|5|8
3.3|96.02|1054|432|5.2|5.2|5|8
3.4|96.02|1052|432|5.2|5.2|5|8
3.5|96.04|1052|432|5.2|5.2|5|8
3.6|96.02|1052|432|5.2|5.2|5|8
3.7|96.01|1052|432|5.2|5.2|5|8
3.8|96.01|1052|432|5.2|5.2|5|8
3.9|96.01|1049|432|5.3|5.3|5|8
4|96.02|1049|432|5.3|5.3|5|8
4.1|96.05|1049|432|5.3|5.3|5|8
4.2|96.09|1046|432|5.3|5.3|5|8
4.3|96.01|1046|432|5.3|5.3|5|8
4.4|96|1046|432|5.3|5.3|5|8
4.5|96.02|1046|432|5.3|5.3|5|8
4.6|96.01|1046|432|5.3|5.3|5|8
4.7|96|1046|432|5.3|5.3|5|8
4.8|96.04|1046|432|5.3|5.3|5|8
4.9|96.1|1046|432|5.3|5.3|5|8
5|96.08|1049|432|5.3|5.3|5|8
5.1|96|1049|432|5.3|5.3|2|8
5.2|95.77|1049|432|5.3|5.3|2|8
5.3|95.41|1049|432|5.3|5.3|2|8
5.4|95|1142|433|5.3|5.3|2|8
5.5|94.59|1670|434|5.3|5.3|3|8
5.6|94.28|1719|434|5.3|5.3|3|8
5.7|94.08|1732|435|5.3|5.3|3|8
5.8|94|1737|436|5.3|5.3|3|8
5.9|94|1740|436|5.3|5.3|3|8
6|94|1742|436|5.3|5.3|3|8
6.1|94|1747|436|5.3|5.3|3|8
6.2|94|1750|436|5.3|5.3|3|8
6.3|93.94|1753|436|5.3|5.3|3|8
6.4|93.96|1753|436|5.3|5.3|3|8
6.5|94|1753|436|5.3|5.3|3|8
6.6|94|1755|436|5.3|5.3|3|8
6.7|93.98|1758|436|5.3|5.3|3|8
6.8|93.98|1760|436|5.3|5.3|3|8
6.9|93.96|1760|436|5.3|5.3|3|8
7|93.94|1763|436|5.3|5.3|3|8
7.1|93.96|1763|436|5.3|5.3|3|8
7.2|93.98|1763|436|5.3|5.3|3|8
7.3|94.01|1765|436|5.3|5.3|3|8
7.4|94|1765|436|5.3|5.3|3|8
7.5|93.96|1768|436|5.3|5.3|4|8
7.6|94.15|1765|436|5.3|5.3|4|8
7.7|94.44|1755|436|5.3|5.3|4|8
7.8|94.94|1711|436|5.3|5.3|4|8
7.9|95.43|1626|436|5.3|5.3|4|8
8|95.98|1168|434|5.3|5.3|5|8
8.1|96.23|1062|433|5.4|5.3|5|8
8.2|96.36|1059|432|5.4|5.3|5|8
8.3|96.44|1057|432|5.4|5.4|5|8
8.4|96.45|1057|432|5.4|5.4|5|8
8.5|96.45|1054|432|5.4|5.4|5|8
8.6|96.48|1054|432|5.4|5.4|5|8
8.7|96.48|1054|432|5.4|5.4|5|8
8.8|96.41|1054|432|5.4|5.4|5|8
8.9|96.48|1054|432|5.4|5.4|5|8
9|96.49|1054|432|5.4|5.4|5|8
9.1|96.45|1054|432|5.4|5.4|5|8
9.2|96.47|1054|432|5.4|5.4|5|8
9.3|96.47|1054|432|5.4|5.4|5|8
9.4|96.48|1054|432|5.4|5.4|5|8
9.5|96.48|1054|432|5.4|5.4|5|8
9.6|96.45|1054|432|5.4|5.4|5|8
9.7|96.44|1054|432|5.4|5.4|5|8
9.8|96.43|1054|432|5.4|5.4|5|8
9.9|96.43|1054|432|5.4|5.4|5|8
10|96.43|1054|432|5.4|5.4|2|8
10.1|96.45|1054|432|5.4|5.4|2|8
10.2|96.1|1054|432|5.4|5.4|2|8
10.3|95.59|1059|432|5.4|5.4|2|8
10.4|95.18|1111|432|5.4|5.4|2|8
10.5|94.7|1173|433|5.4|5.4|2|8
10.6|94.21|1572|433|5.4|5.4|3|8
10.7|93.84|1765|418|5.4|5.4|3|8
10.8|93.55|1781|411|5.4|5.4|3|8
10.9|93.57|1791|408|5.4|5.4|3|8
11|93.53|1791|408|5.4|5.4|3|8
11.1|93.5|1796|407|5.4|5.4|3|8
11.2|93.47|1799|407|5.4|5.4|3|8
11.3|93.43|1802|407|5.4|5.4|3|8
11.4|93.47|1804|407|5.4|5.4|3|8
11.5|93.46|1804|407|5.4|5.4|3|8
11.6|93.46|1804|407|5.4|5.4|3|8
11.7|93.46|1807|407|5.4|5.4|3|8
11.8|93.46|1809|407|5.4|5.4|3|8
11.9|93.49|1809|407|5.4|5.4|3|8
12|93.5|1809|407|5.4|5.4|3|8
12.1|93.43|1812|407|5.4|5.4|3|8
12.2|93.45|1812|407|5.4|5.4|3|8
12.3|93.47|1812|407|5.4|5.4|3|8
12.4|93.47|1812|407|5.4|5.4|3|8
12.5|93.46|1814|407|5.4|5.4|3|8
12.6|93.47|1814|407|5.4|5.4|4|8
12.7|93.47|1814|407|5.4|5.4|4|8
12.8|93.81|1794|407|5.4|5.4|4|8
12.9|94.32|1276|407|5.4|5.4|5|8
13|94.68|1077|404|5.4|5.4|5|8
13.1|94.79|1075|404|5.4|5.4|5|8
13.2|94.95|1072|404|5.4|5.4|5|8
13.3|95|1072|403|5.4|5.4|5|8
13.4|94.92|1070|403|5.4|5.4|5|8
13.5|94.87|1072|403|5.4|5.4|5|8
13.6|94.94|1070|403|5.4|5.4|5|8
13.7|95|1070|403|5.4|5.4|5|8
13.8|94.88|1067|403|5.4|5.4|5|8
13.9|94.94|1067|403|5.4|5.4|5|8
14|94.98|1067|404|5.4|5.4|5|8
14.1|94.92|1067|404|5.4|5.4|5|8
14.2|94.86|1067|404|5.4|5.4|5|8
14.3|94.96|1067|403|5.4|5.4|5|8
14.4|94.92|1067|404|5.4|5.4|5|8
14.5|94.94|1067|404|5.4|5.4|5|8
14.6|94.86|1070|404|5.4|5.4|5|8
14.7|94.95|1067|404|5.4|5.4|5|8
14.8|94.91|1067|404|5.4|5.4|5|8
14.9|94.91|1067|404|5.4|5.4|2|8
15|94.83|1070|403|5.4|5.4|2|8
15.1|94.59|1067|404|5.4|5.4|2|8
15.2|94.16|1085|404|5.4|5.4|2|8
15.3|93.72|1716|405|5.4|5.4|3|8
15.4|93.42|1791|406|5.4|5.4|3|8
15.5|93.19|1799|407|5.4|5.4|3|8
15.6|93.15|1804|407|5.4|5.4|3|8
15.7|93.14|1809|407|5.4|5.4|3|8
15.8|93.21|1812|407|5.4|5.4|3|8
15.9|93.15|1814|407|5.4|5.4|3|8
16|93.18|1817|407|5.4|5.4|3|8
16.1|93.18|1820|407|5.4|5.4|3|8
16.2|93.15|1820|407|5.4|5.4|3|8
16.3|93.18|1820|407|5.4|5.4|3|8
16.4|93.18|1822|407|5.4|5.4|3|8
16.5|93.17|1822|407|5.4|5.4|3|8
16.6|93.17|1822|407|5.4|5.4|3|8
16.7|93.18|1822|407|5.4|5.4|3|8
16.8|93.18|1825|407|5.4|5.4|3|8
16.9|93.19|1825|407|5.4|5.4|3|8
17|93.14|1825|407|5.4|5.4|3|8
17.1|93.15|1827|407|5.4|5.4|3|8
17.2|93.15|1827|407|5.4|5.4|3|8
17.3|93.17|1827|407|5.4|5.4|4|8
17.4|93.33|1827|407|5.4|5.4|4|8
17.5|93.74|1796|407|5.4|5.4|4|8
17.6|94.23|1245|407|5.4|5.4|5|8
17.7|94.52|1080|404|5.4|5.4|5|8
17.8|94.68|1077|404|5.4|5.4|5|8
17.9|94.66|1075|404|5.4|5.4|5|8
18|94.68|1075|404|5.4|5.4|5|8
18.1|94.76|1072|404|5.4|5.4|5|8
18.2|94.75|1072|404|5.4|5.4|5|8
18.3|94.68|1070|404|5.4|5.4|5|8
18.4|94.74|1070|403|5.4|5.4|5|8
18.5|94.79|1070|403|5.4|5.4|5|8
18.6|94.74|1070|404|5.4|5.4|5|8
18.7|94.67|1070|404|5.4|5.4|5|8
18.8|94.72|1067|404|5.4|5.4|5|8
18.9|94.75|1067|403|5.4|5.4|5|8
19|94.72|1067|403|5.4|5.4|5|8
19.1|94.74|1067|403|5.4|5.4|5|8
19.2|94.68|1067|403|5.4|5.4|5|8
19.3|94.74|1067|403|5.4|5.4|5|8
19.4|94.74|1070|403|5.4|5.4|5|8
19.5|94.75|1070|403|5.4|5.4|5|8
19.6|94.72|1070|403|5.4|5.4|2|8
19.7|94.68|1070|403|5.4|5.4|2|8
19.8|94.35|1070|403|5.4|5.4|2|8
19.9|93.88|1098|403|5.4|5.4|2|8
20|93.46|1714|404|5.4|5.4|3|8
20.1|93.17|1802|405|5.4|5.4|3|8
20.2|93.02|1812|406|5.4|5.4|3|8
20.3|92.9|1817|406|5.4|5.4|3|8
20.4|92.86|1822|406|5.4|5.4|3|8
20.5|92.9|1827|406|5.4|5.4|3|8
20.6|92.88|1830|406|5.4|5.4|3|8
20.7|92.83|1840|402|5.4|5.4|3|8
20.8|92.88|1843|400|5.4|5.4|3|8
20.9|92.86|1843|399|5.4|5.4|3|8
21|92.87|1845|398|5.4|5.4|3|8
21.1|92.9|1845|398|5.4|5.4|3|8
21.2|92.84|1848|398|5.4|5.4|3|8
21.3|92.9|1848|398|5.4|5.4|3|8
21.4|92.84|1848|398|5.4|5.4|3|8
21.5|92.88|1851|398|5.4|5.4|3|8
21.6|92.86|1851|398|5.4|5.4|3|8
21.7|92.87|1851|398|5.4|5.4|3|8
21.8|92.87|1851|398|5.4|5.4|3|8
21.9|92.86|1853|398|5.4|5.4|3|8
22|92.87|1853|398|5.4|5.4|4|8
22.1|92.92|1853|398|5.4|5.4|4|8
22.2|93.35|1832|398|5.4|5.4|4|8
22.3|93.81|1191|398|5.4|5.4|5|8
22.4|94.19|1085|398|5.4|5.4|5|8
22.5|94.25|1082|396|5.4|5.4|5|8
22.6|94.32|1080|396|5.4|5.4|5|8
22.7|94.32|1080|396|5.4|5.4|5|8
22.8|94.37|1077|396|5.4|5.4|5|8
22.9|94.32|1077|396|5.4|5.4|5|8
23|94.28|1075|396|5.4|5.4|5|8
23.1|94.32|1075|396|5.4|5.4|5|8
23.2|94.35|1075|396|5.4|5.4|5|8
23.3|94.33|1075|396|5.4|5.4|5|8
23.4|94.31|1077|396|5.4|5.4|5|8
23.5|94.29|1075|396|5.4|5.4|5|8
23.6|94.32|1075|396|5.4|5.4|5|8
23.7|94.33|1072|396|5.4|5.4|5|8
23.8|94.36|1072|396|5.4|5.4|5|8
23.9|94.35|1072|396|5.4|5.4|5|8
24|94.29|1072|396|5.4|5.4|5|8
24.1|94.32|1072|396|5.4|5.4|5|8
24.2|94.35|1072|396|5.4|5.4|5|8
24.3|94.35|1072|396|5.4|5.4|2|8
24.4|94.25|1072|396|5.4|5.4|2|8
24.5|93.85|1072|396|5.4|5.4|2|8
24.6|93.43|1265|397|5.4|5.4|2|8
24.7|93.03|1786|398|5.4|5.4|3|8
24.8|92.83|1825|398|5.4|5.4|3|8
24.9|92.7|1832|398|5.4|5.4|3|8
25|92.66|1840|398|5.4|5.4|3|8
25.1|92.66|1845|398|5.4|5.4|3|8
25.2|92.68|1851|398|5.4|5.4|3|8
25.3|92.59|1853|398|5.4|5.4|3|8
25.4|92.59|1856|398|5.4|5.4|3|8
25.5|92.62|1858|398|5.4|5.4|3|8
25.6|92.64|1858|398|5.4|5.4|3|8
25.7|92.64|1861|398|5.4|5.4|3|8
25.8|92.64|1861|398|5.4|5.4|3|8
25.9|92.64|1863|398|5.4|5.4|3|8
26|92.59|1863|398|5.4|5.4|3|8
26.1|92.59|1863|398|5.4|5.4|3|8
26.2|92.62|1863|398|5.4|5.4|3|8
26.3|92.63|1863|398|5.4|5.4|3|8
26.4|92.64|1866|398|5.4|5.4|3|8
26.5|92.66|1866|398|5.4|5.4|3|8
26.6|92.62|1866|398|5.4|5.4|3|8
26.7|92.58|1866|398|5.4|5.4|4|8
26.8|92.83|1863|398|5.4|5.4|4|8
26.9|93.29|1817|398|5.4|5.4|4|8
27|93.78|1191|399|5.4|5.4|5|8
27.1|94.12|1088|398|5.4|5.4|5|8
27.2|94.17|1085|396|5.4|5.4|5|8
27.3|94.23|1082|396|5.4|5.4|5|8
27.4|94.28|1082|396|5.4|5.4|5|8
27.5|94.31|1080|396|5.4|5.4|5|8
27.6|94.24|1077|396|5.4|5.4|5|8
27.7|94.25|1077|396|5.4|5.4|5|8
27.8|94.27|1077|396|5.4|5.4|5|8
27.9|94.32|1077|396|5.4|5.4|5|8
28|94.24|1075|396|5.4|5.4|5|8
28.1|94.23|1077|396|5.4|5.4|5|8
28.2|94.25|1077|396|5.4|5.4|5|8
28.3|94.27|1077|396|5.4|5.4|5|8
28.4|94.28|1077|396|5.4|5.4|5|8
28.5|94.31|1077|396|5.4|5.4|5|8
28.6|94.25|1077|396|5.4|5.4|5|8
28.7|94.23|1075|396|5.4|5.4|5|8
28.8|94.25|1075|396|5.4|5.4|5|8
28.9|94.25|1077|396|5.4|5.4|5|8
29|94.28|1075|396|5.4|5.4|2|8
29.1|94.24|1075|396|5.4|5.4|2|8
29.2|93.85|1075|396|5.4|5.4|2|8
29.3|93.41|1129|396|5.4|5.4|2|8
29.4|92.94|1737|398|5.4|5.4|3|8
29.5|92.62|1825|398|5.4|5.4|3|8
29.6|92.62|1843|398|5.4|5.4|3|8
29.7|92.48|1851|398|5.4|5.4|3|8
29.8|92.36|1856|398|5.4|5.4|3|8
29.9|92.44|1863|398|5.4|5.4|3|8
30|92.45|1869|398|5.4|5.4|3|8
30.1|92.39|1871|398|5.4|5.4|3|8
30.2|92.45|1874|398|5.4|5.4|3|8
30.3|92.44|1874|398|5.4|5.4|3|8
30.4|92.37|1876|398|5.4|5.4|3|8
30.5|92.45|1876|398|5.4|5.4|3|8
30.6|92.43|1876|398|5.4|5.4|3|8
30.7|92.4|1881|396|5.4|5.4|3|8
30.8|92.43|1881|396|5.4|5.4|3|8
30.9|92.44|1881|396|5.4|5.4|3|8
31|92.41|1884|395|5.4|5.4|3|8
31.1|92.39|1884|395|5.4|5.4|3|8
31.2|92.44|1884|395|5.4|5.4|3|8
31.3|92.43|1884|395|5.4|5.4|3|8
31.4|92.4|1884|395|5.4|5.4|4|8
31.5|92.53|1884|395|5.4|5.4|4|8
31.6|92.87|1851|395|5.4|5.4|4|8
31.7|93.45|1379|396|5.4|5.4|4|8
31.8|93.78|1090|395|5.4|5.4|5|8
31.9|93.96|1088|394|5.4|5.4|5|8
32|94.04|1085|394|5.4|5.4|5|8
32.1|94.05|1085|394|5.4|5.4|5|8
32.2|94.09|1082|394|5.4|5.4|5|8
32.3|94.08|1082|394|5.4|5.4|5|8
32.4|94.02|1080|394|5.4|5.4|5|8
32.5|94.08|1080|394|5.4|5.4|5|8
32.6|94.13|1077|394|5.4|5.4|5|8
32.7|94.06|1080|394|5.4|5.4|5|8
32.8|94.04|1075|394|5.4|5.4|5|8
32.9|94.06|1077|394|5.4|5.4|5|8
33|94.06|1077|394|5.4|5.4|5|8
33.1|94.05|1077|394|5.4|5.4|5|8
33.2|94.06|1077|394|5.4|5.4|5|8
33.3|94.13|1077|394|5.4|5.4|5|8
33.4|94.04|1077|394|5.4|5.4|5|8
33.5|94.05|1077|394|5.4|5.4|5|8
33.6|94.09|1077|394|5.4|5.4|5|8
33.7|94.09|1077|394|5.4|5.4|5|8
33.8|94.05|1077|394|5.4|5.4|2|8
33.9|93.78|1077|394|5.4|5.4|2|8
34|93.3|1090|394|5.4|5.4|2|8
34.1|92.86|1399|395|5.4|5.4|2|8
34.2|92.52|1817|395|5.4|5.4|3|8
34.3|92.37|1851|395|5.4|5.4|3|8
34.4|92.16|1863|394|5.4|5.4|3|8
34.5|92.15|1866|394|5.4|5.4|3|8
34.6|92.13|1874|394|5.4|5.4|3|8
34.7|92.13|1879|395|5.4|5.4|3|8
34.8|92.08|1881|395|5.4|5.4|3|8
34.9|92.09|1881|395|5.4|5.4|3|8
35|92.15|1884|394|5.4|5.4|3|8
35.1|92.13|1884|395|5.4|5.4|3|8
35.2|92.13|1884|395|5.4|5.4|3|8
35.3|92.12|1884|395|5.4|5.4|3|8
35.4|92.13|1887|394|5.4|5.4|3|8
35.5|92.13|1887|395|5.4|5.4|3|8
35.6|92.12|1887|395|5.4|5.4|3|8
35.7|92.12|1887|395|5.4|5.4|3|8
35.8|92.12|1887|395|5.4|5.4|3|8
35.9|92.13|1887|395|5.4|5.4|3|8
36|92.12|1887|395|5.4|5.4|3|8
36.1|92.13|1887|395|5.4|5.4|3|8
36.2|92.15|1889|395|5.4|5.4|4|8
36.3|92.45|1884|395|5.4|5.4|4|8
36.4|92.87|1585|396|5.4|5.4|4|8
36.5|93.13|1124|395|5.4|5.4|2|8
36.6|93.29|1090|394|5.4|5.4|2|8
36.7|93.23|1088|394|5.4|5.4|2|8
36.8|93.14|1085|394|5.4|5.4|2|8
36.9|93.21|1085|394|5.4|5.4|2|8
37|93.18|1082|394|5.4|5.4|2|8
37.1|92.98|1082|394|5.4|5.4|2|8
37.2|93|1082|394|5.4|5.4|2|8
37.3|92.91|1080|394|5.4|5.4|2|8
37.4|92.92|1142|394|5.4|5.4|2|8
37.5|92.82|1152|394|5.4|5.4|2|8
37.6|92.74|1101|394|5.4|5.4|2|8
37.7|92.63|1088|394|5.4|5.4|2|8
37.8|92.62|1129|394|5.4|5.4|2|8
37.9|92.59|1175|394|5.4|5.4|2|8
38|92.6|1680|394|5.4|5.4|2|8
38.1|92.45|1771|395|5.4|5.4|2|8
38.2|92.55|1763|395|5.4|5.4|2|8
38.3|92.76|1521|396|5.4|5.4|2|8
38.4|92.92|1095|394|5.4|5.4|2|8
38.5|92.98|1085|394|5.4|5.4|2|8
38.6|92.99|1082|394|5.4|5.4|2|8
38.7|92.99|1080|394|5.4|5.4|2|8
38.8|92.84|1077|394|5.4|5.4|2|8
38.9|92.84|1075|394|5.4|5.4|2|8
39|92.74|1085|394|5.4|5.4|2|8
39.1|92.68|1088|394|5.4|5.4|2|8
39.2|92.63|1075|394|5.4|5.4|2|8
39.3|92.63|1178|394|5.4|5.4|2|8
39.4|92.62|1487|394|5.4|5.4|2|8
39.5|92.49|1639|395|5.4|5.4|2|8
39.6|92.53|1479|396|5.4|5.4|2|8
39.7|92.64|1095|395|5.4|5.4|2|8
39.8|92.76|1077|394|5.4|5.4|2|8
39.9|92.72|1077|394|5.4|5.4|2|8
40|92.63|1077|394|5.4|5.4|2|8
40.1|92.66|1075|394|5.4|5.4|2|8
40.2|92.6|1075|394|5.4|5.4|2|8
40.3|92.56|1129|394|5.4|5.4|2|8
40.4|92.39|1691|394|5.4|5.4|2|8
40.5|92.51|1719|394|5.4|5.4|2|8
40.6|92.55|1696|395|5.4|5.4|2|8
40.7|92.82|1358|396|5.4|5.4|2|8
40.8|92.92|1082|394|5.4|5.4|2|8
40.9|92.96|1077|394|5.4|5.4|2|8
41|93|1075|394|5.4|5.4|2|8
41.1|92.95|1072|394|5.4|5.4|2|8
41.2|92.92|1072|394|5.4|5.4|2|8
41.3|92.8|1075|394|5.4|5.4|2|8
41.4|92.74|1080|394|5.4|5.4|2|8
41.5|92.64|1075|394|5.4|5.4|2|8
41.6|92.64|1082|394|5.4|5.4|2|8
41.7|92.56|1214|393|5.4|5.4|2|8
41.8|92.53|1265|394|5.4|5.4|2|8
41.9|92.35|1500|394|5.4|5.4|2|8
42|92.49|1080|394|5.4|5.4|2|8
42.1|92.41|1072|394|5.4|5.4|2|8
42.2|92.36|1072|394|5.4|5.4|2|8
42.3|92.36|1229|394|5.4|5.4|2|8
42.4|92.32|1271|394|5.4|5.4|2|8
42.5|92.21|1263|394|5.4|5.4|2|8
42.6|92.16|1147|394|5.4|5.4|2|8
42.7|92.12|1147|394|5.4|5.4|2|8
42.8|92.04|1152|394|5.4|5.4|2|8
42.9|91.98|1152|394|5.4|5.4|2|8
43|91.94|1124|394|5.4|5.4|2|8
43.1|91.89|1296|394|5.4|5.4|2|8
43.2|91.84|1196|394|5.4|5.4|2|8
43.3|91.7|1204|394|5.4|5.4|2|8
43.4|91.65|1242|394|5.4|5.4|2|8
43.5|91.56|1149|394|5.4|5.4|2|8
43.6|91.56|1353|394|5.4|5.4|2|8
43.7|91.56|1284|394|5.4|5.4|2|8
43.8|91.38|1374|394|5.4|5.4|2|8
43.9|91.31|1345|394|5.4|5.4|2|8
44|91.27|1175|394|5.4|5.4|2|8
44.1|91.22|1178|394|5.4|5.4|2|8
44.2|91.02|1119|393|5.4|5.4|2|8
44.3|90.99|1093|393|5.4|5.4|2|8
44.4|90.98|1131|393|5.4|5.4|2|8
44.5|90.88|1142|394|5.4|5.4|2|8
44.6|90.78|1170|394|5.4|5.4|2|8
44.7|90.71|1222|394|5.4|5.4|2|8
44.8|90.63|1309|394|5.4|5.4|2|8
44.9|90.51|1214|394|5.4|5.4|2|8
45|90.47|1160|394|5.4|5.4|2|8
45.1|90.36|1240|394|5.4|5.4|2|8
45.2|90.32|1173|393|5.4|5.4|2|8
45.3|90.21|1247|394|5.4|5.4|2|8
45.4|90.09|1137|394|5.4|5.4|2|8
45.5|90.05|1186|394|5.4|5.4|2|8
45.6|89.9|1216|394|5.4|5.4|2|8
45.7|89.85|1170|394|5.4|5.4|2|8
45.8|89.78|1286|394|5.4|5.4|2|8
45.9|89.68|1325|394|5.4|5.4|2|8
46|89.54|1180|394|5.4|5.4|2|8
46.1|89.46|1224|394|5.4|5.4|2|8
46.2|89.38|1250|394|5.4|5.4|2|8
46.3|89.21|1126|394|5.4|5.4|2|8
46.4|89.14|1131|393|5.4|5.4|2|8
46.5|89.1|1137|394|5.4|5.4|2|8
46.6|88.99|1160|393|5.4|5.4|2|8
46.7|88.84|1162|392|5.4|5.4|2|8
46.8|88.75|1219|393|5.4|5.4|2|8
46.9|88.63|1320|394|5.4|5.4|2|8
47|88.52|1278|394|5.4|5.4|2|8
47.1|88.4|1330|394|5.4|5.4|2|8
47.2|88.27|1214|394|5.4|5.4|2|8
47.3|88.23|1121|394|5.4|5.4|2|8
47.4|88.07|1119|392|5.4|5.4|2|8
47.5|87.97|1214|393|5.4|5.4|2|8
47.6|87.85|1183|394|5.4|5.4|2|8
47.7|87.66|1186|394|5.4|5.4|2|8
47.8|87.54|1224|393|5.4|5.4|2|8
47.9|87.42|1281|393|5.4|5.4|2|8
48|87.34|1168|393|5.4|5.4|2|8
48.1|87.21|1276|394|5.4|5.4|2|8
48.2|87.02|1204|394|5.4|5.4|2|8
48.3|86.97|1206|394|5.4|5.4|2|8
48.4|86.83|1247|394|5.4|5.4|2|8
48.5|86.67|1175|394|5.4|5.4|2|8
48.6|86.58|1245|393|5.4|5.4|2|8
48.7|86.4|1206|393|5.4|5.4|2|8
48.8|86.24|1206|394|5.4|5.4|2|8
48.9|86.11|1340|392|5.4|5.4|2|8
49|86|1229|393|5.4|5.4|2|8
49.1|85.88|1222|392|5.4|5.4|2|8
49.2|85.7|1526|393|5.4|5.4|2|8
49.3|85.52|1276|393|5.4|5.4|2|8
49.4|85.45|1155|392|5.4|5.4|2|8
49.5|85.44|1113|393|5.4|5.4|2|8
49.6|85.41|1188|393|5.4|5.4|2|8
49.7|85.21|1095|392|5.4|5.4|2|8
49.8|85.22|1113|392|5.4|5.4|2|8
49.9|85.15|1229|393|5.4|5.4|2|8
50|85.03|1124|393|5.4|5.4|2|8
50.1|84.97|1235|393|5.4|5.4|2|8
50.2|84.9|1204|393|5.4|5.4|2|8
50.3|84.79|1211|394|5.4|5.4|2|8
50.4|84.71|1281|394|5.4|5.4|2|8
50.5|84.58|1250|394|5.4|5.4|2|8
50.6|84.44|1186|394|5.4|5.4|2|8
50.7|84.38|1219|393|5.4|5.4|2|8
50.8|84.27|1173|393|5.4|5.4|2|8
50.9|84.17|1160|394|5.4|5.4|2|8
51|84.08|1263|394|5.4|5.4|2|8
51.1|83.87|1320|392|5.4|5.4|2|8
51.2|83.88|1175|393|5.4|5.4|2|8
51.3|83.64|1263|394|5.4|5.4|2|8
51.4|83.58|1289|394|5.4|5.4|2|8
51.5|83.38|1201|394|5.4|5.4|2|8
51.6|83.19|1188|394|5.4|5.4|2|8
51.7|83.09|1229|394|5.4|5.4|2|8
51.8|82.93|1271|393|5.4|5.4|2|8
51.9|82.72|1211|394|5.4|5.4|2|8
52|82.58|1291|394|5.4|5.4|2|8
52.1|82.36|1340|394|5.4|5.4|2|8
52.2|82.17|1258|394|5.4|5.4|6|8
52.3|81.1|1856|393|5.4|5.4|6|8
52.4|78.48|1956|394|5.4|5.4|6|8
52.5|75.65|131|392|5.4|5.4|7|8
52.6|73.29|0|391|5.4|5.4|7|8
52.7|72.16|0|390|5.4|5.4|7|8
52.8|71.68|0|390|5.4|5.4|7|8
52.9|71.48|0|390|5.4|5.4|7|8
53|71.41|0|390|5.4|5.4|7|8
53.1|71.37|0|390|5.4|5.4|7|8
53.2|71.33|0|390|5.4|5.4|7|8
53.3|71.34|0|390|5.4|5.4|7|8
53.4|71.29|0|390|5.4|5.4|7|8
53.5|71.25|0|390|5.4|5.4|7|8
53.6|71.26|0|389|5.4|5.4|7|8
53.7|71.29|0|389|5.4|5.4|7|8
53.8|71.3|0|390|5.4|5.4|7|8
53.9|71.32|0|389|5.4|5.4|7|8
54|71.34|0|390|5.4|5.4|7|8
54.1|71.34|0|390|5.4|5.4|7|8
54.2|71.33|0|390|5.4|5.4|7|8
54.3|71.34|0|390|5.4|5.4|7|8
54.4|71.3|0|390|5.4|5.4|7|8
54.5|71.3|0|389|5.4|5.4|7|8
54.6|71.29|0|390|5.4|5.4|7|8
54.7|71.29|0|390|5.4|5.4|7|8
54.8|71.24|0|390|5.4|5.4|7|8
54.9|71.28|0|390|5.4|5.4|7|8
55|71.3|0|390|5.4|5.4|7|8
55.1|71.3|0|390|5.4|5.4|7|8
55.2|71.34|0|390|5.4|5.4|7|8
55.3|71.3|0|390|5.4|5.4|7|8
55.4|71.28|0|390|5.4|5.4|7|8
55.5|71.26|0|389|5.4|5.4|7|8
55.6|71.28|0|390|5.4|5.4|7|8
55.7|71.28|0|389|5.4|5.4|7|8
55.8|71.29|0|389|5.4|5.4|7|8
55.9|71.29|0|389|5.4|5.4|7|8
56|71.29|0|390|5.4|5.4|7|8
56.1|71.3|0|389|5.4|5.4|7|8
56.2|71.29|0|389|5.4|5.4|7|8
56.3|71.29|0|389|5.4|5.4|7|8
56.4|71.36|0|389|5.4|5.4|7|8
56.5|71.32|0|389|5.4|5.4|7|8
56.6|71.29|0|390|5.4|5.4|7|8
56.7|71.24|0|390|5.4|5.4|7|8
56.8|71.26|0|390|5.4|5.4|7|8
56.9|71.26|0|390|5.4|5.4|7|8
57|71.29|0|390|5.4|5.4|7|8
57.1|71.29|0|390|5.4|5.4|7|8
57.2|71.33|0|390|5.4|5.4|7|8
57.3|71.33|0|390|5.4|5.4|7|8
57.4|71.32|0|390|5.4|5.4|7|8
57.5|71.24|0|390|5.4|5.4|7|8
57.6|71.25|0|390|5.4|5.4|7|8
57.7|71.29|0|390|5.4|5.4|7|8
57.8|71.3|0|390|5.4|5.4|7|8
57.9|71.29|0|390|5.4|5.4|7|8
58|71.33|0|390|5.4|5.4|7|8
58.1|71.24|0|390|5.4|5.4|7|8
58.2|71.24|0|390|5.4|5.4|7|8
58.3|71.28|0|390|5.4|5.4|7|8
58.4|71.28|0|390|5.4|5.4|7|8
58.5|71.28|0|390|5.4|5.4|7|8
58.6|71.28|0|390|5.4|5.4|7|8
58.7|71.28|0|390|5.4|5.4|7|8
58.8|71.28|0|390|5.4|5.4|7|8
58.9|71.28|0|390|5.4|5.4|7|8
59|71.28|0|390|5.4|5.4|7|8
59.1|71.34|0|390|5.4|5.4|7|8
59.2|71.32|0|390|5.4|5.4|7|8
59.3|71.28|0|390|5.4|5.4|7|8
59.4|71.26|0|390|5.4|5.4|7|8
59.5|71.25|0|390|5.4|5.4|7|8
59.6|71.26|0|390|5.4|5.4|7|8
59.7|71.29|0|390|5.4|5.4|7|8
59.8|71.29|0|390|5.4|5.4|7|8
59.9|71.28|0|390|5.4|5.4|7|8
60|71.28|0|390|5.4|5.4|7|8
60.1|71.29|0|390|5.4|5.4|7|8
60.2|71.28|0|390|5.4|5.4|7|8
60.3|71.26|0|390|5.4|5.4|7|8
60.4|71.24|0|390|5.4|5.4|7|8
60.5|71.24|0|390|5.4|5.4|7|8
60.6|71.28|0|390|5.4|5.4|7|8
60.7|71.32|0|390|5.4|5.4|7|8
60.8|71.28|0|390|5.4|5.4|7|8
60.9|71.28|0|390|5.4|5.4|7|8
61|71.26|0|390|5.4|5.4|7|8
61.1|71.26|0|390|5.4|5.4|7|8
61.2|71.24|0|390|5.4|5.4|7|8
61.3|71.26|0|390|5.4|5.4|7|8
61.4|71.26|0|390|5.4|5.4|7|8
61.5|71.26|0|390|5.4|5.4|7|8
61.6|71.26|0|390|5.4|5.4|7|8
61.7|71.28|0|390|5.4|5.4|7|8
61.8|71.32|0|390|5.4|5.4|7|8
61.9|71.28|0|390|5.4|5.4|7|8
62|71.32|0|390|5.4|5.4|7|8
62.1|71.29|0|390|5.4|5.4|7|8
62.2|71.28|0|390|5.4|5.4|7|8
62.3|71.25|0|390|5.4|5.4|7|8
62.4|71.25|0|390|5.4|5.4|7|8
62.5|71.24|0|390|5.4|5.4|7|8
62.6|71.28|0|390|5.4|5.4|7|8
62.7|71.29|0|399|5.4|5.4|7|8
62.8|71.29|0|405|5.4|5.4|7|8
62.9|71.26|0|408|5.4|5.4|7|8
63|71.25|0|408|5.4|5.4|7|8
63.1|71.21|0|408|5.4|5.4|7|8
63.2|71.26|0|409|5.4|5.4|7|8
63.3|71.32|0|409|5.4|5.4|7|8
63.4|71.28|0|409|5.4|5.4|7|8
63.5|71.28|0|409|5.4|5.4|7|8
63.6|71.28|0|408|5.4|5.4|7|8
63.7|71.26|0|408|5.4|5.4|7|8
63.8|71.24|0|408|5.4|5.4|7|8
63.9|71.22|0|408|5.4|5.4|7|8
64|71.25|0|408|5.4|5.4|7|8
64.1|71.25|0|408|5.4|5.4|7|8
64.2|71.26|0|409|5.4|5.4|7|8
64.3|71.26|0|409|5.4|5.4|7|8
64.4|71.26|0|409|5.4|5.4|7|8
64.5|71.32|0|409|5.4|5.4|7|8
64.6|71.24|0|409|5.4|5.4|7|8
64.7|71.22|0|409|5.4|5.4|7|8
64.8|71.26|0|409|5.4|5.4|7|8
64.9|71.3|0|409|5.4|5.4|7|8
65|71.25|0|409|5.4|5.4|7|8
65.1|71.21|0|409|5.4|5.4|7|8
65.2|71.26|0|409|5.4|5.4|7|8
65.3|71.29|0|409|5.4|5.4|7|8
65.4|71.25|0|409|5.4|5.4|7|8
65.5|71.24|0|409|5.4|5.4|8|8
65.6|71.29|0|409|5.4|5.4|8|8
65.7|71.17|0|409|5.4|5.4|8|8
65.8|71.17|0|409|5.4|5.4|8|8
65.9|71.2|0|409|5.4|5.4|8|8
66|71.22|0|409|5.4|5.4|8|8
66.1|71.32|0|408|5.4|5.4|8|8
66.2|71.2|0|409|5.4|5.4|8|8
66.3|71.18|0|409|5.4|5.4|8|8
66.4|71.2|0|409|5.4|5.4|8|8
66.5|71.25|0|409|5.3|5.3|8|8
66.6|71.24|0|409|5.3|5.3|8|8
66.7|71.16|0|409|5.3|5.3|8|8
66.8|71.18|0|408|5.3|5.3|8|8
66.9|71.22|0|408|5.2|5.2|8|8
67|71.33|0|408|5.3|5.3|8|8
67.1|71.17|0|408|5.2|5.2|8|8
67.2|71.2|0|409|5.2|5.2|8|8
67.3|71.24|0|408|5.2|5.2|8|8
67.4|71.36|0|409|5.2|5.2|8|8
67.5|71.3|0|408|5.2|5.2|8|8
67.6|74.04|0|408|5.2|5.2|8|8
67.7|77.06|0|408|5.2|5.2|8|8
67.8|80.05|0|408|5.2|5.2|8|8
67.9|83.03|0|408|5.2|5.2|8|8
68|85.97|0|408|5.2|5.2|8|8
68.1|88.87|0|408|5.2|5.2|8|8
68.2|91.8|0|408|5.2|5.2|8|8
68.3|94.29|0|408|5.2|5.2|8|8
68.4|95.34|0|408|5.2|5.2|8|8
68.5|95.81|0|408|5.2|5.2|8|8
