0|96.08|835|482|5.1|5|1|8
0.1|96.08|985|481|5.1|5.1|1|8
0.2|96.08|990|481|5.1|5.1|1|8
0.3|96.08|990|481|5.1|5.1|1|8
0.4|96.08|990|482|5.1|5.1|1|8
0.5|96.06|992|482|5.1|5.1|2|8
0.6|95.76|992|482|5.1|5.1|2|8
0.7|95.37|992|482|5.1|5.1|2|8
0.8|94.92|992|482|5.1|5.1|2|8
0.9|94.47|992|482|5.1|5.1|2|8
1|93.97|1433|480|5.1|5.1|2|8
1.1|93.55|1590|480|5.1|5.1|3|8
1.2|93.27|1624|479|5.1|5.1|3|8
1.3|93.22|1637|480|5.1|5.1|3|8
1.4|93.17|1639|480|5.1|5.1|3|8
1.5|93.11|1644|479|5.1|5.1|3|8
1.6|93|1649|479|5.1|5.1|3|8
1.7|93.04|1649|479|5.1|5.1|3|8
1.8|93.07|1652|479|5.1|5.1|3|8
1.9|93.1|1655|479|5.1|5.1|3|8
2|93.06|1657|480|5.1|5.1|3|8
2.1|93.06|1660|480|5.1|5.1|3|8
2.2|93.07|1662|480|5.1|5.1|3|8
2.3|93.1|1665|480|5.1|5.1|3|8
2.4|93.07|1668|480|5.1|5.1|3|8
2.5|93.04|1668|480|5.1|5.1|3|8
2.6|93.04|1670|480|5.1|5.1|3|8
2.7|93.06|1670|480|5.1|5.1|3|8
2.8|93.09|1673|480|5.1|5.1|3|8
2.9|93.04|1678|480|5.1|5.1|3|8
3|93.04|1675|480|5.1|5.1|3|8
3.1|93.09|1678|480|5.1|5.1|4|8
3.2|93.33|1675|480|5.1|5.1|4|8
3.3|93.77|1598|480|5.1|5.1|4|8
3.4|94.27|1175|480|5.1|5.1|5|8
3.5|94.52|1013|481|5.1|5.1|5|8
3.6|94.68|1010|482|5.1|5.1|5|8
3.7|94.7|1010|482|5.1|5.1|5|8
3.8|94.72|1010|482|5.1|5.1|5|8
3.9|94.72|1008|482|5.1|5.1|5|8
4|94.76|1008|482|5.1|5.1|5|8
4.1|94.78|1010|482|5.1|5.1|5|8
4.2|94.78|1008|482|5.1|5.1|5|8
4.3|94.79|1008|482|5.1|5.2|5|8
4.4|94.78|1005|482|5.1|5.1|5|8
4.5|94.76|1008|482|5.2|5.2|5|8
4.6|94.75|1008|482|5.2|5.2|5|8
4.7|94.75|1005|482|5.2|5.2|5|8
4.8|94.76|1005|482|5.2|5.2|5|8
4.9|94.78|1005|482|5.2|5.2|5|8
5|94.8|1005|482|5.2|5.2|5|8
5.1|94.76|1005|482|5.2|5.2|5|8
5.2|94.75|1005|482|5.2|5.2|5|8
5.3|94.76|1005|482|5.2|5.2|5|8
5.4|94.74|1005|482|5.2|5.2|2|8
5.5|94.74|1005|482|5.2|5.2|2|8
5.6|94.43|1005|482|5.2|5.2|2|8
5.7|93.94|1041|482|5.2|5.2|2|8
5.8|93.47|1469|481|5.2|5.2|2|8
5.9|93.09|1675|480|5.2|5.2|3|8
6|92.86|1688|480|5.2|5.2|3|8
6.1|92.76|1693|480|5.2|5.2|3|8
6.2|92.67|1698|480|5.2|5.2|3|8
6.3|92.68|1698|480|5.2|5.2|3|8
6.4|92.7|1704|480|5.2|5.2|3|8
6.5|92.7|1711|480|5.2|5.2|3|8
6.6|92.63|1714|480|5.2|5.2|3|8
6.7|92.63|1709|480|5.2|5.2|3|8
6.8|92.64|1706|480|5.2|5.2|3|8
6.9|92.72|1709|480|5.2|5.2|3|8
7|92.67|1711|480|5.2|5.2|3|8
7.1|92.64|1711|480|5.2|5.2|3|8
7.2|92.64|1711|480|5.2|5.2|3|8
7.3|92.72|1714|480|5.2|5.2|3|8
7.4|92.67|1724|480|5.2|5.2|3|8
7.5|92.63|1727|480|5.2|5.2|3|8
7.6|92.67|1729|480|5.2|5.2|3|8
7.7|92.67|1729|480|5.2|5.2|3|8
7.8|92.66|1729|480|5.2|5.2|3|8
7.9|92.7|1729|480|5.2|5.2|4|8
8|92.94|1716|480|5.2|5.2|4|8
8.1|93.38|1693|480|5.2|5.2|4|8
8.2|93.86|1606|480|5.2|5.2|4|8
8.3|94.35|1036|482|5.2|5.2|5|8
8.4|94.53|1015|482|5.2|5.2|5|8
8.5|94.67|1013|482|5.2|5.2|5|8
8.6|94.7|1013|482|5.2|5.2|5|8
8.7|94.7|1010|482|5.2|5.2|5|8
8.8|94.66|1010|482|5.2|5.2|5|8
8.9|94.7|1010|482|5.2|5.2|5|8
9|94.72|1010|482|5.2|5.2|5|8
9.1|94.72|1010|482|5.2|5.2|5|8
9.2|94.75|1010|482|5.2|5.2|5|8
9.3|94.71|1010|482|5.2|5.2|5|8
9.4|94.67|1010|482|5.2|5.2|5|8
9.5|94.67|1010|482|5.2|5.2|5|8
9.6|94.7|1010|482|5.2|5.2|5|8
9.7|94.74|1010|482|5.2|5.2|5|8
9.8|94.75|1013|482|5.2|5.2|5|8
9.9|94.74|1013|482|5.2|5.2|5|8
10|94.68|1013|483|5.2|5.2|5|8
10.1|94.68|1013|483|5.2|5.2|5|8
10.2|94.7|1013|483|5.2|5.2|5|8
10.3|94.74|1013|483|5.2|5.2|2|8
10.4|94.53|1026|466|5.2|5.2|2|8
10.5|94.15|1026|451|5.2|5.2|2|8
10.6|93.68|1113|446|5.2|5.2|2|8
10.7|93.19|1322|444|5.2|5.2|2|8
10.8|92.76|1706|445|5.2|5.2|3|8
10.9|92.55|1745|446|5.2|5.2|3|8
11|92.43|1753|446|5.2|5.2|3|8
11.1|92.39|1755|446|5.2|5.2|3|8
11.2|92.36|1758|446|5.2|5.2|3|8
11.3|92.39|1760|446|5.2|5.2|3|8
11.4|92.31|1763|446|5.2|5.2|3|8
11.5|92.31|1765|446|5.2|5.2|3|8
11.6|92.29|1768|446|5.2|5.2|3|8
11.7|92.33|1771|446|5.2|5.2|3|8
11.8|92.31|1771|446|5.2|5.2|3|8
11.9|92.35|1773|446|5.2|5.2|3|8
12|92.33|1773|446|5.2|5.2|3|8
12.1|92.35|1776|446|5.2|5.2|3|8
12.2|92.31|1776|446|5.2|5.2|3|8
12.3|92.32|1776|446|5.2|5.2|3|8
12.4|92.31|1776|446|5.2|5.2|3|8
12.5|92.32|1778|446|5.2|5.2|3|8
12.6|92.32|1778|446|5.2|5.2|3|8
12.7|92.31|1781|446|5.2|5.2|3|8
12.8|92.32|1781|447|5.2|5.2|4|8
12.9|92.55|1776|446|5.2|5.2|4|8
13|92.9|1745|446|5.2|5.2|4|8
13.1|93.46|1696|446|5.2|5.2|4|8
13.2|93.88|1070|446|5.2|5.2|5|8
13.3|94.19|1041|444|5.2|5.2|5|8
13.4|94.21|1039|443|5.2|5.2|5|8
13.5|94.31|1039|443|5.2|5.2|5|8
13.6|94.31|1039|443|5.2|5.2|5|8
13.7|94.32|1039|443|5.2|5.2|5|8
13.8|94.36|1039|443|5.2|5.2|5|8
13.9|94.28|1039|443|5.2|5.2|5|8
14|94.29|1039|443|5.2|5.2|5|8
14.1|94.31|1039|443|5.2|5.2|5|8
14.2|94.31|1041|443|5.2|5.2|5|8
14.3|94.29|1041|443|5.2|5.2|5|8
14.4|94.31|1039|443|5.2|5.2|5|8
14.5|94.29|1041|443|5.2|5.2|5|8
14.6|94.31|1044|443|5.2|5.2|5|8
14.7|94.31|1044|443|5.2|5.2|5|8
14.8|94.32|1044|443|5.2|5.2|5|8
14.9|94.33|1044|443|5.2|5.2|5|8
15|94.33|1044|443|5.2|5.2|5|8
15.1|94.25|1044|443|5.2|5.2|5|8
15.2|94.33|1044|443|5.2|5.2|2|8
15.3|94.08|1044|443|5.2|5.2|2|8
15.4|93.76|1044|443|5.2|5.2|2|8
15.5|93.27|1144|443|5.2|5.2|2|8
15.6|92.83|1567|444|5.2|5.2|3|8
15.7|92.45|1742|445|5.2|5.2|3|8
15.8|92.31|1771|446|5.2|5.2|3|8
15.9|92.13|1778|446|5.2|5.2|3|8
16|92.15|1781|446|5.2|5.2|3|8
16.1|92.16|1781|446|5.2|5.2|3|8
16.2|92.17|1784|447|5.2|5.2|3|8
16.3|92.17|1784|447|5.2|5.2|3|8
16.4|92.17|1786|447|5.2|5.2|3|8
16.5|92.16|1789|447|5.2|5.2|3|8
16.6|92.15|1791|447|5.2|5.2|3|8
16.7|92.15|1794|447|5.2|5.2|3|8
16.8|92.16|1794|447|5.2|5.2|3|8
16.9|92.19|1796|447|5.2|5.2|3|8
17|92.2|1796|447|5.2|5.2|3|8
17.1|92.16|1799|447|5.2|5.2|3|8
17.2|92.17|1799|447|5.2|5.2|3|8
17.3|92.16|1802|447|5.2|5.2|3|8
17.4|92.17|1802|447|5.2|5.2|3|8
17.5|92.17|1802|447|5.2|5.2|3|8
17.6|92.16|1804|447|5.2|5.2|4|8
17.7|92.29|1804|447|5.2|5.2|4|8
17.8|92.56|1791|447|5.2|5.2|4|8
17.9|92.96|1742|447|5.2|5.2|4|8
18|93.5|1137|446|5.2|5.2|5|8
18.1|93.77|1057|444|5.2|5.2|5|8
18.2|93.86|1054|444|5.2|5.2|5|8
18.3|93.89|1054|443|5.2|5.2|5|8
18.4|93.9|1054|443|5.2|5.2|5|8
18.5|93.93|1052|443|5.2|5.2|5|8
18.6|93.92|1052|444|5.2|5.2|5|8
18.7|93.98|1052|444|5.2|5.2|5|8
18.8|94|1052|444|5.2|5.2|5|8
18.9|93.97|1052|444|5.2|5.2|5|8
19|93.97|1052|444|5.2|5.2|5|8
19.1|93.96|1052|444|5.2|5.2|5|8
19.2|93.94|1052|444|5.2|5.2|5|8
19.3|93.94|1052|444|5.2|5.2|5|8
19.4|93.93|1052|444|5.2|5.2|5|8
19.5|93.93|1052|444|5.2|5.2|5|8
19.6|93.92|1049|444|5.2|5.2|5|8
19.7|93.98|1054|444|5.2|5.2|5|8
19.8|93.97|1052|444|5.2|5.2|5|8
19.9|93.97|1054|444|5.2|5.2|5|8
20|93.97|1054|444|5.2|5.2|2|8
20.1|93.86|1054|444|5.2|5.2|2|8
20.2|93.5|1054|444|5.2|5.2|2|8
20.3|93.06|1103|444|5.2|5.2|2|8
20.4|92.67|1727|430|5.2|5.2|3|8
20.5|92.32|1799|419|5.2|5.2|3|8
20.6|92.16|1817|416|5.2|5.2|3|8
20.7|92.11|1822|414|5.2|5.2|3|8
20.8|92.08|1825|413|5.2|5.2|3|8
20.9|92.07|1827|413|5.2|5.2|3|8
21|92.04|1827|413|5.2|5.2|3|8
21.1|92.05|1830|413|5.2|5.2|3|8
21.2|92.07|1830|413|5.2|5.2|3|8
21.3|92.08|1830|413|5.2|5.2|3|8
21.4|92.07|1832|413|5.2|5.2|3|8
21.5|92.05|1832|413|5.2|5.2|3|8
21.6|92.05|1832|413|5.2|5.2|3|8
21.7|92.07|1835|413|5.2|5.2|3|8
21.8|92.05|1835|413|5.2|5.2|3|8
21.9|92.07|1838|413|5.2|5.2|3|8
22|92.05|1840|413|5.2|5.2|3|8
22.1|92.04|1843|413|5.2|5.2|3|8
22.2|92.05|1843|413|5.2|5.2|3|8
22.3|92.07|1843|413|5.2|5.2|3|8
22.4|92.07|1845|413|5.2|5.2|4|8
22.5|92.21|1843|413|5.2|5.2|4|8
22.6|92.59|1814|413|5.2|5.2|4|8
22.7|93.06|1549|413|5.2|5.2|4|8
22.8|93.51|1085|412|5.2|5.2|5|8
22.9|93.61|1077|410|5.2|5.2|5|8
23|93.8|1075|409|5.2|5.2|5|8
23.1|93.74|1075|409|5.2|5.2|5|8
23.2|93.76|1072|409|5.2|5.2|5|8
23.3|93.77|1072|409|5.2|5.2|5|8
23.4|93.72|1070|409|5.2|5.2|5|8
23.5|93.77|1070|409|5.2|5.2|5|8
23.6|93.8|1072|409|5.2|5.2|5|8
23.7|93.68|1072|409|5.2|5.2|5|8
23.8|93.76|1072|409|5.2|5.2|5|8
23.9|93.76|1072|409|5.2|5.2|5|8
24|93.77|1072|409|5.2|5.2|5|8
24.1|93.78|1072|409|5.2|5.2|5|8
24.2|93.74|1072|409|5.2|5.2|5|8
24.3|93.74|1072|409|5.2|5.2|5|8
24.4|93.76|1072|409|5.2|5.2|5|8
24.5|93.76|1072|408|5.2|5.2|5|8
24.6|93.77|1072|408|5.2|5.2|5|8
24.7|93.78|1072|408|5.2|5.2|5|8
24.8|93.7|1072|408|5.2|5.2|2|8
24.9|93.47|1072|409|5.2|5.2|2|8
25|93.07|1072|409|5.2|5.2|2|8
25.1|92.66|1559|410|5.2|5.2|2|8
25.2|92.2|1807|411|5.2|5.2|3|8
25.3|92.08|1838|412|5.2|5.2|3|8
25.4|91.96|1851|412|5.2|5.2|3|8
25.5|91.97|1856|412|5.2|5.2|3|8
25.6|91.94|1858|412|5.2|5.2|3|8
25.7|91.89|1861|412|5.2|5.2|3|8
25.8|91.92|1863|412|5.2|5.2|3|8
25.9|91.93|1866|412|5.2|5.2|3|8
26|91.89|1866|412|5.2|5.2|3|8
26.1|91.93|1869|412|5.2|5.2|3|8
26.2|91.92|1869|412|5.2|5.2|3|8
26.3|91.88|1871|411|5.2|5.2|3|8
26.4|91.93|1871|411|5.2|5.2|3|8
26.5|91.92|1874|412|5.2|5.2|3|8
26.6|91.9|1874|411|5.2|5.2|3|8
26.7|91.89|1874|411|5.2|5.2|3|8
26.8|91.93|1876|411|5.2|5.2|3|8
26.9|91.92|1876|411|5.2|5.2|3|8
27|91.9|1876|411|5.2|5.2|3|8
27.1|91.89|1876|411|5.2|5.2|3|8
27.2|91.9|1876|411|5.2|5.2|4|8
27.3|92.25|1866|411|5.2|5.2|4|8
27.4|92.7|1616|412|5.2|5.2|4|8
27.5|93.15|1095|411|5.2|5.2|5|8
27.6|93.29|1085|409|5.2|5.2|5|8
27.7|93.37|1085|408|5.2|5.2|5|8
27.8|93.37|1082|408|5.2|5.2|5|8
27.9|93.39|1082|408|5.2|5.2|5|8
28|93.42|1082|408|5.2|5.2|5|8
28.1|93.43|1082|408|5.2|5.2|5|8
28.2|93.41|1080|408|5.2|5.2|5|8
28.3|93.41|1080|408|5.2|5.2|5|8
28.4|93.41|1080|408|5.2|5.2|5|8
28.5|93.38|1080|408|5.2|5.2|5|8
28.6|93.33|1082|408|5.2|5.2|5|8
28.7|93.38|1080|408|5.2|5.2|5|8
28.8|93.39|1082|408|5.2|5.2|5|8
28.9|93.41|1082|408|5.2|5.2|5|8
29|93.43|1080|408|5.2|5.2|5|8
29.1|93.45|1080|408|5.2|5.2|5|8
29.2|93.39|1080|408|5.2|5.2|5|8
29.3|93.37|1080|408|5.2|5.2|5|8
29.4|93.37|1077|408|5.2|5.2|5|8
29.5|93.42|1077|408|5.2|5.2|2|8
29.6|93.11|1077|408|5.2|5.2|2|8
29.7|92.72|1077|408|5.2|5.2|2|8
29.8|92.24|1709|411|5.2|5.2|3|8
29.9|91.94|1840|411|5.2|5.2|3|8
30|91.85|1863|411|5.2|5.2|3|8
30.1|91.76|1871|411|5.2|5.2|3|8
30.2|91.65|1874|412|5.2|5.2|3|8
30.3|91.62|1876|412|5.2|5.2|3|8
30.4|91.73|1897|404|5.2|5.2|3|8
30.5|91.68|1899|396|5.2|5.2|3|8
30.6|91.66|1902|394|5.2|5.2|3|8
30.7|91.62|1905|394|5.2|5.2|3|8
30.8|91.69|1905|394|5.2|5.2|3|8
30.9|91.69|1905|394|5.2|5.2|3|8
31|91.68|1905|394|5.2|5.2|3|8
31.1|91.66|1905|393|5.2|5.2|3|8
31.2|91.62|1907|393|5.2|5.2|3|8
31.3|91.72|1907|393|5.2|5.2|3|8
31.4|91.66|1907|393|5.2|5.2|3|8
31.5|91.66|1910|393|5.2|5.2|3|8
31.6|91.64|1910|394|5.2|5.2|3|8
31.7|91.66|1910|394|5.2|5.2|3|8
31.8|91.68|1910|394|5.2|5.2|4|8
31.9|91.8|1910|394|5.2|5.2|4|8
32|92.01|1902|394|5.2|5.2|4|8
32.1|92.6|1446|394|5.2|5.2|4|8
32.2|92.94|1101|394|5.2|5.2|5|8
32.3|93.11|1095|394|5.2|5.2|5|8
32.4|93.19|1093|394|5.2|5.2|5|8
32.5|93.18|1093|394|5.2|5.2|5|8
32.6|93.17|1090|394|5.2|5.2|5|8
32.7|93.14|1090|393|5.2|5.2|5|8
32.8|93.15|1090|394|5.2|5.2|5|8
32.9|93.22|1088|394|5.2|5.2|5|8
33|93.21|1088|394|5.2|5.2|5|8
33.1|93.19|1088|394|5.2|5.2|5|8
33.2|93.19|1088|394|5.2|5.2|5|8
33.3|93.18|1088|394|5.2|5.2|5|8
33.4|93.22|1090|394|5.2|5.2|5|8
33.5|93.21|1090|394|5.2|5.2|5|8
33.6|93.19|1090|394|5.2|5.2|5|8
33.7|93.17|1090|394|5.2|5.2|5|8
33.8|93.21|1090|393|5.2|5.2|5|8
33.9|93.21|1088|393|5.2|5.2|5|8
34|93.21|1088|393|5.2|5.2|5|8
34.1|93.21|1088|393|5.2|5.2|5|8
34.2|93.23|1088|393|5.2|5.2|2|8
34.3|92.92|1088|394|5.2|5.2|2|8
34.4|92.47|1090|394|5.2|5.2|2|8
34.5|92.01|1755|394|5.2|5.2|3|8
34.6|91.77|1879|394|5.2|5.2|3|8
34.7|91.54|1897|394|5.2|5.2|3|8
34.8|91.46|1902|394|5.2|5.2|3|8
34.9|91.43|1905|394|5.2|5.2|3|8
35|91.46|1907|394|5.2|5.2|3|8
35.1|91.46|1910|394|5.2|5.2|3|8
35.2|91.47|1910|394|5.2|5.2|3|8
35.3|91.49|1912|394|5.2|5.2|3|8
35.4|91.45|1912|394|5.2|5.2|3|8
35.5|91.47|1912|394|5.2|5.2|3|8
35.6|91.46|1912|394|5.2|5.2|3|8
35.7|91.46|1915|394|5.2|5.2|3|8
35.8|91.47|1915|394|5.2|5.2|3|8
35.9|91.45|1915|394|5.2|5.2|3|8
36|91.46|1915|394|5.2|5.2|3|8
36.1|91.47|1915|394|5.2|5.2|3|8
36.2|91.45|1915|394|5.2|5.2|3|8
36.3|91.46|1915|394|5.2|5.2|3|8
36.4|91.47|1918|394|5.2|5.2|3|8
36.5|91.46|1918|394|5.2|5.2|4|8
36.6|91.6|1915|394|5.2|5.2|4|8
36.7|91.89|1910|394|5.2|5.2|4|8
36.8|92.41|1508|394|5.2|5.2|4|8
36.9|92.74|1106|394|5.2|5.2|2|8
37|92.84|1098|394|5.2|5.2|2|8
37.1|92.83|1095|394|5.2|5.2|2|8
37.2|92.88|1093|394|5.2|5.2|2|8
37.3|92.79|1093|394|5.2|5.2|2|8
37.4|92.71|1093|394|5.2|5.2|2|8
37.5|92.7|1090|394|5.2|5.2|2|8
37.6|92.63|1090|394|5.2|5.2|2|8
37.7|92.53|1090|394|5.2|5.2|2|8
37.8|92.44|1090|394|5.2|5.2|2|8
37.9|92.37|1090|394|5.2|5.2|2|8
38|92.39|1090|394|5.2|5.2|2|8
38.1|92.37|1101|394|5.2|5.2|2|8
38.2|92.19|1139|394|5.2|5.2|2|8
38.3|92.19|1157|394|5.2|5.2|2|8
38.4|92.11|1211|394|5.2|5.2|2|8
38.5|92.08|1162|394|5.2|5.2|2|8
38.6|91.97|1186|394|5.2|5.2|2|8
38.7|91.94|1394|394|5.2|5.2|2|8
38.8|91.93|1791|394|5.2|5.2|2|8
38.9|91.89|1820|394|5.2|5.2|2|8
39|92.05|1722|395|5.2|5.2|2|8
39.1|92.29|1116|395|5.2|5.2|2|8
39.2|92.36|1090|394|5.2|5.2|2|8
39.3|92.39|1088|394|5.2|5.2|2|8
39.4|92.37|1088|394|5.2|5.2|2|8
39.5|92.23|1088|394|5.2|5.2|2|8
39.6|92.19|1088|394|5.2|5.2|2|8
39.7|92.16|1088|394|5.2|5.2|2|8
39.8|92.09|1111|394|5.2|5.2|2|8
39.9|92.05|1139|394|5.2|5.2|2|8
40|91.97|1155|394|5.2|5.2|2|8
40.1|91.92|1418|395|5.2|5.2|2|8
40.2|91.9|1750|395|5.2|5.2|2|8
40.3|91.9|1789|395|5.2|5.2|2|8
40.4|92.05|1742|395|5.2|5.2|2|8
40.5|92.29|1229|396|5.2|5.2|2|8
40.6|92.36|1093|395|5.2|5.2|2|8
40.7|92.36|1090|394|5.2|5.2|2|8
40.8|92.39|1088|394|5.2|5.2|2|8
40.9|92.4|1088|394|5.2|5.2|2|8
41|92.31|1088|394|5.2|5.2|2|8
41.1|92.19|1088|394|5.2|5.2|2|8
41.2|92.17|1088|394|5.2|5.2|2|8
41.3|92.11|1088|394|5.2|5.2|2|8
41.4|92.07|1108|394|5.2|5.2|2|8
41.5|91.97|1518|394|5.2|5.2|2|8
41.6|91.97|1621|395|5.2|5.2|2|8
41.7|92.01|1521|396|5.2|5.2|2|8
41.8|92.19|1175|395|5.2|5.2|2|8
41.9|92.23|1093|394|5.2|5.2|2|8
42|92.28|1090|394|5.2|5.2|2|8
42.1|92.19|1088|394|5.2|5.2|2|8
42.2|92.13|1088|394|5.2|5.2|2|8
42.3|92.07|1088|394|5.2|5.2|2|8
42.4|92.04|1134|394|5.2|5.2|2|8
42.5|91.97|1209|395|5.2|5.2|2|8
42.6|91.96|1281|394|5.2|5.2|2|8
42.7|91.89|1286|395|5.2|5.2|2|8
42.8|91.77|1366|396|5.2|5.2|2|8
42.9|91.68|1268|396|5.2|5.2|2|8
43|91.6|1265|396|5.2|5.2|2|8
43.1|91.57|1222|396|5.2|5.2|2|8
43.2|91.49|1206|395|5.2|5.2|2|8
43.3|91.53|1286|395|5.2|5.2|2|8
43.4|91.43|1278|396|5.2|5.2|2|8
43.5|91.34|1361|396|5.2|5.2|2|8
43.6|91.25|1320|396|5.2|5.2|2|8
43.7|91.25|1206|396|5.2|5.2|2|8
43.8|91.07|1322|396|5.2|5.2|2|8
43.9|91.06|1363|395|5.2|5.2|2|8
44|90.98|1268|395|5.2|5.2|2|8
44.1|90.91|1214|395|5.2|5.2|2|8
44.2|90.79|1229|395|5.2|5.2|2|8
44.3|90.8|1165|394|5.2|5.2|2|8
44.4|90.66|1157|394|5.2|5.2|2|8
44.5|90.62|1299|395|5.2|5.2|2|8
44.6|90.56|1253|395|5.2|5.2|2|8
44.7|90.48|1175|394|5.2|5.2|2|8
44.8|90.4|1245|395|5.2|5.2|2|8
44.9|90.32|1294|395|5.2|5.2|2|8
45|90.23|1206|396|5.2|5.2|2|8
45.1|90.16|1299|395|5.2|5.2|2|8
45.2|90.03|1214|396|5.2|5.2|2|8
45.3|89.94|1188|395|5.2|5.2|2|8
45.4|89.92|1121|395|5.2|5.2|2|8
45.5|89.78|1245|395|5.2|5.2|2|8
45.6|89.72|1139|394|5.2|5.2|2|8
45.7|89.62|1255|395|5.2|5.2|2|8
45.8|89.54|1433|395|5.2|5.2|2|8
45.9|89.48|1327|396|5.2|5.2|2|8
46|89.41|1157|395|5.2|5.2|2|8
46.1|89.35|1211|394|5.2|5.2|2|8
46.2|89.27|1155|396|5.2|5.2|2|8
46.3|89.19|1111|395|5.2|5.2|2|8
46.4|89.21|1170|395|5.2|5.2|2|8
46.5|89.13|1157|395|5.2|5.2|2|8
46.6|89.01|1139|396|5.2|5.2|2|8
46.7|88.94|1098|395|5.2|5.2|2|8
46.8|88.84|1147|395|5.2|5.2|2|8
46.9|88.86|1162|395|5.2|5.2|2|8
47|88.74|1237|396|5.2|5.2|2|8
47.1|88.76|1183|395|5.2|5.2|2|8
47.2|88.6|1219|396|5.2|5.2|2|8
47.3|88.54|1327|396|5.2|5.2|2|8
47.4|88.47|1314|396|5.2|5.2|2|8
47.5|88.39|1268|396|5.2|5.2|2|8
47.6|88.28|1278|396|5.2|5.2|2|8
47.7|88.24|1229|396|5.2|5.2|2|8
47.8|88.21|1361|396|5.2|5.2|2|8
47.9|88.04|1232|395|5.2|5.2|2|8
48|88.04|1235|395|5.2|5.2|2|8
48.1|87.89|1281|395|5.2|5.2|2|8
48.2|87.84|1191|396|5.2|5.2|2|8
48.3|87.7|1242|395|5.2|5.2|2|8
48.4|87.64|1119|396|5.2|5.2|2|8
48.5|87.6|1245|396|5.2|5.2|2|8
48.6|87.44|1137|395|5.2|5.2|2|8
48.7|87.35|1191|396|5.2|5.2|2|8
48.8|87.23|1157|396|5.2|5.2|2|8
48.9|87.17|1178|396|5.2|5.2|2|8
49|87.13|1289|396|5.2|5.2|2|8
49.1|86.98|1214|396|5.2|5.2|2|8
49.2|86.91|1348|396|5.2|5.2|2|8
49.3|86.78|1253|396|5.2|5.2|2|8
49.4|86.7|1268|396|5.2|5.2|2|8
49.5|86.56|1299|396|5.2|5.2|2|8
49.6|86.42|1178|395|5.2|5.2|2|8
49.7|86.35|1206|395|5.2|5.2|2|8
49.8|86.27|1165|395|5.2|5.2|2|8
49.9|86.15|1242|396|5.2|5.2|2|8
50|86.05|1201|396|5.2|5.2|2|8
50.1|85.88|1232|396|5.2|5.2|2|8
50.2|85.82|1232|396|5.2|5.2|2|8
50.3|85.7|1348|396|5.2|5.2|2|8
50.4|85.57|1307|396|5.2|5.2|2|8
50.5|85.45|1204|395|5.2|5.2|2|8
50.6|85.25|1268|396|5.2|5.2|2|8
50.7|85.19|1157|396|5.2|5.2|2|8
50.8|85.05|1245|396|5.2|5.2|2|8
50.9|84.94|1198|396|5.2|5.2|2|8
51|84.79|1265|396|5.2|5.2|2|8
51.1|84.62|1369|396|5.2|5.2|2|8
51.2|84.47|1273|396|5.2|5.2|2|8
51.3|84.39|1320|396|5.2|5.2|2|8
51.4|84.24|1273|396|5.2|5.2|2|8
51.5|84.15|1250|396|5.2|5.2|2|8
51.6|83.91|1271|396|5.2|5.2|2|8
51.7|83.84|1162|396|5.2|5.2|2|8
51.8|83.68|1351|396|5.2|5.2|2|8
51.9|83.52|1296|396|5.2|5.2|2|8
52|83.3|1291|396|5.2|5.2|2|8
52.1|83.17|1198|396|5.2|5.2|2|8
52.2|83.05|1242|396|5.2|5.2|2|8
52.3|82.85|1320|396|5.2|5.2|2|8
52.4|82.71|1278|396|5.2|5.2|2|8
52.5|82.52|1276|396|5.2|5.2|2|8
52.6|82.39|1304|396|5.2|5.2|2|8
52.7|82.17|1242|396|5.2|5.2|2|8
52.8|82.04|1335|396|5.2|5.2|2|8
52.9|81.8|1268|396|5.2|5.2|2|8
53|81.61|1255|396|5.2|5.2|2|8
53.1|81.44|1268|396|5.2|5.2|2|8
53.2|81.25|1255|396|5.2|5.2|2|8
53.3|81.1|1284|396|5.2|5.2|2|8
53.4|80.91|1384|396|5.2|5.2|2|8
53.5|80.15|1740|396|5.2|5.2|6|8
53.6|77.75|1951|396|5.2|5.2|6|8
53.7|75.12|343|395|5.2|5.2|7|8
53.8|72.79|0|394|5.2|5.2|7|8
53.9|71.36|0|393|5.2|5.2|7|8
54|70.69|0|392|5.2|5.2|7|8
54.1|70.32|0|392|5.2|5.2|7|8
54.2|70.16|0|392|5.2|5.2|7|8
54.3|70.06|0|392|5.2|5.2|7|8
54.4|70.08|0|392|5.2|5.2|7|8
54.5|70.1|0|392|5.2|5.2|7|8
54.6|70.06|0|392|5.2|5.2|7|8
54.7|70.08|0|392|5.2|5.2|7|8
54.8|69.99|0|392|5.2|5.2|7|8
54.9|69.95|0|392|5.2|5.2|7|8
55|69.99|0|392|5.2|5.2|7|8
55.1|70.02|0|392|5.2|5.2|7|8
55.2|70.03|0|392|5.2|5.2|7|8
55.3|70.06|0|392|5.2|5.2|7|8
55.4|70.1|0|392|5.2|5.2|7|8
55.5|69.99|0|392|5.2|5.2|7|8
55.6|69.95|0|392|5.2|5.2|7|8
55.7|69.99|0|392|5.2|5.2|7|8
55.8|70.02|0|392|5.2|5.2|7|8
55.9|70.02|0|392|5.2|5.2|7|8
56|70.02|0|392|5.2|5.2|7|8
56.1|69.99|0|392|5.2|5.2|7|8
56.2|69.99|0|392|5.2|5.2|7|8
56.3|70.02|0|392|5.2|5.2|7|8
56.4|70.07|0|392|5.2|5.2|7|8
56.5|70.1|0|392|5.2|5.2|7|8
56.6|70.08|0|392|5.2|5.2|7|8
56.7|70.02|0|392|5.2|5.2|7|8
56.8|70.06|0|392|5.2|5.2|7|8
56.9|70.03|0|392|5.2|5.2|7|8
57|69.99|0|392|5.2|5.2|7|8
57.1|69.94|0|392|5.2|5.2|7|8
57.2|70.02|0|392|5.2|5.2|7|8
57.3|70.1|0|392|5.2|5.2|7|8
57.4|70.03|0|392|5.2|5.2|7|8
57.5|69.95|0|392|5.2|5.2|7|8
57.6|70|0|392|5.2|5.2|7|8
57.7|70.08|0|392|5.2|5.2|7|8
57.8|69.96|0|392|5.2|5.2|7|8
57.9|69.98|0|392|5.2|5.2|7|8
58|69.99|0|392|5.2|5.2|7|8
58.1|69.99|0|392|5.2|5.2|7|8
58.2|70.02|0|392|5.2|5.2|7|8
58.3|70.07|0|392|5.2|5.2|7|8
58.4|69.9|0|392|5.2|5.2|7|8
58.5|69.98|0|392|5.2|5.2|7|8
58.6|69.95|0|392|5.2|5.2|7|8
58.7|70|0|392|5.2|5.2|7|8
58.8|70.04|0|392|5.2|5.2|7|8
58.9|69.92|0|392|5.2|5.2|7|8
59|69.98|0|392|5.2|5.2|7|8
59.1|69.96|0|392|5.2|5.2|7|8
59.2|69.96|0|392|5.2|5.2|7|8
59.3|69.96|0|392|5.2|5.2|7|8
59.4|69.98|0|392|5.2|5.2|7|8
59.5|70.07|0|392|5.2|5.2|7|8
59.6|69.98|0|392|5.2|5.2|7|8
59.7|69.96|0|392|5.2|5.2|7|8
59.8|69.98|0|392|5.2|5.2|7|8
59.9|70|0|392|5.2|5.2|7|8
60|70.06|0|392|5.2|5.2|7|8
60.1|69.92|0|392|5.2|5.2|7|8
60.2|69.96|0|392|5.2|5.2|7|8
60.3|69.96|0|392|5.2|5.2|7|8
60.4|70.02|0|392|5.2|5.2|7|8
60.5|70.07|0|392|5.2|5.2|7|8
60.6|69.9|0|392|5.2|5.2|7|8
60.7|69.98|0|392|5.2|5.2|7|8
60.8|69.96|0|392|5.2|5.2|7|8
60.9|70|0|392|5.2|5.2|7|8
61|70.06|0|392|5.2|5.2|7|8
61.1|69.91|0|392|5.2|5.2|7|8
61.2|69.98|0|392|5.2|5.2|7|8
61.3|69.96|0|392|5.2|5.2|7|8
61.4|69.95|0|392|5.2|5.2|7|8
61.5|70.02|0|392|5.2|5.2|7|8
61.6|70.04|0|392|5.2|5.2|7|8
61.7|69.91|0|392|5.2|5.2|7|8
61.8|69.98|0|392|5.2|5.2|7|8
61.9|69.95|0|392|5.2|5.2|7|8
62|69.98|0|392|5.2|5.2|7|8
62.1|69.99|0|392|5.2|5.2|7|8
62.2|70.04|0|392|5.2|5.2|7|8
62.3|69.94|0|392|5.2|5.2|7|8
62.4|69.99|0|392|5.2|5.2|7|8
62.5|69.99|0|392|5.2|5.2|7|8
62.6|70.03|0|392|5.2|5.2|7|8
62.7|69.94|0|392|5.2|5.2|7|8
62.8|69.99|0|392|5.2|5.2|7|8
62.9|70.02|0|392|5.2|5.2|7|8
63|69.95|0|392|5.2|5.2|7|8
63.1|69.96|0|392|5.2|5.2|7|8
63.2|70|0|392|5.2|5.2|7|8
63.3|69.99|0|392|5.2|5.2|7|8
63.4|69.92|0|392|5.2|5.2|7|8
63.5|69.99|0|392|5.2|5.2|7|8
63.6|70.03|0|392|5.2|5.2|7|8
63.7|69.92|0|392|5.2|5.2|7|8
63.8|69.98|0|392|5.2|5.2|7|8
63.9|69.98|0|392|5.2|5.2|7|8
64|69.98|0|392|5.2|5.2|7|8
64.1|70.03|0|392|5.2|5.2|7|8
64.2|69.94|0|392|5.2|5.2|7|8
64.3|69.98|0|392|5.2|5.2|7|8
64.4|69.98|0|396|5.2|5.2|7|8
64.5|70|0|399|5.2|5.2|7|8
64.6|69.95|0|400|5.2|5.2|7|8
64.7|69.95|0|400|5.2|5.2|7|8
64.8|69.98|0|400|5.2|5.2|7|8
64.9|69.98|0|400|5.2|5.2|7|8
65|69.98|0|400|5.2|5.2|7|8
65.1|69.98|0|400|5.2|5.2|7|8
65.2|69.98|0|400|5.2|5.2|7|8
65.3|70.02|0|401|5.2|5.2|7|8
65.4|69.91|0|401|5.2|5.2|7|8
65.5|69.98|0|401|5.2|5.2|7|8
65.6|69.98|0|401|5.2|5.2|7|8
65.7|69.98|0|401|5.2|5.2|7|8
65.8|70.02|0|401|5.2|5.2|7|8
65.9|69.91|0|401|5.2|5.2|7|8
66|69.96|0|400|5.2|5.2|7|8
66.1|69.96|0|400|5.2|5.2|7|8
66.2|69.96|0|401|5.2|5.2|7|8
66.3|69.98|0|400|5.2|5.2|7|8
66.4|70|0|400|5.2|5.2|7|8
66.5|69.95|0|400|5.2|5.2|7|8
66.6|69.94|0|400|5.2|5.2|7|8
66.7|69.96|0|400|5.2|5.2|8|8
66.8|69.96|0|400|5.2|5.2|8|8
66.9|69.92|0|400|5.2|5.2|8|8
67|69.83|0|400|5.2|5.2|8|8
67.1|69.9|0|400|5.2|5.2|8|8
67.2|69.9|0|400|5.2|5.2|8|8
67.3|69.9|0|400|5.2|5.2|8|8
67.4|69.9|0|400|5.2|5.2|8|8
67.5|69.88|0|400|5.2|5.2|8|8
67.6|69.87|0|400|5.2|5.2|8|8
67.7|69.88|0|400|5.2|5.2|8|8
67.8|69.8|0|400|5.2|5.2|8|8
67.9|69.9|0|400|5.2|5.2|8|8
68|69.94|0|400|5.2|5.2|8|8
68.1|69.86|0|400|5.2|5.2|8|8
68.2|69.87|0|400|5.2|5.2|8|8
68.3|69.92|0|400|5.2|5.2|8|8
68.4|69.92|0|400|5.2|5.2|8|8
68.5|69.92|0|400|5.2|5.2|8|8
68.6|69.9|0|400|5.2|5.2|8|8
68.7|69.94|0|400|5.1|5.1|8|8
68.8|72.45|0|400|5.1|5.1|8|8
68.9|75.53|0|400|5.1|5.1|8|8
69|78.58|0|400|5.1|5.1|8|8
69.1|81.64|0|400|5.1|5.1|8|8
69.2|84.63|0|400|5.1|5.1|8|8
69.3|87.56|0|400|5.1|5.1|8|8
69.4|90.56|0|400|5.1|5.1|8|8
69.5|93.47|0|400|5.1|5.1|8|8
69.6|95.02|0|400|5.1|5.1|8|8
69.7|95.68|0|400|5.1|5.1|8|8
