0|96.02|1526|418|4.5|4.5|1|8
0.1|96.04|1789|424|4.5|4.5|1|8
0.2|96.06|1799|426|4.5|4.6|1|8
0.3|96.02|1807|427|4.6|4.6|1|8
0.4|96.05|1812|427|4.6|4.6|1|8
0.5|96.04|1814|427|4.6|4.6|3|8
0.6|96.08|1817|427|4.6|4.6|3|8
0.7|96.02|1820|427|4.6|4.6|3|8
0.8|96.05|1822|427|4.6|4.6|3|8
0.9|96.06|1825|428|4.6|4.6|3|8
1|96.02|1825|428|4.6|4.6|3|8
1.1|96.04|1825|428|4.6|4.6|3|8
1.2|96.01|1830|428|4.6|4.6|3|8
1.3|95.97|1827|428|4.6|4.6|3|8
1.4|95.98|1830|428|4.6|4.6|3|8
1.5|96|1830|428|4.6|4.6|3|8
1.6|96.02|1835|428|4.6|4.7|3|8
1.7|95.98|1840|428|4.7|4.7|3|8
1.8|96.04|1840|428|4.7|4.7|3|8
1.9|95.98|1840|428|4.7|4.7|3|8
2|96.02|1840|428|4.7|4.7|3|8
2.1|96.02|1843|428|4.7|4.7|3|8
2.2|95.97|1843|427|4.7|4.7|3|8
2.3|96.01|1843|428|4.7|4.7|3|8
2.4|96.02|1845|428|4.7|4.7|3|8
2.5|96.04|1845|428|4.7|4.7|4|8
2.6|96.19|1845|428|4.7|4.7|4|8
2.7|96.55|1835|428|4.7|4.7|4|8
2.8|96.87|1820|428|4.7|4.7|4|8
2.9|97.2|1812|428|4.7|4.7|4|8
3|97.49|1809|428|4.7|4.7|4|8
3.1|98.12|1804|428|4.7|4.7|4|8
3.2|98.86|1799|428|4.7|4.8|4|8
3.3|99.41|1794|428|4.8|4.8|4|8
3.4|100|1786|428|4.8|4.8|4|8
3.5|100.53|1750|428|4.8|4.8|4|8
3.6|101.07|1652|428|4.8|4.8|4|8
3.7|101.49|1093|426|4.8|4.8|5|8
3.8|101.78|1082|425|4.8|4.8|5|8
3.9|101.89|1080|424|4.8|4.8|5|8
4|101.92|1077|424|4.8|4.8|5|8
4.1|101.97|1077|425|4.8|4.8|5|8
4.2|101.88|1077|425|4.8|4.8|5|8
4.3|101.93|1077|424|4.8|4.8|5|8
4.4|101.92|1077|424|4.8|4.8|5|8
4.5|101.92|1077|424|4.8|4.8|5|8
4.6|101.92|1077|424|4.8|4.8|5|8
4.7|101.93|1077|424|4.8|4.8|5|8
4.8|101.92|1077|424|4.8|4.8|5|8
4.9|101.92|1077|425|4.8|4.8|5|8
5|101.92|1077|425|4.8|4.8|5|8
5.1|101.92|1077|425|4.9|4.9|5|8
5.2|101.93|1077|424|4.9|4.9|5|8
5.3|101.92|1077|424|4.9|4.9|5|8
5.4|101.92|1077|424|4.9|4.9|5|8
5.5|101.92|1075|425|4.9|4.9|5|8
5.6|101.9|1077|425|4.9|4.9|5|8
5.7|101.88|1077|425|4.9|4.9|2|8
5.8|101.65|1077|425|4.9|4.9|2|8
5.9|101.32|1077|425|4.9|4.9|2|8
6|100.84|1111|425|4.9|4.9|2|8
6.1|100.44|1173|425|4.9|4.9|2|8
6.2|99.92|1240|426|4.9|4.9|2|8
6.3|99.41|1253|427|4.9|4.9|2|8
6.4|98.9|1250|428|4.9|4.9|2|8
6.5|98.37|1263|426|4.9|4.9|2|8
6.6|97.92|1369|427|4.9|4.9|2|8
6.7|97.34|1436|428|4.9|4.9|2|8
6.8|96.98|1784|428|4.9|4.9|3|8
6.9|96.83|1814|428|4.9|4.9|3|8
7|96.68|1822|428|4.9|4.9|3|8
7.1|96.56|1830|428|4.9|4.9|3|8
7.2|96.59|1832|428|4.9|4.9|3|8
7.3|96.59|1835|428|5|5|3|8
7.4|96.59|1838|428|5|5|3|8
7.5|96.57|1838|428|5|5|3|8
7.6|96.57|1840|428|5|5|3|8
7.7|96.59|1843|428|5|5|3|8
7.8|96.57|1845|428|5|5|3|8
7.9|96.57|1848|428|5|5|3|8
8|96.57|1848|428|5|5|3|8
8.1|96.57|1851|428|5|5|3|8
8.2|96.57|1851|428|5|5|3|8
8.3|96.57|1853|428|5|5|3|8
8.4|96.57|1856|428|5|5|3|8
8.5|96.57|1858|428|5|5|3|8
8.6|96.56|1858|428|5|5|3|8
8.7|96.56|1858|429|5|5|3|8
8.8|96.68|1858|429|5|5|4|8
8.9|96.86|1856|429|5|5|4|8
9|97.33|1778|429|5|5|4|8
9.1|97.84|1119|428|5|5|5|8
9.2|98.06|1095|426|5|5|5|8
9.3|98.12|1093|426|5|5|5|8
9.4|98.14|1093|426|5|5|5|8
9.5|98.13|1093|426|5|5|5|8
9.6|98.05|1090|426|5|5|5|8
9.7|98.16|1090|426|5|5|5|8
9.8|98.17|1090|426|5|5|5|8
9.9|98.18|1090|426|5|5|5|8
10|98.2|1090|426|5|5|5|8
10.1|98.18|1090|426|5|5|5|8
10.2|98.17|1090|426|5|5|5|8
10.3|98.17|1090|426|5.1|5.1|5|8
10.4|98.14|1090|426|5.1|5.1|5|8
10.5|98.2|1090|426|5.1|5.1|5|8
10.6|98.2|1090|426|5.1|5.1|5|8
10.7|98.17|1088|426|5.1|5.1|5|8
10.8|98.16|1088|426|5.1|5.1|5|8
10.9|98.17|1088|426|5.1|5.1|5|8
11|98.2|1088|426|5.1|5.1|5|8
11.1|98.17|1088|426|5.1|5.1|2|8
11.2|98.1|1088|426|5.1|5.1|2|8
11.3|97.62|1111|426|5.1|5.1|2|8
11.4|97.16|1196|426|5.1|5.1|2|8
11.5|96.78|1791|428|5.1|5.1|3|8
11.6|96.49|1838|428|5.1|5.1|3|8
11.7|96.41|1848|428|5.1|5.1|3|8
11.8|96.24|1856|429|5.1|5.1|3|8
11.9|96.23|1858|429|5.1|5.1|3|8
12|96.24|1861|429|5.1|5.1|3|8
12.1|96.24|1863|429|5.1|5.1|3|8
12.2|96.28|1866|428|5.1|5.1|3|8
12.3|96.25|1869|428|5.1|5.1|3|8
12.4|96.24|1869|428|5.1|5.1|3|8
12.5|96.23|1869|428|5.1|5.1|3|8
12.6|96.23|1869|428|5.1|5.1|3|8
12.7|96.21|1871|428|5.1|5.1|3|8
12.8|96.21|1871|428|5.1|5.1|3|8
12.9|96.21|1871|428|5.1|5.1|3|8
13|96.2|1871|428|5.1|5.1|3|8
13.1|96.2|1871|428|5.1|5.1|3|8
13.2|96.24|1874|428|5.1|5.1|3|8
13.3|96.24|1874|428|5.1|5.1|3|8
13.4|96.23|1874|428|5.1|5.1|3|8
13.5|96.21|1876|428|5.1|5.1|4|8
13.6|96.41|1874|428|5.1|5.1|4|8
13.7|96.76|1861|428|5.1|5.1|4|8
13.8|97.26|1479|428|5.1|5.1|4|8
13.9|97.69|1103|427|5.1|5.1|5|8
14|97.88|1098|426|5.2|5.2|5|8
14.1|97.92|1098|426|5.2|5.2|5|8
14.2|97.89|1095|426|5.2|5.2|5|8
14.3|97.9|1095|426|5.2|5.2|5|8
14.4|97.93|1095|426|5.2|5.2|5|8
14.5|97.92|1093|425|5.2|5.2|5|8
14.6|97.93|1093|424|5.2|5.2|5|8
14.7|97.93|1093|424|5.2|5.2|5|8
14.8|97.94|1093|424|5.2|5.2|5|8
14.9|97.97|1093|424|5.2|5.2|5|8
15|97.96|1093|424|5.2|5.2|5|8
15.1|97.96|1093|424|5.2|5.2|5|8
15.2|97.92|1093|424|5.2|5.2|5|8
15.3|97.92|1093|424|5.2|5.2|5|8
15.4|97.94|1093|424|5.2|5.2|5|8
15.5|97.94|1093|424|5.2|5.2|5|8
15.6|97.93|1093|424|5.2|5.2|5|8
15.7|97.92|1090|424|5.2|5.2|5|8
15.8|97.92|1090|424|5.2|5.2|5|8
15.9|97.88|1090|424|5.2|5.2|2|8
16|97.58|1090|424|5.2|5.2|2|8
16.1|97.18|1124|424|5.2|5.2|2|8
16.2|96.72|1528|424|5.2|5.2|2|8
16.3|96.36|1840|425|5.2|5.2|3|8
16.4|96.2|1856|426|5.2|5.2|3|8
16.5|96.14|1861|426|5.2|5.2|3|8
16.6|96.09|1866|426|5.2|5.2|3|8
16.7|96.04|1869|426|5.2|5.2|3|8
16.8|96.05|1871|426|5.2|5.2|3|8
16.9|95.96|1874|426|5.2|5.2|3|8
17|96.08|1874|426|5.2|5.2|3|8
17.1|96.01|1876|426|5.2|5.2|3|8
17.2|96.05|1876|426|5.2|5.2|3|8
17.3|95.98|1876|427|5.2|5.2|3|8
17.4|96.08|1879|427|5.2|5.2|3|8
17.5|96.02|1879|427|5.2|5.2|3|8
17.6|96.01|1879|427|5.2|5.2|3|8
17.7|96.04|1879|427|5.2|5.2|3|8
17.8|96.01|1879|427|5.2|5.2|3|8
17.9|96.04|1881|427|5.2|5.2|3|8
18|96.04|1879|427|5.2|5.2|3|8
18.1|95.97|1879|428|5.2|5.2|3|8
18.2|96.05|1879|428|5.2|5.2|3|8
18.3|96.08|1879|427|5.2|5.2|4|8
18.4|96.29|1876|427|5.2|5.2|4|8
18.5|96.79|1838|427|5.3|5.3|4|8
18.6|97.27|1175|428|5.3|5.3|5|8
18.7|97.67|1101|426|5.3|5.3|5|8
18.8|97.71|1098|426|5.3|5.3|5|8
18.9|97.81|1095|426|5.3|5.3|5|8
19|97.8|1095|426|5.3|5.3|5|8
19.1|97.84|1095|426|5.3|5.3|5|8
19.2|97.85|1093|426|5.3|5.3|5|8
19.3|97.81|1093|426|5.3|5.3|5|8
19.4|97.81|1093|426|5.3|5.3|5|8
19.5|97.81|1093|426|5.3|5.3|5|8
19.6|97.84|1090|426|5.3|5.3|5|8
19.7|97.88|1090|426|5.3|5.3|5|8
19.8|97.8|1090|426|5.3|5.3|5|8
19.9|97.82|1090|426|5.3|5.3|5|8
20|97.82|1090|426|5.3|5.3|5|8
20.1|97.82|1088|426|5.3|5.3|5|8
20.2|97.82|1088|426|5.3|5.3|5|8
20.3|97.82|1088|426|5.3|5.3|5|8
20.4|97.81|1088|426|5.3|5.3|5|8
20.5|97.81|1088|426|5.3|5.3|5|8
20.6|97.82|1088|426|5.3|5.3|2|8
20.7|97.76|1088|426|5.3|5.3|2|8
20.8|97.37|1088|426|5.3|5.3|2|8
20.9|96.94|1098|426|5.3|5.3|2|8
21|96.49|1668|426|5.3|5.3|3|8
21.1|96.17|1840|427|5.3|5.3|3|8
21.2|95.97|1861|428|5.3|5.3|3|8
21.3|95.88|1866|428|5.3|5.3|3|8
21.4|95.8|1869|428|5.3|5.3|3|8
21.5|95.81|1871|428|5.3|5.3|3|8
21.6|95.85|1874|428|5.3|5.3|3|8
21.7|95.82|1876|428|5.3|5.3|3|8
21.8|95.82|1879|428|5.3|5.3|3|8
21.9|95.85|1881|428|5.3|5.3|3|8
22|95.85|1884|428|5.3|5.3|3|8
22.1|95.82|1884|428|5.3|5.3|3|8
22.2|95.82|1884|428|5.3|5.3|3|8
22.3|95.82|1884|428|5.3|5.3|3|8
22.4|95.81|1884|428|5.3|5.3|3|8
22.5|95.78|1884|428|5.3|5.3|3|8
22.6|95.8|1884|428|5.3|5.3|3|8
22.7|95.84|1884|429|5.3|5.3|3|8
22.8|95.8|1887|429|5.3|5.3|3|8
22.9|95.82|1887|429|5.3|5.3|3|8
23|95.81|1887|430|5.3|5.3|4|8
23.1|95.9|1887|430|5.3|5.3|4|8
23.2|96.16|1881|429|5.3|5.3|4|8
23.3|96.64|1843|430|5.3|5.3|4|8
23.4|97.15|1366|430|5.3|5.3|5|8
23.5|97.51|1101|430|5.4|5.3|5|8
23.6|97.73|1095|429|5.4|5.4|5|8
23.7|97.73|1093|429|5.4|5.4|5|8
23.8|97.74|1090|428|5.4|5.4|5|8
23.9|97.78|1090|428|5.4|5.4|5|8
24|97.82|1090|428|5.4|5.4|5|8
24.1|97.77|1088|428|5.4|5.4|5|8
24.2|97.77|1088|428|5.4|5.4|5|8
24.3|97.77|1088|428|5.4|5.4|5|8
24.4|97.77|1088|428|5.4|5.4|5|8
24.5|97.77|1090|428|5.4|5.4|5|8
24.6|97.77|1088|428|5.4|5.4|5|8
24.7|97.77|1085|428|5.4|5.4|5|8
24.8|97.77|1085|428|5.4|5.4|5|8
24.9|97.77|1085|428|5.4|5.4|5|8
25|97.77|1085|428|5.4|5.4|5|8
25.1|97.77|1085|428|5.4|5.4|5|8
25.2|97.77|1085|428|5.4|5.4|5|8
25.3|97.76|1085|428|5.4|5.4|5|8
25.4|97.77|1085|428|5.4|5.4|2|8
25.5|97.74|1085|428|5.4|5.4|2|8
25.6|97.39|1085|428|5.4|5.4|2|8
25.7|96.99|1101|428|5.4|5.4|2|8
25.8|96.52|1412|428|5.4|5.4|2|8
25.9|96.16|1830|429|5.4|5.4|3|8
26|95.92|1856|430|5.4|5.4|3|8
26.1|95.85|1866|430|5.4|5.4|3|8
26.2|95.8|1871|430|5.4|5.4|3|8
26.3|95.8|1874|430|5.4|5.4|3|8
26.4|95.78|1876|430|5.4|5.4|3|8
26.5|95.76|1879|430|5.4|5.4|3|8
26.6|95.74|1881|430|5.4|5.4|3|8
26.7|95.76|1881|430|5.4|5.4|3|8
26.8|95.77|1881|430|5.4|5.4|3|8
26.9|95.76|1884|430|5.4|5.4|3|8
27|95.78|1884|430|5.4|5.4|3|8
27.1|95.78|1884|430|5.4|5.4|3|8
27.2|95.8|1887|430|5.4|5.4|3|8
27.3|95.76|1887|430|5.4|5.4|3|8
27.4|95.73|1887|431|5.4|5.4|3|8
27.5|95.74|1887|431|5.4|5.4|3|8
27.6|95.76|1887|431|5.4|5.4|3|8
27.7|95.76|1887|431|5.4|5.4|3|8
27.8|95.77|1887|431|5.4|5.4|3|8
27.9|95.78|1887|431|5.4|5.4|4|8
28|96.06|1879|431|5.4|5.4|4|8
28.1|96.53|1840|431|5.4|5.4|4|8
28.2|97.02|1343|432|5.4|5.4|5|8
28.3|97.39|1108|431|5.4|5.4|5|8
28.4|97.51|1101|430|5.4|5.4|5|8
28.5|97.53|1098|430|5.4|5.4|5|8
28.6|97.62|1093|430|5.4|5.4|5|8
28.7|97.62|1093|430|5.4|5.4|5|8
28.8|97.63|1093|429|5.4|5.4|5|8
28.9|97.61|1093|429|5.4|5.4|5|8
29|97.58|1090|430|5.4|5.4|5|8
29.1|97.61|1090|430|5.4|5.4|5|8
29.2|97.62|1090|430|5.4|5.4|5|8
29.3|97.61|1090|429|5.4|5.4|5|8
29.4|97.61|1088|429|5.4|5.4|5|8
29.5|97.62|1088|429|5.4|5.4|5|8
29.6|97.61|1088|429|5.4|5.4|5|8
29.7|97.61|1088|429|5.4|5.4|5|8
29.8|97.61|1088|429|5.4|5.4|5|8
29.9|97.61|1088|429|5.4|5.4|5|8
30|97.61|1088|429|5.4|5.4|5|8
30.1|97.61|1088|429|5.4|5.4|5|8
30.2|97.61|1090|429|5.4|5.4|2|8
30.3|97.57|1093|413|5.4|5.4|2|8
30.4|97.27|1093|407|5.4|5.4|2|8
30.5|96.84|1124|405|5.4|5.4|2|8
30.6|96.37|1304|405|5.4|5.4|2|8
30.7|95.94|1822|405|5.4|5.4|3|8
30.8|95.73|1869|405|5.4|5.4|3|8
30.9|95.58|1879|404|5.4|5.4|3|8
31|95.49|1881|405|5.4|5.4|3|8
31.1|95.49|1884|405|5.4|5.4|3|8
31.2|95.53|1887|405|5.4|5.4|3|8
31.3|95.51|1887|405|5.4|5.4|3|8
31.4|95.5|1892|405|5.4|5.4|3|8
31.5|95.5|1892|405|5.4|5.4|3|8
31.6|95.51|1894|405|5.4|5.4|3|8
31.7|95.53|1894|405|5.4|5.4|3|8
31.8|95.5|1897|405|5.4|5.4|3|8
31.9|95.47|1897|405|5.4|5.4|3|8
32|95.51|1897|405|5.4|5.4|3|8
32.1|95.53|1899|405|5.4|5.4|3|8
32.2|95.51|1899|405|5.4|5.4|3|8
32.3|95.47|1899|405|5.4|5.4|3|8
32.4|95.49|1902|405|5.4|5.4|3|8
32.5|95.51|1902|405|5.4|5.4|3|8
32.6|95.53|1902|405|5.4|5.4|3|8
32.7|95.5|1902|405|5.4|5.4|4|8
32.8|95.73|1897|405|5.4|5.4|4|8
32.9|96.19|1866|406|5.4|5.4|4|8
33|96.64|1201|406|5.4|5.4|5|8
33.1|96.98|1139|406|5.4|5.4|5|8
33.2|97.07|1124|405|5.4|5.4|5|8
33.3|97.07|1113|405|5.4|5.4|5|8
33.4|97.16|1103|405|5.4|5.4|5|8
33.5|97.18|1101|405|5.4|5.4|5|8
33.6|97.18|1101|405|5.4|5.4|5|8
33.7|97.18|1098|405|5.4|5.4|5|8
33.8|97.18|1095|404|5.4|5.4|5|8
33.9|97.12|1095|404|5.4|5.4|5|8
34|97.14|1095|404|5.4|5.4|5|8
34.1|97.2|1095|404|5.4|5.4|5|8
34.2|97.18|1093|404|5.4|5.4|5|8
34.3|97.18|1093|404|5.4|5.4|5|8
34.4|97.15|1093|404|5.4|5.4|5|8
34.5|97.12|1093|404|5.4|5.4|5|8
34.6|97.16|1093|404|5.4|5.4|5|8
34.7|97.19|1093|404|5.4|5.4|5|8
34.8|97.22|1093|404|5.4|5.4|5|8
34.9|97.15|1093|404|5.4|5.4|5|8
35|97.14|1093|404|5.4|5.4|2|8
35.1|97.08|1093|404|5.4|5.4|2|8
35.2|96.71|1098|404|5.4|5.4|2|8
35.3|96.31|1139|404|5.4|5.4|2|8
35.4|95.82|1322|405|5.4|5.4|2|8
35.5|95.45|1835|405|5.4|5.4|3|8
35.6|95.21|1863|405|5.4|5.4|3|8
35.7|95.07|1869|405|5.4|5.4|3|8
35.8|95.03|1871|405|5.4|5.4|3|8
35.9|95.03|1874|405|5.4|5.4|3|8
36|94.98|1874|405|5.4|5.4|3|8
36.1|94.99|1874|405|5.4|5.4|3|8
36.2|95|1876|405|5.4|5.4|3|8
36.3|95.03|1879|405|5.4|5.4|3|8
36.4|95|1884|405|5.4|5.4|3|8
36.5|94.98|1887|405|5.4|5.4|3|8
36.6|95.02|1884|405|5.4|5.4|3|8
36.7|95.02|1889|405|5.4|5.4|3|8
36.8|95|1892|405|5.4|5.4|3|8
36.9|94.99|1887|405|5.4|5.4|3|8
37|94.99|1894|405|5.4|5.4|3|8
37.1|94.99|1897|405|5.4|5.4|3|8
37.2|95|1897|405|5.4|5.4|3|8
37.3|94.99|1897|405|5.4|5.4|3|8
37.4|95.02|1899|405|5.4|5.4|3|8
37.5|95.03|1897|405|5.4|5.4|4|8
37.6|95.29|1887|405|5.4|5.4|4|8
37.7|95.73|1802|406|5.4|5.4|4|8
37.8|96.08|1183|406|5.4|5.4|2|8
37.9|96.19|1116|405|5.4|5.4|2|8
38|96.2|1113|405|5.4|5.4|2|8
38.1|96.12|1108|405|5.4|5.4|2|8
38.2|96.12|1108|405|5.4|5.4|2|8
38.3|96.04|1098|405|5.4|5.4|2|8
38.4|95.96|1098|404|5.4|5.4|2|8
38.5|95.92|1098|405|5.4|5.4|2|8
38.6|95.81|1108|404|5.4|5.4|2|8
38.7|95.82|1111|404|5.4|5.4|2|8
38.8|95.76|1098|404|5.4|5.4|2|8
38.9|95.7|1098|404|5.4|5.4|2|8
39|95.62|1103|404|5.4|5.4|2|8
39.1|95.5|1113|404|5.4|5.4|2|8
39.2|95.51|1108|404|5.4|5.4|2|8
39.3|95.47|1121|404|5.4|5.4|2|8
39.4|95.31|1116|404|5.4|5.4|2|8
39.5|95.27|1165|404|5.4|5.4|2|8
39.6|95.19|1425|404|5.4|5.4|2|8
39.7|95.17|1675|405|5.4|5.4|2|8
39.8|95.21|1698|405|5.4|5.4|2|8
39.9|95.41|1302|406|5.4|5.4|2|8
40|95.49|1101|405|5.4|5.4|2|8
40.1|95.55|1098|404|5.4|5.4|2|8
40.2|95.54|1095|404|5.4|5.4|2|8
40.3|95.47|1095|404|5.4|5.4|2|8
40.4|95.43|1095|404|5.4|5.4|2|8
40.5|95.33|1093|404|5.4|5.4|2|8
40.6|95.31|1129|404|5.4|5.4|2|8
40.7|95.23|1173|404|5.4|5.4|2|8
40.8|95.17|1196|405|5.4|5.4|2|8
40.9|95.22|1168|405|5.4|5.4|2|8
41|95.08|1155|405|5.4|5.4|2|8
41.1|94.94|1144|405|5.4|5.4|2|8
41.2|94.95|1101|405|5.4|5.4|2|8
41.3|94.87|1178|405|5.4|5.4|2|8
41.4|94.8|1129|405|5.4|5.4|2|8
41.5|94.68|1284|404|5.4|5.4|2|8
41.6|94.64|1108|404|5.4|5.4|2|8
41.7|94.68|1180|405|5.4|5.4|2|8
41.8|94.51|1178|405|5.4|5.4|2|8
41.9|94.48|1170|405|5.4|5.4|2|8
42|94.39|1219|405|5.4|5.4|2|8
42.1|94.37|1183|405|5.4|5.4|2|8
42.2|94.23|1119|404|5.4|5.4|2|8
42.3|94.25|1108|404|5.4|5.4|2|8
42.4|94.06|1196|404|5.4|5.4|2|8
42.5|94|1165|404|5.4|5.4|2|8
42.6|93.93|1119|404|5.4|5.4|2|8
42.7|93.9|1157|404|5.4|5.4|2|8
42.8|93.82|1113|404|5.4|5.4|2|8
42.9|93.74|1294|405|5.4|5.4|2|8
43|93.66|1198|405|5.4|5.4|2|8
43.1|93.53|1101|404|5.4|5.4|2|8
43.2|93.55|1116|404|5.4|5.4|2|8
43.3|93.41|1144|404|5.4|5.4|2|8
43.4|93.33|1157|404|5.4|5.4|2|8
43.5|93.18|1211|404|5.4|5.4|2|8
43.6|93.19|1139|404|5.4|5.4|2|8
43.7|93.15|1198|404|5.4|5.4|2|8
43.8|93|1121|404|5.4|5.4|2|8
43.9|92.91|1201|404|5.4|5.4|2|8
44|92.82|1206|404|5.4|5.4|2|8
44.1|92.74|1175|404|5.4|5.4|2|8
44.2|92.67|1129|404|5.4|5.4|2|8
44.3|92.6|1211|404|5.4|5.4|2|8
44.4|92.47|1149|404|5.4|5.4|2|8
44.5|92.39|1139|404|5.4|5.4|2|8
44.6|92.28|1253|404|5.4|5.4|2|8
44.7|92.12|1152|404|5.4|5.4|2|8
44.8|92.07|1173|404|5.4|5.4|2|8
44.9|92.02|1134|404|5.4|5.4|2|8
45|91.9|1157|404|5.4|5.4|2|8
45.1|91.81|1147|404|5.4|5.4|2|8
45.2|91.73|1160|404|5.4|5.4|2|8
45.3|91.56|1124|404|5.4|5.4|2|8
45.4|91.5|1149|404|5.4|5.4|2|8
45.5|91.42|1160|404|5.4|5.4|2|8
45.6|91.29|1255|404|5.4|5.4|2|8
45.7|91.22|1222|404|5.4|5.4|2|8
45.8|91.05|1235|404|5.4|5.4|2|8
45.9|90.95|1152|404|5.4|5.4|2|8
46|90.86|1162|404|5.4|5.4|2|8
46.1|90.72|1299|404|5.4|5.4|2|8
46.2|90.62|1113|404|5.4|5.4|2|8
46.3|90.52|1111|404|5.4|5.4|2|8
46.4|90.41|1201|404|5.4|5.4|2|8
46.5|90.33|1121|404|5.4|5.4|2|8
46.6|90.19|1129|404|5.4|5.4|2|8
46.7|90.03|1211|404|5.4|5.4|2|8
46.8|89.9|1204|404|5.4|5.4|2|8
46.9|89.8|1211|404|5.4|5.4|2|8
47|89.7|1106|404|5.4|5.4|2|8
47.1|89.5|1227|404|5.4|5.4|2|8
47.2|89.49|1183|403|5.4|5.4|2|8
47.3|89.31|1196|404|5.4|5.4|2|8
47.4|89.19|1237|404|5.4|5.4|2|8
47.5|89.07|1170|404|5.4|5.4|2|8
47.6|88.88|1224|404|5.4|5.4|2|8
47.7|88.83|1131|404|5.4|5.4|2|8
47.8|88.71|1294|404|5.4|5.4|2|8
47.9|88.54|1255|404|5.4|5.4|2|8
48|88.36|1229|404|5.4|5.4|2|8
48.1|88.24|1144|404|5.4|5.4|2|8
48.2|88.11|1222|404|5.4|5.4|2|8
48.3|88|1188|404|5.4|5.4|2|8
48.4|87.85|1229|403|5.4|5.4|2|8
48.5|87.68|1204|404|5.4|5.4|2|8
48.6|87.56|1222|404|5.4|5.4|2|8
48.7|87.42|1281|404|5.4|5.4|2|8
48.8|87.23|1271|404|5.4|5.4|2|8
48.9|87.09|1111|404|5.4|5.4|2|8
49|86.97|1152|404|5.4|5.4|2|8
49.1|86.75|1201|404|5.4|5.4|2|8
49.2|86.63|1144|404|5.4|5.4|2|8
49.3|86.48|1312|405|5.4|5.4|2|8
49.4|86.29|1188|404|5.4|5.4|2|8
49.5|86.15|1235|404|5.4|5.4|2|8
49.6|86.01|1312|404|5.4|5.4|2|8
49.7|85.88|1219|404|5.4|5.4|2|8
49.8|85.66|1250|404|5.4|5.4|2|8
49.9|85.48|1157|404|5.4|5.4|2|8
50|85.27|1227|404|5.4|5.4|2|8
50.1|85.15|1227|404|5.4|5.4|2|8
50.2|84.95|1134|404|5.4|5.4|2|8
50.3|84.8|1327|404|5.4|5.4|2|8
50.4|84.59|1317|405|5.4|5.4|2|8
50.5|84.4|1193|404|5.4|5.4|2|8
50.6|84.25|1242|403|5.4|5.4|2|8
50.7|84.08|1235|404|5.4|5.4|2|8
50.8|83.88|1397|404|5.4|5.4|2|8
50.9|83.68|1296|405|5.4|5.4|2|8
51|83.52|1291|404|5.4|5.4|2|8
51.1|83.32|1206|404|5.4|5.4|2|8
51.2|83.11|1250|404|5.4|5.4|2|8
51.3|82.67|1410|404|5.4|5.4|6|8
51.4|80.59|1923|404|5.4|5.4|6|8
51.5|77.64|580|404|5.4|5.4|7|8
51.6|74.62|0|401|5.4|5.4|7|8
51.7|73.02|0|400|5.4|5.4|7|8
51.8|72.46|0|400|5.4|5.4|7|8
51.9|72.24|0|400|5.4|5.4|7|8
52|72.1|0|399|5.4|5.4|7|8
52.1|72.07|0|399|5.4|5.4|7|8
52.2|72.06|0|399|5.4|5.4|7|8
52.3|72.04|0|399|5.4|5.4|7|8
52.4|72.04|0|399|5.4|5.4|7|8
52.5|72.07|0|398|5.4|5.4|7|8
52.6|72.06|0|398|5.4|5.4|7|8
52.7|72.04|0|398|5.4|5.4|7|8
52.8|72.04|0|398|5.4|5.4|7|8
52.9|72.04|0|398|5.4|5.4|7|8
53|72.04|0|398|5.4|5.4|7|8
53.1|72.03|0|398|5.4|5.4|7|8
53.2|72.02|0|398|5.4|5.4|7|8
53.3|72|0|398|5.4|5.4|7|8
53.4|71.99|0|398|5.4|5.4|7|8
53.5|72|0|398|5.4|5.4|7|8
53.6|72.03|0|398|5.4|5.4|7|8
53.7|72.04|0|398|5.4|5.4|7|8
53.8|72.08|0|398|5.4|5.4|7|8
53.9|72.08|0|398|5.4|5.4|7|8
54|72.06|0|398|5.4|5.4|7|8
54.1|72.07|0|398|5.4|5.4|7|8
54.2|72.03|0|398|5.4|5.4|7|8
54.3|72.03|0|398|5.4|5.4|7|8
54.4|72.03|0|398|5.4|5.4|7|8
54.5|72.03|0|398|5.4|5.4|7|8
54.6|72.02|0|398|5.4|5.4|7|8
54.7|71.99|0|398|5.4|5.4|7|8
54.8|72.02|0|398|5.4|5.4|7|8
54.9|72|0|397|5.4|5.4|7|8
55|72.04|0|397|5.4|5.4|7|8
55.1|72.02|0|397|5.4|5.4|7|8
55.2|72.03|0|397|5.4|5.4|7|8
55.3|72.04|0|397|5.4|5.4|7|8
55.4|72.06|0|397|5.4|5.4|7|8
55.5|72.06|0|397|5.4|5.4|7|8
55.6|72.08|0|397|5.4|5.4|7|8
55.7|72.03|0|397|5.4|5.4|7|8
55.8|72.03|0|397|5.4|5.4|7|8
55.9|72.03|0|397|5.4|5.4|7|8
56|72.03|0|397|5.4|5.4|7|8
56.1|72.03|0|397|5.4|5.4|7|8
56.2|72.03|0|397|5.4|5.4|7|8
56.3|72.03|0|397|5.4|5.4|7|8
56.4|72.03|0|397|5.4|5.4|7|8
56.5|72.03|0|397|5.4|5.4|7|8
56.6|72.04|0|397|5.4|5.4|7|8
56.7|72.02|0|397|5.4|5.4|7|8
56.8|72.02|0|397|5.4|5.4|7|8
56.9|72|0|397|5.4|5.4|7|8
57|72.02|0|397|5.4|5.4|7|8
57.1|71.99|0|397|5.4|5.4|7|8
57.2|71.99|0|397|5.4|5.4|7|8
57.3|71.99|0|397|5.4|5.4|7|8
57.4|72.02|0|397|5.4|5.4|7|8
57.5|72.02|0|397|5.4|5.4|7|8
57.6|72.02|0|397|5.4|5.4|7|8
57.7|72.07|0|397|5.4|5.4|7|8
57.8|72.07|0|397|5.4|5.4|7|8
57.9|72.04|0|397|5.4|5.4|7|8
58|72.02|0|397|5.4|5.4|7|8
58.1|72|0|397|5.4|5.4|7|8
58.2|72|0|397|5.4|5.4|7|8
58.3|72|0|397|5.4|5.4|7|8
58.4|72|0|397|5.4|5.4|7|8
58.5|71.99|0|397|5.4|5.4|7|8
58.6|72.02|0|397|5.4|5.4|7|8
58.7|72.02|0|397|5.4|5.4|7|8
58.8|72.02|0|397|5.4|5.4|7|8
58.9|72.02|0|397|5.4|5.4|7|8
59|72|0|397|5.4|5.4|7|8
59.1|72.02|0|397|5.4|5.4|7|8
59.2|72|0|397|5.4|5.4|7|8
59.3|72.02|0|397|5.4|5.4|7|8
59.4|72.02|0|397|5.4|5.4|7|8
59.5|72.02|0|397|5.4|5.4|7|8
59.6|72|0|397|5.4|5.4|7|8
59.7|72.02|0|397|5.4|5.4|7|8
59.8|72|0|397|5.4|5.4|7|8
59.9|72|0|396|5.4|5.4|7|8
60|72|0|397|5.4|5.4|7|8
60.1|72|0|396|5.4|5.4|7|8
60.2|72.02|0|397|5.4|5.4|7|8
60.3|72.02|0|397|5.4|5.4|7|8
60.4|72|0|397|5.4|5.4|7|8
60.5|72.02|0|397|5.4|5.4|7|8
60.6|72.02|0|397|5.4|5.4|7|8
60.7|72.02|0|396|5.4|5.4|7|8
60.8|72.02|0|396|5.4|5.4|7|8
60.9|72|0|396|5.4|5.4|7|8
61|72.02|0|396|5.4|5.4|7|8
61.1|72.02|0|396|5.4|5.4|7|8
61.2|72|0|397|5.4|5.4|7|8
61.3|72|0|396|5.4|5.4|7|8
61.4|72|0|396|5.4|5.4|7|8
61.5|72|0|396|5.4|5.4|7|8
61.6|72.02|0|396|5.4|5.4|7|8
61.7|72.02|0|396|5.4|5.4|7|8
61.8|72|0|396|5.4|5.4|7|8
61.9|72|0|396|5.4|5.4|7|8
62|72|0|396|5.4|5.4|7|8
62.1|72|0|396|5.4|5.4|7|8
62.2|72|0|397|5.4|5.4|7|8
62.3|72|0|405|5.4|5.4|7|8
62.4|72|0|408|5.4|5.4|7|8
62.5|72|0|409|5.4|5.4|7|8
62.6|72.02|0|410|5.4|5.4|7|8
62.7|72|0|410|5.4|5.4|7|8
62.8|72.02|0|410|5.4|5.4|7|8
62.9|72|0|410|5.4|5.4|7|8
63|72|0|410|5.4|5.4|7|8
63.1|72|0|410|5.4|5.4|7|8
63.2|72|0|410|5.4|5.4|7|8
63.3|72|0|410|5.4|5.4|7|8
63.4|72|0|410|5.4|5.4|7|8
63.5|72|0|410|5.4|5.4|7|8
63.6|72|0|410|5.4|5.4|7|8
63.7|72|0|410|5.4|5.4|7|8
63.8|72|0|410|5.4|5.4|7|8
63.9|72|0|410|5.4|5.4|7|8
64|72|0|410|5.4|5.4|7|8
64.1|72|0|410|5.4|5.4|7|8
64.2|72|0|410|5.4|5.4|7|8
64.3|71.99|0|409|5.4|5.4|7|8
64.4|72|0|409|5.4|5.4|7|8
64.5|72|0|409|5.4|5.4|8|8
64.6|72.06|0|409|5.1|5.1|8|8
64.7|71.99|0|409|5.4|5.4|8|8
64.8|71.98|0|409|5.4|5.4|8|8
64.9|71.95|0|409|5.4|5.4|8|8
65|71.98|0|409|5.4|5.4|8|8
65.1|71.98|0|409|5.4|5.4|8|8
65.2|71.98|0|409|5.4|5.4|8|8
65.3|71.98|0|409|5.3|5.3|8|8
65.4|71.96|0|409|5.3|5.3|8|8
65.5|71.96|0|409|5.3|5.3|8|8
65.6|71.99|0|409|5.3|5.3|8|8
65.7|71.99|0|409|5.2|5.2|8|8
65.8|72.03|0|409|5.2|5.2|8|8
65.9|71.99|0|409|5.3|5.3|8|8
66|71.99|0|409|5.2|5.2|8|8
66.1|72.02|0|409|5.2|5.2|8|8
66.2|71.99|0|409|5.2|5.2|8|8
66.3|71.99|0|409|5.2|5.2|8|8
66.4|71.99|0|409|5.2|5.2|8|8
66.5|71.99|0|409|5.2|5.2|8|8
66.6|73.75|0|409|5.2|5.2|8|8
66.7|76.75|0|409|5.2|5.2|8|8
66.8|79.83|0|409|5.2|5.2|8|8
66.9|82.72|0|409|5.2|5.2|8|8
67|85.68|0|409|5.2|5.1|8|8
67.1|88.56|0|409|5.1|5.1|8|8
67.2|91.49|0|409|5.1|5.1|8|8
67.3|94.08|0|409|5.1|5.1|8|8
67.4|95.23|0|409|5.1|5.1|8|8
67.5|95.72|0|409|5.1|5.1|8|8
