0|96.08|1281|393|5|5|1|8
0.1|96.06|1593|394|5.1|5|1|8
0.2|96.06|1634|394|5.1|5|1|8
0.3|96.06|1655|395|5.1|5.1|1|8
0.4|96.08|1665|395|5.1|5.1|1|8
0.5|96.08|1683|395|5.1|5.1|3|8
0.6|96.05|1696|395|5.1|5.1|3|8
0.7|96.04|1701|394|5.1|5.1|3|8
0.8|96.01|1706|394|5.1|5.1|3|8
0.9|96|1711|395|5.1|5.1|3|8
1|96.06|1714|395|5.1|5.1|3|8
1.1|96.06|1719|394|5.1|5.1|3|8
1.2|96.06|1719|394|5.1|5.1|3|8
1.3|96.02|1719|394|5.1|5.1|3|8
1.4|95.98|1714|395|5.1|5.1|3|8
1.5|96.04|1711|395|5.1|5.1|3|8
1.6|96|1675|394|5.1|5.1|3|8
1.7|96.05|1562|395|5.1|5.1|3|8
1.8|95.97|1082|394|5.1|5.1|2|8
1.9|95.77|1080|394|5.1|5.1|2|8
2|95.35|1088|394|5.1|5.1|2|8
2.1|94.96|1240|394|5.1|5.1|2|8
2.2|94.49|1345|394|5.1|5.1|2|8
2.3|94.05|1760|394|5.1|5.1|3|8
2.4|93.89|1796|394|5.1|5.1|3|8
2.5|93.86|1809|394|5.1|5.1|3|8
2.6|93.66|1825|394|5.1|5.1|3|8
2.7|93.64|1830|394|5.1|5.1|3|8
2.8|93.6|1832|394|5.1|5.1|3|8
2.9|93.64|1832|394|5.1|5.1|3|8
3|93.65|1835|394|5.1|5.1|3|8
3.1|93.69|1838|394|5.1|5.1|3|8
3.2|93.61|1838|394|5.1|5.1|3|8
3.3|93.61|1840|394|5.1|5.1|3|8
3.4|93.64|1840|394|5.1|5.1|3|8
3.5|93.66|1843|394|5.2|5.2|3|8
3.6|93.61|1845|394|5.2|5.1|3|8
3.7|93.6|1845|394|5.2|5.2|3|8
3.8|93.62|1848|394|5.2|5.2|3|8
3.9|93.64|1848|394|5.2|5.2|3|8
4|93.68|1851|394|5.2|5.2|3|8
4.1|93.66|1851|394|5.2|5.2|3|8
4.2|93.64|1851|394|5.2|5.2|3|8
4.3|93.62|1853|394|5.2|5.2|4|8
4.4|93.84|1851|394|5.2|5.2|4|8
4.5|94.21|1822|394|5.2|5.2|4|8
4.6|94.72|1539|395|5.2|5.2|4|8
4.7|95.14|1072|394|5.2|5.2|5|8
4.8|95.35|1067|394|5.2|5.2|5|8
4.9|95.41|1062|394|5.2|5.2|5|8
5|95.46|1054|394|5.2|5.2|5|8
5.1|95.5|1059|394|5.2|5.2|5|8
5.2|95.55|1049|394|5.2|5.2|5|8
5.3|95.5|1049|394|5.2|5.2|5|8
5.4|95.5|1049|394|5.2|5.2|5|8
5.5|95.53|1052|394|5.2|5.2|5|8
5.6|95.47|1046|394|5.2|5.2|5|8
5.7|95.46|1046|394|5.2|5.2|5|8
5.8|95.49|1044|394|5.2|5.2|5|8
5.9|95.51|1044|394|5.2|5.2|5|8
6|95.58|1046|394|5.2|5.2|5|8
6.1|95.5|1049|394|5.2|5.2|5|8
6.2|95.5|1052|394|5.2|5.2|5|8
6.3|95.49|1052|394|5.2|5.2|5|8
6.4|95.45|1052|394|5.2|5.2|5|8
6.5|95.47|1052|394|5.2|5.2|5|8
6.6|95.51|1052|394|5.2|5.2|5|8
6.7|95.49|1052|394|5.2|5.2|2|8
6.8|95.21|1052|394|5.2|5.2|2|8
6.9|94.8|1052|394|5.2|5.2|2|8
7|94.44|1116|394|5.2|5.2|2|8
7.1|93.96|1698|394|5.2|5.2|3|8
7.2|93.68|1814|394|5.2|5.2|3|8
7.3|93.51|1838|394|5.2|5.2|3|8
7.4|93.39|1848|394|5.2|5.2|3|8
7.5|93.39|1856|394|5.2|5.2|3|8
7.6|93.42|1858|394|5.2|5.2|3|8
7.7|93.38|1861|394|5.2|5.2|3|8
7.8|93.37|1863|394|5.2|5.2|3|8
7.9|93.35|1869|394|5.2|5.2|3|8
8|93.34|1869|394|5.2|5.3|3|8
8.1|93.33|1869|394|5.3|5.3|3|8
8.2|93.34|1871|394|5.3|5.3|3|8
8.3|93.34|1871|394|5.3|5.3|3|8
8.4|93.38|1874|394|5.3|5.3|3|8
8.5|93.34|1874|394|5.3|5.3|3|8
8.6|93.34|1876|394|5.3|5.3|3|8
8.7|93.37|1876|394|5.3|5.3|3|8
8.8|93.34|1879|394|5.3|5.3|3|8
8.9|93.34|1879|394|5.3|5.3|3|8
9|93.34|1881|394|5.3|5.3|3|8
9.1|93.35|1881|394|5.3|5.3|4|8
9.2|93.39|1881|394|5.3|5.3|4|8
9.3|93.76|1874|394|5.3|5.3|4|8
9.4|94.13|1832|394|5.3|5.3|4|8
9.5|94.67|1126|394|5.3|5.3|5|8
9.6|95.02|1077|394|5.3|5.3|5|8
9.7|95.15|1080|394|5.3|5.3|5|8
9.8|95.08|1080|394|5.3|5.3|5|8
9.9|95.15|1077|394|5.3|5.3|5|8
10|95.22|1064|394|5.3|5.3|5|8
10.1|95.21|1062|394|5.3|5.3|5|8
10.2|95.18|1062|394|5.3|5.3|5|8
10.3|95.21|1059|394|5.3|5.3|5|8
10.4|95.21|1062|392|5.3|5.3|5|8
10.5|95.19|1062|392|5.3|5.3|5|8
10.6|95.19|1062|392|5.3|5.3|5|8
10.7|95.21|1062|392|5.3|5.3|5|8
10.8|95.21|1062|392|5.3|5.3|5|8
10.9|95.19|1062|392|5.3|5.3|5|8
11|95.17|1062|392|5.3|5.3|5|8
11.1|95.22|1062|392|5.3|5.3|5|8
11.2|95.18|1062|392|5.3|5.3|5|8
11.3|95.22|1062|392|5.3|5.3|5|8
11.4|95.19|1062|392|5.3|5.3|5|8
11.5|95.17|1062|392|5.3|5.3|2|8
11.6|95.17|1064|392|5.3|5.3|2|8
11.7|94.74|1064|392|5.3|5.3|2|8
11.8|94.35|1075|391|5.3|5.3|2|8
11.9|93.89|1554|392|5.3|5.3|2|8
12|93.57|1822|392|5.3|5.3|3|8
12.1|93.39|1853|392|5.3|5.3|3|8
12.2|93.11|1866|392|5.3|5.3|3|8
12.3|93.14|1871|392|5.3|5.3|3|8
12.4|93.17|1876|392|5.3|5.3|3|8
12.5|93.15|1881|392|5.3|5.3|3|8
12.6|93.15|1884|392|5.3|5.3|3|8
12.7|93.14|1887|392|5.3|5.3|3|8
12.8|93.14|1889|392|5.3|5.3|3|8
12.9|93.18|1892|392|5.3|5.3|3|8
13|93.13|1892|392|5.3|5.3|3|8
13.1|93.15|1892|392|5.3|5.3|3|8
13.2|93.15|1894|392|5.3|5.3|3|8
13.3|93.17|1894|392|5.3|5.3|3|8
13.4|93.13|1897|392|5.3|5.3|3|8
13.5|93.13|1897|392|5.3|5.3|3|8
13.6|93.15|1897|392|5.3|5.3|3|8
13.7|93.14|1897|392|5.3|5.3|3|8
13.8|93.15|1897|392|5.3|5.3|3|8
13.9|93.14|1899|392|5.3|5.3|3|8
14|93.22|1899|392|5.3|5.3|4|8
14.1|93.42|1897|392|5.3|5.3|4|8
14.2|93.81|1866|392|5.3|5.3|4|8
14.3|94.37|1567|392|5.3|5.3|4|8
14.4|94.76|1082|392|5.3|5.3|5|8
14.5|94.92|1075|392|5.3|5.3|5|8
14.6|95.17|1072|392|5.3|5.3|5|8
14.7|95.06|1072|392|5.3|5.3|5|8
14.8|95.12|1072|392|5.3|5.3|5|8
14.9|95.12|1075|392|5.3|5.3|5|8
15|95.06|1075|392|5.3|5.3|5|8
15.1|95.12|1075|392|5.3|5.3|5|8
15.2|95.07|1075|392|5.3|5.3|5|8
15.3|95.11|1075|392|5.3|5.3|5|8
15.4|95.15|1075|392|5.3|5.3|5|8
15.5|95.06|1075|392|5.3|5.3|5|8
15.6|95.11|1075|392|5.3|5.3|5|8
15.7|95.14|1075|392|5.3|5.3|5|8
15.8|95.07|1080|392|5.3|5.3|5|8
15.9|95.12|1080|392|5.3|5.3|5|8
16|95.12|1077|392|5.3|5.3|5|8
16.1|95.08|1077|392|5.3|5.3|5|8
16.2|95.11|1077|392|5.3|5.3|5|8
16.3|95.12|1077|392|5.3|5.3|5|8
16.4|95.03|1077|392|5.3|5.3|2|8
16.5|94.75|1082|392|5.3|5.3|2|8
16.6|94.44|1082|392|5.3|5.3|2|8
16.7|93.98|1237|392|5.3|5.3|2|8
16.8|93.58|1796|392|5.3|5.3|3|8
16.9|93.37|1858|392|5.3|5.3|3|8
17|93.15|1874|392|5.3|5.3|3|8
17.1|93.22|1881|392|5.3|5.3|3|8
17.2|93.11|1887|392|5.3|5.3|3|8
17.3|93.15|1892|392|5.3|5.3|3|8
17.4|93.13|1897|392|5.3|5.3|3|8
17.5|93.13|1899|392|5.3|5.3|3|8
17.6|93.07|1902|392|5.3|5.3|3|8
17.7|93.07|1905|392|5.3|5.3|3|8
17.8|93.09|1905|392|5.3|5.3|3|8
17.9|93.09|1907|392|5.3|5.3|3|8
18|93.1|1907|392|5.3|5.3|3|8
18.1|93.14|1907|392|5.3|5.3|3|8
18.2|93.1|1910|392|5.3|5.3|3|8
18.3|93.06|1910|392|5.3|5.3|3|8
18.4|93.07|1910|392|5.3|5.3|3|8
18.5|93.07|1910|392|5.3|5.3|3|8
18.6|93.07|1910|392|5.3|5.3|3|8
18.7|93.09|1910|392|5.3|5.3|3|8
18.8|93.11|1910|392|5.3|5.3|4|8
18.9|93.19|1910|392|5.3|5.3|4|8
19|93.54|1894|392|5.3|5.3|4|8
19.1|94.09|1840|392|5.3|5.3|4|8
19.2|94.63|1137|393|5.4|5.3|5|8
19.3|94.86|1093|393|5.3|5.4|5|8
19.4|95.07|1093|392|5.4|5.3|5|8
19.5|95.11|1090|392|5.4|5.3|5|8
19.6|95.07|1090|392|5.4|5.3|5|8
19.7|95.07|1093|392|5.4|5.4|5|8
19.8|95.11|1093|392|5.4|5.4|5|8
19.9|95.06|1098|392|5.4|5.4|5|8
20|95.1|1103|392|5.4|5.4|5|8
20.1|95.12|1103|392|5.4|5.4|5|8
20.2|95.06|1103|392|5.4|5.4|5|8
20.3|95.1|1103|392|5.4|5.4|5|8
20.4|95.11|1098|392|5.4|5.4|5|8
20.5|95.12|1103|392|5.4|5.4|5|8
20.6|95.04|1106|392|5.4|5.4|5|8
20.7|95.08|1106|392|5.4|5.4|5|8
20.8|95.11|1106|392|5.4|5.4|5|8
20.9|95.12|1101|392|5.4|5.4|5|8
21|95.04|1101|392|5.4|5.4|5|8
21.1|95.1|1098|392|5.4|5.4|5|8
21.2|95.1|1095|392|5.4|5.4|2|8
21.3|94.96|1093|392|5.4|5.4|2|8
21.4|94.67|1090|392|5.4|5.4|2|8
21.5|94.21|1095|392|5.4|5.4|2|8
21.6|93.74|1515|393|5.4|5.4|2|8
21.7|93.38|1840|392|5.4|5.4|3|8
21.8|93.23|1876|392|5.4|5.4|3|8
21.9|93.15|1887|392|5.4|5.4|3|8
22|93.14|1894|392|5.4|5.4|3|8
22.1|92.99|1899|392|5.4|5.4|3|8
22.2|93.04|1902|392|5.4|5.4|3|8
22.3|93.04|1907|392|5.4|5.4|3|8
22.4|93.04|1910|392|5.4|5.4|3|8
22.5|93.02|1912|392|5.4|5.4|3|8
22.6|93.03|1915|392|5.4|5.4|3|8
22.7|93.03|1918|392|5.4|5.4|3|8
22.8|93.04|1920|392|5.4|5.4|3|8
22.9|93.06|1923|392|5.4|5.4|3|8
23|93.04|1923|392|5.4|5.4|3|8
23.1|93.03|1923|392|5.4|5.4|3|8
23.2|93.03|1923|392|5.4|5.4|3|8
23.3|93.04|1925|392|5.4|5.4|3|8
23.4|93.04|1925|392|5.4|5.4|3|8
23.5|93.02|1925|392|5.4|5.4|3|8
23.6|93.03|1925|392|5.4|5.4|3|8
23.7|93.09|1925|392|5.4|5.4|4|8
23.8|93.33|1923|392|5.4|5.4|4|8
23.9|93.73|1881|392|5.4|5.4|4|8
24|94.28|1799|393|5.4|5.4|4|8
24.1|94.71|1131|394|5.4|5.4|5|8
24.2|94.96|1113|393|5.4|5.4|5|8
24.3|95.08|1116|393|5.4|5.4|5|8
24.4|95.14|1111|393|5.4|5.4|5|8
24.5|95.17|1111|393|5.4|5.4|5|8
24.6|95.15|1108|393|5.4|5.4|5|8
24.7|95.11|1113|393|5.4|5.4|5|8
24.8|95.14|1113|393|5.4|5.4|5|8
24.9|95.15|1111|393|5.4|5.4|5|8
25|95.18|1116|393|5.4|5.4|5|8
25.1|95.12|1116|393|5.4|5.4|5|8
25.2|95.11|1113|393|5.4|5.4|5|8
25.3|95.17|1116|393|5.4|5.4|5|8
25.4|95.15|1113|393|5.4|5.4|5|8
25.5|95.12|1111|393|5.4|5.4|5|8
25.6|95.11|1116|393|5.4|5.4|5|8
25.7|95.15|1113|393|5.4|5.4|5|8
25.8|95.18|1113|393|5.4|5.4|5|8
25.9|95.14|1116|393|5.4|5.4|5|8
26|95.11|1119|392|5.4|5.4|5|8
26.1|95.15|1119|393|5.4|5.4|2|8
26.2|94.94|1121|393|5.4|5.4|2|8
26.3|94.64|1119|392|5.4|5.4|2|8
26.4|94.16|1170|393|5.4|5.4|2|8
26.5|93.66|1428|394|5.4|5.4|2|8
26.6|93.22|1853|393|5.4|5.4|3|8
26.7|93.13|1887|393|5.4|5.4|3|8
26.8|93.02|1902|392|5.4|5.4|3|8
26.9|92.94|1912|392|5.4|5.4|3|8
27|92.92|1918|392|5.4|5.4|3|8
27.1|92.92|1923|392|5.4|5.4|3|8
27.2|92.84|1925|392|5.4|5.4|3|8
27.3|92.9|1928|392|5.4|5.4|3|8
27.4|92.91|1930|392|5.4|5.4|3|8
27.5|92.9|1930|392|5.4|5.4|3|8
27.6|92.88|1933|392|5.4|5.4|3|8
27.7|92.88|1933|392|5.4|5.4|3|8
27.8|92.9|1933|392|5.4|5.4|3|8
27.9|92.9|1936|392|5.4|5.4|3|8
28|92.9|1936|392|5.4|5.4|3|8
28.1|92.86|1936|392|5.4|5.4|3|8
28.2|92.9|1936|392|5.4|5.4|3|8
28.3|92.91|1936|392|5.4|5.4|3|8
28.4|92.9|1936|392|5.4|5.4|3|8
28.5|92.9|1936|392|5.4|5.4|3|8
28.6|92.88|1938|392|5.4|5.4|4|8
28.7|93.09|1936|392|5.4|5.4|4|8
28.8|93.46|1892|393|5.4|5.4|4|8
28.9|94.01|1188|394|5.4|5.4|5|8
29|94.33|1121|394|5.4|5.4|5|8
29.1|94.45|1121|394|5.4|5.4|5|8
29.2|94.51|1121|394|5.4|5.4|5|8
29.3|94.49|1121|394|5.4|5.4|5|8
29.4|94.52|1119|394|5.4|5.4|5|8
29.5|94.55|1119|394|5.4|5.4|5|8
29.6|94.63|1116|393|5.4|5.4|5|8
29.7|94.53|1119|393|5.4|5.4|5|8
29.8|94.48|1119|393|5.4|5.4|5|8
29.9|94.53|1121|393|5.4|5.4|5|8
30|94.6|1124|393|5.4|5.4|5|8
30.1|94.51|1121|393|5.4|5.4|5|8
30.2|94.52|1121|393|5.4|5.4|5|8
30.3|94.55|1121|393|5.4|5.4|5|8
30.4|94.63|1121|393|5.4|5.4|5|8
30.5|94.47|1121|393|5.4|5.4|5|8
30.6|94.53|1119|393|5.4|5.4|5|8
30.7|94.57|1124|393|5.4|5.4|5|8
30.8|94.59|1124|393|5.4|5.4|5|8
30.9|94.49|1124|393|5.4|5.4|2|8
31|94.45|1124|393|5.4|5.4|2|8
31.1|94.1|1126|393|5.4|5.4|2|8
31.2|93.68|1149|393|5.4|5.4|2|8
31.3|93.25|1809|393|5.4|5.4|3|8
31.4|93.03|1899|393|5.4|5.4|3|8
31.5|92.88|1915|393|5.4|5.4|3|8
31.6|92.9|1925|393|5.4|5.4|3|8
31.7|92.76|1930|393|5.4|5.4|3|8
31.8|92.79|1936|393|5.4|5.4|3|8
31.9|92.76|1941|393|5.4|5.4|3|8
32|92.78|1941|393|5.4|5.4|3|8
32.1|92.75|1943|393|5.4|5.4|3|8
32.2|92.75|1946|393|5.4|5.4|3|8
32.3|92.75|1946|393|5.4|5.4|3|8
32.4|92.76|1946|393|5.4|5.4|3|8
32.5|92.8|1946|392|5.4|5.4|3|8
32.6|92.72|1946|393|5.4|5.4|3|8
32.7|92.75|1946|392|5.4|5.4|3|8
32.8|92.75|1946|393|5.4|5.4|3|8
32.9|92.76|1948|393|5.4|5.4|3|8
33|92.8|1948|393|5.4|5.4|3|8
33.1|92.7|1948|393|5.4|5.4|3|8
33.2|92.78|1948|393|5.4|5.4|3|8
33.3|92.7|1951|393|5.4|5.4|4|8
33.4|92.79|1948|393|5.4|5.4|4|8
33.5|93.13|1941|393|5.4|5.4|4|8
33.6|93.69|1361|394|5.4|5.4|4|8
33.7|94.09|1144|394|5.4|5.4|5|8
33.8|94.24|1142|394|5.4|5.4|5|8
33.9|94.29|1139|394|5.4|5.4|5|8
34|94.39|1134|394|5.4|5.4|5|8
34.1|94.32|1124|394|5.4|5.4|5|8
34.2|94.36|1124|394|5.4|5.4|5|8
34.3|94.32|1126|394|5.4|5.4|5|8
34.4|94.32|1129|394|5.4|5.4|5|8
34.5|94.37|1124|394|5.4|5.4|5|8
34.6|94.33|1121|394|5.4|5.4|5|8
34.7|94.32|1121|394|5.4|5.4|5|8
34.8|94.33|1113|394|5.4|5.4|5|8
34.9|94.33|1119|394|5.4|5.4|5|8
35|94.32|1116|394|5.4|5.4|5|8
35.1|94.29|1121|394|5.4|5.4|5|8
35.2|94.32|1113|394|5.4|5.4|5|8
35.3|94.36|1113|394|5.4|5.4|5|8
35.4|94.37|1116|394|5.4|5.4|5|8
35.5|94.37|1108|394|5.4|5.4|5|8
35.6|94.37|1124|394|5.4|5.4|5|8
35.7|94.31|1121|394|5.4|5.4|2|8
35.8|93.98|1121|394|5.4|5.4|2|8
35.9|93.58|1116|394|5.4|5.4|2|8
36|93.18|1768|394|5.4|5.4|3|8
36.1|92.9|1897|393|5.4|5.4|3|8
36.2|92.79|1915|393|5.4|5.4|3|8
36.3|92.72|1925|393|5.4|5.4|3|8
36.4|92.68|1930|393|5.4|5.4|3|8
36.5|92.64|1938|393|5.4|5.4|3|8
36.6|92.62|1941|393|5.4|5.4|3|8
36.7|92.63|1943|393|5.4|5.4|3|8
36.8|92.64|1946|393|5.4|5.4|3|8
36.9|92.67|1946|393|5.4|5.4|3|8
37|92.6|1948|393|5.4|5.4|3|8
37.1|92.64|1948|393|5.4|5.4|3|8
37.2|92.63|1948|393|5.4|5.4|3|8
37.3|92.63|1948|393|5.4|5.4|3|8
37.4|92.63|1948|393|5.4|5.4|3|8
37.5|92.62|1948|393|5.4|5.4|3|8
37.6|92.64|1948|393|5.4|5.4|3|8
37.7|92.64|1948|393|5.4|5.4|3|8
37.8|92.6|1948|393|5.4|5.4|3|8
37.9|92.64|1948|393|5.4|5.4|3|8
38|92.64|1948|393|5.4|5.4|4|8
38.1|92.68|1951|393|5.4|5.4|4|8
38.2|92.96|1941|393|5.4|5.4|4|8
38.3|93.5|1655|394|5.4|5.4|4|8
38.4|93.88|1131|394|5.4|5.4|2|8
38.5|93.96|1131|394|5.4|5.4|2|8
38.6|93.97|1131|394|5.4|5.4|2|8
38.7|94|1126|394|5.4|5.4|2|8
38.8|93.92|1126|394|5.4|5.4|2|8
38.9|93.84|1126|394|5.4|5.4|2|8
39|93.86|1131|394|5.4|5.4|2|8
39.1|93.74|1129|394|5.4|5.4|2|8
39.2|93.68|1124|394|5.4|5.4|2|8
39.3|93.57|1124|394|5.4|5.4|2|8
39.4|93.53|1126|394|5.4|5.4|2|8
39.5|93.57|1126|394|5.4|5.4|2|8
39.6|93.41|1183|394|5.4|5.4|2|8
39.7|93.39|1222|394|5.4|5.4|2|8
39.8|93.33|1222|394|5.4|5.4|2|8
39.9|93.13|1149|394|5.4|5.4|2|8
40|93.13|1134|394|5.4|5.4|2|8
40.1|93.17|1137|394|5.4|5.4|2|8
40.2|93.17|1647|393|5.4|5.4|2|8
40.3|93.04|1817|394|5.4|5.4|2|8
40.4|93.15|1830|394|5.4|5.4|2|8
40.5|93.33|1768|394|5.4|5.4|2|8
40.6|93.49|1276|394|5.4|5.4|2|8
40.7|93.61|1129|394|5.4|5.4|2|8
40.8|93.64|1119|394|5.4|5.4|2|8
40.9|93.73|1129|394|5.4|5.4|2|8
41|93.55|1126|394|5.4|5.4|2|8
41.1|93.54|1124|394|5.4|5.4|2|8
41.2|93.57|1142|393|5.4|5.4|2|8
41.3|93.39|1119|393|5.4|5.4|2|8
41.4|93.37|1186|393|5.4|5.4|2|8
41.5|93.31|1258|394|5.4|5.4|2|8
41.6|93.13|1670|394|5.4|5.4|2|8
41.7|93.33|1165|394|5.4|5.4|2|8
41.8|93.37|1131|394|5.4|5.4|2|8
41.9|93.37|1137|393|5.4|5.4|2|8
42|93.29|1134|394|5.4|5.4|2|8
42.1|93.14|1188|394|5.4|5.4|2|8
42.2|93.15|1168|394|5.4|5.4|2|8
42.3|93.25|1332|394|5.4|5.4|2|8
42.4|93.15|1737|394|5.4|5.4|2|8
42.5|93.1|1773|394|5.4|5.4|2|8
42.6|93.29|1755|394|5.4|5.4|2|8
42.7|93.45|1732|394|5.4|5.4|2|8
42.8|93.65|1343|394|5.4|5.4|2|8
42.9|93.81|1134|394|5.4|5.4|2|8
43|93.88|1129|394|5.4|5.4|2|8
43.1|93.82|1131|394|5.4|5.4|2|8
43.2|93.72|1131|394|5.4|5.4|2|8
43.3|93.7|1131|394|5.4|5.4|2|8
43.4|93.58|1134|394|5.4|5.4|2|8
43.5|93.51|1134|394|5.4|5.4|2|8
43.6|93.57|1155|394|5.4|5.4|2|8
43.7|93.47|1149|394|5.4|5.4|2|8
43.8|93.45|1186|394|5.4|5.4|2|8
43.9|93.35|1224|394|5.4|5.4|2|8
44|93.18|1255|394|5.4|5.4|2|8
44.1|93.14|1137|394|5.4|5.4|2|8
44.2|93.1|1268|394|5.4|5.4|2|8
44.3|93.14|1477|394|5.4|5.4|2|8
44.4|93.03|1755|394|5.4|5.4|2|8
44.5|93.1|1781|394|5.4|5.4|2|8
44.6|93.3|1809|394|5.4|5.4|2|8
44.7|93.45|1735|394|5.4|5.4|2|8
44.8|93.64|1155|394|5.4|5.4|2|8
44.9|93.76|1131|394|5.4|5.4|2|8
45|93.8|1129|393|5.4|5.4|2|8
45.1|93.65|1129|393|5.4|5.4|2|8
45.2|93.64|1129|393|5.4|5.4|2|8
45.3|93.53|1131|393|5.4|5.4|2|8
45.4|93.54|1126|393|5.4|5.4|2|8
45.5|93.57|1124|393|5.4|5.4|2|8
45.6|93.41|1180|393|5.4|5.4|2|8
45.7|93.38|1198|393|5.4|5.4|2|8
45.8|93.31|1149|393|5.4|5.4|2|8
45.9|93.13|1134|393|5.4|5.4|2|8
46|93.14|1134|393|5.4|5.4|2|8
46.1|93.21|1137|393|5.4|5.4|2|8
46.2|93.13|1353|393|5.4|5.4|2|8
46.3|93.03|1379|394|5.4|5.4|2|8
46.4|92.94|1294|394|5.4|5.4|2|8
46.5|92.86|1250|394|5.4|5.4|2|8
46.6|92.9|1209|394|5.4|5.4|2|8
46.7|92.79|1227|394|5.4|5.4|2|8
46.8|92.67|1216|394|5.4|5.4|2|8
46.9|92.68|1299|394|5.4|5.4|2|8
47|92.67|1399|394|5.4|5.4|2|8
47.1|92.51|1302|394|5.4|5.4|2|8
47.2|92.36|1168|394|5.4|5.4|2|8
47.3|92.37|1108|394|5.4|5.4|2|8
47.4|92.32|1317|393|5.4|5.4|2|8
47.5|92.25|1294|394|5.4|5.4|2|8
47.6|92.15|1206|394|5.4|5.4|2|8
47.7|92.12|1284|393|5.4|5.4|2|8
47.8|92.02|1312|394|5.4|5.4|2|8
47.9|91.98|1211|393|5.4|5.4|2|8
48|91.93|1258|392|5.4|5.4|2|8
48.1|91.84|1260|393|5.4|5.4|2|8
48.2|91.73|1253|393|5.4|5.4|2|8
48.3|91.6|1188|393|5.4|5.4|2|8
48.4|91.54|1214|393|5.4|5.4|2|8
48.5|91.51|1188|393|5.4|5.4|2|8
48.6|91.47|1173|393|5.4|5.4|2|8
48.7|91.35|1247|394|5.4|5.4|2|8
48.8|91.3|1229|394|5.4|5.4|2|8
48.9|91.17|1371|394|5.4|5.4|2|8
49|91|1173|393|5.4|5.4|2|8
49.1|91.05|1237|393|5.4|5.4|2|8
49.2|90.94|1314|392|5.4|5.4|2|8
49.3|90.79|1255|394|5.4|5.4|2|8
49.4|90.76|1317|393|5.4|5.4|2|8
49.5|90.63|1240|394|5.4|5.4|2|8
49.6|90.56|1296|394|5.4|5.4|2|8
49.7|90.45|1162|393|5.4|5.4|2|8
49.8|90.39|1245|393|5.4|5.4|2|8
49.9|90.32|1309|393|5.4|5.4|2|8
50|90.17|1278|392|5.4|5.4|2|8
50.1|90.08|1369|393|5.4|5.4|2|8
50.2|89.93|1168|394|5.4|5.4|2|8
50.3|89.86|1165|392|5.4|5.4|2|8
50.4|89.74|1165|392|5.4|5.4|2|8
50.5|89.77|1242|392|5.4|5.4|2|8
50.6|89.49|1137|392|5.4|5.4|2|8
50.7|89.48|1227|392|5.4|5.4|2|8
50.8|89.35|1286|393|5.4|5.4|2|8
50.9|89.18|1258|393|5.4|5.4|2|8
51|89.14|1278|393|5.4|5.4|2|8
51.1|88.95|1291|393|5.4|5.4|2|8
51.2|88.84|1247|393|5.4|5.4|2|8
51.3|88.87|1242|394|5.4|5.4|2|8
51.4|88.72|1284|394|5.4|5.4|2|8
51.5|88.55|1232|394|5.4|5.4|2|8
51.6|88.39|1307|394|5.4|5.4|2|8
51.7|88.27|1175|394|5.4|5.4|2|8
51.8|88.23|1284|394|5.4|5.4|2|8
51.9|88.07|1224|393|5.4|5.4|2|8
52|87.92|1353|394|5.4|5.4|2|8
52.1|87.78|1296|392|5.4|5.4|2|8
52.2|87.64|1268|394|5.4|5.4|2|8
52.3|87.58|1204|393|5.4|5.4|2|8
52.4|87.44|1224|393|5.4|5.4|2|8
52.5|87.25|1273|394|5.4|5.4|2|8
52.6|87.18|1191|393|5.4|5.4|2|8
52.7|86.97|1325|393|5.4|5.4|2|8
52.8|86.79|1351|393|5.4|5.4|2|8
52.9|86.67|1392|393|5.4|5.4|2|8
53|86.6|1263|392|5.4|5.4|2|8
53.1|86.39|1291|393|5.4|5.4|2|8
53.2|86.24|1307|393|5.4|5.4|2|8
53.3|86.13|1271|394|5.4|5.4|2|8
53.4|85.93|1309|393|5.4|5.4|2|8
53.5|85.76|1263|394|5.4|5.4|2|8
53.6|85.56|1430|394|5.4|5.4|2|8
53.7|85.52|1222|394|5.4|5.4|2|8
53.8|85.23|1384|394|5.4|5.4|2|8
53.9|85.15|1343|394|5.4|5.4|2|8
54|84.95|1255|394|5.4|5.4|2|8
54.1|84.8|1263|394|5.4|5.4|2|8
54.2|84.62|1265|394|5.4|5.4|2|8
54.3|84.42|1363|393|5.4|5.4|2|8
54.4|84.2|1309|393|5.4|5.4|2|8
54.5|84.11|1327|394|5.4|5.4|2|8
54.6|83.91|1397|394|5.4|5.4|2|8
54.7|83.69|1247|394|5.4|5.4|2|8
54.8|83.54|1381|394|5.4|5.4|2|8
54.9|83.32|1325|394|5.4|5.4|2|8
55|83.17|1320|394|5.4|5.4|2|8
55.1|82.87|1405|394|5.4|5.4|6|8
55.2|80.98|1974|393|5.4|5.4|6|8
55.3|78.3|1149|394|5.4|5.4|6|8
55.4|75.65|0|392|5.4|5.4|7|8
55.5|73.75|0|392|5.4|5.4|7|8
55.6|72.87|0|392|5.4|5.4|7|8
55.7|72.5|0|392|5.4|5.4|7|8
55.8|72.35|0|392|5.4|5.4|7|8
55.9|72.19|0|392|5.4|5.4|7|8
56|72.19|0|392|5.4|5.4|7|8
56.1|72.15|0|391|5.4|5.4|7|8
56.2|72.15|0|391|5.4|5.4|7|8
56.3|72.14|0|391|5.4|5.4|7|8
56.4|72.14|0|391|5.4|5.4|7|8
56.5|72.15|0|391|5.4|5.4|7|8
56.6|72.15|0|391|5.4|5.4|7|8
56.7|72.18|0|391|5.4|5.4|7|8
56.8|72.2|0|391|5.4|5.4|7|8
56.9|72.19|0|391|5.4|5.4|7|8
57|72.14|0|391|5.4|5.4|7|8
57.1|72.14|0|391|5.4|5.4|7|8
57.2|72.16|0|391|5.4|5.4|7|8
57.3|72.18|0|391|5.4|5.4|7|8
57.4|72.18|0|391|5.4|5.4|7|8
57.5|72.18|0|391|5.4|5.4|7|8
57.6|72.11|0|391|5.4|5.4|7|8
57.7|72.16|0|391|5.4|5.4|7|8
57.8|72.16|0|391|5.4|5.4|7|8
57.9|72.15|0|391|5.4|5.4|7|8
58|72.14|0|391|5.4|5.4|7|8
58.1|72.15|0|391|5.4|5.4|7|8
58.2|72.12|0|391|5.4|5.4|7|8
58.3|72.12|0|391|5.4|5.4|7|8
58.4|72.12|0|391|5.4|5.4|7|8
58.5|72.14|0|391|5.4|5.4|7|8
58.6|72.14|0|391|5.4|5.4|7|8
58.7|72.16|0|391|5.4|5.4|7|8
58.8|72.18|0|391|5.4|5.4|7|8
58.9|72.12|0|391|5.4|5.4|7|8
59|72.15|0|391|5.4|5.4|7|8
59.1|72.14|0|392|5.4|5.4|7|8
59.2|72.15|0|391|5.4|5.4|7|8
59.3|72.15|0|391|5.4|5.4|7|8
59.4|72.14|0|391|5.4|5.4|7|8
59.5|72.14|0|391|5.4|5.4|7|8
59.6|72.12|0|391|5.4|5.4|7|8
59.7|72.14|0|391|5.4|5.4|7|8
59.8|72.14|0|391|5.4|5.4|7|8
59.9|72.16|0|391|5.4|5.4|7|8
60|72.15|0|391|5.4|5.4|7|8
60.1|72.16|0|391|5.4|5.4|7|8
60.2|72.15|0|391|5.4|5.4|7|8
60.3|72.15|0|391|5.4|5.4|7|8
60.4|72.16|0|391|5.4|5.4|7|8
60.5|72.2|0|391|5.4|5.4|7|8
60.6|72.18|0|391|5.4|5.4|7|8
60.7|72.14|0|391|5.4|5.4|7|8
60.8|72.07|0|391|5.4|5.4|7|8
60.9|72.08|0|391|5.4|5.4|7|8
61|72.08|0|391|5.4|5.4|7|8
61.1|72.15|0|391|5.4|5.4|7|8
61.2|72.15|0|391|5.4|5.4|7|8
61.3|72.12|0|391|5.4|5.4|7|8
61.4|72.12|0|391|5.4|5.4|7|8
61.5|72.12|0|391|5.4|5.4|7|8
61.6|72.12|0|392|5.4|5.4|7|8
61.7|72.14|0|391|5.4|5.4|7|8
61.8|72.12|0|391|5.4|5.4|7|8
61.9|72.12|0|391|5.4|5.4|7|8
62|72.12|0|391|5.4|5.4|7|8
62.1|72.14|0|392|5.4|5.4|7|8
62.2|72.14|0|391|5.4|5.4|7|8
62.3|72.16|0|391|5.4|5.4|7|8
62.4|72.16|0|391|5.4|5.4|7|8
62.5|72.18|0|392|5.4|5.4|7|8
62.6|72.15|0|392|5.4|5.4|7|8
62.7|72.06|0|392|5.4|5.4|7|8
62.8|72.1|0|392|5.4|5.4|7|8
62.9|72.08|0|392|5.4|5.4|7|8
63|72.07|0|391|5.4|5.4|7|8
63.1|72.14|0|391|5.4|5.4|7|8
63.2|72.12|0|391|5.4|5.4|7|8
63.3|72.14|0|391|5.4|5.4|7|8
63.4|72.12|0|391|5.4|5.4|7|8
63.5|72.11|0|391|5.4|5.4|7|8
63.6|72.12|0|392|5.4|5.4|7|8
63.7|72.12|0|391|5.4|5.4|7|8
63.8|72.1|0|391|5.4|5.4|7|8
63.9|72.14|0|392|5.4|5.4|7|8
64|72.11|0|392|5.4|5.4|7|8
64.1|72.11|0|392|5.4|5.4|7|8
64.2|72.12|0|392|5.4|5.4|7|8
64.3|72.12|0|392|5.4|5.4|7|8
64.4|72.12|0|392|5.4|5.4|7|8
64.5|72.12|0|392|5.4|5.4|7|8
64.6|72.11|0|392|5.4|5.4|7|8
64.7|72.11|0|392|5.4|5.4|7|8
64.8|72.11|0|392|5.4|5.4|7|8
64.9|72.11|0|392|5.4|5.4|7|8
65|72.11|0|392|5.4|5.4|7|8
65.1|72.12|0|392|5.4|5.4|7|8
65.2|72.12|0|392|5.4|5.4|7|8
65.3|72.11|0|392|5.4|5.4|7|8
65.4|72.12|0|392|5.4|5.4|7|8
65.5|72.14|0|392|5.4|5.4|7|8
65.6|72.15|0|392|5.4|5.4|7|8
65.7|72.18|0|392|5.4|5.4|7|8
65.8|72.18|0|392|5.4|5.4|7|8
65.9|72.07|0|392|5.4|5.4|7|8
66|72.11|0|392|5.4|5.4|7|8
66.1|72.1|0|392|5.4|5.4|7|8
66.2|72.1|0|392|5.4|5.4|7|8
66.3|72.08|0|392|5.4|5.4|7|8
66.4|72.07|0|392|5.4|5.4|7|8
66.5|72.14|0|393|5.4|5.4|7|8
66.6|72.14|0|393|5.4|5.4|7|8
66.7|72.11|0|393|5.4|5.4|7|8
66.8|72.15|0|393|5.4|5.4|7|8
66.9|72.16|0|393|5.4|5.4|7|8
67|72.18|0|393|5.4|5.4|7|8
67.1|72.14|0|393|5.4|5.4|7|8
67.2|72.06|0|393|5.4|5.4|7|8
67.3|72.1|0|393|5.4|5.4|7|8
67.4|72.1|0|393|5.4|5.4|7|8
67.5|72.11|0|393|5.4|5.4|7|8
67.6|72.07|0|393|5.4|5.4|7|8
67.7|72.08|0|393|5.4|5.4|7|8
67.8|72.08|0|394|5.4|5.4|7|8
67.9|72.14|0|394|5.4|5.4|7|8
68|72.11|0|394|5.4|5.4|7|8
68.1|72.1|0|394|5.4|5.4|7|8
68.2|72.11|0|394|5.4|5.4|7|8
68.3|72.11|0|394|5.4|5.4|7|8
68.4|72.14|0|394|5.4|5.4|8|8
68.5|72.06|0|394|5.4|5.4|8|8
68.6|71.98|0|394|5.4|5.4|8|8
68.7|71.95|0|394|5.4|5.4|8|8
68.8|72.06|0|393|5.4|5.4|8|8
68.9|72.07|0|393|5.3|5.4|8|8
69|72.04|0|394|5.3|5.3|8|8
69.1|71.99|0|394|5.3|5.3|8|8
69.2|72.07|0|394|5.3|5.3|8|8
69.3|72.07|0|394|5.3|5.3|8|8
69.4|72.03|0|394|5.3|5.3|8|8
69.5|72.06|0|394|5.3|5.3|8|8
69.6|72.03|0|394|5.3|5.3|8|8
69.7|72.11|0|394|5.3|5.3|8|8
69.8|72.06|0|394|5.2|5.2|8|8
69.9|72|0|394|5.3|5.3|8|8
70|72.06|0|394|5.2|5.2|8|8
70.1|72.08|0|394|5.2|5.2|8|8
70.2|72.15|0|394|5.2|5.2|8|8
70.3|72.02|0|394|5.2|5.2|8|8
70.4|73.32|0|394|5.2|5.2|8|8
70.5|76.32|0|394|5.2|5.2|8|8
70.6|79.34|0|394|5.2|5.2|8|8
70.7|82.3|0|394|5.2|5.2|8|8
70.8|85.3|0|394|5.2|5.2|8|8
70.9|88.16|0|394|5.2|5.2|8|8
71|91.11|0|394|5.2|5.2|8|8
71.1|93.84|0|394|5.2|5.2|8|8
71.2|95.15|0|394|5.2|5.2|8|8
