0|96.09|794|425|4.9|4.9|1|8
0.1|96.05|979|429|4.9|4.9|1|8
0.2|96.08|985|431|4.9|4.9|1|8
0.3|96.06|985|432|4.9|4.9|1|8
0.4|96.06|985|432|4.9|4.9|1|8
0.5|96.09|990|432|4.9|4.9|2|8
0.6|95.76|987|432|4.9|4.9|2|8
0.7|95.37|990|432|4.9|4.9|2|8
0.8|94.92|997|432|4.9|4.9|2|8
0.9|94.47|1098|432|4.9|4.9|2|8
1|93.92|1178|432|4.9|4.9|2|8
1.1|93.49|1577|432|4.9|4.9|3|8
1.2|93.21|1631|434|4.9|4.9|3|8
1.3|93.04|1642|434|4.9|4.9|3|8
1.4|92.96|1652|435|5|5|3|8
1.5|92.91|1657|436|4.9|5|3|8
1.6|92.9|1662|436|5|5|3|8
1.7|92.83|1665|436|5|5|3|8
1.8|92.84|1668|436|5|5|3|8
1.9|92.88|1670|436|5|5|3|8
2|92.88|1673|435|5|5|3|8
2.1|92.86|1675|436|5|5|3|8
2.2|92.84|1675|436|5|5|3|8
2.3|92.82|1678|436|5|5|3|8
2.4|92.86|1678|436|5|5|3|8
2.5|92.87|1680|436|5|5|3|8
2.6|92.88|1680|435|5|5|3|8
2.7|92.84|1683|435|5|5|3|8
2.8|92.83|1683|435|5|5|3|8
2.9|92.84|1686|435|5|5|3|8
3|92.86|1686|435|5|5|3|8
3.1|92.87|1688|435|5|5|4|8
3.2|92.9|1688|435|5|5|4|8
3.3|93.17|1680|435|5|5|4|8
3.4|93.74|1446|434|5|5|4|8
3.5|94.17|1034|433|5|5|5|8
3.6|94.33|1021|432|5|5|5|8
3.7|94.39|1018|430|5|5|5|8
3.8|94.36|1015|430|5|5|5|8
3.9|94.36|1015|430|5|5|5|8
4|94.37|1021|430|5|5|5|8
4.1|94.36|1023|430|5|5|5|8
4.2|94.41|1023|430|5|5|5|8
4.3|94.43|1021|430|5|5|5|8
4.4|94.43|1023|430|5|5|5|8
4.5|94.44|1021|430|5|5|5|8
4.6|94.43|1018|430|5|5|5|8
4.7|94.41|1018|430|5|5|5|8
4.8|94.4|1018|430|5|5|5|8
4.9|94.37|1015|430|5|5|5|8
5|94.39|1015|430|5|5|5|8
5.1|94.41|1015|430|5|5|5|8
5.2|94.43|1015|430|5|5|5|8
5.3|94.44|1015|430|5|5|5|8
5.4|94.43|1021|430|5|5|5|8
5.5|94.43|1023|430|5|5|2|8
5.6|94.06|1026|430|5|5|2|8
5.7|93.72|1049|430|5|5|2|8
5.8|93.26|1554|430|5|5|3|8
5.9|92.99|1657|432|5|5|3|8
6|92.8|1673|432|5|5|3|8
6.1|92.66|1678|433|5|5|3|8
6.2|92.72|1686|433|5|5.1|3|8
6.3|92.63|1688|433|5.1|5.1|3|8
6.4|92.64|1691|433|5.1|5.1|3|8
6.5|92.66|1693|433|5.1|5.1|3|8
6.6|92.6|1696|433|5.1|5.1|3|8
6.7|92.59|1698|433|5.1|5.1|3|8
6.8|92.64|1698|433|5.1|5.1|3|8
6.9|92.62|1701|433|5.1|5.1|3|8
7|92.59|1701|433|5.1|5.1|3|8
7.1|92.6|1701|434|5.1|5.1|3|8
7.2|92.64|1704|433|5.1|5.1|3|8
7.3|92.62|1704|433|5.1|5.1|3|8
7.4|92.59|1706|433|5.1|5.1|3|8
7.5|92.59|1706|433|5.1|5.1|3|8
7.6|92.63|1709|432|5.1|5.1|3|8
7.7|92.63|1709|432|5.1|5.1|3|8
7.8|92.6|1711|432|5.1|5.1|4|8
7.9|92.6|1711|433|5.1|5.1|4|8
8|92.88|1706|433|5.1|5.1|4|8
8.1|93.35|1474|432|5.1|5.1|4|8
8.2|93.76|1036|430|5.1|5.1|5|8
8.3|93.88|1028|429|5.1|5.1|5|8
8.4|94.01|1026|428|5.1|5.1|5|8
8.5|94.05|1023|428|5.1|5.1|5|8
8.6|94.02|1026|428|5.1|5.1|5|8
8.7|94.04|1028|428|5.1|5.1|5|8
8.8|94.05|1031|428|5.1|5.1|5|8
8.9|94.05|1031|428|5.1|5.1|5|8
9|94.05|1031|428|5.1|5.1|5|8
9.1|94.06|1034|428|5.1|5.1|5|8
9.2|94.06|1034|428|5.1|5.1|5|8
9.3|94.1|1026|428|5.1|5.1|5|8
9.4|94.02|1026|428|5.1|5.1|5|8
9.5|94.05|1028|428|5.1|5.1|5|8
9.6|94.06|1028|428|5.1|5.1|5|8
9.7|94.06|1028|428|5.1|5.1|5|8
9.8|94.1|1028|428|5.1|5.1|5|8
9.9|94.04|1028|428|5.1|5.1|5|8
10|94.04|1028|428|5.1|5.1|5|8
10.1|94.08|1026|428|5.1|5.1|5|8
10.2|94.06|1034|428|5.1|5.1|2|8
10.3|93.8|1031|428|5.1|5.1|2|8
10.4|93.34|1031|428|5.1|5.1|2|8
10.5|92.98|1621|428|5.1|5.1|3|8
10.6|92.71|1680|430|5.1|5.1|3|8
10.7|92.6|1698|430|5.1|5.1|3|8
10.8|92.43|1711|431|5.1|5.1|3|8
10.9|92.4|1716|432|5.1|5.1|3|8
11|92.41|1727|430|5.1|5.1|3|8
11.1|92.37|1745|414|5.1|5.1|3|8
11.2|92.37|1747|408|5.1|5.1|3|8
11.3|92.39|1750|406|5.1|5.1|3|8
11.4|92.36|1750|405|5.1|5.1|3|8
11.5|92.37|1753|404|5.1|5.1|3|8
11.6|92.36|1753|404|5.1|5.1|3|8
11.7|92.35|1753|404|5.1|5.1|3|8
11.8|92.36|1755|404|5.1|5.1|3|8
11.9|92.37|1755|404|5.1|5.1|3|8
12|92.4|1755|404|5.1|5.1|3|8
12.1|92.36|1755|404|5.1|5.1|3|8
12.2|92.35|1755|404|5.1|5.1|3|8
12.3|92.36|1755|404|5.1|5.1|3|8
12.4|92.39|1758|404|5.1|5.1|3|8
12.5|92.37|1760|404|5.1|5.1|4|8
12.6|92.43|1760|404|5.1|5.1|4|8
12.7|92.68|1753|404|5.1|5.1|4|8
12.8|93.18|1381|404|5.1|5.1|4|8
12.9|93.6|1054|401|5.1|5.1|5|8
13|93.76|1046|400|5.1|5.1|5|8
13.1|93.85|1044|400|5.1|5.1|5|8
13.2|93.85|1044|400|5.1|5.1|5|8
13.3|93.88|1041|400|5.1|5.1|5|8
13.4|93.92|1044|400|5.1|5.1|5|8
13.5|93.9|1046|400|5.1|5.1|5|8
13.6|93.9|1052|400|5.1|5.1|5|8
13.7|93.89|1052|400|5.1|5.1|5|8
13.8|93.94|1052|400|5.1|5.1|5|8
13.9|93.93|1052|400|5.1|5.1|5|8
14|93.9|1046|400|5.1|5.1|5|8
14.1|93.9|1044|400|5.1|5.1|5|8
14.2|93.92|1044|400|5.1|5.1|5|8
14.3|93.92|1041|400|5.1|5.1|5|8
14.4|93.9|1041|400|5.1|5.1|5|8
14.5|93.85|1041|399|5.1|5.1|5|8
14.6|93.85|1041|399|5.1|5.1|5|8
14.7|93.88|1044|399|5.1|5.1|5|8
14.8|93.89|1046|399|5.1|5.1|5|8
14.9|93.94|1052|400|5.1|5.1|2|8
15|93.64|1052|400|5.1|5.1|2|8
15.1|93.21|1052|400|5.1|5.1|2|8
15.2|92.78|1655|400|5.1|5.1|3|8
15.3|92.58|1727|402|5.1|5.1|3|8
15.4|92.39|1745|403|5.1|5.1|3|8
15.5|92.36|1753|403|5.1|5.1|3|8
15.6|92.27|1760|404|5.1|5.1|3|8
15.7|92.21|1763|404|5.1|5.1|3|8
15.8|92.2|1765|404|5.1|5.1|3|8
15.9|92.24|1768|404|5.1|5.1|3|8
16|92.23|1771|404|5.1|5.1|3|8
16.1|92.25|1771|404|5.1|5.1|3|8
16.2|92.24|1773|404|5.1|5.1|3|8
16.3|92.2|1773|404|5.1|5.1|3|8
16.4|92.2|1773|404|5.1|5.1|3|8
16.5|92.23|1773|404|5.1|5.1|3|8
16.6|92.27|1773|404|5.1|5.1|3|8
16.7|92.21|1773|404|5.1|5.1|3|8
16.8|92.19|1776|404|5.1|5.1|3|8
16.9|92.21|1776|404|5.1|5.1|3|8
17|92.21|1776|404|5.1|5.1|3|8
17.1|92.24|1776|404|5.1|5.1|3|8
17.2|92.21|1778|404|5.1|5.1|4|8
17.3|92.32|1776|404|5.1|5.1|4|8
17.4|92.59|1768|404|5.1|5.1|4|8
17.5|93.03|1601|404|5.1|5.1|4|8
17.6|93.51|1085|401|5.1|5.1|5|8
17.7|93.74|1052|400|5.1|5.1|5|8
17.8|93.74|1049|400|5.1|5.1|5|8
17.9|93.81|1046|400|5.1|5.1|5|8
18|93.82|1046|400|5.1|5.1|5|8
18.1|93.86|1049|400|5.1|5.1|5|8
18.2|93.9|1049|400|5.1|5.1|5|8
18.3|93.88|1054|399|5.1|5.1|5|8
18.4|93.88|1054|399|5.1|5.1|5|8
18.5|93.85|1052|399|5.1|5.1|5|8
18.6|93.82|1054|399|5.1|5.1|5|8
18.7|93.82|1049|399|5.1|5.1|5|8
18.8|93.84|1046|399|5.1|5.1|5|8
18.9|93.9|1046|399|5.1|5.1|5|8
19|93.86|1044|399|5.1|5.1|5|8
19.1|93.86|1044|399|5.1|5.1|5|8
19.2|93.86|1044|399|5.1|5.1|5|8
19.3|93.86|1044|399|5.1|5.1|5|8
19.4|93.85|1044|399|5.1|5.1|5|8
19.5|93.82|1049|399|5.1|5.1|5|8
19.6|93.85|1052|399|5.1|5.1|2|8
19.7|93.64|1049|399|5.1|5.1|2|8
19.8|93.22|1057|399|5.1|5.1|2|8
19.9|92.78|1611|400|5.1|5.1|3|8
20|92.53|1729|401|5.1|5.1|3|8
20.1|92.4|1750|402|5.1|5.1|3|8
20.2|92.32|1760|402|5.1|5.1|3|8
20.3|92.25|1768|402|5.1|5.1|3|8
20.4|92.21|1771|402|5.1|5.1|3|8
20.5|92.23|1773|403|5.1|5.1|3|8
20.6|92.21|1776|402|5.1|5.1|3|8
20.7|92.16|1776|402|5.1|5.1|3|8
20.8|92.23|1776|402|5.1|5.1|3|8
20.9|92.25|1778|402|5.1|5.1|3|8
21|92.21|1784|400|5.1|5.1|3|8
21.1|92.21|1791|393|5.1|5.1|3|8
21.2|92.21|1791|390|5.1|5.1|3|8
21.3|92.21|1791|390|5.1|5.1|3|8
21.4|92.2|1794|389|5.1|5.1|3|8
21.5|92.15|1794|389|5.1|5.1|3|8
21.6|92.24|1794|389|5.1|5.1|3|8
21.7|92.23|1794|389|5.1|5.1|3|8
21.8|92.21|1796|389|5.1|5.1|3|8
21.9|92.21|1796|389|5.1|5.1|4|8
22|92.29|1796|389|5.1|5.1|4|8
22.1|92.55|1786|389|5.1|5.1|4|8
22.2|92.95|1624|389|5.1|5.1|4|8
22.3|93.49|1070|389|5.1|5.1|5|8
22.4|93.64|1057|388|5.1|5.1|5|8
22.5|93.76|1054|388|5.1|5.1|5|8
22.6|93.8|1054|388|5.1|5.1|5|8
22.7|93.78|1057|388|5.1|5.1|5|8
22.8|93.8|1057|388|5.1|5.1|5|8
22.9|93.78|1062|388|5.1|5.1|5|8
23|93.73|1064|388|5.1|5.1|5|8
23.1|93.78|1062|388|5.1|5.1|5|8
23.2|93.8|1062|388|5.1|5.1|5|8
23.3|93.81|1059|388|5.1|5.1|5|8
23.4|93.86|1057|388|5.1|5.1|5|8
23.5|93.82|1052|388|5.1|5.1|5|8
23.6|93.8|1052|388|5.1|5.1|5|8
23.7|93.78|1052|388|5.1|5.1|5|8
23.8|93.77|1052|388|5.1|5.1|5|8
23.9|93.81|1052|388|5.1|5.1|5|8
24|93.82|1052|388|5.1|5.1|5|8
24.1|93.82|1054|388|5.1|5.1|5|8
24.2|93.8|1057|388|5.1|5.1|5|8
24.3|93.78|1057|388|5.1|5.1|2|8
24.4|93.6|1059|388|5.1|5.1|2|8
24.5|93.18|1062|388|5.1|5.1|2|8
24.6|92.75|1619|388|5.1|5.1|3|8
24.7|92.44|1745|388|5.1|5.1|3|8
24.8|92.37|1765|388|5.1|5.1|3|8
24.9|92.23|1776|388|5.1|5.1|3|8
25|92.15|1784|388|5.1|5.1|3|8
25.1|92.15|1786|388|5.1|5.1|3|8
25.2|92.15|1791|388|5.1|5.1|3|8
25.3|92.16|1794|388|5.1|5.1|3|8
25.4|92.16|1796|388|5.1|5.1|3|8
25.5|92.17|1796|388|5.1|5.1|3|8
25.6|92.19|1796|388|5.1|5.1|3|8
25.7|92.19|1799|388|5.1|5.1|3|8
25.8|92.17|1799|388|5.1|5.1|3|8
25.9|92.16|1799|388|5.1|5.1|3|8
26|92.15|1802|388|5.1|5.1|3|8
26.1|92.13|1802|388|5.1|5.1|3|8
26.2|92.15|1802|388|5.1|5.1|3|8
26.3|92.15|1802|388|5.1|5.1|3|8
26.4|92.16|1802|388|5.1|5.1|3|8
26.5|92.16|1802|388|5.1|5.1|3|8
26.6|92.16|1802|388|5.1|5.1|4|8
26.7|92.29|1804|388|5.1|5.1|4|8
26.8|92.53|1799|388|5.1|5.1|4|8
26.9|92.91|1758|388|5.1|5.1|4|8
27|93.47|1082|389|5.1|5.1|5|8
27.1|93.7|1057|388|5.1|5.1|5|8
27.2|93.78|1054|388|5.1|5.1|5|8
27.3|93.8|1054|388|5.1|5.1|5|8
27.4|93.84|1054|388|5.1|5.1|5|8
27.5|93.82|1059|388|5.1|5.1|5|8
27.6|93.85|1064|388|5.1|5.1|5|8
27.7|93.85|1064|388|5.1|5.1|5|8
27.8|93.85|1062|388|5.1|5.1|5|8
27.9|93.9|1064|388|5.1|5.1|5|8
28|93.86|1062|388|5.1|5.1|5|8
28.1|93.86|1059|388|5.1|5.1|5|8
28.2|93.84|1054|388|5.1|5.1|5|8
28.3|93.84|1052|388|5.1|5.1|5|8
28.4|93.81|1052|388|5.1|5.1|5|8
28.5|93.84|1052|388|5.1|5.1|5|8
28.6|93.85|1049|388|5.1|5.1|5|8
28.7|93.85|1054|388|5.1|5.1|5|8
28.8|93.86|1057|388|5.1|5.1|5|8
28.9|93.89|1057|388|5.1|5.1|5|8
29|93.86|1062|388|5.1|5.1|2|8
29.1|93.69|1062|388|5.1|5.1|2|8
29.2|93.27|1062|388|5.1|5.1|2|8
29.3|92.86|1268|388|5.1|5.1|2|8
29.4|92.52|1742|388|5.1|5.1|3|8
29.5|92.37|1768|388|5.1|5.1|3|8
29.6|92.2|1784|388|5.1|5.1|3|8
29.7|92.17|1791|388|5.1|5.1|3|8
29.8|92.11|1799|388|5.1|5.1|3|8
29.9|92.08|1802|388|5.1|5.1|3|8
30|92.12|1802|388|5.1|5.1|3|8
30.1|92.15|1804|388|5.1|5.1|3|8
30.2|92.13|1807|388|5.1|5.1|3|8
30.3|92.12|1807|388|5.1|5.1|3|8
30.4|92.11|1809|388|5.1|5.1|3|8
30.5|92.09|1809|388|5.1|5.1|3|8
30.6|92.12|1809|388|5.1|5.1|3|8
30.7|92.13|1809|388|5.1|5.1|3|8
30.8|92.13|1812|388|5.1|5.1|3|8
30.9|92.13|1812|388|5.1|5.1|3|8
31|92.11|1814|388|5.1|5.1|3|8
31.1|92.08|1817|386|5.1|5.1|3|8
31.2|92.11|1820|386|5.1|5.1|3|8
31.3|92.12|1820|385|5.1|5.1|3|8
31.4|92.12|1820|385|5.1|5.1|4|8
31.5|92.33|1820|385|5.1|5.1|4|8
31.6|92.63|1807|385|5.1|5.1|4|8
31.7|93.17|1137|386|5.1|5.1|5|8
31.8|93.53|1064|386|5.1|5.1|5|8
31.9|93.61|1059|386|5.1|5.1|5|8
32|93.64|1057|386|5.1|5.1|5|8
32.1|93.73|1057|386|5.1|5.1|5|8
32.2|93.73|1057|386|5.1|5.1|5|8
32.3|93.72|1062|386|5.1|5.1|5|8
32.4|93.7|1062|386|5.1|5.1|5|8
32.5|93.68|1059|386|5.1|5.1|5|8
32.6|93.65|1059|386|5.1|5.1|5|8
32.7|93.74|1054|386|5.1|5.1|5|8
32.8|93.7|1054|386|5.1|5.1|5|8
32.9|93.7|1054|386|5.1|5.1|5|8
33|93.7|1054|386|5.1|5.1|5|8
33.1|93.69|1054|386|5.1|5.1|5|8
33.2|93.69|1054|386|5.1|5.1|5|8
33.3|93.76|1054|386|5.1|5.1|5|8
33.4|93.68|1052|386|5.1|5.1|5|8
33.5|93.72|1052|386|5.1|5.1|5|8
33.6|93.73|1057|386|5.1|5.1|5|8
33.7|93.66|1064|386|5.1|5.1|2|8
33.8|93.61|1064|386|5.1|5.1|2|8
33.9|93.22|1067|386|5.1|5.1|2|8
34|92.82|1407|386|5.1|5.1|2|8
34.1|92.47|1750|386|5.1|5.1|3|8
34.2|92.37|1781|386|5.1|5.1|3|8
34.3|92.19|1796|385|5.1|5.1|3|8
34.4|92.15|1804|385|5.1|5.1|3|8
34.5|92.12|1809|385|5.1|5.1|3|8
34.6|92.12|1814|385|5.1|5.1|3|8
34.7|92.11|1817|385|5.1|5.1|3|8
34.8|92.09|1820|385|5.1|5.1|3|8
34.9|92.13|1820|384|5.1|5.1|3|8
35|92.15|1822|385|5.1|5.1|3|8
35.1|92.13|1822|385|5.1|5.1|3|8
35.2|92.09|1825|385|5.1|5.1|3|8
35.3|92.09|1825|385|5.1|5.1|3|8
35.4|92.11|1825|385|5.1|5.1|3|8
35.5|92.13|1825|385|5.1|5.1|3|8
35.6|92.15|1827|385|5.1|5.1|3|8
35.7|92.13|1827|385|5.1|5.1|3|8
35.8|92.09|1827|385|5.1|5.1|3|8
35.9|92.09|1827|385|5.1|5.1|3|8
36|92.11|1827|385|5.1|5.1|3|8
36.1|92.13|1827|385|5.1|5.1|4|8
36.2|92.35|1825|385|5.1|5.1|4|8
36.3|92.67|1807|385|5.1|5.1|4|8
36.4|93.26|1173|386|5.1|5.1|2|8
36.5|93.42|1064|386|5.1|5.1|2|8
36.6|93.47|1059|386|5.1|5.1|2|8
36.7|93.43|1057|386|5.1|5.1|2|8
36.8|93.45|1059|386|5.1|5.1|2|8
36.9|93.34|1057|386|5.1|5.1|2|8
37|93.23|1057|386|5.1|5.1|2|8
37.1|93.17|1059|386|5.1|5.1|2|8
37.2|93.22|1057|386|5.1|5.1|2|8
37.3|93.17|1057|386|5.1|5.1|2|8
37.4|92.99|1059|386|5.1|5.1|2|8
37.5|93.06|1057|386|5.1|5.1|2|8
37.6|92.96|1057|386|5.1|5.1|2|8
37.7|92.87|1590|386|5.1|5.1|2|8
37.8|92.84|1662|386|5.1|5.1|2|8
37.9|92.96|1683|386|5.1|5.1|2|8
38|93.13|1693|386|5.1|5.1|2|8
38.1|93.35|1693|386|5.1|5.1|2|8
38.2|93.51|1621|386|5.1|5.1|2|8
38.3|93.69|1075|386|5.1|5.1|2|8
38.4|93.76|1059|386|5.1|5.1|2|8
38.5|93.81|1054|386|5.1|5.1|2|8
38.6|93.72|1054|386|5.1|5.1|2|8
38.7|93.69|1054|386|5.1|5.1|2|8
38.8|93.61|1054|386|5.1|5.1|2|8
38.9|93.58|1054|386|5.1|5.1|2|8
39|93.53|1054|386|5.1|5.1|2|8
39.1|93.43|1057|386|5.1|5.1|2|8
39.2|93.37|1111|386|5.1|5.1|2|8
39.3|93.31|1093|386|5.1|5.1|2|8
39.4|93.21|1170|386|5.1|5.1|2|8
39.5|93.14|1057|386|5.1|5.1|2|8
39.6|93.21|1121|386|5.1|5.1|2|8
39.7|93.13|1229|386|5.1|5.1|2|8
39.8|93.04|1095|386|5.1|5.1|2|8
39.9|92.96|1134|386|5.1|5.1|2|8
40|92.87|1240|386|5.1|5.1|2|8
40.1|92.8|1332|386|5.1|5.1|2|8
40.2|92.75|1451|386|5.1|5.1|2|8
40.3|92.67|1564|386|5.1|5.1|2|8
40.4|92.75|1101|386|5.1|5.1|2|8
40.5|92.84|1054|386|5.1|5.1|2|8
40.6|92.8|1057|386|5.1|5.1|2|8
40.7|92.75|1064|386|5.1|5.1|2|8
40.8|92.67|1485|386|5.1|5.1|2|8
40.9|92.62|1644|386|5.1|5.1|2|8
41|92.75|1399|386|5.1|5.1|2|8
41.1|92.87|1057|386|5.1|5.1|2|8
41.2|92.92|1052|386|5.1|5.1|2|8
41.3|92.86|1049|386|5.1|5.1|2|8
41.4|92.8|1049|386|5.1|5.1|2|8
41.5|92.74|1064|386|5.1|5.1|2|8
41.6|92.66|1253|386|5.1|5.1|2|8
41.7|92.64|1603|386|5.1|5.1|2|8
41.8|92.62|1621|386|5.1|5.1|2|8
41.9|92.78|1631|386|5.1|5.1|2|8
42|92.95|1603|386|5.1|5.1|2|8
42.1|93.13|1149|386|5.1|5.1|2|8
42.2|93.13|1052|386|5.1|5.1|2|8
42.3|93.23|1049|386|5.1|5.1|2|8
42.4|93.15|1046|386|5.1|5.1|2|8
42.5|93.23|1046|386|5.1|5.1|2|8
42.6|93.18|1046|386|5.1|5.1|2|8
42.7|93|1046|386|5.1|5.1|2|8
42.8|93.06|1049|386|5.1|5.1|2|8
42.9|92.95|1059|386|5.1|5.1|2|8
43|92.87|1070|386|5.1|5.1|2|8
43.1|92.79|1093|386|5.1|5.1|2|8
43.2|92.75|1108|386|5.1|5.1|2|8
43.3|92.64|1075|386|5.1|5.1|2|8
43.4|92.63|1392|386|5.1|5.1|2|8
43.5|92.6|1621|386|5.1|5.1|2|8
43.6|92.62|1637|386|5.1|5.1|2|8
43.7|92.79|1621|386|5.1|5.1|2|8
43.8|92.95|1219|386|5.1|5.1|2|8
43.9|93.1|1049|386|5.1|5.1|2|8
44|93.17|1046|386|5.1|5.1|2|8
44.1|93.03|1046|386|5.1|5.1|2|8
44.2|92.99|1049|386|5.1|5.1|2|8
44.3|93.03|1046|386|5.1|5.1|2|8
44.4|92.96|1054|386|5.1|5.1|2|8
44.5|92.87|1057|386|5.1|5.1|2|8
44.6|92.78|1067|386|5.1|5.1|2|8
44.7|92.78|1268|386|5.1|5.1|2|8
44.8|92.66|1149|386|5.1|5.1|2|8
44.9|92.64|1165|386|5.1|5.1|2|8
45|92.63|1193|387|5.1|5.1|2|8
45.1|92.49|1278|386|5.1|5.1|2|8
45.2|92.4|1237|386|5.1|5.1|2|8
45.3|92.39|1299|387|5.1|5.1|2|8
45.4|92.37|1307|387|5.1|5.1|2|8
45.5|92.23|1369|387|5.1|5.1|2|8
45.6|92.2|1219|386|5.1|5.1|2|8
45.7|92.12|1258|386|5.1|5.1|2|8
45.8|92.04|1361|386|5.1|5.1|2|8
45.9|91.98|1335|386|5.1|5.1|2|8
46|91.96|1428|387|5.1|5.1|2|8
46.1|91.88|1420|386|5.1|5.1|2|8
46.2|91.76|1456|386|5.1|5.1|2|8
46.3|91.68|1307|386|5.1|5.1|2|8
46.4|91.61|1201|386|5.1|5.1|2|8
46.5|91.51|1077|386|5.1|5.1|2|8
46.6|91.51|1149|386|5.1|5.1|2|8
46.7|91.47|1188|386|5.1|5.1|2|8
46.8|91.35|1271|388|5.1|5.1|2|8
46.9|91.26|1191|387|5.1|5.1|2|8
47|91.18|1320|388|5.1|5.1|2|8
47.1|91.07|1263|386|5.1|5.1|2|8
47.2|91.03|1345|386|5.1|5.1|2|8
47.3|90.99|1180|386|5.1|5.1|2|8
47.4|90.79|1160|386|5.1|5.1|2|8
47.5|90.79|1157|386|5.1|5.1|2|8
47.6|90.64|1101|386|5.1|5.1|2|8
47.7|90.63|1108|386|5.1|5.1|2|8
47.8|90.52|1206|387|5.1|5.1|2|8
47.9|90.48|1235|387|5.1|5.1|2|8
48|90.36|1198|387|5.1|5.1|2|8
48.1|90.24|1276|387|5.1|5.1|2|8
48.2|90.19|1299|387|5.1|5.1|2|8
48.3|90.07|1394|387|5.1|5.1|2|8
48.4|89.94|1175|387|5.1|5.1|2|8
48.5|89.89|1211|386|5.1|5.1|2|8
48.6|89.84|1162|386|5.1|5.1|2|8
48.7|89.72|1224|386|5.1|5.1|2|8
48.8|89.58|1278|386|5.1|5.1|2|8
48.9|89.56|1214|386|5.1|5.1|2|8
49|89.42|1307|387|5.1|5.1|2|8
49.1|89.33|1263|387|5.1|5.1|2|8
49.2|89.21|1173|387|5.1|5.1|2|8
49.3|89.14|1165|386|5.1|5.1|2|8
49.4|89.01|1180|386|5.1|5.1|2|8
49.5|88.86|1137|386|5.1|5.1|2|8
49.6|88.83|1121|386|5.1|5.1|2|8
49.7|88.74|1180|386|5.1|5.1|2|8
49.8|88.58|1214|386|5.1|5.1|2|8
49.9|88.51|1224|386|5.1|5.1|2|8
50|88.39|1168|386|5.1|5.1|2|8
50.1|88.24|1165|386|5.1|5.1|2|8
50.2|88.21|1178|386|5.1|5.1|2|8
50.3|88.07|1255|386|5.1|5.1|2|8
50.4|87.95|1229|387|5.1|5.1|2|8
50.5|87.82|1232|387|5.1|5.1|2|8
50.6|87.66|1147|386|5.1|5.1|2|8
50.7|87.6|1196|386|5.1|5.1|2|8
50.8|87.48|1271|387|5.1|5.1|2|8
50.9|87.34|1175|387|5.1|5.1|2|8
51|87.18|1222|388|5.1|5.1|2|8
51.1|87.14|1232|386|5.1|5.1|2|8
51.2|86.99|1170|386|5.1|5.1|2|8
51.3|86.83|1224|386|5.1|5.1|2|8
51.4|86.72|1425|386|5.1|5.1|2|8
51.5|86.59|1278|386|5.1|5.1|2|8
51.6|86.44|1198|386|5.1|5.1|2|8
51.7|86.29|1242|387|5.1|5.1|2|8
51.8|86.25|1263|386|5.1|5.1|2|8
51.9|86.05|1204|387|5.1|5.1|2|8
52|85.93|1263|387|5.1|5.1|2|8
52.1|85.85|1381|386|5.1|5.1|2|8
52.2|85.62|1289|386|5.1|5.1|2|8
52.3|85.5|1206|387|5.1|5.1|2|8
52.4|85.4|1206|386|5.1|5.1|2|8
52.5|85.23|1235|386|5.1|5.1|2|8
52.6|85.07|1302|386|5.1|5.1|2|8
52.7|84.97|1302|386|5.1|5.1|2|8
52.8|84.8|1263|386|5.1|5.1|2|8
52.9|84.62|1309|388|5.1|5.1|2|8
53|84.43|1242|386|5.1|5.1|2|8
53.1|84.32|1178|387|5.1|5.1|2|8
53.2|84.17|1235|386|5.1|5.1|2|8
53.3|84.04|1260|388|5.1|5.1|2|8
53.4|83.84|1149|386|5.1|5.1|2|8
53.5|83.64|1265|386|5.1|5.1|2|8
53.6|83.54|1276|386|5.2|5.2|2|8
53.7|83.36|1351|386|5.1|5.1|2|8
53.8|83.18|1273|386|5.1|5.1|2|8
53.9|83.06|1320|386|5.1|5.1|2|8
54|82.86|1209|386|5.1|5.1|2|8
54.1|82.71|1299|386|5.1|5.1|2|8
54.2|82.5|1206|386|5.1|5.1|2|8
54.3|82.36|1384|386|5.1|5.1|2|8
54.4|82.17|1343|386|5.1|5.1|2|8
54.5|82|1258|386|5.1|5.1|2|8
54.6|81.77|1284|386|5.1|5.1|2|8
54.7|81.56|1345|386|5.1|5.1|2|8
54.8|81.42|1276|386|5.1|5.1|2|8
54.9|81.24|1410|386|5.1|5.1|2|8
55|81.02|1392|386|5.1|5.1|2|8
55.1|80.85|1299|386|5.1|5.1|2|8
55.2|80.66|1255|386|5.1|5.1|2|8
55.3|80.07|1719|386|5.1|5.1|6|8
55.4|77.84|1845|385|5.1|5.1|6|8
55.5|75.25|389|386|5.1|5.1|7|8
55.6|72.94|0|386|5.1|5.1|7|8
55.7|71.34|0|386|5.1|5.1|7|8
55.8|70.57|0|386|5.1|5.1|7|8
55.9|70.1|0|386|5.1|5.1|7|8
56|69.95|0|386|5.1|5.1|7|8
56.1|69.9|0|386|5.1|5.1|7|8
56.2|69.77|0|386|5.1|5.1|7|8
56.3|69.77|0|386|5.1|5.1|7|8
56.4|69.77|0|386|5.1|5.1|7|8
56.5|69.83|0|386|5.1|5.1|7|8
56.6|69.72|0|386|5.1|5.1|7|8
56.7|69.69|0|386|5.1|5.1|7|8
56.8|69.68|0|386|5.1|5.1|7|8
56.9|69.71|0|386|5.1|5.1|7|8
57|69.75|0|386|5.1|5.1|7|8
57.1|69.83|0|386|5.1|5.1|7|8
57.2|69.73|0|386|5.1|5.1|7|8
57.3|69.71|0|386|5.1|5.1|7|8
57.4|69.67|0|386|5.1|5.1|7|8
57.5|69.73|0|386|5.1|5.1|7|8
57.6|69.73|0|386|5.1|5.1|7|8
57.7|69.79|0|386|5.1|5.1|7|8
57.8|69.73|0|386|5.1|5.1|7|8
57.9|69.72|0|386|5.1|5.1|7|8
58|69.71|0|386|5.1|5.1|7|8
58.1|69.67|0|386|5.1|5.1|7|8
58.2|69.71|0|386|5.1|5.1|7|8
58.3|69.72|0|386|5.1|5.1|7|8
58.4|69.8|0|386|5.1|5.1|7|8
58.5|69.75|0|386|5.1|5.1|7|8
58.6|69.73|0|386|5.1|5.1|7|8
58.7|69.72|0|386|5.1|5.1|7|8
58.8|69.68|0|386|5.1|5.1|7|8
58.9|69.68|0|386|5.1|5.1|7|8
59|69.67|0|386|5.1|5.1|7|8
59.1|69.69|0|386|5.1|5.1|7|8
59.2|69.71|0|386|5.1|5.1|7|8
59.3|69.71|0|386|5.1|5.1|7|8
59.4|69.76|0|386|5.1|5.1|7|8
59.5|69.75|0|386|5.1|5.1|7|8
59.6|69.75|0|386|5.1|5.1|7|8
59.7|69.73|0|386|5.1|5.1|7|8
59.8|69.71|0|386|5.1|5.1|7|8
59.9|69.72|0|386|5.1|5.1|7|8
60|69.72|0|386|5.1|5.1|7|8
60.1|69.71|0|386|5.1|5.1|7|8
60.2|69.71|0|386|5.1|5.1|7|8
60.3|69.71|0|386|5.1|5.1|7|8
60.4|69.71|0|386|5.1|5.1|7|8
60.5|69.71|0|386|5.1|5.1|7|8
60.6|69.68|0|386|5.1|5.1|7|8
60.7|69.69|0|386|5.1|5.1|7|8
60.8|69.69|0|386|5.1|5.1|7|8
60.9|69.68|0|386|5.1|5.1|7|8
61|69.68|0|386|5.1|5.1|7|8
61.1|69.67|0|386|5.1|5.1|7|8
61.2|69.68|0|386|5.1|5.1|7|8
61.3|69.67|0|386|5.1|5.1|7|8
61.4|69.68|0|386|5.1|5.1|7|8
61.5|69.69|0|386|5.1|5.1|7|8
61.6|69.71|0|386|5.1|5.1|7|8
61.7|69.79|0|386|5.1|5.1|7|8
61.8|69.72|0|386|5.1|5.1|7|8
61.9|69.69|0|386|5.1|5.1|7|8
62|69.71|0|386|5.1|5.1|7|8
62.1|69.69|0|386|5.1|5.1|7|8
62.2|69.69|0|386|5.1|5.1|7|8
62.3|69.67|0|386|5.1|5.1|7|8
62.4|69.67|0|386|5.1|5.1|7|8
62.5|69.68|0|386|5.1|5.1|7|8
62.6|69.67|0|386|5.1|5.1|7|8
62.7|69.68|0|386|5.1|5.1|7|8
62.8|69.69|0|386|5.1|5.1|7|8
62.9|69.69|0|386|5.1|5.1|7|8
63|69.76|0|386|5.1|5.1|7|8
63.1|69.71|0|386|5.1|5.1|7|8
63.2|69.69|0|386|5.1|5.1|7|8
63.3|69.69|0|386|5.1|5.1|7|8
63.4|69.69|0|386|5.1|5.1|7|8
63.5|69.71|0|386|5.1|5.1|7|8
63.6|69.69|0|386|5.1|5.1|7|8
63.7|69.69|0|386|5.1|5.1|7|8
63.8|69.69|0|386|5.1|5.1|7|8
63.9|69.69|0|386|5.1|5.1|7|8
64|69.69|0|386|5.1|5.1|7|8
64.1|69.69|0|386|5.1|5.1|7|8
64.2|69.69|0|386|5.1|5.1|7|8
64.3|69.69|0|386|5.1|5.1|7|8
64.4|69.68|0|386|5.1|5.1|7|8
64.5|69.69|0|386|5.1|5.1|7|8
64.6|69.69|0|386|5.1|5.1|7|8
64.7|69.69|0|386|5.1|5.1|7|8
64.8|69.69|0|386|5.1|5.1|7|8
64.9|69.69|0|386|5.1|5.1|7|8
65|69.69|0|386|5.1|5.1|7|8
65.1|69.69|0|386|5.1|5.1|7|8
65.2|69.69|0|386|5.1|5.1|7|8
65.3|69.69|0|386|5.1|5.1|7|8
65.4|69.69|0|386|5.1|5.1|7|8
65.5|69.68|0|386|5.1|5.1|7|8
65.6|69.69|0|386|5.1|5.1|7|8
65.7|69.69|0|386|5.1|5.1|7|8
65.8|69.68|0|386|5.1|5.1|7|8
65.9|69.69|0|386|5.1|5.1|7|8
66|69.68|0|390|5.1|5.1|7|8
66.1|69.68|0|394|5.1|5.1|7|8
66.2|69.68|0|396|5.1|5.1|7|8
66.3|69.68|0|397|5.1|5.1|7|8
66.4|69.68|0|397|5.1|5.1|7|8
66.5|69.68|0|397|5.1|5.1|7|8
66.6|69.69|0|397|5.1|5.1|7|8
66.7|69.69|0|397|5.1|5.1|7|8
66.8|69.69|0|397|5.1|5.1|7|8
66.9|69.68|0|397|5.1|5.1|7|8
67|69.68|0|398|5.1|5.1|7|8
67.1|69.68|0|398|5.1|5.1|7|8
67.2|69.67|0|398|5.1|5.1|7|8
67.3|69.69|0|397|5.1|5.1|7|8
67.4|69.68|0|398|5.1|5.1|7|8
67.5|69.68|0|398|5.1|5.1|7|8
67.6|69.68|0|397|5.1|5.1|7|8
67.7|69.68|0|398|5.1|5.1|7|8
67.8|69.68|0|398|5.1|5.1|7|8
67.9|69.68|0|398|5.1|5.1|7|8
68|69.68|0|398|5.1|5.1|7|8
68.1|69.68|0|398|5.1|5.1|7|8
68.2|69.68|0|398|5.1|5.1|7|8
68.3|69.68|0|398|5.1|5.1|7|8
68.4|69.68|0|398|5.1|5.1|7|8
68.5|69.68|0|398|5.1|5.1|8|8
68.6|69.68|0|398|5.1|5.1|8|8
68.7|69.61|0|398|5.1|5.1|8|8
68.8|69.59|0|398|5.1|5.1|8|8
68.9|69.6|0|398|5.1|5.1|8|8
69|69.61|0|398|5.1|5.1|8|8
69.1|69.6|0|398|5.1|5.1|8|8
69.2|69.61|0|398|5.1|5.1|8|8
69.3|69.61|0|398|5.1|5.1|8|8
69.4|69.61|0|398|5.1|5.1|8|8
69.5|69.61|0|398|5.1|5.1|8|8
69.6|69.61|0|398|5.1|5.1|8|8
69.7|69.61|0|398|5.1|5.1|8|8
69.8|69.61|0|398|5|5|8|8
69.9|69.65|0|398|5|5|8|8
70|69.64|0|398|5|5|8|8
70.1|69.6|0|398|5|5|8|8
70.2|69.61|0|398|5|5|8|8
70.3|69.61|0|398|5|5|8|8
70.4|69.61|0|400|5|5|8|8
70.5|69.59|0|400|5|5|8|8
70.6|71.59|0|401|5|5|8|8
70.7|74.61|0|401|5|5|8|8
70.8|77.63|0|401|5|5|8|8
70.9|80.67|0|401|5|5|8|8
71|83.64|0|401|5|5|8|8
71.1|86.58|0|401|5|5|8|8
71.2|89.46|0|401|5|5|8|8
71.3|92.49|0|400|5|5|8|8
71.4|94.56|0|400|5|5|8|8
71.5|95.47|0|400|5|5|8|8
