0|96.12|1340|451|4.9|5|1|8
0.1|96.1|1544|458|4.9|4.9|1|8
0.2|96.09|1572|461|5|5|1|8
0.3|96.1|1590|462|5|5|1|8
0.4|96.08|1611|462|5|5|1|8
0.5|96.08|1624|462|5|5|3|8
0.6|96.05|1634|462|5|5|3|8
0.7|96.04|1642|462|5|5|3|8
0.8|96.05|1647|462|5|5|3|8
0.9|96.02|1649|462|5|5|3|8
1|96.01|1655|462|5|5|3|8
1.1|96.02|1660|462|5|5|3|8
1.2|96.06|1662|462|5|5|3|8
1.3|96.05|1665|462|5|5|3|8
1.4|96.05|1668|462|5|5|3|8
1.5|96.05|1670|462|5|5|3|8
1.6|96.05|1670|462|5|5|3|8
1.7|96.04|1673|462|5|5|3|8
1.8|96.04|1675|462|5|5|3|8
1.9|96.04|1678|462|5|5|3|8
2|96.01|1683|462|5|5|3|8
2.1|96.01|1683|462|5|5|3|8
2.2|96.02|1686|462|5|5|3|8
2.3|96.04|1688|462|5|5|3|8
2.4|96.05|1691|462|5|5|3|8
2.5|96.08|1691|462|5|5|4|8
2.6|96.29|1686|462|5|5|4|8
2.7|96.71|1629|462|5|5|4|8
2.8|97.2|1116|462|5|5|5|8
2.9|97.39|1103|461|5|5|5|8
3|97.5|1106|460|5|5|5|8
3.1|97.51|1106|459|5|5|5|8
3.2|97.53|1106|459|5|5|5|8
3.3|97.54|1106|459|5|5|5|8
3.4|97.53|1106|459|5|5|5|8
3.5|97.51|1108|459|5|5|5|8
3.6|97.49|1108|459|5|5|5|8
3.7|97.57|1106|459|5|5|5|8
3.8|97.58|1108|460|5|5|5|8
3.9|97.55|1108|460|5|5|5|8
4|97.53|1106|460|5|5|5|8
4.1|97.54|1108|460|5|5.1|5|8
4.2|97.54|1108|460|5|5|5|8
4.3|97.54|1106|459|5.1|5.1|5|8
4.4|97.55|1106|459|5|5.1|5|8
4.5|97.55|1106|459|5.1|5.1|5|8
4.6|97.55|1106|460|5.1|5.1|5|8
4.7|97.55|1106|460|5.1|5.1|5|8
4.8|97.55|1106|460|5.1|5.1|2|8
4.9|97.39|1106|460|5.1|5.1|2|8
5|96.99|1106|459|5.1|5.1|2|8
5.1|96.57|1209|459|5.1|5.1|2|8
5.2|96.1|1570|460|5.1|5.1|3|8
5.3|95.72|1678|461|5.1|5.1|3|8
5.4|95.49|1696|462|5.1|5.1|3|8
5.5|95.42|1704|462|5.1|5.1|3|8
5.6|95.37|1711|462|5.1|5.1|3|8
5.7|95.39|1714|462|5.1|5.1|3|8
5.8|95.37|1719|462|5.1|5.1|3|8
5.9|95.33|1722|462|5.1|5.1|3|8
6|95.38|1724|462|5.1|5.1|3|8
6.1|95.38|1729|462|5.1|5.1|3|8
6.2|95.34|1729|462|5.1|5.1|3|8
6.3|95.35|1729|463|5.1|5.1|3|8
6.4|95.39|1732|463|5.1|5.1|3|8
6.5|95.35|1735|462|5.1|5.1|3|8
6.6|95.33|1737|462|5.1|5.1|3|8
6.7|95.35|1740|462|5.1|5.1|3|8
6.8|95.35|1740|463|5.1|5.1|3|8
6.9|95.37|1742|463|5.1|5.1|3|8
7|95.34|1742|463|5.1|5.1|3|8
7.1|95.34|1745|463|5.1|5.1|3|8
7.2|95.37|1745|463|5.1|5.1|4|8
7.3|95.38|1745|462|5.1|5.1|4|8
7.4|95.69|1722|462|5.1|5.1|4|8
7.5|96.17|1665|462|5.1|5.1|4|8
7.6|96.64|1582|462|5.1|5.1|4|8
7.7|97.16|1144|462|5.1|5.1|5|8
7.8|97.42|1113|462|5.1|5.1|5|8
7.9|97.53|1113|461|5.1|5.1|5|8
8|97.49|1113|461|5.1|5.1|5|8
8.1|97.54|1113|461|5.1|5.1|5|8
8.2|97.61|1113|461|5.1|5.1|5|8
8.3|97.62|1113|461|5.1|5.1|5|8
8.4|97.59|1113|461|5.1|5.1|5|8
8.5|97.58|1113|460|5.1|5.1|5|8
8.6|97.58|1113|461|5.1|5.1|5|8
8.7|97.51|1113|461|5.1|5.1|5|8
8.8|97.66|1113|460|5.1|5.1|5|8
8.9|97.62|1113|460|5.1|5.1|5|8
9|97.61|1113|460|5.1|5.1|5|8
9.1|97.59|1111|460|5.1|5.1|5|8
9.2|97.54|1113|460|5.1|5.1|5|8
9.3|97.59|1113|460|5.1|5.1|5|8
9.4|97.59|1113|460|5.1|5.1|5|8
9.5|97.59|1111|460|5.1|5.1|5|8
9.6|97.59|1111|459|5.1|5.1|5|8
9.7|97.61|1111|459|5.1|5.1|2|8
9.8|97.51|1111|459|5.1|5.1|2|8
9.9|97.11|1111|459|5.1|5.1|2|8
10|96.7|1116|459|5.1|5.1|2|8
10.1|96.24|1186|459|5.1|5.1|2|8
10.2|95.72|1384|459|5.1|5.1|2|8
10.3|95.27|1711|461|5.1|5.1|3|8
10.4|95.11|1740|462|5.1|5.1|3|8
10.5|94.94|1760|457|5.1|5.1|3|8
10.6|95.02|1778|433|5.1|5.1|3|8
10.7|94.83|1784|424|5.1|5.1|3|8
10.8|94.87|1784|422|5.1|5.1|3|8
10.9|94.87|1786|421|5.1|5.1|3|8
11|94.9|1789|420|5.1|5.1|3|8
11.1|94.86|1789|420|5.1|5.1|3|8
11.2|94.88|1789|420|5.1|5.1|3|8
11.3|94.87|1789|420|5.1|5.1|3|8
11.4|94.87|1791|420|5.1|5.1|3|8
11.5|94.87|1791|420|5.1|5.1|3|8
11.6|94.87|1794|420|5.1|5.1|3|8
11.7|94.88|1794|420|5.1|5.1|3|8
11.8|94.91|1794|420|5.1|5.1|3|8
11.9|94.8|1796|420|5.1|5.1|3|8
12|94.88|1796|420|5.1|5.1|3|8
12.1|94.86|1796|420|5.1|5.1|3|8
12.2|94.87|1796|420|5.1|5.1|3|8
12.3|94.95|1799|420|5.1|5.1|4|8
12.4|95.1|1796|420|5.1|5.1|4|8
12.5|95.53|1742|420|5.1|5.1|4|8
12.6|96.09|1160|420|5.1|5.1|5|8
12.7|96.27|1137|418|5.1|5.1|5|8
12.8|96.39|1134|418|5.1|5.1|5|8
12.9|96.39|1134|418|5.1|5.1|5|8
13|96.47|1134|417|5.1|5.1|5|8
13.1|96.51|1134|417|5.1|5.1|5|8
13.2|96.43|1134|417|5.1|5.1|5|8
13.3|96.43|1131|417|5.1|5.1|5|8
13.4|96.45|1131|417|5.1|5.1|5|8
13.5|96.45|1131|417|5.1|5.1|5|8
13.6|96.44|1131|416|5.1|5.1|5|8
13.7|96.44|1131|416|5.1|5.1|5|8
13.8|96.45|1131|416|5.1|5.1|5|8
13.9|96.44|1131|416|5.1|5.1|5|8
14|96.45|1131|416|5.1|5.1|5|8
14.1|96.44|1129|416|5.1|5.1|5|8
14.2|96.45|1129|416|5.1|5.1|5|8
14.3|96.44|1129|416|5.1|5.1|5|8
14.4|96.45|1129|416|5.1|5.1|5|8
14.5|96.45|1129|416|5.1|5.1|5|8
14.6|96.47|1131|416|5.1|5.1|2|8
14.7|96.33|1129|416|5.1|5.1|2|8
14.8|95.92|1129|416|5.1|5.1|2|8
14.9|95.5|1250|417|5.1|5.1|2|8
15|95.07|1724|418|5.1|5.1|3|8
15.1|94.79|1784|418|5.1|5.1|3|8
15.2|94.74|1794|419|5.1|5.1|3|8
15.3|94.68|1796|419|5.1|5.1|3|8
15.4|94.63|1802|419|5.1|5.1|3|8
15.5|94.6|1804|419|5.1|5.1|3|8
15.6|94.57|1807|419|5.1|5.1|3|8
15.7|94.55|1809|420|5.1|5.1|3|8
15.8|94.51|1809|419|5.1|5.1|3|8
15.9|94.56|1809|419|5.1|5.1|3|8
16|94.53|1812|419|5.1|5.1|3|8
16.1|94.61|1812|419|5.1|5.1|3|8
16.2|94.59|1812|419|5.1|5.1|3|8
16.3|94.57|1814|419|5.1|5.1|3|8
16.4|94.55|1814|419|5.1|5.1|3|8
16.5|94.56|1817|419|5.1|5.1|3|8
16.6|94.52|1817|420|5.1|5.1|3|8
16.7|94.55|1820|419|5.1|5.1|3|8
16.8|94.56|1820|419|5.1|5.1|3|8
16.9|94.57|1820|419|5.1|5.1|3|8
17|94.59|1820|419|5.1|5.1|4|8
17.1|94.67|1822|419|5.1|5.1|4|8
17.2|95.06|1791|419|5.2|5.1|4|8
17.3|95.58|1639|419|5.1|5.1|4|8
17.4|96.1|1149|418|5.1|5.1|5|8
17.5|96.2|1139|417|5.1|5.1|5|8
17.6|96.27|1139|416|5.1|5.1|5|8
17.7|96.33|1139|416|5.1|5.1|5|8
17.8|96.36|1137|416|5.1|5.1|5|8
17.9|96.37|1137|416|5.1|5.1|5|8
18|96.36|1137|416|5.1|5.1|5|8
18.1|96.32|1134|416|5.1|5.1|5|8
18.2|96.35|1134|416|5.2|5.1|5|8
18.3|96.39|1134|416|5.1|5.1|5|8
18.4|96.33|1134|416|5.2|5.1|5|8
18.5|96.31|1134|416|5.2|5.1|5|8
18.6|96.36|1134|416|5.2|5.1|5|8
18.7|96.39|1131|416|5.2|5.1|5|8
18.8|96.33|1131|416|5.2|5.2|5|8
18.9|96.31|1131|416|5.1|5.1|5|8
19|96.33|1131|416|5.2|5.1|5|8
19.1|96.33|1131|416|5.1|5.1|5|8
19.2|96.31|1131|416|5.2|5.1|5|8
19.3|96.37|1131|416|5.2|5.1|5|8
19.4|96.37|1131|416|5.2|5.1|2|8
19.5|96.17|1131|416|5.1|5.1|2|8
19.6|95.73|1131|416|5.2|5.1|2|8
19.7|95.23|1322|416|5.1|5.1|2|8
19.8|94.82|1747|416|5.2|5.2|3|8
19.9|94.66|1807|418|5.1|5.1|3|8
20|94.53|1820|418|5.2|5.1|3|8
20.1|94.47|1825|418|5.2|5.1|3|8
20.2|94.47|1827|418|5.2|5.2|3|8
20.3|94.44|1830|418|5.1|5.1|3|8
20.4|94.45|1832|418|5.2|5.2|3|8
20.5|94.43|1848|416|5.1|5.2|3|8
20.6|94.43|1856|405|5.1|5.1|3|8
20.7|94.37|1858|401|5.2|5.1|3|8
20.8|94.43|1858|400|5.2|5.1|3|8
20.9|94.43|1861|400|5.1|5.1|3|8
21|94.41|1863|399|5.1|5.2|3|8
21.1|94.4|1863|399|5.2|5.1|3|8
21.2|94.43|1863|399|5.2|5.2|3|8
21.3|94.45|1863|399|5.2|5.1|3|8
21.4|94.39|1866|399|5.1|5.1|3|8
21.5|94.44|1866|399|5.1|5.1|3|8
21.6|94.41|1866|399|5.1|5.1|3|8
21.7|94.4|1866|399|5.2|5.1|3|8
21.8|94.43|1869|399|5.2|5.1|4|8
21.9|94.61|1871|399|5.2|5.1|4|8
22|95.02|1822|399|5.2|5.2|4|8
22.1|95.54|1291|400|5.2|5.2|5|8
22.2|95.85|1157|400|5.2|5.1|5|8
22.3|96.05|1152|399|5.2|5.2|5|8
22.4|96.09|1152|399|5.2|5.2|5|8
22.5|96.09|1152|399|5.2|5.2|5|8
22.6|96.06|1152|398|5.2|5.1|5|8
22.7|96.06|1149|398|5.2|5.2|5|8
22.8|96.13|1149|398|5.2|5.2|5|8
22.9|96.09|1149|398|5.2|5.2|5|8
23|96.06|1149|398|5.2|5.2|5|8
23.1|96.09|1149|398|5.2|5.2|5|8
23.2|96.08|1149|398|5.2|5.2|5|8
23.3|96.1|1147|398|5.2|5.1|5|8
23.4|96.08|1147|398|5.2|5.2|5|8
23.5|96.08|1147|398|5.2|5.1|5|8
23.6|96.08|1147|398|5.2|5.1|5|8
23.7|96.09|1147|398|5.2|5.2|5|8
23.8|96.13|1147|398|5.2|5.1|5|8
23.9|96.06|1147|398|5.2|5.2|5|8
24|96.09|1147|398|5.2|5.2|5|8
24.1|96.1|1144|398|5.2|5.2|2|8
24.2|96.01|1147|398|5.2|5.2|2|8
24.3|95.72|1147|398|5.2|5.2|2|8
24.4|95.26|1196|398|5.2|5.2|2|8
24.5|94.8|1608|398|5.2|5.2|3|8
24.6|94.52|1832|398|5.2|5.2|3|8
24.7|94.44|1853|398|5.2|5.2|3|8
24.8|94.37|1861|398|5.2|5.2|3|8
24.9|94.28|1863|398|5.2|5.2|3|8
25|94.29|1866|398|5.2|5.2|3|8
25.1|94.27|1869|398|5.2|5.2|3|8
25.2|94.25|1871|398|5.2|5.2|3|8
25.3|94.24|1874|398|5.2|5.2|3|8
25.4|94.23|1874|398|5.2|5.2|3|8
25.5|94.21|1876|398|5.2|5.2|3|8
25.6|94.23|1876|398|5.2|5.2|3|8
25.7|94.15|1879|398|5.2|5.2|3|8
25.8|94.17|1879|398|5.2|5.1|3|8
25.9|94.21|1881|398|5.2|5.2|3|8
26|94.21|1879|398|5.2|5.1|3|8
26.1|94.24|1879|398|5.2|5.2|3|8
26.2|94.24|1879|398|5.2|5.2|3|8
26.3|94.27|1881|398|5.2|5.2|3|8
26.4|94.17|1881|398|5.2|5.2|3|8
26.5|94.2|1881|398|5.2|5.2|4|8
26.6|94.27|1884|398|5.2|5.2|4|8
26.7|94.53|1874|398|5.2|5.1|4|8
26.8|95.07|1410|399|5.2|5.2|4|8
26.9|95.45|1162|398|5.2|5.2|5|8
27|95.63|1157|398|5.2|5.2|5|8
27.1|95.69|1155|398|5.2|5.2|5|8
27.2|95.7|1155|398|5.2|5.2|5|8
27.3|95.76|1155|398|5.2|5.2|5|8
27.4|95.76|1155|398|5.2|5.2|5|8
27.5|95.81|1152|398|5.2|5.2|5|8
27.6|95.74|1152|398|5.2|5.2|5|8
27.7|95.7|1152|398|5.2|5.2|5|8
27.8|95.74|1152|398|5.2|5.2|5|8
27.9|95.74|1149|398|5.2|5.2|5|8
28|95.74|1149|398|5.2|5.2|5|8
28.1|95.76|1149|398|5.2|5.2|5|8
28.2|95.74|1149|398|5.2|5.2|5|8
28.3|95.76|1147|398|5.2|5.2|5|8
28.4|95.8|1147|398|5.2|5.2|5|8
28.5|95.76|1147|398|5.2|5.2|5|8
28.6|95.73|1147|398|5.2|5.2|5|8
28.7|95.74|1147|398|5.2|5.2|5|8
28.8|95.72|1147|398|5.2|5.2|5|8
28.9|95.78|1147|398|5.2|5.2|2|8
29|95.43|1147|398|5.2|5.2|2|8
29.1|95.04|1147|398|5.2|5.2|2|8
29.2|94.6|1647|398|5.2|5.2|3|8
29.3|94.33|1845|398|5.2|5.2|3|8
29.4|94.1|1863|398|5.2|5.2|3|8
29.5|93.97|1871|398|5.2|5.2|3|8
29.6|93.97|1876|398|5.2|5.2|3|8
29.7|93.94|1876|398|5.2|5.2|3|8
29.8|93.96|1879|398|5.2|5.1|3|8
29.9|93.94|1881|398|5.2|5.2|3|8
30|93.93|1884|398|5.2|5.2|3|8
30.1|93.89|1884|398|5.2|5.1|3|8
30.2|93.93|1884|398|5.2|5.2|3|8
30.3|93.96|1884|398|5.2|5.2|3|8
30.4|93.94|1887|398|5.2|5.1|3|8
30.5|93.93|1887|398|5.2|5.2|3|8
30.6|93.9|1887|398|5.2|5.2|3|8
30.7|93.9|1889|398|5.2|5.2|3|8
30.8|93.92|1889|398|5.2|5.2|3|8
30.9|93.93|1889|398|5.2|5.2|3|8
31|93.93|1892|398|5.2|5.2|3|8
31.1|93.94|1892|398|5.2|5.2|3|8
31.2|93.93|1892|398|5.2|5.2|4|8
31.3|94|1892|398|5.2|5.2|4|8
31.4|94.32|1892|398|5.2|5.1|4|8
31.5|94.67|1817|398|5.2|5.2|4|8
31.6|95.18|1175|398|5.2|5.2|5|8
31.7|95.41|1157|398|5.2|5.2|5|8
31.8|95.46|1155|398|5.2|5.2|5|8
31.9|95.58|1155|398|5.2|5.2|5|8
32|95.59|1152|398|5.2|5.2|5|8
32.1|95.61|1152|398|5.2|5.2|5|8
32.2|95.63|1152|398|5.2|5.2|5|8
32.3|95.58|1149|398|5.2|5.2|5|8
32.4|95.57|1149|398|5.2|5.2|5|8
32.5|95.57|1149|398|5.2|5.2|5|8
32.6|95.58|1149|398|5.2|5.2|5|8
32.7|95.57|1149|398|5.2|5.2|5|8
32.8|95.58|1149|398|5.2|5.2|5|8
32.9|95.62|1149|398|5.2|5.2|5|8
33|95.59|1149|398|5.2|5.2|5|8
33.1|95.59|1149|398|5.2|5.2|5|8
33.2|95.59|1149|398|5.2|5.2|5|8
33.3|95.58|1149|398|5.2|5.2|5|8
33.4|95.55|1147|398|5.2|5.2|5|8
33.5|95.58|1149|398|5.2|5.2|5|8
33.6|95.63|1147|398|5.2|5.2|2|8
33.7|95.43|1147|398|5.2|5.2|2|8
33.8|95.07|1147|398|5.2|5.2|2|8
33.9|94.64|1374|398|5.2|5.2|2|8
34|94.31|1825|398|5.2|5.2|3|8
34.1|94.02|1866|398|5.2|5.2|3|8
34.2|93.94|1876|398|5.2|5.2|3|8
34.3|93.97|1879|398|5.2|5.2|3|8
34.4|93.97|1884|398|5.2|5.1|3|8
34.5|93.97|1887|398|5.2|5.2|3|8
34.6|93.88|1889|398|5.2|5.2|3|8
34.7|93.85|1889|398|5.2|5.2|3|8
34.8|93.9|1889|398|5.2|5.2|3|8
34.9|93.9|1889|398|5.2|5.2|3|8
35|93.88|1889|398|5.2|5.2|3|8
35.1|93.85|1892|398|5.2|5.2|3|8
35.2|93.85|1892|398|5.2|5.2|3|8
35.3|93.88|1892|398|5.2|5.2|3|8
35.4|93.88|1892|398|5.2|5.1|3|8
35.5|93.88|1892|398|5.2|5.2|3|8
35.6|93.86|1894|398|5.2|5.2|3|8
35.7|93.89|1894|398|5.2|5.2|3|8
35.8|93.92|1894|398|5.2|5.2|3|8
35.9|93.9|1894|398|5.2|5.2|3|8
36|93.86|1894|398|5.2|5.2|4|8
36.1|94.21|1892|398|5.2|5.2|4|8
36.2|94.53|1835|398|5.2|5.2|4|8
36.3|95.04|1186|398|5.2|5.2|2|8
36.4|95.17|1157|398|5.2|5.2|2|8
36.5|95.14|1155|398|5.2|5.2|2|8
36.6|95.18|1155|398|5.2|5.2|2|8
36.7|95.14|1155|398|5.2|5.2|2|8
36.8|94.95|1152|398|5.2|5.2|2|8
36.9|94.99|1152|398|5.2|5.2|2|8
37|94.96|1149|398|5.2|5.2|2|8
37.1|94.83|1149|398|5.2|5.2|2|8
37.2|94.8|1149|398|5.2|5.2|2|8
37.3|94.75|1149|398|5.2|5.2|2|8
37.4|94.75|1149|398|5.2|5.2|2|8
37.5|94.63|1206|398|5.2|5.2|2|8
37.6|94.52|1240|398|5.2|5.2|2|8
37.7|94.49|1188|398|5.2|5.2|2|8
37.8|94.44|1222|398|5.2|5.2|2|8
37.9|94.37|1559|398|5.2|5.2|2|8
38|94.41|1709|398|5.2|5.2|2|8
38.1|94.37|1745|398|5.2|5.2|2|8
38.2|94.56|1732|399|5.2|5.2|2|8
38.3|94.79|1698|399|5.2|5.2|2|8
38.4|94.96|1219|400|5.2|5.2|2|8
38.5|95.06|1152|398|5.2|5.2|2|8
38.6|95.11|1149|398|5.2|5.2|2|8
38.7|95.12|1147|398|5.2|5.2|2|8
38.8|95.04|1147|398|5.2|5.2|2|8
38.9|95.04|1147|398|5.2|5.2|2|8
39|94.94|1144|398|5.2|5.2|2|8
39.1|94.82|1144|398|5.2|5.2|2|8
39.2|94.79|1147|398|5.2|5.2|2|8
39.3|94.76|1155|398|5.2|5.2|2|8
39.4|94.72|1147|398|5.2|5.2|2|8
39.5|94.64|1229|398|5.2|5.2|2|8
39.6|94.55|1242|398|5.2|5.2|2|8
39.7|94.51|1209|398|5.2|5.2|2|8
39.8|94.47|1209|398|5.2|5.2|2|8
39.9|94.39|1351|399|5.2|5.2|2|8
40|94.36|1714|399|5.2|5.2|2|8
40.1|94.36|1755|399|5.2|5.2|2|8
40.2|94.43|1737|399|5.2|5.2|2|8
40.3|94.66|1229|399|5.2|5.2|2|8
40.4|94.74|1149|398|5.2|5.2|2|8
40.5|94.82|1147|398|5.2|5.2|2|8
40.6|94.78|1147|398|5.2|5.2|2|8
40.7|94.78|1147|398|5.2|5.2|2|8
40.8|94.71|1144|398|5.2|5.2|2|8
40.9|94.66|1144|398|5.2|5.2|2|8
41|94.59|1180|398|5.2|5.2|2|8
41.1|94.52|1165|398|5.2|5.2|2|8
41.2|94.47|1229|398|5.2|5.2|2|8
41.3|94.43|1351|399|5.2|5.2|2|8
41.4|94.43|1528|399|5.2|5.2|2|8
41.5|94.35|1763|399|5.2|5.2|2|8
41.6|94.33|1768|399|5.2|5.2|2|8
41.7|94.55|1724|399|5.2|5.2|2|8
41.8|94.71|1170|399|5.2|5.2|2|8
41.9|94.83|1147|398|5.2|5.2|2|8
42|94.8|1147|398|5.2|5.2|2|8
42.1|94.88|1147|398|5.2|5.2|2|8
42.2|94.78|1147|398|5.2|5.2|2|8
42.3|94.7|1147|398|5.2|5.2|2|8
42.4|94.75|1147|398|5.2|5.2|2|8
42.5|94.61|1144|398|5.2|5.2|2|8
42.6|94.51|1147|398|5.2|5.2|2|8
42.7|94.45|1237|398|5.2|5.2|2|8
42.8|94.44|1196|398|5.2|5.2|2|8
42.9|94.44|1477|398|5.2|5.2|2|8
43|94.36|1693|399|5.2|5.2|2|8
43.1|94.35|1740|399|5.2|5.2|2|8
43.2|94.49|1706|399|5.2|5.2|2|8
43.3|94.7|1554|400|5.2|5.2|2|8
43.4|94.96|1155|399|5.2|5.2|2|8
43.5|94.87|1149|398|5.2|5.2|2|8
43.6|94.96|1147|398|5.2|5.2|2|8
43.7|94.86|1144|398|5.2|5.2|2|8
43.8|94.84|1144|398|5.2|5.2|2|8
43.9|94.79|1144|398|5.2|5.2|2|8
44|94.75|1144|398|5.2|5.2|2|8
44.1|94.76|1144|398|5.2|5.2|2|8
44.2|94.63|1175|398|5.2|5.2|2|8
44.3|94.52|1178|399|5.2|5.2|2|8
44.4|94.51|1229|398|5.2|5.2|2|8
44.5|94.45|1168|398|5.2|5.2|2|8
44.6|94.39|1170|398|5.2|5.2|2|8
44.7|94.36|1294|399|5.2|5.2|2|8
44.8|94.29|1317|398|5.2|5.2|2|8
44.9|94.19|1384|399|5.2|5.2|2|8
45|94.02|1206|398|5.2|5.2|2|8
45.1|94.09|1149|398|5.2|5.2|2|8
45.2|93.96|1407|398|5.2|5.2|2|8
45.3|93.98|1397|398|5.2|5.2|2|8
45.4|93.86|1554|399|5.2|5.2|2|8
45.5|93.86|1271|399|5.2|5.2|2|8
45.6|93.89|1149|398|5.2|5.2|2|8
45.7|93.9|1147|398|5.2|5.2|2|8
45.8|93.97|1144|398|5.2|5.2|2|8
45.9|93.92|1147|398|5.2|5.2|2|8
46|93.8|1410|398|5.2|5.2|2|8
46.1|93.74|1539|400|5.2|5.2|2|8
46.2|93.74|1242|399|5.2|5.2|2|8
46.3|93.74|1147|398|5.2|5.2|2|8
46.4|93.81|1147|398|5.2|5.2|2|8
46.5|93.72|1273|398|5.2|5.2|2|8
46.6|93.68|1446|399|5.2|5.2|2|8
46.7|93.58|1451|399|5.2|5.2|2|8
46.8|93.55|1322|400|5.2|5.2|2|8
46.9|93.58|1299|399|5.2|5.2|2|8
47|93.55|1361|399|5.2|5.2|2|8
47.1|93.43|1338|399|5.2|5.2|2|8
47.2|93.35|1351|400|5.2|5.2|2|8
47.3|93.27|1232|399|5.2|5.2|2|8
47.4|93.18|1157|398|5.2|5.2|2|8
47.5|93.1|1162|398|5.2|5.2|2|8
47.6|93.21|1381|398|5.2|5.2|2|8
47.7|93.02|1278|399|5.2|5.2|2|8
47.8|93.06|1235|399|5.2|5.2|2|8
47.9|92.94|1371|399|5.2|5.2|2|8
48|92.87|1374|400|5.2|5.2|2|8
48.1|92.78|1255|400|5.2|5.2|2|8
48.2|92.67|1235|399|5.2|5.2|2|8
48.3|92.64|1296|399|5.2|5.2|2|8
48.4|92.66|1299|400|5.2|5.2|2|8
48.5|92.48|1425|400|5.2|5.2|2|8
48.6|92.41|1227|400|5.2|5.2|2|8
48.7|92.39|1196|399|5.2|5.2|2|8
48.8|92.27|1296|399|5.2|5.2|2|8
48.9|92.19|1224|399|5.2|5.2|2|8
49|92.12|1201|399|5.2|5.2|2|8
49.1|92.04|1204|398|5.2|5.2|2|8
49.2|91.97|1227|398|5.2|5.2|2|8
49.3|91.94|1219|398|5.2|5.2|2|8
49.4|91.82|1196|398|5.2|5.2|2|8
49.5|91.69|1247|398|5.2|5.2|2|8
49.6|91.61|1289|399|5.2|5.2|2|8
49.7|91.49|1265|399|5.2|5.2|2|8
49.8|91.49|1253|399|5.2|5.2|2|8
49.9|91.41|1294|399|5.2|5.2|2|8
50|91.26|1265|398|5.2|5.2|2|8
50.1|91.25|1278|399|5.2|5.2|2|8
50.2|91.07|1271|398|5.2|5.2|2|8
50.3|91|1227|398|5.2|5.2|2|8
50.4|90.94|1374|399|5.2|5.2|2|8
50.5|90.8|1271|400|5.2|5.2|2|8
50.6|90.8|1196|398|5.2|5.2|2|8
50.7|90.71|1291|399|5.2|5.2|2|8
50.8|90.67|1286|398|5.2|5.2|2|8
50.9|90.62|1268|399|5.2|5.2|2|8
51|90.56|1211|399|5.2|5.2|2|8
51.1|90.47|1180|399|5.2|5.2|2|8
51.2|90.37|1206|399|5.2|5.2|2|8
51.3|90.37|1219|399|5.2|5.2|2|8
51.4|90.25|1209|399|5.2|5.2|2|8
51.5|90.19|1178|399|5.2|5.2|2|8
51.6|90.09|1240|399|5.2|5.2|2|8
51.7|90.03|1180|400|5.2|5.2|2|8
51.8|89.93|1168|399|5.2|5.2|2|8
51.9|89.89|1286|399|5.2|5.2|2|8
52|89.86|1322|400|5.2|5.2|2|8
52.1|89.7|1209|399|5.2|5.2|2|8
52.2|89.73|1309|399|5.2|5.2|2|8
52.3|89.54|1286|400|5.2|5.2|2|8
52.4|89.53|1299|400|5.2|5.2|2|8
52.5|89.45|1250|400|5.2|5.2|2|8
52.6|89.3|1201|400|5.2|5.2|2|8
52.7|89.19|1237|399|5.2|5.2|2|8
52.8|89.14|1258|399|5.2|5.2|2|8
52.9|89.02|1209|398|5.2|5.2|2|8
53|88.97|1242|398|5.2|5.2|2|8
53.1|88.9|1209|399|5.2|5.2|2|8
53.2|88.74|1284|399|5.2|5.2|2|8
53.3|88.72|1286|399|5.2|5.2|2|8
53.4|88.59|1211|399|5.2|5.2|2|8
53.5|88.48|1268|398|5.2|5.2|2|8
53.6|88.36|1356|399|5.2|5.2|2|8
53.7|88.24|1222|399|5.2|5.2|2|8
53.8|88.2|1253|399|5.2|5.2|2|8
53.9|88.07|1330|400|5.2|5.2|2|8
54|87.96|1299|399|5.2|5.2|2|8
54.1|87.85|1363|400|5.2|5.2|2|8
54.2|87.68|1273|399|5.2|5.2|2|8
54.3|87.62|1209|399|5.2|5.2|2|8
54.4|87.46|1286|399|5.2|5.2|2|8
54.5|87.35|1245|398|5.2|5.2|2|8
54.6|87.21|1219|398|5.2|5.2|2|8
54.7|87.17|1335|399|5.2|5.2|2|8
54.8|86.99|1245|399|5.2|5.2|2|8
54.9|86.86|1410|400|5.2|5.2|2|8
55|86.74|1242|400|5.2|5.2|2|8
55.1|86.6|1296|400|5.2|5.2|2|8
55.2|86.44|1363|399|5.2|5.2|2|8
55.3|86.27|1250|400|5.2|5.2|2|8
55.4|86.24|1335|400|5.2|5.2|2|8
55.5|86.04|1394|400|5.2|5.2|2|8
55.6|85.92|1351|400|5.2|5.2|2|8
55.7|85.77|1369|400|5.2|5.2|2|8
55.8|85.56|1286|400|5.2|5.2|2|8
55.9|85.44|1345|400|5.2|5.2|2|8
56|85.23|1273|400|5.2|5.2|2|8
56.1|85.19|1330|400|5.2|5.2|2|8
56.2|84.98|1325|399|5.2|5.2|2|8
56.3|84.82|1358|400|5.2|5.2|2|8
56.4|84.62|1353|400|5.2|5.2|2|8
56.5|84.44|1209|400|5.2|5.2|2|8
56.6|84.28|1384|400|5.2|5.2|2|8
56.7|84.16|1420|400|5.2|5.2|2|8
56.8|83.92|1327|400|5.2|5.2|2|8
56.9|83.8|1366|400|5.2|5.2|2|8
57|83.6|1353|400|5.2|5.2|2|8
57.1|83.4|1289|400|5.2|5.2|2|8
57.2|83.18|1392|400|5.2|5.2|2|8
57.3|83.02|1340|400|5.2|5.2|6|8
57.4|81.91|1889|400|5.2|5.2|6|8
57.5|79.18|1946|399|5.2|5.2|6|8
57.6|76.24|139|399|5.2|5.2|7|8
57.7|73.96|0|398|5.2|5.2|7|8
57.8|72.97|0|398|5.2|5.2|7|8
57.9|72.5|0|397|5.2|5.2|7|8
58|72.35|0|397|5.2|5.2|7|8
58.1|72.24|0|397|5.2|5.2|7|8
58.2|72.2|0|397|5.2|5.2|7|8
58.3|72.16|0|397|5.2|5.2|7|8
58.4|72.16|0|397|5.2|5.2|7|8
58.5|72.16|0|397|5.2|5.2|7|8
58.6|72.15|0|397|5.2|5.2|7|8
58.7|72.18|0|398|5.2|5.2|7|8
58.8|72.18|0|398|5.2|5.2|7|8
58.9|72.18|0|398|5.2|5.2|7|8
59|72.19|0|398|5.2|5.2|7|8
59.1|72.22|0|398|5.2|5.2|7|8
59.2|72.2|0|398|5.2|5.2|7|8
59.3|72.19|0|398|5.2|5.2|7|8
59.4|72.18|0|398|5.2|5.2|7|8
59.5|72.18|0|398|5.2|5.2|7|8
59.6|72.15|0|398|5.2|5.2|7|8
59.7|72.18|0|398|5.2|5.2|7|8
59.8|72.18|0|398|5.2|5.2|7|8
59.9|72.2|0|398|5.2|5.2|7|8
60|72.22|0|397|5.2|5.2|7|8
60.1|72.19|0|398|5.2|5.2|7|8
60.2|72.15|0|397|5.2|5.2|7|8
60.3|72.08|0|398|5.2|5.2|7|8
60.4|72.15|0|398|5.2|5.2|7|8
60.5|72.11|0|398|5.2|5.2|7|8
60.6|72.12|0|398|5.2|5.2|7|8
60.7|72.14|0|398|5.2|5.2|7|8
60.8|72.16|0|398|5.2|5.2|7|8
60.9|72.19|0|398|5.2|5.2|7|8
61|72.16|0|398|5.2|5.2|7|8
61.1|72.16|0|398|5.2|5.2|7|8
61.2|72.16|0|398|5.2|5.2|7|8
61.3|72.16|0|398|5.2|5.2|7|8
61.4|72.16|0|398|5.2|5.2|7|8
61.5|72.19|0|398|5.2|5.2|7|8
61.6|72.19|0|398|5.2|5.2|7|8
61.7|72.2|0|398|5.2|5.2|7|8
61.8|72.16|0|398|5.2|5.2|7|8
61.9|72.15|0|398|5.2|5.2|7|8
62|72.07|0|398|5.2|5.2|7|8
62.1|72.15|0|398|5.2|5.2|7|8
62.2|72.15|0|398|5.2|5.2|7|8
62.3|72.15|0|398|5.2|5.2|7|8
62.4|72.12|0|398|5.2|5.2|7|8
62.5|72.11|0|398|5.2|5.2|7|8
62.6|72.11|0|398|5.2|5.2|7|8
62.7|72.15|0|398|5.2|5.2|7|8
62.8|72.16|0|398|5.2|5.2|7|8
62.9|72.16|0|398|5.2|5.2|7|8
63|72.16|0|398|5.2|5.2|7|8
63.1|72.18|0|398|5.2|5.2|7|8
63.2|72.2|0|398|5.2|5.2|7|8
63.3|72.18|0|398|5.2|5.2|7|8
63.4|72.14|0|398|5.2|5.2|7|8
63.5|72.07|0|398|5.2|5.2|7|8
63.6|72.14|0|398|5.2|5.2|7|8
63.7|72.14|0|398|5.2|5.2|7|8
63.8|72.15|0|398|5.2|5.2|7|8
63.9|72.15|0|398|5.2|5.2|7|8
64|72.15|0|398|5.2|5.2|7|8
64.1|72.16|0|398|5.2|5.2|7|8
64.2|72.19|0|398|5.2|5.2|7|8
64.3|72.16|0|398|5.2|5.2|7|8
64.4|72.14|0|398|5.2|5.2|7|8
64.5|72.1|0|398|5.2|5.2|7|8
64.6|72.14|0|398|5.2|5.2|7|8
64.7|72.14|0|398|5.2|5.2|7|8
64.8|72.15|0|398|5.2|5.2|7|8
64.9|72.15|0|398|5.2|5.2|7|8
65|72.15|0|398|5.2|5.2|7|8
65.1|72.2|0|398|5.2|5.2|7|8
65.2|72.16|0|398|5.2|5.2|7|8
65.3|72.15|0|398|5.2|5.2|7|8
65.4|72.14|0|398|5.2|5.2|7|8
65.5|72.08|0|398|5.2|5.2|7|8
65.6|72.1|0|398|5.2|5.2|7|8
65.7|72.14|0|398|5.2|5.2|7|8
65.8|72.14|0|398|5.2|5.2|7|8
65.9|72.12|0|398|5.2|5.2|7|8
66|72.14|0|398|5.2|5.2|7|8
66.1|72.14|0|398|5.2|5.2|7|8
66.2|72.15|0|398|5.2|5.2|7|8
66.3|72.2|0|398|5.2|5.2|7|8
66.4|72.16|0|398|5.2|5.2|7|8
66.5|72.15|0|398|5.2|5.2|7|8
66.6|72.11|0|398|5.2|5.2|7|8
66.7|72.1|0|398|5.2|5.2|7|8
66.8|72.14|0|398|5.2|5.2|7|8
66.9|72.16|0|398|5.2|5.2|7|8
67|72.19|0|398|5.2|5.2|7|8
67.1|72.18|0|398|5.2|5.2|7|8
67.2|72.12|0|398|5.2|5.2|7|8
67.3|72.07|0|398|5.2|5.2|7|8
67.4|72.1|0|398|5.2|5.2|7|8
67.5|72.14|0|397|5.2|5.2|7|8
67.6|72.12|0|397|5.2|5.2|7|8
67.7|72.14|0|397|5.2|5.2|7|8
67.8|72.14|0|397|5.2|5.2|7|8
67.9|72.15|0|398|5.2|5.2|7|8
68|72.16|0|397|5.2|5.2|7|8
68.1|72.16|0|398|5.2|5.2|7|8
68.2|72.14|0|398|5.2|5.2|7|8
68.3|72.14|0|398|5.2|5.2|7|8
68.4|72.07|0|398|5.2|5.2|7|8
68.5|72.1|0|398|5.2|5.2|7|8
68.6|72.14|0|401|5.2|5.2|7|8
68.7|72.15|0|402|5.2|5.2|7|8
68.8|72.19|0|402|5.2|5.2|7|8
68.9|72.16|0|402|5.2|5.2|7|8
69|72.15|0|402|5.2|5.2|7|8
69.1|72.08|0|402|5.2|5.2|7|8
69.2|72.1|0|402|5.2|5.2|7|8
69.3|72.12|0|402|5.2|5.2|7|8
69.4|72.12|0|402|5.2|5.2|7|8
69.5|72.14|0|402|5.2|5.2|7|8
69.6|72.15|0|402|5.2|5.2|7|8
69.7|72.18|0|402|5.2|5.2|7|8
69.8|72.16|0|402|5.2|5.2|7|8
69.9|72.14|0|402|5.2|5.2|7|8
70|72.12|0|402|5.2|5.2|7|8
70.1|72.07|0|402|5.2|5.2|7|8
70.2|72.1|0|402|5.2|5.2|7|8
70.3|72.12|0|402|5.2|5.2|7|8
70.4|72.14|0|402|5.2|5.2|7|8
70.5|72.12|0|402|5.2|5.2|7|8
70.6|72.15|0|402|5.2|5.2|8|8
70.7|72.11|0|402|5.2|5.2|8|8
70.8|72.07|0|402|5.2|5.2|8|8
70.9|72.03|0|402|5.2|5.2|8|8
71|72.04|0|402|5.2|5.2|8|8
71.1|72.06|0|402|5.1|5.1|8|8
71.2|72.08|0|402|5.1|5.1|8|8
71.3|72.16|0|402|5.1|5.1|8|8
71.4|72.1|0|402|5.1|5.1|8|8
71.5|72.08|0|402|5.1|5.1|8|8
71.6|72.04|0|402|5.1|5.1|8|8
71.7|72.04|0|402|5.1|5.1|8|8
71.8|72.1|0|402|5.1|5.1|8|8
71.9|72.16|0|402|5.1|5.1|8|8
72|72.1|0|402|5.1|5.1|8|8
72.1|72.1|0|402|5.1|5.1|8|8
72.2|72.06|0|402|5.1|5.1|8|8
72.3|72.06|0|402|5.1|5.1|8|8
72.4|72.08|0|402|5.1|5.1|8|8
72.5|72.1|0|402|5.1|5.1|8|8
72.6|72.7|0|402|5.1|5.1|8|8
72.7|75.73|0|402|5.1|5.1|8|8
72.8|78.78|0|402|5.1|5.1|8|8
72.9|81.83|0|402|5.1|5.1|8|8
73|84.86|0|402|5.1|5.1|8|8
73.1|87.82|0|402|5.1|5.1|8|8
73.2|90.84|0|402|5.1|5.1|8|8
73.3|93.65|0|402|5.1|5.1|8|8
73.4|95.1|0|402|5.1|5.1|8|8
73.5|95.7|0|402|5.1|5.1|8|8
