0|96.04|884|401|5|5|1|8
0.1|96.04|995|405|5|5|1|8
0.2|96.04|997|407|5|5|1|8
0.3|96.02|1000|407|5|5|1|8
0.4|96.02|1000|408|5|5|1|8
0.5|96.01|1000|408|5|5|2|8
0.6|95.74|1049|408|5|5|2|8
0.7|95.33|1451|409|5|5|2|8
0.8|94.98|1657|411|5.1|5|3|8
0.9|94.79|1691|412|5.1|5|3|8
1|94.72|1706|412|5.1|5.1|3|8
1.1|94.63|1714|412|5.1|5.1|3|8
1.2|94.64|1722|412|5.1|5.1|3|8
1.3|94.56|1724|412|5.1|5.1|3|8
1.4|94.61|1727|412|5.1|5.1|3|8
1.5|94.6|1727|412|5.1|5.1|3|8
1.6|94.59|1729|412|5.1|5.1|3|8
1.7|94.56|1732|412|5.1|5.1|3|8
1.8|94.57|1732|412|5.1|5.1|3|8
1.9|94.6|1735|412|5.1|5.1|3|8
2|94.59|1735|412|5.1|5.1|3|8
2.1|94.61|1737|412|5.1|5.1|3|8
2.2|94.55|1737|412|5.1|5.1|3|8
2.3|94.59|1737|412|5.1|5.1|3|8
2.4|94.57|1740|412|5.1|5.1|3|8
2.5|94.59|1742|412|5.1|5.1|3|8
2.6|94.6|1745|412|5.1|5.1|3|8
2.7|94.57|1745|412|5.1|5.1|3|8
2.8|94.56|1745|412|5.1|5.1|4|8
2.9|94.82|1740|412|5.1|5.1|4|8
3|95.29|1526|412|5.1|5.1|4|8
3.1|95.72|1036|410|5.1|5.1|5|8
3.2|95.85|1028|408|5.1|5.1|5|8
3.3|95.96|1026|408|5.1|5.1|5|8
3.4|95.97|1023|408|5.1|5.1|5|8
3.5|96.01|1021|407|5.1|5.1|5|8
3.6|96.01|1021|407|5.1|5.1|5|8
3.7|96.01|1021|407|5.1|5.1|5|8
3.8|96.02|1021|407|5.1|5.1|5|8
3.9|96.02|1021|407|5.1|5.1|5|8
4|96.02|1018|407|5.1|5.1|5|8
4.1|96.06|1018|407|5.2|5.2|5|8
4.2|96.02|1018|407|5.2|5.2|5|8
4.3|96.01|1018|407|5.2|5.2|5|8
4.4|95.96|1015|407|5.2|5.2|5|8
4.5|96|1015|407|5.2|5.2|5|8
4.6|96|1013|407|5.2|5.2|5|8
4.7|96.01|1013|407|5.2|5.2|5|8
4.8|96.01|1015|407|5.2|5.2|5|8
4.9|96.02|1015|407|5.2|5.2|5|8
5|96.02|1015|407|5.2|5.2|5|8
5.1|96.02|1015|407|5.2|5.2|2|8
5.2|95.77|1015|407|5.2|5.2|2|8
5.3|95.33|1015|407|5.2|5.2|2|8
5.4|94.91|1546|408|5.2|5.2|3|8
5.5|94.66|1714|410|5.2|5.2|3|8
5.6|94.4|1737|411|5.2|5.2|3|8
5.7|94.43|1745|411|5.2|5.2|3|8
5.8|94.35|1753|412|5.2|5.2|3|8
5.9|94.28|1755|412|5.2|5.2|3|8
6|94.27|1758|412|5.2|5.2|3|8
6.1|94.23|1760|412|5.2|5.2|3|8
6.2|94.21|1763|412|5.2|5.2|3|8
6.3|94.25|1765|412|5.2|5.2|3|8
6.4|94.24|1768|412|5.2|5.2|3|8
6.5|94.27|1768|412|5.2|5.2|3|8
6.6|94.28|1771|412|5.2|5.2|3|8
6.7|94.28|1771|412|5.2|5.2|3|8
6.8|94.24|1773|412|5.2|5.2|3|8
6.9|94.21|1776|409|5.2|5.2|3|8
7|94.24|1776|408|5.2|5.2|3|8
7.1|94.21|1778|408|5.2|5.2|3|8
7.2|94.21|1778|408|5.2|5.2|3|8
7.3|94.24|1778|408|5.2|5.2|3|8
7.4|94.24|1778|407|5.2|5.2|4|8
7.5|94.29|1778|407|5.2|5.2|4|8
7.6|94.55|1768|407|5.2|5.2|4|8
7.7|95.02|1518|407|5.2|5.2|4|8
7.8|95.45|1041|404|5.2|5.2|5|8
7.9|95.63|1031|404|5.2|5.2|5|8
8|95.69|1028|403|5.2|5.2|5|8
8.1|95.77|1028|402|5.2|5.2|5|8
8.2|95.8|1028|402|5.2|5.2|5|8
8.3|95.81|1026|402|5.2|5.2|5|8
8.4|95.74|1026|402|5.3|5.2|5|8
8.5|95.77|1026|402|5.3|5.2|5|8
8.6|95.77|1026|402|5.3|5.3|5|8
8.7|95.8|1026|402|5.3|5.3|5|8
8.8|95.77|1026|402|5.3|5.3|5|8
8.9|95.66|1026|402|5.3|5.3|5|8
9|95.76|1026|402|5.3|5.3|5|8
9.1|95.76|1026|402|5.3|5.3|5|8
9.2|95.74|1026|402|5.3|5.3|5|8
9.3|95.74|1026|402|5.3|5.3|5|8
9.4|95.74|1026|402|5.3|5.3|5|8
9.5|95.78|1026|402|5.3|5.3|5|8
9.6|95.8|1026|403|5.3|5.3|5|8
9.7|95.8|1026|402|5.3|5.3|5|8
9.8|95.78|1026|402|5.3|5.3|2|8
9.9|95.49|1026|402|5.3|5.3|2|8
10|95.1|1026|402|5.3|5.3|2|8
10.1|94.68|1526|403|5.3|5.3|2|8
10.2|94.35|1745|405|5.3|5.3|3|8
10.3|94.2|1771|407|5.3|5.3|3|8
10.4|94.02|1781|407|5.3|5.3|3|8
10.5|93.98|1796|398|5.3|5.3|3|8
10.6|93.97|1799|392|5.3|5.3|3|8
10.7|93.96|1802|390|5.3|5.3|3|8
10.8|93.94|1802|390|5.3|5.3|3|8
10.9|93.94|1802|390|5.3|5.3|3|8
11|93.97|1804|390|5.3|5.3|3|8
11.1|93.97|1807|390|5.3|5.3|3|8
11.2|93.94|1807|390|5.3|5.3|3|8
11.3|93.93|1807|390|5.3|5.3|3|8
11.4|93.94|1809|390|5.3|5.3|3|8
11.5|93.96|1809|390|5.3|5.3|3|8
11.6|93.96|1809|390|5.3|5.3|3|8
11.7|93.96|1809|390|5.3|5.3|3|8
11.8|93.96|1812|390|5.3|5.3|3|8
11.9|93.96|1812|390|5.3|5.3|3|8
12|93.96|1812|390|5.3|5.3|3|8
12.1|93.94|1812|390|5.3|5.3|3|8
12.2|93.97|1812|390|5.3|5.3|4|8
12.3|94.24|1809|390|5.3|5.3|4|8
12.4|94.67|1428|390|5.3|5.3|4|8
12.5|95.07|1046|389|5.3|5.3|5|8
12.6|95.26|1039|388|5.3|5.3|5|8
12.7|95.29|1036|388|5.3|5.3|5|8
12.8|95.37|1036|388|5.3|5.3|5|8
12.9|95.35|1034|388|5.3|5.3|5|8
13|95.35|1034|388|5.3|5.3|5|8
13.1|95.37|1034|388|5.3|5.3|5|8
13.2|95.37|1034|388|5.3|5.3|5|8
13.3|95.37|1034|388|5.3|5.3|5|8
13.4|95.37|1031|388|5.3|5.3|5|8
13.5|95.37|1034|388|5.3|5.3|5|8
13.6|95.37|1031|388|5.4|5.3|5|8
13.7|95.37|1031|388|5.4|5.4|5|8
13.8|95.37|1031|388|5.4|5.4|5|8
13.9|95.37|1031|388|5.4|5.4|5|8
14|95.35|1031|388|5.4|5.4|5|8
14.1|95.37|1028|388|5.4|5.4|5|8
14.2|95.37|1031|388|5.4|5.4|5|8
14.3|95.37|1031|388|5.4|5.4|5|8
14.4|95.35|1031|388|5.4|5.4|5|8
14.5|95.34|1031|388|5.4|5.4|2|8
14.6|95.07|1031|388|5.4|5.4|2|8
14.7|94.68|1036|388|5.4|5.4|2|8
14.8|94.28|1724|388|5.4|5.4|3|8
14.9|93.98|1791|389|5.4|5.4|3|8
15|93.85|1807|390|5.4|5.4|3|8
15.1|93.85|1812|390|5.4|5.4|3|8
15.2|93.72|1817|390|5.4|5.4|3|8
15.3|93.69|1817|390|5.4|5.4|3|8
15.4|93.74|1820|390|5.4|5.4|3|8
15.5|93.69|1820|390|5.4|5.4|3|8
15.6|93.73|1822|390|5.4|5.4|3|8
15.7|93.74|1822|390|5.4|5.4|3|8
15.8|93.72|1822|390|5.4|5.4|3|8
15.9|93.73|1825|390|5.4|5.4|3|8
16|93.73|1822|390|5.4|5.4|3|8
16.1|93.7|1825|390|5.4|5.4|3|8
16.2|93.7|1827|390|5.4|5.4|3|8
16.3|93.72|1827|390|5.4|5.4|3|8
16.4|93.73|1827|390|5.4|5.4|3|8
16.5|93.69|1827|390|5.4|5.4|3|8
16.6|93.7|1827|390|5.4|5.4|3|8
16.7|93.7|1827|390|5.4|5.4|3|8
16.8|93.7|1827|390|5.4|5.4|4|8
16.9|93.78|1827|390|5.4|5.4|4|8
17|94.13|1820|390|5.4|5.4|4|8
17.1|94.64|1155|390|5.4|5.4|5|8
17.2|94.92|1046|388|5.4|5.4|5|8
17.3|95.06|1041|388|5.4|5.4|5|8
17.4|95.12|1041|388|5.4|5.4|5|8
17.5|95.1|1041|388|5.4|5.4|5|8
17.6|95.11|1041|388|5.4|5.4|5|8
17.7|95.17|1041|388|5.4|5.4|5|8
17.8|95.19|1039|388|5.4|5.4|5|8
17.9|95.15|1039|388|5.4|5.4|5|8
18|95.15|1039|388|5.4|5.4|5|8
18.1|95.14|1039|388|5.4|5.4|5|8
18.2|95.15|1039|388|5.4|5.4|5|8
18.3|95.15|1039|388|5.4|5.4|5|8
18.4|95.17|1039|388|5.4|5.4|5|8
18.5|95.18|1036|388|5.4|5.4|5|8
18.6|95.17|1036|388|5.4|5.4|5|8
18.7|95.14|1036|388|5.4|5.4|5|8
18.8|95.14|1036|388|5.4|5.4|5|8
18.9|95.18|1036|388|5.4|5.4|5|8
19|95.22|1036|388|5.4|5.4|5|8
19.1|95.17|1036|388|5.4|5.4|2|8
19.2|95.15|1036|388|5.4|5.4|2|8
19.3|94.8|1036|388|5.4|5.4|2|8
19.4|94.36|1162|388|5.4|5.4|2|8
19.5|93.94|1778|388|5.4|5.4|3|8
19.6|93.76|1814|389|5.4|5.4|3|8
19.7|93.58|1825|390|5.4|5.4|3|8
19.8|93.53|1827|390|5.4|5.4|3|8
19.9|93.54|1830|390|5.4|5.4|3|8
20|93.58|1832|390|5.4|5.4|3|8
20.1|93.53|1832|390|5.4|5.4|3|8
20.2|93.5|1835|390|5.4|5.4|3|8
20.3|93.5|1835|390|5.4|5.4|3|8
20.4|93.51|1835|390|5.4|5.4|3|8
20.5|93.53|1838|390|5.4|5.4|3|8
20.6|93.54|1840|390|5.4|5.4|3|8
20.7|93.51|1840|390|5.4|5.4|3|8
20.8|93.49|1840|390|5.4|5.4|3|8
20.9|93.53|1840|390|5.4|5.4|3|8
21|93.53|1840|390|5.4|5.4|3|8
21.1|93.51|1840|390|5.4|5.4|3|8
21.2|93.49|1843|390|5.4|5.4|3|8
21.3|93.49|1843|390|5.4|5.4|3|8
21.4|93.53|1843|390|5.4|5.4|3|8
21.5|93.51|1843|390|5.4|5.4|4|8
21.6|93.7|1843|390|5.4|5.4|4|8
21.7|94.05|1822|390|5.4|5.4|4|8
21.8|94.56|1095|389|5.4|5.4|5|8
21.9|94.8|1049|388|5.4|5.4|5|8
22|94.88|1044|388|5.4|5.4|5|8
22.1|94.96|1044|388|5.4|5.4|5|8
22.2|95|1041|388|5.4|5.4|5|8
22.3|95|1041|388|5.4|5.4|5|8
22.4|95|1041|388|5.4|5.4|5|8
22.5|95|1041|388|5.4|5.4|5|8
22.6|95.02|1041|388|5.4|5.4|5|8
22.7|95|1041|388|5.4|5.4|5|8
22.8|95|1039|388|5.4|5.4|5|8
22.9|94.98|1041|388|5.4|5.4|5|8
23|95|1039|388|5.4|5.4|5|8
23.1|95.02|1039|388|5.4|5.4|5|8
23.2|95.02|1039|388|5.4|5.4|5|8
23.3|95.02|1039|388|5.4|5.4|5|8
23.4|95.02|1039|388|5.4|5.4|5|8
23.5|95.02|1039|388|5.4|5.4|5|8
23.6|95|1039|388|5.4|5.4|5|8
23.7|95.04|1039|388|5.4|5.4|5|8
23.8|95.03|1039|388|5.4|5.4|2|8
23.9|94.86|1039|388|5.4|5.4|2|8
24|94.48|1039|388|5.4|5.4|2|8
24.1|94.05|1485|388|5.4|5.4|2|8
24.2|93.74|1802|388|5.4|5.4|3|8
24.3|93.58|1827|389|5.4|5.4|3|8
24.4|93.43|1835|389|5.4|5.4|3|8
24.5|93.42|1840|389|5.4|5.4|3|8
24.6|93.42|1843|389|5.4|5.4|3|8
24.7|93.37|1845|389|5.4|5.4|3|8
24.8|93.33|1845|389|5.4|5.4|3|8
24.9|93.35|1848|389|5.4|5.4|3|8
25|93.38|1848|389|5.4|5.4|3|8
25.1|93.38|1848|389|5.4|5.4|3|8
25.2|93.39|1848|389|5.4|5.4|3|8
25.3|93.33|1848|389|5.4|5.4|3|8
25.4|93.37|1851|389|5.4|5.4|3|8
25.5|93.37|1851|389|5.4|5.4|3|8
25.6|93.37|1851|389|5.4|5.4|3|8
25.7|93.38|1851|389|5.4|5.4|3|8
25.8|93.37|1853|389|5.4|5.4|3|8
25.9|93.31|1853|389|5.4|5.4|3|8
26|93.33|1853|389|5.4|5.4|3|8
26.1|93.37|1853|389|5.4|5.4|3|8
26.2|93.35|1853|389|5.4|5.4|4|8
26.3|93.57|1853|389|5.4|5.4|4|8
26.4|94|1786|389|5.4|5.4|4|8
26.5|94.51|1064|389|5.4|5.4|5|8
26.6|94.71|1046|388|5.4|5.4|5|8
26.7|94.78|1044|388|5.4|5.4|5|8
26.8|94.9|1044|388|5.4|5.4|5|8
26.9|94.87|1044|388|5.4|5.4|5|8
27|94.84|1041|388|5.4|5.4|5|8
27.1|94.84|1041|388|5.4|5.4|5|8
27.2|94.88|1041|388|5.4|5.4|5|8
27.3|94.84|1041|388|5.4|5.4|5|8
27.4|94.86|1041|388|5.4|5.4|5|8
27.5|94.88|1041|388|5.4|5.4|5|8
27.6|94.84|1039|388|5.4|5.4|5|8
27.7|94.86|1039|388|5.4|5.4|5|8
27.8|94.9|1039|388|5.4|5.4|5|8
27.9|94.83|1039|388|5.4|5.4|5|8
28|94.88|1039|388|5.4|5.4|5|8
28.1|94.9|1039|388|5.4|5.4|5|8
28.2|94.8|1039|388|5.4|5.4|5|8
28.3|94.87|1036|388|5.4|5.4|5|8
28.4|94.9|1036|388|5.4|5.4|5|8
28.5|94.84|1036|388|5.4|5.4|2|8
28.6|94.67|1036|388|5.4|5.4|2|8
28.7|94.31|1036|388|5.4|5.4|2|8
28.8|93.86|1680|388|5.4|5.4|3|8
28.9|93.57|1817|388|5.4|5.4|3|8
29|93.42|1838|388|5.4|5.4|3|8
29.1|93.34|1845|388|5.4|5.4|3|8
29.2|93.26|1851|388|5.4|5.4|3|8
29.3|93.21|1851|388|5.4|5.4|3|8
29.4|93.31|1853|389|5.4|5.4|3|8
29.5|93.23|1853|389|5.4|5.4|3|8
29.6|93.27|1856|388|5.4|5.4|3|8
29.7|93.25|1856|388|5.4|5.4|3|8
29.8|93.22|1856|388|5.4|5.4|3|8
29.9|93.34|1858|388|5.4|5.4|3|8
30|93.19|1858|388|5.4|5.4|3|8
30.1|93.33|1858|388|5.4|5.4|3|8
30.2|93.21|1861|388|5.4|5.4|3|8
30.3|93.27|1861|388|5.4|5.4|3|8
30.4|93.26|1861|388|5.4|5.4|3|8
30.5|93.21|1861|388|5.4|5.4|3|8
30.6|93.38|1861|388|5.4|5.4|3|8
30.7|93.18|1863|388|5.4|5.4|3|8
30.8|93.3|1863|388|5.4|5.4|4|8
30.9|93.34|1861|388|5.4|5.4|4|8
31|93.58|1856|388|5.4|5.4|4|8
31.1|94.09|1575|389|5.4|5.4|4|8
31.2|94.52|1057|388|5.4|5.4|5|8
31.3|94.7|1046|388|5.4|5.4|5|8
31.4|94.72|1044|388|5.4|5.4|5|8
31.5|94.78|1044|387|5.4|5.4|5|8
31.6|94.78|1044|387|5.4|5.4|5|8
31.7|94.8|1044|387|5.4|5.4|5|8
31.8|94.8|1041|387|5.4|5.4|5|8
31.9|94.8|1041|387|5.4|5.4|5|8
32|94.79|1041|387|5.4|5.4|5|8
32.1|94.8|1041|388|5.4|5.4|5|8
32.2|94.82|1041|387|5.4|5.4|5|8
32.3|94.8|1041|387|5.4|5.4|5|8
32.4|94.8|1041|387|5.4|5.4|5|8
32.5|94.8|1039|387|5.4|5.4|5|8
32.6|94.8|1041|387|5.4|5.4|5|8
32.7|94.8|1039|387|5.4|5.4|5|8
32.8|94.8|1039|387|5.4|5.4|5|8
32.9|94.8|1039|387|5.4|5.4|5|8
33|94.8|1039|387|5.4|5.4|5|8
33.1|94.8|1039|387|5.4|5.4|5|8
33.2|94.84|1039|387|5.4|5.4|2|8
33.3|94.57|1039|387|5.4|5.4|2|8
33.4|94.12|1041|387|5.4|5.4|2|8
33.5|93.73|1727|387|5.4|5.4|3|8
33.6|93.43|1822|388|5.4|5.4|3|8
33.7|93.33|1840|388|5.4|5.4|3|8
33.8|93.17|1851|388|5.4|5.4|3|8
33.9|93.17|1853|388|5.4|5.4|3|8
34|93.17|1858|388|5.4|5.4|3|8
34.1|93.17|1861|388|5.4|5.4|3|8
34.2|93.17|1861|388|5.4|5.4|3|8
34.3|93.15|1863|388|5.4|5.4|3|8
34.4|93.17|1863|388|5.4|5.4|3|8
34.5|93.21|1863|388|5.4|5.4|3|8
34.6|93.26|1869|388|5.4|5.4|3|8
34.7|93.13|1866|388|5.4|5.4|3|8
34.8|93.21|1869|388|5.4|5.4|3|8
34.9|93.15|1869|388|5.4|5.4|3|8
35|93.15|1869|388|5.4|5.4|3|8
35.1|93.17|1869|388|5.4|5.4|3|8
35.2|93.15|1869|388|5.4|5.4|3|8
35.3|93.19|1869|388|5.4|5.4|3|8
35.4|93.14|1869|388|5.4|5.4|3|8
35.5|93.15|1869|388|5.4|5.4|4|8
35.6|93.18|1869|388|5.4|5.4|4|8
35.7|93.49|1858|388|5.4|5.4|4|8
35.8|94.02|1289|388|5.4|5.4|5|8
35.9|94.28|1052|388|5.4|5.4|2|8
36|94.28|1046|388|5.4|5.4|2|8
36.1|94.36|1046|388|5.4|5.4|2|8
36.2|94.24|1044|387|5.4|5.4|2|8
36.3|94.17|1044|387|5.4|5.4|2|8
36.4|94.06|1044|387|5.4|5.4|2|8
36.5|94.06|1041|387|5.4|5.4|2|8
36.6|94.05|1044|387|5.4|5.4|2|8
36.7|93.92|1044|387|5.4|5.4|2|8
36.8|93.92|1095|387|5.4|5.4|2|8
36.9|93.81|1139|387|5.4|5.4|2|8
37|93.82|1240|388|5.4|5.4|2|8
37.1|93.66|1686|388|5.4|5.4|2|8
37.2|93.8|1727|388|5.4|5.4|2|8
37.3|93.88|1727|388|5.4|5.4|2|8
37.4|94.13|1701|388|5.4|5.4|2|8
37.5|94.29|1101|388|5.4|5.4|2|8
37.6|94.37|1044|387|5.4|5.4|2|8
37.7|94.41|1041|386|5.4|5.4|2|8
37.8|94.4|1041|386|5.4|5.4|2|8
37.9|94.31|1039|386|5.4|5.4|2|8
38|94.36|1039|386|5.4|5.4|2|8
38.1|94.27|1039|386|5.4|5.4|2|8
38.2|94.16|1059|387|5.4|5.4|2|8
38.3|94.05|1121|387|5.4|5.4|2|8
38.4|94.04|1080|387|5.4|5.4|2|8
38.5|93.98|1294|386|5.4|5.4|2|8
38.6|93.9|1090|387|5.4|5.4|2|8
38.7|93.85|1253|388|5.4|5.4|2|8
38.8|93.82|1209|388|5.4|5.4|2|8
38.9|93.72|1606|388|5.4|5.4|2|8
39|93.72|1716|388|5.4|5.4|2|8
39.1|93.8|1724|388|5.4|5.4|2|8
39.2|93.98|1528|388|5.4|5.4|2|8
39.3|94.2|1052|387|5.4|5.4|2|8
39.4|94.23|1041|386|5.4|5.4|2|8
39.5|94.2|1039|386|5.4|5.4|2|8
39.6|94.17|1039|386|5.4|5.4|2|8
39.7|94.05|1039|386|5.4|5.4|2|8
39.8|94.05|1039|386|5.4|5.4|2|8
39.9|94|1039|386|5.4|5.4|2|8
40|93.9|1106|386|5.4|5.4|2|8
40.1|93.88|1085|387|5.4|5.4|2|8
40.2|93.78|1064|387|5.4|5.4|2|8
40.3|93.8|1332|387|5.4|5.4|2|8
40.4|93.65|1716|388|5.4|5.4|2|8
40.5|93.78|1727|388|5.4|5.4|2|8
40.6|93.9|1714|388|5.4|5.4|2|8
40.7|94.16|1082|388|5.4|5.4|2|8
40.8|94.17|1041|387|5.4|5.4|2|8
40.9|94.25|1039|387|5.4|5.4|2|8
41|94.24|1039|387|5.4|5.4|2|8
41.1|94.09|1039|387|5.4|5.4|2|8
41.2|94.06|1039|387|5.4|5.4|2|8
41.3|94.05|1039|386|5.4|5.4|2|8
41.4|93.93|1044|387|5.4|5.4|2|8
41.5|93.93|1062|387|5.4|5.4|2|8
41.6|93.84|1222|387|5.4|5.4|2|8
41.7|93.85|1178|387|5.4|5.4|2|8
41.8|93.69|1631|388|5.4|5.4|2|8
41.9|93.74|1660|388|5.4|5.4|2|8
42|93.82|1590|388|5.4|5.4|2|8
42.1|93.98|1124|388|5.4|5.4|2|8
42.2|94.13|1041|388|5.4|5.4|2|8
42.3|94.08|1039|387|5.4|5.4|2|8
42.4|94.05|1039|387|5.4|5.4|2|8
42.5|94|1039|387|5.4|5.4|2|8
42.6|93.9|1039|387|5.4|5.4|2|8
42.7|93.93|1052|387|5.4|5.4|2|8
42.8|93.82|1059|387|5.4|5.4|2|8
42.9|93.82|1041|386|5.4|5.4|2|8
43|93.68|1405|388|5.4|5.4|2|8
43.1|93.62|1582|388|5.4|5.4|2|8
43.2|93.74|1639|388|5.4|5.4|2|8
43.3|93.84|1683|388|5.4|5.4|2|8
43.4|94.05|1631|388|5.4|5.4|2|8
43.5|94.24|1077|388|5.4|5.4|2|8
43.6|94.29|1041|387|5.4|5.4|2|8
43.7|94.39|1039|386|5.4|5.4|2|8
43.8|94.23|1036|386|5.4|5.4|2|8
43.9|94.23|1039|386|5.4|5.4|2|8
44|94.09|1054|387|5.4|5.4|2|8
44.1|94.04|1036|387|5.4|5.4|2|8
44.2|94.05|1142|387|5.4|5.4|2|8
44.3|93.94|1039|387|5.4|5.4|2|8
44.4|93.92|1059|386|5.4|5.4|2|8
44.5|93.84|1162|387|5.4|5.4|2|8
44.6|93.85|1072|387|5.4|5.4|2|8
44.7|93.69|1214|388|5.4|5.4|2|8
44.8|93.68|1062|387|5.4|5.4|2|8
44.9|93.55|1178|388|5.4|5.4|2|8
45|93.57|1314|388|5.4|5.4|2|8
45.1|93.42|1369|388|5.4|5.4|2|8
45.2|93.41|1356|388|5.4|5.4|2|8
45.3|93.37|1314|388|5.4|5.4|2|8
45.4|93.15|1235|388|5.4|5.4|2|8
45.5|93.25|1160|388|5.4|5.4|2|8
45.6|93.18|1446|388|5.4|5.4|2|8
45.7|93.02|1351|388|5.4|5.4|2|8
45.8|92.95|1049|388|5.4|5.4|2|8
45.9|92.98|1039|387|5.4|5.4|2|8
46|93.03|1312|388|5.4|5.4|2|8
46.1|92.9|1237|388|5.4|5.4|2|8
46.2|92.84|1361|388|5.4|5.4|2|8
46.3|92.72|1296|388|5.4|5.4|2|8
46.4|92.66|1183|388|5.4|5.4|2|8
46.5|92.6|1253|388|5.4|5.4|2|8
46.6|92.6|1284|388|5.4|5.4|2|8
46.7|92.49|1180|388|5.4|5.4|2|8
46.8|92.43|1057|388|5.4|5.4|2|8
46.9|92.39|1219|388|5.4|5.4|2|8
47|92.32|1211|388|5.4|5.4|2|8
47.1|92.23|1124|388|5.4|5.4|2|8
47.2|92.15|1147|388|5.4|5.4|2|8
47.3|92.08|1072|387|5.4|5.4|2|8
47.4|91.97|1211|388|5.4|5.4|2|8
47.5|91.93|1211|388|5.4|5.4|2|8
47.6|91.92|1224|388|5.4|5.4|2|8
47.7|91.81|1165|388|5.4|5.4|2|8
47.8|91.74|1139|387|5.4|5.4|2|8
47.9|91.62|1103|388|5.4|5.4|2|8
48|91.58|1057|388|5.4|5.4|2|8
48.1|91.51|1106|387|5.4|5.4|2|8
48.2|91.39|1186|388|5.4|5.4|2|8
48.3|91.27|1209|388|5.4|5.4|2|8
48.4|91.26|1116|388|5.4|5.4|2|8
48.5|91.23|1093|388|5.4|5.4|2|8
48.6|91.07|1245|387|5.4|5.4|2|8
48.7|91.02|1175|388|5.4|5.4|2|8
48.8|90.87|1160|388|5.4|5.4|2|8
48.9|90.82|1175|388|5.4|5.4|2|8
49|90.74|1155|388|5.4|5.4|2|8
49.1|90.64|1149|387|5.4|5.4|2|8
49.2|90.58|1211|388|5.4|5.4|2|8
49.3|90.47|1247|388|5.4|5.4|2|8
49.4|90.36|1178|388|5.4|5.4|2|8
49.5|90.31|1193|388|5.4|5.4|2|8
49.6|90.19|1211|388|5.4|5.4|2|8
49.7|90.03|1155|388|5.4|5.4|2|8
49.8|90|1142|388|5.4|5.4|2|8
49.9|89.89|1227|388|5.4|5.4|2|8
50|89.8|1304|388|5.4|5.4|2|8
50.1|89.73|1134|388|5.4|5.4|2|8
50.2|89.56|1170|388|5.4|5.4|2|8
50.3|89.52|1242|388|5.4|5.4|2|8
50.4|89.39|1175|388|5.4|5.4|2|8
50.5|89.26|1137|387|5.4|5.4|2|8
50.6|89.17|1170|387|5.4|5.4|2|8
50.7|89.1|1113|386|5.4|5.4|2|8
50.8|88.95|1137|387|5.4|5.4|2|8
50.9|88.9|1113|387|5.4|5.4|2|8
51|88.74|1273|388|5.4|5.4|2|8
51.1|88.59|1263|388|5.4|5.4|2|8
51.2|88.51|1188|388|5.4|5.4|2|8
51.3|88.36|1183|388|5.4|5.4|2|8
51.4|88.24|1116|388|5.4|5.4|2|8
51.5|88.13|1229|388|5.4|5.4|2|8
51.6|88.03|1204|388|5.4|5.4|2|8
51.7|87.92|1222|388|5.4|5.4|2|8
51.8|87.77|1204|388|5.4|5.4|2|8
51.9|87.64|1126|388|5.4|5.4|2|8
52|87.53|1198|387|5.4|5.4|2|8
52.1|87.44|1240|387|5.4|5.4|2|8
52.2|87.23|1289|388|5.4|5.4|2|8
52.3|87.15|1304|386|5.4|5.4|2|8
52.4|86.98|1206|388|5.4|5.4|2|8
52.5|86.83|1345|387|5.4|5.4|2|8
52.6|86.7|1211|388|5.4|5.4|2|8
52.7|86.59|1296|388|5.4|5.4|2|8
52.8|86.42|1175|389|5.4|5.4|2|8
52.9|86.28|1237|390|5.4|5.4|2|8
53|86.12|1188|389|5.4|5.4|2|8
53.1|86.01|1222|390|5.4|5.4|2|8
53.2|85.88|1309|390|5.4|5.4|2|8
53.3|85.73|1247|390|5.4|5.4|2|8
53.4|85.49|1307|390|5.4|5.4|2|8
53.5|85.41|1263|390|5.4|5.4|2|8
53.6|85.21|1263|390|5.4|5.4|2|8
53.7|85.05|1186|390|5.4|5.4|2|8
53.8|84.94|1348|390|5.4|5.4|2|8
53.9|84.78|1286|390|5.4|5.4|2|8
54|84.54|1299|390|5.4|5.4|2|8
54.1|84.39|1204|389|5.4|5.4|2|8
54.2|84.21|1191|389|5.4|5.4|2|8
54.3|83.95|1240|390|5.4|5.4|2|8
54.4|83.92|1307|390|5.4|5.4|2|8
54.5|83.68|1126|390|5.4|5.4|2|8
54.6|83.5|1250|388|5.4|5.4|2|8
54.7|83.32|1242|390|5.4|5.4|2|8
54.8|83.15|1253|390|5.4|5.4|2|8
54.9|82.97|1353|389|5.4|5.4|2|8
55|82.75|1338|390|5.4|5.4|2|8
55.1|82.56|1405|390|5.4|5.4|2|8
55.2|82.34|1237|390|5.4|5.4|2|8
55.3|82.17|1327|389|5.4|5.4|6|8
55.4|80.48|1863|390|5.4|5.4|6|8
55.5|77.73|1358|390|5.4|5.4|6|8
55.6|75.09|0|388|5.4|5.4|7|8
55.7|73.12|0|386|5.4|5.4|7|8
55.8|72.2|0|385|5.4|5.4|7|8
55.9|71.75|0|385|5.4|5.4|7|8
56|71.45|0|385|5.4|5.4|7|8
56.1|71.44|0|385|5.4|5.4|7|8
56.2|71.45|0|385|5.4|5.4|7|8
56.3|71.38|0|385|5.4|5.4|7|8
56.4|71.37|0|385|5.4|5.4|7|8
56.5|71.34|0|385|5.4|5.4|7|8
56.6|71.34|0|385|5.4|5.4|7|8
56.7|71.34|0|385|5.4|5.4|7|8
56.8|71.33|0|385|5.4|5.4|7|8
56.9|71.34|0|385|5.4|5.4|7|8
57|71.34|0|385|5.4|5.4|7|8
57.1|71.34|0|385|5.4|5.4|7|8
57.2|71.33|0|385|5.4|5.4|7|8
57.3|71.34|0|385|5.4|5.4|7|8
57.4|71.36|0|385|5.4|5.4|7|8
57.5|71.36|0|384|5.4|5.4|7|8
57.6|71.34|0|384|5.4|5.4|7|8
57.7|71.34|0|385|5.4|5.4|7|8
57.8|71.34|0|385|5.4|5.4|7|8
57.9|71.33|0|385|5.4|5.4|7|8
58|71.34|0|385|5.4|5.4|7|8
58.1|71.33|0|385|5.4|5.4|7|8
58.2|71.38|0|385|5.4|5.4|7|8
58.3|71.34|0|385|5.4|5.4|7|8
58.4|71.32|0|385|5.4|5.4|7|8
58.5|71.3|0|385|5.4|5.4|7|8
58.6|71.3|0|385|5.4|5.4|7|8
58.7|71.32|0|385|5.4|5.4|7|8
58.8|71.3|0|385|5.4|5.4|7|8
58.9|71.3|0|385|5.4|5.4|7|8
59|71.32|0|384|5.4|5.4|7|8
59.1|71.33|0|384|5.4|5.4|7|8
59.2|71.33|0|385|5.4|5.4|7|8
59.3|71.34|0|385|5.4|5.4|7|8
59.4|71.33|0|385|5.4|5.4|7|8
59.5|71.33|0|385|5.4|5.4|7|8
59.6|71.32|0|385|5.4|5.4|7|8
59.7|71.33|0|385|5.4|5.4|7|8
59.8|71.33|0|385|5.4|5.4|7|8
59.9|71.33|0|385|5.4|5.4|7|8
60|71.33|0|385|5.4|5.4|7|8
60.1|71.32|0|385|5.4|5.4|7|8
60.2|71.33|0|385|5.4|5.4|7|8
60.3|71.32|0|385|5.4|5.4|7|8
60.4|71.32|0|385|5.4|5.4|7|8
60.5|71.33|0|385|5.4|5.4|7|8
60.6|71.32|0|385|5.4|5.4|7|8
60.7|71.32|0|385|5.4|5.4|7|8
60.8|71.32|0|385|5.4|5.4|7|8
60.9|71.32|0|385|5.4|5.4|7|8
61|71.32|0|385|5.4|5.4|7|8
61.1|71.32|0|385|5.4|5.4|7|8
61.2|71.33|0|385|5.4|5.4|7|8
61.3|71.37|0|385|5.4|5.4|7|8
61.4|71.32|0|385|5.4|5.4|7|8
61.5|71.32|0|385|5.4|5.4|7|8
61.6|71.32|0|385|5.4|5.4|7|8
61.7|71.29|0|385|5.4|5.4|7|8
61.8|71.29|0|385|5.4|5.4|7|8
61.9|71.3|0|385|5.4|5.4|7|8
62|71.3|0|385|5.4|5.4|7|8
62.1|71.32|0|385|5.4|5.4|7|8
62.2|71.32|0|385|5.4|5.4|7|8
62.3|71.33|0|385|5.4|5.4|7|8
62.4|71.37|0|385|5.4|5.4|7|8
62.5|71.36|0|385|5.4|5.4|7|8
62.6|71.3|0|385|5.4|5.4|7|8
62.7|71.25|0|385|5.4|5.4|7|8
62.8|71.29|0|385|5.4|5.4|7|8
62.9|71.3|0|384|5.4|5.4|7|8
63|71.3|0|384|5.4|5.4|7|8
63.1|71.3|0|385|5.4|5.4|7|8
63.2|71.3|0|385|5.4|5.4|7|8
63.3|71.32|0|385|5.4|5.4|7|8
63.4|71.33|0|385|5.4|5.4|7|8
63.5|71.37|0|385|5.4|5.4|7|8
63.6|71.36|0|385|5.4|5.4|7|8
63.7|71.32|0|385|5.4|5.4|7|8
63.8|71.3|0|385|5.4|5.4|7|8
63.9|71.25|0|385|5.4|5.4|7|8
64|71.28|0|385|5.4|5.4|7|8
64.1|71.3|0|385|5.4|5.4|7|8
64.2|71.32|0|385|5.4|5.4|7|8
64.3|71.3|0|385|5.4|5.4|7|8
64.4|71.3|0|385|5.4|5.4|7|8
64.5|71.36|0|385|5.4|5.4|7|8
64.6|71.34|0|385|5.4|5.4|7|8
64.7|71.32|0|385|5.4|5.4|7|8
64.8|71.3|0|386|5.4|5.4|7|8
64.9|71.25|0|386|5.4|5.4|7|8
65|71.28|0|386|5.4|5.4|7|8
65.1|71.3|0|386|5.4|5.4|7|8
65.2|71.3|0|385|5.4|5.4|7|8
65.3|71.29|0|385|5.4|5.4|7|8
65.4|71.33|0|385|5.4|5.4|7|8
65.5|71.36|0|385|5.4|5.4|7|8
65.6|71.36|0|385|5.4|5.4|7|8
65.7|71.3|0|385|5.4|5.4|7|8
65.8|71.3|0|386|5.4|5.4|7|8
65.9|71.29|0|386|5.4|5.4|7|8
66|71.26|0|386|5.4|5.4|7|8
66.1|71.28|0|386|5.4|5.4|7|8
66.2|71.3|0|386|5.4|5.4|7|8
66.3|71.3|0|386|5.4|5.4|7|8
66.4|71.34|0|386|5.4|5.4|7|8
66.5|71.34|0|396|5.4|5.4|7|8
66.6|71.32|0|401|5.4|5.4|7|8
66.7|71.29|0|403|5.4|5.4|7|8
66.8|71.28|0|404|5.4|5.4|7|8
66.9|71.25|0|404|5.4|5.4|7|8
67|71.29|0|404|5.4|5.4|7|8
67.1|71.29|0|404|5.4|5.4|7|8
67.2|71.29|0|404|5.4|5.4|7|8
67.3|71.3|0|404|5.4|5.4|7|8
67.4|71.3|0|404|5.4|5.4|7|8
67.5|71.3|0|404|5.4|5.4|7|8
67.6|71.32|0|404|5.4|5.4|7|8
67.7|71.33|0|404|5.4|5.4|7|8
67.8|71.33|0|404|5.4|5.4|7|8
67.9|71.32|0|404|5.4|5.4|7|8
68|71.3|0|404|5.4|5.4|7|8
68.1|71.29|0|404|5.4|5.4|7|8
68.2|71.29|0|404|5.4|5.4|7|8
68.3|71.25|0|404|5.4|5.4|7|8
68.4|71.28|0|404|5.4|5.4|7|8
68.5|71.3|0|404|5.4|5.4|7|8
68.6|71.33|0|404|5.4|5.4|8|8
68.7|71.29|0|404|5.4|5.4|8|8
68.8|71.22|0|404|5.4|5.4|8|8
68.9|71.22|0|404|5.4|5.4|8|8
69|71.24|0|404|5.4|5.4|8|8
69.1|71.24|0|404|5.4|5.4|8|8
69.2|71.24|0|404|5.4|5.4|8|8
69.3|71.24|0|404|5.4|5.4|8|8
69.4|71.26|0|404|5.3|5.3|8|8
69.5|71.26|0|404|5.3|5.3|8|8
69.6|71.21|0|404|5.3|5.3|8|8
69.7|71.22|0|404|5.3|5.3|8|8
69.8|71.25|0|404|5.2|5.2|8|8
69.9|71.26|0|404|5.2|5.2|8|8
70|71.29|0|404|5.2|5.2|8|8
70.1|71.25|0|404|5.2|5.2|8|8
70.2|71.24|0|404|5.2|5.2|8|8
70.3|71.18|0|404|5.2|5.2|8|8
70.4|71.24|0|404|5.2|5.2|8|8
70.5|71.28|0|404|5.2|5.2|8|8
70.6|72.26|0|404|5.2|5.2|8|8
70.7|75.21|0|404|5.2|5.2|8|8
70.8|78.26|0|404|5.2|5.2|8|8
70.9|81.17|0|404|5.2|5.2|8|8
71|84.09|0|404|5.1|5.1|8|8
71.1|86.97|0|404|5.1|5.1|8|8
71.2|89.89|0|404|5.1|5.1|8|8
71.3|92.79|0|404|5.1|5.1|8|8
71.4|94.74|0|404|5.1|5.1|8|8
71.5|95.51|0|404|5.1|5.1|8|8
