0|96.02|858|396|5.3|5.3|1|8
0.1|96.02|956|398|5.3|5.3|1|8
0.2|96.01|961|398|5.3|5.3|1|8
0.3|96.02|961|398|5.3|5.3|1|8
0.4|96.01|964|398|5.3|5.3|1|8
0.5|96.05|964|398|5.3|5.3|2|8
0.6|95.76|964|398|5.3|5.3|2|8
0.7|95.33|966|398|5.3|5.3|2|8
0.8|94.8|969|398|5.3|5.3|2|8
0.9|94.4|985|398|5.3|5.3|2|8
1|93.88|1116|400|5.3|5.3|2|8
1.1|93.42|1580|400|5.3|5.3|3|8
1.2|93.14|1631|400|5.3|5.3|3|8
1.3|92.95|1652|400|5.3|5.3|3|8
1.4|92.88|1662|400|5.3|5.3|3|8
1.5|92.79|1670|400|5.3|5.3|3|8
1.6|92.78|1675|400|5.3|5.3|3|8
1.7|92.8|1678|400|5.3|5.3|3|8
1.8|92.82|1680|400|5.3|5.3|3|8
1.9|92.92|1686|400|5.3|5.3|3|8
2|92.71|1688|400|5.3|5.3|3|8
2.1|92.7|1691|400|5.3|5.3|3|8
2.2|92.82|1693|400|5.3|5.3|3|8
2.3|92.8|1693|400|5.3|5.3|3|8
2.4|92.71|1696|400|5.3|5.3|3|8
2.5|92.84|1698|400|5.3|5.3|3|8
2.6|92.75|1698|401|5.3|5.3|3|8
2.7|92.75|1701|400|5.3|5.3|3|8
2.8|92.82|1704|400|5.3|5.3|3|8
2.9|92.76|1706|400|5.3|5.3|3|8
3|92.74|1706|400|5.3|5.3|3|8
3.1|92.84|1706|400|5.3|5.3|4|8
3.2|92.84|1706|400|5.3|5.3|4|8
3.3|93.1|1693|400|5.3|5.3|4|8
3.4|93.72|1387|401|5.3|5.3|5|8
3.5|93.98|1000|400|5.3|5.3|5|8
3.6|94.12|992|398|5.3|5.3|5|8
3.7|94.13|992|398|5.3|5.3|5|8
3.8|94.21|990|398|5.3|5.3|5|8
3.9|94.23|990|398|5.3|5.3|5|8
4|94.23|990|398|5.3|5.3|5|8
4.1|94.31|990|398|5.3|5.3|5|8
4.2|94.41|987|398|5.3|5.3|5|8
4.3|94.41|987|398|5.3|5.3|5|8
4.4|94.41|990|398|5.3|5.3|5|8
4.5|94.39|987|398|5.3|5.3|5|8
4.6|94.41|987|398|5.3|5.3|5|8
4.7|94.47|987|398|5.3|5.3|5|8
4.8|94.4|987|398|5.3|5.3|5|8
4.9|94.32|987|398|5.3|5.3|5|8
5|94.33|987|398|5.3|5.3|5|8
5.1|94.33|987|398|5.3|5.3|5|8
5.2|94.33|987|398|5.3|5.3|5|8
5.3|94.36|987|398|5.3|5.3|5|8
5.4|94.32|987|398|5.3|5.3|2|8
5.5|94.31|987|398|5.3|5.3|2|8
5.6|93.94|987|398|5.3|5.3|2|8
5.7|93.54|987|398|5.3|5.3|2|8
5.8|93.09|1415|399|5.3|5.3|2|8
5.9|92.78|1683|400|5.3|5.3|3|8
6|92.66|1706|400|5.3|5.3|3|8
6.1|92.35|1716|400|5.3|5.3|3|8
6.2|92.31|1719|400|5.3|5.3|3|8
6.3|92.31|1724|400|5.3|5.3|3|8
6.4|92.33|1724|400|5.3|5.3|3|8
6.5|92.35|1729|400|5.3|5.3|3|8
6.6|92.32|1729|400|5.3|5.3|3|8
6.7|92.35|1732|400|5.3|5.3|3|8
6.8|92.31|1735|400|5.3|5.3|3|8
6.9|92.32|1735|400|5.3|5.3|3|8
7|92.37|1737|400|5.3|5.3|3|8
7.1|92.33|1740|400|5.3|5.3|3|8
7.2|92.33|1740|400|5.3|5.3|3|8
7.3|92.35|1742|400|5.3|5.3|3|8
7.4|92.33|1745|400|5.3|5.3|3|8
7.5|92.31|1745|400|5.3|5.3|3|8
7.6|92.35|1747|400|5.3|5.3|3|8
7.7|92.33|1750|400|5.3|5.3|3|8
7.8|92.35|1753|400|5.3|5.3|3|8
7.9|92.43|1753|400|5.3|5.3|4|8
8|92.56|1753|400|5.3|5.3|4|8
8.1|92.68|1745|400|5.3|5.3|4|8
8.2|93.72|1134|400|5.3|5.3|5|8
8.3|93.84|1003|399|5.3|5.3|5|8
8.4|93.76|997|398|5.3|5.3|5|8
8.5|93.85|995|398|5.3|5.3|5|8
8.6|93.96|995|398|5.3|5.3|5|8
8.7|94.05|995|398|5.3|5.3|5|8
8.8|94.08|995|398|5.3|5.3|5|8
8.9|94.08|995|398|5.3|5.3|5|8
9|94.1|992|398|5.3|5.3|5|8
9.1|94.12|992|398|5.3|5.3|5|8
9.2|94.1|990|398|5.3|5.3|5|8
9.3|94.1|990|398|5.3|5.3|5|8
9.4|94.1|990|398|5.3|5.3|5|8
9.5|94.1|992|398|5.3|5.3|5|8
9.6|94.08|990|398|5.3|5.3|5|8
9.7|94.08|990|398|5.3|5.3|5|8
9.8|94.09|992|398|5.3|5.3|5|8
9.9|94.12|992|398|5.3|5.3|5|8
10|94.06|992|398|5.3|5.3|5|8
10.1|94.06|992|398|5.3|5.3|5|8
10.2|94.08|992|398|5.3|5.3|2|8
10.3|94.16|992|398|5.3|5.3|2|8
10.4|93.9|992|398|5.3|5.3|2|8
10.5|93.27|992|398|5.3|5.3|2|8
10.6|92.82|1454|400|5.3|5.3|2|8
10.7|92.35|1711|400|5.3|5.3|3|8
10.8|92.13|1740|400|5.3|5.3|3|8
10.9|92.08|1753|398|5.3|5.3|3|8
11|92.09|1760|398|5.3|5.3|3|8
11.1|92.04|1765|397|5.3|5.3|3|8
11.2|91.98|1771|397|5.3|5.3|3|8
11.3|92|1773|397|5.3|5.3|3|8
11.4|92.01|1776|397|5.3|5.3|3|8
11.5|92.05|1778|397|5.3|5.3|3|8
11.6|91.94|1781|397|5.3|5.3|3|8
11.7|91.97|1781|397|5.3|5.3|3|8
11.8|91.97|1781|397|5.3|5.3|3|8
11.9|91.98|1784|397|5.3|5.3|3|8
12|91.96|1786|397|5.3|5.3|3|8
12.1|91.96|1786|397|5.3|5.3|3|8
12.2|91.98|1789|397|5.3|5.3|3|8
12.3|92.07|1789|397|5.3|5.3|3|8
12.4|91.94|1791|397|5.3|5.3|3|8
12.5|91.98|1789|397|5.3|5.3|3|8
12.6|92.01|1794|397|5.3|5.3|3|8
12.7|91.98|1794|397|5.3|5.3|4|8
12.8|92.2|1786|397|5.3|5.3|4|8
12.9|92.25|1765|397|5.3|5.3|4|8
13|92.86|1724|397|5.3|5.3|4|8
13.1|93.7|1085|397|5.3|5.3|5|8
13.2|93.89|1008|396|5.3|5.3|5|8
13.3|94.1|1005|396|5.3|5.3|5|8
13.4|94.17|1005|396|5.3|5.3|5|8
13.5|94.17|1005|396|5.3|5.3|5|8
13.6|94.16|1005|396|5.3|5.3|5|8
13.7|94.16|1005|396|5.3|5.3|5|8
13.8|94.17|1003|396|5.3|5.3|5|8
13.9|94.16|1003|396|5.3|5.3|5|8
14|94.16|1003|396|5.3|5.3|5|8
14.1|94.17|1003|396|5.3|5.3|5|8
14.2|94.17|1003|396|5.3|5.3|5|8
14.3|94.17|1003|396|5.3|5.3|5|8
14.4|94.17|1003|396|5.3|5.3|5|8
14.5|94.17|1003|396|5.3|5.3|5|8
14.6|94.17|1003|396|5.3|5.3|5|8
14.7|94.17|1003|395|5.3|5.3|5|8
14.8|94.17|1003|395|5.3|5.3|5|8
14.9|94.17|1005|395|5.3|5.3|5|8
15|94.17|1005|395|5.3|5.3|5|8
15.1|94.19|1005|396|5.3|5.3|2|8
15.2|94.17|1005|396|5.3|5.3|2|8
15.3|94.01|1005|395|5.3|5.3|2|8
15.4|93.43|1005|396|5.3|5.3|2|8
15.5|92.86|1247|395|5.3|5.3|2|8
15.6|92.33|1621|396|5.3|5.3|3|8
15.7|91.98|1747|396|5.3|5.3|3|8
15.8|91.96|1771|396|5.3|5.3|3|8
15.9|91.74|1781|396|5.3|5.3|3|8
16|91.72|1789|396|5.3|5.3|3|8
16.1|91.72|1794|396|5.3|5.3|3|8
16.2|91.66|1799|396|5.3|5.3|3|8
16.3|91.62|1802|396|5.3|5.3|3|8
16.4|91.68|1804|396|5.3|5.3|3|8
16.5|91.65|1807|396|5.3|5.3|3|8
16.6|91.72|1807|396|5.3|5.3|3|8
16.7|91.73|1809|396|5.3|5.3|3|8
16.8|91.66|1812|397|5.3|5.3|3|8
16.9|91.61|1812|396|5.3|5.3|3|8
17|91.74|1812|396|5.3|5.3|3|8
17.1|91.73|1812|397|5.3|5.3|3|8
17.2|91.68|1814|397|5.3|5.3|3|8
17.3|91.58|1814|397|5.3|5.3|3|8
17.4|91.7|1817|397|5.3|5.3|3|8
17.5|91.72|1817|397|5.3|5.3|3|8
17.6|91.68|1820|397|5.3|5.3|4|8
17.7|91.8|1822|397|5.3|5.3|4|8
17.8|91.94|1807|397|5.3|5.3|4|8
17.9|92.01|1784|397|5.3|5.3|4|8
18|92.88|1608|398|5.3|5.3|4|8
18.1|93.43|1031|396|5.3|5.3|5|8
18.2|93.57|1023|396|5.3|5.3|5|8
18.3|93.82|1021|396|5.3|5.3|5|8
18.4|93.77|1021|396|5.3|5.3|5|8
18.5|93.69|1021|396|5.3|5.3|5|8
18.6|93.82|1021|396|5.3|5.3|5|8
18.7|93.77|1018|396|5.3|5.3|5|8
18.8|93.76|1021|396|5.3|5.3|5|8
18.9|93.7|1021|396|5.3|5.3|5|8
19|93.8|1021|396|5.3|5.3|5|8
19.1|93.76|1021|396|5.3|5.3|5|8
19.2|93.77|1021|396|5.3|5.3|5|8
19.3|93.77|1021|396|5.3|5.3|5|8
19.4|93.8|1021|396|5.3|5.3|5|8
19.5|93.8|1021|396|5.3|5.3|5|8
19.6|93.8|1021|396|5.3|5.3|5|8
19.7|93.8|1021|396|5.3|5.3|5|8
19.8|93.81|1023|396|5.3|5.3|5|8
19.9|93.82|1023|396|5.3|5.3|5|8
20|93.82|1021|396|5.3|5.3|5|8
20.1|93.81|1023|396|5.3|5.3|2|8
20.2|93.69|1023|396|5.3|5.3|2|8
20.3|93.22|1023|396|5.3|5.3|2|8
20.4|92.68|1162|396|5.3|5.3|2|8
20.5|92.15|1528|397|5.3|5.3|3|8
20.6|91.82|1763|397|5.3|5.3|3|8
20.7|91.5|1796|397|5.3|5.3|3|8
20.8|91.49|1804|397|5.3|5.3|3|8
20.9|91.49|1812|395|5.3|5.3|3|8
21|91.45|1820|394|5.3|5.3|3|8
21.1|91.41|1822|394|5.3|5.3|3|8
21.2|91.45|1825|394|5.3|5.3|3|8
21.3|91.5|1827|394|5.3|5.3|3|8
21.4|91.47|1830|394|5.3|5.3|3|8
21.5|91.47|1832|394|5.3|5.3|3|8
21.6|91.45|1838|394|5.3|5.3|3|8
21.7|91.43|1840|394|5.3|5.3|3|8
21.8|91.45|1840|394|5.3|5.3|3|8
21.9|91.51|1843|394|5.3|5.3|3|8
22|91.43|1845|394|5.3|5.3|3|8
22.1|91.46|1845|394|5.3|5.3|3|8
22.2|91.46|1845|394|5.3|5.3|3|8
22.3|91.49|1848|394|5.3|5.3|3|8
22.4|91.51|1848|394|5.3|5.3|3|8
22.5|91.43|1848|394|5.3|5.3|4|8
22.6|91.61|1848|394|5.3|5.3|4|8
22.7|91.86|1840|394|5.3|5.3|4|8
22.8|91.89|1796|394|5.3|5.3|4|8
22.9|92.82|1082|394|5.3|5.3|5|8
23|92.86|1039|394|5.3|5.3|5|8
23.1|93.03|1036|394|5.3|5.3|5|8
23.2|93.15|1036|394|5.3|5.3|5|8
23.3|93.14|1036|394|5.3|5.3|5|8
23.4|93.07|1036|394|5.3|5.3|5|8
23.5|93.19|1034|394|5.3|5.3|5|8
23.6|93.26|1034|394|5.3|5.3|5|8
23.7|93.27|1034|394|5.3|5.3|5|8
23.8|93.27|1034|394|5.3|5.3|5|8
23.9|93.26|1034|394|5.3|5.3|5|8
24|93.23|1034|393|5.3|5.3|5|8
24.1|93.25|1034|393|5.3|5.3|5|8
24.2|93.21|1034|393|5.3|5.3|5|8
24.3|93.23|1034|393|5.3|5.3|5|8
24.4|93.23|1034|393|5.3|5.3|5|8
24.5|93.25|1034|393|5.3|5.3|5|8
24.6|93.25|1034|393|5.3|5.3|5|8
24.7|93.25|1034|393|5.3|5.3|5|8
24.8|93.23|1034|393|5.3|5.3|5|8
24.9|93.26|1034|393|5.3|5.3|2|8
25|93.14|1034|393|5.3|5.3|2|8
25.1|92.91|1034|393|5.3|5.3|2|8
25.2|92.32|1088|393|5.3|5.3|2|8
25.3|91.86|1670|393|5.3|5.3|3|8
25.4|91.53|1804|394|5.3|5.3|3|8
25.5|91.37|1820|394|5.3|5.3|3|8
25.6|91.26|1825|394|5.3|5.3|3|8
25.7|91.25|1835|394|5.3|5.3|3|8
25.8|91.22|1843|394|5.3|5.3|3|8
25.9|91.25|1845|394|5.3|5.3|3|8
26|91.13|1851|394|5.3|5.3|3|8
26.1|91.21|1851|394|5.3|5.3|3|8
26.2|91.19|1853|394|5.3|5.3|3|8
26.3|91.15|1856|394|5.3|5.3|3|8
26.4|91.19|1856|394|5.3|5.3|3|8
26.5|91.14|1858|394|5.3|5.3|3|8
26.6|91.14|1858|394|5.3|5.3|3|8
26.7|91.21|1858|394|5.3|5.3|3|8
26.8|91.15|1858|394|5.3|5.3|3|8
26.9|91.18|1861|394|5.3|5.3|3|8
27|91.26|1861|394|5.3|5.3|3|8
27.1|91.15|1861|394|5.3|5.3|3|8
27.2|91.17|1863|394|5.3|5.3|3|8
27.3|91.14|1863|394|5.3|5.3|4|8
27.4|91.27|1863|394|5.3|5.3|4|8
27.5|91.42|1851|394|5.3|5.3|4|8
27.6|91.51|1830|394|5.3|5.3|4|8
27.7|92.49|1196|394|5.3|5.3|5|8
27.8|92.83|1052|394|5.3|5.3|5|8
27.9|92.92|1049|394|5.3|5.3|5|8
28|93.07|1046|394|5.3|5.3|5|8
28.1|93.11|1046|394|5.3|5.3|5|8
28.2|93.13|1044|394|5.3|5.3|5|8
28.3|93.1|1044|394|5.3|5.3|5|8
28.4|93.13|1044|394|5.4|5.3|5|8
28.5|93.15|1044|394|5.3|5.3|5|8
28.6|93.14|1044|393|5.3|5.3|5|8
28.7|93.1|1044|393|5.3|5.3|5|8
28.8|93.1|1041|393|5.3|5.3|5|8
28.9|93.04|1041|393|5.3|5.4|5|8
29|93.1|1041|393|5.3|5.3|5|8
29.1|93.13|1041|393|5.4|5.3|5|8
29.2|93.15|1041|393|5.4|5.4|5|8
29.3|93.15|1041|393|5.4|5.4|5|8
29.4|93.11|1041|393|5.4|5.4|5|8
29.5|93.03|1039|393|5.3|5.3|5|8
29.6|93.09|1041|392|5.4|5.3|5|8
29.7|93.11|1041|392|5.4|5.3|2|8
29.8|93.1|1041|393|5.4|5.4|2|8
29.9|93.06|1041|393|5.3|5.4|2|8
30|92.58|1041|393|5.4|5.4|2|8
30.1|91.96|1345|394|5.4|5.3|2|8
30.2|91.46|1778|394|5.4|5.4|3|8
30.3|91.25|1827|394|5.4|5.4|3|8
30.4|91.17|1840|394|5.4|5.4|3|8
30.5|90.96|1848|393|5.4|5.3|3|8
30.6|91.02|1851|393|5.4|5.4|3|8
30.7|91|1858|393|5.4|5.4|3|8
30.8|91.02|1863|394|5.3|5.3|3|8
30.9|91.06|1869|393|5.4|5.4|3|8
31|91.02|1871|393|5.4|5.4|3|8
31.1|90.99|1876|393|5.4|5.4|3|8
31.2|91.05|1876|393|5.4|5.4|3|8
31.3|91.02|1876|394|5.4|5.4|3|8
31.4|91|1879|394|5.4|5.4|3|8
31.5|91.06|1879|393|5.4|5.4|3|8
31.6|91.03|1879|393|5.4|5.4|3|8
31.7|91.05|1881|394|5.3|5.4|3|8
31.8|91.02|1881|394|5.4|5.4|3|8
31.9|91|1884|393|5.4|5.4|3|8
32|91.07|1884|393|5.4|5.4|3|8
32.1|91.03|1884|394|5.4|5.4|3|8
32.2|91.13|1884|394|5.4|5.4|4|8
32.3|91.27|1881|394|5.4|5.4|4|8
32.4|91.57|1866|394|5.4|5.3|4|8
32.5|91.76|1830|394|5.4|5.4|4|8
32.6|92.58|1134|394|5.4|5.4|5|8
32.7|92.92|1057|394|5.4|5.4|5|8
32.8|93.13|1054|394|5.4|5.4|5|8
32.9|93.17|1052|394|5.4|5.4|5|8
33|93.11|1052|394|5.4|5.4|5|8
33.1|93.21|1052|393|5.4|5.4|5|8
33.2|93.22|1049|393|5.4|5.4|5|8
33.3|93.27|1049|393|5.4|5.4|5|8
33.4|93.15|1049|393|5.4|5.4|5|8
33.5|93.25|1049|393|5.4|5.4|5|8
33.6|93.14|1049|393|5.4|5.4|5|8
33.7|93.21|1049|393|5.4|5.4|5|8
33.8|93.21|1046|393|5.4|5.4|5|8
33.9|93.21|1046|393|5.4|5.4|5|8
34|93.22|1046|393|5.4|5.4|5|8
34.1|93.19|1046|393|5.4|5.4|5|8
34.2|93.18|1046|393|5.4|5.4|5|8
34.3|93.21|1046|393|5.4|5.4|5|8
34.4|93.26|1046|393|5.4|5.4|5|8
34.5|93.17|1046|393|5.4|5.4|5|8
34.6|93.21|1046|393|5.4|5.4|2|8
34.7|93.23|1046|393|5.4|5.4|2|8
34.8|93.15|1046|393|5.4|5.4|2|8
34.9|92.67|1046|393|5.4|5.4|2|8
35|92|1206|394|5.4|5.4|2|8
35.1|91.45|1755|394|5.4|5.4|3|8
35.2|91.18|1838|394|5.4|5.4|3|8
35.3|90.98|1853|394|5.4|5.4|3|8
35.4|90.98|1861|393|5.4|5.4|3|8
35.5|91.05|1866|393|5.4|5.4|3|8
35.6|90.91|1876|393|5.4|5.4|3|8
35.7|90.91|1881|393|5.4|5.4|3|8
35.8|90.9|1884|393|5.4|5.4|3|8
35.9|90.86|1887|393|5.4|5.4|3|8
36|90.95|1889|393|5.4|5.4|3|8
36.1|90.94|1887|393|5.4|5.4|3|8
36.2|90.9|1892|393|5.4|5.4|3|8
36.3|90.94|1892|393|5.4|5.4|3|8
36.4|90.98|1892|393|5.4|5.4|3|8
36.5|90.91|1894|393|5.4|5.4|3|8
36.6|90.9|1894|393|5.4|5.4|3|8
36.7|90.98|1894|393|5.4|5.4|3|8
36.8|90.91|1894|393|5.4|5.4|3|8
36.9|90.91|1894|393|5.4|5.4|3|8
37|90.87|1897|393|5.4|5.4|3|8
37.1|90.96|1897|393|5.4|5.4|4|8
37.2|91.1|1897|393|5.4|5.4|4|8
37.3|91.31|1879|393|5.4|5.4|4|8
37.4|91.45|1843|393|5.4|5.4|4|8
37.5|92.23|1108|394|5.4|5.4|2|8
37.6|92.4|1062|394|5.4|5.4|2|8
37.7|92.29|1059|393|5.4|5.4|2|8
37.8|92.31|1057|393|5.4|5.4|2|8
37.9|92.36|1057|393|5.4|5.4|2|8
38|92.32|1054|393|5.4|5.4|2|8
38.1|92.31|1054|392|5.4|5.4|2|8
38.2|92.31|1054|392|5.4|5.4|2|8
38.3|92.31|1052|392|5.4|5.4|2|8
38.4|92.09|1052|392|5.4|5.4|2|8
38.5|91.96|1070|392|5.4|5.4|2|8
38.6|92.01|1108|392|5.4|5.4|2|8
38.7|91.82|1173|393|5.4|5.4|2|8
38.8|91.72|1103|393|5.4|5.4|2|8
38.9|91.57|1085|394|5.4|5.4|2|8
39|91.56|1049|393|5.4|5.4|2|8
39.1|91.56|1067|393|5.4|5.4|2|8
39.2|91.49|1108|393|5.4|5.4|2|8
39.3|91.5|1157|393|5.4|5.4|2|8
39.4|91.37|1647|393|5.4|5.4|2|8
39.5|91.31|1722|393|5.4|5.4|2|8
39.6|91.43|1735|393|5.4|5.4|2|8
39.7|91.64|1451|394|5.4|5.4|2|8
39.8|91.84|1059|393|5.4|5.4|2|8
39.9|91.85|1054|392|5.4|5.4|2|8
40|91.78|1052|392|5.4|5.4|2|8
40.1|91.9|1052|392|5.4|5.4|2|8
40.2|91.74|1052|392|5.4|5.4|2|8
40.3|91.58|1052|392|5.4|5.4|2|8
40.4|91.56|1049|392|5.4|5.4|2|8
40.5|91.5|1049|392|5.4|5.4|2|8
40.6|91.49|1062|392|5.4|5.4|2|8
40.7|91.53|1253|392|5.4|5.4|2|8
40.8|91.45|1399|393|5.4|5.4|2|8
40.9|91.38|1670|393|5.4|5.4|2|8
41|91.35|1665|392|5.4|5.4|2|8
41.1|91.42|1064|393|5.4|5.4|2|8
41.2|91.46|1052|392|5.4|5.4|2|8
41.3|91.61|1052|392|5.4|5.4|2|8
41.4|91.49|1049|392|5.4|5.4|2|8
41.5|91.46|1049|392|5.4|5.4|2|8
41.6|91.51|1049|392|5.4|5.4|2|8
41.7|91.39|1098|392|5.4|5.4|2|8
41.8|91.27|1668|392|5.4|5.4|2|8
41.9|91.3|1696|392|5.4|5.4|2|8
42|91.41|1665|392|5.4|5.4|2|8
42.1|91.66|1657|392|5.4|5.4|2|8
42.2|91.9|1155|393|5.4|5.4|2|8
42.3|91.84|1057|392|5.4|5.4|2|8
42.4|91.9|1054|392|5.4|5.4|2|8
42.5|91.92|1054|392|5.4|5.4|2|8
42.6|91.98|1052|392|5.4|5.4|2|8
42.7|91.92|1052|392|5.4|5.4|2|8
42.8|91.86|1052|392|5.4|5.4|2|8
42.9|91.74|1049|392|5.4|5.4|2|8
43|91.56|1052|392|5.4|5.4|2|8
43.1|91.56|1052|392|5.4|5.4|2|8
43.2|91.54|1052|392|5.4|5.4|2|8
43.3|91.51|1062|392|5.4|5.4|2|8
43.4|91.47|1111|392|5.4|5.4|2|8
43.5|91.38|1198|392|5.4|5.4|2|8
43.6|91.27|1523|392|5.4|5.4|2|8
43.7|91.19|1152|392|5.4|5.4|2|8
43.8|91.31|1054|392|5.4|5.4|2|8
43.9|91.26|1052|392|5.4|5.4|2|8
44|91.26|1214|392|5.4|5.4|2|8
44.1|91.18|1296|392|5.4|5.4|2|8
44.2|90.96|1165|392|5.4|5.4|2|8
44.3|91|1054|392|5.4|5.4|2|8
44.4|90.98|1165|392|5.4|5.4|2|8
44.5|91.03|1291|392|5.4|5.4|2|8
44.6|90.9|1647|392|5.4|5.4|2|8
44.7|90.84|1647|392|5.4|5.4|2|8
44.8|90.94|1616|392|5.4|5.4|2|8
44.9|91.21|1157|392|5.4|5.4|2|8
45|91.31|1057|392|5.4|5.4|2|8
45.1|91.27|1054|391|5.4|5.4|2|8
45.2|91.33|1054|391|5.4|5.4|2|8
45.3|91.23|1052|391|5.4|5.4|2|8
45.4|91.22|1052|391|5.4|5.4|2|8
45.5|91.1|1052|391|5.4|5.4|2|8
45.6|90.92|1052|391|5.4|5.4|2|8
45.7|90.96|1052|391|5.4|5.4|2|8
45.8|91.05|1131|391|5.4|5.4|2|8
45.9|90.9|1268|392|5.4|5.4|2|8
46|90.8|1304|392|5.4|5.4|2|8
46.1|90.83|1284|392|5.4|5.4|2|8
46.2|90.64|1302|392|5.4|5.4|2|8
46.3|90.58|1165|392|5.4|5.4|2|8
46.4|90.58|1170|391|5.4|5.4|2|8
46.5|90.52|1281|392|5.4|5.4|2|8
46.6|90.41|1345|392|5.4|5.4|2|8
46.7|90.32|1284|392|5.4|5.4|2|8
46.8|90.41|1265|392|5.4|5.4|2|8
46.9|90.25|1379|393|5.4|5.4|2|8
47|90.12|1198|392|5.4|5.4|2|8
47.1|90.07|1152|392|5.4|5.4|2|8
47.2|89.96|1186|392|5.4|5.4|2|8
47.3|89.92|1224|392|5.4|5.4|2|8
47.4|89.81|1152|391|5.4|5.4|2|8
47.5|89.78|1188|391|5.4|5.4|2|8
47.6|89.74|1149|392|5.4|5.4|2|8
47.7|89.64|1214|392|5.4|5.4|2|8
47.8|89.53|1211|392|5.4|5.4|2|8
47.9|89.45|1209|392|5.4|5.4|2|8
48|89.38|1250|392|5.4|5.4|2|8
48.1|89.25|1183|392|5.4|5.4|2|8
48.2|89.14|1090|392|5.4|5.4|2|8
48.3|89.17|1137|392|5.4|5.4|2|8
48.4|89.02|1260|392|5.4|5.4|2|8
48.5|88.97|1247|392|5.4|5.4|2|8
48.6|88.76|1144|392|5.4|5.4|2|8
48.7|88.87|1229|391|5.4|5.4|2|8
48.8|88.68|1147|392|5.4|5.4|2|8
48.9|88.62|1278|392|5.4|5.4|2|8
49|88.51|1286|392|5.4|5.4|2|8
49.1|88.36|1180|392|5.4|5.4|2|8
49.2|88.31|1173|392|5.4|5.4|2|8
49.3|88.21|1193|392|5.4|5.4|2|8
49.4|88.08|1263|392|5.4|5.4|2|8
49.5|88.03|1183|391|5.4|5.4|2|8
49.6|87.9|1101|392|5.4|5.4|2|8
49.7|87.86|1204|391|5.4|5.4|2|8
49.8|87.65|1216|392|5.4|5.4|2|8
49.9|87.58|1162|392|5.4|5.4|2|8
50|87.58|1183|390|5.4|5.4|2|8
50.1|87.41|1263|390|5.4|5.4|2|8
50.2|87.26|1374|391|5.4|5.4|2|8
50.3|87.13|1219|391|5.4|5.4|2|8
50.4|87.15|1263|391|5.4|5.4|2|8
50.5|86.97|1198|392|5.4|5.4|2|8
50.6|86.78|1152|391|5.4|5.4|2|8
50.7|86.75|1327|391|5.4|5.4|2|8
50.8|86.63|1193|391|5.4|5.4|2|8
50.9|86.43|1165|391|5.4|5.4|2|8
51|86.39|1222|391|5.4|5.4|2|8
51.1|86.23|1168|391|5.4|5.4|2|8
51.2|86.15|1273|391|5.4|5.4|2|8
51.3|86.01|1271|390|5.4|5.4|2|8
51.4|85.92|1273|392|5.4|5.4|2|8
51.5|85.73|1309|391|5.4|5.4|2|8
51.6|85.53|1294|392|5.4|5.4|2|8
51.7|85.46|1155|391|5.4|5.4|2|8
51.8|85.36|1240|391|5.4|5.4|2|8
51.9|85.21|1224|390|5.4|5.4|2|8
52|85.03|1237|390|5.4|5.4|2|8
52.1|84.97|1219|390|5.4|5.4|2|8
52.2|84.79|1284|390|5.4|5.4|2|8
52.3|84.62|1255|390|5.4|5.4|2|8
52.4|84.44|1263|390|5.4|5.4|2|8
52.5|84.42|1168|391|5.4|5.4|2|8
52.6|84.36|1085|390|5.4|5.4|2|8
52.7|84.2|1108|390|5.4|5.4|2|8
52.8|84.23|1180|390|5.4|5.4|2|8
52.9|84.19|1168|390|5.4|5.4|2|8
53|84.08|1124|390|5.4|5.4|2|8
53.1|83.89|1126|390|5.4|5.4|2|8
53.2|83.87|1067|390|5.4|5.4|2|8
53.3|83.85|1137|390|5.4|5.4|2|8
53.4|83.83|1232|390|5.4|5.4|2|8
53.5|83.58|1227|391|5.4|5.4|2|8
53.6|83.58|1307|391|5.4|5.4|2|8
53.7|83.45|1278|390|5.4|5.4|2|8
53.8|83.42|1235|390|5.4|5.4|2|8
53.9|83.25|1291|390|5.4|5.4|2|8
54|83.26|1180|390|5.4|5.4|2|8
54.1|83.13|1173|390|5.4|5.4|2|8
54.2|83.05|1240|390|5.4|5.4|2|8
54.3|82.85|1191|390|5.4|5.4|2|8
54.4|82.72|1134|390|5.4|5.4|2|8
54.5|82.64|1191|390|5.4|5.4|2|8
54.6|82.48|1201|390|5.4|5.4|2|8
54.7|82.44|1247|390|5.4|5.4|2|8
54.8|82.31|1155|390|5.4|5.4|2|8
54.9|82.12|1183|391|5.4|5.4|2|8
55|82.03|1232|390|5.4|5.4|2|8
55.1|81.87|1240|390|5.4|5.4|2|8
55.2|81.73|1299|391|5.4|5.4|2|8
55.3|81.56|1216|390|5.4|5.4|2|8
55.4|81.42|1314|390|5.4|5.4|2|8
55.5|81.17|1330|391|5.4|5.4|2|8
55.6|81.09|1286|391|5.4|5.4|2|8
55.7|80.93|1237|391|5.4|5.4|2|8
55.8|80.71|1242|390|5.4|5.4|2|8
55.9|80.51|1139|390|5.4|5.4|2|8
56|79.54|1858|390|5.4|5.4|6|8
56.1|76.86|1956|390|5.4|5.4|6|8
56.2|73.99|121|389|5.4|5.4|7|8
56.3|71.55|0|388|5.4|5.4|7|8
56.4|70.42|0|388|5.4|5.4|7|8
56.5|69.95|0|388|5.4|5.4|7|8
56.6|69.73|0|388|5.4|5.4|7|8
56.7|69.73|0|388|5.4|5.4|7|8
56.8|69.69|0|388|5.4|5.4|7|8
56.9|69.72|0|388|5.4|5.4|7|8
57|69.45|0|388|5.4|5.4|7|8
57.1|69.6|0|388|5.4|5.4|7|8
57.2|69.61|0|388|5.4|5.4|7|8
57.3|69.67|0|388|5.4|5.4|7|8
57.4|69.72|0|388|5.4|5.4|7|8
57.5|69.45|0|388|5.4|5.4|7|8
57.6|69.6|0|388|5.4|5.4|7|8
57.7|69.6|0|388|5.4|5.4|7|8
57.8|69.63|0|388|5.4|5.4|7|8
57.9|69.65|0|388|5.4|5.4|7|8
58|69.45|0|388|5.4|5.4|7|8
58.1|69.53|0|388|5.4|5.4|7|8
58.2|69.61|0|388|5.4|5.4|7|8
58.3|69.64|0|388|5.4|5.4|7|8
58.4|69.73|0|388|5.4|5.4|7|8
58.5|69.47|0|388|5.4|5.4|7|8
58.6|69.51|0|388|5.4|5.4|7|8
58.7|69.61|0|388|5.4|5.4|7|8
58.8|69.65|0|388|5.4|5.4|7|8
58.9|69.6|0|388|5.4|5.4|7|8
59|69.47|0|388|5.4|5.4|7|8
59.1|69.51|0|388|5.4|5.4|7|8
59.2|69.57|0|388|5.4|5.4|7|8
59.3|69.57|0|388|5.4|5.4|7|8
59.4|69.63|0|388|5.4|5.4|7|8
59.5|69.73|0|388|5.4|5.4|7|8
59.6|69.45|0|388|5.4|5.4|7|8
59.7|69.51|0|388|5.4|5.4|7|8
59.8|69.61|0|388|5.4|5.4|7|8
59.9|69.67|0|388|5.4|5.4|7|8
60|69.43|0|388|5.4|5.4|7|8
60.1|69.52|0|388|5.4|5.4|7|8
60.2|69.59|0|388|5.4|5.4|7|8
60.3|69.63|0|388|5.4|5.4|7|8
60.4|69.52|0|387|5.4|5.4|7|8
60.5|69.53|0|387|5.4|5.4|7|8
60.6|69.56|0|387|5.4|5.4|7|8
60.7|69.61|0|388|5.4|5.4|7|8
60.8|69.73|0|388|5.4|5.4|7|8
60.9|69.44|0|388|5.4|5.4|7|8
61|69.51|0|388|5.4|5.4|7|8
61.1|69.61|0|387|5.4|5.4|7|8
61.2|69.69|0|387|5.4|5.4|7|8
61.3|69.41|0|387|5.4|5.4|7|8
61.4|69.52|0|387|5.4|5.4|7|8
61.5|69.59|0|387|5.4|5.4|7|8
61.6|69.65|0|387|5.4|5.4|7|8
61.7|69.44|0|387|5.4|5.4|7|8
61.8|69.53|0|387|5.4|5.4|7|8
61.9|69.51|0|387|5.4|5.4|7|8
62|69.63|0|387|5.4|5.4|7|8
62.1|69.67|0|387|5.4|5.4|7|8
62.2|69.51|0|387|5.4|5.4|7|8
62.3|69.53|0|387|5.4|5.4|7|8
62.4|69.57|0|388|5.4|5.4|7|8
62.5|69.65|0|387|5.4|5.4|7|8
62.6|69.48|0|387|5.4|5.4|7|8
62.7|69.55|0|387|5.4|5.4|7|8
62.8|69.51|0|387|5.4|5.4|7|8
62.9|69.6|0|387|5.4|5.4|7|8
63|69.64|0|387|5.4|5.4|7|8
63.1|69.43|0|387|5.4|5.4|7|8
63.2|69.56|0|387|5.4|5.4|7|8
63.3|69.6|0|387|5.4|5.4|7|8
63.4|69.47|0|387|5.4|5.4|7|8
63.5|69.55|0|387|5.4|5.4|7|8
63.6|69.57|0|387|5.4|5.4|7|8
63.7|69.55|0|387|5.4|5.4|7|8
63.8|69.51|0|387|5.4|5.4|7|8
63.9|69.64|0|387|5.4|5.4|7|8
64|69.44|0|387|5.4|5.4|7|8
64.1|69.57|0|387|5.4|5.4|7|8
64.2|69.56|0|387|5.4|5.4|7|8
64.3|69.52|0|387|5.4|5.4|7|8
64.4|69.55|0|387|5.4|5.4|7|8
64.5|69.55|0|387|5.4|5.4|7|8
64.6|69.59|0|387|5.4|5.4|7|8
64.7|69.47|0|387|5.4|5.4|7|8
64.8|69.56|0|387|5.4|5.4|7|8
64.9|69.55|0|387|5.4|5.4|7|8
65|69.55|0|387|5.4|5.4|7|8
65.1|69.59|0|387|5.4|5.4|7|8
65.2|69.45|0|387|5.4|5.4|7|8
65.3|69.55|0|387|5.4|5.4|7|8
65.4|69.59|0|387|5.4|5.4|7|8
65.5|69.47|0|387|5.4|5.4|7|8
65.6|69.55|0|387|5.4|5.4|7|8
65.7|69.53|0|387|5.4|5.4|7|8
65.8|69.53|0|387|5.4|5.4|7|8
65.9|69.48|0|387|5.4|5.4|7|8
66|69.59|0|387|5.4|5.4|7|8
66.1|69.72|0|387|5.4|5.4|7|8
66.2|69.44|0|387|5.4|5.4|7|8
66.3|69.59|0|387|5.4|5.4|7|8
66.4|69.48|0|387|5.4|5.4|7|8
66.5|69.55|0|387|5.4|5.4|7|8
66.6|69.71|0|387|5.4|5.4|7|8
66.7|69.45|0|387|5.4|5.4|7|8
66.8|69.57|0|388|5.4|5.4|7|8
66.9|69.47|0|392|5.4|5.4|7|8
67|69.56|0|394|5.4|5.4|7|8
67.1|69.72|0|394|5.4|5.4|7|8
67.2|69.44|0|394|5.4|5.4|7|8
67.3|69.59|0|394|5.4|5.4|7|8
67.4|69.45|0|394|5.4|5.4|7|8
67.5|69.56|0|394|5.4|5.4|7|8
67.6|69.61|0|394|5.4|5.4|7|8
67.7|69.48|0|394|5.4|5.4|7|8
67.8|69.65|0|394|5.4|5.4|7|8
67.9|69.43|0|394|5.4|5.4|7|8
68|69.57|0|394|5.4|5.4|7|8
68.1|69.47|0|394|5.4|5.4|7|8
68.2|69.56|0|394|5.4|5.4|7|8
68.3|69.55|0|394|5.4|5.4|7|8
68.4|69.52|0|394|5.4|5.4|7|8
68.5|69.68|0|394|5.4|5.4|7|8
68.6|69.48|0|394|5.4|5.4|7|8
68.7|69.71|0|394|5.4|5.4|7|8
68.8|69.45|0|394|5.4|5.4|7|8
68.9|69.61|0|394|5.4|5.4|7|8
69|69.43|0|394|5.4|5.4|7|8
69.1|69.57|0|394|5.4|5.4|7|8
69.2|69.75|0|394|5.4|5.4|8|8
69.3|69.52|0|394|5.4|5.4|8|8
69.4|69.41|0|394|5.4|5.4|8|8
69.5|69.4|0|394|5.4|5.4|8|8
69.6|69.4|0|394|5.4|5.4|8|8
69.7|69.39|0|394|5.4|5.4|8|8
69.8|69.37|0|394|5.4|5.4|8|8
69.9|69.35|0|394|5.4|5.4|8|8
70|69.37|0|394|5.4|5.4|8|8
70.1|69.37|0|394|5.4|5.4|8|8
70.2|69.37|0|394|5.4|5.4|8|8
70.3|69.47|0|394|5.4|5.4|8|8
70.4|69.45|0|394|5.4|5.4|8|8
70.5|69.41|0|394|5.3|5.3|8|8
70.6|69.49|0|394|5.3|5.4|8|8
70.7|69.57|0|394|5.3|5.3|8|8
70.8|69.64|0|394|5.3|5.3|8|8
70.9|69.63|0|394|5.3|5.3|8|8
71|69.59|0|394|5.3|5.3|8|8
71.1|69.59|0|393|5.3|5.3|8|8
71.2|69.69|0|393|5.3|5.3|8|8
71.3|72.67|0|393|5.3|5.3|8|8
71.4|76.01|0|393|5.3|5.3|8|8
71.5|79.29|0|394|5.3|5.3|8|8
71.6|82.55|0|394|5.3|5.3|8|8
71.7|85.84|0|393|5.3|5.3|8|8
71.8|88.98|0|393|5.3|5.3|8|8
71.9|92.25|0|393|5.3|5.3|8|8
72|94.6|0|393|5.3|5.3|8|8
