0|96.08|1265|426|4.9|4.9|1|8
0.1|96.09|1420|436|4.9|4.9|1|8
0.2|96.06|1067|438|4.9|4.9|1|8
0.3|96.05|1018|437|4.9|4.9|1|8
0.4|96.04|1018|436|4.9|4.9|1|8
0.5|96.06|1018|436|4.9|4.9|2|8
0.6|95.77|1085|436|4.9|4.9|2|8
0.7|95.38|1250|438|4.9|4.9|2|8
0.8|94.99|1629|440|4.9|4.9|3|8
0.9|94.75|1660|442|4.9|4.9|3|8
1|94.67|1670|443|4.9|4.9|3|8
1.1|94.53|1675|444|4.9|4.9|3|8
1.2|94.51|1678|444|4.9|4.9|3|8
1.3|94.51|1680|444|4.9|4.9|3|8
1.4|94.52|1686|444|4.9|4.9|3|8
1.5|94.52|1688|444|4.9|5|3|8
1.6|94.49|1691|444|5|5|3|8
1.7|94.47|1691|444|5|5|3|8
1.8|94.48|1693|444|5|5|3|8
1.9|94.44|1696|444|5|5|3|8
2|94.49|1696|444|5|5|3|8
2.1|94.51|1698|444|5|5|3|8
2.2|94.47|1698|444|5|5|3|8
2.3|94.48|1698|444|5|5|3|8
2.4|94.48|1701|444|5|5|3|8
2.5|94.48|1704|444|5|5|3|8
2.6|94.48|1704|444|5|5|3|8
2.7|94.47|1704|444|5|5|3|8
2.8|94.48|1706|444|5|5|4|8
2.9|94.64|1704|444|5|5|4|8
3|95.02|1675|444|5|5|4|8
3.1|95.5|1528|444|5|5|4|8
3.2|95.97|1057|440|5|5|5|8
3.3|96.12|1036|437|5|5|5|8
3.4|96.16|1034|436|5|5|5|8
3.5|96.2|1034|436|5|5|5|8
3.6|96.21|1034|436|5|5|5|8
3.7|96.23|1031|436|5|5|5|8
3.8|96.25|1026|436|5|5|5|8
3.9|96.25|1028|436|5|5|5|8
4|96.28|1028|436|5|5|5|8
4.1|96.27|1028|436|5|5|5|8
4.2|96.24|1028|435|5|5|5|8
4.3|96.25|1026|435|5|5|5|8
4.4|96.23|1026|436|5|5|5|8
4.5|96.23|1028|436|5|5|5|8
4.6|96.23|1031|436|5|5|5|8
4.7|96.25|1031|436|5|5|5|8
4.8|96.28|1034|436|5|5|5|8
4.9|96.29|1028|436|5|5|5|8
5|96.24|1026|436|5|5|5|8
5.1|96.24|1028|436|5|5|5|8
5.2|96.28|1028|436|5|5|2|8
5.3|96.02|1028|436|5|5|2|8
5.4|95.62|1031|436|5|5|2|8
5.5|95.18|1381|438|5|5|2|8
5.6|94.75|1660|440|5|5|3|8
5.7|94.53|1693|443|5|5|3|8
5.8|94.43|1704|444|5|5|3|8
5.9|94.37|1711|444|5|5|3|8
6|94.37|1714|444|5|5|3|8
6.1|94.36|1719|444|5|5|3|8
6.2|94.25|1722|444|5|5|3|8
6.3|94.29|1722|444|5|5|3|8
6.4|94.29|1724|444|5|5|3|8
6.5|94.33|1727|444|5|5|3|8
6.6|94.32|1727|444|5|5|3|8
6.7|94.29|1729|444|5|5.1|3|8
6.8|94.28|1729|444|5|5.1|3|8
6.9|94.31|1732|444|5|5.1|3|8
7|94.32|1732|444|5.1|5.1|3|8
7.1|94.29|1735|444|5.1|5.1|3|8
7.2|94.28|1735|444|5.1|5.1|3|8
7.3|94.31|1735|444|5.1|5.1|3|8
7.4|94.31|1735|444|5.1|5.1|3|8
7.5|94.31|1735|444|5.1|5.1|3|8
7.6|94.28|1735|444|5.1|5.1|4|8
7.7|94.39|1735|444|5.1|5.1|4|8
7.8|94.76|1698|444|5.1|5.1|4|8
7.9|95.33|1570|443|5.1|5.1|4|8
8|95.78|1052|440|5.1|5.1|5|8
8.1|96.06|1036|438|5.1|5.1|5|8
8.2|96.09|1036|437|5.1|5.1|5|8
8.3|96.14|1034|437|5.1|5.1|5|8
8.4|96.13|1034|437|5.1|5.1|5|8
8.5|96.16|1034|437|5.1|5.1|5|8
8.6|96.16|1034|436|5.1|5.1|5|8
8.7|96.13|1034|436|5.1|5.1|5|8
8.8|96.13|1031|436|5.1|5.1|5|8
8.9|96.14|1031|436|5.1|5.1|5|8
9|96.14|1031|436|5.1|5.1|5|8
9.1|96.14|1031|436|5.1|5.1|5|8
9.2|96.16|1031|436|5.1|5.1|5|8
9.3|96.14|1031|436|5.1|5.1|5|8
9.4|96.14|1031|436|5.1|5.1|5|8
9.5|96.14|1031|436|5.1|5.1|5|8
9.6|96.14|1028|436|5.1|5.1|5|8
9.7|96.16|1028|436|5.1|5.1|5|8
9.8|96.16|1028|436|5.1|5.1|5|8
9.9|96.14|1028|436|5.1|5.1|5|8
10|96.16|1031|436|5.1|5.1|2|8
10.1|95.85|1028|436|5.1|5.1|2|8
10.2|95.51|1036|428|5.1|5.1|2|8
10.3|95.1|1289|418|5.1|5.1|2|8
10.4|94.68|1668|414|5.1|5.1|3|8
10.5|94.43|1722|415|5.1|5.1|3|8
10.6|94.37|1737|416|5.1|5.1|3|8
10.7|94.25|1745|416|5.1|5.1|3|8
10.8|94.2|1750|416|5.1|5.1|3|8
10.9|94.16|1753|416|5.1|5.1|3|8
11|94.12|1755|416|5.1|5.1|3|8
11.1|94.12|1758|416|5.1|5.1|3|8
11.2|94.13|1758|416|5.1|5.1|3|8
11.3|94.15|1758|416|5.1|5.1|3|8
11.4|94.15|1760|416|5.1|5.1|3|8
11.5|94.17|1760|416|5.1|5.1|3|8
11.6|94.17|1760|416|5.1|5.1|3|8
11.7|94.16|1763|416|5.1|5.1|3|8
11.8|94.16|1763|416|5.1|5.1|3|8
11.9|94.13|1763|416|5.1|5.1|3|8
12|94.15|1763|416|5.1|5.1|3|8
12.1|94.16|1765|416|5.1|5.1|3|8
12.2|94.16|1765|416|5.1|5.1|3|8
12.3|94.15|1765|416|5.1|5.1|3|8
12.4|94.16|1765|416|5.1|5.1|4|8
12.5|94.28|1765|416|5.1|5.1|4|8
12.6|94.55|1758|416|5.1|5.1|4|8
12.7|95.07|1665|415|5.1|5.1|4|8
12.8|95.61|1149|414|5.1|5.1|5|8
12.9|95.86|1046|412|5.1|5.1|5|8
13|96.08|1044|411|5.1|5.1|5|8
13.1|96.06|1041|411|5.1|5.1|5|8
13.2|96.1|1041|411|5.1|5.1|5|8
13.3|96.09|1041|410|5.1|5.1|5|8
13.4|96.09|1039|410|5.1|5.1|5|8
13.5|96.09|1039|410|5.1|5.1|5|8
13.6|96.09|1039|410|5.1|5.1|5|8
13.7|96.09|1039|409|5.1|5.1|5|8
13.8|96.09|1039|410|5.1|5.1|5|8
13.9|96.09|1036|409|5.1|5.1|5|8
14|96.09|1036|409|5.1|5.1|5|8
14.1|96.09|1036|409|5.1|5.1|5|8
14.2|96.09|1036|409|5.1|5.1|5|8
14.3|96.09|1036|409|5.1|5.1|5|8
14.4|96.09|1039|409|5.1|5.1|5|8
14.5|96.09|1036|409|5.1|5.1|5|8
14.6|96.09|1036|409|5.1|5.1|5|8
14.7|96.1|1036|409|5.1|5.1|5|8
14.8|96.09|1036|409|5.1|5.1|2|8
14.9|95.94|1036|409|5.1|5.1|2|8
15|95.63|1036|409|5.1|5.1|2|8
15.1|95.22|1124|409|5.1|5.1|2|8
15.2|94.78|1606|410|5.1|5.1|3|8
15.3|94.45|1729|412|5.1|5.1|3|8
15.4|94.4|1747|413|5.1|5.1|3|8
15.5|94.29|1760|414|5.1|5.1|3|8
15.6|94.23|1765|414|5.1|5.1|3|8
15.7|94.2|1771|414|5.1|5.1|3|8
15.8|94.12|1773|414|5.1|5.1|3|8
15.9|94.12|1776|414|5.1|5.1|3|8
16|94.09|1776|414|5.1|5.1|3|8
16.1|94.17|1778|414|5.1|5.1|3|8
16.2|94.15|1778|414|5.1|5.1|3|8
16.3|94.17|1778|414|5.1|5.1|3|8
16.4|94.2|1781|414|5.1|5.1|3|8
16.5|94.16|1781|414|5.1|5.1|3|8
16.6|94.13|1781|414|5.1|5.1|3|8
16.7|94.13|1781|414|5.1|5.1|3|8
16.8|94.16|1784|414|5.1|5.1|3|8
16.9|94.17|1784|414|5.1|5.1|3|8
17|94.15|1784|414|5.1|5.1|3|8
17.1|94.16|1784|414|5.1|5.1|3|8
17.2|94.19|1784|414|5.1|5.1|4|8
17.3|94.23|1784|414|5.1|5.1|4|8
17.4|94.44|1781|414|5.1|5.1|4|8
17.5|94.88|1722|414|5.1|5.1|4|8
17.6|95.43|1541|413|5.1|5.1|4|8
17.7|95.9|1088|412|5.1|5.1|5|8
17.8|96.14|1046|410|5.1|5.1|5|8
17.9|96.16|1044|409|5.1|5.1|5|8
18|96.19|1044|409|5.1|5.1|5|8
18.1|96.2|1044|408|5.1|5.1|5|8
18.2|96.21|1044|408|5.1|5.1|5|8
18.3|96.24|1041|408|5.1|5.1|5|8
18.4|96.25|1041|408|5.1|5.1|5|8
18.5|96.25|1041|408|5.1|5.1|5|8
18.6|96.25|1041|408|5.1|5.1|5|8
18.7|96.24|1041|408|5.1|5.1|5|8
18.8|96.24|1041|408|5.1|5.1|5|8
18.9|96.23|1041|408|5.1|5.1|5|8
19|96.23|1039|408|5.1|5.1|5|8
19.1|96.24|1041|408|5.1|5.1|5|8
19.2|96.23|1039|408|5.1|5.1|5|8
19.3|96.21|1039|408|5.1|5.1|5|8
19.4|96.29|1039|408|5.1|5.1|5|8
19.5|96.29|1039|408|5.1|5.1|5|8
19.6|96.24|1039|408|5.1|5.1|5|8
19.7|96.28|1039|408|5.1|5.1|2|8
19.8|96.04|1039|408|5.1|5.1|2|8
19.9|95.63|1039|408|5.1|5.1|2|8
20|95.19|1168|408|5.1|5.1|2|8
20.1|94.78|1662|409|5.1|5.1|3|8
20.2|94.48|1763|407|5.1|5.1|3|8
20.3|94.37|1781|399|5.1|5.1|3|8
20.4|94.39|1789|396|5.1|5.1|3|8
20.5|94.32|1794|396|5.1|5.1|3|8
20.6|94.28|1796|395|5.1|5.1|3|8
20.7|94.29|1799|395|5.1|5.1|3|8
20.8|94.28|1802|395|5.1|5.1|3|8
20.9|94.27|1804|395|5.1|5.1|3|8
21|94.27|1807|395|5.1|5.1|3|8
21.1|94.24|1809|395|5.1|5.1|3|8
21.2|94.21|1809|395|5.1|5.1|3|8
21.3|94.25|1809|394|5.1|5.1|3|8
21.4|94.24|1812|394|5.1|5.1|3|8
21.5|94.24|1812|394|5.1|5.1|3|8
21.6|94.21|1814|394|5.1|5.1|3|8
21.7|94.21|1814|394|5.1|5.1|3|8
21.8|94.24|1814|394|5.1|5.1|3|8
21.9|94.24|1814|394|5.1|5.1|3|8
22|94.24|1817|394|5.1|5.1|3|8
22.1|94.27|1817|394|5.1|5.1|4|8
22.2|94.36|1817|394|5.1|5.1|4|8
22.3|94.67|1804|394|5.1|5.1|4|8
22.4|95.15|1729|394|5.1|5.1|4|8
22.5|95.7|1327|395|5.1|5.1|5|8
22.6|96.1|1062|394|5.1|5.1|5|8
22.7|96.2|1054|393|5.1|5.1|5|8
22.8|96.31|1052|392|5.1|5.1|5|8
22.9|96.35|1052|392|5.1|5.1|5|8
23|96.36|1049|392|5.1|5.1|5|8
23.1|96.33|1049|392|5.1|5.1|5|8
23.2|96.32|1049|392|5.1|5.1|5|8
23.3|96.35|1049|392|5.1|5.1|5|8
23.4|96.33|1049|392|5.1|5.1|5|8
23.5|96.33|1046|392|5.1|5.1|5|8
23.6|96.35|1046|392|5.1|5.1|5|8
23.7|96.36|1046|392|5.1|5.1|5|8
23.8|96.36|1046|392|5.1|5.1|5|8
23.9|96.35|1046|392|5.1|5.1|5|8
24|96.35|1046|392|5.1|5.1|5|8
24.1|96.35|1044|392|5.1|5.1|5|8
24.2|96.35|1044|392|5.1|5.1|5|8
24.3|96.36|1044|392|5.1|5.1|5|8
24.4|96.37|1044|392|5.1|5.1|5|8
24.5|96.33|1044|392|5.1|5.1|2|8
24.6|96.29|1044|392|5.1|5.1|2|8
24.7|95.97|1044|392|5.1|5.1|2|8
24.8|95.58|1044|392|5.1|5.1|2|8
24.9|95.15|1307|392|5.1|5.1|2|8
25|94.76|1724|394|5.1|5.1|3|8
25.1|94.47|1786|394|5.1|5.1|3|8
25.2|94.41|1802|394|5.1|5.1|3|8
25.3|94.39|1809|395|5.1|5.1|3|8
25.4|94.32|1817|395|5.1|5.1|3|8
25.5|94.28|1820|395|5.1|5.1|3|8
25.6|94.28|1822|395|5.1|5.1|3|8
25.7|94.27|1825|395|5.1|5.1|3|8
25.8|94.2|1827|395|5.1|5.1|3|8
25.9|94.23|1825|395|5.1|5.1|3|8
26|94.21|1827|395|5.1|5.1|3|8
26.1|94.25|1830|395|5.1|5.1|3|8
26.2|94.25|1830|395|5.1|5.1|3|8
26.3|94.27|1830|395|5.1|5.1|3|8
26.4|94.25|1830|394|5.1|5.1|3|8
26.5|94.28|1832|395|5.1|5.1|3|8
26.6|94.23|1832|395|5.1|5.1|3|8
26.7|94.23|1832|394|5.1|5.1|3|8
26.8|94.25|1832|394|5.1|5.1|3|8
26.9|94.25|1832|394|5.1|5.1|3|8
27|94.23|1835|394|5.1|5.1|4|8
27.1|94.36|1832|394|5.1|5.1|4|8
27.2|94.68|1817|395|5.1|5.1|4|8
27.3|95.22|1704|395|5.1|5.1|4|8
27.4|95.7|1075|394|5.1|5.1|5|8
27.5|95.89|1059|394|5.1|5.1|5|8
27.6|96.04|1057|394|5.1|5.1|5|8
27.7|96.02|1057|393|5.1|5.1|5|8
27.8|96.02|1054|393|5.1|5.1|5|8
27.9|96.06|1054|393|5.1|5.1|5|8
28|96.06|1054|393|5.1|5.1|5|8
28.1|96.08|1054|393|5.1|5.1|5|8
28.2|96.01|1052|393|5.1|5.1|5|8
28.3|96.04|1052|393|5.1|5.1|5|8
28.4|96.02|1052|392|5.1|5.1|5|8
28.5|96.02|1052|393|5.1|5.1|5|8
28.6|96.02|1052|393|5.1|5.1|5|8
28.7|96.09|1052|393|5.1|5.1|5|8
28.8|96.05|1052|393|5.1|5.1|5|8
28.9|96.02|1049|393|5.1|5.1|5|8
29|96.02|1049|393|5.1|5.1|5|8
29.1|96.02|1049|392|5.1|5.1|5|8
29.2|96.02|1049|392|5.1|5.1|5|8
29.3|96.06|1049|393|5.1|5.1|5|8
29.4|96.05|1049|392|5.1|5.1|2|8
29.5|95.8|1049|392|5.1|5.1|2|8
29.6|95.39|1049|392|5.1|5.1|2|8
29.7|94.98|1379|393|5.1|5.1|2|8
29.8|94.63|1758|394|5.1|5.1|3|8
29.9|94.43|1802|394|5.1|5.1|3|8
30|94.4|1812|394|5.1|5.1|3|8
30.1|94.29|1822|394|5.1|5.1|3|8
30.2|94.27|1827|395|5.1|5.1|3|8
30.3|94.24|1832|395|5.1|5.1|3|8
30.4|94.2|1832|395|5.1|5.1|3|8
30.5|94.21|1835|395|5.1|5.1|3|8
30.6|94.15|1838|395|5.1|5.1|3|8
30.7|94.17|1838|395|5.1|5.1|3|8
30.8|94.19|1838|395|5.1|5.1|3|8
30.9|94.19|1838|395|5.1|5.1|3|8
31|94.25|1838|395|5.1|5.1|3|8
31.1|94.24|1838|395|5.1|5.1|3|8
31.2|94.16|1838|396|5.1|5.1|3|8
31.3|94.21|1840|396|5.1|5.1|3|8
31.4|94.16|1840|395|5.1|5.1|3|8
31.5|94.16|1840|395|5.1|5.1|3|8
31.6|94.2|1840|395|5.1|5.1|3|8
31.7|94.24|1840|396|5.1|5.1|3|8
31.8|94.2|1840|395|5.1|5.1|4|8
31.9|94.35|1838|396|5.1|5.1|4|8
32|94.68|1809|396|5.1|5.1|4|8
32.1|95.26|1492|396|5.1|5.1|4|8
32.2|95.73|1064|395|5.1|5.1|5|8
32.3|95.92|1057|394|5.1|5.1|5|8
32.4|96.04|1057|394|5.1|5.1|5|8
32.5|96.04|1054|394|5.1|5.1|5|8
32.6|96.05|1054|394|5.1|5.1|5|8
32.7|96.04|1054|394|5.1|5.1|5|8
32.8|96.02|1054|394|5.1|5.1|5|8
32.9|96.01|1054|394|5.1|5.1|5|8
33|96.02|1052|394|5.1|5.1|5|8
33.1|96.06|1052|394|5.1|5.1|5|8
33.2|96.06|1052|394|5.1|5.1|5|8
33.3|96.08|1052|394|5.1|5.1|5|8
33.4|96.02|1052|394|5.1|5.1|5|8
33.5|96.02|1052|394|5.1|5.1|5|8
33.6|96.04|1049|394|5.1|5.1|5|8
33.7|96.04|1049|394|5.1|5.1|5|8
33.8|96.02|1049|394|5.1|5.1|5|8
33.9|96.02|1049|394|5.1|5.1|5|8
34|96.05|1052|393|5.1|5.1|5|8
34.1|96.06|1049|394|5.1|5.1|5|8
34.2|95.98|1049|394|5.1|5.1|2|8
34.3|95.78|1049|394|5.1|5.1|2|8
34.4|95.37|1049|394|5.1|5.1|2|8
34.5|94.94|1549|394|5.1|5.1|2|8
34.6|94.6|1760|394|5.1|5.1|3|8
34.7|94.43|1802|395|5.1|5.1|3|8
34.8|94.41|1814|395|5.1|5.1|3|8
34.9|94.32|1822|395|5.1|5.1|3|8
35|94.28|1827|395|5.1|5.1|3|8
35.1|94.25|1830|395|5.1|5.1|3|8
35.2|94.27|1832|395|5.1|5.1|3|8
35.3|94.28|1835|395|5.1|5.1|3|8
35.4|94.24|1838|395|5.1|5.1|3|8
35.5|94.2|1838|395|5.1|5.1|3|8
35.6|94.2|1838|396|5.1|5.1|3|8
35.7|94.2|1838|396|5.1|5.1|3|8
35.8|94.23|1840|396|5.1|5.1|3|8
35.9|94.2|1840|396|5.1|5.1|3|8
36|94.27|1840|396|5.1|5.1|3|8
36.1|94.28|1840|396|5.1|5.1|3|8
36.2|94.28|1840|396|5.1|5.1|3|8
36.3|94.24|1840|396|5.1|5.1|3|8
36.4|94.19|1843|396|5.1|5.1|3|8
36.5|94.24|1843|396|5.1|5.1|3|8
36.6|94.23|1843|396|5.1|5.1|4|8
36.7|94.45|1835|396|5.1|5.1|4|8
36.8|94.8|1802|396|5.1|5.1|4|8
36.9|95.42|1487|396|5.1|5.1|4|8
37|95.8|1064|394|5.2|5.2|2|8
37.1|95.85|1057|394|5.1|5.1|2|8
37.2|95.85|1057|394|5.1|5.1|2|8
37.3|95.82|1054|394|5.1|5.1|2|8
37.4|95.8|1054|394|5.1|5.1|2|8
37.5|95.76|1054|394|5.1|5.1|2|8
37.6|95.65|1054|394|5.1|5.1|2|8
37.7|95.61|1052|394|5.1|5.1|2|8
37.8|95.53|1052|394|5.1|5.1|2|8
37.9|95.47|1052|394|5.1|5.1|2|8
38|95.41|1052|394|5.1|5.1|2|8
38.1|95.35|1052|394|5.1|5.1|2|8
38.2|95.31|1137|394|5.1|5.1|2|8
38.3|95.25|1235|394|5.1|5.1|2|8
38.4|95.17|1157|394|5.1|5.1|2|8
38.5|95.12|1111|394|5.1|5.1|2|8
38.6|94.98|1235|394|5.1|5.1|2|8
38.7|94.98|1268|394|5.1|5.1|2|8
38.8|94.9|1193|394|5.1|5.1|2|8
38.9|94.9|1229|394|5.1|5.1|2|8
39|94.78|1240|394|5.1|5.1|2|8
39.1|94.71|1479|394|5.2|5.1|2|8
39.2|94.75|1652|394|5.2|5.2|2|8
39.3|94.67|1655|395|5.1|5.1|2|8
39.4|94.86|1619|395|5.1|5.1|2|8
39.5|95.07|1227|395|5.1|5.1|2|8
39.6|95.18|1057|394|5.1|5.1|2|8
39.7|95.25|1052|394|5.1|5.1|2|8
39.8|95.21|1052|393|5.1|5.1|2|8
39.9|95.15|1049|393|5.1|5.1|2|8
40|95.14|1049|393|5.1|5.1|2|8
40.1|95.07|1049|393|5.1|5.1|2|8
40.2|94.99|1049|393|5.1|5.1|2|8
40.3|94.95|1049|393|5.1|5.1|2|8
40.4|94.79|1052|393|5.1|5.1|2|8
40.5|94.87|1054|393|5.1|5.1|2|8
40.6|94.78|1054|393|5.1|5.1|2|8
40.7|94.78|1077|393|5.1|5.1|2|8
40.8|94.61|1601|394|5.1|5.1|2|8
40.9|94.59|1670|394|5.1|5.1|2|8
41|94.67|1662|395|5.1|5.1|2|8
41.1|94.9|1619|395|5.1|5.1|2|8
41.2|95.06|1095|394|5.1|5.1|2|8
41.3|95.14|1052|394|5.2|5.2|2|8
41.4|95.18|1049|394|5.1|5.1|2|8
41.5|95.11|1049|394|5.1|5.1|2|8
41.6|95.04|1049|394|5.1|5.1|2|8
41.7|95|1046|393|5.1|5.1|2|8
41.8|94.96|1046|393|5.1|5.1|2|8
41.9|94.8|1054|393|5.1|5.1|2|8
42|94.9|1052|393|5.2|5.2|2|8
42.1|94.78|1057|393|5.2|5.2|2|8
42.2|94.74|1157|393|5.1|5.1|2|8
42.3|94.68|1229|394|5.1|5.1|2|8
42.4|94.57|1510|394|5.1|5.1|2|8
42.5|94.47|1170|394|5.1|5.1|2|8
42.6|94.52|1046|394|5.1|5.1|2|8
42.7|94.55|1046|394|5.1|5.1|2|8
42.8|94.47|1479|394|5.1|5.1|2|8
42.9|94.45|1461|394|5.1|5.1|2|8
43|94.41|1075|394|5.1|5.1|2|8
43.1|94.39|1046|394|5.1|5.1|2|8
43.2|94.41|1046|394|5.1|5.1|2|8
43.3|94.44|1191|393|5.1|5.1|2|8
43.4|94.43|1544|394|5.1|5.1|2|8
43.5|94.35|1399|395|5.1|5.1|2|8
43.6|94.32|1054|394|5.1|5.1|2|8
43.7|94.37|1046|394|5.1|5.1|2|8
43.8|94.4|1046|393|5.1|5.1|2|8
43.9|94.44|1046|393|5.1|5.1|2|8
44|94.32|1443|393|5.1|5.1|2|8
44.1|94.28|1539|394|5.1|5.1|2|8
44.2|94.28|1059|394|5.1|5.1|2|8
44.3|94.32|1046|394|5.1|5.1|2|8
44.4|94.32|1046|393|5.1|5.1|2|8
44.5|94.29|1206|393|5.1|5.1|2|8
44.6|94.21|1593|394|5.1|5.1|2|8
44.7|94.2|1263|394|5.1|5.1|2|8
44.8|94.32|1049|394|5.1|5.1|2|8
44.9|94.33|1046|394|5.1|5.1|2|8
45|94.33|1046|393|5.1|5.1|2|8
45.1|94.31|1046|393|5.1|5.1|2|8
45.2|94.2|1057|393|5.1|5.1|2|8
45.3|94.05|1521|394|5.1|5.1|2|8
45.4|94.1|1211|394|5.1|5.1|2|8
45.5|94.17|1049|394|5.1|5.1|2|8
45.6|94.23|1046|394|5.1|5.1|2|8
45.7|94.08|1049|394|5.1|5.1|2|8
45.8|94.09|1528|394|5.1|5.1|2|8
45.9|94.08|1183|394|5.1|5.1|2|8
46|94.15|1049|394|5.1|5.1|2|8
46.1|94.21|1046|394|5.1|5.1|2|8
46.2|94.09|1044|393|5.1|5.1|2|8
46.3|94.08|1309|392|5.1|5.1|2|8
46.4|93.97|1541|394|5.1|5.1|2|8
46.5|93.94|1070|394|5.1|5.1|2|8
46.6|94.02|1046|394|5.1|5.1|2|8
46.7|93.97|1258|394|5.1|5.1|2|8
46.8|93.97|1492|394|5.1|5.1|2|8
46.9|93.89|1371|394|5.1|5.1|2|8
47|93.93|1229|394|5.1|5.1|2|8
47.1|93.84|1338|394|5.1|5.1|2|8
47.2|93.76|1173|394|5.1|5.1|2|8
47.3|93.77|1389|394|5.1|5.1|2|8
47.4|93.68|1067|394|5.1|5.1|2|8
47.5|93.6|1186|394|5.1|5.1|2|8
47.6|93.55|1170|394|5.1|5.1|2|8
47.7|93.45|1131|394|5.1|5.1|2|8
47.8|93.45|1116|394|5.1|5.1|2|8
47.9|93.34|1147|394|5.1|5.1|2|8
48|93.21|1106|394|5.1|5.1|2|8
48.1|93.14|1062|394|5.1|5.1|2|8
48.2|93.22|1052|394|5.1|5.1|2|8
48.3|93.17|1374|394|5.1|5.1|2|8
48.4|93.04|1175|395|5.1|5.1|2|8
48.5|92.98|1335|395|5.1|5.1|2|8
48.6|92.87|1263|394|5.1|5.1|2|8
48.7|92.75|1082|394|5.1|5.1|2|8
48.8|92.7|1077|394|5.1|5.1|2|8
48.9|92.68|1093|394|5.1|5.1|2|8
49|92.63|1170|394|5.1|5.1|2|8
49.1|92.47|1165|394|5.1|5.1|2|8
49.2|92.41|1168|394|5.1|5.1|2|8
49.3|92.39|1216|394|5.1|5.1|2|8
49.4|92.25|1165|394|5.1|5.1|2|8
49.5|92.19|1113|394|5.1|5.1|2|8
49.6|92.11|1183|394|5.1|5.1|2|8
49.7|92.02|1080|394|5.1|5.1|2|8
49.8|91.97|1077|394|5.1|5.1|2|8
49.9|91.9|1173|394|5.1|5.1|2|8
50|91.78|1214|394|5.1|5.1|2|8
50.1|91.68|1206|394|5.1|5.1|2|8
50.2|91.57|1088|394|5.1|5.1|2|8
50.3|91.49|1067|394|5.1|5.1|2|8
50.4|91.49|1124|394|5.1|5.1|2|8
50.5|91.39|1258|394|5.1|5.1|2|8
50.6|91.25|1219|394|5.1|5.1|2|8
50.7|91.18|1101|394|5.1|5.1|2|8
50.8|91.07|1142|394|5.1|5.1|2|8
50.9|90.94|1216|394|5.1|5.1|2|8
51|90.87|1168|394|5.1|5.1|2|8
51.1|90.8|1111|394|5.1|5.1|2|8
51.2|90.64|1155|394|5.1|5.1|2|8
51.3|90.62|1108|394|5.1|5.1|2|8
51.4|90.47|1211|394|5.1|5.1|2|8
51.5|90.39|1227|394|5.1|5.1|2|8
51.6|90.32|1175|394|5.1|5.1|2|8
51.7|90.17|1103|394|5.1|5.1|2|8
51.8|90.07|1178|394|5.1|5.1|2|8
51.9|89.93|1178|394|5.1|5.1|2|8
52|89.9|1121|394|5.1|5.1|2|8
52.1|89.73|1170|394|5.1|5.1|2|8
52.2|89.72|1124|394|5.1|5.1|2|8
52.3|89.54|1245|394|5.1|5.1|2|8
52.4|89.45|1180|394|5.1|5.1|2|8
52.5|89.33|1162|394|5.1|5.1|2|8
52.6|89.21|1085|394|5.1|5.1|2|8
52.7|89.09|1180|394|5.1|5.1|2|8
52.8|88.97|1291|394|5.1|5.1|2|8
52.9|88.88|1147|394|5.1|5.1|2|8
53|88.74|1139|395|5.1|5.1|2|8
53.1|88.64|1165|395|5.1|5.1|2|8
53.2|88.51|1098|395|5.1|5.1|2|8
53.3|88.36|1214|395|5.1|5.1|2|8
53.4|88.25|1121|395|5.1|5.1|2|8
53.5|88.12|1222|394|5.1|5.1|2|8
53.6|88.04|1157|394|5.1|5.1|2|8
53.7|87.85|1183|394|5.1|5.1|2|8
53.8|87.72|1206|394|5.1|5.1|2|8
53.9|87.62|1263|396|5.1|5.1|2|8
54|87.46|1260|396|5.1|5.1|2|8
54.1|87.31|1155|394|5.1|5.1|2|8
54.2|87.17|1260|394|5.1|5.1|2|8
54.3|87.06|1232|395|5.1|5.1|2|8
54.4|86.98|1232|395|5.1|5.1|2|8
54.5|86.76|1198|395|5.1|5.1|2|8
54.6|86.63|1188|395|5.1|5.1|2|8
54.7|86.46|1183|395|5.1|5.1|2|8
54.8|86.31|1186|394|5.1|5.1|2|8
54.9|86.23|1139|394|5.1|5.1|2|8
55|86.03|1198|394|5.1|5.1|2|8
55.1|85.91|1178|394|5.1|5.1|2|8
55.2|85.76|1209|394|5.1|5.1|2|8
55.3|85.58|1149|394|5.1|5.1|2|8
55.4|85.42|1307|396|5.1|5.1|2|8
55.5|85.23|1247|395|5.1|5.1|2|8
55.6|85.1|1273|396|5.1|5.1|2|8
55.7|84.97|1250|396|5.1|5.1|2|8
55.8|84.8|1198|394|5.1|5.1|2|8
55.9|84.59|1227|395|5.1|5.1|2|8
56|84.4|1247|395|5.1|5.1|2|8
56.1|84.27|1168|395|5.1|5.1|2|8
56.2|84.11|1343|394|5.1|5.1|2|8
56.3|83.91|1366|394|5.1|5.1|2|8
56.4|83.73|1152|394|5.1|5.1|2|8
56.5|83.57|1216|395|5.1|5.1|2|8
56.6|83.37|1188|395|5.1|5.1|2|8
56.7|83.18|1312|395|5.1|5.1|2|8
56.8|83.01|1363|396|5.1|5.1|2|8
56.9|82.82|1281|395|5.1|5.1|2|8
57|82.62|1294|396|5.1|5.1|2|8
57.1|82.44|1304|395|5.1|5.1|2|8
57.2|82.21|1335|396|5.1|5.1|2|8
57.3|81.32|1753|395|5.1|5.1|6|8
57.4|78.79|1884|396|5.1|5.1|6|8
57.5|75.88|149|396|5.1|5.1|7|8
57.6|73.34|0|392|5.1|5.1|7|8
57.7|72.23|0|392|5.1|5.1|7|8
57.8|71.69|0|391|5.1|5.1|7|8
57.9|71.45|0|390|5.1|5.1|7|8
58|71.41|0|390|5.1|5.1|7|8
58.1|71.29|0|390|5.1|5.1|7|8
58.2|71.26|0|390|5.1|5.1|7|8
58.3|71.26|0|390|5.1|5.1|7|8
58.4|71.34|0|390|5.1|5.1|7|8
58.5|71.32|0|390|5.1|5.1|7|8
58.6|71.33|0|390|5.1|5.1|7|8
58.7|71.3|0|390|5.1|5.1|7|8
58.8|71.29|0|390|5.1|5.1|7|8
58.9|71.26|0|390|5.1|5.1|7|8
59|71.25|0|390|5.1|5.1|7|8
59.1|71.28|0|390|5.1|5.1|7|8
59.2|71.33|0|390|5.1|5.1|7|8
59.3|71.32|0|390|5.1|5.1|7|8
59.4|71.32|0|390|5.1|5.1|7|8
59.5|71.29|0|390|5.1|5.1|7|8
59.6|71.29|0|390|5.1|5.1|7|8
59.7|71.29|0|390|5.1|5.1|7|8
59.8|71.26|0|390|5.1|5.1|7|8
59.9|71.26|0|390|5.1|5.1|7|8
60|71.34|0|390|5.1|5.1|7|8
60.1|71.32|0|390|5.1|5.1|7|8
60.2|71.29|0|390|5.1|5.1|7|8
60.3|71.28|0|390|5.1|5.1|7|8
60.4|71.28|0|390|5.1|5.1|7|8
60.5|71.24|0|390|5.1|5.1|7|8
60.6|71.3|0|390|5.1|5.1|7|8
60.7|71.3|0|390|5.1|5.1|7|8
60.8|71.32|0|390|5.1|5.1|7|8
60.9|71.29|0|390|5.1|5.1|7|8
61|71.29|0|390|5.1|5.1|7|8
61.1|71.28|0|390|5.1|5.1|7|8
61.2|71.28|0|390|5.1|5.1|7|8
61.3|71.28|0|390|5.1|5.1|7|8
61.4|71.26|0|390|5.1|5.1|7|8
61.5|71.26|0|390|5.1|5.1|7|8
61.6|71.32|0|390|5.1|5.1|7|8
61.7|71.32|0|390|5.1|5.1|7|8
61.8|71.29|0|390|5.1|5.1|7|8
61.9|71.28|0|390|5.1|5.1|7|8
62|71.28|0|390|5.1|5.1|7|8
62.1|71.28|0|390|5.1|5.1|7|8
62.2|71.26|0|390|5.1|5.1|7|8
62.3|71.24|0|390|5.1|5.1|7|8
62.4|71.28|0|390|5.1|5.1|7|8
62.5|71.32|0|389|5.1|5.1|7|8
62.6|71.3|0|390|5.1|5.1|7|8
62.7|71.28|0|389|5.1|5.1|7|8
62.8|71.28|0|389|5.1|5.1|7|8
62.9|71.26|0|389|5.1|5.1|7|8
63|71.25|0|389|5.1|5.1|7|8
63.1|71.26|0|389|5.1|5.1|7|8
63.2|71.25|0|389|5.1|5.1|7|8
63.3|71.26|0|389|5.1|5.1|7|8
63.4|71.29|0|389|5.1|5.1|7|8
63.5|71.3|0|389|5.1|5.1|7|8
63.6|71.28|0|389|5.1|5.1|7|8
63.7|71.28|0|389|5.1|5.1|7|8
63.8|71.26|0|389|5.1|5.1|7|8
63.9|71.26|0|389|5.1|5.1|7|8
64|71.26|0|389|5.1|5.1|7|8
64.1|71.26|0|389|5.1|5.1|7|8
64.2|71.28|0|389|5.1|5.1|7|8
64.3|71.29|0|389|5.1|5.1|7|8
64.4|71.28|0|389|5.1|5.1|7|8
64.5|71.29|0|389|5.1|5.1|7|8
64.6|71.28|0|389|5.1|5.1|7|8
64.7|71.28|0|389|5.1|5.1|7|8
64.8|71.26|0|389|5.1|5.1|7|8
64.9|71.25|0|389|5.1|5.1|7|8
65|71.25|0|389|5.1|5.1|7|8
65.1|71.26|0|389|5.1|5.1|7|8
65.2|71.26|0|389|5.1|5.1|7|8
65.3|71.26|0|389|5.1|5.1|7|8
65.4|71.28|0|389|5.1|5.1|7|8
65.5|71.28|0|390|5.1|5.1|7|8
65.6|71.28|0|389|5.1|5.1|7|8
65.7|71.26|0|389|5.1|5.1|7|8
65.8|71.28|0|389|5.1|5.1|7|8
65.9|71.29|0|389|5.1|5.1|7|8
66|71.26|0|389|5.1|5.1|7|8
66.1|71.26|0|389|5.1|5.1|7|8
66.2|71.26|0|389|5.1|5.1|7|8
66.3|71.26|0|389|5.1|5.1|7|8
66.4|71.26|0|389|5.1|5.1|7|8
66.5|71.28|0|389|5.1|5.1|7|8
66.6|71.26|0|389|5.1|5.1|7|8
66.7|71.25|0|389|5.1|5.1|7|8
66.8|71.26|0|389|5.1|5.1|7|8
66.9|71.26|0|389|5.1|5.1|7|8
67|71.26|0|389|5.1|5.1|7|8
67.1|71.26|0|390|5.1|5.1|7|8
67.2|71.26|0|390|5.1|5.1|7|8
67.3|71.28|0|390|5.1|5.1|7|8
67.4|71.28|0|390|5.1|5.1|7|8
67.5|71.26|0|390|5.1|5.1|7|8
67.6|71.26|0|390|5.1|5.1|7|8
67.7|71.25|0|390|5.1|5.1|7|8
67.8|71.25|0|390|5.1|5.1|7|8
67.9|71.26|0|390|5.1|5.1|7|8
68|71.26|0|390|5.1|5.1|7|8
68.1|71.26|0|390|5.1|5.1|7|8
68.2|71.26|0|392|5.1|5.1|7|8
68.3|71.26|0|398|5.1|5.1|7|8
68.4|71.26|0|400|5.1|5.1|7|8
68.5|71.26|0|401|5.1|5.1|7|8
68.6|71.26|0|402|5.1|5.1|7|8
68.7|71.26|0|402|5.1|5.1|7|8
68.8|71.26|0|402|5.1|5.1|7|8
68.9|71.26|0|402|5.1|5.1|7|8
69|71.26|0|402|5.1|5.1|7|8
69.1|71.26|0|402|5.1|5.1|7|8
69.2|71.26|0|402|5.1|5.1|7|8
69.3|71.26|0|401|5.1|5.1|7|8
69.4|71.26|0|401|5.1|5.1|7|8
69.5|71.26|0|401|5.1|5.1|7|8
69.6|71.26|0|402|5.1|5.1|7|8
69.7|71.26|0|401|5.1|5.1|7|8
69.8|71.25|0|401|5.1|5.1|7|8
69.9|71.26|0|401|5.1|5.1|7|8
70|71.26|0|402|5.1|5.1|7|8
70.1|71.26|0|402|5.1|5.1|7|8
70.2|71.26|0|402|5.1|5.1|7|8
70.3|71.25|0|402|5.1|5.1|7|8
70.4|71.26|0|402|5.1|5.1|7|8
70.5|71.25|0|402|5.1|5.1|8|8
70.6|71.3|0|402|5.1|5.1|8|8
70.7|71.17|0|402|5.1|5.1|8|8
70.8|71.17|0|402|5.1|5.1|8|8
70.9|71.2|0|402|5.1|5.1|8|8
71|71.21|0|402|5.1|5.1|8|8
71.1|71.21|0|402|5.1|5.1|8|8
71.2|71.22|0|402|5.1|5.1|8|8
71.3|71.26|0|402|5.1|5.1|8|8
71.4|71.21|0|402|5.1|5.1|8|8
71.5|71.2|0|402|5.1|5.1|8|8
71.6|71.21|0|402|5|5|8|8
71.7|71.21|0|402|5|5|8|8
71.8|71.21|0|402|5|5|8|8
71.9|71.29|0|402|5|5|8|8
72|71.21|0|402|5|5|8|8
72.1|71.21|0|402|5|5|8|8
72.2|71.2|0|402|5|5|8|8
72.3|71.21|0|402|5|5|8|8
72.4|71.25|0|402|5|5|8|8
72.5|71.3|0|402|4.9|4.9|8|8
72.6|73.91|0|402|5|4.9|8|8
72.7|76.9|0|402|4.9|4.9|8|8
72.8|79.92|0|402|4.9|4.9|8|8
72.9|82.85|0|402|4.9|4.9|8|8
73|85.74|0|402|4.9|4.9|8|8
73.1|88.62|0|402|4.9|4.9|8|8
73.2|91.57|0|403|4.9|4.9|8|8
73.3|94.12|0|402|4.9|4.9|8|8
73.4|95.25|0|403|4.9|4.9|8|8
73.5|95.77|0|403|4.9|4.9|8|8
