0|96|853|420|5.2|5.2|1|8
0.1|96|1044|424|5.2|5.2|1|8
0.2|96|1049|424|5.2|5.2|1|8
0.3|96|1054|425|5.2|5.2|1|8
0.4|96|1054|425|5.2|5.2|1|8
0.5|96.02|1057|425|5.2|5.2|2|8
0.6|95.72|1059|425|5.2|5.2|2|8
0.7|95.3|1528|426|5.2|5.2|3|8
0.8|94.96|1634|426|5.2|5.2|3|8
0.9|94.75|1665|427|5.2|5.2|3|8
1|94.61|1683|428|5.2|5.2|3|8
1.1|94.61|1691|428|5.2|5.2|3|8
1.2|94.63|1701|428|5.2|5.2|3|8
1.3|94.63|1706|428|5.2|5.2|3|8
1.4|94.63|1711|428|5.2|5.2|3|8
1.5|94.6|1714|428|5.2|5.2|3|8
1.6|94.63|1722|428|5.2|5.2|3|8
1.7|94.64|1724|428|5.2|5.2|3|8
1.8|94.64|1729|428|5.2|5.2|3|8
1.9|94.72|1727|428|5.2|5.2|3|8
2|94.57|1729|428|5.2|5.2|3|8
2.1|94.6|1719|428|5.2|5.2|3|8
2.2|94.63|1719|428|5.2|5.2|3|8
2.3|94.57|1716|428|5.2|5.2|3|8
2.4|94.61|1701|428|5.2|5.2|3|8
2.5|94.55|1688|428|5.2|5.2|3|8
2.6|94.59|1657|428|5.2|5.2|3|8
2.7|94.63|1637|428|5.2|5.2|4|8
2.8|94.64|1191|428|5.2|5.2|5|8
2.9|94.92|1088|426|5.2|5.2|5|8
3|94.91|1082|426|5.2|5.2|5|8
3.1|94.98|1082|426|5.2|5.2|5|8
3.2|95|1082|426|5.2|5.2|5|8
3.3|94.99|1080|426|5.2|5.2|5|8
3.4|95.02|1080|426|5.2|5.2|5|8
3.5|94.99|1080|426|5.2|5.2|5|8
3.6|94.99|1080|426|5.2|5.2|5|8
3.7|94.98|1080|426|5.2|5.2|5|8
3.8|94.99|1080|426|5.3|5.3|5|8
3.9|94.99|1077|426|5.3|5.2|5|8
4|95|1077|426|5.3|5.3|5|8
4.1|95|1077|426|5.3|5.3|5|8
4.2|95.02|1077|426|5.3|5.3|5|8
4.3|94.99|1077|426|5.3|5.3|5|8
4.4|95|1077|427|5.3|5.3|5|8
4.5|94.98|1077|427|5.3|5.3|5|8
4.6|94.99|1077|426|5.3|5.3|5|8
4.7|94.98|1077|426|5.3|5.3|5|8
4.8|94.99|1077|427|5.3|5.3|2|8
4.9|94.95|1075|427|5.3|5.3|2|8
5|94.6|1131|427|5.3|5.3|2|8
5.1|94.17|1204|428|5.3|5.3|2|8
5.2|93.65|1356|428|5.3|5.3|2|8
5.3|93.22|1750|428|5.3|5.3|3|8
5.4|93.04|1789|428|5.3|5.3|3|8
5.5|92.88|1799|429|5.3|5.3|3|8
5.6|92.84|1807|429|5.3|5.3|3|8
5.7|92.76|1812|430|5.3|5.3|3|8
5.8|92.76|1817|430|5.3|5.3|3|8
5.9|92.82|1817|430|5.3|5.3|3|8
6|92.8|1820|430|5.3|5.3|3|8
6.1|92.78|1822|430|5.3|5.3|3|8
6.2|92.79|1822|430|5.3|5.3|3|8
6.3|92.83|1825|430|5.3|5.3|3|8
6.4|92.79|1827|430|5.3|5.3|3|8
6.5|92.79|1827|430|5.3|5.3|3|8
6.6|92.78|1827|430|5.3|5.3|3|8
6.7|92.79|1830|430|5.3|5.3|3|8
6.8|92.8|1830|430|5.3|5.3|3|8
6.9|92.79|1832|430|5.3|5.3|3|8
7|92.78|1832|430|5.3|5.3|3|8
7.1|92.78|1832|430|5.3|5.3|3|8
7.2|92.8|1832|430|5.3|5.3|3|8
7.3|92.79|1835|430|5.3|5.3|4|8
7.4|92.98|1832|430|5.3|5.3|4|8
7.5|93.42|1794|430|5.3|5.3|4|8
7.6|93.92|1541|430|5.3|5.3|4|8
7.7|94.33|1101|429|5.3|5.3|5|8
7.8|94.47|1090|428|5.3|5.3|5|8
7.9|94.6|1088|428|5.3|5.3|5|8
8|94.59|1085|428|5.3|5.3|5|8
8.1|94.6|1082|428|5.4|5.4|5|8
8.2|94.68|1082|428|5.4|5.4|5|8
8.3|94.64|1082|429|5.4|5.4|5|8
8.4|94.64|1080|428|5.4|5.4|5|8
8.5|94.63|1080|428|5.4|5.4|5|8
8.6|94.59|1080|429|5.4|5.4|5|8
8.7|94.67|1080|429|5.4|5.4|5|8
8.8|94.67|1080|429|5.4|5.4|5|8
8.9|94.63|1080|429|5.4|5.4|5|8
9|94.61|1080|429|5.4|5.4|5|8
9.1|94.6|1080|430|5.4|5.4|5|8
9.2|94.7|1080|429|5.4|5.4|5|8
9.3|94.66|1080|429|5.4|5.4|5|8
9.4|94.64|1080|429|5.4|5.4|5|8
9.5|94.63|1080|430|5.4|5.4|5|8
9.6|94.59|1080|430|5.4|5.4|5|8
9.7|94.6|1080|430|5.4|5.4|2|8
9.8|94.41|1080|430|5.4|5.4|2|8
9.9|93.97|1080|430|5.4|5.4|2|8
10|93.46|1224|430|5.4|5.4|2|8
10.1|93.06|1716|430|5.4|5.4|3|8
10.2|92.74|1809|431|5.4|5.4|3|8
10.3|92.64|1825|432|5.4|5.4|3|8
10.4|92.63|1835|432|5.4|5.4|3|8
10.5|92.52|1843|432|5.4|5.4|3|8
10.6|92.51|1848|432|5.4|5.4|3|8
10.7|92.47|1851|432|5.4|5.4|3|8
10.8|92.45|1851|432|5.4|5.4|3|8
10.9|92.48|1871|421|5.4|5.4|3|8
11|92.47|1876|413|5.4|5.4|3|8
11.1|92.48|1876|411|5.4|5.4|3|8
11.2|92.48|1876|410|5.4|5.4|3|8
11.3|92.53|1879|409|5.4|5.4|3|8
11.4|92.48|1879|409|5.4|5.4|3|8
11.5|92.48|1879|409|5.4|5.4|3|8
11.6|92.52|1881|409|5.4|5.4|3|8
11.7|92.48|1881|409|5.4|5.4|3|8
11.8|92.47|1884|409|5.4|5.4|3|8
11.9|92.52|1884|409|5.4|5.4|3|8
12|92.51|1887|409|5.4|5.4|3|8
12.1|92.52|1887|409|5.4|5.4|4|8
12.2|92.59|1889|409|5.4|5.4|4|8
12.3|92.9|1861|409|5.4|5.4|4|8
12.4|93.46|1802|409|5.4|5.4|4|8
12.5|93.92|1126|408|5.4|5.4|5|8
12.6|94.16|1101|408|5.4|5.4|5|8
12.7|94.31|1098|408|5.4|5.4|5|8
12.8|94.32|1095|408|5.4|5.4|5|8
12.9|94.31|1093|408|5.4|5.4|5|8
13|94.35|1093|408|5.4|5.4|5|8
13.1|94.36|1093|408|5.4|5.4|5|8
13.2|94.37|1090|408|5.4|5.4|5|8
13.3|94.24|1090|408|5.4|5.4|5|8
13.4|94.29|1090|408|5.4|5.4|5|8
13.5|94.33|1090|408|5.4|5.4|5|8
13.6|94.33|1090|408|5.4|5.4|5|8
13.7|94.33|1090|408|5.4|5.4|5|8
13.8|94.29|1088|408|5.4|5.4|5|8
13.9|94.33|1090|408|5.4|5.4|5|8
14|94.33|1090|408|5.4|5.4|5|8
14.1|94.36|1090|408|5.4|5.4|5|8
14.2|94.36|1090|408|5.4|5.4|5|8
14.3|94.33|1088|408|5.4|5.4|5|8
14.4|94.27|1088|408|5.4|5.4|5|8
14.5|94.33|1088|408|5.4|5.4|2|8
14.6|94.12|1088|408|5.4|5.4|2|8
14.7|93.76|1090|408|5.4|5.4|2|8
14.8|93.25|1227|409|5.4|5.4|2|8
14.9|92.86|1673|410|5.4|5.4|3|8
15|92.62|1830|411|5.4|5.4|3|8
15.1|92.41|1856|411|5.4|5.4|3|8
15.2|92.35|1871|411|5.4|5.4|3|8
15.3|92.27|1881|411|5.4|5.4|3|8
15.4|92.21|1884|411|5.4|5.4|3|8
15.5|92.25|1887|411|5.4|5.4|3|8
15.6|92.25|1892|411|5.4|5.4|3|8
15.7|92.23|1894|411|5.4|5.4|3|8
15.8|92.24|1894|411|5.4|5.4|3|8
15.9|92.24|1897|411|5.4|5.4|3|8
16|92.24|1899|411|5.4|5.4|3|8
16.1|92.23|1899|411|5.4|5.4|3|8
16.2|92.25|1899|410|5.4|5.4|3|8
16.3|92.25|1902|411|5.4|5.4|3|8
16.4|92.25|1902|411|5.4|5.4|3|8
16.5|92.25|1905|411|5.4|5.4|3|8
16.6|92.23|1907|411|5.4|5.4|3|8
16.7|92.24|1905|411|5.4|5.4|3|8
16.8|92.25|1907|411|5.4|5.4|3|8
16.9|92.23|1907|411|5.4|5.4|4|8
17|92.31|1907|411|5.4|5.4|4|8
17.1|92.59|1894|411|5.4|5.4|4|8
17.2|93.1|1825|411|5.4|5.4|4|8
17.3|93.62|1139|411|5.4|5.4|5|8
17.4|93.85|1103|409|5.4|5.4|5|8
17.5|93.92|1101|409|5.4|5.4|5|8
17.6|94|1098|408|5.4|5.4|5|8
17.7|94.02|1095|408|5.4|5.4|5|8
17.8|94.02|1095|408|5.4|5.4|5|8
17.9|94.02|1095|408|5.4|5.4|5|8
18|94.02|1095|408|5.4|5.4|5|8
18.1|94.02|1095|408|5.4|5.4|5|8
18.2|94.01|1093|408|5.4|5.4|5|8
18.3|94.02|1093|408|5.4|5.4|5|8
18.4|94.05|1095|408|5.4|5.4|5|8
18.5|94.06|1093|408|5.4|5.4|5|8
18.6|94.04|1090|408|5.4|5.4|5|8
18.7|94.02|1093|408|5.4|5.4|5|8
18.8|93.98|1093|408|5.4|5.4|5|8
18.9|94|1093|408|5.4|5.4|5|8
19|94.04|1093|408|5.4|5.4|5|8
19.1|94.01|1093|408|5.4|5.4|5|8
19.2|94.05|1090|408|5.4|5.4|5|8
19.3|94.06|1090|408|5.4|5.4|2|8
19.4|93.92|1090|408|5.4|5.4|2|8
19.5|93.47|1090|408|5.4|5.4|2|8
19.6|93.07|1188|408|5.4|5.4|2|8
19.7|92.64|1747|409|5.4|5.4|3|8
19.8|92.37|1848|410|5.4|5.4|3|8
19.9|92.17|1876|410|5.4|5.4|3|8
20|92.13|1887|410|5.4|5.4|3|8
20.1|92.11|1894|410|5.4|5.4|3|8
20.2|92.11|1899|410|5.4|5.4|3|8
20.3|92.08|1902|410|5.4|5.4|3|8
20.4|92.07|1905|410|5.4|5.4|3|8
20.5|92.08|1905|411|5.4|5.4|3|8
20.6|92.11|1907|411|5.4|5.4|3|8
20.7|92.11|1905|411|5.4|5.4|3|8
20.8|92.11|1907|411|5.4|5.4|3|8
20.9|92.09|1915|404|5.4|5.4|3|8
21|92.08|1918|401|5.4|5.4|3|8
21.1|92.12|1920|400|5.4|5.4|3|8
21.2|92.11|1920|400|5.4|5.4|3|8
21.3|92.09|1920|400|5.4|5.4|3|8
21.4|92.09|1920|400|5.4|5.4|3|8
21.5|92.09|1920|400|5.4|5.4|3|8
21.6|92.11|1920|400|5.4|5.4|3|8
21.7|92.09|1920|400|5.4|5.4|4|8
21.8|92.27|1920|400|5.4|5.4|4|8
21.9|92.59|1907|400|5.4|5.4|4|8
22|93.1|1760|400|5.4|5.4|4|8
22.1|93.53|1116|400|5.4|5.4|5|8
22.2|93.78|1103|400|5.4|5.4|5|8
22.3|93.8|1101|399|5.4|5.4|5|8
22.4|93.82|1101|399|5.4|5.4|5|8
22.5|93.89|1098|398|5.4|5.4|5|8
22.6|93.81|1098|398|5.4|5.4|5|8
22.7|93.78|1098|398|5.4|5.4|5|8
22.8|93.82|1095|398|5.4|5.4|5|8
22.9|93.82|1095|398|5.4|5.4|5|8
23|93.85|1095|398|5.4|5.4|5|8
23.1|93.84|1095|398|5.4|5.4|5|8
23.2|93.81|1093|398|5.4|5.4|5|8
23.3|93.78|1093|398|5.4|5.4|5|8
23.4|93.82|1093|398|5.4|5.4|5|8
23.5|93.84|1093|398|5.4|5.4|5|8
23.6|93.85|1093|398|5.4|5.4|5|8
23.7|93.77|1093|398|5.4|5.4|5|8
23.8|93.8|1093|398|5.4|5.4|5|8
23.9|93.81|1093|398|5.4|5.4|5|8
24|93.81|1093|398|5.4|5.4|5|8
24.1|93.89|1093|398|5.4|5.4|2|8
24.2|93.57|1093|398|5.4|5.4|2|8
24.3|93.19|1093|398|5.4|5.4|2|8
24.4|92.71|1554|399|5.4|5.4|2|8
24.5|92.37|1835|400|5.4|5.4|3|8
24.6|92.15|1871|400|5.4|5.4|3|8
24.7|92.09|1889|400|5.4|5.4|3|8
24.8|92.08|1899|400|5.4|5.4|3|8
24.9|92.07|1905|399|5.4|5.4|3|8
25|92.08|1910|399|5.4|5.4|3|8
25.1|92.04|1912|399|5.4|5.4|3|8
25.2|92.05|1915|400|5.4|5.4|3|8
25.3|92.01|1918|400|5.4|5.4|3|8
25.4|92.02|1918|399|5.4|5.4|3|8
25.5|92.05|1918|399|5.4|5.4|3|8
25.6|92.04|1920|399|5.4|5.4|3|8
25.7|92.08|1920|399|5.4|5.4|3|8
25.8|92.04|1920|399|5.4|5.4|3|8
25.9|92.04|1920|399|5.4|5.4|3|8
26|92.04|1923|399|5.4|5.4|3|8
26.1|92.05|1923|399|5.4|5.4|3|8
26.2|92.05|1923|399|5.4|5.4|3|8
26.3|92.07|1923|399|5.4|5.4|3|8
26.4|92.02|1923|399|5.4|5.4|3|8
26.5|92.04|1920|399|5.4|5.4|4|8
26.6|92.36|1912|399|5.4|5.4|4|8
26.7|92.78|1861|399|5.4|5.4|4|8
26.8|93.3|1420|400|5.4|5.4|4|8
26.9|93.78|1111|399|5.4|5.4|5|8
27|93.85|1103|398|5.4|5.4|5|8
27.1|93.88|1101|398|5.4|5.4|5|8
27.2|93.9|1098|398|5.4|5.4|5|8
27.3|93.97|1098|398|5.4|5.4|5|8
27.4|93.98|1095|398|5.4|5.4|5|8
27.5|94.02|1095|398|5.4|5.4|5|8
27.6|94|1095|398|5.4|5.4|5|8
27.7|93.98|1095|398|5.4|5.4|5|8
27.8|93.96|1095|398|5.4|5.4|5|8
27.9|93.93|1093|398|5.4|5.4|5|8
28|93.93|1093|398|5.4|5.4|5|8
28.1|93.97|1093|398|5.4|5.4|5|8
28.2|93.97|1093|398|5.4|5.4|5|8
28.3|94.01|1093|398|5.4|5.4|5|8
28.4|94|1093|398|5.4|5.4|5|8
28.5|93.98|1093|398|5.4|5.4|5|8
28.6|93.98|1093|398|5.4|5.4|5|8
28.7|93.97|1093|398|5.4|5.4|5|8
28.8|93.97|1093|398|5.4|5.4|5|8
28.9|93.96|1090|398|5.4|5.4|2|8
29|93.62|1090|398|5.4|5.4|2|8
29.1|93.23|1090|398|5.4|5.4|2|8
29.2|92.76|1495|398|5.4|5.4|2|8
29.3|92.4|1827|398|5.4|5.4|3|8
29.4|92.19|1869|398|5.4|5.4|3|8
29.5|92.11|1881|398|5.4|5.4|3|8
29.6|92.09|1894|398|5.4|5.4|3|8
29.7|92.09|1902|398|5.4|5.4|3|8
29.8|92.08|1907|398|5.4|5.4|3|8
29.9|92.08|1910|398|5.4|5.4|3|8
30|92.09|1912|398|5.4|5.4|3|8
30.1|92.09|1915|398|5.4|5.4|3|8
30.2|92.11|1918|398|5.4|5.4|3|8
30.3|92.09|1918|398|5.4|5.4|3|8
30.4|92.09|1920|399|5.4|5.4|3|8
30.5|92.08|1920|398|5.4|5.4|3|8
30.6|92.08|1923|398|5.4|5.4|3|8
30.7|92.09|1923|399|5.4|5.4|3|8
30.8|92.09|1923|399|5.4|5.4|3|8
30.9|92.09|1925|398|5.4|5.4|3|8
31|92.11|1925|396|5.4|5.4|3|8
31.1|92.09|1928|396|5.4|5.4|3|8
31.2|92.09|1930|396|5.4|5.4|3|8
31.3|92.12|1930|396|5.4|5.4|4|8
31.4|92.43|1925|396|5.4|5.4|4|8
31.5|92.83|1861|396|5.4|5.4|4|8
31.6|93.38|1160|397|5.4|5.4|5|8
31.7|93.66|1106|396|5.4|5.4|5|8
31.8|93.81|1103|396|5.4|5.4|5|8
31.9|93.81|1101|396|5.4|5.4|5|8
32|93.82|1101|396|5.4|5.4|5|8
32.1|93.82|1098|396|5.4|5.4|5|8
32.2|93.86|1095|396|5.4|5.4|5|8
32.3|93.77|1095|396|5.4|5.4|5|8
32.4|93.8|1095|396|5.4|5.4|5|8
32.5|93.82|1095|396|5.4|5.4|5|8
32.6|93.82|1093|396|5.4|5.4|5|8
32.7|93.88|1093|396|5.4|5.4|5|8
32.8|93.81|1090|396|5.4|5.4|5|8
32.9|93.78|1090|396|5.4|5.4|5|8
33|93.8|1090|396|5.4|5.4|5|8
33.1|93.82|1090|396|5.4|5.4|5|8
33.2|93.82|1090|396|5.4|5.4|5|8
33.3|93.82|1090|396|5.4|5.4|5|8
33.4|93.78|1090|396|5.4|5.4|5|8
33.5|93.76|1090|396|5.4|5.4|5|8
33.6|93.82|1090|396|5.4|5.4|2|8
33.7|93.72|1088|396|5.4|5.4|2|8
33.8|93.27|1090|396|5.4|5.4|2|8
33.9|92.91|1201|396|5.4|5.4|2|8
34|92.45|1799|396|5.4|5.4|3|8
34.1|92.2|1871|396|5.4|5.4|3|8
34.2|92.09|1892|396|5.4|5.4|3|8
34.3|92.04|1905|396|5.4|5.4|3|8
34.4|92.07|1910|396|5.4|5.4|3|8
34.5|92.08|1915|396|5.4|5.4|3|8
34.6|92.05|1920|396|5.4|5.4|3|8
34.7|92.05|1925|396|5.4|5.4|3|8
34.8|92.02|1928|396|5.4|5.4|3|8
34.9|92.04|1930|396|5.4|5.4|3|8
35|92.05|1930|396|5.4|5.4|3|8
35.1|92.05|1930|396|5.4|5.4|3|8
35.2|92.04|1933|396|5.4|5.4|3|8
35.3|92.04|1933|396|5.4|5.4|3|8
35.4|92.04|1933|396|5.4|5.4|3|8
35.5|92.02|1936|396|5.4|5.4|3|8
35.6|92.04|1936|396|5.4|5.4|3|8
35.7|92.02|1936|396|5.4|5.4|3|8
35.8|92.02|1936|396|5.4|5.4|3|8
35.9|92.04|1938|396|5.4|5.4|3|8
36|92.04|1938|396|5.4|5.4|4|8
36.1|92.27|1933|396|5.4|5.4|4|8
36.2|92.59|1897|396|5.4|5.4|4|8
36.3|93.11|1291|397|5.4|5.4|5|8
36.4|93.34|1108|396|5.4|5.4|2|8
36.5|93.37|1103|396|5.4|5.4|2|8
36.6|93.39|1101|396|5.4|5.4|2|8
36.7|93.37|1101|396|5.4|5.4|2|8
36.8|93.23|1098|396|5.4|5.4|2|8
36.9|93.17|1095|396|5.4|5.4|2|8
37|93.17|1095|396|5.4|5.4|2|8
37.1|93.18|1095|396|5.4|5.4|2|8
37.2|93|1095|396|5.4|5.4|2|8
37.3|93.02|1093|396|5.4|5.4|2|8
37.4|92.94|1106|396|5.4|5.4|2|8
37.5|92.88|1162|396|5.4|5.4|2|8
37.6|92.79|1165|396|5.4|5.4|2|8
37.7|92.74|1180|396|5.4|5.4|2|8
37.8|92.66|1129|396|5.4|5.4|2|8
37.9|92.68|1170|396|5.4|5.4|2|8
38|92.62|1678|396|5.4|5.4|2|8
38.1|92.58|1763|396|5.4|5.4|2|8
38.2|92.59|1768|396|5.4|5.4|2|8
38.3|92.84|1704|396|5.4|5.4|2|8
38.4|93.04|1129|397|5.4|5.4|2|8
38.5|93.18|1098|396|5.4|5.4|2|8
38.6|93.17|1093|396|5.4|5.4|2|8
38.7|93.04|1095|396|5.4|5.4|2|8
38.8|92.98|1090|396|5.4|5.4|2|8
38.9|92.99|1090|396|5.4|5.4|2|8
39|93|1090|396|5.4|5.4|2|8
39.1|92.92|1147|396|5.4|5.4|2|8
39.2|92.8|1101|396|5.4|5.4|2|8
39.3|92.78|1255|396|5.4|5.4|2|8
39.4|92.68|1198|396|5.4|5.4|2|8
39.5|92.63|1534|396|5.4|5.4|2|8
39.6|92.62|1709|396|5.4|5.4|2|8
39.7|92.62|1278|396|5.4|5.4|2|8
39.8|92.78|1095|396|5.4|5.4|2|8
39.9|92.88|1090|396|5.4|5.4|2|8
40|92.8|1090|396|5.4|5.4|2|8
40.1|92.78|1093|396|5.4|5.4|2|8
40.2|92.66|1088|396|5.4|5.4|2|8
40.3|92.66|1088|396|5.4|5.4|2|8
40.4|92.64|1193|396|5.4|5.4|2|8
40.5|92.62|1704|396|5.4|5.4|2|8
40.6|92.59|1765|396|5.4|5.4|2|8
40.7|92.66|1745|396|5.4|5.4|2|8
40.8|92.91|1245|397|5.4|5.4|2|8
40.9|93.06|1095|396|5.4|5.4|2|8
41|93.15|1090|396|5.4|5.4|2|8
41.1|92.99|1090|396|5.4|5.4|2|8
41.2|93|1088|396|5.4|5.4|2|8
41.3|93|1088|396|5.4|5.4|2|8
41.4|92.94|1090|396|5.4|5.4|2|8
41.5|92.8|1093|396|5.4|5.4|2|8
41.6|92.79|1106|396|5.4|5.4|2|8
41.7|92.66|1124|396|5.4|5.4|2|8
41.8|92.67|1119|396|5.4|5.4|2|8
41.9|92.6|1479|396|5.4|5.4|2|8
42|92.6|1706|396|5.4|5.4|2|8
42.1|92.59|1776|396|5.4|5.4|2|8
42.2|92.75|1722|396|5.4|5.4|2|8
42.3|92.92|1178|396|5.4|5.4|2|8
42.4|93.1|1090|396|5.4|5.4|2|8
42.5|93.06|1088|396|5.4|5.4|2|8
42.6|93|1085|396|5.4|5.4|2|8
42.7|93|1085|396|5.4|5.4|2|8
42.8|92.96|1082|396|5.4|5.4|2|8
42.9|92.91|1085|396|5.4|5.4|2|8
43|92.8|1088|396|5.4|5.4|2|8
43.1|92.79|1119|396|5.4|5.4|2|8
43.2|92.67|1168|396|5.4|5.4|2|8
43.3|92.63|1206|396|5.4|5.4|2|8
43.4|92.62|1572|397|5.4|5.4|2|8
43.5|92.59|1688|396|5.4|5.4|2|8
43.6|92.62|1678|396|5.4|5.4|2|8
43.7|92.87|1428|397|5.4|5.4|2|8
43.8|93|1103|396|5.4|5.4|2|8
43.9|93.15|1090|396|5.4|5.4|2|8
44|93|1088|395|5.4|5.4|2|8
44.1|93|1088|395|5.4|5.4|2|8
44.2|93.03|1088|396|5.4|5.4|2|8
44.3|92.92|1085|395|5.4|5.4|2|8
44.4|92.82|1085|395|5.4|5.4|2|8
44.5|92.8|1149|396|5.4|5.4|2|8
44.6|92.7|1129|396|5.4|5.4|2|8
44.7|92.66|1121|396|5.4|5.4|2|8
44.8|92.63|1121|396|5.4|5.4|2|8
44.9|92.55|1294|396|5.4|5.4|2|8
45|92.37|1229|396|5.4|5.4|2|8
45.1|92.36|1088|396|5.4|5.4|2|8
45.2|92.4|1250|396|5.4|5.4|2|8
45.3|92.31|1348|397|5.4|5.4|2|8
45.4|92.16|1273|397|5.4|5.4|2|8
45.5|92.08|1276|396|5.4|5.4|2|8
45.6|92.08|1227|396|5.4|5.4|2|8
45.7|92.02|1175|396|5.4|5.4|2|8
45.8|91.96|1206|396|5.4|5.4|2|8
45.9|91.92|1304|396|5.4|5.4|2|8
46|91.78|1320|396|5.4|5.4|2|8
46.1|91.74|1428|396|5.4|5.4|2|8
46.2|91.58|1253|396|5.4|5.4|2|8
46.3|91.56|1224|396|5.4|5.4|2|8
46.4|91.5|1160|396|5.4|5.4|2|8
46.5|91.49|1198|396|5.4|5.4|2|8
46.6|91.37|1286|396|5.4|5.4|2|8
46.7|91.26|1160|396|5.4|5.4|2|8
46.8|91.18|1250|396|5.4|5.4|2|8
46.9|91.03|1124|396|5.4|5.4|2|8
47|91.03|1247|395|5.4|5.4|2|8
47.1|90.92|1206|396|5.4|5.4|2|8
47.2|90.82|1206|396|5.4|5.4|2|8
47.3|90.75|1180|395|5.4|5.4|2|8
47.4|90.6|1265|396|5.4|5.4|2|8
47.5|90.51|1253|396|5.4|5.4|2|8
47.6|90.55|1335|396|5.4|5.4|2|8
47.7|90.4|1155|396|5.4|5.4|2|8
47.8|90.35|1291|396|5.4|5.4|2|8
47.9|90.25|1302|397|5.4|5.4|2|8
48|90.12|1304|396|5.4|5.4|2|8
48.1|90.01|1180|396|5.4|5.4|2|8
48.2|89.89|1198|396|5.4|5.4|2|8
48.3|89.82|1271|396|5.4|5.4|2|8
48.4|89.74|1224|396|5.4|5.4|2|8
48.5|89.6|1131|396|5.4|5.4|2|8
48.6|89.53|1152|396|5.4|5.4|2|8
48.7|89.46|1242|396|5.4|5.4|2|8
48.8|89.31|1173|396|5.4|5.4|2|8
48.9|89.18|1191|396|5.4|5.4|2|8
49|89.14|1273|396|5.4|5.4|2|8
49.1|88.95|1168|396|5.4|5.4|2|8
49.2|88.91|1235|396|5.4|5.4|2|8
49.3|88.76|1237|396|5.4|5.4|2|8
49.4|88.67|1242|396|5.4|5.4|2|8
49.5|88.54|1345|396|5.4|5.4|2|8
49.6|88.41|1193|396|5.4|5.4|2|8
49.7|88.29|1134|396|5.4|5.4|2|8
49.8|88.24|1183|396|5.4|5.4|2|8
49.9|88.05|1284|396|5.4|5.4|2|8
50|87.99|1258|396|5.4|5.4|2|8
50.1|87.84|1265|396|5.4|5.4|2|8
50.2|87.68|1186|396|5.4|5.4|2|8
50.3|87.53|1175|396|5.4|5.4|2|8
50.4|87.42|1162|395|5.4|5.4|2|8
50.5|87.3|1196|396|5.4|5.4|2|8
50.6|87.15|1219|396|5.4|5.4|2|8
50.7|87.06|1227|396|5.4|5.4|2|8
50.8|86.9|1340|395|5.4|5.4|2|8
50.9|86.74|1250|394|5.4|5.4|2|8
51|86.67|1402|394|5.4|5.4|2|8
51.1|86.52|1312|394|5.4|5.4|2|8
51.2|86.36|1314|394|5.4|5.4|2|8
51.3|86.19|1229|393|5.4|5.4|2|8
51.4|86.08|1340|393|5.4|5.4|2|8
51.5|85.88|1302|394|5.4|5.4|2|8
51.6|85.76|1271|394|5.4|5.4|2|8
51.7|85.56|1348|394|5.4|5.4|2|8
51.8|85.46|1255|394|5.4|5.4|2|8
51.9|85.26|1219|394|5.4|5.4|2|8
52|85.15|1235|394|5.4|5.4|2|8
52.1|84.97|1247|394|5.4|5.4|2|8
52.2|84.8|1276|394|5.4|5.4|2|8
52.3|84.62|1327|394|5.4|5.4|2|8
52.4|84.44|1155|394|5.4|5.4|2|8
52.5|84.34|1242|394|5.4|5.4|2|8
52.6|84.19|1379|394|5.4|5.4|2|8
52.7|83.95|1224|393|5.4|5.4|2|8
52.8|83.84|1314|394|5.4|5.4|2|8
52.9|83.65|1338|394|5.4|5.4|2|8
53|83.41|1330|394|5.4|5.4|2|8
53.1|83.23|1258|394|5.4|5.4|2|8
53.2|83.07|1363|394|5.4|5.4|2|8
53.3|82.89|1260|394|5.4|5.4|2|8
53.4|82.71|1247|394|5.4|5.4|2|8
53.5|82.51|1389|394|5.4|5.4|2|8
53.6|82.28|1247|394|5.4|5.4|6|8
53.7|81.17|1869|394|5.4|5.4|6|8
53.8|78.4|1972|393|5.4|5.4|6|8
53.9|75.38|113|393|5.4|5.4|7|8
54|73.04|0|392|5.4|5.4|7|8
54.1|72.07|0|392|5.4|5.4|7|8
54.2|71.64|0|392|5.4|5.4|7|8
54.3|71.51|0|392|5.4|5.4|7|8
54.4|71.4|0|392|5.4|5.4|7|8
54.5|71.4|0|392|5.4|5.4|7|8
54.6|71.34|0|392|5.4|5.4|7|8
54.7|71.3|0|392|5.4|5.4|7|8
54.8|71.34|0|392|5.4|5.4|7|8
54.9|71.32|0|391|5.4|5.4|7|8
55|71.36|0|391|5.4|5.4|7|8
55.1|71.36|0|392|5.4|5.4|7|8
55.2|71.37|0|392|5.4|5.4|7|8
55.3|71.41|0|392|5.4|5.4|7|8
55.4|71.34|0|392|5.4|5.4|7|8
55.5|71.33|0|392|5.4|5.4|7|8
55.6|71.33|0|392|5.4|5.4|7|8
55.7|71.34|0|392|5.4|5.4|7|8
55.8|71.33|0|392|5.4|5.4|7|8
55.9|71.33|0|391|5.4|5.4|7|8
56|71.33|0|391|5.4|5.4|7|8
56.1|71.28|0|391|5.4|5.4|7|8
56.2|71.33|0|391|5.4|5.4|7|8
56.3|71.32|0|391|5.4|5.4|7|8
56.4|71.33|0|391|5.4|5.4|7|8
56.5|71.33|0|391|5.4|5.4|7|8
56.6|71.34|0|391|5.4|5.4|7|8
56.7|71.33|0|391|5.4|5.4|7|8
56.8|71.33|0|392|5.4|5.4|7|8
56.9|71.33|0|391|5.4|5.4|7|8
57|71.32|0|391|5.4|5.4|7|8
57.1|71.32|0|391|5.4|5.4|7|8
57.2|71.36|0|391|5.4|5.4|7|8
57.3|71.4|0|391|5.4|5.4|7|8
57.4|71.34|0|391|5.4|5.4|7|8
57.5|71.33|0|391|5.4|5.4|7|8
57.6|71.33|0|391|5.4|5.4|7|8
57.7|71.29|0|391|5.4|5.4|7|8
57.8|71.33|0|391|5.4|5.4|7|8
57.9|71.34|0|391|5.4|5.4|7|8
58|71.36|0|391|5.4|5.4|7|8
58.1|71.32|0|391|5.4|5.4|7|8
58.2|71.28|0|391|5.4|5.4|7|8
58.3|71.32|0|391|5.4|5.4|7|8
58.4|71.32|0|391|5.4|5.4|7|8
58.5|71.33|0|391|5.4|5.4|7|8
58.6|71.38|0|391|5.4|5.4|7|8
58.7|71.34|0|391|5.4|5.4|7|8
58.8|71.34|0|391|5.4|5.4|7|8
58.9|71.33|0|391|5.4|5.4|7|8
59|71.32|0|391|5.4|5.4|7|8
59.1|71.3|0|391|5.4|5.4|7|8
59.2|71.28|0|391|5.4|5.4|7|8
59.3|71.32|0|391|5.4|5.4|7|8
59.4|71.32|0|391|5.4|5.4|7|8
59.5|71.33|0|391|5.4|5.4|7|8
59.6|71.33|0|391|5.4|5.4|7|8
59.7|71.38|0|391|5.4|5.4|7|8
59.8|71.36|0|391|5.4|5.4|7|8
59.9|71.34|0|391|5.4|5.4|7|8
60|71.34|0|391|5.4|5.4|7|8
60.1|71.32|0|391|5.4|5.4|7|8
60.2|71.28|0|391|5.4|5.4|7|8
60.3|71.3|0|391|5.4|5.4|7|8
60.4|71.29|0|391|5.4|5.4|7|8
60.5|71.3|0|391|5.4|5.4|7|8
60.6|71.32|0|391|5.4|5.4|7|8
60.7|71.33|0|391|5.4|5.4|7|8
60.8|71.38|0|391|5.4|5.4|7|8
60.9|71.36|0|391|5.4|5.4|7|8
61|71.3|0|391|5.4|5.4|7|8
61.1|71.28|0|391|5.4|5.4|7|8
61.2|71.3|0|392|5.4|5.4|7|8
61.3|71.3|0|391|5.4|5.4|7|8
61.4|71.28|0|391|5.4|5.4|7|8
61.5|71.32|0|391|5.4|5.4|7|8
61.6|71.32|0|391|5.4|5.4|7|8
61.7|71.36|0|391|5.4|5.4|7|8
61.8|71.37|0|391|5.4|5.4|7|8
61.9|71.33|0|391|5.4|5.4|7|8
62|71.29|0|391|5.4|5.4|7|8
62.1|71.29|0|391|5.4|5.4|7|8
62.2|71.29|0|391|5.4|5.4|7|8
62.3|71.3|0|391|5.4|5.4|7|8
62.4|71.33|0|391|5.4|5.4|7|8
62.5|71.36|0|391|5.4|5.4|7|8
62.6|71.36|0|391|5.4|5.4|7|8
62.7|71.29|0|391|5.4|5.4|7|8
62.8|71.28|0|391|5.4|5.4|7|8
62.9|71.3|0|391|5.4|5.4|7|8
63|71.29|0|391|5.4|5.4|7|8
63.1|71.32|0|391|5.4|5.4|7|8
63.2|71.34|0|392|5.4|5.4|7|8
63.3|71.33|0|392|5.4|5.4|7|8
63.4|71.36|0|391|5.4|5.4|7|8
63.5|71.3|0|391|5.4|5.4|7|8
63.6|71.28|0|391|5.4|5.4|7|8
63.7|71.3|0|391|5.4|5.4|7|8
63.8|71.29|0|391|5.4|5.4|7|8
63.9|71.3|0|391|5.4|5.4|7|8
64|71.32|0|391|5.4|5.4|7|8
64.1|71.36|0|391|5.4|5.4|7|8
64.2|71.33|0|391|5.4|5.4|7|8
64.3|71.34|0|391|5.4|5.4|7|8
64.4|71.32|0|391|5.4|5.4|7|8
64.5|71.32|0|391|5.4|5.4|7|8
64.6|71.3|0|391|5.4|5.4|7|8
64.7|71.28|0|391|5.4|5.4|7|8
64.8|71.3|0|392|5.4|5.4|7|8
64.9|71.3|0|401|5.4|5.4|7|8
65|71.28|0|405|5.4|5.4|7|8
65.1|71.32|0|407|5.4|5.4|7|8
65.2|71.32|0|408|5.4|5.4|7|8
65.3|71.32|0|408|5.4|5.4|7|8
65.4|71.34|0|408|5.4|5.4|7|8
65.5|71.33|0|408|5.4|5.4|7|8
65.6|71.29|0|408|5.4|5.4|7|8
65.7|71.3|0|408|5.4|5.4|7|8
65.8|71.29|0|408|5.4|5.4|7|8
65.9|71.29|0|408|5.4|5.4|7|8
66|71.3|0|408|5.4|5.4|7|8
66.1|71.32|0|408|5.4|5.4|7|8
66.2|71.36|0|408|5.4|5.4|7|8
66.3|71.34|0|408|5.4|5.4|7|8
66.4|71.32|0|408|5.4|5.4|7|8
66.5|71.3|0|408|5.4|5.4|7|8
66.6|71.28|0|408|5.4|5.4|7|8
66.7|71.29|0|408|5.4|5.4|7|8
66.8|71.3|0|408|5.4|5.4|7|8
66.9|71.28|0|408|5.4|5.4|8|8
67|71.29|0|408|5.4|5.4|8|8
67.1|71.22|0|408|5.4|5.4|8|8
67.2|71.24|0|408|5.4|5.4|8|8
67.3|71.29|0|408|5.4|5.4|8|8
67.4|71.3|0|408|5.4|5.4|8|8
67.5|71.24|0|408|5.4|5.4|8|8
67.6|71.24|0|408|5.4|5.4|8|8
67.7|71.26|0|408|5.4|5.4|8|8
67.8|71.32|0|408|5.4|5.4|8|8
67.9|71.28|0|408|5.3|5.3|8|8
68|71.26|0|408|5.3|5.3|8|8
68.1|71.25|0|408|5.3|5.3|8|8
68.2|71.24|0|408|5.3|5.3|8|8
68.3|71.28|0|408|5.2|5.2|8|8
68.4|71.33|0|408|5.2|5.2|8|8
68.5|71.26|0|408|5.3|5.3|8|8
68.6|71.24|0|408|5.2|5.2|8|8
68.7|71.26|0|408|5.2|5.2|8|8
68.8|71.28|0|408|5.2|5.2|8|8
68.9|71.81|0|408|5.2|5.2|8|8
69|74.77|0|408|5.2|5.2|8|8
69.1|77.79|0|408|5.2|5.2|8|8
69.2|80.81|0|408|5.2|5.2|8|8
69.3|83.8|0|408|5.2|5.2|8|8
69.4|86.72|0|408|5.2|5.2|8|8
69.5|89.66|0|408|5.2|5.2|8|8
69.6|92.63|0|408|5.2|5.2|8|8
69.7|94.63|0|408|5.2|5.2|8|8
69.8|95.49|0|408|5.2|5.2|8|8
69.9|95.82|0|408|5.2|5.2|9|8
