0|96.09|1394|402|4.9|4.9|1|8
0.1|96.12|1598|406|4.9|4.9|1|8
0.2|96.13|1621|408|4.9|4.9|1|8
0.3|96.12|1647|408|4.9|4.9|1|8
0.4|96.1|1657|408|4.9|4.9|1|8
0.5|96.12|1678|408|4.9|4.9|3|8
0.6|96.05|1686|408|4.9|4.9|3|8
0.7|96.06|1688|408|4.9|4.9|3|8
0.8|96.06|1693|408|4.9|4.9|3|8
0.9|96.09|1698|408|4.9|4.9|3|8
1|96.05|1701|408|4.9|4.9|3|8
1.1|96.04|1701|408|5|4.9|3|8
1.2|96.08|1704|408|5|5|3|8
1.3|96.06|1706|408|5|5|3|8
1.4|96.04|1709|408|5|5|3|8
1.5|96.08|1709|408|5|5|3|8
1.6|96.04|1711|408|5|5|3|8
1.7|96.05|1714|408|5|5|3|8
1.8|96.06|1716|408|5|5|3|8
1.9|96.05|1716|408|5|5|3|8
2|96.05|1716|409|5|5|3|8
2.1|96.04|1719|408|5|5|3|8
2.2|96.05|1722|408|5|5|3|8
2.3|96.04|1724|408|5|5|3|8
2.4|96.05|1724|409|5|5|3|8
2.5|96.09|1722|409|5|5|4|8
2.6|96.29|1711|409|5|5|4|8
2.7|96.68|1626|409|5|5|4|8
2.8|97.16|1059|408|5|5|5|8
2.9|97.29|1046|408|5|5|5|8
3|97.42|1049|408|5|5|5|8
3.1|97.5|1049|407|5|5|5|8
3.2|97.58|1046|407|5|5|5|8
3.3|97.47|1046|407|5|5|5|8
3.4|97.47|1046|407|5|5|5|8
3.5|97.54|1044|407|5|5|5|8
3.6|97.5|1039|407|5|5|5|8
3.7|97.43|1041|407|5|5|5|8
3.8|97.53|1041|407|5|5|5|8
3.9|97.55|1039|407|5|5|5|8
4|97.43|1039|407|5|5|5|8
4.1|97.51|1039|407|5|5|5|8
4.2|97.55|1036|407|5|5|5|8
4.3|97.47|1036|407|5|5|5|8
4.4|97.47|1036|407|5|5|5|8
4.5|97.53|1036|407|5|5|5|8
4.6|97.53|1034|407|5|5|5|8
4.7|97.45|1034|407|5|5|5|8
4.8|97.43|1034|407|5|5|2|8
4.9|97.31|1036|407|5|5|2|8
5|96.88|1036|407|5|5|2|8
5.1|96.47|1180|407|5|5|2|8
5.2|96.04|1683|408|5|5|3|8
5.3|95.76|1716|408|5|5|3|8
5.4|95.59|1727|408|5|5|3|8
5.5|95.54|1732|409|5.1|5|3|8
5.6|95.53|1735|409|5.1|5|3|8
5.7|95.53|1737|409|5.1|5|3|8
5.8|95.53|1737|409|5.1|5.1|3|8
5.9|95.5|1740|409|5.1|5.1|3|8
6|95.49|1742|409|5.1|5.1|3|8
6.1|95.5|1742|409|5.1|5.1|3|8
6.2|95.49|1742|409|5.1|5.1|3|8
6.3|95.47|1745|409|5.1|5.1|3|8
6.4|95.51|1747|409|5.1|5.1|3|8
6.5|95.5|1750|409|5.1|5.1|3|8
6.6|95.5|1750|409|5.1|5.1|3|8
6.7|95.5|1750|409|5.1|5.1|3|8
6.8|95.54|1753|409|5.1|5.1|3|8
6.9|95.55|1753|409|5.1|5.1|3|8
7|95.53|1755|409|5.1|5.1|3|8
7.1|95.55|1755|409|5.1|5.1|3|8
7.2|95.49|1758|409|5.1|5.1|4|8
7.3|95.66|1753|409|5.1|5.1|4|8
7.4|96.12|1737|409|5.1|5.1|4|8
7.5|96.53|1678|409|5.1|5.1|4|8
7.6|97.04|1229|409|5.1|5.1|5|8
7.7|97.39|1054|408|5.1|5.1|5|8
7.8|97.53|1046|408|5.1|5.1|5|8
7.9|97.59|1044|408|5.1|5.1|5|8
8|97.62|1044|408|5.1|5.1|5|8
8.1|97.63|1044|408|5.1|5.1|5|8
8.2|97.63|1044|408|5.1|5.1|5|8
8.3|97.63|1044|407|5.1|5.1|5|8
8.4|97.65|1044|407|5.1|5.1|5|8
8.5|97.67|1044|407|5.1|5.1|5|8
8.6|97.66|1044|407|5.1|5.1|5|8
8.7|97.62|1044|407|5.1|5.1|5|8
8.8|97.63|1044|407|5.1|5.1|5|8
8.9|97.63|1044|407|5.1|5.1|5|8
9|97.62|1044|407|5.1|5.1|5|8
9.1|97.63|1044|407|5.1|5.1|5|8
9.2|97.66|1044|407|5.1|5.1|5|8
9.3|97.69|1044|407|5.1|5.1|5|8
9.4|97.65|1044|407|5.1|5.1|5|8
9.5|97.59|1044|407|5.1|5.1|5|8
9.6|97.63|1044|407|5.1|5.1|2|8
9.7|97.59|1044|407|5.1|5.1|2|8
9.8|97.31|1046|407|5.1|5.1|2|8
9.9|96.86|1059|407|5.1|5.1|2|8
10|96.43|1131|407|5.1|5.1|2|8
10.1|95.89|1268|407|5.1|5.1|2|8
10.2|95.45|1709|408|5.1|5.1|3|8
10.3|95.21|1747|408|5.1|5.1|3|8
10.4|95.11|1760|409|5.1|5.1|3|8
10.5|94.92|1768|409|5.1|5.1|3|8
10.6|94.98|1773|409|5.1|5.1|3|8
10.7|94.98|1789|402|5.1|5.1|3|8
10.8|94.96|1794|396|5.1|5.1|3|8
10.9|94.96|1796|394|5.1|5.1|3|8
11|94.99|1799|394|5.1|5.1|3|8
11.1|94.96|1799|394|5.1|5.1|3|8
11.2|94.96|1802|394|5.1|5.1|3|8
11.3|94.96|1804|394|5.1|5.1|3|8
11.4|94.98|1804|394|5.1|5.1|3|8
11.5|94.98|1807|394|5.1|5.1|3|8
11.6|94.96|1809|394|5.1|5.1|3|8
11.7|94.96|1809|394|5.1|5.1|3|8
11.8|94.98|1809|394|5.1|5.1|3|8
11.9|94.96|1812|394|5.1|5.1|3|8
12|94.95|1812|394|5.1|5.1|3|8
12.1|94.84|1812|394|5.1|5.1|3|8
12.2|95|1812|394|5.1|5.1|4|8
12.3|95.12|1809|394|5.1|5.1|4|8
12.4|95.55|1778|394|5.1|5.1|4|8
12.5|96.08|1528|394|5.1|5.1|4|8
12.6|96.45|1070|394|5.1|5.1|5|8
12.7|96.56|1059|394|5.1|5.1|5|8
12.8|96.68|1062|394|5.1|5.1|5|8
12.9|96.65|1062|394|5.1|5.1|5|8
13|96.74|1059|394|5.1|5.1|5|8
13.1|96.74|1062|394|5.1|5.1|5|8
13.2|96.74|1062|394|5.1|5.1|5|8
13.3|96.74|1059|394|5.1|5.1|5|8
13.4|96.75|1062|394|5.1|5.1|5|8
13.5|96.75|1059|394|5.1|5.1|5|8
13.6|96.78|1059|394|5.1|5.1|5|8
13.7|96.75|1062|394|5.1|5.1|5|8
13.8|96.78|1062|394|5.1|5.1|5|8
13.9|96.76|1059|394|5.1|5.1|5|8
14|96.75|1062|394|5.1|5.1|5|8
14.1|96.74|1059|394|5.1|5.1|5|8
14.2|96.7|1059|394|5.1|5.1|5|8
14.3|96.71|1059|394|5.1|5.1|5|8
14.4|96.74|1059|394|5.1|5.1|5|8
14.5|96.74|1062|394|5.1|5.1|5|8
14.6|96.76|1062|394|5.1|5.1|2|8
14.7|96.53|1062|394|5.1|5.1|2|8
14.8|96.14|1062|394|5.1|5.1|2|8
14.9|95.63|1165|394|5.1|5.1|2|8
15|95.18|1727|394|5.1|5.1|3|8
15.1|94.88|1791|394|5.1|5.1|3|8
15.2|94.76|1802|394|5.1|5.1|3|8
15.3|94.68|1807|394|5.1|5.1|3|8
15.4|94.76|1812|394|5.1|5.1|3|8
15.5|94.61|1814|394|5.1|5.1|3|8
15.6|94.61|1817|394|5.1|5.1|3|8
15.7|94.6|1820|394|5.1|5.1|3|8
15.8|94.63|1820|394|5.1|5.1|3|8
15.9|94.56|1822|394|5.1|5.1|3|8
16|94.67|1822|394|5.1|5.1|3|8
16.1|94.6|1822|394|5.1|5.1|3|8
16.2|94.63|1825|394|5.1|5.1|3|8
16.3|94.64|1825|394|5.1|5.1|3|8
16.4|94.6|1825|394|5.1|5.1|3|8
16.5|94.68|1825|394|5.1|5.1|3|8
16.6|94.57|1825|394|5.1|5.1|3|8
16.7|94.66|1830|394|5.1|5.1|3|8
16.8|94.63|1830|394|5.1|5.1|3|8
16.9|94.57|1832|394|5.1|5.1|3|8
17|94.66|1832|394|5.1|5.1|4|8
17.1|94.7|1832|394|5.1|5.1|4|8
17.2|95.07|1812|394|5.1|5.1|4|8
17.3|95.61|1387|395|5.1|5.1|4|8
17.4|96.05|1080|394|5.1|5.1|5|8
17.5|96.1|1075|394|5.1|5.1|5|8
17.6|96.16|1072|394|5.1|5.1|5|8
17.7|96.21|1072|394|5.1|5.1|5|8
17.8|96.21|1072|394|5.1|5.1|5|8
17.9|96.21|1072|394|5.1|5.1|5|8
18|96.23|1072|394|5.1|5.1|5|8
18.1|96.25|1072|394|5.1|5.1|5|8
18.2|96.25|1072|394|5.1|5.1|5|8
18.3|96.28|1072|394|5.1|5.1|5|8
18.4|96.27|1070|394|5.1|5.1|5|8
18.5|96.27|1070|394|5.1|5.1|5|8
18.6|96.23|1072|394|5.1|5.1|5|8
18.7|96.2|1070|394|5.1|5.1|5|8
18.8|96.24|1070|394|5.1|5.1|5|8
18.9|96.25|1070|394|5.1|5.1|5|8
19|96.25|1070|394|5.1|5.1|5|8
19.1|96.23|1070|394|5.1|5.1|5|8
19.2|96.24|1070|394|5.1|5.1|5|8
19.3|96.25|1070|394|5.1|5.1|5|8
19.4|96.29|1070|394|5.1|5.1|2|8
19.5|95.96|1072|394|5.1|5.1|2|8
19.6|95.54|1072|394|5.1|5.1|2|8
19.7|95.08|1603|394|5.1|5.1|3|8
19.8|94.72|1791|394|5.1|5.1|3|8
19.9|94.63|1814|394|5.1|5.1|3|8
20|94.53|1822|394|5.1|5.1|3|8
20.1|94.47|1827|394|5.1|5.1|3|8
20.2|94.47|1832|394|5.1|5.1|3|8
20.3|94.44|1838|394|5.1|5.1|3|8
20.4|94.43|1840|394|5.1|5.1|3|8
20.5|94.43|1840|394|5.1|5.1|3|8
20.6|94.4|1843|394|5.1|5.1|3|8
20.7|94.41|1843|394|5.1|5.1|3|8
20.8|94.43|1843|394|5.1|5.1|3|8
20.9|94.44|1843|394|5.1|5.1|3|8
21|94.44|1845|394|5.1|5.1|3|8
21.1|94.44|1845|394|5.1|5.1|3|8
21.2|94.44|1845|394|5.1|5.1|3|8
21.3|94.43|1848|394|5.1|5.1|3|8
21.4|94.44|1848|394|5.1|5.1|3|8
21.5|94.41|1848|394|5.1|5.1|3|8
21.6|94.43|1848|394|5.1|5.1|3|8
21.7|94.43|1848|394|5.1|5.1|4|8
21.8|94.47|1848|394|5.1|5.1|4|8
21.9|94.7|1840|394|5.1|5.1|4|8
22|95.22|1778|394|5.1|5.1|4|8
22.1|95.72|1108|394|5.1|5.1|5|8
22.2|95.97|1080|394|5.1|5.1|5|8
22.3|96.04|1080|394|5.1|5.1|5|8
22.4|96.1|1077|394|5.1|5.1|5|8
22.5|96.09|1077|394|5.1|5.1|5|8
22.6|96.08|1077|394|5.1|5.1|5|8
22.7|96.1|1077|394|5.1|5.1|5|8
22.8|96.1|1077|394|5.1|5.1|5|8
22.9|96.08|1077|394|5.1|5.1|5|8
23|96.12|1075|394|5.1|5.1|5|8
23.1|96.1|1077|394|5.1|5.1|5|8
23.2|96.12|1077|394|5.1|5.1|5|8
23.3|96.06|1077|394|5.1|5.1|5|8
23.4|96.08|1077|394|5.1|5.1|5|8
23.5|96.09|1075|394|5.1|5.1|5|8
23.6|96.1|1077|394|5.1|5.1|5|8
23.7|96.1|1077|394|5.1|5.1|5|8
23.8|96.12|1077|394|5.1|5.1|5|8
23.9|96.09|1075|394|5.1|5.1|5|8
24|96.1|1075|394|5.1|5.1|5|8
24.1|96.09|1075|394|5.1|5.1|2|8
24.2|95.86|1075|394|5.1|5.1|2|8
24.3|95.53|1077|394|5.1|5.1|2|8
24.4|95.08|1235|394|5.1|5.1|2|8
24.5|94.72|1765|394|5.1|5.1|3|8
24.6|94.45|1822|394|5.1|5.1|3|8
24.7|94.43|1832|394|5.1|5.1|3|8
24.8|94.36|1838|394|5.1|5.1|3|8
24.9|94.25|1843|394|5.1|5.1|3|8
25|94.27|1848|394|5.1|5.1|3|8
25.1|94.23|1851|394|5.1|5.1|3|8
25.2|94.23|1853|394|5.1|5.1|3|8
25.3|94.27|1853|394|5.1|5.1|3|8
25.4|94.25|1856|394|5.1|5.1|3|8
25.5|94.23|1856|394|5.1|5.1|3|8
25.6|94.24|1856|394|5.1|5.1|3|8
25.7|94.24|1856|394|5.1|5.1|3|8
25.8|94.24|1856|394|5.1|5.1|3|8
25.9|94.23|1858|394|5.1|5.1|3|8
26|94.19|1858|394|5.1|5.1|3|8
26.1|94.23|1861|394|5.1|5.1|3|8
26.2|94.21|1861|394|5.1|5.1|3|8
26.3|94.23|1861|394|5.1|5.1|3|8
26.4|94.23|1863|394|5.1|5.1|3|8
26.5|94.23|1863|394|5.1|5.1|4|8
26.6|94.35|1863|394|5.1|5.1|4|8
26.7|94.71|1830|394|5.1|5.1|4|8
26.8|95.27|1399|394|5.1|5.1|4|8
26.9|95.68|1090|394|5.1|5.1|5|8
27|95.81|1085|394|5.1|5.1|5|8
27.1|95.88|1085|394|5.1|5.1|5|8
27.2|95.93|1085|394|5.1|5.1|5|8
27.3|95.93|1082|394|5.1|5.1|5|8
27.4|95.96|1082|394|5.1|5.1|5|8
27.5|95.96|1082|394|5.1|5.1|5|8
27.6|95.97|1082|394|5.1|5.1|5|8
27.7|96.01|1082|394|5.1|5.1|5|8
27.8|95.92|1082|394|5.1|5.1|5|8
27.9|95.93|1082|393|5.1|5.1|5|8
28|95.94|1082|393|5.1|5.1|5|8
28.1|95.96|1080|393|5.1|5.1|5|8
28.2|95.97|1082|393|5.1|5.1|5|8
28.3|96.01|1080|393|5.1|5.1|5|8
28.4|95.9|1080|393|5.1|5.1|5|8
28.5|95.93|1080|393|5.1|5.1|5|8
28.6|95.94|1080|393|5.1|5.1|5|8
28.7|95.96|1080|393|5.1|5.1|5|8
28.8|95.98|1080|393|5.1|5.1|5|8
28.9|95.93|1080|393|5.1|5.1|2|8
29|95.69|1080|393|5.1|5.1|2|8
29.1|95.23|1080|393|5.1|5.1|2|8
29.2|94.76|1433|394|5.1|5.1|2|8
29.3|94.43|1799|393|5.1|5.1|3|8
29.4|94.27|1838|393|5.1|5.1|3|8
29.5|94.15|1848|393|5.1|5.1|3|8
29.6|94.08|1853|393|5.1|5.1|3|8
29.7|94.04|1858|393|5.1|5.1|3|8
29.8|94.05|1863|393|5.1|5.1|3|8
29.9|94.05|1866|393|5.1|5.1|3|8
30|94|1866|393|5.1|5.1|3|8
30.1|93.98|1869|393|5.1|5.1|3|8
30.2|94.02|1869|393|5.1|5.1|3|8
30.3|94.02|1869|393|5.1|5.1|3|8
30.4|94.04|1869|393|5.1|5.1|3|8
30.5|94.04|1869|393|5.1|5.1|3|8
30.6|94.04|1871|393|5.1|5.1|3|8
30.7|94.04|1871|393|5.1|5.1|3|8
30.8|94.04|1871|393|5.1|5.1|3|8
30.9|94.04|1871|393|5.1|5.1|3|8
31|94.04|1871|393|5.1|5.1|3|8
31.1|94.04|1874|393|5.1|5.1|3|8
31.2|94.04|1874|393|5.1|5.1|3|8
31.3|94.06|1876|393|5.1|5.1|4|8
31.4|94.32|1876|393|5.1|5.1|4|8
31.5|94.66|1832|394|5.1|5.1|4|8
31.6|95.22|1247|394|5.1|5.1|5|8
31.7|95.59|1093|394|5.1|5.1|5|8
31.8|95.7|1090|394|5.1|5.1|5|8
31.9|95.73|1088|394|5.1|5.1|5|8
32|95.77|1088|394|5.1|5.1|5|8
32.1|95.81|1088|394|5.1|5.1|5|8
32.2|95.8|1088|394|5.1|5.1|5|8
32.3|95.8|1085|394|5.1|5.1|5|8
32.4|95.84|1085|394|5.1|5.1|5|8
32.5|95.8|1085|394|5.1|5.1|5|8
32.6|95.8|1085|394|5.1|5.1|5|8
32.7|95.74|1085|394|5.1|5.1|5|8
32.8|95.8|1082|394|5.1|5.1|5|8
32.9|95.8|1085|394|5.1|5.1|5|8
33|95.8|1085|394|5.1|5.1|5|8
33.1|95.8|1082|394|5.1|5.1|5|8
33.2|95.81|1082|394|5.1|5.1|5|8
33.3|95.81|1082|394|5.1|5.1|5|8
33.4|95.8|1082|394|5.1|5.1|5|8
33.5|95.8|1082|394|5.1|5.1|5|8
33.6|95.8|1082|394|5.1|5.1|2|8
33.7|95.78|1082|394|5.1|5.1|2|8
33.8|95.39|1080|394|5.1|5.1|2|8
33.9|94.99|1082|394|5.1|5.1|2|8
34|94.56|1459|394|5.1|5.1|2|8
34.1|94.25|1820|394|5.1|5.1|3|8
34.2|93.98|1845|394|5.1|5.1|3|8
34.3|93.96|1856|394|5.1|5.1|3|8
34.4|93.85|1861|394|5.1|5.1|3|8
34.5|93.82|1866|394|5.1|5.1|3|8
34.6|93.81|1869|394|5.1|5.1|3|8
34.7|93.8|1869|394|5.1|5.1|3|8
34.8|93.77|1869|394|5.1|5.1|3|8
34.9|93.78|1871|394|5.1|5.1|3|8
35|93.8|1874|394|5.1|5.1|3|8
35.1|93.81|1874|394|5.1|5.1|3|8
35.2|93.81|1874|394|5.1|5.1|3|8
35.3|93.78|1876|394|5.1|5.1|3|8
35.4|93.78|1876|394|5.1|5.1|3|8
35.5|93.77|1876|394|5.1|5.1|3|8
35.6|93.78|1876|394|5.1|5.1|3|8
35.7|93.77|1879|394|5.1|5.1|3|8
35.8|93.8|1879|394|5.1|5.1|3|8
35.9|93.78|1879|394|5.1|5.1|3|8
36|93.78|1879|394|5.1|5.1|3|8
36.1|93.8|1879|394|5.1|5.1|4|8
36.2|94.08|1879|394|5.1|5.1|4|8
36.3|94.45|1830|394|5.1|5.1|4|8
36.4|94.91|1126|394|5.1|5.1|2|8
36.5|95.07|1090|394|5.1|5.1|2|8
36.6|95.08|1088|394|5.1|5.1|2|8
36.7|94.95|1085|394|5.1|5.1|2|8
36.8|94.94|1088|394|5.1|5.1|2|8
36.9|94.9|1088|394|5.1|5.1|2|8
37|94.83|1085|394|5.1|5.1|2|8
37.1|94.79|1085|394|5.1|5.1|2|8
37.2|94.76|1085|394|5.1|5.1|2|8
37.3|94.72|1082|394|5.1|5.1|2|8
37.4|94.59|1082|394|5.1|5.1|2|8
37.5|94.61|1082|394|5.1|5.1|2|8
37.6|94.52|1170|394|5.1|5.1|2|8
37.7|94.47|1178|394|5.1|5.1|2|8
37.8|94.41|1170|394|5.1|5.1|2|8
37.9|94.39|1510|394|5.1|5.1|2|8
38|94.27|1686|394|5.1|5.1|2|8
38.1|94.35|1716|394|5.1|5.1|2|8
38.2|94.49|1706|394|5.1|5.1|2|8
38.3|94.66|1108|394|5.1|5.1|2|8
38.4|94.74|1085|394|5.1|5.1|2|8
38.5|94.84|1082|394|5.1|5.1|2|8
38.6|94.79|1082|394|5.1|5.1|2|8
38.7|94.72|1082|394|5.1|5.1|2|8
38.8|94.78|1080|394|5.1|5.1|2|8
38.9|94.6|1077|394|5.1|5.1|2|8
39|94.51|1111|394|5.1|5.1|2|8
39.1|94.49|1175|394|5.1|5.1|2|8
39.2|94.44|1196|394|5.1|5.1|2|8
39.3|94.4|1198|394|5.1|5.1|2|8
39.4|94.37|1405|395|5.1|5.1|2|8
39.5|94.19|1704|395|5.1|5.1|2|8
39.6|94.32|1732|394|5.1|5.1|2|8
39.7|94.44|1657|394|5.1|5.1|2|8
39.8|94.64|1088|394|5.1|5.1|2|8
39.9|94.67|1077|394|5.1|5.1|2|8
40|94.7|1077|394|5.1|5.1|2|8
40.1|94.75|1077|394|5.1|5.1|2|8
40.2|94.59|1077|394|5.1|5.1|2|8
40.3|94.52|1075|394|5.1|5.1|2|8
40.4|94.51|1080|394|5.1|5.1|2|8
40.5|94.44|1077|394|5.1|5.1|2|8
40.6|94.41|1111|394|5.1|5.1|2|8
40.7|94.39|1173|394|5.1|5.1|2|8
40.8|94.28|1572|395|5.1|5.1|2|8
40.9|94.21|1729|394|5.1|5.1|2|8
41|94.35|1693|394|5.1|5.1|2|8
41.1|94.48|1155|394|5.1|5.1|2|8
41.2|94.56|1080|394|5.1|5.1|2|8
41.3|94.72|1077|394|5.1|5.1|2|8
41.4|94.59|1075|394|5.1|5.1|2|8
41.5|94.61|1075|394|5.1|5.1|2|8
41.6|94.53|1075|394|5.1|5.1|2|8
41.7|94.47|1075|394|5.1|5.1|2|8
41.8|94.4|1075|394|5.1|5.1|2|8
41.9|94.4|1077|394|5.1|5.1|2|8
42|94.27|1459|395|5.1|5.1|2|8
42.1|94.21|1670|395|5.1|5.1|2|8
42.2|94.32|1655|395|5.1|5.1|2|8
42.3|94.41|1345|395|5.1|5.1|2|8
42.4|94.59|1080|394|5.1|5.1|2|8
42.5|94.64|1075|394|5.1|5.1|2|8
42.6|94.66|1072|394|5.1|5.1|2|8
42.7|94.6|1072|394|5.1|5.1|2|8
42.8|94.52|1072|394|5.1|5.1|2|8
42.9|94.45|1072|394|5.1|5.1|2|8
43|94.43|1072|394|5.1|5.1|2|8
43.1|94.43|1075|394|5.1|5.1|2|8
43.2|94.32|1098|394|5.1|5.1|2|8
43.3|94.27|1198|394|5.1|5.1|2|8
43.4|94.2|1351|395|5.1|5.1|2|8
43.5|94.04|1299|395|5.1|5.1|2|8
43.6|94.06|1201|395|5.1|5.1|2|8
43.7|93.94|1260|395|5.1|5.1|2|8
43.8|93.97|1193|394|5.1|5.1|2|8
43.9|93.89|1204|394|5.1|5.1|2|8
44|93.81|1206|395|5.1|5.1|2|8
44.1|93.76|1327|395|5.1|5.1|2|8
44.2|93.7|1265|394|5.1|5.1|2|8
44.3|93.58|1307|394|5.1|5.1|2|8
44.4|93.6|1317|395|5.1|5.1|2|8
44.5|93.43|1348|396|5.1|5.1|2|8
44.6|93.38|1253|396|5.1|5.1|2|8
44.7|93.29|1232|396|5.1|5.1|2|8
44.8|93.15|1149|396|5.1|5.1|2|8
44.9|93.14|1124|395|5.1|5.1|2|8
45|93.15|1250|395|5.1|5.1|2|8
45.1|93.04|1384|396|5.1|5.1|2|8
45.2|92.98|1353|395|5.1|5.1|2|8
45.3|92.87|1276|396|5.1|5.1|2|8
45.4|92.76|1260|396|5.1|5.1|2|8
45.5|92.71|1188|396|5.1|5.1|2|8
45.6|92.66|1240|395|5.1|5.1|2|8
45.7|92.63|1222|395|5.1|5.1|2|8
45.8|92.43|1229|394|5.1|5.1|2|8
45.9|92.37|1278|396|5.1|5.1|2|8
46|92.36|1214|395|5.1|5.1|2|8
46.1|92.16|1183|395|5.1|5.1|2|8
46.2|92.12|1196|396|5.1|5.1|2|8
46.3|92.05|1142|395|5.1|5.1|2|8
46.4|91.97|1204|394|5.1|5.1|2|8
46.5|91.92|1160|394|5.1|5.1|2|8
46.6|91.8|1242|395|5.1|5.1|2|8
46.7|91.66|1178|395|5.1|5.1|2|8
46.8|91.54|1175|394|5.1|5.1|2|8
46.9|91.5|1160|394|5.1|5.1|2|8
47|91.49|1289|394|5.1|5.1|2|8
47.1|91.34|1353|394|5.1|5.1|2|8
47.2|91.23|1196|395|5.1|5.1|2|8
47.3|91.07|1278|394|5.1|5.1|2|8
47.4|91.03|1232|394|5.1|5.1|2|8
47.5|90.92|1245|394|5.1|5.1|2|8
47.6|90.8|1253|394|5.1|5.1|2|8
47.7|90.68|1137|394|5.1|5.1|2|8
47.8|90.62|1273|394|5.1|5.1|2|8
47.9|90.51|1201|395|5.1|5.1|2|8
48|90.4|1296|396|5.1|5.1|2|8
48.1|90.32|1250|395|5.1|5.1|2|8
48.2|90.17|1253|396|5.1|5.1|2|8
48.3|90.05|1160|395|5.1|5.1|2|8
48.4|89.9|1232|395|5.1|5.1|2|8
48.5|89.85|1229|394|5.1|5.1|2|8
48.6|89.7|1183|395|5.1|5.1|2|8
48.7|89.6|1260|394|5.1|5.1|2|8
48.8|89.54|1229|394|5.1|5.1|2|8
48.9|89.41|1139|394|5.1|5.1|2|8
49|89.22|1201|394|5.1|5.1|2|8
49.1|89.17|1186|394|5.1|5.1|2|8
49.2|88.97|1147|395|5.1|5.1|2|8
49.3|88.88|1222|395|5.1|5.1|2|8
49.4|88.74|1330|396|5.1|5.1|2|8
49.5|88.64|1299|395|5.1|5.1|2|8
49.6|88.51|1320|395|5.1|5.1|2|8
49.7|88.36|1309|396|5.1|5.1|2|8
49.8|88.24|1216|396|5.1|5.1|2|8
49.9|88.07|1155|395|5.1|5.1|2|8
50|88.04|1260|396|5.1|5.1|2|8
50.1|87.81|1188|396|5.1|5.1|2|8
50.2|87.64|1351|396|5.1|5.1|2|8
50.3|87.6|1170|396|5.1|5.1|2|8
50.4|87.39|1222|396|5.1|5.1|2|8
50.5|87.21|1340|396|5.1|5.1|2|8
50.6|87.13|1188|396|5.1|5.1|2|8
50.7|87.01|1268|396|5.1|5.1|2|8
50.8|86.79|1381|396|5.1|5.1|2|8
50.9|86.66|1209|396|5.1|5.1|2|8
51|86.51|1245|396|5.1|5.1|2|8
51.1|86.31|1294|396|5.1|5.1|2|8
51.2|86.23|1198|396|5.1|5.1|2|8
51.3|86.04|1281|396|5.1|5.1|2|8
51.4|85.92|1198|395|5.1|5.1|2|8
51.5|85.76|1286|396|5.1|5.1|2|8
51.6|85.56|1214|396|5.1|5.1|2|8
51.7|85.38|1273|396|5.1|5.1|2|8
51.8|85.19|1309|396|5.1|5.1|2|8
51.9|85.02|1397|395|5.1|5.1|2|8
52|84.85|1291|395|5.1|5.1|2|8
52.1|84.64|1284|395|5.1|5.1|2|8
52.2|84.46|1255|395|5.1|5.1|2|8
52.3|84.29|1289|396|5.1|5.1|2|8
52.4|84.13|1273|396|5.1|5.1|2|8
52.5|83.92|1351|396|5.1|5.1|2|8
52.6|83.8|1327|396|5.1|5.1|2|8
52.7|83.6|1291|396|5.1|5.1|2|8
52.8|83.38|1304|396|5.1|5.1|2|8
52.9|83.17|1304|396|5.1|5.1|2|8
53|82.99|1369|396|5.1|5.1|6|8
53.1|81.5|1861|396|5.1|5.1|6|8
53.2|78.97|1912|396|5.1|5.1|6|8
53.3|76.26|57|395|5.1|5.1|7|8
53.4|74.08|0|394|5.1|5.1|7|8
53.5|73.13|0|394|5.1|5.1|7|8
53.6|72.65|0|394|5.1|5.1|7|8
53.7|72.42|0|394|5.1|5.1|7|8
53.8|72.35|0|394|5.1|5.1|7|8
53.9|72.3|0|394|5.1|5.1|7|8
54|72.28|0|393|5.1|5.1|7|8
54.1|72.2|0|393|5.1|5.1|7|8
54.2|72.18|0|393|5.1|5.1|7|8
54.3|72.16|0|393|5.1|5.1|7|8
54.4|72.23|0|393|5.1|5.1|7|8
54.5|72.3|0|393|5.1|5.1|7|8
54.6|72.27|0|393|5.1|5.1|7|8
54.7|72.22|0|393|5.1|5.1|7|8
54.8|72.19|0|393|5.1|5.1|7|8
54.9|72.23|0|393|5.1|5.1|7|8
55|72.26|0|392|5.1|5.1|7|8
55.1|72.22|0|392|5.1|5.1|7|8
55.2|72.22|0|392|5.1|5.1|7|8
55.3|72.22|0|393|5.1|5.1|7|8
55.4|72.22|0|393|5.1|5.1|7|8
55.5|72.22|0|392|5.1|5.1|7|8
55.6|72.2|0|392|5.1|5.1|7|8
55.7|72.19|0|392|5.1|5.1|7|8
55.8|72.2|0|392|5.1|5.1|7|8
55.9|72.22|0|392|5.1|5.1|7|8
56|72.24|0|393|5.1|5.1|7|8
56.1|72.2|0|393|5.1|5.1|7|8
56.2|72.2|0|392|5.1|5.1|7|8
56.3|72.19|0|393|5.1|5.1|7|8
56.4|72.16|0|392|5.1|5.1|7|8
56.5|72.23|0|392|5.1|5.1|7|8
56.6|72.2|0|393|5.1|5.1|7|8
56.7|72.2|0|392|5.1|5.1|7|8
56.8|72.2|0|392|5.1|5.1|7|8
56.9|72.2|0|393|5.1|5.1|7|8
57|72.2|0|392|5.1|5.1|7|8
57.1|72.23|0|392|5.1|5.1|7|8
57.2|72.23|0|392|5.1|5.1|7|8
57.3|72.2|0|392|5.1|5.1|7|8
57.4|72.2|0|392|5.1|5.1|7|8
57.5|72.2|0|392|5.1|5.1|7|8
57.6|72.19|0|392|5.1|5.1|7|8
57.7|72.19|0|392|5.1|5.1|7|8
57.8|72.19|0|393|5.1|5.1|7|8
57.9|72.19|0|393|5.1|5.1|7|8
58|72.18|0|393|5.1|5.1|7|8
58.1|72.19|0|393|5.1|5.1|7|8
58.2|72.19|0|392|5.1|5.1|7|8
58.3|72.19|0|392|5.1|5.1|7|8
58.4|72.15|0|393|5.1|5.1|7|8
58.5|72.18|0|393|5.1|5.1|7|8
58.6|72.15|0|393|5.1|5.1|7|8
58.7|72.19|0|392|5.1|5.1|7|8
58.8|72.19|0|392|5.1|5.1|7|8
58.9|72.23|0|392|5.1|5.1|7|8
59|72.22|0|392|5.1|5.1|7|8
59.1|72.22|0|393|5.1|5.1|7|8
59.2|72.18|0|392|5.1|5.1|7|8
59.3|72.18|0|392|5.1|5.1|7|8
59.4|72.16|0|392|5.1|5.1|7|8
59.5|72.18|0|392|5.1|5.1|7|8
59.6|72.18|0|392|5.1|5.1|7|8
59.7|72.15|0|392|5.1|5.1|7|8
59.8|72.19|0|392|5.1|5.1|7|8
59.9|72.24|0|392|5.1|5.1|7|8
60|72.23|0|392|5.1|5.1|7|8
60.1|72.19|0|392|5.1|5.1|7|8
60.2|72.18|0|392|5.1|5.1|7|8
60.3|72.18|0|392|5.1|5.1|7|8
60.4|72.16|0|392|5.1|5.1|7|8
60.5|72.18|0|392|5.1|5.1|7|8
60.6|72.18|0|392|5.1|5.1|7|8
60.7|72.19|0|392|5.1|5.1|7|8
60.8|72.2|0|392|5.1|5.1|7|8
60.9|72.2|0|392|5.1|5.1|7|8
61|72.19|0|392|5.1|5.1|7|8
61.1|72.2|0|392|5.1|5.1|7|8
61.2|72.2|0|392|5.1|5.1|7|8
61.3|72.19|0|392|5.1|5.1|7|8
61.4|72.19|0|392|5.1|5.1|7|8
61.5|72.18|0|392|5.1|5.1|7|8
61.6|72.19|0|392|5.1|5.1|7|8
61.7|72.19|0|392|5.1|5.1|7|8
61.8|72.18|0|392|5.1|5.1|7|8
61.9|72.19|0|392|5.1|5.1|7|8
62|72.18|0|392|5.1|5.1|7|8
62.1|72.18|0|392|5.1|5.1|7|8
62.2|72.19|0|392|5.1|5.1|7|8
62.3|72.19|0|392|5.1|5.1|7|8
62.4|72.19|0|392|5.1|5.1|7|8
62.5|72.18|0|392|5.1|5.1|7|8
62.6|72.18|0|392|5.1|5.1|7|8
62.7|72.18|0|392|5.1|5.1|7|8
62.8|72.18|0|392|5.1|5.1|7|8
62.9|72.18|0|392|5.1|5.1|7|8
63|72.18|0|392|5.1|5.1|7|8
63.1|72.18|0|392|5.1|5.1|7|8
63.2|72.18|0|392|5.1|5.1|7|8
63.3|72.18|0|392|5.1|5.1|7|8
63.4|72.18|0|392|5.1|5.1|7|8
63.5|72.18|0|392|5.1|5.1|7|8
63.6|72.18|0|392|5.1|5.1|7|8
63.7|72.18|0|396|5.1|5.1|7|8
63.8|72.18|0|400|5.1|5.1|7|8
63.9|72.18|0|402|5.1|5.1|7|8
64|72.18|0|402|5.1|5.1|7|8
64.1|72.16|0|402|5.1|5.1|7|8
64.2|72.16|0|402|5.1|5.1|7|8
64.3|72.15|0|402|5.1|5.1|7|8
64.4|72.14|0|402|5.1|5.1|7|8
64.5|72.18|0|402|5.1|5.1|7|8
64.6|72.19|0|402|5.1|5.1|7|8
64.7|72.12|0|402|5.1|5.1|7|8
64.8|72.19|0|402|5.1|5.1|7|8
64.9|72.19|0|402|5.1|5.1|7|8
65|72.18|0|402|5.1|5.1|7|8
65.1|72.16|0|402|5.1|5.1|7|8
65.2|72.18|0|402|5.1|5.1|7|8
65.3|72.18|0|402|5.1|5.1|7|8
65.4|72.18|0|402|5.1|5.1|7|8
65.5|72.18|0|402|5.1|5.1|7|8
65.6|72.18|0|402|5.1|5.1|7|8
65.7|72.18|0|402|5.1|5.1|7|8
65.8|72.18|0|402|5.1|5.1|7|8
65.9|72.18|0|402|5.1|5.1|7|8
66|72.18|0|402|5.1|5.1|7|8
66.1|72.18|0|402|5.1|5.1|7|8
66.2|72.16|0|402|5.1|5.1|7|8
66.3|72.16|0|402|5.1|5.1|8|8
66.4|72.1|0|402|5.1|5.1|8|8
66.5|72.04|0|402|5.1|5.1|8|8
66.6|72.04|0|402|5.1|5.1|8|8
66.7|72.11|0|402|5.1|5.1|8|8
66.8|72.19|0|402|5.1|5.1|8|8
66.9|72.1|0|402|5.1|5.1|8|8
67|72.04|0|402|5.1|5.1|8|8
67.1|72.1|0|402|5.1|5.1|8|8
67.2|72.11|0|402|5.1|5.1|8|8
67.3|72.19|0|402|5.1|5.1|8|8
67.4|72.07|0|402|5.1|5.1|8|8
67.5|72.06|0|402|5.1|5.1|8|8
67.6|72.14|0|402|5.1|5.1|8|8
67.7|72.12|0|402|5.1|5.1|8|8
67.8|72.07|0|402|5.1|5.1|8|8
67.9|72.1|0|402|5.1|5.1|8|8
68|72.12|0|402|5.1|5.1|8|8
68.1|72.16|0|402|5.1|5.1|8|8
68.2|72.12|0|402|5.1|5.1|8|8
68.3|72.49|0|402|5|5|8|8
68.4|75.45|0|402|5|5|8|8
68.5|78.48|0|402|5|5|8|8
68.6|81.5|0|402|5|5|8|8
68.7|84.44|0|402|5|5|8|8
68.8|87.44|0|402|5|5|8|8
68.9|90.37|0|402|5|5|8|8
69|93.3|0|402|5|5|8|8
69.1|94.95|0|402|5|5|8|8
69.2|95.66|0|402|5|5|8|8
