0|96.02|910|402|4.9|4.9|1|8
0.1|96.02|1036|404|4.9|4.9|1|8
0.2|96.02|1039|405|4.9|4.9|1|8
0.3|96.04|1041|405|4.9|4.9|1|8
0.4|96.04|1044|405|4.9|4.9|1|8
0.5|96.02|1046|405|4.9|4.9|2|8
0.6|95.74|1196|405|4.9|4.9|2|8
0.7|95.41|1608|407|4.9|4.9|3|8
0.8|95.17|1652|407|4.9|4.9|3|8
0.9|94.96|1670|408|4.9|4.9|3|8
1|94.95|1680|408|4.9|4.9|3|8
1.1|94.88|1688|408|4.9|4.9|3|8
1.2|94.87|1693|408|5|5|3|8
1.3|94.94|1698|408|5|5|3|8
1.4|94.82|1704|408|5|5|3|8
1.5|94.87|1706|408|5|5|3|8
1.6|94.92|1709|408|5|5|3|8
1.7|94.83|1711|408|5|5|3|8
1.8|94.87|1716|408|5|5|3|8
1.9|94.86|1716|408|5|5|3|8
2|94.92|1719|408|5|5|3|8
2.1|94.86|1722|408|5|5|3|8
2.2|94.84|1724|408|5|5|3|8
2.3|94.88|1727|408|5|5|3|8
2.4|94.9|1729|408|5|5|3|8
2.5|94.83|1729|408|5|5|3|8
2.6|94.87|1729|408|5|5|3|8
2.7|94.87|1732|407|5|5|4|8
2.8|94.99|1735|405|5|5|4|8
2.9|95.37|1722|405|5|5|4|8
3|95.85|1157|404|5|5|5|8
3.1|96.17|1080|403|5|5|5|8
3.2|96.36|1075|402|5|5|5|8
3.3|96.35|1075|402|5|5|5|8
3.4|96.39|1072|402|5|5|5|8
3.5|96.41|1072|402|5|5|5|8
3.6|96.41|1072|402|5|5|5|8
3.7|96.49|1072|402|5|5|5|8
3.8|96.44|1072|402|5|5|5|8
3.9|96.43|1072|402|5|5|5|8
4|96.37|1072|402|5|5|5|8
4.1|96.36|1072|402|5|5|5|8
4.2|96.39|1072|402|5|5|5|8
4.3|96.39|1072|402|5|5|5|8
4.4|96.39|1075|402|5.1|5|5|8
4.5|96.41|1072|402|5.1|5.1|5|8
4.6|96.41|1072|402|5.1|5.1|5|8
4.7|96.41|1072|402|5.1|5.1|5|8
4.8|96.44|1072|402|5.1|5.1|5|8
4.9|96.49|1072|402|5.1|5.1|5|8
5|96.43|1072|402|5.1|5.1|2|8
5.1|96.29|1072|402|5.1|5.1|2|8
5.2|95.94|1072|402|5.1|5.1|2|8
5.3|95.55|1108|402|5.1|5.1|2|8
5.4|95.17|1680|403|5.1|5.1|3|8
5.5|94.87|1732|404|5.1|5.1|3|8
5.6|94.78|1745|404|5.1|5.1|3|8
5.7|94.68|1753|404|5.1|5.1|3|8
5.8|94.57|1758|404|5.1|5.1|3|8
5.9|94.52|1760|404|5.1|5.1|3|8
6|94.57|1760|404|5.1|5.1|3|8
6.1|94.57|1765|404|5.1|5.1|3|8
6.2|94.57|1765|404|5.1|5.1|3|8
6.3|94.55|1768|404|5.1|5.1|3|8
6.4|94.59|1771|404|5.1|5.1|3|8
6.5|94.56|1771|404|5.1|5.1|3|8
6.6|94.56|1773|404|5.1|5.1|3|8
6.7|94.59|1773|404|5.1|5.1|3|8
6.8|94.55|1776|404|5.1|5.1|3|8
6.9|94.57|1778|404|5.1|5.1|3|8
7|94.56|1778|404|5.1|5.1|3|8
7.1|94.56|1781|404|5.1|5.1|3|8
7.2|94.56|1784|404|5.1|5.1|3|8
7.3|94.6|1784|404|5.1|5.1|3|8
7.4|94.55|1789|404|5.1|5.1|4|8
7.5|94.7|1791|404|5.1|5.1|4|8
7.6|94.98|1789|404|5.1|5.1|4|8
7.7|95.49|1711|404|5.1|5.1|4|8
7.8|95.97|1111|403|5.1|5.1|5|8
7.9|96.23|1085|402|5.1|5.1|5|8
8|96.37|1080|402|5.2|5.1|5|8
8.1|96.37|1080|402|5.2|5.1|5|8
8.2|96.39|1077|402|5.2|5.2|5|8
8.3|96.37|1077|402|5.2|5.2|5|8
8.4|96.4|1077|402|5.2|5.2|5|8
8.5|96.4|1077|402|5.2|5.2|5|8
8.6|96.4|1077|402|5.2|5.2|5|8
8.7|96.4|1075|402|5.2|5.2|5|8
8.8|96.4|1075|402|5.2|5.2|5|8
8.9|96.4|1075|402|5.2|5.2|5|8
9|96.41|1075|402|5.2|5.2|5|8
9.1|96.39|1075|402|5.2|5.2|5|8
9.2|96.48|1075|402|5.2|5.2|5|8
9.3|96.47|1077|402|5.2|5.2|5|8
9.4|96.44|1075|402|5.2|5.2|5|8
9.5|96.43|1075|402|5.2|5.2|5|8
9.6|96.44|1075|402|5.2|5.2|5|8
9.7|96.36|1075|402|5.2|5.2|5|8
9.8|96.41|1075|402|5.2|5.2|2|8
9.9|96.23|1075|402|5.2|5.2|2|8
10|95.85|1075|402|5.2|5.2|2|8
10.1|95.39|1157|402|5.2|5.2|2|8
10.2|95|1536|403|5.2|5.2|2|8
10.3|94.64|1768|404|5.2|5.2|3|8
10.4|94.37|1786|404|5.2|5.2|3|8
10.5|94.35|1791|404|5.2|5.2|3|8
10.6|94.27|1796|404|5.2|5.2|3|8
10.7|94.19|1802|404|5.2|5.2|3|8
10.8|94.2|1802|404|5.2|5.2|3|8
10.9|94.21|1804|404|5.2|5.2|3|8
11|94.21|1822|396|5.2|5.2|3|8
11.1|94.23|1825|391|5.2|5.2|3|8
11.2|94.21|1827|390|5.2|5.2|3|8
11.3|94.2|1830|389|5.2|5.2|3|8
11.4|94.21|1830|389|5.2|5.2|3|8
11.5|94.23|1832|388|5.2|5.2|3|8
11.6|94.23|1832|388|5.2|5.2|3|8
11.7|94.27|1835|388|5.2|5.2|3|8
11.8|94.17|1838|388|5.2|5.2|3|8
11.9|94.21|1838|388|5.2|5.2|3|8
12|94.2|1840|388|5.2|5.2|3|8
12.1|94.2|1840|388|5.2|5.2|3|8
12.2|94.21|1843|388|5.2|5.2|3|8
12.3|94.24|1843|388|5.2|5.2|4|8
12.4|94.52|1843|388|5.2|5.2|4|8
12.5|94.98|1758|388|5.2|5.2|4|8
12.6|95.47|1423|389|5.2|5.2|4|8
12.7|95.84|1106|388|5.2|5.2|5|8
12.8|95.98|1101|388|5.2|5.2|5|8
12.9|96.08|1095|388|5.2|5.2|5|8
13|96.12|1093|388|5.3|5.2|5|8
13.1|96.2|1093|388|5.3|5.3|5|8
13.2|96.2|1090|388|5.3|5.3|5|8
13.3|96.14|1090|388|5.3|5.3|5|8
13.4|96.06|1088|388|5.3|5.3|5|8
13.5|96.17|1088|388|5.3|5.3|5|8
13.6|96.2|1088|388|5.3|5.3|5|8
13.7|96.2|1088|388|5.3|5.3|5|8
13.8|96.13|1085|388|5.3|5.3|5|8
13.9|96.08|1085|388|5.3|5.3|5|8
14|96.17|1085|388|5.3|5.3|5|8
14.1|96.19|1085|388|5.3|5.3|5|8
14.2|96.19|1085|388|5.3|5.3|5|8
14.3|96.14|1085|388|5.3|5.3|5|8
14.4|96.06|1085|388|5.3|5.3|5|8
14.5|96.14|1085|388|5.3|5.3|5|8
14.6|96.14|1085|388|5.3|5.3|5|8
14.7|96.16|1085|388|5.3|5.3|2|8
14.8|95.85|1085|388|5.3|5.3|2|8
14.9|95.42|1085|388|5.3|5.3|2|8
15|95|1119|388|5.3|5.3|2|8
15.1|94.55|1616|389|5.3|5.3|3|8
15.2|94.21|1817|388|5.3|5.3|3|8
15.3|93.96|1835|388|5.3|5.3|3|8
15.4|93.89|1843|388|5.3|5.3|3|8
15.5|93.84|1851|388|5.3|5.3|3|8
15.6|93.82|1851|388|5.3|5.3|3|8
15.7|93.84|1856|388|5.3|5.3|3|8
15.8|93.84|1856|388|5.3|5.3|3|8
15.9|93.84|1858|388|5.3|5.3|3|8
16|93.82|1861|388|5.3|5.3|3|8
16.1|93.84|1861|388|5.3|5.3|3|8
16.2|93.82|1863|388|5.3|5.3|3|8
16.3|93.8|1863|388|5.3|5.3|3|8
16.4|93.78|1866|388|5.3|5.3|3|8
16.5|93.8|1866|388|5.3|5.3|3|8
16.6|93.81|1869|388|5.3|5.3|3|8
16.7|93.8|1866|388|5.3|5.3|3|8
16.8|93.8|1866|388|5.3|5.3|3|8
16.9|93.8|1869|388|5.3|5.3|3|8
17|93.84|1869|388|5.3|5.3|3|8
17.1|93.84|1871|388|5.3|5.3|4|8
17.2|93.86|1871|388|5.3|5.3|4|8
17.3|94.16|1861|388|5.3|5.3|4|8
17.4|94.68|1631|389|5.3|5.3|4|8
17.5|95.07|1111|389|5.3|5.3|5|8
17.6|95.29|1103|388|5.3|5.3|5|8
17.7|95.35|1101|388|5.3|5.3|5|8
17.8|95.38|1098|388|5.3|5.3|5|8
17.9|95.42|1095|388|5.3|5.3|5|8
18|95.45|1095|388|5.3|5.3|5|8
18.1|95.39|1095|388|5.3|5.3|5|8
18.2|95.37|1093|388|5.3|5.3|5|8
18.3|95.41|1093|388|5.3|5.3|5|8
18.4|95.41|1093|389|5.3|5.3|5|8
18.5|95.43|1093|388|5.3|5.3|5|8
18.6|95.46|1093|388|5.3|5.3|5|8
18.7|95.37|1093|388|5.3|5.3|5|8
18.8|95.38|1093|388|5.3|5.3|5|8
18.9|95.42|1093|388|5.3|5.3|5|8
19|95.43|1093|388|5.3|5.3|5|8
19.1|95.46|1090|388|5.3|5.3|5|8
19.2|95.39|1090|388|5.3|5.3|5|8
19.3|95.37|1090|388|5.3|5.3|5|8
19.4|95.43|1090|388|5.3|5.3|5|8
19.5|95.41|1088|389|5.3|5.3|2|8
19.6|95.18|1090|388|5.3|5.3|2|8
19.7|94.8|1090|388|5.3|5.3|2|8
19.8|94.37|1351|388|5.3|5.3|2|8
19.9|93.94|1822|388|5.3|5.3|3|8
20|93.73|1856|388|5.3|5.3|3|8
20.1|93.58|1866|388|5.3|5.3|3|8
20.2|93.57|1871|388|5.3|5.3|3|8
20.3|93.58|1876|388|5.3|5.3|3|8
20.4|93.5|1879|388|5.3|5.3|3|8
20.5|93.5|1879|388|5.3|5.3|3|8
20.6|93.54|1881|388|5.3|5.3|3|8
20.7|93.54|1881|388|5.3|5.3|3|8
20.8|93.5|1884|388|5.3|5.3|3|8
20.9|93.53|1884|388|5.3|5.3|3|8
21|93.53|1887|388|5.3|5.3|3|8
21.1|93.54|1887|388|5.3|5.3|3|8
21.2|93.51|1887|388|5.3|5.3|3|8
21.3|93.53|1889|388|5.3|5.3|3|8
21.4|93.53|1889|388|5.3|5.3|3|8
21.5|93.54|1889|388|5.3|5.3|3|8
21.6|93.5|1892|388|5.3|5.3|3|8
21.7|93.53|1892|388|5.3|5.3|3|8
21.8|93.53|1892|388|5.3|5.3|3|8
21.9|93.53|1894|388|5.3|5.3|4|8
22|93.77|1892|388|5.3|5.3|4|8
22.1|94.2|1843|388|5.3|5.3|4|8
22.2|94.7|1139|389|5.3|5.3|5|8
22.3|94.92|1108|388|5.3|5.3|5|8
22.4|95.06|1103|388|5.3|5.3|5|8
22.5|95.06|1103|388|5.3|5.3|5|8
22.6|95.1|1101|388|5.3|5.3|5|8
22.7|95.1|1098|388|5.3|5.3|5|8
22.8|95.12|1098|388|5.3|5.3|5|8
22.9|95.19|1098|388|5.3|5.3|5|8
23|95.17|1098|388|5.3|5.3|5|8
23.1|95.11|1095|388|5.3|5.3|5|8
23.2|95.08|1095|388|5.3|5.3|5|8
23.3|95.06|1098|388|5.3|5.3|5|8
23.4|95.08|1101|388|5.3|5.3|5|8
23.5|95.12|1095|388|5.3|5.3|5|8
23.6|95.14|1093|388|5.3|5.3|5|8
23.7|95.14|1093|388|5.3|5.3|5|8
23.8|95.14|1093|388|5.3|5.3|5|8
23.9|95.11|1093|388|5.3|5.3|5|8
24|95.1|1093|388|5.3|5.3|5|8
24.1|95.06|1090|388|5.3|5.3|5|8
24.2|95.07|1090|388|5.3|5.3|2|8
24.3|95|1090|388|5.3|5.3|2|8
24.4|94.63|1090|388|5.3|5.3|2|8
24.5|94.19|1335|389|5.3|5.3|2|8
24.6|93.81|1825|388|5.3|5.3|3|8
24.7|93.57|1871|388|5.3|5.3|3|8
24.8|93.43|1881|388|5.3|5.3|3|8
24.9|93.41|1887|388|5.3|5.3|3|8
25|93.41|1892|388|5.3|5.3|3|8
25.1|93.31|1892|388|5.3|5.3|3|8
25.2|93.37|1894|388|5.3|5.3|3|8
25.3|93.37|1894|388|5.3|5.3|3|8
25.4|93.38|1897|388|5.3|5.3|3|8
25.5|93.39|1899|388|5.3|5.3|3|8
25.6|93.41|1899|388|5.3|5.3|3|8
25.7|93.37|1899|388|5.3|5.3|3|8
25.8|93.34|1902|388|5.3|5.3|3|8
25.9|93.35|1902|388|5.3|5.3|3|8
26|93.37|1902|388|5.3|5.3|3|8
26.1|93.37|1902|388|5.3|5.3|3|8
26.2|93.38|1902|388|5.3|5.3|3|8
26.3|93.41|1902|388|5.3|5.3|3|8
26.4|93.34|1905|388|5.3|5.3|3|8
26.5|93.37|1905|388|5.3|5.3|3|8
26.6|93.37|1905|388|5.3|5.3|4|8
26.7|93.57|1905|388|5.3|5.3|4|8
26.8|94.01|1856|388|5.3|5.3|4|8
26.9|94.55|1137|389|5.3|5.3|5|8
27|94.75|1108|389|5.3|5.3|5|8
27.1|94.92|1106|388|5.3|5.3|5|8
27.2|95.02|1103|388|5.3|5.3|5|8
27.3|94.95|1101|388|5.3|5.3|5|8
27.4|94.95|1101|388|5.3|5.3|5|8
27.5|94.94|1095|388|5.3|5.3|5|8
27.6|95|1095|388|5.3|5.3|5|8
27.7|94.96|1095|388|5.3|5.3|5|8
27.8|94.94|1095|388|5.3|5.3|5|8
27.9|94.98|1093|388|5.3|5.3|5|8
28|95.03|1093|388|5.3|5.3|5|8
28.1|94.92|1093|388|5.3|5.3|5|8
28.2|94.96|1093|388|5.3|5.3|5|8
28.3|94.99|1093|388|5.3|5.3|5|8
28.4|94.95|1093|388|5.3|5.3|5|8
28.5|94.88|1093|388|5.3|5.3|5|8
28.6|94.99|1093|388|5.3|5.3|5|8
28.7|94.96|1090|388|5.3|5.3|5|8
28.8|94.9|1093|388|5.3|5.3|5|8
28.9|94.98|1090|388|5.3|5.3|2|8
29|94.79|1090|388|5.3|5.3|2|8
29.1|94.41|1090|388|5.3|5.3|2|8
29.2|94|1289|388|5.3|5.3|2|8
29.3|93.62|1830|388|5.3|5.3|3|8
29.4|93.42|1879|388|5.3|5.3|3|8
29.5|93.27|1889|388|5.3|5.3|3|8
29.6|93.22|1894|388|5.3|5.3|3|8
29.7|93.18|1897|388|5.3|5.3|3|8
29.8|93.21|1902|388|5.3|5.3|3|8
29.9|93.23|1902|388|5.3|5.3|3|8
30|93.22|1905|388|5.3|5.3|3|8
30.1|93.21|1905|388|5.3|5.3|3|8
30.2|93.23|1905|388|5.3|5.3|3|8
30.3|93.25|1907|388|5.3|5.3|3|8
30.4|93.21|1910|388|5.3|5.3|3|8
30.5|93.22|1910|388|5.3|5.3|3|8
30.6|93.21|1910|388|5.3|5.3|3|8
30.7|93.21|1910|388|5.3|5.3|3|8
30.8|93.22|1912|388|5.3|5.3|3|8
30.9|93.22|1912|388|5.3|5.3|3|8
31|93.22|1912|388|5.3|5.3|3|8
31.1|93.22|1912|388|5.3|5.3|3|8
31.2|93.22|1912|388|5.3|5.3|3|8
31.3|93.18|1912|388|5.3|5.3|4|8
31.4|93.49|1910|388|5.3|5.3|4|8
31.5|93.85|1861|388|5.3|5.3|4|8
31.6|94.37|1152|388|5.3|5.3|5|8
31.7|94.7|1106|388|5.3|5.3|5|8
31.8|94.75|1103|388|5.3|5.3|5|8
31.9|94.88|1101|388|5.3|5.3|5|8
32|94.88|1098|388|5.3|5.3|5|8
32.1|94.83|1101|388|5.3|5.3|5|8
32.2|94.87|1098|388|5.3|5.3|5|8
32.3|94.86|1095|388|5.3|5.3|5|8
32.4|94.9|1095|388|5.3|5.3|5|8
32.5|94.86|1093|388|5.3|5.3|5|8
32.6|94.8|1093|388|5.3|5.3|5|8
32.7|94.87|1095|388|5.3|5.3|5|8
32.8|94.88|1098|388|5.3|5.3|5|8
32.9|94.86|1101|388|5.3|5.3|5|8
33|94.83|1098|388|5.3|5.3|5|8
33.1|94.86|1093|388|5.3|5.3|5|8
33.2|94.86|1090|388|5.3|5.3|5|8
33.3|94.88|1090|388|5.3|5.3|5|8
33.4|94.88|1090|388|5.3|5.3|5|8
33.5|94.82|1090|388|5.3|5.3|5|8
33.6|94.87|1090|388|5.3|5.3|2|8
33.7|94.79|1090|388|5.3|5.3|2|8
33.8|94.39|1090|388|5.3|5.3|2|8
33.9|93.94|1278|388|5.3|5.3|2|8
34|93.6|1832|388|5.3|5.3|3|8
34.1|93.3|1884|388|5.3|5.3|3|8
34.2|93.3|1894|388|5.3|5.3|3|8
34.3|93.17|1899|388|5.3|5.3|3|8
34.4|93.15|1905|388|5.3|5.3|3|8
34.5|93.13|1907|388|5.3|5.3|3|8
34.6|93.09|1907|388|5.3|5.3|3|8
34.7|93.1|1910|388|5.3|5.3|3|8
34.8|93.11|1910|388|5.3|5.3|3|8
34.9|93.1|1912|388|5.3|5.3|3|8
35|93.1|1912|388|5.3|5.3|3|8
35.1|93.14|1912|388|5.3|5.3|3|8
35.2|93.11|1915|388|5.3|5.3|3|8
35.3|93.15|1915|388|5.3|5.3|3|8
35.4|93.1|1915|388|5.3|5.3|3|8
35.5|93.13|1915|388|5.3|5.3|3|8
35.6|93.13|1918|388|5.3|5.3|3|8
35.7|93.13|1918|388|5.3|5.3|3|8
35.8|93.11|1918|388|5.3|5.3|3|8
35.9|93.13|1918|388|5.3|5.3|3|8
36|93.17|1918|388|5.3|5.3|4|8
36.1|93.31|1915|388|5.3|5.3|4|8
36.2|93.74|1874|388|5.3|5.3|4|8
36.3|94.25|1255|389|5.3|5.3|2|8
36.4|94.44|1106|389|5.3|5.3|2|8
36.5|94.45|1103|389|5.3|5.3|2|8
36.6|94.48|1101|389|5.3|5.3|2|8
36.7|94.39|1098|389|5.3|5.3|2|8
36.8|94.31|1095|388|5.3|5.3|2|8
36.9|94.4|1093|388|5.3|5.3|2|8
37|94.24|1093|388|5.3|5.3|2|8
37.1|94.21|1093|388|5.3|5.3|2|8
37.2|94.02|1090|388|5.3|5.3|2|8
37.3|94.01|1095|388|5.3|5.3|2|8
37.4|94.04|1157|388|5.3|5.3|2|8
37.5|93.93|1204|388|5.3|5.3|2|8
37.6|93.89|1129|389|5.3|5.3|2|8
37.7|93.84|1124|389|5.3|5.3|2|8
37.8|93.73|1180|388|5.3|5.3|2|8
37.9|93.68|1101|388|5.3|5.3|2|8
38|93.57|1201|389|5.3|5.3|2|8
38.1|93.58|1273|389|5.3|5.3|2|8
38.2|93.57|1706|389|5.3|5.3|2|8
38.3|93.51|1765|389|5.3|5.3|2|8
38.4|93.73|1740|389|5.3|5.3|2|8
38.5|93.84|1165|390|5.3|5.3|2|8
38.6|93.97|1093|389|5.3|5.3|2|8
38.7|93.94|1090|389|5.3|5.3|2|8
38.8|94.04|1088|389|5.3|5.3|2|8
38.9|93.93|1085|389|5.3|5.3|2|8
39|93.86|1088|388|5.3|5.3|2|8
39.1|93.86|1088|388|5.3|5.3|2|8
39.2|93.7|1142|389|5.3|5.3|2|8
39.3|93.64|1093|388|5.3|5.3|2|8
39.4|93.62|1304|389|5.3|5.3|2|8
39.5|93.58|1204|389|5.3|5.3|2|8
39.6|93.57|1557|389|5.3|5.3|2|8
39.7|93.47|1776|389|5.3|5.3|2|8
39.8|93.5|1776|388|5.3|5.3|2|8
39.9|93.8|1549|389|5.3|5.3|2|8
40|93.86|1098|389|5.3|5.3|2|8
40.1|93.97|1090|388|5.3|5.3|2|8
40.2|93.97|1088|388|5.3|5.3|2|8
40.3|93.93|1088|388|5.3|5.3|2|8
40.4|93.85|1085|388|5.3|5.3|2|8
40.5|93.88|1085|388|5.3|5.3|2|8
40.6|93.7|1098|388|5.3|5.3|2|8
40.7|93.66|1085|388|5.3|5.3|2|8
40.8|93.57|1137|388|5.3|5.3|2|8
40.9|93.58|1090|388|5.3|5.3|2|8
41|93.57|1399|388|5.3|5.3|2|8
41.1|93.38|1683|388|5.3|5.3|2|8
41.2|93.5|1657|388|5.3|5.3|2|8
41.3|93.68|1170|388|5.3|5.3|2|8
41.4|93.77|1088|388|5.3|5.3|2|8
41.5|93.86|1085|388|5.3|5.3|2|8
41.6|93.7|1085|388|5.3|5.3|2|8
41.7|93.66|1085|388|5.3|5.3|2|8
41.8|93.66|1088|388|5.3|5.3|2|8
41.9|93.55|1090|388|5.3|5.3|2|8
42|93.55|1093|388|5.3|5.3|2|8
42.1|93.43|1173|388|5.3|5.3|2|8
42.2|93.42|1286|389|5.3|5.3|2|8
42.3|93.41|1302|388|5.3|5.3|2|8
42.4|93.25|1330|388|5.3|5.3|2|8
42.5|93.17|1103|388|5.3|5.3|2|8
42.6|93.25|1227|388|5.3|5.3|2|8
42.7|93.04|1307|389|5.3|5.3|2|8
42.8|93.04|1214|390|5.3|5.3|2|8
42.9|92.96|1381|390|5.3|5.3|2|8
43|92.91|1183|389|5.3|5.3|2|8
43.1|92.86|1268|390|5.3|5.3|2|8
43.2|92.74|1165|389|5.3|5.3|2|8
43.3|92.67|1139|388|5.3|5.3|2|8
43.4|92.64|1265|388|5.3|5.3|2|8
43.5|92.6|1211|389|5.3|5.3|2|8
43.6|92.45|1363|390|5.3|5.3|2|8
43.7|92.4|1186|389|5.3|5.3|2|8
43.8|92.37|1170|388|5.3|5.3|2|8
43.9|92.25|1180|389|5.3|5.3|2|8
44|92.17|1314|389|5.3|5.3|2|8
44.1|92.08|1281|390|5.3|5.3|2|8
44.2|91.98|1317|390|5.3|5.3|2|8
44.3|91.94|1289|390|5.3|5.3|2|8
44.4|91.9|1219|390|5.3|5.3|2|8
44.5|91.82|1302|389|5.3|5.3|2|8
44.6|91.69|1291|390|5.3|5.3|2|8
44.7|91.62|1162|390|5.3|5.3|2|8
44.8|91.54|1294|390|5.3|5.3|2|8
44.9|91.49|1198|389|5.3|5.3|2|8
45|91.39|1186|390|5.3|5.3|2|8
45.1|91.26|1232|389|5.3|5.3|2|8
45.2|91.19|1183|389|5.3|5.3|2|8
45.3|91.07|1343|389|5.3|5.3|2|8
45.4|91.05|1131|389|5.3|5.3|2|8
45.5|90.87|1273|390|5.3|5.3|2|8
45.6|90.82|1173|389|5.3|5.3|2|8
45.7|90.72|1240|389|5.3|5.3|2|8
45.8|90.6|1198|389|5.3|5.3|2|8
45.9|90.51|1222|389|5.3|5.3|2|8
46|90.45|1160|389|5.3|5.3|2|8
46.1|90.33|1198|389|5.3|5.3|2|8
46.2|90.29|1302|389|5.3|5.3|2|8
46.3|90.19|1180|389|5.3|5.3|2|8
46.4|90.03|1186|389|5.3|5.3|2|8
46.5|89.89|1307|389|5.3|5.3|2|8
46.6|89.84|1263|389|5.3|5.3|2|8
46.7|89.78|1173|389|5.3|5.3|2|8
46.8|89.6|1317|389|5.3|5.3|2|8
46.9|89.56|1227|390|5.3|5.3|2|8
47|89.41|1157|389|5.3|5.3|2|8
47.1|89.27|1193|390|5.3|5.3|2|8
47.2|89.18|1144|389|5.3|5.3|2|8
47.3|89.07|1211|389|5.3|5.3|2|8
47.4|88.9|1281|388|5.3|5.3|2|8
47.5|88.87|1260|389|5.3|5.3|2|8
47.6|88.72|1314|390|5.3|5.3|2|8
47.7|88.58|1294|390|5.3|5.3|2|8
47.8|88.5|1286|390|5.3|5.3|2|8
47.9|88.32|1242|390|5.3|5.3|2|8
48|88.2|1201|390|5.3|5.3|2|8
48.1|88.09|1157|390|5.3|5.3|2|8
48.2|87.99|1389|390|5.3|5.3|2|8
48.3|87.85|1219|390|5.3|5.3|2|8
48.4|87.7|1307|390|5.3|5.3|2|8
48.5|87.57|1278|389|5.3|5.3|2|8
48.6|87.39|1286|388|5.3|5.3|2|8
48.7|87.3|1309|390|5.3|5.3|2|8
48.8|87.19|1286|390|5.3|5.3|2|8
48.9|87.02|1304|390|5.3|5.3|2|8
49|86.9|1320|390|5.3|5.3|2|8
49.1|86.7|1258|390|5.3|5.3|2|8
49.2|86.6|1152|389|5.3|5.3|2|8
49.3|86.42|1291|389|5.3|5.3|2|8
49.4|86.27|1227|389|5.3|5.3|2|8
49.5|86.15|1286|390|5.3|5.3|2|8
49.6|86|1327|390|5.3|5.3|2|8
49.7|85.87|1286|390|5.3|5.3|2|8
49.8|85.69|1173|389|5.3|5.3|2|8
49.9|85.46|1418|389|5.3|5.3|2|8
50|85.36|1214|389|5.3|5.3|2|8
50.1|85.19|1307|389|5.3|5.3|2|8
50.2|85.02|1175|390|5.3|5.3|2|8
50.3|84.87|1309|390|5.3|5.3|2|8
50.4|84.66|1307|390|5.3|5.3|2|8
50.5|84.5|1351|390|5.3|5.3|2|8
50.6|84.38|1304|389|5.3|5.3|2|8
50.7|84.2|1284|390|5.3|5.3|2|8
50.8|84.03|1338|390|5.3|5.3|2|8
50.9|83.84|1245|390|5.3|5.3|2|8
51|83.64|1258|389|5.3|5.3|2|8
51.1|83.45|1420|390|5.3|5.3|2|8
51.2|83.25|1245|390|5.3|5.3|2|8
51.3|83.09|1273|390|5.3|5.3|2|8
51.4|82.89|1222|389|5.3|5.3|2|8
51.5|82.71|1325|389|5.3|5.3|2|8
51.6|82.43|1412|390|5.3|5.3|6|8
51.7|80.78|1936|389|5.3|5.3|6|8
51.8|78.05|1621|388|5.3|5.3|6|8
51.9|75.25|0|388|5.3|5.3|7|8
52|73.18|0|388|5.3|5.3|7|8
52.1|72.3|0|388|5.3|5.3|7|8
52.2|71.91|0|388|5.3|5.3|7|8
52.3|71.83|0|388|5.3|5.3|7|8
52.4|71.71|0|388|5.3|5.3|7|8
52.5|71.65|0|388|5.3|5.3|7|8
52.6|71.68|0|388|5.3|5.3|7|8
52.7|71.61|0|388|5.3|5.3|7|8
52.8|71.59|0|388|5.3|5.3|7|8
52.9|71.61|0|388|5.3|5.3|7|8
53|71.59|0|388|5.3|5.3|7|8
53.1|71.63|0|388|5.3|5.3|7|8
53.2|71.64|0|388|5.3|5.3|7|8
53.3|71.69|0|388|5.3|5.3|7|8
53.4|71.67|0|388|5.3|5.3|7|8
53.5|71.61|0|388|5.3|5.3|7|8
53.6|71.59|0|388|5.3|5.3|7|8
53.7|71.61|0|388|5.3|5.3|7|8
53.8|71.61|0|388|5.3|5.3|7|8
53.9|71.61|0|388|5.3|5.3|7|8
54|71.61|0|388|5.3|5.3|7|8
54.1|71.68|0|388|5.3|5.3|7|8
54.2|71.6|0|388|5.3|5.3|7|8
54.3|71.6|0|388|5.3|5.3|7|8
54.4|71.61|0|388|5.3|5.3|7|8
54.5|71.6|0|388|5.3|5.3|7|8
54.6|71.6|0|388|5.3|5.3|7|8
54.7|71.61|0|388|5.3|5.3|7|8
54.8|71.6|0|388|5.3|5.3|7|8
54.9|71.6|0|388|5.3|5.3|7|8
55|71.6|0|388|5.3|5.3|7|8
55.1|71.6|0|388|5.3|5.3|7|8
55.2|71.56|0|388|5.3|5.3|7|8
55.3|71.61|0|388|5.3|5.3|7|8
55.4|71.64|0|388|5.3|5.3|7|8
55.5|71.59|0|388|5.3|5.3|7|8
55.6|71.57|0|388|5.3|5.3|7|8
55.7|71.61|0|388|5.3|5.3|7|8
55.8|71.63|0|388|5.3|5.3|7|8
55.9|71.59|0|388|5.3|5.3|7|8
56|71.57|0|388|5.3|5.3|7|8
56.1|71.59|0|388|5.3|5.3|7|8
56.2|71.64|0|388|5.3|5.3|7|8
56.3|71.61|0|388|5.3|5.3|7|8
56.4|71.6|0|388|5.3|5.3|7|8
56.5|71.59|0|388|5.3|5.3|7|8
56.6|71.6|0|388|5.3|5.3|7|8
56.7|71.6|0|388|5.3|5.3|7|8
56.8|71.6|0|388|5.3|5.3|7|8
56.9|71.6|0|388|5.3|5.3|7|8
57|71.6|0|388|5.3|5.3|7|8
57.1|71.59|0|388|5.3|5.3|7|8
57.2|71.59|0|388|5.3|5.3|7|8
57.3|71.59|0|388|5.3|5.3|7|8
57.4|71.59|0|388|5.3|5.3|7|8
57.5|71.6|0|388|5.3|5.3|7|8
57.6|71.59|0|388|5.3|5.3|7|8
57.7|71.59|0|388|5.3|5.3|7|8
57.8|71.59|0|388|5.3|5.3|7|8
57.9|71.6|0|388|5.3|5.3|7|8
58|71.59|0|388|5.3|5.3|7|8
58.1|71.6|0|388|5.3|5.3|7|8
58.2|71.6|0|388|5.3|5.3|7|8
58.3|71.59|0|388|5.3|5.3|7|8
58.4|71.61|0|388|5.3|5.3|7|8
58.5|71.65|0|388|5.3|5.3|7|8
58.6|71.59|0|388|5.3|5.3|7|8
58.7|71.55|0|388|5.3|5.3|7|8
58.8|71.56|0|388|5.3|5.3|7|8
58.9|71.56|0|388|5.3|5.3|7|8
59|71.59|0|388|5.3|5.3|7|8
59.1|71.64|0|388|5.3|5.3|7|8
59.2|71.59|0|388|5.3|5.3|7|8
59.3|71.59|0|388|5.3|5.3|7|8
59.4|71.63|0|388|5.3|5.3|7|8
59.5|71.61|0|388|5.3|5.3|7|8
59.6|71.6|0|388|5.3|5.3|7|8
59.7|71.52|0|388|5.3|5.3|7|8
59.8|71.55|0|388|5.3|5.3|7|8
59.9|71.53|0|388|5.3|5.3|7|8
60|71.6|0|388|5.3|5.3|7|8
60.1|71.6|0|388|5.3|5.3|7|8
60.2|71.59|0|388|5.3|5.3|7|8
60.3|71.64|0|388|5.3|5.3|7|8
60.4|71.6|0|388|5.3|5.3|7|8
60.5|71.56|0|388|5.3|5.3|7|8
60.6|71.55|0|388|5.3|5.3|7|8
60.7|71.55|0|388|5.3|5.3|7|8
60.8|71.53|0|388|5.3|5.3|7|8
60.9|71.6|0|388|5.3|5.3|7|8
61|71.6|0|388|5.3|5.3|7|8
61.1|71.59|0|388|5.3|5.3|7|8
61.2|71.59|0|388|5.3|5.3|7|8
61.3|71.64|0|388|5.3|5.3|7|8
61.4|71.57|0|388|5.3|5.3|7|8
61.5|71.55|0|388|5.3|5.3|7|8
61.6|71.57|0|388|5.3|5.3|7|8
61.7|71.55|0|388|5.3|5.3|7|8
61.8|71.53|0|388|5.3|5.3|7|8
61.9|71.6|0|388|5.3|5.3|7|8
62|71.61|0|390|5.3|5.3|7|8
62.1|71.59|0|391|5.3|5.3|7|8
62.2|71.64|0|391|5.3|5.3|7|8
62.3|71.6|0|391|5.3|5.3|7|8
62.4|71.59|0|391|5.3|5.3|7|8
62.5|71.6|0|392|5.3|5.3|7|8
62.6|71.59|0|392|5.3|5.3|7|8
62.7|71.57|0|392|5.3|5.3|7|8
62.8|71.56|0|392|5.3|5.3|7|8
62.9|71.56|0|392|5.3|5.3|7|8
63|71.57|0|392|5.3|5.3|7|8
63.1|71.59|0|391|5.3|5.3|7|8
63.2|71.6|0|391|5.3|5.3|7|8
63.3|71.59|0|391|5.3|5.3|7|8
63.4|71.56|0|391|5.3|5.3|7|8
63.5|71.56|0|391|5.3|5.3|7|8
63.6|71.57|0|391|5.3|5.3|7|8
63.7|71.59|0|391|5.3|5.3|7|8
63.8|71.6|0|391|5.3|5.3|7|8
63.9|71.6|0|391|5.3|5.3|7|8
64|71.57|0|392|5.3|5.3|7|8
64.1|71.53|0|392|5.3|5.3|7|8
64.2|71.56|0|391|5.3|5.3|7|8
64.3|71.56|0|392|5.3|5.3|7|8
64.4|71.53|0|392|5.3|5.3|7|8
64.5|71.55|0|392|5.3|5.3|7|8
64.6|71.56|0|392|5.3|5.3|7|8
64.7|71.61|0|392|5.3|5.3|7|8
64.8|71.59|0|392|5.3|5.3|7|8
64.9|71.64|0|392|5.3|5.3|8|8
65|71.45|0|392|5.3|5.3|8|8
65.1|71.4|0|392|5.3|5.3|8|8
65.2|71.52|0|392|5.3|5.3|8|8
65.3|71.52|0|392|5.3|5.3|8|8
65.4|71.53|0|392|5.3|5.3|8|8
65.5|71.59|0|392|5.3|5.3|8|8
65.6|71.45|0|392|5.3|5.3|8|8
65.7|71.53|0|392|5.3|5.3|8|8
65.8|71.51|0|392|5.3|5.3|8|8
65.9|71.48|0|392|5.2|5.2|8|8
66|71.51|0|392|5.2|5.2|8|8
66.1|71.48|0|392|5.2|5.2|8|8
66.2|71.52|0|392|5.2|5.2|8|8
66.3|71.53|0|392|5.2|5.2|8|8
66.4|71.56|0|392|5.1|5.1|8|8
66.5|71.56|0|392|5.2|5.2|8|8
66.6|71.65|0|392|5.1|5.1|8|8
66.7|71.45|0|392|5.1|5.1|8|8
66.8|71.52|0|392|5.1|5.1|8|8
66.9|72.58|0|392|5.1|5.1|8|8
67|75.57|0|392|5.1|5.1|8|8
67.1|78.55|0|392|5.1|5.1|8|8
67.2|81.5|0|392|5.1|5.1|8|8
67.3|84.44|0|392|5.1|5.1|8|8
67.4|87.33|0|392|5.1|5.1|8|8
67.5|90.2|0|392|5.1|5.1|8|8
67.6|93.11|0|392|5.1|5.1|8|8
67.7|94.83|0|392|5.1|5.1|8|8
67.8|95.57|0|392|5.1|5.1|8|8
