0|96.08|745|472|3.4|3.4|1|8
0.1|96.06|1026|471|3.4|3.4|1|8
0.2|96.1|1028|470|3.4|3.4|1|8
0.3|96.12|1031|470|3.4|3.5|1|8
0.4|96.05|1031|470|3.5|3.5|1|8
0.5|96.04|1031|470|3.4|3.5|2|8
0.6|95.78|1034|470|3.4|3.5|2|8
0.7|95.43|1034|470|3.4|3.4|2|8
0.8|95.02|1036|470|3.4|3.5|2|8
0.9|94.56|1041|470|3.4|3.5|2|8
1|94.06|1041|470|3.5|3.5|2|8
1.1|93.58|1155|470|3.5|3.5|2|8
1.2|93.13|1678|468|3.5|3.5|3|8
1.3|92.9|1742|468|3.5|3.5|3|8
1.4|92.7|1763|468|3.5|3.5|3|8
1.5|92.66|1776|468|3.5|3.5|3|8
1.6|92.6|1786|468|3.5|3.5|3|8
1.7|92.59|1796|468|3.5|3.5|3|8
1.8|92.52|1799|467|3.5|3.5|3|8
1.9|92.48|1804|467|3.5|3.5|3|8
2|92.47|1809|467|3.5|3.5|3|8
2.1|92.51|1812|467|3.5|3.5|3|8
2.2|92.49|1817|467|3.5|3.5|3|8
2.3|92.41|1812|467|3.5|3.5|3|8
2.4|92.49|1820|467|3.5|3.6|3|8
2.5|92.52|1825|467|3.5|3.6|3|8
2.6|92.56|1825|467|3.6|3.6|3|8
2.7|92.52|1827|467|3.6|3.6|3|8
2.8|92.56|1830|467|3.6|3.6|3|8
2.9|92.58|1830|467|3.6|3.6|3|8
3|92.51|1832|466|3.6|3.6|3|8
3.1|92.49|1835|466|3.6|3.6|3|8
3.2|92.47|1835|466|3.6|3.6|4|8
3.3|92.51|1832|466|3.6|3.6|4|8
3.4|92.9|1817|466|3.6|3.6|4|8
3.5|93.39|1193|468|3.6|3.6|5|8
3.6|93.77|1046|468|3.6|3.6|5|8
3.7|93.89|1044|469|3.6|3.6|5|8
3.8|94|1046|469|3.6|3.6|5|8
3.9|94.09|1046|470|3.6|3.6|5|8
4|94.06|1044|469|3.6|3.6|5|8
4.1|94.12|1044|469|3.6|3.6|5|8
4.2|94.13|1044|470|3.6|3.6|5|8
4.3|94.1|1044|469|3.6|3.6|5|8
4.4|94.1|1046|469|3.6|3.6|5|8
4.5|94.1|1044|470|3.6|3.6|5|8
4.6|94.12|1046|469|3.6|3.6|5|8
4.7|94.09|1041|469|3.6|3.6|5|8
4.8|94.1|1044|469|3.6|3.6|5|8
4.9|94.1|1049|470|3.6|3.6|5|8
5|94.1|1044|469|3.6|3.6|5|8
5.1|94.12|1044|469|3.6|3.6|5|8
5.2|94.1|1044|470|3.6|3.6|5|8
5.3|94.09|1039|470|3.6|3.6|5|8
5.4|94.13|1044|469|3.6|3.6|5|8
5.5|94.12|1041|469|3.6|3.6|2|8
5.6|94.06|1044|469|3.6|3.6|2|8
5.7|93.78|1049|469|3.6|3.6|2|8
5.8|93.38|1049|468|3.6|3.6|2|8
5.9|92.94|1376|468|3.6|3.6|2|8
6|92.63|1799|467|3.6|3.6|3|8
6.1|92.4|1832|466|3.6|3.6|3|8
6.2|92.27|1845|466|3.6|3.6|3|8
6.3|92.15|1853|466|3.6|3.6|3|8
6.4|92.13|1856|466|3.6|3.6|3|8
6.5|92.12|1858|466|3.6|3.6|3|8
6.6|92.11|1861|466|3.6|3.6|3|8
6.7|92.12|1863|466|3.6|3.6|3|8
6.8|92.05|1866|466|3.6|3.6|3|8
6.9|92.08|1869|466|3.6|3.6|3|8
7|92.11|1874|466|3.6|3.6|3|8
7.1|92.12|1874|466|3.6|3.6|3|8
7.2|92.09|1874|466|3.6|3.6|3|8
7.3|92.13|1881|466|3.6|3.6|3|8
7.4|92.09|1876|466|3.6|3.6|3|8
7.5|92.09|1876|465|3.6|3.7|3|8
7.6|92.11|1879|466|3.6|3.6|3|8
7.7|92.09|1879|466|3.6|3.7|3|8
7.8|92.08|1881|466|3.6|3.7|3|8
7.9|92.09|1881|466|3.7|3.7|3|8
8|92.11|1881|466|3.7|3.7|4|8
8.1|92.37|1876|465|3.7|3.7|4|8
8.2|92.66|1851|465|3.7|3.7|4|8
8.3|93.14|1142|466|3.7|3.7|5|8
8.4|93.46|1067|467|3.7|3.7|5|8
8.5|93.61|1064|468|3.7|3.7|5|8
8.6|93.76|1064|467|3.7|3.7|5|8
8.7|93.82|1064|468|3.7|3.7|5|8
8.8|93.7|1064|468|3.7|3.7|5|8
8.9|93.82|1059|468|3.7|3.7|5|8
9|93.76|1062|468|3.7|3.7|5|8
9.1|93.82|1062|467|3.7|3.7|5|8
9.2|93.73|1064|466|3.7|3.7|5|8
9.3|93.84|1064|464|3.7|3.7|5|8
9.4|93.73|1067|464|3.7|3.7|5|8
9.5|93.82|1062|464|3.7|3.7|5|8
9.6|93.68|1067|464|3.7|3.7|5|8
9.7|93.78|1070|464|3.7|3.7|5|8
9.8|93.69|1067|464|3.7|3.7|5|8
9.9|93.77|1067|464|3.7|3.7|5|8
10|93.73|1067|464|3.7|3.7|5|8
10.1|93.77|1067|464|3.7|3.7|5|8
10.2|93.82|1070|462|3.7|3.7|5|8
10.3|93.74|1070|461|3.7|3.7|2|8
10.4|93.62|1070|459|3.7|3.7|2|8
10.5|93.33|1070|459|3.7|3.7|2|8
10.6|92.94|1070|459|3.7|3.7|2|8
10.7|92.51|1750|458|3.7|3.7|3|8
10.8|92.23|1858|458|3.7|3.7|3|8
10.9|92.08|1876|458|3.7|3.7|3|8
11|92.02|1889|458|3.7|3.7|3|8
11.1|91.98|1902|458|3.7|3.7|3|8
11.2|91.94|1905|459|3.7|3.7|3|8
11.3|91.93|1907|459|3.7|3.7|3|8
11.4|91.94|1907|459|3.7|3.7|3|8
11.5|91.92|1910|459|3.7|3.7|3|8
11.6|91.89|1910|459|3.7|3.7|3|8
11.7|91.89|1912|459|3.7|3.7|3|8
11.8|91.89|1912|458|3.7|3.7|3|8
11.9|91.92|1910|458|3.7|3.7|3|8
12|91.92|1912|459|3.7|3.7|3|8
12.1|91.92|1912|459|3.7|3.7|3|8
12.2|91.9|1915|458|3.7|3.7|3|8
12.3|91.93|1918|459|3.7|3.7|3|8
12.4|91.93|1915|459|3.7|3.7|3|8
12.5|91.8|1915|459|3.7|3.7|3|8
12.6|91.88|1915|459|3.7|3.7|3|8
12.7|91.88|1918|459|3.7|3.7|4|8
12.8|91.86|1918|459|3.7|3.7|4|8
12.9|92.29|1902|459|3.7|3.7|4|8
13|92.7|1379|460|3.7|3.7|4|8
13.1|93.13|1085|460|3.7|3.7|5|8
13.2|93.3|1077|460|3.7|3.7|5|8
13.3|93.41|1077|460|3.7|3.7|5|8
13.4|93.45|1080|460|3.7|3.7|5|8
13.5|93.47|1077|459|3.7|3.7|5|8
13.6|93.46|1075|459|3.7|3.7|5|8
13.7|93.5|1075|459|3.7|3.7|5|8
13.8|93.5|1075|459|3.7|3.7|5|8
13.9|93.53|1075|459|3.7|3.7|5|8
14|93.57|1075|459|3.7|3.7|5|8
14.1|93.53|1075|459|3.7|3.7|5|8
14.2|93.49|1075|459|3.7|3.7|5|8
14.3|93.45|1072|459|3.7|3.7|5|8
14.4|93.46|1075|460|3.7|3.7|5|8
14.5|93.46|1075|460|3.7|3.7|5|8
14.6|93.51|1075|460|3.7|3.7|5|8
14.7|93.54|1077|460|3.7|3.7|5|8
14.8|93.57|1077|460|3.7|3.7|5|8
14.9|93.51|1075|460|3.7|3.7|5|8
15|93.5|1077|460|3.7|3.7|5|8
15.1|93.43|1077|460|3.7|3.7|2|8
15.2|93.19|1077|460|3.7|3.7|2|8
15.3|92.82|1075|460|3.7|3.7|2|8
15.4|92.43|1559|461|3.7|3.7|2|8
15.5|92.07|1861|459|3.7|3.7|3|8
15.6|91.9|1894|459|3.7|3.7|3|8
15.7|91.76|1910|459|3.7|3.7|3|8
15.8|91.66|1915|459|3.7|3.7|3|8
15.9|91.69|1923|459|3.7|3.7|3|8
16|91.64|1925|460|3.7|3.7|3|8
16.1|91.62|1936|460|3.7|3.7|3|8
16.2|91.69|1930|460|3.7|3.7|3|8
16.3|91.64|1933|460|3.7|3.7|3|8
16.4|91.64|1933|460|3.7|3.7|3|8
16.5|91.62|1936|460|3.7|3.7|3|8
16.6|91.65|1936|460|3.7|3.7|3|8
16.7|91.65|1938|460|3.7|3.7|3|8
16.8|91.68|1938|460|3.7|3.7|3|8
16.9|91.64|1941|461|3.7|3.7|3|8
17|91.64|1938|460|3.7|3.7|3|8
17.1|91.64|1938|460|3.7|3.7|3|8
17.2|91.6|1938|460|3.7|3.7|3|8
17.3|91.64|1938|460|3.7|3.7|3|8
17.4|91.66|1943|460|3.7|3.7|3|8
17.5|91.66|1933|461|3.7|3.7|4|8
17.6|91.89|1936|461|3.7|3.7|4|8
17.7|92.29|1861|460|3.7|3.7|4|8
17.8|92.76|1152|460|3.7|3.7|5|8
17.9|93.09|1095|461|3.7|3.7|5|8
18|93.15|1093|461|3.7|3.7|5|8
18.1|93.3|1093|461|3.7|3.7|5|8
18.2|93.3|1093|461|3.7|3.7|5|8
18.3|93.31|1090|461|3.7|3.7|5|8
18.4|93.35|1090|461|3.7|3.7|5|8
18.5|93.38|1088|461|3.7|3.7|5|8
18.6|93.34|1085|461|3.7|3.7|5|8
18.7|93.3|1085|461|3.7|3.7|5|8
18.8|93.33|1085|461|3.7|3.7|5|8
18.9|93.31|1085|461|3.7|3.7|5|8
19|93.33|1085|461|3.7|3.7|5|8
19.1|93.33|1085|461|3.7|3.7|5|8
19.2|93.35|1090|454|3.7|3.7|5|8
19.3|93.42|1090|447|3.7|3.7|5|8
19.4|93.35|1088|446|3.7|3.7|5|8
19.5|93.33|1085|445|3.7|3.7|5|8
19.6|93.31|1090|445|3.7|3.7|5|8
19.7|93.31|1088|445|3.7|3.7|5|8
19.8|93.33|1090|444|3.7|3.7|2|8
19.9|93.27|1090|444|3.7|3.7|2|8
20|92.94|1093|446|3.7|3.7|2|8
20.1|92.49|1090|444|3.7|3.7|2|8
20.2|92.05|1753|446|3.7|3.7|3|8
20.3|91.74|1897|446|3.7|3.7|3|8
20.4|91.64|1923|447|3.7|3.7|3|8
20.5|91.6|1933|447|3.7|3.7|3|8
20.6|91.56|1941|448|3.7|3.7|3|8
20.7|91.47|1943|448|3.7|3.7|3|8
20.8|91.49|1941|448|3.7|3.7|3|8
20.9|91.45|1948|448|3.7|3.7|3|8
21|91.39|1954|447|3.7|3.7|3|8
21.1|91.43|1951|447|3.7|3.7|3|8
21.2|91.42|1951|447|3.7|3.7|3|8
21.3|91.41|1954|447|3.7|3.7|3|8
21.4|91.41|1954|447|3.7|3.7|3|8
21.5|91.43|1954|447|3.7|3.7|3|8
21.6|91.46|1956|447|3.7|3.7|3|8
21.7|91.47|1956|448|3.7|3.7|3|8
21.8|91.46|1956|448|3.7|3.7|3|8
21.9|91.43|1956|448|3.7|3.7|3|8
22|91.37|1959|448|3.7|3.7|3|8
22.1|91.35|1959|447|3.7|3.7|3|8
22.2|91.46|1959|448|3.7|3.7|4|8
22.3|91.49|1959|448|3.7|3.7|4|8
22.4|91.77|1946|448|3.7|3.7|4|8
22.5|92.24|1832|448|3.7|3.7|4|8
22.6|92.7|1129|447|3.7|3.7|5|8
22.7|92.95|1101|446|3.7|3.7|5|8
22.8|93.1|1103|446|3.7|3.7|5|8
22.9|93.14|1101|446|3.7|3.7|5|8
23|93.19|1103|446|3.7|3.7|5|8
23.1|93.19|1098|446|3.7|3.7|5|8
23.2|93.22|1095|446|3.7|3.7|5|8
23.3|93.23|1098|445|3.7|3.7|5|8
23.4|93.15|1098|446|3.7|3.7|5|8
23.5|93.09|1098|445|3.7|3.7|5|8
23.6|93.19|1098|445|3.7|3.7|5|8
23.7|93.19|1098|445|3.7|3.7|5|8
23.8|93.19|1098|445|3.7|3.7|5|8
23.9|93.18|1098|445|3.7|3.7|5|8
24|93.18|1098|445|3.7|3.7|5|8
24.1|93.18|1101|445|3.7|3.7|5|8
24.2|93.19|1101|445|3.7|3.7|5|8
24.3|93.19|1101|445|3.7|3.7|5|8
24.4|93.21|1101|445|3.7|3.7|5|8
24.5|93.19|1101|445|3.7|3.7|5|8
24.6|93.21|1101|445|3.7|3.7|2|8
24.7|93|1101|445|3.7|3.7|2|8
24.8|92.64|1098|445|3.7|3.7|2|8
24.9|92.19|1216|445|3.7|3.7|2|8
25|91.77|1784|446|3.7|3.7|3|8
25.1|91.57|1910|447|3.7|3.7|3|8
25.2|91.37|1936|447|3.7|3.7|3|8
25.3|91.27|1948|448|3.7|3.7|3|8
25.4|91.23|1954|448|3.7|3.7|3|8
25.5|91.18|1956|448|3.7|3.7|3|8
25.6|91.21|1959|448|3.7|3.7|3|8
25.7|91.19|1961|448|3.7|3.7|3|8
25.8|91.23|1964|448|3.7|3.7|3|8
25.9|91.25|1966|448|3.7|3.7|3|8
26|91.26|1966|448|3.7|3.7|3|8
26.1|91.07|1966|448|3.7|3.7|3|8
26.2|91.21|1966|448|3.7|3.7|3|8
26.3|91.22|1974|448|3.7|3.7|3|8
26.4|91.18|1969|448|3.7|3.7|3|8
26.5|91.18|1969|448|3.7|3.7|3|8
26.6|91.18|1969|448|3.7|3.7|3|8
26.7|91.15|1969|448|3.7|3.7|3|8
26.8|91.17|1964|448|3.7|3.7|3|8
26.9|91.19|1969|448|3.7|3.7|3|8
27|91.15|1969|448|3.7|3.7|4|8
27.1|91.17|1969|448|3.7|3.7|4|8
27.2|91.47|1959|448|3.7|3.7|4|8
27.3|92|1531|448|3.7|3.7|4|8
27.4|92.43|1116|446|3.7|3.7|5|8
27.5|92.6|1108|446|3.7|3.7|5|8
27.6|92.67|1106|446|3.7|3.7|5|8
27.7|92.76|1106|446|3.7|3.7|5|8
27.8|92.78|1106|446|3.7|3.7|5|8
27.9|92.79|1106|446|3.7|3.7|5|8
28|92.8|1106|446|3.8|3.7|5|8
28.1|92.8|1106|446|3.8|3.7|5|8
28.2|92.78|1106|446|3.8|3.7|5|8
28.3|92.78|1106|446|3.8|3.7|5|8
28.4|92.76|1106|446|3.7|3.7|5|8
28.5|92.75|1106|446|3.8|3.8|5|8
28.6|92.82|1106|446|3.8|3.7|5|8
28.7|92.82|1106|446|3.8|3.8|5|8
28.8|92.76|1106|446|3.8|3.8|5|8
28.9|92.76|1106|446|3.8|3.7|5|8
29|92.79|1103|446|3.8|3.7|5|8
29.1|92.82|1103|446|3.8|3.8|5|8
29.2|92.79|1108|441|3.8|3.8|5|8
29.3|92.75|1108|438|3.8|3.8|5|8
29.4|92.79|1108|437|3.8|3.7|2|8
29.5|92.59|1108|436|3.8|3.8|2|8
29.6|92.13|1108|436|3.8|3.8|2|8
29.7|91.64|1505|436|3.8|3.8|2|8
29.8|91.35|1905|436|3.8|3.7|3|8
29.9|91.23|1941|437|3.8|3.7|3|8
30|91.06|1956|438|3.8|3.8|3|8
30.1|91.05|1969|438|3.8|3.8|3|8
30.2|91.05|1969|438|3.8|3.7|3|8
30.3|90.94|1977|438|3.8|3.8|3|8
30.4|90.99|1982|438|3.8|3.8|3|8
30.5|90.95|1985|438|3.8|3.7|3|8
30.6|90.91|1982|438|3.8|3.8|3|8
30.7|90.96|1982|438|3.8|3.8|3|8
30.8|91.02|1982|438|3.8|3.8|3|8
30.9|90.96|1985|438|3.8|3.8|3|8
31|90.98|1987|438|3.8|3.8|3|8
31.1|90.94|1982|438|3.8|3.8|3|8
31.2|90.96|1985|438|3.8|3.7|3|8
31.3|90.98|1985|438|3.8|3.8|3|8
31.4|90.98|1987|438|3.8|3.8|3|8
31.5|90.98|1987|438|3.8|3.8|3|8
31.6|90.94|1987|438|3.8|3.8|3|8
31.7|90.96|1987|438|3.8|3.8|3|8
31.8|90.99|1987|438|3.8|3.8|4|8
31.9|91.19|1982|438|3.8|3.8|4|8
32|91.57|1856|438|3.8|3.8|4|8
32.1|92.07|1129|438|3.8|3.8|5|8
32.2|92.37|1116|437|3.8|3.8|5|8
32.3|92.47|1113|436|3.8|3.8|5|8
32.4|92.53|1113|436|3.8|3.8|5|8
32.5|92.52|1111|436|3.8|3.8|5|8
32.6|92.52|1113|436|3.8|3.8|5|8
32.7|92.53|1113|436|3.8|3.8|5|8
32.8|92.51|1113|436|3.8|3.8|5|8
32.9|92.52|1113|436|3.8|3.8|5|8
33|92.56|1116|436|3.8|3.8|5|8
33.1|92.59|1113|436|3.8|3.8|5|8
33.2|92.55|1113|436|3.8|3.8|5|8
33.3|92.58|1111|436|3.8|3.8|5|8
33.4|92.49|1113|436|3.8|3.8|5|8
33.5|92.49|1113|436|3.8|3.8|5|8
33.6|92.53|1113|436|3.8|3.8|5|8
33.7|92.58|1113|436|3.8|3.8|5|8
33.8|92.53|1113|437|3.8|3.8|5|8
33.9|92.53|1113|437|3.8|3.8|5|8
34|92.53|1113|436|3.8|3.8|5|8
34.1|92.55|1113|437|3.8|3.8|2|8
34.2|92.29|1111|437|3.8|3.8|2|8
34.3|91.93|1113|437|3.8|3.8|2|8
34.4|91.54|1601|437|3.8|3.8|3|8
34.5|91.26|1918|437|3.8|3.8|3|8
34.6|91.03|1946|437|3.8|3.8|3|8
34.7|90.96|1966|438|3.8|3.8|3|8
34.8|90.9|1972|438|3.8|3.8|3|8
34.9|90.94|1977|438|3.8|3.8|3|8
35|90.86|2008|438|3.8|3.8|3|8
35.1|90.82|1987|438|3.8|3.8|3|8
35.2|90.84|1987|438|3.8|3.8|3|8
35.3|90.79|1990|438|3.8|3.8|3|8
35.4|90.84|1992|438|3.8|3.8|3|8
35.5|90.91|1992|438|3.8|3.8|3|8
35.6|90.87|1992|438|3.8|3.8|3|8
35.7|90.82|1992|438|3.8|3.8|3|8
35.8|90.95|1992|438|3.8|3.8|3|8
35.9|90.79|1995|438|3.8|3.8|3|8
36|90.83|1995|438|3.8|3.8|3|8
36.1|90.87|1995|438|3.8|3.8|3|8
36.2|90.96|1995|438|3.8|3.8|3|8
36.3|90.82|1995|438|3.8|3.8|3|8
36.4|90.94|1995|438|3.8|3.8|4|8
36.5|90.88|1997|438|3.8|3.8|4|8
36.6|91.23|1987|438|3.8|3.8|4|8
36.7|91.54|1897|438|3.8|3.8|4|8
36.8|92.05|1250|437|3.8|3.8|2|8
36.9|92.28|1121|438|3.8|3.8|2|8
37|92.29|1119|439|3.8|3.8|2|8
37.1|92.21|1113|439|3.8|3.8|2|8
37.2|92.09|1113|439|3.8|3.8|2|8
37.3|92.13|1116|438|3.8|3.8|2|8
37.4|92.09|1113|438|3.8|3.8|2|8
37.5|92.02|1113|439|3.8|3.8|2|8
37.6|91.96|1113|438|3.8|3.8|2|8
37.7|91.88|1116|438|3.8|3.8|2|8
37.8|91.85|1137|438|3.8|3.8|2|8
37.9|91.7|1137|438|3.8|3.8|2|8
38|91.7|1173|438|3.8|3.8|2|8
38.1|91.6|1119|438|3.8|3.8|2|8
38.2|91.58|1160|439|3.8|3.8|2|8
38.3|91.56|1129|438|3.8|3.8|2|8
38.4|91.49|1425|439|3.8|3.8|2|8
38.5|91.37|1611|438|3.8|3.8|2|8
38.6|91.33|1742|438|3.8|3.8|2|8
38.7|91.49|1724|437|3.8|3.8|2|8
38.8|91.61|1214|436|3.8|3.8|2|8
38.9|91.78|1119|438|3.8|3.8|2|8
39|91.86|1116|438|3.8|3.8|2|8
39.1|91.73|1119|438|3.8|3.8|2|8
39.2|91.68|1124|431|3.8|3.8|2|8
39.3|91.64|1119|426|3.8|3.8|2|8
39.4|91.57|1119|424|3.8|3.8|2|8
39.5|91.56|1119|424|3.8|3.8|2|8
39.6|91.57|1119|424|3.8|3.8|2|8
39.7|91.42|1165|424|3.8|3.8|2|8
39.8|91.37|1155|423|3.8|3.8|2|8
39.9|91.3|1673|423|3.8|3.8|2|8
40|91.26|1845|424|3.8|3.8|2|8
40.1|91.42|1820|424|3.8|3.8|2|8
40.2|91.57|1487|424|3.8|3.8|2|8
40.3|91.77|1124|424|3.8|3.8|2|8
40.4|91.78|1121|423|3.8|3.8|2|8
40.5|91.86|1116|423|3.8|3.8|2|8
40.6|91.72|1119|423|3.8|3.8|2|8
40.7|91.66|1116|423|3.8|3.8|2|8
40.8|91.58|1116|422|3.8|3.8|2|8
40.9|91.58|1116|422|3.8|3.8|2|8
41|91.56|1116|422|3.8|3.8|2|8
41.1|91.49|1168|423|3.8|3.8|2|8
41.2|91.34|1188|423|3.8|3.8|2|8
41.3|91.35|1670|423|3.8|3.8|2|8
41.4|91.37|1402|424|3.8|3.8|2|8
41.5|91.5|1129|424|3.8|3.8|2|8
41.6|91.54|1119|424|3.8|3.8|2|8
41.7|91.5|1116|424|3.8|3.8|2|8
41.8|91.35|1116|423|3.8|3.8|2|8
41.9|91.37|1173|423|3.8|3.8|2|8
42|91.3|1322|422|3.8|3.8|2|8
42.1|91.23|1188|423|3.8|3.8|2|8
42.2|91.22|1260|424|3.8|3.8|2|8
42.3|91.05|1186|424|3.8|3.8|2|8
42.4|91.05|1147|423|3.8|3.8|2|8
42.5|91|1284|423|3.8|3.8|2|8
42.6|90.95|1265|423|3.8|3.8|2|8
42.7|90.84|1258|423|3.8|3.8|2|8
42.8|90.82|1482|424|3.8|3.8|2|8
42.9|90.68|1348|422|3.8|3.8|2|8
43|90.67|1232|422|3.8|3.8|2|8
43.1|90.62|1296|422|3.8|3.8|2|8
43.2|90.54|1245|423|3.8|3.8|2|8
43.3|90.43|1168|423|3.8|3.8|2|8
43.4|90.4|1247|423|3.8|3.8|2|8
43.5|90.35|1369|424|3.8|3.8|2|8
43.6|90.31|1399|424|3.8|3.8|2|8
43.7|90.2|1286|422|3.8|3.8|2|8
43.8|90.03|1188|422|3.8|3.8|2|8
43.9|90.05|1209|422|3.8|3.8|2|8
44|89.96|1245|424|3.8|3.8|2|8
44.1|89.89|1335|422|3.8|3.8|2|8
44.2|89.74|1338|424|3.8|3.8|2|8
44.3|89.77|1353|424|3.8|3.8|2|8
44.4|89.61|1206|424|3.8|3.8|2|8
44.5|89.54|1170|423|3.8|3.8|2|8
44.6|89.52|1307|424|3.8|3.8|2|8
44.7|89.39|1232|424|3.8|3.8|2|8
44.8|89.33|1237|423|3.8|3.8|2|8
44.9|89.19|1314|422|3.8|3.8|2|8
45|89.13|1209|422|3.8|3.8|2|8
45.1|89.06|1245|423|3.8|3.8|2|8
45.2|88.99|1325|423|3.8|3.8|2|8
45.3|88.9|1314|424|3.8|3.8|2|8
45.4|88.78|1271|424|3.8|3.8|2|8
45.5|88.76|1237|424|3.8|3.8|2|8
45.6|88.6|1289|424|3.8|3.8|2|8
45.7|88.48|1265|423|3.8|3.8|2|8
45.8|88.39|1237|422|3.8|3.8|2|8
45.9|88.33|1198|423|3.8|3.8|2|8
46|88.25|1322|424|3.8|3.8|2|8
46.1|88.11|1188|424|3.8|3.8|2|8
46.2|88.05|1198|423|3.8|3.8|2|8
46.3|87.93|1348|424|3.8|3.8|2|8
46.4|87.84|1263|424|3.8|3.8|2|8
46.5|87.68|1255|424|3.8|3.8|2|8
46.6|87.6|1284|422|3.8|3.8|2|8
46.7|87.54|1224|422|3.8|3.8|2|8
46.8|87.45|1242|421|3.8|3.8|2|8
46.9|87.18|1201|422|3.8|3.8|2|8
47|87.23|1258|423|3.8|3.8|2|8
47.1|87.03|1268|423|3.8|3.8|2|8
47.2|87.02|1227|422|3.8|3.8|2|8
47.3|86.86|1291|423|3.8|3.8|2|8
47.4|86.8|1371|422|3.8|3.8|2|8
47.5|86.63|1284|422|3.8|3.8|2|8
47.6|86.55|1304|424|3.8|3.8|2|8
47.7|86.39|1312|424|3.8|3.8|2|8
47.8|86.23|1209|424|3.8|3.8|2|8
47.9|86.13|1302|425|3.8|3.8|2|8
48|86.03|1402|424|3.8|3.8|2|8
48.1|85.91|1198|424|3.8|3.8|2|8
48.2|85.74|1309|426|3.8|3.8|2|8
48.3|85.61|1206|426|3.8|3.8|2|8
48.4|85.45|1296|426|3.8|3.8|2|8
48.5|85.4|1214|426|3.8|3.8|2|8
48.6|85.22|1448|426|3.8|3.8|2|8
48.7|85.13|1322|427|3.8|3.8|2|8
48.8|85.05|1366|426|3.8|3.8|2|8
48.9|84.97|1219|426|3.8|3.8|2|8
49|84.94|1276|426|3.8|3.8|2|8
49.1|84.79|1201|424|3.8|3.8|2|8
49.2|84.78|1232|416|3.8|3.8|2|8
49.3|84.67|1219|412|3.8|3.8|2|8
49.4|84.64|1168|409|3.8|3.8|2|8
49.5|84.51|1137|408|3.8|3.8|2|8
49.6|84.48|1175|408|3.8|3.8|2|8
49.7|84.35|1201|408|3.8|3.8|2|8
49.8|84.31|1392|408|3.8|3.8|2|8
49.9|84.21|1204|408|3.8|3.8|2|8
50|84.19|1204|408|3.8|3.8|2|8
50.1|84.07|1353|409|3.8|3.8|2|8
50.2|83.83|1250|409|3.8|3.8|2|8
50.3|83.89|1224|409|3.8|3.8|2|8
50.4|83.81|1278|408|3.8|3.8|2|8
50.5|83.69|1415|409|3.8|3.8|2|8
50.6|83.58|1405|409|3.8|3.8|2|8
50.7|83.44|1245|408|3.8|3.8|2|8
50.8|83.34|1314|408|3.8|3.8|2|8
50.9|83.18|1157|408|3.8|3.8|2|8
51|83.15|1211|408|3.8|3.8|2|8
51.1|82.99|1240|408|3.8|3.8|2|8
51.2|82.83|1255|408|3.8|3.8|2|8
51.3|82.77|1379|408|3.8|3.8|2|8
51.4|82.58|1258|408|3.8|3.8|2|8
51.5|82.51|1441|408|3.8|3.8|2|8
51.6|82.39|1289|408|3.8|3.8|2|8
51.7|82.15|1186|407|3.8|3.8|2|8
51.8|82.11|1402|407|3.8|3.8|2|8
51.9|81.96|1351|408|3.8|3.8|2|8
52|81.77|1227|408|3.8|3.8|2|8
52.1|81.53|1294|408|3.8|3.8|2|8
52.2|81.44|1399|408|3.8|3.8|2|8
52.3|81.26|1338|408|3.8|3.8|2|8
52.4|81.13|1374|408|3.8|3.8|2|8
52.5|80.97|1412|408|3.8|3.8|2|8
52.6|80.78|1430|409|3.8|3.8|2|8
52.7|80.59|1276|408|3.8|3.8|2|8
52.8|80.43|1260|408|3.8|3.8|2|8
52.9|79.97|1606|408|3.8|3.8|6|8
53|77.8|2026|408|3.8|3.8|6|8
53.1|75.04|637|409|3.8|3.8|7|8
53.2|72.43|0|406|3.8|3.8|7|8
53.3|70.86|0|404|3.8|3.8|7|8
53.4|70.16|0|403|3.8|3.8|7|8
53.5|69.8|0|401|3.8|3.8|7|8
53.6|69.71|0|401|3.8|3.8|7|8
53.7|69.53|0|400|3.8|3.8|7|8
53.8|69.49|0|400|3.8|3.8|7|8
53.9|69.49|0|400|3.8|3.8|7|8
54|69.49|0|400|3.8|3.8|7|8
54.1|69.48|0|400|3.8|3.8|7|8
54.2|69.48|0|399|3.8|3.8|7|8
54.3|69.47|0|399|3.8|3.8|7|8
54.4|69.45|0|399|3.8|3.8|7|8
54.5|69.47|0|399|3.8|3.8|7|8
54.6|69.47|0|398|3.8|3.8|7|8
54.7|69.47|0|398|3.8|3.8|7|8
54.8|69.45|0|398|3.8|3.8|7|8
54.9|69.45|0|398|3.8|3.8|7|8
55|69.47|0|398|3.8|3.8|7|8
55.1|69.45|0|398|3.8|3.8|7|8
55.2|69.47|0|399|3.8|3.8|7|8
55.3|69.47|0|399|3.8|3.8|7|8
55.4|69.47|0|399|3.8|3.8|7|8
55.5|69.47|0|399|3.8|3.8|7|8
55.6|69.47|0|399|3.8|3.8|7|8
55.7|69.49|0|399|3.8|3.8|7|8
55.8|69.51|0|399|3.8|3.8|7|8
55.9|69.48|0|399|3.8|3.8|7|8
56|69.51|0|399|3.8|3.8|7|8
56.1|69.49|0|399|3.8|3.8|7|8
56.2|69.47|0|399|3.8|3.8|7|8
56.3|69.47|0|399|3.8|3.8|7|8
56.4|69.45|0|399|3.8|3.8|7|8
56.5|69.41|0|399|3.8|3.8|7|8
56.6|69.44|0|399|3.8|3.8|7|8
56.7|69.41|0|399|3.8|3.8|7|8
56.8|69.44|0|399|3.8|3.8|7|8
56.9|69.44|0|399|3.8|3.8|7|8
57|69.44|0|399|3.8|3.8|7|8
57.1|69.47|0|399|3.8|3.8|7|8
57.2|69.49|0|399|3.8|3.8|7|8
57.3|69.48|0|399|3.8|3.8|7|8
57.4|69.45|0|399|3.8|3.8|7|8
57.5|69.47|0|399|3.8|3.8|7|8
57.6|69.48|0|399|3.8|3.8|7|8
57.7|69.47|0|399|3.8|3.8|7|8
57.8|69.43|0|399|3.8|3.8|7|8
57.9|69.43|0|399|3.8|3.8|7|8
58|69.43|0|399|3.8|3.8|7|8
58.1|69.43|0|400|3.8|3.8|7|8
58.2|69.43|0|400|3.8|3.8|7|8
58.3|69.4|0|400|3.8|3.8|7|8
58.4|69.43|0|400|3.8|3.8|7|8
58.5|69.43|0|400|3.8|3.8|7|8
58.6|69.45|0|400|3.8|3.8|7|8
58.7|69.47|0|400|3.8|3.8|7|8
58.8|69.49|0|400|3.8|3.8|7|8
58.9|69.48|0|400|3.8|3.8|7|8
59|69.45|0|400|3.8|3.8|7|8
59.1|69.43|0|400|3.8|3.8|7|8
59.2|69.43|0|400|3.8|3.8|7|8
59.3|69.44|0|400|3.8|3.8|7|8
59.4|69.44|0|400|3.8|3.8|7|8
59.5|69.44|0|400|3.8|3.8|7|8
59.6|69.43|0|400|3.8|3.8|7|8
59.7|69.4|0|400|3.8|3.8|7|8
59.8|69.45|0|400|3.8|3.8|7|8
59.9|69.48|0|400|3.8|3.8|7|8
60|69.48|0|400|3.8|3.8|7|8
60.1|69.47|0|400|3.8|3.8|7|8
60.2|69.4|0|400|3.8|3.8|7|8
60.3|69.43|0|399|3.8|3.8|7|8
60.4|69.43|0|400|3.8|3.8|7|8
60.5|69.45|0|399|3.8|3.8|7|8
60.6|69.45|0|400|3.8|3.8|7|8
60.7|69.43|0|400|3.8|3.8|7|8
60.8|69.43|0|400|3.8|3.8|7|8
60.9|69.45|0|400|3.8|3.8|7|8
61|69.48|0|400|3.8|3.8|7|8
61.1|69.44|0|400|3.8|3.8|7|8
61.2|69.43|0|400|3.8|3.8|7|8
61.3|69.41|0|400|3.8|3.8|7|8
61.4|69.43|0|400|3.8|3.8|7|8
61.5|69.43|0|400|3.8|3.8|7|8
61.6|69.41|0|400|3.8|3.8|7|8
61.7|69.43|0|400|3.8|3.8|7|8
61.8|69.45|0|400|3.8|3.8|7|8
61.9|69.48|0|400|3.8|3.8|7|8
62|69.43|0|400|3.8|3.8|7|8
62.1|69.41|0|400|3.8|3.8|7|8
62.2|69.43|0|400|3.8|3.8|7|8
62.3|69.41|0|400|3.8|3.8|7|8
62.4|69.44|0|400|3.8|3.8|7|8
62.5|69.44|0|400|3.8|3.8|7|8
62.6|69.43|0|400|3.8|3.8|7|8
62.7|69.47|0|400|3.8|3.8|7|8
62.8|69.45|0|400|3.8|3.8|7|8
62.9|69.43|0|400|3.8|3.8|7|8
63|69.4|0|400|3.8|3.8|7|8
63.1|69.43|0|400|3.8|3.8|7|8
63.2|69.43|0|400|3.8|3.8|7|8
63.3|69.43|0|400|3.8|3.8|7|8
63.4|69.44|0|400|3.8|3.8|7|8
63.5|69.43|0|400|3.8|3.8|7|8
63.6|69.43|0|400|3.8|3.8|7|8
63.7|69.43|0|400|3.8|3.8|7|8
63.8|69.44|0|400|3.8|3.8|7|8
63.9|69.43|0|400|3.8|3.8|7|8
64|69.43|0|400|3.8|3.8|7|8
64.1|69.43|0|400|3.8|3.8|7|8
64.2|69.43|0|409|3.8|3.8|7|8
64.3|69.41|0|416|3.8|3.8|7|8
64.4|69.41|0|420|3.8|3.8|7|8
64.5|69.41|0|420|3.8|3.8|7|8
64.6|69.43|0|420|3.8|3.8|7|8
64.7|69.43|0|420|3.8|3.8|7|8
64.8|69.43|0|420|3.8|3.8|7|8
64.9|69.43|0|420|3.8|3.8|7|8
65|69.43|0|420|3.8|3.8|7|8
65.1|69.41|0|420|3.8|3.8|7|8
65.2|69.43|0|420|3.8|3.8|7|8
65.3|69.41|0|420|3.8|3.8|7|8
65.4|69.43|0|420|3.8|3.8|7|8
65.5|69.44|0|421|3.8|3.8|7|8
65.6|69.44|0|421|3.8|3.8|7|8
65.7|69.4|0|421|3.8|3.8|7|8
65.8|69.43|0|421|3.8|3.8|7|8
65.9|69.43|0|421|3.8|3.8|7|8
66|69.41|0|421|3.8|3.8|7|8
66.1|69.41|0|421|3.8|3.8|8|8
66.2|69.43|0|421|3.8|3.8|8|8
66.3|69.45|0|421|3.8|3.8|8|8
66.4|69.28|0|422|3.8|3.8|8|8
66.5|69.35|0|422|3.8|3.8|8|8
66.6|69.45|0|422|3.8|3.8|8|8
66.7|69.37|0|422|3.8|3.8|8|8
66.8|69.35|0|422|3.8|3.8|8|8
66.9|69.29|0|422|3.8|3.8|8|8
67|69.36|0|422|3.8|3.8|8|8
67.1|69.45|0|422|3.8|3.8|8|8
67.2|69.39|0|422|3.8|3.8|8|8
67.3|69.35|0|422|3.8|3.8|8|8
67.4|69.28|0|422|3.8|3.8|8|8
67.5|69.35|0|422|3.8|3.8|8|8
67.6|69.4|0|422|3.8|3.8|8|8
67.7|69.4|0|422|3.8|3.8|8|8
67.8|69.36|0|422|3.8|3.8|8|8
67.9|69.3|0|422|3.8|3.8|8|8
68|69.4|0|422|3.8|3.8|8|8
68.1|69.43|0|422|3.8|3.8|8|8
68.2|71.02|0|422|3.8|3.8|8|8
68.3|74.02|0|422|3.8|3.8|8|8
68.4|76.98|0|422|3.8|3.8|8|8
68.5|80|0|422|3.8|3.8|8|8
68.6|82.93|0|422|3.8|3.8|8|8
68.7|85.84|0|422|3.8|3.8|8|8
68.8|88.7|0|422|3.8|3.8|8|8
68.9|91.64|0|422|3.8|3.8|8|8
69|94.12|0|422|3.8|3.8|8|8
69.1|95.23|0|422|3.8|3.8|8|8
69.2|95.69|0|422|3.8|3.8|8|8
