0|96.09|1265|470|4.7|4.7|1|8
0.1|96.06|1534|468|4.7|4.7|1|8
0.2|96.06|1549|466|4.7|4.7|1|8
0.3|96.01|1528|466|4.7|4.7|1|8
0.4|96.02|1028|468|4.7|4.7|1|8
0.5|96.02|1041|468|4.7|4.7|2|8
0.6|95.76|1461|468|4.8|4.7|2|8
0.7|95.41|1629|466|4.8|4.8|3|8
0.8|95.12|1680|466|4.7|4.7|3|8
0.9|95.14|1693|466|4.8|4.8|3|8
1|95.08|1704|466|4.8|4.8|3|8
1.1|95.02|1706|465|4.8|4.8|3|8
1.2|95|1714|465|4.8|4.8|3|8
1.3|95.02|1719|466|4.8|4.8|3|8
1.4|95.02|1722|466|4.8|4.8|3|8
1.5|95.02|1727|466|4.8|4.8|3|8
1.6|95|1727|466|4.8|4.8|3|8
1.7|95.02|1727|466|4.8|4.8|3|8
1.8|95.02|1729|466|4.8|4.8|3|8
1.9|94.98|1729|466|4.8|4.8|3|8
2|95.04|1732|466|4.8|4.8|3|8
2.1|95|1737|466|4.8|4.8|3|8
2.2|95|1737|466|4.8|4.8|3|8
2.3|94.98|1727|466|4.8|4.8|3|8
2.4|95.03|1727|466|4.8|4.8|3|8
2.5|95|1727|466|4.8|4.8|3|8
2.6|94.98|1719|466|4.8|4.8|3|8
2.7|95.04|1714|466|4.8|4.8|4|8
2.8|95.26|1701|466|4.8|4.8|4|8
2.9|95.69|1644|466|4.8|4.8|4|8
3|96.13|1124|466|4.8|4.8|5|8
3.1|96.43|1013|468|4.8|4.8|5|8
3.2|96.59|1013|468|4.8|4.8|5|8
3.3|96.57|1015|468|4.8|4.8|5|8
3.4|96.61|1015|468|4.8|4.8|5|8
3.5|96.65|1013|468|4.8|4.8|5|8
3.6|96.65|1013|468|4.8|4.8|5|8
3.7|96.64|1010|468|4.8|4.8|5|8
3.8|96.65|1005|468|4.8|4.8|5|8
3.9|96.67|1005|468|4.8|4.8|5|8
4|96.65|1003|469|4.8|4.8|5|8
4.1|96.65|1005|469|4.8|4.8|5|8
4.2|96.65|1003|469|4.8|4.8|5|8
4.3|96.67|1000|469|4.8|4.8|5|8
4.4|96.65|1000|469|4.8|4.8|5|8
4.5|96.64|1000|468|4.8|4.8|5|8
4.6|96.65|1003|469|4.8|4.8|5|8
4.7|96.65|1003|469|4.8|4.8|5|8
4.8|96.68|1003|469|4.8|4.8|5|8
4.9|96.72|1003|470|4.8|4.8|5|8
5|96.65|1000|470|4.8|4.8|2|8
5.1|96.56|1000|470|4.8|4.8|2|8
5.2|96.19|1000|470|4.8|4.8|2|8
5.3|95.78|1000|469|4.8|4.8|2|8
5.4|95.29|1039|469|4.8|4.8|2|8
5.5|94.84|1134|470|4.8|4.8|2|8
5.6|94.39|1389|470|4.8|4.8|2|8
5.7|93.93|1737|468|4.8|4.8|3|8
5.8|93.69|1773|466|4.8|4.8|3|8
5.9|93.57|1784|466|4.8|4.8|3|8
6|93.54|1789|466|4.8|4.8|3|8
6.1|93.5|1789|466|4.8|4.8|3|8
6.2|93.5|1794|466|4.8|4.8|3|8
6.3|93.47|1796|466|4.8|4.8|3|8
6.4|93.49|1796|466|4.8|4.8|3|8
6.5|93.51|1799|466|4.8|4.8|3|8
6.6|93.46|1799|466|4.8|4.8|3|8
6.7|93.5|1802|466|4.8|4.8|3|8
6.8|93.47|1802|466|4.8|4.8|3|8
6.9|93.5|1802|466|4.8|4.8|3|8
7|93.47|1802|466|4.8|4.8|3|8
7.1|93.5|1804|466|4.8|4.8|3|8
7.2|93.47|1804|466|4.8|4.8|3|8
7.3|93.46|1804|466|4.8|4.8|3|8
7.4|93.49|1807|466|4.8|4.8|3|8
7.5|93.49|1807|466|4.8|4.8|3|8
7.6|93.47|1807|466|4.8|4.8|3|8
7.7|93.49|1809|466|4.8|4.8|4|8
7.8|93.74|1807|466|4.8|4.8|4|8
7.9|94.13|1786|466|4.8|4.8|4|8
8|94.63|1698|466|4.8|4.8|4|8
8.1|95.07|1320|467|4.8|4.8|5|8
8.2|95.46|1021|469|4.8|4.8|5|8
8.3|95.63|1015|470|4.8|4.8|5|8
8.4|95.7|1015|470|4.8|4.8|5|8
8.5|95.72|1010|470|4.8|4.8|5|8
8.6|95.77|1010|470|4.8|4.8|5|8
8.7|95.77|1013|470|4.8|4.8|5|8
8.8|95.76|1010|470|4.8|4.8|5|8
8.9|95.73|1010|470|4.8|4.8|5|8
9|95.74|1010|470|4.8|4.8|5|8
9.1|95.78|1010|470|4.8|4.8|5|8
9.2|95.8|1008|470|4.8|4.8|5|8
9.3|95.81|1010|470|4.8|4.8|5|8
9.4|95.81|1010|470|4.8|4.8|5|8
9.5|95.76|1013|470|4.8|4.8|5|8
9.6|95.73|1010|470|4.8|4.8|5|8
9.7|95.74|1010|470|4.8|4.8|5|8
9.8|95.73|1013|470|4.8|4.8|5|8
9.9|95.76|1013|470|4.8|4.8|5|8
10|95.82|1013|470|4.8|4.8|5|8
10.1|95.78|1013|470|4.8|4.8|2|8
10.2|95.77|1013|470|4.8|4.8|2|8
10.3|95.43|1013|470|4.8|4.8|2|8
10.4|95.02|1021|470|4.8|4.8|2|8
10.5|94.57|1072|470|4.8|4.8|2|8
10.6|94.09|1229|470|4.8|4.8|2|8
10.7|93.61|1711|462|4.8|4.8|3|8
10.8|93.25|1791|452|4.8|4.8|3|8
10.9|93.15|1804|448|4.8|4.8|3|8
11|93|1812|447|4.8|4.8|3|8
11.1|93.03|1814|447|4.8|4.8|3|8
11.2|93.03|1817|447|4.8|4.8|3|8
11.3|93.03|1820|447|4.8|4.8|3|8
11.4|93.06|1822|447|4.8|4.8|3|8
11.5|93.03|1822|447|4.8|4.8|3|8
11.6|93.03|1825|447|4.8|4.8|3|8
11.7|93.02|1825|447|4.8|4.8|3|8
11.8|93.03|1827|447|4.8|4.8|3|8
11.9|93.03|1830|447|4.8|4.8|3|8
12|93|1830|447|4.8|4.8|3|8
12.1|93.02|1832|447|4.8|4.8|3|8
12.2|93.02|1832|447|4.8|4.8|3|8
12.3|93.03|1832|447|4.8|4.8|3|8
12.4|93.03|1835|447|4.8|4.8|3|8
12.5|93.03|1835|447|4.8|4.8|3|8
12.6|93|1835|447|4.8|4.8|3|8
12.7|93.03|1835|447|4.8|4.8|4|8
12.8|93.18|1838|447|4.8|4.8|4|8
12.9|93.49|1827|447|4.8|4.8|4|8
13|94|1296|447|4.8|4.8|5|8
13.1|94.33|1041|448|4.8|4.9|5|8
13.2|94.52|1036|448|4.8|4.8|5|8
13.3|94.6|1039|447|4.8|4.8|5|8
13.4|94.64|1034|447|4.8|4.8|5|8
13.5|94.6|1034|447|4.9|4.9|5|8
13.6|94.6|1036|447|4.8|4.9|5|8
13.7|94.63|1031|446|4.8|4.9|5|8
13.8|94.63|1031|446|4.8|4.9|5|8
13.9|94.61|1031|446|4.8|4.9|5|8
14|94.61|1031|446|4.8|4.9|5|8
14.1|94.6|1034|446|4.9|4.9|5|8
14.2|94.64|1031|446|4.9|4.9|5|8
14.3|94.61|1031|446|4.8|4.9|5|8
14.4|94.61|1034|446|4.9|4.9|5|8
14.5|94.63|1036|446|4.8|4.9|5|8
14.6|94.61|1034|446|4.9|4.9|5|8
14.7|94.63|1031|446|4.9|4.9|5|8
14.8|94.61|1034|446|4.9|4.9|5|8
14.9|94.66|1036|446|4.9|4.9|5|8
15|94.61|1031|446|4.9|4.9|2|8
15.1|94.57|1034|446|4.9|4.9|2|8
15.2|94.28|1034|445|4.9|4.9|2|8
15.3|93.89|1036|446|4.9|4.9|2|8
15.4|93.39|1729|445|4.9|4.9|3|8
15.5|93.11|1804|446|4.9|4.9|3|8
15.6|93.02|1814|446|4.9|4.9|3|8
15.7|92.87|1820|446|4.9|4.9|3|8
15.8|92.82|1825|447|4.9|4.9|3|8
15.9|92.87|1827|447|4.9|4.9|3|8
16|92.87|1830|447|4.9|4.9|3|8
16.1|92.9|1832|447|4.9|4.9|3|8
16.2|92.84|1835|447|4.9|4.9|3|8
16.3|92.84|1835|447|4.9|4.9|3|8
16.4|92.88|1838|447|4.9|4.9|3|8
16.5|92.9|1838|447|4.9|4.9|3|8
16.6|92.84|1840|447|4.9|4.9|3|8
16.7|92.87|1843|447|4.9|4.9|3|8
16.8|92.88|1845|447|4.9|4.9|3|8
16.9|92.84|1845|447|4.9|4.9|3|8
17|92.86|1845|447|4.9|4.9|3|8
17.1|92.86|1845|447|4.9|4.9|3|8
17.2|92.88|1845|447|4.9|4.9|3|8
17.3|92.87|1848|448|4.9|4.9|3|8
17.4|92.86|1848|447|4.9|4.9|4|8
17.5|92.98|1845|447|4.9|4.9|4|8
17.6|93.38|1827|447|4.9|4.9|4|8
17.7|93.85|1103|449|4.9|4.9|5|8
17.8|94.17|1044|449|4.9|4.9|5|8
17.9|94.23|1041|448|4.9|4.9|5|8
18|94.32|1041|448|4.9|4.9|5|8
18.1|94.36|1039|448|4.9|4.9|5|8
18.2|94.28|1036|447|4.9|4.9|5|8
18.3|94.33|1036|447|4.9|4.9|5|8
18.4|94.35|1039|447|4.9|4.9|5|8
18.5|94.28|1034|447|4.9|4.9|5|8
18.6|94.32|1034|447|4.9|4.9|5|8
18.7|94.31|1039|447|4.9|4.9|5|8
18.8|94.29|1034|446|4.9|4.9|5|8
18.9|94.32|1034|446|4.9|4.9|5|8
19|94.32|1034|446|4.9|4.9|5|8
19.1|94.31|1036|446|4.9|4.9|5|8
19.2|94.33|1036|446|4.9|4.9|5|8
19.3|94.31|1034|446|4.9|4.9|5|8
19.4|94.28|1036|446|4.9|4.9|5|8
19.5|94.32|1034|446|4.9|4.9|5|8
19.6|94.31|1034|445|4.9|4.9|5|8
19.7|94.32|1031|445|4.9|4.9|2|8
19.8|94.23|1034|445|4.9|4.9|2|8
19.9|93.88|1036|444|4.9|4.9|2|8
20|93.41|1178|445|4.9|4.9|2|8
20.1|93.02|1789|445|4.9|4.9|3|8
20.2|92.71|1827|445|4.9|4.9|3|8
20.3|92.68|1838|445|4.9|4.9|3|8
20.4|92.64|1845|445|4.9|4.9|3|8
20.5|92.53|1848|446|4.9|4.9|3|8
20.6|92.53|1853|446|4.9|4.9|3|8
20.7|92.55|1871|435|4.9|4.9|3|8
20.8|92.55|1879|420|4.9|4.9|3|8
20.9|92.53|1879|414|4.9|4.9|3|8
21|92.51|1881|413|4.9|4.9|3|8
21.1|92.48|1881|412|4.9|4.9|3|8
21.2|92.49|1881|412|4.9|4.9|3|8
21.3|92.52|1884|412|4.9|4.9|3|8
21.4|92.51|1887|412|4.9|4.9|3|8
21.5|92.53|1887|412|4.9|4.9|3|8
21.6|92.56|1887|412|4.9|4.9|3|8
21.7|92.55|1889|412|4.9|4.9|3|8
21.8|92.55|1889|412|4.9|4.9|3|8
21.9|92.52|1889|412|4.9|4.9|3|8
22|92.47|1892|412|4.9|4.9|3|8
22.1|92.48|1892|412|4.9|4.9|4|8
22.2|92.62|1894|412|4.9|4.9|4|8
22.3|93.14|1832|412|4.9|4.9|4|8
22.4|93.54|1082|412|4.9|4.9|5|8
22.5|93.84|1064|412|4.9|4.9|5|8
22.6|93.84|1062|411|4.9|4.9|5|8
22.7|93.89|1062|411|4.9|4.9|5|8
22.8|93.9|1059|410|4.9|4.9|5|8
22.9|93.88|1059|410|4.9|4.9|5|8
23|93.9|1057|409|4.9|4.9|5|8
23.1|93.9|1057|409|4.9|4.9|5|8
23.2|93.92|1054|408|4.9|4.9|5|8
23.3|93.93|1054|408|4.9|4.9|5|8
23.4|93.96|1054|408|4.9|4.9|5|8
23.5|93.94|1054|408|4.9|4.9|5|8
23.6|93.92|1054|408|4.9|4.9|5|8
23.7|93.93|1054|408|4.9|4.9|5|8
23.8|93.92|1052|408|4.9|4.9|5|8
23.9|93.9|1054|408|4.9|4.9|5|8
24|93.89|1054|408|4.9|4.9|5|8
24.1|93.92|1054|408|4.9|4.9|5|8
24.2|93.92|1054|408|4.9|4.9|5|8
24.3|93.93|1054|408|4.9|4.9|5|8
24.4|93.94|1052|408|4.9|4.9|2|8
24.5|93.77|1052|408|4.9|4.9|2|8
24.6|93.31|1057|408|4.9|4.9|2|8
24.7|92.9|1436|409|4.9|4.9|2|8
24.8|92.56|1845|409|4.9|4.9|3|8
24.9|92.35|1871|409|4.9|4.9|3|8
25|92.15|1879|409|4.9|4.9|3|8
25.1|92.13|1887|409|4.9|4.9|3|8
25.2|92.12|1892|409|4.9|4.9|3|8
25.3|92.09|1894|410|4.9|4.9|3|8
25.4|92.09|1897|410|4.9|4.9|3|8
25.5|92.13|1897|410|4.9|4.9|3|8
25.6|92.12|1899|410|4.9|4.9|3|8
25.7|92.13|1899|410|4.9|4.9|3|8
25.8|92.12|1902|410|4.9|4.9|3|8
25.9|92.12|1902|410|4.9|4.9|3|8
26|92.13|1902|410|4.9|4.9|3|8
26.1|92.11|1902|410|4.9|4.9|3|8
26.2|92.13|1905|410|4.9|4.9|3|8
26.3|92.09|1905|411|4.9|4.9|3|8
26.4|92.12|1905|411|4.9|4.9|3|8
26.5|92.12|1905|411|4.9|4.9|3|8
26.6|92.09|1907|411|4.9|4.9|3|8
26.7|92.13|1907|412|4.9|4.9|3|8
26.8|92.19|1910|412|4.9|4.9|4|8
26.9|92.41|1905|412|4.9|4.9|4|8
27|92.86|1835|412|4.9|4.9|4|8
27.1|93.3|1085|412|4.9|4.9|5|8
27.2|93.5|1067|412|4.9|4.9|5|8
27.3|93.62|1064|411|4.9|4.9|5|8
27.4|93.62|1064|411|4.9|4.9|5|8
27.5|93.65|1062|410|4.9|4.9|5|8
27.6|93.73|1062|410|4.9|4.9|5|8
27.7|93.68|1059|410|4.9|4.9|5|8
27.8|93.66|1059|409|4.9|4.9|5|8
27.9|93.61|1057|409|4.9|4.9|5|8
28|93.64|1057|409|4.9|4.9|5|8
28.1|93.69|1057|409|4.9|4.9|5|8
28.2|93.72|1054|409|4.9|4.9|5|8
28.3|93.68|1057|410|4.9|4.9|5|8
28.4|93.65|1057|409|4.9|4.9|5|8
28.5|93.64|1057|410|4.9|4.9|5|8
28.6|93.66|1057|409|4.9|4.9|5|8
28.7|93.69|1057|409|4.9|4.9|5|8
28.8|93.72|1057|409|4.9|4.9|5|8
28.9|93.66|1057|409|4.9|4.9|5|8
29|93.61|1054|409|4.9|4.9|5|8
29.1|93.68|1054|409|4.9|4.9|2|8
29.2|93.49|1052|409|4.9|4.9|2|8
29.3|93.07|1054|409|4.9|4.9|2|8
29.4|92.66|1482|411|4.9|4.9|2|8
29.5|92.24|1858|411|4.9|4.9|3|8
29.6|92.04|1884|411|4.9|4.9|3|8
29.7|91.96|1892|411|4.9|4.9|3|8
29.8|91.92|1899|412|4.9|4.9|3|8
29.9|91.9|1902|412|4.9|4.9|3|8
30|91.88|1905|412|4.9|4.9|3|8
30.1|91.86|1907|412|4.9|4.9|3|8
30.2|91.9|1912|412|4.9|4.9|3|8
30.3|91.86|1912|412|4.9|4.9|3|8
30.4|91.86|1912|412|4.9|4.9|3|8
30.5|91.9|1915|412|4.9|4.9|3|8
30.6|91.88|1915|412|4.9|4.9|3|8
30.7|91.86|1923|409|4.9|4.9|3|8
30.8|91.88|1925|405|4.9|4.9|3|8
30.9|91.88|1925|404|4.9|4.9|3|8
31|91.88|1925|403|4.9|4.9|3|8
31.1|91.85|1925|403|4.9|4.9|3|8
31.2|91.88|1925|403|4.9|4.9|3|8
31.3|91.89|1925|403|4.9|4.9|3|8
31.4|91.85|1928|403|4.9|4.9|3|8
31.5|91.88|1928|403|4.9|4.9|4|8
31.6|92.07|1925|403|4.9|4.9|4|8
31.7|92.6|1822|404|4.9|4.9|4|8
31.8|93.04|1095|404|4.9|4.9|5|8
31.9|93.26|1072|403|4.9|4.9|5|8
32|93.37|1075|402|4.9|4.9|5|8
32.1|93.37|1070|402|4.9|4.9|5|8
32.2|93.41|1067|402|4.9|4.9|5|8
32.3|93.42|1067|402|4.9|4.9|5|8
32.4|93.42|1064|402|4.9|4.9|5|8
32.5|93.43|1062|402|4.9|4.9|5|8
32.6|93.43|1062|401|4.9|4.9|5|8
32.7|93.42|1064|401|4.9|4.9|5|8
32.8|93.39|1064|401|4.9|4.9|5|8
32.9|93.38|1062|401|4.9|4.9|5|8
33|93.41|1062|401|4.9|4.9|5|8
33.1|93.43|1062|401|4.9|4.9|5|8
33.2|93.46|1062|401|4.9|4.9|5|8
33.3|93.42|1059|401|4.9|4.9|5|8
33.4|93.42|1062|401|4.9|4.9|5|8
33.5|93.41|1062|401|4.9|4.9|5|8
33.6|93.39|1059|401|4.9|4.9|5|8
33.7|93.35|1062|401|4.9|4.9|5|8
33.8|93.42|1059|401|4.9|4.9|2|8
33.9|93.27|1059|401|4.9|4.9|2|8
34|92.84|1059|401|4.9|4.9|2|8
34.1|92.41|1487|402|4.9|4.9|2|8
34.2|91.98|1866|402|4.9|4.9|3|8
34.3|91.85|1894|403|4.9|4.9|3|8
34.4|91.72|1905|403|4.9|4.9|3|8
34.5|91.72|1912|403|4.9|4.9|3|8
34.6|91.68|1915|403|4.9|4.9|3|8
34.7|91.68|1920|404|4.9|4.9|3|8
34.8|91.7|1923|404|4.9|4.9|3|8
34.9|91.65|1925|404|4.9|4.9|3|8
35|91.66|1925|404|4.9|4.9|3|8
35.1|91.68|1928|404|4.9|4.9|3|8
35.2|91.69|1930|404|4.9|4.9|3|8
35.3|91.66|1930|404|4.9|4.9|3|8
35.4|91.65|1930|404|4.9|4.9|3|8
35.5|91.69|1930|404|4.9|4.9|3|8
35.6|91.68|1933|404|4.9|4.9|3|8
35.7|91.68|1933|404|4.9|4.9|3|8
35.8|91.66|1933|404|4.9|4.9|3|8
35.9|91.68|1933|404|4.9|4.9|3|8
36|91.66|1936|404|4.9|4.9|3|8
36.1|91.64|1936|404|4.9|4.9|3|8
36.2|91.72|1936|404|4.9|4.9|4|8
36.3|91.94|1933|404|4.9|4.9|4|8
36.4|92.52|1716|405|4.9|4.9|4|8
36.5|92.79|1085|404|4.9|4.9|2|8
36.6|92.91|1072|404|4.9|4.9|2|8
36.7|92.94|1070|404|4.9|4.9|2|8
36.8|92.94|1067|404|4.9|4.9|2|8
36.9|92.87|1067|403|4.9|4.9|2|8
37|92.75|1064|403|4.9|4.9|2|8
37.1|92.67|1064|403|4.9|4.9|2|8
37.2|92.68|1064|402|4.9|4.9|2|8
37.3|92.62|1062|402|4.9|4.9|2|8
37.4|92.55|1080|402|4.9|4.9|2|8
37.5|92.37|1067|402|4.9|4.9|2|8
37.6|92.37|1062|402|4.9|4.9|2|8
37.7|92.37|1106|402|4.9|4.9|2|8
37.8|92.39|1245|404|4.9|4.9|2|8
37.9|92.19|1227|402|4.9|4.9|2|8
38|92.12|1077|402|4.9|4.9|2|8
38.1|92.11|1168|401|4.9|4.9|2|8
38.2|92.09|1165|402|4.9|4.9|2|8
38.3|91.98|1188|402|4.9|4.9|2|8
38.4|91.9|1660|404|4.9|4.9|2|8
38.5|91.88|1737|404|4.9|4.9|2|8
38.6|92|1688|404|4.9|4.9|2|8
38.7|92.21|1116|404|4.9|4.9|2|8
38.8|92.37|1067|403|4.9|4.9|2|8
38.9|92.25|1062|402|4.9|4.9|2|8
39|92.21|1062|402|4.9|4.9|2|8
39.1|92.15|1062|402|4.9|4.9|2|8
39.2|92.11|1059|402|4.9|4.9|2|8
39.3|92.09|1059|402|4.9|4.9|2|8
39.4|92.09|1062|402|4.9|4.9|2|8
39.5|91.97|1064|402|4.9|4.9|2|8
39.6|91.92|1201|402|4.9|4.9|2|8
39.7|91.86|1485|404|4.9|4.9|2|8
39.8|91.81|1286|404|4.9|4.9|2|8
39.9|91.76|1095|404|4.9|4.9|2|8
40|91.72|1155|403|4.9|4.9|2|8
40.1|91.58|1162|404|4.9|4.9|2|8
40.2|91.57|1075|404|4.9|4.9|2|8
40.3|91.58|1206|402|4.9|4.9|2|8
40.4|91.53|1229|403|4.9|4.9|2|8
40.5|91.37|1423|404|4.9|4.9|2|8
40.6|91.35|1446|406|4.9|4.9|2|8
40.7|91.27|1546|404|4.9|4.9|2|8
40.8|91.29|1088|401|4.9|4.9|2|8
40.9|91.26|1062|400|4.9|4.9|2|8
41|91.33|1062|399|4.9|4.9|2|8
41.1|91.3|1059|399|4.9|4.9|2|8
41.2|91.23|1312|400|4.9|4.9|2|8
41.3|91.22|1193|400|4.9|4.9|2|8
41.4|91.09|1258|400|4.9|4.9|2|8
41.5|91.03|1201|400|4.9|4.9|2|8
41.6|90.98|1263|401|4.9|4.9|2|8
41.7|90.91|1147|400|4.9|4.9|2|8
41.8|90.82|1284|400|4.9|4.9|2|8
41.9|90.83|1240|400|4.9|4.9|2|8
42|90.68|1201|401|4.9|4.9|2|8
42.1|90.62|1072|400|4.9|4.9|2|8
42.2|90.62|1211|400|4.9|4.9|2|8
42.3|90.56|1175|400|4.9|4.9|2|8
42.4|90.44|1204|401|4.9|4.9|2|8
42.5|90.35|1183|400|4.9|4.9|2|8
42.6|90.35|1204|400|4.9|4.9|2|8
42.7|90.29|1209|401|4.9|4.9|2|8
42.8|90.16|1204|400|4.9|4.9|2|8
42.9|90.05|1168|400|4.9|4.9|2|8
43|90.01|1245|400|4.9|4.9|2|8
43.1|89.94|1214|401|4.9|4.9|2|8
43.2|89.84|1188|400|4.9|4.9|2|8
43.3|89.74|1098|400|4.9|4.9|2|8
43.4|89.77|1157|400|4.9|4.9|2|8
43.5|89.54|1142|400|4.9|4.9|2|8
43.6|89.53|1147|400|4.9|4.9|2|8
43.7|89.45|1147|399|4.9|4.9|2|8
43.8|89.3|1160|399|4.9|4.9|2|8
43.9|89.21|1168|400|4.9|4.9|2|8
44|89.15|1229|400|4.9|4.9|2|8
44.1|89.09|1245|400|4.9|4.9|2|8
44.2|88.94|1149|400|4.9|4.9|2|8
44.3|88.91|1144|400|4.9|4.9|2|8
44.4|88.78|1255|400|4.9|4.9|2|8
44.5|88.7|1142|400|4.9|4.9|2|8
44.6|88.62|1198|399|4.9|4.9|2|8
44.7|88.47|1253|400|4.9|4.9|2|8
44.8|88.35|1307|400|4.9|4.9|2|8
44.9|88.28|1224|400|4.9|4.9|2|8
45|88.12|1160|400|4.9|4.9|2|8
45.1|88.08|1237|400|4.9|4.9|2|8
45.2|87.97|1183|400|4.9|4.9|2|8
45.3|87.82|1165|400|4.9|4.9|2|8
45.4|87.68|1134|399|4.9|4.9|2|8
45.5|87.58|1245|398|4.9|4.9|2|8
45.6|87.45|1188|400|4.9|4.9|2|8
45.7|87.38|1111|398|4.9|4.9|2|8
45.8|87.23|1170|398|4.9|4.9|2|8
45.9|87.1|1180|398|4.9|4.9|2|8
46|87.01|1237|398|4.9|4.9|2|8
46.1|86.86|1289|398|4.9|4.9|2|8
46.2|86.78|1276|399|4.9|4.9|2|8
46.3|86.62|1289|400|4.9|4.9|2|8
46.4|86.43|1201|399|4.9|4.9|2|8
46.5|86.29|1162|398|4.9|4.9|2|8
46.6|86.21|1193|400|4.9|4.9|2|8
46.7|86.07|1198|400|4.9|4.9|2|8
46.8|85.93|1253|399|4.9|4.9|2|8
46.9|85.77|1242|399|4.9|4.9|2|8
47|85.6|1363|398|4.9|4.9|2|8
47.1|85.46|1371|400|4.9|4.9|2|8
47.2|85.27|1322|400|4.9|4.9|2|8
47.3|85.15|1216|398|4.9|4.9|2|8
47.4|85.02|1168|398|4.9|4.9|2|8
47.5|84.85|1229|398|4.9|4.9|2|8
47.6|84.67|1224|398|4.9|4.9|2|8
47.7|84.47|1165|399|4.9|4.9|2|8
47.8|84.36|1175|398|4.9|4.9|2|8
47.9|84.21|1235|398|4.9|4.9|2|8
48|84.03|1348|398|4.9|4.9|2|8
48.1|83.92|1134|400|4.9|4.9|2|8
48.2|83.66|1335|400|4.9|4.9|2|8
48.3|83.44|1211|400|4.9|4.9|2|8
48.4|83.23|1384|400|4.9|4.9|2|8
48.5|83.11|1376|400|4.9|4.9|2|8
48.6|82.93|1464|399|4.9|4.9|2|8
48.7|82.72|1263|398|4.9|4.9|2|8
48.8|82.39|1492|398|4.9|4.9|6|8
48.9|80.35|1954|398|4.9|4.9|6|8
49|77.71|768|400|4.9|4.9|6|8
49.1|75.08|0|394|4.9|4.9|7|8
49.2|73.29|0|392|4.9|4.9|7|8
49.3|72.47|0|392|4.9|4.9|7|8
49.4|72.07|0|392|4.9|4.9|7|8
49.5|71.81|0|392|4.9|4.9|7|8
49.6|71.81|0|392|4.9|4.9|7|8
49.7|71.76|0|392|4.9|4.9|7|8
49.8|71.76|0|392|4.9|4.9|7|8
49.9|71.76|0|392|4.9|4.9|7|8
50|71.76|0|392|4.9|4.9|7|8
50.1|71.76|0|392|4.9|4.9|7|8
50.2|71.76|0|392|4.9|4.9|7|8
50.3|71.76|0|392|4.9|4.9|7|8
50.4|71.76|0|392|4.9|4.9|7|8
50.5|71.75|0|391|4.9|4.9|7|8
50.6|71.77|0|391|4.9|4.9|7|8
50.7|71.84|0|392|4.9|4.9|7|8
50.8|71.89|0|392|4.9|4.9|7|8
50.9|71.81|0|391|4.9|4.9|7|8
51|71.73|0|392|4.9|4.9|7|8
51.1|71.75|0|392|4.9|4.9|7|8
51.2|71.75|0|391|4.9|4.9|7|8
51.3|71.76|0|391|4.9|4.9|7|8
51.4|71.77|0|391|4.9|4.9|7|8
51.5|71.64|0|391|4.9|4.9|7|8
51.6|71.73|0|391|4.9|4.9|7|8
51.7|71.75|0|391|4.9|4.9|7|8
51.8|71.73|0|391|4.9|4.9|7|8
51.9|71.75|0|391|4.9|4.9|7|8
52|71.81|0|391|4.9|4.9|7|8
52.1|71.71|0|391|4.9|4.9|7|8
52.2|71.73|0|391|4.9|4.9|7|8
52.3|71.75|0|392|4.9|4.9|7|8
52.4|71.75|0|392|4.9|4.9|7|8
52.5|71.73|0|391|4.9|4.9|7|8
52.6|71.73|0|391|4.9|4.9|7|8
52.7|71.75|0|391|4.9|4.9|7|8
52.8|71.79|0|391|4.9|4.9|7|8
52.9|71.65|0|391|4.9|4.9|7|8
53|71.75|0|391|4.9|4.9|7|8
53.1|71.69|0|391|4.9|4.9|7|8
53.2|71.73|0|391|4.9|4.9|7|8
53.3|71.76|0|391|4.9|4.9|7|8
53.4|71.68|0|391|4.9|4.9|7|8
53.5|71.72|0|391|4.9|4.9|7|8
53.6|71.72|0|391|4.9|4.9|7|8
53.7|71.72|0|391|4.9|4.9|7|8
53.8|71.71|0|392|4.9|4.9|7|8
53.9|71.72|0|392|4.9|4.9|7|8
54|71.72|0|391|4.9|4.9|7|8
54.1|71.73|0|391|4.9|4.9|7|8
54.2|71.72|0|391|4.9|4.9|7|8
54.3|71.72|0|391|4.9|4.9|7|8
54.4|71.73|0|391|4.9|4.9|7|8
54.5|71.73|0|391|4.9|4.9|7|8
54.6|71.72|0|391|4.9|4.9|7|8
54.7|71.72|0|391|4.9|4.9|7|8
54.8|71.73|0|391|4.9|4.9|7|8
54.9|71.8|0|390|4.9|4.9|7|8
55|71.69|0|391|4.9|4.9|7|8
55.1|71.71|0|391|4.9|4.9|7|8
55.2|71.72|0|390|4.9|4.9|7|8
55.3|71.72|0|391|4.9|4.9|7|8
55.4|71.72|0|391|4.9|4.9|7|8
55.5|71.72|0|391|4.9|4.9|7|8
55.6|71.72|0|391|4.9|4.9|7|8
55.7|71.73|0|391|4.9|4.9|7|8
55.8|71.72|0|391|4.9|4.9|7|8
55.9|71.72|0|390|4.9|4.9|7|8
56|71.72|0|390|4.9|4.9|7|8
56.1|71.71|0|390|4.9|4.9|7|8
56.2|71.71|0|390|4.9|4.9|7|8
56.3|71.71|0|391|4.9|4.9|7|8
56.4|71.73|0|391|4.9|4.9|7|8
56.5|71.75|0|390|4.9|4.9|7|8
56.6|71.71|0|391|4.9|4.9|7|8
56.7|71.72|0|390|4.9|4.9|7|8
56.8|71.75|0|390|4.9|4.9|7|8
56.9|71.65|0|391|4.9|4.9|7|8
57|71.71|0|391|4.9|4.9|7|8
57.1|71.71|0|391|4.9|4.9|7|8
57.2|71.72|0|391|4.9|4.9|7|8
57.3|71.73|0|390|4.9|4.9|7|8
57.4|71.67|0|390|4.9|4.9|7|8
57.5|71.71|0|390|4.9|4.9|7|8
57.6|71.72|0|390|4.9|4.9|7|8
57.7|71.75|0|390|4.9|4.9|7|8
57.8|71.65|0|390|4.9|4.9|7|8
57.9|71.72|0|390|4.9|4.9|7|8
58|71.72|0|390|4.9|4.9|7|8
58.1|71.77|0|390|4.9|4.9|7|8
58.2|71.68|0|390|4.9|4.9|7|8
58.3|71.71|0|390|4.9|4.9|7|8
58.4|71.73|0|390|4.9|4.9|7|8
58.5|71.67|0|390|4.9|4.9|7|8
58.6|71.72|0|390|4.9|4.9|7|8
58.7|71.75|0|390|4.9|4.9|7|8
58.8|71.67|0|390|4.9|4.9|7|8
58.9|71.72|0|390|4.9|4.9|7|8
59|71.76|0|390|4.9|4.9|7|8
59.1|71.65|0|390|4.9|4.9|7|8
59.2|71.71|0|390|4.9|4.9|7|8
59.3|71.76|0|390|4.9|4.9|7|8
59.4|71.67|0|390|4.9|4.9|7|8
59.5|71.71|0|390|4.9|4.9|7|8
59.6|71.69|0|390|4.9|4.9|7|8
59.7|71.71|0|396|4.9|4.9|7|8
59.8|71.69|0|405|4.9|4.9|7|8
59.9|71.69|0|408|4.9|4.9|7|8
60|71.71|0|409|4.9|4.9|7|8
60.1|71.71|0|410|4.9|4.9|7|8
60.2|71.71|0|410|4.9|4.9|7|8
60.3|71.69|0|410|4.9|4.9|7|8
60.4|71.71|0|411|4.9|4.9|7|8
60.5|71.71|0|411|4.9|4.9|7|8
60.6|71.71|0|411|4.9|4.9|7|8
60.7|71.71|0|410|4.9|4.9|7|8
60.8|71.71|0|410|4.9|4.9|7|8
60.9|71.71|0|410|4.9|4.9|7|8
61|71.71|0|411|4.9|4.9|7|8
61.1|71.69|0|411|4.9|4.9|7|8
61.2|71.71|0|410|4.9|4.9|7|8
61.3|71.71|0|410|4.9|4.9|7|8
61.4|71.69|0|411|4.9|4.9|7|8
61.5|71.69|0|411|4.9|4.9|7|8
61.6|71.69|0|411|4.9|4.9|7|8
61.7|71.71|0|410|4.9|4.9|7|8
61.8|71.71|0|410|4.9|4.9|7|8
61.9|71.71|0|410|4.9|4.9|7|8
62|71.73|0|410|4.9|4.9|7|8
62.1|71.64|0|410|4.9|4.9|8|8
62.2|71.6|0|411|4.9|4.9|8|8
62.3|71.57|0|411|4.9|4.9|8|8
62.4|71.63|0|411|4.9|4.9|8|8
62.5|71.63|0|410|4.9|4.9|8|8
62.6|71.57|0|410|4.9|4.9|8|8
62.7|71.71|0|410|4.9|4.9|8|8
62.8|71.69|0|410|4.9|4.9|8|8
62.9|71.64|0|410|4.9|4.9|8|8
63|71.56|0|410|4.9|4.9|8|8
63.1|71.67|0|410|4.9|4.9|8|8
63.2|71.61|0|410|4.9|4.9|8|8
63.3|71.64|0|410|4.9|4.9|8|8
63.4|71.65|0|410|4.9|4.9|8|8
63.5|71.63|0|410|4.9|4.9|8|8
63.6|71.59|0|410|4.9|4.9|8|8
63.7|71.75|0|410|4.9|4.9|8|8
63.8|71.69|0|409|4.9|4.8|8|8
63.9|71.72|0|409|4.9|4.9|8|8
64|71.59|0|409|4.8|4.8|8|8
64.1|72.98|0|409|4.8|4.8|8|8
64.2|76.01|0|410|4.8|4.8|8|8
64.3|79.03|0|409|4.8|4.8|8|8
64.4|82.01|0|409|4.8|4.8|8|8
64.5|85.01|0|410|4.8|4.8|8|8
64.6|87.9|0|410|4.8|4.8|8|8
64.7|90.87|0|410|4.8|4.8|8|8
64.8|93.64|0|410|4.8|4.8|8|8
64.9|95.03|0|410|4.8|4.8|8|8
65|95.68|0|409|4.8|4.8|8|8
