0|96.09|845|415|4.9|4.9|1|8
0.1|96.08|1013|420|4.9|4.9|1|8
0.2|96.06|1018|422|4.9|4.9|1|8
0.3|96.06|1021|422|4.9|4.9|1|8
0.4|96.05|1023|423|4.9|4.9|1|8
0.5|96.08|1026|423|4.9|4.9|2|8
0.6|95.78|1062|424|4.9|4.9|2|8
0.7|95.39|1459|425|4.9|4.9|2|8
0.8|95.04|1564|428|4.9|4.9|3|8
0.9|94.8|1585|428|4.9|4.9|3|8
1|94.72|1593|429|4.9|4.9|3|8
1.1|94.66|1601|429|4.9|4.9|3|8
1.2|94.59|1606|430|4.9|4.9|3|8
1.3|94.59|1611|430|4.9|4.9|3|8
1.4|94.57|1616|430|4.9|4.9|3|8
1.5|94.51|1619|430|4.9|4.9|3|8
1.6|94.49|1621|430|4.9|4.9|3|8
1.7|94.56|1624|429|4.9|4.9|3|8
1.8|94.57|1626|429|4.9|4.9|3|8
1.9|94.61|1629|430|4.9|4.9|3|8
2|94.56|1634|430|4.9|4.9|3|8
2.1|94.57|1634|430|4.9|4.9|3|8
2.2|94.6|1637|429|4.9|4.9|3|8
2.3|94.61|1642|429|4.9|4.9|3|8
2.4|94.49|1644|429|4.9|4.9|3|8
2.5|94.49|1644|429|4.9|4.9|3|8
2.6|94.57|1644|429|4.9|4.9|3|8
2.7|94.6|1647|429|4.9|4.9|3|8
2.8|94.56|1649|429|4.9|4.9|4|8
2.9|94.78|1647|429|4.9|4.9|4|8
3|95.21|1564|429|4.9|4.9|4|8
3.1|95.72|1335|428|4.9|4.9|5|8
3.2|96.08|1054|424|4.9|4.9|5|8
3.3|96.08|1046|423|4.9|4.9|5|8
3.4|96.2|1046|422|5|4.9|5|8
3.5|96.2|1044|422|5|5|5|8
3.6|96.23|1044|422|5|5|5|8
3.7|96.24|1044|422|5|5|5|8
3.8|96.25|1044|422|5|5|5|8
3.9|96.29|1041|422|5|5|5|8
4|96.27|1041|422|5|5|5|8
4.1|96.24|1041|422|5|5|5|8
4.2|96.25|1041|422|5|5|5|8
4.3|96.25|1041|422|5|5|5|8
4.4|96.25|1041|422|5|5|5|8
4.5|96.27|1041|422|5|5|5|8
4.6|96.25|1041|422|5|5|5|8
4.7|96.25|1041|422|5|5|5|8
4.8|96.25|1041|422|5|5|5|8
4.9|96.27|1041|422|5|5|5|8
5|96.25|1041|422|5|5|5|8
5.1|96.25|1041|422|5|5|2|8
5.2|96.19|1041|422|5|5|2|8
5.3|95.84|1041|422|5|5|2|8
5.4|95.41|1064|422|5|5|2|8
5.5|94.99|1325|422|5|5|2|8
5.6|94.6|1621|424|5|5|3|8
5.7|94.43|1644|426|5|5|3|8
5.8|94.25|1662|428|5|5|3|8
5.9|94.12|1673|428|5|5|3|8
6|94.02|1678|428|5|5|3|8
6.1|94.04|1683|428|5|5|3|8
6.2|94.05|1683|428|5|5|3|8
6.3|94.09|1686|428|5|5|3|8
6.4|94.1|1688|428|5|5|3|8
6.5|94.06|1691|428|5|5|3|8
6.6|94.04|1691|428|5|5|3|8
6.7|94.12|1693|428|5|5|3|8
6.8|94.08|1696|428|5|5|3|8
6.9|94.08|1696|428|5|5|3|8
7|94.05|1698|428|5|5|3|8
7.1|94.09|1701|428|5|5|3|8
7.2|94.09|1701|428|5|5|3|8
7.3|94.05|1701|428|5|5|3|8
7.4|94.02|1704|428|5|5|3|8
7.5|94.12|1704|428|5|5|3|8
7.6|94.09|1706|428|5|5|4|8
7.7|94.31|1704|428|5|5|4|8
7.8|94.61|1655|428|5|5|4|8
7.9|95.17|1180|426|5|5|5|8
8|95.47|1057|422|5|5|5|8
8.1|95.62|1054|421|5|5|5|8
8.2|95.63|1052|420|5|5|5|8
8.3|95.69|1052|420|5|5.1|5|8
8.4|95.68|1049|420|5.1|5.1|5|8
8.5|95.72|1049|420|5.1|5.1|5|8
8.6|95.77|1049|420|5.1|5.1|5|8
8.7|95.73|1049|420|5.1|5.1|5|8
8.8|95.7|1049|420|5.1|5.1|5|8
8.9|95.69|1046|420|5.1|5.1|5|8
9|95.69|1046|420|5.1|5.1|5|8
9.1|95.68|1046|420|5.1|5.1|5|8
9.2|95.69|1049|420|5.1|5.1|5|8
9.3|95.72|1049|420|5.1|5.1|5|8
9.4|95.77|1046|420|5.1|5.1|5|8
9.5|95.73|1046|420|5.1|5.1|5|8
9.6|95.69|1046|420|5.1|5.1|5|8
9.7|95.66|1046|420|5.1|5.1|5|8
9.8|95.66|1046|420|5.1|5.1|5|8
9.9|95.72|1046|420|5.1|5.1|2|8
10|95.65|1046|420|5.1|5.1|2|8
10.1|95.29|1046|420|5.1|5.1|2|8
10.2|94.84|1077|420|5.1|5.1|2|8
10.3|94.45|1492|420|5.1|5.1|2|8
10.4|94.01|1673|424|5.1|5.1|3|8
10.5|93.9|1693|425|5.1|5.1|3|8
10.6|93.88|1706|425|5.1|5.1|3|8
10.7|93.72|1729|407|5.1|5.1|3|8
10.8|93.68|1732|400|5.1|5.1|3|8
10.9|93.64|1737|398|5.1|5.1|3|8
11|93.68|1740|396|5.1|5.1|3|8
11.1|93.66|1740|396|5.1|5.1|3|8
11.2|93.64|1742|396|5.1|5.1|3|8
11.3|93.62|1742|396|5.1|5.1|3|8
11.4|93.74|1742|396|5.1|5.1|3|8
11.5|93.66|1742|396|5.1|5.1|3|8
11.6|93.69|1742|396|5.1|5.1|3|8
11.7|93.68|1745|396|5.1|5.1|3|8
11.8|93.68|1745|396|5.1|5.1|3|8
11.9|93.62|1745|396|5.1|5.1|3|8
12|93.7|1745|396|5.1|5.1|3|8
12.1|93.68|1747|396|5.1|5.1|3|8
12.2|93.66|1747|396|5.1|5.1|3|8
12.3|93.62|1747|396|5.1|5.1|3|8
12.4|93.77|1747|396|5.1|5.1|4|8
12.5|93.92|1735|396|5.1|5.1|4|8
12.6|94.37|1693|396|5.1|5.1|4|8
12.7|94.91|1302|395|5.1|5.1|5|8
12.8|95.25|1072|394|5.1|5.1|5|8
12.9|95.42|1067|394|5.1|5.1|5|8
13|95.49|1064|393|5.1|5.1|5|8
13.1|95.5|1062|393|5.1|5.1|5|8
13.2|95.53|1064|393|5.1|5.1|5|8
13.3|95.54|1062|393|5.1|5.1|5|8
13.4|95.55|1059|393|5.1|5.1|5|8
13.5|95.55|1059|393|5.1|5.1|5|8
13.6|95.54|1059|393|5.1|5.1|5|8
13.7|95.54|1059|393|5.1|5.1|5|8
13.8|95.57|1059|393|5.1|5.1|5|8
13.9|95.59|1059|393|5.1|5.1|5|8
14|95.57|1059|393|5.1|5.1|5|8
14.1|95.53|1059|393|5.1|5.1|5|8
14.2|95.53|1059|393|5.1|5.1|5|8
14.3|95.55|1059|392|5.1|5.1|5|8
14.4|95.57|1059|392|5.1|5.1|5|8
14.5|95.58|1057|392|5.1|5.1|5|8
14.6|95.55|1057|392|5.1|5.1|5|8
14.7|95.51|1057|392|5.1|5.1|2|8
14.8|95.54|1057|392|5.1|5.1|2|8
14.9|95.23|1059|392|5.1|5.1|2|8
15|94.82|1059|392|5.1|5.1|2|8
15.1|94.41|1345|393|5.1|5.1|2|8
15.2|93.93|1675|394|5.1|5.1|3|8
15.3|93.68|1722|394|5.1|5.1|3|8
15.4|93.6|1737|394|5.1|5.1|3|8
15.5|93.57|1745|395|5.1|5.1|3|8
15.6|93.58|1747|395|5.1|5.1|3|8
15.7|93.51|1753|395|5.1|5.1|3|8
15.8|93.5|1755|395|5.1|5.1|3|8
15.9|93.45|1755|395|5.1|5.1|3|8
16|93.46|1758|395|5.1|5.1|3|8
16.1|93.46|1758|395|5.1|5.1|3|8
16.2|93.42|1760|395|5.1|5.1|3|8
16.3|93.5|1760|395|5.1|5.1|3|8
16.4|93.53|1760|395|5.1|5.1|3|8
16.5|93.49|1760|394|5.1|5.1|3|8
16.6|93.46|1763|394|5.1|5.1|3|8
16.7|93.45|1763|394|5.1|5.1|3|8
16.8|93.49|1765|394|5.1|5.1|3|8
16.9|93.5|1765|394|5.1|5.1|3|8
17|93.5|1765|395|5.1|5.1|3|8
17.1|93.49|1768|394|5.1|5.1|3|8
17.2|93.47|1768|394|5.1|5.1|4|8
17.3|93.62|1768|394|5.1|5.1|4|8
17.4|94.05|1719|394|5.1|5.1|4|8
17.5|94.55|1678|394|5.1|5.1|4|8
17.6|95.04|1095|394|5.1|5.1|5|8
17.7|95.25|1072|393|5.1|5.1|5|8
17.8|95.37|1070|392|5.1|5.1|5|8
17.9|95.39|1070|392|5.1|5.1|5|8
18|95.43|1067|392|5.1|5.1|5|8
18.1|95.43|1067|392|5.1|5.1|5|8
18.2|95.43|1067|392|5.1|5.1|5|8
18.3|95.42|1064|392|5.1|5.1|5|8
18.4|95.45|1064|392|5.1|5.1|5|8
18.5|95.47|1064|392|5.1|5.1|5|8
18.6|95.46|1064|392|5.1|5.1|5|8
18.7|95.47|1064|392|5.1|5.1|5|8
18.8|95.46|1064|392|5.1|5.1|5|8
18.9|95.46|1064|392|5.1|5.1|5|8
19|95.45|1064|392|5.1|5.1|5|8
19.1|95.42|1064|392|5.1|5.1|5|8
19.2|95.42|1064|392|5.1|5.1|5|8
19.3|95.43|1064|392|5.1|5.1|5|8
19.4|95.45|1064|392|5.1|5.1|5|8
19.5|95.47|1062|392|5.1|5.1|5|8
19.6|95.47|1062|392|5.1|5.1|2|8
19.7|95.29|1062|392|5.1|5.1|2|8
19.8|94.92|1062|392|5.1|5.1|2|8
19.9|94.48|1149|392|5.1|5.1|2|8
20|94|1369|393|5.1|5.1|2|8
20.1|93.6|1704|393|5.1|5.1|3|8
20.2|93.38|1747|394|5.1|5.1|3|8
20.3|93.25|1760|394|5.1|5.1|3|8
20.4|93.13|1765|394|5.1|5.1|3|8
20.5|93.18|1771|394|5.1|5.1|3|8
20.6|93.09|1773|394|5.1|5.1|3|8
20.7|93.06|1776|394|5.1|5.1|3|8
20.8|93.09|1776|394|5.1|5.1|3|8
20.9|93.1|1778|394|5.1|5.1|3|8
21|93.13|1778|394|5.1|5.1|3|8
21.1|93.07|1781|394|5.1|5.1|3|8
21.2|93.07|1781|394|5.1|5.1|3|8
21.3|93.1|1784|394|5.1|5.1|3|8
21.4|93.09|1784|394|5.1|5.1|3|8
21.5|93.06|1786|394|5.1|5.1|3|8
21.6|93.04|1786|394|5.1|5.1|3|8
21.7|93.07|1786|394|5.1|5.1|3|8
21.8|93.07|1786|395|5.1|5.1|3|8
21.9|93.1|1786|394|5.1|5.1|3|8
22|93.11|1789|394|5.1|5.1|3|8
22.1|93.07|1789|394|5.1|5.1|4|8
22.2|93.21|1789|395|5.1|5.1|4|8
22.3|93.6|1745|395|5.1|5.1|4|8
22.4|94.19|1173|395|5.1|5.1|5|8
22.5|94.4|1077|394|5.1|5.1|5|8
22.6|94.53|1075|393|5.1|5.1|5|8
22.7|94.64|1072|392|5.1|5.1|5|8
22.8|94.57|1072|392|5.1|5.1|5|8
22.9|94.66|1070|392|5.1|5.1|5|8
23|94.64|1067|393|5.1|5.1|5|8
23.1|94.64|1067|393|5.1|5.1|5|8
23.2|94.66|1067|393|5.1|5.1|5|8
23.3|94.66|1067|393|5.1|5.1|5|8
23.4|94.66|1067|393|5.1|5.1|5|8
23.5|94.76|1064|393|5.1|5.1|5|8
23.6|94.66|1064|393|5.1|5.1|5|8
23.7|94.64|1064|393|5.1|5.1|5|8
23.8|94.56|1064|393|5.1|5.1|5|8
23.9|94.64|1064|393|5.1|5.1|5|8
24|94.64|1067|393|5.1|5.1|5|8
24.1|94.64|1067|393|5.1|5.1|5|8
24.2|94.66|1067|393|5.1|5.1|5|8
24.3|94.7|1064|393|5.1|5.1|5|8
24.4|94.75|1064|393|5.1|5.1|2|8
24.5|94.53|1064|393|5.1|5.1|2|8
24.6|94.28|1064|393|5.1|5.1|2|8
24.7|93.81|1173|393|5.1|5.1|2|8
24.8|93.37|1693|394|5.1|5.1|3|8
24.9|93.14|1750|394|5.1|5.1|3|8
25|93.03|1765|394|5.1|5.1|3|8
25.1|92.92|1776|395|5.1|5.1|3|8
25.2|92.82|1784|395|5.1|5.1|3|8
25.3|92.8|1789|395|5.1|5.1|3|8
25.4|92.87|1791|395|5.1|5.1|3|8
25.5|92.84|1791|395|5.1|5.1|3|8
25.6|92.83|1794|395|5.1|5.1|3|8
25.7|92.84|1794|395|5.1|5.1|3|8
25.8|92.86|1794|395|5.1|5.1|3|8
25.9|92.87|1794|395|5.1|5.1|3|8
26|92.86|1796|395|5.1|5.1|3|8
26.1|92.82|1796|395|5.1|5.1|3|8
26.2|92.83|1799|395|5.1|5.1|3|8
26.3|92.84|1799|395|5.1|5.1|3|8
26.4|92.84|1799|395|5.1|5.1|3|8
26.5|92.83|1802|395|5.1|5.1|3|8
26.6|92.82|1804|395|5.1|5.1|3|8
26.7|92.84|1804|395|5.1|5.1|3|8
26.8|92.84|1804|395|5.1|5.1|4|8
26.9|92.95|1807|395|5.1|5.1|4|8
27|93.23|1796|395|5.1|5.1|4|8
27.1|93.78|1629|395|5.1|5.1|4|8
27.2|94.31|1093|394|5.1|5.1|5|8
27.3|94.41|1077|394|5.1|5.1|5|8
27.4|94.47|1075|393|5.1|5.1|5|8
27.5|94.56|1072|393|5.1|5.1|5|8
27.6|94.63|1070|393|5.1|5.1|5|8
27.7|94.57|1070|393|5.1|5.1|5|8
27.8|94.6|1070|393|5.1|5.1|5|8
27.9|94.6|1067|393|5.1|5.1|5|8
28|94.6|1067|393|5.1|5.1|5|8
28.1|94.6|1067|393|5.1|5.1|5|8
28.2|94.59|1067|393|5.1|5.1|5|8
28.3|94.6|1067|393|5.1|5.1|5|8
28.4|94.6|1067|393|5.1|5.1|5|8
28.5|94.6|1064|393|5.1|5.1|5|8
28.6|94.6|1064|393|5.1|5.1|5|8
28.7|94.6|1064|393|5.1|5.1|5|8
28.8|94.6|1064|393|5.1|5.1|5|8
28.9|94.6|1064|393|5.1|5.1|5|8
29|94.6|1064|393|5.1|5.1|5|8
29.1|94.6|1064|392|5.1|5.1|5|8
29.2|94.6|1064|392|5.1|5.1|2|8
29.3|94.43|1064|393|5.1|5.1|2|8
29.4|94|1064|393|5.1|5.1|2|8
29.5|93.58|1206|393|5.1|5.1|2|8
29.6|93.13|1716|394|5.1|5.1|3|8
29.7|92.94|1760|394|5.1|5.1|3|8
29.8|92.86|1776|395|5.1|5.1|3|8
29.9|92.76|1784|395|5.1|5.1|3|8
30|92.72|1789|395|5.1|5.1|3|8
30.1|92.7|1791|396|5.1|5.1|3|8
30.2|92.7|1796|396|5.1|5.1|3|8
30.3|92.68|1799|396|5.1|5.1|3|8
30.4|92.7|1802|396|5.1|5.1|3|8
30.5|92.7|1804|396|5.1|5.1|3|8
30.6|92.7|1807|396|5.1|5.1|3|8
30.7|92.7|1807|396|5.1|5.1|3|8
30.8|92.7|1807|396|5.1|5.1|3|8
30.9|92.7|1809|396|5.1|5.1|3|8
31|92.7|1809|396|5.1|5.1|3|8
31.1|92.7|1809|396|5.1|5.1|3|8
31.2|92.7|1809|396|5.1|5.1|3|8
31.3|92.7|1809|396|5.1|5.1|3|8
31.4|92.7|1812|396|5.1|5.1|3|8
31.5|92.67|1812|396|5.1|5.1|3|8
31.6|92.64|1812|396|5.1|5.1|4|8
31.7|92.87|1812|396|5.1|5.1|4|8
31.8|93.17|1781|396|5.1|5.1|4|8
31.9|93.73|1235|396|5.1|5.1|5|8
32|94.1|1080|394|5.1|5.1|5|8
32.1|94.24|1075|394|5.1|5.1|5|8
32.2|94.25|1072|394|5.1|5.1|5|8
32.3|94.29|1072|393|5.1|5.1|5|8
32.4|94.28|1070|393|5.1|5.1|5|8
32.5|94.31|1067|394|5.1|5.1|5|8
32.6|94.33|1070|394|5.1|5.1|5|8
32.7|94.32|1067|394|5.1|5.1|5|8
32.8|94.28|1067|394|5.1|5.1|5|8
32.9|94.25|1067|394|5.1|5.1|5|8
33|94.29|1064|394|5.1|5.1|5|8
33.1|94.28|1067|394|5.1|5.1|5|8
33.2|94.31|1067|394|5.1|5.1|5|8
33.3|94.36|1067|394|5.1|5.1|5|8
33.4|94.29|1064|394|5.1|5.1|5|8
33.5|94.27|1064|394|5.1|5.1|5|8
33.6|94.29|1064|394|5.1|5.1|5|8
33.7|94.27|1064|393|5.1|5.1|5|8
33.8|94.29|1064|393|5.1|5.1|5|8
33.9|94.29|1064|393|5.1|5.1|2|8
34|94.28|1064|394|5.1|5.1|2|8
34.1|93.89|1062|394|5.1|5.1|2|8
34.2|93.5|1139|394|5.1|5.1|2|8
34.3|93.07|1704|394|5.1|5.1|3|8
34.4|92.82|1768|395|5.1|5.1|3|8
34.5|92.71|1781|396|5.1|5.1|3|8
34.6|92.71|1794|396|5.1|5.1|3|8
34.7|92.63|1804|396|5.1|5.1|3|8
34.8|92.67|1809|396|5.1|5.1|3|8
34.9|92.6|1817|396|5.1|5.1|3|8
35|92.58|1820|396|5.1|5.1|3|8
35.1|92.53|1822|396|5.1|5.1|3|8
35.2|92.6|1822|396|5.1|5.1|3|8
35.3|92.62|1825|396|5.1|5.1|3|8
35.4|92.59|1825|396|5.1|5.1|3|8
35.5|92.6|1827|396|5.1|5.1|3|8
35.6|92.6|1827|396|5.1|5.1|3|8
35.7|92.59|1827|396|5.1|5.1|3|8
35.8|92.58|1827|396|5.1|5.1|3|8
35.9|92.55|1830|396|5.1|5.1|3|8
36|92.58|1830|396|5.1|5.1|3|8
36.1|92.58|1830|396|5.1|5.1|3|8
36.2|92.55|1830|396|5.1|5.1|3|8
36.3|92.56|1830|396|5.1|5.1|4|8
36.4|92.7|1830|396|5.1|5.1|4|8
36.5|93.04|1802|396|5.1|5.1|4|8
36.6|93.58|1250|396|5.1|5.1|2|8
36.7|93.77|1077|394|5.1|5.1|2|8
36.8|93.82|1072|394|5.1|5.1|2|8
36.9|93.86|1070|394|5.1|5.1|2|8
37|93.78|1070|394|5.1|5.1|2|8
37.1|93.81|1067|394|5.1|5.1|2|8
37.2|93.64|1067|394|5.1|5.1|2|8
37.3|93.66|1067|394|5.1|5.1|2|8
37.4|93.55|1064|394|5.1|5.1|2|8
37.5|93.55|1064|394|5.1|5.1|2|8
37.6|93.43|1064|394|5.1|5.1|2|8
37.7|93.43|1113|394|5.1|5.1|2|8
37.8|93.35|1085|394|5.1|5.1|2|8
37.9|93.21|1095|394|5.1|5.1|2|8
38|93.14|1064|394|5.1|5.1|2|8
38.1|93.21|1070|394|5.1|5.1|2|8
38.2|93.15|1144|394|5.1|5.1|2|8
38.3|92.99|1575|394|5.1|5.1|2|8
38.4|92.96|1675|395|5.1|5.1|2|8
38.5|93.13|1691|396|5.1|5.1|2|8
38.6|93.31|1678|396|5.1|5.1|2|8
38.7|93.49|1134|396|5.1|5.1|2|8
38.8|93.51|1067|394|5.1|5.1|2|8
38.9|93.49|1064|394|5.1|5.1|2|8
39|93.54|1062|394|5.1|5.1|2|8
39.1|93.57|1062|394|5.1|5.1|2|8
39.2|93.43|1062|394|5.1|5.1|2|8
39.3|93.39|1059|394|5.1|5.1|2|8
39.4|93.33|1129|394|5.1|5.1|2|8
39.5|93.19|1067|394|5.1|5.1|2|8
39.6|93.14|1059|394|5.1|5.1|2|8
39.7|93.22|1085|394|5.1|5.1|2|8
39.8|93.15|1206|394|5.1|5.1|2|8
39.9|93.02|1374|395|5.1|5.1|2|8
40|93.04|1649|395|5.1|5.1|2|8
40.1|92.95|1693|396|5.1|5.1|2|8
40.2|93.13|1665|396|5.1|5.1|2|8
40.3|93.34|1160|396|5.1|5.1|2|8
40.4|93.42|1067|394|5.1|5.1|2|8
40.5|93.51|1062|394|5.1|5.1|2|8
40.6|93.43|1059|394|5.1|5.1|2|8
40.7|93.43|1059|394|5.1|5.1|2|8
40.8|93.37|1059|394|5.1|5.1|2|8
40.9|93.22|1057|394|5.1|5.1|2|8
41|93.14|1057|394|5.1|5.1|2|8
41.1|93.18|1057|394|5.1|5.1|2|8
41.2|93.14|1152|394|5.1|5.1|2|8
41.3|93|1508|394|5.1|5.1|2|8
41.4|92.99|1598|395|5.1|5.1|2|8
41.5|93.13|1613|396|5.1|5.1|2|8
41.6|93.31|1477|396|5.1|5.1|2|8
41.7|93.41|1070|394|5.1|5.1|2|8
41.8|93.49|1059|394|5.1|5.1|2|8
41.9|93.45|1057|394|5.1|5.1|2|8
42|93.43|1057|394|5.1|5.1|2|8
42.1|93.34|1057|394|5.1|5.1|2|8
42.2|93.29|1070|394|5.1|5.1|2|8
42.3|93.18|1057|393|5.1|5.1|2|8
42.4|93.14|1057|394|5.1|5.1|2|8
42.5|93.21|1090|394|5.1|5.1|2|8
42.6|93.1|1085|394|5.1|5.1|2|8
42.7|93.03|1216|394|5.1|5.1|2|8
42.8|92.98|1585|395|5.1|5.1|2|8
42.9|92.95|1603|396|5.1|5.1|2|8
43|93.09|1624|396|5.1|5.1|2|8
43.1|93.26|1631|396|5.1|5.1|2|8
43.2|93.47|1322|396|5.1|5.1|2|8
43.3|93.58|1064|394|5.1|5.1|2|8
43.4|93.61|1059|394|5.1|5.1|2|8
43.5|93.66|1057|394|5.1|5.1|2|8
43.6|93.55|1057|394|5.1|5.1|2|8
43.7|93.57|1057|394|5.1|5.1|2|8
43.8|93.43|1054|394|5.1|5.1|2|8
43.9|93.45|1054|394|5.1|5.1|2|8
44|93.35|1054|394|5.1|5.1|2|8
44.1|93.22|1057|394|5.1|5.1|2|8
44.2|93.15|1054|394|5.1|5.1|2|8
44.3|93.19|1090|394|5.1|5.1|2|8
44.4|93.14|1126|394|5.1|5.1|2|8
44.5|93|1271|394|5.1|5.1|2|8
44.6|93.04|1193|395|5.1|5.1|2|8
44.7|92.92|1510|396|5.1|5.1|2|8
44.8|92.9|1415|396|5.1|5.1|2|8
44.9|92.86|1062|394|5.1|5.1|2|8
45|92.92|1052|394|5.1|5.1|2|8
45.1|92.95|1119|394|5.1|5.1|2|8
45.2|92.87|1500|395|5.1|5.1|2|8
45.3|92.76|1593|396|5.1|5.1|2|8
45.4|92.9|1593|396|5.1|5.1|2|8
45.5|93.09|1173|396|5.1|5.1|2|8
45.6|93.14|1059|394|5.1|5.1|2|8
45.7|93.17|1057|394|5.1|5.1|2|8
45.8|93.23|1054|394|5.1|5.1|2|8
45.9|93.17|1054|394|5.1|5.1|2|8
46|92.98|1052|394|5.1|5.1|2|8
46.1|92.99|1052|394|5.1|5.1|2|8
46.2|93.04|1052|394|5.1|5.1|2|8
46.3|92.95|1142|394|5.1|5.1|2|8
46.4|92.87|1291|394|5.1|5.1|2|8
46.5|92.76|1464|395|5.1|5.1|2|8
46.6|92.79|1232|396|5.1|5.1|2|8
46.7|92.72|1155|396|5.1|5.1|2|8
46.8|92.64|1235|395|5.1|5.1|2|8
46.9|92.67|1229|394|5.1|5.1|2|8
47|92.6|1263|395|5.1|5.1|2|8
47.1|92.51|1356|396|5.1|5.1|2|8
47.2|92.43|1219|395|5.1|5.1|2|8
47.3|92.39|1255|395|5.1|5.1|2|8
47.4|92.37|1245|396|5.1|5.1|2|8
47.5|92.24|1320|395|5.1|5.1|2|8
47.6|92.17|1149|396|5.1|5.1|2|8
47.7|92.12|1191|394|5.1|5.1|2|8
47.8|92.04|1124|394|5.1|5.1|2|8
47.9|92.01|1201|394|5.1|5.1|2|8
48|91.96|1191|394|5.1|5.1|2|8
48.1|91.89|1196|394|5.1|5.1|2|8
48.2|91.81|1222|394|5.1|5.1|2|8
48.3|91.72|1263|395|5.1|5.1|2|8
48.4|91.62|1162|394|5.1|5.1|2|8
48.5|91.53|1232|394|5.1|5.1|2|8
48.6|91.5|1108|394|5.1|5.1|2|8
48.7|91.49|1214|394|5.1|5.1|2|8
48.8|91.38|1160|394|5.1|5.1|2|8
48.9|91.26|1276|394|5.1|5.1|2|8
49|91.22|1255|394|5.1|5.1|2|8
49.1|91.06|1191|394|5.1|5.1|2|8
49.2|91.05|1183|395|5.1|5.1|2|8
49.3|90.99|1157|395|5.1|5.1|2|8
49.4|90.8|1265|396|5.1|5.1|2|8
49.5|90.76|1098|395|5.1|5.1|2|8
49.6|90.64|1229|394|5.1|5.1|2|8
49.7|90.63|1095|394|5.1|5.1|2|8
49.8|90.48|1227|395|5.1|5.1|2|8
49.9|90.47|1180|395|5.1|5.1|2|8
50|90.36|1147|395|5.1|5.1|2|8
50.1|90.24|1137|395|5.1|5.1|2|8
50.2|90.17|1240|395|5.1|5.1|2|8
50.3|90.03|1186|396|5.1|5.1|2|8
50.4|89.94|1155|394|5.1|5.1|2|8
50.5|89.89|1242|395|5.1|5.1|2|8
50.6|89.73|1216|394|5.1|5.1|2|8
50.7|89.7|1147|394|5.1|5.1|2|8
50.8|89.56|1216|395|5.1|5.1|2|8
50.9|89.49|1191|395|5.1|5.1|2|8
51|89.38|1302|394|5.1|5.1|2|8
51.1|89.23|1149|394|5.1|5.1|2|8
51.2|89.17|1170|394|5.1|5.1|2|8
51.3|89.03|1232|394|5.1|5.1|2|8
51.4|88.95|1204|394|5.1|5.1|2|8
51.5|88.86|1103|394|5.1|5.1|2|8
51.6|88.72|1165|394|5.1|5.1|2|8
51.7|88.59|1237|394|5.1|5.1|2|8
51.8|88.51|1196|394|5.1|5.1|2|8
51.9|88.37|1240|394|5.1|5.1|2|8
52|88.25|1214|394|5.1|5.1|2|8
52.1|88.15|1240|394|5.1|5.1|2|8
52.2|88.05|1284|393|5.1|5.1|2|8
52.3|87.89|1209|394|5.1|5.1|2|8
52.4|87.78|1268|394|5.1|5.1|2|8
52.5|87.62|1206|394|5.1|5.1|2|8
52.6|87.57|1358|394|5.1|5.1|2|8
52.7|87.37|1191|394|5.1|5.1|2|8
52.8|87.23|1155|393|5.1|5.1|2|8
52.9|87.15|1134|394|5.1|5.1|2|8
53|87.01|1219|394|5.1|5.1|2|8
53.1|86.86|1263|394|5.1|5.1|2|8
53.2|86.74|1214|394|5.1|5.1|2|8
53.3|86.58|1214|393|5.1|5.1|2|8
53.4|86.46|1198|393|5.1|5.1|2|8
53.5|86.25|1178|394|5.1|5.1|2|8
53.6|86.17|1247|394|5.1|5.1|2|8
53.7|86.03|1186|394|5.1|5.1|2|8
53.8|85.92|1224|394|5.1|5.1|2|8
53.9|85.76|1289|394|5.1|5.1|2|8
54|85.58|1284|394|5.1|5.1|2|8
54.1|85.41|1206|393|5.1|5.1|2|8
54.2|85.23|1216|394|5.1|5.1|2|8
54.3|85.07|1263|393|5.1|5.1|2|8
54.4|84.95|1209|392|5.1|5.1|2|8
54.5|84.8|1219|393|5.1|5.1|2|8
54.6|84.59|1214|394|5.1|5.1|2|8
54.7|84.4|1250|393|5.1|5.1|2|8
54.8|84.27|1201|394|5.1|5.1|2|8
54.9|84.12|1250|392|5.1|5.1|2|8
55|83.92|1366|394|5.1|5.1|2|8
55.1|83.76|1312|394|5.1|5.1|2|8
55.2|83.57|1420|394|5.1|5.1|2|8
55.3|83.38|1351|394|5.1|5.1|2|8
55.4|83.18|1201|393|5.1|5.1|2|8
55.5|83.01|1345|394|5.1|5.1|2|8
55.6|82.83|1204|392|5.1|5.1|2|8
55.7|82.66|1430|392|5.1|5.1|2|8
55.8|82.43|1392|392|5.1|5.1|2|8
55.9|82.2|1245|392|5.1|5.1|6|8
56|80.79|1827|393|5.1|5.1|6|8
56.1|78.27|1876|394|5.1|5.1|6|8
56.2|75.81|54|392|5.1|5.1|7|8
56.3|73.79|0|390|5.1|5.1|7|8
56.4|72.62|0|390|5.1|5.1|7|8
56.5|72.08|0|390|5.1|5.1|7|8
56.6|71.72|0|390|5.1|5.1|7|8
56.7|71.56|0|389|5.1|5.1|7|8
56.8|71.45|0|389|5.1|5.1|7|8
56.9|71.44|0|389|5.1|5.1|7|8
57|71.4|0|389|5.1|5.1|7|8
57.1|71.48|0|389|5.1|5.1|7|8
57.2|71.47|0|389|5.1|5.1|7|8
57.3|71.45|0|389|5.1|5.1|7|8
57.4|71.43|0|390|5.1|5.1|7|8
57.5|71.45|0|389|5.1|5.1|7|8
57.6|71.48|0|390|5.1|5.1|7|8
57.7|71.43|0|390|5.1|5.1|7|8
57.8|71.43|0|390|5.1|5.1|7|8
57.9|71.44|0|390|5.1|5.1|7|8
58|71.44|0|390|5.1|5.1|7|8
58.1|71.44|0|390|5.1|5.1|7|8
58.2|71.44|0|390|5.1|5.1|7|8
58.3|71.45|0|390|5.1|5.1|7|8
58.4|71.51|0|390|5.1|5.1|7|8
58.5|71.45|0|390|5.1|5.1|7|8
58.6|71.44|0|390|5.1|5.1|7|8
58.7|71.43|0|390|5.1|5.1|7|8
58.8|71.43|0|390|5.1|5.1|7|8
58.9|71.43|0|390|5.1|5.1|7|8
59|71.43|0|390|5.1|5.1|7|8
59.1|71.43|0|390|5.1|5.1|7|8
59.2|71.45|0|390|5.1|5.1|7|8
59.3|71.44|0|390|5.1|5.1|7|8
59.4|71.43|0|390|5.1|5.1|7|8
59.5|71.43|0|390|5.1|5.1|7|8
59.6|71.43|0|390|5.1|5.1|7|8
59.7|71.44|0|390|5.1|5.1|7|8
59.8|71.44|0|390|5.1|5.1|7|8
59.9|71.43|0|390|5.1|5.1|7|8
60|71.43|0|390|5.1|5.1|7|8
60.1|71.43|0|390|5.1|5.1|7|8
60.2|71.43|0|390|5.1|5.1|7|8
60.3|71.41|0|390|5.1|5.1|7|8
60.4|71.41|0|390|5.1|5.1|7|8
60.5|71.43|0|390|5.1|5.1|7|8
60.6|71.41|0|390|5.1|5.1|7|8
60.7|71.43|0|390|5.1|5.1|7|8
60.8|71.43|0|390|5.1|5.1|7|8
60.9|71.43|0|390|5.1|5.1|7|8
61|71.43|0|390|5.1|5.1|7|8
61.1|71.43|0|390|5.1|5.1|7|8
61.2|71.44|0|390|5.1|5.1|7|8
61.3|71.44|0|390|5.1|5.1|7|8
61.4|71.44|0|390|5.1|5.1|7|8
61.5|71.43|0|390|5.1|5.1|7|8
61.6|71.43|0|390|5.1|5.1|7|8
61.7|71.43|0|390|5.1|5.1|7|8
61.8|71.43|0|390|5.1|5.1|7|8
61.9|71.43|0|390|5.1|5.1|7|8
62|71.43|0|390|5.1|5.1|7|8
62.1|71.43|0|390|5.1|5.1|7|8
62.2|71.43|0|390|5.1|5.1|7|8
62.3|71.43|0|390|5.1|5.1|7|8
62.4|71.43|0|390|5.1|5.1|7|8
62.5|71.43|0|390|5.1|5.1|7|8
62.6|71.43|0|390|5.1|5.1|7|8
62.7|71.43|0|390|5.1|5.1|7|8
62.8|71.41|0|390|5.1|5.1|7|8
62.9|71.43|0|390|5.1|5.1|7|8
63|71.41|0|390|5.1|5.1|7|8
63.1|71.43|0|390|5.1|5.1|7|8
63.2|71.41|0|390|5.1|5.1|7|8
63.3|71.44|0|390|5.1|5.1|7|8
63.4|71.43|0|390|5.1|5.1|7|8
63.5|71.45|0|390|5.1|5.1|7|8
63.6|71.45|0|390|5.1|5.1|7|8
63.7|71.43|0|390|5.1|5.1|7|8
63.8|71.43|0|390|5.1|5.1|7|8
63.9|71.43|0|390|5.1|5.1|7|8
64|71.44|0|390|5.1|5.1|7|8
64.1|71.44|0|390|5.1|5.1|7|8
64.2|71.45|0|390|5.1|5.1|7|8
64.3|71.47|0|390|5.1|5.1|7|8
64.4|71.43|0|390|5.1|5.1|7|8
64.5|71.43|0|390|5.1|5.1|7|8
64.6|71.43|0|390|5.1|5.1|7|8
64.7|71.41|0|390|5.1|5.1|7|8
64.8|71.36|0|390|5.1|5.1|7|8
64.9|71.37|0|390|5.1|5.1|7|8
65|71.38|0|390|5.1|5.1|7|8
65.1|71.38|0|390|5.1|5.1|7|8
65.2|71.36|0|390|5.1|5.1|7|8
65.3|71.4|0|390|5.1|5.1|7|8
65.4|71.41|0|390|5.1|5.1|7|8
65.5|71.43|0|390|5.1|5.1|7|8
65.6|71.45|0|390|5.1|5.1|7|8
65.7|71.48|0|390|5.1|5.1|7|8
65.8|71.45|0|390|5.1|5.1|7|8
65.9|71.44|0|390|5.1|5.1|7|8
66|71.43|0|390|5.1|5.1|7|8
66.1|71.43|0|390|5.1|5.1|7|8
66.2|71.43|0|390|5.1|5.1|7|8
66.3|71.41|0|390|5.1|5.1|7|8
66.4|71.41|0|390|5.1|5.1|7|8
66.5|71.41|0|390|5.1|5.1|7|8
66.6|71.41|0|393|5.1|5.1|7|8
66.7|71.41|0|400|5.1|5.1|7|8
66.8|71.41|0|402|5.1|5.1|7|8
66.9|71.41|0|404|5.1|5.1|7|8
67|71.34|0|404|5.1|5.1|7|8
67.1|71.37|0|404|5.1|5.1|7|8
67.2|71.37|0|404|5.1|5.1|7|8
67.3|71.4|0|404|5.1|5.1|7|8
67.4|71.43|0|404|5.1|5.1|7|8
67.5|71.44|0|404|5.1|5.1|7|8
67.6|71.47|0|404|5.1|5.1|7|8
67.7|71.43|0|404|5.1|5.1|7|8
67.8|71.4|0|404|5.1|5.1|7|8
67.9|71.4|0|404|5.1|5.1|7|8
68|71.36|0|404|5.1|5.1|7|8
68.1|71.36|0|404|5.1|5.1|7|8
68.2|71.37|0|404|5.1|5.1|7|8
68.3|71.37|0|404|5.1|5.1|7|8
68.4|71.37|0|404|5.1|5.1|7|8
68.5|71.4|0|404|5.1|5.1|7|8
68.6|71.43|0|404|5.1|5.1|7|8
68.7|71.44|0|404|5.1|5.1|7|8
68.8|71.43|0|404|5.1|5.1|7|8
68.9|71.47|0|404|5.1|5.1|7|8
69|71.41|0|404|5.1|5.1|7|8
69.1|71.41|0|404|5.1|5.1|7|8
69.2|71.45|0|404|5.1|5.1|8|8
69.3|71.34|0|404|5.1|5.1|8|8
69.4|71.21|0|404|5.1|5.1|8|8
69.5|71.25|0|404|5.1|5.1|8|8
69.6|71.25|0|404|5.1|5.1|8|8
69.7|71.32|0|404|5.1|5.1|8|8
69.8|71.32|0|404|5.1|5.1|8|8
69.9|71.34|0|404|5.1|5.1|8|8
70|71.37|0|404|5.1|5.1|8|8
70.1|71.33|0|404|5.1|5.1|8|8
70.2|71.28|0|404|5.1|5.1|8|8
70.3|71.3|0|404|5.1|5.1|8|8
70.4|71.34|0|404|5|5|8|8
70.5|71.36|0|405|5.1|5.1|8|8
70.6|71.37|0|405|5|5|8|8
70.7|71.41|0|405|5|5|8|8
70.8|71.29|0|405|5|5|8|8
70.9|71.3|0|405|5|5|8|8
71|71.33|0|405|5|5|8|8
71.1|71.37|0|405|5|5|8|8
71.2|71.87|0|405|5|5|8|8
71.3|74.74|0|405|5|5|8|8
71.4|77.73|0|405|5|5|8|8
71.5|80.73|0|405|5|5|8|8
71.6|83.69|0|405|5|5|8|8
71.7|86.59|0|405|5|5|8|8
71.8|89.45|0|405|5|5|8|8
71.9|92.43|0|405|5|5|8|8
72|94.53|0|405|5|5|8|8
72.1|95.45|0|405|5|5|8|8
72.2|95.82|0|405|5|5|9|8
