0|96.09|1219|417|5.1|5.1|1|8
0.1|96.08|1464|422|5.1|5.1|1|8
0.2|96.05|1487|424|5.1|5.1|1|8
0.3|96.04|1500|425|5.1|5.1|1|8
0.4|96.02|1510|425|5.1|5.1|1|8
0.5|96.05|1521|426|5.1|5.1|3|8
0.6|96.02|1531|426|5.1|5.1|3|8
0.7|95.98|1541|426|5.1|5.1|3|8
0.8|95.96|1546|426|5.1|5.1|3|8
0.9|95.96|1552|426|5.1|5.1|3|8
1|96|1554|426|5.1|5.1|3|8
1.1|96.01|1557|426|5.1|5.1|3|8
1.2|96.02|1562|426|5.1|5.1|3|8
1.3|96|1564|426|5.1|5.1|3|8
1.4|96.01|1567|426|5.1|5.1|3|8
1.5|95.97|1567|426|5.1|5.1|3|8
1.6|95.94|1570|426|5.1|5.1|3|8
1.7|95.97|1572|426|5.1|5.1|3|8
1.8|96|1572|426|5.1|5.1|3|8
1.9|95.98|1575|426|5.1|5.1|3|8
2|95.98|1577|426|5.1|5.1|3|8
2.1|96.01|1580|426|5.1|5.1|3|8
2.2|96.01|1582|426|5.1|5.1|3|8
2.3|96|1582|426|5.1|5.1|3|8
2.4|95.98|1585|426|5.1|5.1|3|8
2.5|96|1585|426|5.1|5.1|4|8
2.6|96.32|1577|426|5.1|5.1|4|8
2.7|96.68|1559|426|5.1|5.1|4|8
2.8|97.15|1490|426|5.1|5.1|4|8
2.9|97.58|1008|424|5.1|5.1|5|8
3|97.8|990|424|5.1|5.1|5|8
3.1|97.89|987|424|5.1|5.1|5|8
3.2|97.93|987|424|5.1|5.1|5|8
3.3|97.86|987|424|5.1|5.1|5|8
3.4|97.92|990|423|5.1|5.1|5|8
3.5|97.94|990|423|5.1|5.1|5|8
3.6|97.89|987|423|5.1|5.1|5|8
3.7|97.89|987|423|5.2|5.2|5|8
3.8|97.93|987|424|5.2|5.2|5|8
3.9|97.92|987|424|5.2|5.2|5|8
4|97.92|985|424|5.2|5.2|5|8
4.1|97.9|985|424|5.2|5.2|5|8
4.2|97.88|985|424|5.2|5.2|5|8
4.3|97.93|985|423|5.2|5.2|5|8
4.4|97.92|985|423|5.2|5.2|5|8
4.5|97.93|987|423|5.2|5.2|5|8
4.6|97.88|985|424|5.2|5.2|5|8
4.7|97.9|985|424|5.2|5.2|5|8
4.8|97.93|987|424|5.2|5.2|5|8
4.9|97.84|987|424|5.2|5.2|2|8
5|97.59|987|424|5.2|5.2|2|8
5.1|97.16|990|424|5.2|5.2|2|8
5.2|96.76|1052|424|5.2|5.2|2|8
5.3|96.33|1137|424|5.2|5.2|2|8
5.4|95.81|1168|425|5.2|5.2|2|8
5.5|95.3|1397|426|5.2|5.2|2|8
5.6|94.9|1611|426|5.2|5.2|3|8
5.7|94.79|1624|427|5.2|5.2|3|8
5.8|94.63|1629|428|5.2|5.2|3|8
5.9|94.52|1631|428|5.2|5.2|3|8
6|94.52|1631|428|5.2|5.2|3|8
6.1|94.48|1634|428|5.2|5.2|3|8
6.2|94.45|1634|428|5.2|5.2|3|8
6.3|94.44|1637|428|5.2|5.2|3|8
6.4|94.48|1637|428|5.2|5.2|3|8
6.5|94.49|1637|428|5.2|5.2|3|8
6.6|94.47|1637|428|5.2|5.2|3|8
6.7|94.48|1639|428|5.2|5.2|3|8
6.8|94.48|1642|428|5.2|5.2|3|8
6.9|94.47|1642|428|5.2|5.2|3|8
7|94.47|1644|428|5.2|5.2|3|8
7.1|94.47|1644|428|5.2|5.2|3|8
7.2|94.49|1644|428|5.2|5.2|3|8
7.3|94.48|1644|428|5.2|5.2|3|8
7.4|94.48|1644|428|5.2|5.2|3|8
7.5|94.47|1642|428|5.2|5.2|3|8
7.6|94.45|1649|428|5.2|5.2|4|8
7.7|94.67|1644|428|5.2|5.2|4|8
7.8|95.03|1637|428|5.2|5.2|4|8
7.9|95.61|1562|428|5.2|5.2|4|8
8|96.08|1023|426|5.2|5.2|5|8
8.1|96.37|1000|424|5.2|5.2|5|8
8.2|96.35|997|424|5.2|5.3|5|8
8.3|96.41|997|424|5.3|5.2|5|8
8.4|96.44|1000|424|5.3|5.3|5|8
8.5|96.43|1000|424|5.3|5.3|5|8
8.6|96.45|1000|424|5.3|5.3|5|8
8.7|96.44|1000|424|5.3|5.3|5|8
8.8|96.44|1000|424|5.3|5.3|5|8
8.9|96.43|1000|424|5.3|5.3|5|8
9|96.45|1000|424|5.3|5.3|5|8
9.1|96.44|1000|424|5.3|5.3|5|8
9.2|96.48|1000|424|5.3|5.3|5|8
9.3|96.48|1003|424|5.3|5.3|5|8
9.4|96.47|1000|424|5.3|5.3|5|8
9.5|96.52|1000|424|5.3|5.3|5|8
9.6|96.47|1000|424|5.3|5.3|5|8
9.7|96.49|1000|424|5.3|5.3|5|8
9.8|96.47|1003|424|5.3|5.3|5|8
9.9|96.45|1003|424|5.3|5.3|5|8
10|96.48|1003|424|5.3|5.3|2|8
10.1|96.19|1003|424|5.3|5.3|2|8
10.2|95.81|1003|424|5.3|5.3|2|8
10.3|95.39|1075|424|5.3|5.3|2|8
10.4|94.96|1554|425|5.3|5.3|3|8
10.5|94.64|1629|426|5.3|5.3|3|8
10.6|94.51|1647|428|5.3|5.3|3|8
10.7|94.32|1657|428|5.3|5.3|3|8
10.8|94.36|1683|414|5.3|5.3|3|8
10.9|94.33|1688|402|5.3|5.3|3|8
11|94.24|1691|398|5.3|5.3|3|8
11.1|94.25|1688|397|5.3|5.3|3|8
11.2|94.23|1691|396|5.3|5.3|3|8
11.3|94.31|1693|396|5.3|5.3|3|8
11.4|94.28|1693|396|5.3|5.3|3|8
11.5|94.25|1693|396|5.3|5.3|3|8
11.6|94.32|1693|396|5.3|5.3|3|8
11.7|94.25|1693|396|5.3|5.3|3|8
11.8|94.28|1693|396|5.3|5.3|3|8
11.9|94.31|1696|396|5.3|5.3|3|8
12|94.25|1696|396|5.3|5.3|3|8
12.1|94.29|1696|396|5.3|5.3|3|8
12.2|94.27|1696|396|5.3|5.3|3|8
12.3|94.27|1698|396|5.3|5.3|3|8
12.4|94.28|1698|396|5.3|5.3|4|8
12.5|94.28|1698|396|5.3|5.3|4|8
12.6|94.64|1688|396|5.3|5.3|4|8
12.7|94.91|1678|396|5.3|5.3|4|8
12.8|95.47|1657|396|5.3|5.3|4|8
12.9|96.05|1093|396|5.4|5.3|5|8
13|96.36|1028|394|5.4|5.3|5|8
13.1|96.44|1026|394|5.4|5.4|5|8
13.2|96.52|1023|394|5.4|5.4|5|8
13.3|96.57|1026|394|5.4|5.4|5|8
13.4|96.52|1026|393|5.4|5.4|5|8
13.5|96.56|1026|394|5.4|5.4|5|8
13.6|96.56|1026|393|5.4|5.4|5|8
13.7|96.56|1026|393|5.4|5.4|5|8
13.8|96.53|1026|393|5.4|5.4|5|8
13.9|96.56|1026|393|5.4|5.4|5|8
14|96.56|1026|393|5.4|5.4|5|8
14.1|96.55|1026|393|5.4|5.4|5|8
14.2|96.53|1028|393|5.4|5.4|5|8
14.3|96.57|1028|393|5.4|5.4|5|8
14.4|96.56|1028|393|5.4|5.4|5|8
14.5|96.53|1028|393|5.4|5.4|5|8
14.6|96.56|1028|393|5.4|5.4|5|8
14.7|96.55|1028|393|5.4|5.4|5|8
14.8|96.57|1031|393|5.4|5.4|5|8
14.9|96.53|1028|392|5.4|5.4|2|8
15|96.51|1031|392|5.4|5.4|2|8
15.1|96.09|1031|392|5.4|5.4|2|8
15.2|95.65|1049|393|5.4|5.4|2|8
15.3|95.18|1281|394|5.4|5.4|2|8
15.4|94.79|1642|394|5.4|5.4|3|8
15.5|94.52|1673|394|5.4|5.4|3|8
15.6|94.35|1688|394|5.4|5.4|3|8
15.7|94.33|1696|394|5.4|5.4|3|8
15.8|94.25|1701|394|5.4|5.4|3|8
15.9|94.23|1706|394|5.4|5.4|3|8
16|94.25|1709|394|5.4|5.4|3|8
16.1|94.21|1709|394|5.4|5.4|3|8
16.2|94.19|1714|394|5.4|5.4|3|8
16.3|94.21|1711|394|5.4|5.4|3|8
16.4|94.2|1714|394|5.4|5.4|3|8
16.5|94.23|1714|394|5.4|5.4|3|8
16.6|94.21|1716|394|5.4|5.4|3|8
16.7|94.21|1716|394|5.4|5.4|3|8
16.8|94.24|1716|394|5.4|5.4|3|8
16.9|94.23|1719|394|5.4|5.4|3|8
17|94.2|1719|394|5.4|5.4|3|8
17.1|94.21|1722|394|5.4|5.4|3|8
17.2|94.21|1722|394|5.4|5.4|3|8
17.3|94.21|1722|394|5.4|5.4|3|8
17.4|94.21|1722|394|5.4|5.4|4|8
17.5|94.36|1719|394|5.4|5.4|4|8
17.6|94.67|1704|394|5.4|5.4|4|8
17.7|95.14|1686|394|5.4|5.4|4|8
17.8|95.73|1397|394|5.4|5.4|4|8
17.9|96.13|1044|394|5.4|5.4|5|8
18|96.32|1039|393|5.4|5.4|5|8
18.1|96.39|1039|392|5.4|5.4|5|8
18.2|96.37|1039|392|5.4|5.4|5|8
18.3|96.4|1039|392|5.4|5.4|5|8
18.4|96.4|1039|392|5.4|5.4|5|8
18.5|96.41|1039|392|5.4|5.4|5|8
18.6|96.43|1039|392|5.4|5.4|5|8
18.7|96.49|1039|392|5.4|5.4|5|8
18.8|96.33|1039|392|5.4|5.4|5|8
18.9|96.37|1039|392|5.4|5.4|5|8
19|96.4|1039|392|5.4|5.4|5|8
19.1|96.45|1039|392|5.4|5.4|5|8
19.2|96.45|1039|392|5.4|5.4|5|8
19.3|96.36|1039|392|5.4|5.4|5|8
19.4|96.37|1039|393|5.4|5.4|5|8
19.5|96.36|1039|392|5.4|5.4|5|8
19.6|96.37|1041|392|5.4|5.4|5|8
19.7|96.35|1039|393|5.4|5.4|5|8
19.8|96.39|1039|392|5.4|5.4|5|8
19.9|96.47|1039|392|5.4|5.4|2|8
20|96.1|1039|392|5.4|5.4|2|8
20.1|95.66|1041|392|5.4|5.4|2|8
20.2|95.21|1196|393|5.4|5.4|2|8
20.3|94.79|1564|394|5.4|5.4|3|8
20.4|94.36|1691|394|5.4|5.4|3|8
20.5|94.25|1709|395|5.4|5.4|3|8
20.6|94.15|1719|395|5.4|5.4|3|8
20.7|94.09|1724|395|5.4|5.4|3|8
20.8|94.06|1729|394|5.4|5.4|3|8
20.9|94.04|1729|392|5.4|5.4|3|8
21|94.04|1729|392|5.4|5.4|3|8
21.1|94.08|1732|392|5.4|5.4|3|8
21.2|94.05|1732|392|5.4|5.4|3|8
21.3|94.02|1732|392|5.4|5.4|3|8
21.4|94.1|1735|392|5.4|5.4|3|8
21.5|94.04|1735|392|5.4|5.4|3|8
21.6|94.08|1735|392|5.4|5.4|3|8
21.7|94.1|1735|392|5.4|5.4|3|8
21.8|94.05|1735|392|5.4|5.4|3|8
21.9|94.05|1737|392|5.4|5.4|3|8
22|94.09|1737|392|5.4|5.4|3|8
22.1|94.05|1737|392|5.4|5.4|3|8
22.2|94.04|1737|392|5.4|5.4|3|8
22.3|94.08|1740|392|5.4|5.4|4|8
22.4|94.19|1737|392|5.4|5.4|4|8
22.5|94.4|1732|392|5.4|5.4|4|8
22.6|94.87|1698|392|5.4|5.4|4|8
22.7|95.38|1093|392|5.4|5.4|5|8
22.8|95.65|1052|391|5.4|5.4|5|8
22.9|95.74|1049|390|5.4|5.4|5|8
23|95.77|1046|390|5.4|5.4|5|8
23.1|95.85|1046|390|5.4|5.4|5|8
23.2|95.81|1046|390|5.4|5.4|5|8
23.3|95.81|1046|390|5.4|5.4|5|8
23.4|95.8|1046|390|5.4|5.4|5|8
23.5|95.78|1046|390|5.4|5.4|5|8
23.6|95.82|1046|390|5.4|5.4|5|8
23.7|95.8|1046|390|5.4|5.4|5|8
23.8|95.82|1046|390|5.4|5.4|5|8
23.9|95.81|1046|390|5.4|5.4|5|8
24|95.78|1046|390|5.4|5.4|5|8
24.1|95.82|1044|390|5.4|5.4|5|8
24.2|95.81|1044|391|5.4|5.4|5|8
24.3|95.78|1044|391|5.4|5.4|5|8
24.4|95.82|1044|391|5.4|5.4|5|8
24.5|95.8|1044|391|5.4|5.4|5|8
24.6|95.8|1044|391|5.4|5.4|5|8
24.7|95.82|1044|391|5.4|5.4|2|8
24.8|95.69|1044|392|5.4|5.4|2|8
24.9|95.27|1044|392|5.4|5.4|2|8
25|94.83|1173|392|5.4|5.4|2|8
25.1|94.41|1655|392|5.4|5.4|3|8
25.2|94.13|1714|392|5.4|5.4|3|8
25.3|93.97|1729|392|5.4|5.4|3|8
25.4|93.92|1737|393|5.4|5.4|3|8
25.5|93.94|1740|393|5.4|5.4|3|8
25.6|93.88|1740|393|5.4|5.4|3|8
25.7|93.82|1742|393|5.4|5.4|3|8
25.8|93.89|1742|393|5.4|5.4|3|8
25.9|93.88|1742|393|5.4|5.4|3|8
26|93.86|1742|394|5.4|5.4|3|8
26.1|93.89|1740|393|5.4|5.4|3|8
26.2|93.86|1742|393|5.4|5.4|3|8
26.3|93.86|1742|393|5.4|5.4|3|8
26.4|93.88|1742|393|5.5|5.4|3|8
26.5|93.89|1742|393|5.4|5.5|3|8
26.6|93.86|1742|393|5.4|5.4|3|8
26.7|93.85|1742|394|5.4|5.4|3|8
26.8|93.88|1742|393|5.4|5.4|3|8
26.9|93.89|1745|393|5.4|5.4|3|8
27|93.84|1745|393|5.4|5.4|3|8
27.1|93.88|1745|393|5.4|5.4|4|8
27.2|93.96|1742|393|5.4|5.4|4|8
27.3|94.28|1729|394|5.4|5.4|4|8
27.4|94.86|1340|394|5.4|5.4|5|8
27.5|95.21|1059|392|5.4|5.4|5|8
27.6|95.35|1052|392|5.4|5.4|5|8
27.7|95.41|1049|391|5.4|5.4|5|8
27.8|95.46|1049|391|5.5|5.4|5|8
27.9|95.46|1049|392|5.5|5.4|5|8
28|95.43|1049|392|5.4|5.4|5|8
28.1|95.41|1049|392|5.4|5.4|5|8
28.2|95.43|1046|392|5.4|5.4|5|8
28.3|95.45|1046|392|5.4|5.4|5|8
28.4|95.43|1046|392|5.4|5.4|5|8
28.5|95.43|1046|392|5.4|5.4|5|8
28.6|95.45|1046|392|5.4|5.4|5|8
28.7|95.46|1046|392|5.4|5.4|5|8
28.8|95.47|1044|392|5.4|5.4|5|8
28.9|95.45|1046|392|5.4|5.4|5|8
29|95.45|1044|392|5.4|5.4|5|8
29.1|95.43|1044|392|5.4|5.4|5|8
29.2|95.43|1044|392|5.4|5.4|5|8
29.3|95.46|1044|392|5.4|5.4|5|8
29.4|95.47|1044|392|5.4|5.4|2|8
29.5|95.43|1044|392|5.4|5.4|2|8
29.6|95.11|1041|392|5.4|5.4|2|8
29.7|94.71|1057|392|5.4|5.4|2|8
29.8|94.28|1634|392|5.4|5.4|3|8
29.9|93.96|1714|393|5.4|5.4|3|8
30|93.88|1735|394|5.4|5.4|3|8
30.1|93.69|1740|394|5.4|5.5|3|8
30.2|93.64|1742|394|5.4|5.4|3|8
30.3|93.65|1745|394|5.4|5.4|3|8
30.4|93.68|1745|394|5.4|5.5|3|8
30.5|93.68|1745|394|5.4|5.4|3|8
30.6|93.68|1745|394|5.4|5.4|3|8
30.7|93.68|1747|394|5.4|5.4|3|8
30.8|93.69|1747|394|5.4|5.4|3|8
30.9|93.66|1747|394|5.4|5.4|3|8
31|93.69|1747|394|5.4|5.4|3|8
31.1|93.68|1747|394|5.5|5.4|3|8
31.2|93.68|1750|394|5.4|5.4|3|8
31.3|93.68|1750|394|5.4|5.5|3|8
31.4|93.69|1750|394|5.4|5.4|3|8
31.5|93.65|1753|394|5.5|5.5|3|8
31.6|93.65|1753|394|5.5|5.4|3|8
31.7|93.69|1753|394|5.5|5.4|3|8
31.8|93.66|1753|394|5.4|5.4|4|8
31.9|93.78|1753|394|5.4|5.4|4|8
32|94.08|1747|394|5.4|5.5|4|8
32.1|94.61|1366|394|5.4|5.4|4|8
32.2|94.96|1059|394|5.4|5.4|5|8
32.3|95.08|1054|393|5.4|5.4|5|8
32.4|95.18|1052|393|5.4|5.4|5|8
32.5|95.27|1049|392|5.5|5.4|5|8
32.6|95.27|1049|392|5.5|5.4|5|8
32.7|95.22|1049|392|5.4|5.4|5|8
32.8|95.29|1049|392|5.4|5.4|5|8
32.9|95.25|1046|392|5.4|5.4|5|8
33|95.19|1046|392|5.5|5.5|5|8
33.1|95.27|1046|392|5.4|5.4|5|8
33.2|95.25|1046|392|5.4|5.5|5|8
33.3|95.25|1046|392|5.5|5.4|5|8
33.4|95.27|1046|393|5.4|5.5|5|8
33.5|95.22|1046|393|5.4|5.4|5|8
33.6|95.25|1046|393|5.5|5.4|5|8
33.7|95.27|1046|393|5.4|5.4|5|8
33.8|95.26|1046|393|5.5|5.4|5|8
33.9|95.23|1046|393|5.5|5.5|5|8
34|95.27|1046|393|5.4|5.5|5|8
34.1|95.29|1046|393|5.4|5.4|5|8
34.2|95.19|1044|393|5.4|5.4|2|8
34.3|94.92|1044|393|5.5|5.4|2|8
34.4|94.56|1044|393|5.4|5.4|2|8
34.5|94.09|1629|394|5.4|5.5|3|8
34.6|93.82|1724|394|5.4|5.4|3|8
34.7|93.58|1740|394|5.5|5.4|3|8
34.8|93.6|1747|394|5.4|5.4|3|8
34.9|93.49|1750|395|5.4|5.4|3|8
35|93.5|1750|394|5.5|5.4|3|8
35.1|93.51|1750|394|5.5|5.5|3|8
35.2|93.46|1753|394|5.5|5.5|3|8
35.3|93.46|1755|394|5.5|5.5|3|8
35.4|93.46|1755|395|5.4|5.4|3|8
35.5|93.5|1755|395|5.4|5.4|3|8
35.6|93.47|1755|395|5.5|5.4|3|8
35.7|93.47|1758|395|5.4|5.5|3|8
35.8|93.49|1758|395|5.4|5.4|3|8
35.9|93.47|1758|395|5.5|5.4|3|8
36|93.42|1758|395|5.5|5.5|3|8
36.1|93.47|1760|395|5.5|5.4|3|8
36.2|93.49|1760|395|5.5|5.5|3|8
36.3|93.49|1760|395|5.4|5.4|3|8
36.4|93.47|1760|395|5.5|5.5|3|8
36.5|93.5|1760|394|5.4|5.5|4|8
36.6|93.51|1760|395|5.4|5.4|4|8
36.7|93.82|1753|395|5.5|5.4|4|8
36.8|94.33|1588|395|5.5|5.4|4|8
36.9|94.71|1064|394|5.5|5.5|2|8
37|94.7|1052|394|5.5|5.4|2|8
37.1|94.7|1049|394|5.5|5.5|2|8
37.2|94.82|1049|394|5.5|5.4|2|8
37.3|94.63|1049|394|5.4|5.5|2|8
37.4|94.52|1046|394|5.5|5.5|2|8
37.5|94.51|1049|393|5.5|5.5|2|8
37.6|94.48|1046|393|5.5|5.4|2|8
37.7|94.32|1046|393|5.5|5.5|2|8
37.8|94.32|1046|393|5.5|5.5|2|8
37.9|94.31|1059|393|5.5|5.4|2|8
38|94.23|1119|394|5.5|5.4|2|8
38.1|94.17|1196|394|5.5|5.4|2|8
38.2|94.05|1088|394|5.5|5.4|2|8
38.3|94.04|1093|394|5.4|5.5|2|8
38.4|93.93|1126|394|5.5|5.4|2|8
38.5|93.94|1299|394|5.4|5.5|2|8
38.6|93.85|1564|394|5.5|5.4|2|8
38.7|93.84|1621|395|5.4|5.4|2|8
38.8|93.97|1616|396|5.5|5.4|2|8
38.9|94.19|1562|396|5.5|5.5|2|8
39|94.31|1116|396|5.4|5.5|2|8
39.1|94.47|1049|394|5.4|5.5|2|8
39.2|94.47|1046|394|5.5|5.5|2|8
39.3|94.39|1049|394|5.4|5.5|2|8
39.4|94.29|1046|394|5.5|5.5|2|8
39.5|94.41|1046|394|5.4|5.4|2|8
39.6|94.28|1049|394|5.5|5.5|2|8
39.7|94.21|1046|394|5.4|5.5|2|8
39.8|94.08|1077|394|5.5|5.5|2|8
39.9|94.04|1059|394|5.4|5.5|2|8
40|94.02|1088|394|5.5|5.4|2|8
40.1|93.9|1137|394|5.5|5.5|2|8
40.2|93.9|1162|394|5.5|5.5|2|8
40.3|93.81|1312|394|5.5|5.5|2|8
40.4|93.73|1528|396|5.5|5.5|2|8
40.5|93.69|1505|396|5.4|5.4|2|8
40.6|93.77|1080|396|5.5|5.5|2|8
40.7|93.82|1046|394|5.5|5.4|2|8
40.8|93.85|1046|394|5.5|5.5|2|8
40.9|93.88|1046|394|5.5|5.4|2|8
41|93.69|1206|394|5.5|5.5|2|8
41.1|93.68|1126|394|5.5|5.5|2|8
41.2|93.55|1162|395|5.4|5.4|2|8
41.3|93.58|1111|394|5.5|5.5|2|8
41.4|93.51|1273|394|5.4|5.5|2|8
41.5|93.43|1296|394|5.5|5.5|2|8
41.6|93.37|1345|394|5.5|5.5|2|8
41.7|93.23|1387|395|5.4|5.5|2|8
41.8|93.17|1235|395|5.4|5.5|2|8
41.9|93.27|1242|394|5.5|5.5|2|8
42|93.04|1490|395|5.4|5.5|2|8
42.1|93.03|1374|395|5.5|5.5|2|8
42.2|93.03|1562|395|5.5|5.5|2|8
42.3|93.02|1528|396|5.4|5.4|2|8
42.4|93.21|1067|394|5.5|5.5|2|8
42.5|93.15|1046|394|5.5|5.5|2|8
42.6|93.19|1044|394|5.5|5.5|2|8
42.7|93.21|1046|394|5.4|5.5|2|8
42.8|93.19|1044|394|5.4|5.4|2|8
42.9|93.06|1044|394|5.5|5.5|2|8
43|93.04|1044|394|5.5|5.5|2|8
43.1|92.94|1345|394|5.5|5.5|2|8
43.2|92.92|1165|394|5.5|5.5|2|8
43.3|92.84|1235|394|5.4|5.5|2|8
43.4|92.72|1126|394|5.5|5.5|2|8
43.5|92.67|1183|394|5.5|5.5|2|8
43.6|92.64|1214|394|5.5|5.5|2|8
43.7|92.6|1289|394|5.5|5.5|2|8
43.8|92.52|1381|396|5.5|5.5|2|8
43.9|92.35|1126|394|5.5|5.5|2|8
44|92.39|1278|394|5.5|5.5|2|8
44.1|92.36|1446|394|5.5|5.5|2|8
44.2|92.23|1503|394|5.5|5.5|2|8
44.3|92.17|1526|394|5.4|5.5|2|8
44.4|92.29|1531|395|5.5|5.4|2|8
44.5|92.4|1160|395|5.5|5.5|2|8
44.6|92.56|1049|394|5.5|5.4|2|8
44.7|92.52|1046|394|5.5|5.5|2|8
44.8|92.37|1046|394|5.5|5.5|2|8
44.9|92.4|1046|393|5.5|5.5|2|8
45|92.37|1046|394|5.4|5.5|2|8
45.1|92.32|1088|394|5.5|5.5|2|8
45.2|92.19|1193|394|5.5|5.5|2|8
45.3|92.16|1165|394|5.5|5.4|2|8
45.4|92.05|1147|394|5.5|5.5|2|8
45.5|92.05|1160|394|5.5|5.5|2|8
45.6|91.96|1209|394|5.5|5.5|2|8
45.7|91.9|1188|394|5.5|5.5|2|8
45.8|91.86|1211|394|5.5|5.5|2|8
45.9|91.81|1137|394|5.5|5.5|2|8
46|91.76|1227|394|5.5|5.5|2|8
46.1|91.62|1131|394|5.4|5.4|2|8
46.2|91.61|1157|394|5.5|5.5|2|8
46.3|91.57|1214|394|5.5|5.5|2|8
46.4|91.46|1224|393|5.5|5.5|2|8
46.5|91.37|1152|394|5.5|5.5|2|8
46.6|91.26|1129|393|5.5|5.5|2|8
46.7|91.23|1242|394|5.5|5.5|2|8
46.8|91.14|1152|394|5.5|5.4|2|8
46.9|91.03|1101|394|5.5|5.5|2|8
47|90.98|1121|394|5.5|5.5|2|8
47.1|90.91|1124|394|5.5|5.5|2|8
47.2|90.83|1178|394|5.5|5.5|2|8
47.3|90.72|1227|394|5.5|5.5|2|8
47.4|90.64|1152|394|5.5|5.5|2|8
47.5|90.58|1198|394|5.5|5.5|2|8
47.6|90.54|1121|394|5.5|5.5|2|8
47.7|90.4|1227|394|5.5|5.5|2|8
47.8|90.36|1222|394|5.5|5.5|2|8
47.9|90.2|1216|394|5.5|5.4|2|8
48|90.17|1237|393|5.5|5.5|2|8
48.1|90.07|1160|394|5.5|5.4|2|8
48.2|89.89|1268|394|5.5|5.5|2|8
48.3|89.88|1180|394|5.5|5.5|2|8
48.4|89.74|1191|394|5.5|5.5|2|8
48.5|89.76|1216|394|5.5|5.5|2|8
48.6|89.54|1147|394|5.5|5.4|2|8
48.7|89.49|1214|394|5.5|5.5|2|8
48.8|89.37|1227|394|5.5|5.5|2|8
48.9|89.19|1235|394|5.5|5.5|2|8
49|89.17|1111|394|5.5|5.5|2|8
49.1|89.11|1183|394|5.5|5.4|2|8
49.2|88.88|1260|394|5.5|5.5|2|8
49.3|88.88|1155|394|5.5|5.5|2|8
49.4|88.75|1265|394|5.5|5.5|2|8
49.5|88.6|1245|394|5.5|5.5|2|8
49.6|88.52|1250|394|5.5|5.5|2|8
49.7|88.36|1152|394|5.5|5.5|2|8
49.8|88.24|1165|393|5.5|5.5|2|8
49.9|88.11|1291|393|5.5|5.5|2|8
50|88.04|1173|394|5.5|5.4|2|8
50.1|87.9|1144|392|5.5|5.5|2|8
50.2|87.77|1183|394|5.5|5.5|2|8
50.3|87.6|1186|394|5.5|5.5|2|8
50.4|87.54|1369|394|5.5|5.5|2|8
50.5|87.42|1278|394|5.5|5.5|2|8
50.6|87.26|1160|394|5.5|5.5|2|8
50.7|87.15|1302|394|5.5|5.4|2|8
50.8|86.95|1224|394|5.5|5.5|2|8
50.9|86.84|1227|394|5.5|5.5|2|8
51|86.67|1183|394|5.5|5.5|2|8
51.1|86.6|1242|394|5.5|5.5|2|8
51.2|86.43|1211|394|5.5|5.5|2|8
51.3|86.27|1255|394|5.5|5.5|2|8
51.4|86.12|1170|394|5.5|5.5|2|8
51.5|85.97|1219|394|5.5|5.5|2|8
51.6|85.8|1314|394|5.5|5.5|2|8
51.7|85.66|1340|394|5.5|5.5|2|8
51.8|85.45|1227|394|5.5|5.5|2|8
51.9|85.36|1188|394|5.5|5.4|2|8
52|85.19|1320|394|5.5|5.5|2|8
52.1|85.02|1237|395|5.5|5.5|2|8
52.2|84.85|1399|394|5.5|5.5|2|8
52.3|84.64|1503|394|5.5|5.5|2|8
52.4|84.43|1245|394|5.5|5.5|2|8
52.5|84.34|1369|395|5.5|5.5|2|8
52.6|84.17|1258|394|5.5|5.5|2|8
52.7|83.95|1361|394|5.5|5.5|2|8
52.8|83.8|1363|394|5.5|5.5|2|8
52.9|83.6|1366|394|5.5|5.5|2|8
53|83.42|1356|394|5.5|5.5|2|8
53.1|83.23|1312|394|5.5|5.5|2|8
53.2|83.01|1273|394|5.5|5.5|2|8
53.3|82.11|1716|394|5.4|5.4|6|8
53.4|79.77|1820|394|5.4|5.4|6|8
53.5|77.37|173|392|5.4|5.4|7|8
53.6|75.33|0|390|5.4|5.4|7|8
53.7|73.89|0|388|5.4|5.4|7|8
53.8|73.1|0|388|5.4|5.4|7|8
53.9|72.61|0|388|5.4|5.4|7|8
54|72.39|0|388|5.4|5.4|7|8
54.1|72.2|0|388|5.4|5.4|7|8
54.2|72.18|0|388|5.4|5.4|7|8
54.3|72.22|0|388|5.4|5.4|7|8
54.4|72.19|0|388|5.4|5.4|7|8
54.5|72.2|0|388|5.4|5.4|7|8
54.6|72.08|0|388|5.4|5.4|7|8
54.7|72.07|0|388|5.4|5.4|7|8
54.8|72.12|0|388|5.4|5.4|7|8
54.9|72.14|0|388|5.4|5.4|7|8
55|72.15|0|388|5.4|5.4|7|8
55.1|72.07|0|388|5.4|5.4|7|8
55.2|72.12|0|388|5.4|5.4|7|8
55.3|72.18|0|388|5.4|5.4|7|8
55.4|72.06|0|388|5.4|5.4|7|8
55.5|72.1|0|388|5.4|5.4|7|8
55.6|72.1|0|388|5.4|5.4|7|8
55.7|72.11|0|388|5.4|5.4|7|8
55.8|72.15|0|388|5.4|5.4|7|8
55.9|72.06|0|388|5.4|5.4|7|8
56|72.08|0|388|5.4|5.4|7|8
56.1|72.1|0|388|5.4|5.4|7|8
56.2|72.1|0|388|5.4|5.4|7|8
56.3|72.15|0|388|5.4|5.4|7|8
56.4|72.07|0|388|5.4|5.4|7|8
56.5|72.07|0|388|5.4|5.4|7|8
56.6|72.14|0|388|5.4|5.4|7|8
56.7|72.06|0|388|5.4|5.4|7|8
56.8|72.07|0|388|5.4|5.4|7|8
56.9|72.14|0|388|5.4|5.4|7|8
57|72.06|0|388|5.4|5.4|7|8
57.1|72.08|0|388|5.4|5.4|7|8
57.2|72.15|0|388|5.4|5.4|7|8
57.3|72.04|0|388|5.4|5.4|7|8
57.4|72.07|0|388|5.4|5.4|7|8
57.5|72.11|0|388|5.4|5.4|7|8
57.6|72.1|0|388|5.4|5.4|7|8
57.7|72.06|0|388|5.4|5.4|7|8
57.8|72.07|0|388|5.4|5.4|7|8
57.9|72.08|0|388|5.4|5.4|7|8
58|72.1|0|387|5.4|5.4|7|8
58.1|72.14|0|387|5.4|5.4|7|8
58.2|72.08|0|387|5.4|5.4|7|8
58.3|72.08|0|387|5.4|5.4|7|8
58.4|72.04|0|387|5.4|5.4|7|8
58.5|72.07|0|387|5.4|5.4|7|8
58.6|72.07|0|387|5.4|5.4|7|8
58.7|72.08|0|387|5.4|5.4|7|8
58.8|72.12|0|387|5.4|5.4|7|8
58.9|72.07|0|387|5.4|5.4|7|8
59|72.04|0|387|5.4|5.4|7|8
59.1|72.08|0|387|5.4|5.4|7|8
59.2|72.15|0|387|5.4|5.4|7|8
59.3|72.06|0|387|5.4|5.4|7|8
59.4|72.06|0|387|5.4|5.4|7|8
59.5|72.08|0|387|5.4|5.4|7|8
59.6|72.1|0|387|5.4|5.4|7|8
59.7|72.07|0|387|5.4|5.4|7|8
59.8|72.04|0|387|5.4|5.4|7|8
59.9|72.07|0|387|5.4|5.4|7|8
60|72.08|0|387|5.5|5.4|7|8
60.1|72.15|0|387|5.4|5.4|7|8
60.2|72.07|0|387|5.4|5.4|7|8
60.3|72.07|0|387|5.4|5.4|7|8
60.4|72.04|0|387|5.4|5.4|7|8
60.5|72.07|0|387|5.5|5.4|7|8
60.6|72.07|0|387|5.5|5.4|7|8
60.7|72.07|0|387|5.5|5.4|7|8
60.8|72.08|0|387|5.5|5.4|7|8
60.9|72.11|0|387|5.4|5.5|7|8
61|72.06|0|387|5.4|5.4|7|8
61.1|72.04|0|387|5.4|5.4|7|8
61.2|72.06|0|387|5.4|5.5|7|8
61.3|72.04|0|387|5.4|5.5|7|8
61.4|72.06|0|387|5.4|5.5|7|8
61.5|72.07|0|387|5.5|5.4|7|8
61.6|72.1|0|387|5.4|5.4|7|8
61.7|72.07|0|387|5.4|5.5|7|8
61.8|72.06|0|387|5.5|5.4|7|8
61.9|72.03|0|387|5.4|5.5|7|8
62|72.04|0|387|5.4|5.5|7|8
62.1|72.06|0|387|5.4|5.4|7|8
62.2|72.06|0|387|5.5|5.5|7|8
62.3|72.07|0|387|5.4|5.4|7|8
62.4|72.08|0|387|5.5|5.5|7|8
62.5|72.15|0|387|5.4|5.5|7|8
62.6|72.07|0|387|5.5|5.5|7|8
62.7|72.04|0|387|5.4|5.5|7|8
62.8|72.02|0|387|5.4|5.4|7|8
62.9|72.07|0|387|5.4|5.5|7|8
63|72.08|0|387|5.5|5.5|7|8
63.1|72.07|0|387|5.5|5.5|7|8
63.2|72.07|0|386|5.5|5.5|7|8
63.3|72.08|0|387|5.5|5.5|7|8
63.4|72.07|0|386|5.4|5.5|7|8
63.5|72.06|0|386|5.5|5.5|7|8
63.6|72.03|0|386|5.5|5.5|7|8
63.7|72.04|0|386|5.5|5.4|7|8
63.8|72.07|0|390|5.4|5.5|7|8
63.9|72.12|0|395|5.5|5.5|7|8
64|72.07|0|397|5.5|5.5|7|8
64.1|72.08|0|398|5.5|5.5|7|8
64.2|72.08|0|398|5.5|5.5|7|8
64.3|72.06|0|398|5.5|5.5|7|8
64.4|72.06|0|398|5.5|5.5|7|8
64.5|72.02|0|398|5.5|5.5|7|8
64.6|72.06|0|398|5.5|5.5|7|8
64.7|72.06|0|398|5.5|5.5|7|8
64.8|72.06|0|398|5.5|5.5|7|8
64.9|72.08|0|398|5.5|5.5|7|8
65|72.08|0|398|5.5|5.5|7|8
65.1|72.06|0|398|5.5|5.5|7|8
65.2|72.07|0|398|5.5|5.5|7|8
65.3|72.06|0|398|5.5|5.5|7|8
65.4|72.06|0|398|5.5|5.5|7|8
65.5|72.06|0|398|5.5|5.5|7|8
65.6|72.03|0|398|5.5|5.5|7|8
65.7|72.03|0|398|5.5|5.5|7|8
65.8|72.07|0|398|5.5|5.5|7|8
65.9|72.08|0|398|5.5|5.5|7|8
66|72.07|0|398|5.5|5.5|7|8
66.1|72.04|0|398|5.5|5.5|7|8
66.2|72.06|0|398|5.5|5.5|7|8
66.3|72.06|0|398|5.5|5.5|7|8
66.4|72.03|0|398|5.5|5.5|7|8
66.5|72.02|0|397|5.5|5.5|8|8
66.6|72.06|0|397|5.5|5.4|8|8
66.7|71.91|0|398|5.4|5.4|8|8
66.8|71.91|0|398|5.4|5.4|8|8
66.9|71.96|0|398|5.4|5.4|8|8
67|71.99|0|398|5.4|5.4|8|8
67.1|71.98|0|397|5.4|5.4|8|8
67.2|71.96|0|397|5.4|5.4|8|8
67.3|71.96|0|397|5.4|5.4|8|8
67.4|72.03|0|397|5.4|5.4|8|8
67.5|71.95|0|397|5.3|5.3|8|8
67.6|71.94|0|397|5.3|5.3|8|8
67.7|71.96|0|397|5.3|5.3|8|8
67.8|71.98|0|397|5.3|5.3|8|8
67.9|72|0|397|5.2|5.2|8|8
68|72|0|397|5.2|5.2|8|8
68.1|71.98|0|397|5.2|5.2|8|8
68.2|71.99|0|397|5.2|5.2|8|8
68.3|71.99|0|397|5.2|5.2|8|8
68.4|71.99|0|397|5.2|5.2|8|8
68.5|71.99|0|397|5.2|5.2|8|8
68.6|74.1|0|397|5.2|5.2|8|8
68.7|77.09|0|397|5.2|5.2|8|8
68.8|80.09|0|397|5.2|5.2|8|8
68.9|83.05|0|397|5.2|5.2|8|8
69|85.97|0|397|5.2|5.2|8|8
69.1|88.86|0|396|5.2|5.2|8|8
69.2|91.81|0|396|5.2|5.2|8|8
69.3|94.25|0|397|5.2|5.2|8|8
69.4|95.34|0|396|5.2|5.2|8|8
69.5|95.77|0|396|5.2|5.2|8|8
