0|96.06|920|415|5|5|1|8
0.1|96.06|1026|418|5|5|1|8
0.2|96.05|1031|419|5|5|1|8
0.3|96.04|1031|419|5|5|1|8
0.4|96.05|1034|419|5|5|1|8
0.5|96.08|1034|419|5|5|2|8
0.6|95.77|1034|419|5|5|2|8
0.7|95.35|1126|420|5|5|2|8
0.8|94.94|1552|420|5|5|3|8
0.9|94.63|1649|422|5|5|3|8
1|94.45|1673|422|5|5|3|8
1.1|94.39|1688|422|5|5|3|8
1.2|94.33|1701|422|5|5|3|8
1.3|94.31|1709|422|5|5|3|8
1.4|94.27|1714|422|5|5|3|8
1.5|94.23|1719|422|5|5|3|8
1.6|94.28|1722|422|5|5|3|8
1.7|94.25|1724|422|5|5|3|8
1.8|94.28|1727|422|5|5|3|8
1.9|94.27|1729|422|5|5|3|8
2|94.28|1735|422|5|5|3|8
2.1|94.27|1735|422|5|5|3|8
2.2|94.27|1737|422|5|5|3|8
2.3|94.28|1737|422|5|5|3|8
2.4|94.27|1740|422|5|5|3|8
2.5|94.27|1742|422|5|5|3|8
2.6|94.29|1745|422|5|5|3|8
2.7|94.25|1747|422|5|5|3|8
2.8|94.27|1750|422|5|5|4|8
2.9|94.32|1750|422|5|5|4|8
3|94.6|1742|422|5|5|4|8
3.1|95.1|1621|422|5|5|4|8
3.2|95.57|1082|422|5.1|5.1|5|8
3.3|95.8|1057|420|5.1|5.1|5|8
3.4|95.81|1054|420|5.1|5.1|5|8
3.5|95.92|1052|420|5.1|5.1|5|8
3.6|95.94|1052|420|5.1|5.1|5|8
3.7|95.96|1052|420|5.1|5.1|5|8
3.8|95.97|1049|420|5.1|5.1|5|8
3.9|95.97|1049|420|5.1|5.1|5|8
4|96.01|1049|420|5.1|5.1|5|8
4.1|95.9|1049|420|5.1|5.1|5|8
4.2|95.94|1046|420|5.1|5.1|5|8
4.3|95.96|1046|420|5.1|5.1|5|8
4.4|95.96|1046|420|5.1|5.1|5|8
4.5|95.96|1046|420|5.1|5.1|5|8
4.6|95.94|1046|420|5.1|5.1|5|8
4.7|95.96|1046|420|5.1|5.1|5|8
4.8|95.96|1046|420|5.1|5.1|5|8
4.9|95.96|1046|420|5.1|5.1|5|8
5|95.96|1046|420|5.1|5.1|5|8
5.1|95.96|1046|420|5.1|5.1|5|8
5.2|96|1046|420|5.1|5.1|2|8
5.3|95.78|1046|420|5.1|5.1|2|8
5.4|95.38|1044|420|5.1|5.1|2|8
5.5|94.94|1072|420|5.1|5.1|2|8
5.6|94.48|1510|420|5.1|5.1|2|8
5.7|94.15|1719|421|5.1|5.1|3|8
5.8|93.94|1737|422|5.1|5.1|3|8
5.9|93.82|1745|422|5.1|5.1|3|8
6|93.84|1753|422|5.1|5.1|3|8
6.1|93.81|1760|422|5.1|5.1|3|8
6.2|93.64|1765|422|5.1|5.1|3|8
6.3|93.73|1771|422|5.1|5.1|3|8
6.4|93.72|1773|422|5.1|5.1|3|8
6.5|93.72|1778|422|5.1|5.1|3|8
6.6|93.76|1781|422|5.1|5.1|3|8
6.7|93.73|1784|422|5.1|5.1|3|8
6.8|93.74|1786|422|5.1|5.1|3|8
6.9|93.68|1786|422|5.1|5.1|3|8
7|93.73|1789|422|5.1|5.1|3|8
7.1|93.77|1789|422|5.1|5.1|3|8
7.2|93.69|1791|422|5.1|5.1|3|8
7.3|93.74|1794|422|5.1|5.1|3|8
7.4|93.68|1794|422|5.1|5.1|3|8
7.5|93.74|1796|422|5.1|5.1|3|8
7.6|93.69|1796|422|5.1|5.1|3|8
7.7|93.78|1799|422|5.1|5.1|4|8
7.8|93.97|1799|422|5.1|5.1|4|8
7.9|94.41|1771|422|5.1|5.1|4|8
8|94.95|1399|422|5.1|5.1|4|8
8.1|95.37|1067|421|5.1|5.1|5|8
8.2|95.5|1062|420|5.1|5.1|5|8
8.3|95.58|1059|420|5.1|5.1|5|8
8.4|95.61|1059|420|5.1|5.1|5|8
8.5|95.65|1057|420|5.1|5.1|5|8
8.6|95.63|1057|420|5.1|5.1|5|8
8.7|95.65|1057|420|5.1|5.1|5|8
8.8|95.66|1057|420|5.1|5.1|5|8
8.9|95.69|1057|420|5.1|5.1|5|8
9|95.72|1054|420|5.1|5.1|5|8
9.1|95.68|1057|420|5.1|5.1|5|8
9.2|95.63|1054|420|5.2|5.1|5|8
9.3|95.59|1057|420|5.2|5.1|5|8
9.4|95.59|1054|420|5.1|5.1|5|8
9.5|95.63|1057|420|5.1|5.1|5|8
9.6|95.63|1057|420|5.1|5.1|5|8
9.7|95.63|1057|420|5.2|5.1|5|8
9.8|95.65|1054|420|5.2|5.1|5|8
9.9|95.65|1057|420|5.2|5.2|5|8
10|95.66|1057|420|5.2|5.2|5|8
10.1|95.66|1057|420|5.2|5.2|2|8
10.2|95.34|1057|420|5.2|5.2|2|8
10.3|94.94|1057|420|5.2|5.2|2|8
10.4|94.49|1191|420|5.2|5.2|2|8
10.5|94|1634|420|5.2|5.2|3|8
10.6|93.7|1763|421|5.2|5.2|3|8
10.7|93.55|1776|422|5.2|5.2|3|8
10.8|93.43|1784|422|5.2|5.2|3|8
10.9|93.41|1804|410|5.2|5.2|3|8
11|93.38|1809|404|5.2|5.2|3|8
11.1|93.38|1814|402|5.2|5.2|3|8
11.2|93.34|1820|401|5.2|5.2|3|8
11.3|93.37|1822|401|5.2|5.2|3|8
11.4|93.35|1822|401|5.2|5.2|3|8
11.5|93.35|1825|401|5.2|5.2|3|8
11.6|93.37|1825|401|5.2|5.2|3|8
11.7|93.38|1827|401|5.2|5.2|3|8
11.8|93.37|1827|401|5.2|5.2|3|8
11.9|93.34|1830|401|5.2|5.2|3|8
12|93.34|1832|401|5.2|5.2|3|8
12.1|93.35|1832|401|5.2|5.2|3|8
12.2|93.35|1835|401|5.2|5.2|3|8
12.3|93.35|1835|401|5.2|5.2|3|8
12.4|93.34|1838|401|5.2|5.2|3|8
12.5|93.35|1838|401|5.2|5.2|4|8
12.6|93.42|1838|401|5.2|5.2|4|8
12.7|93.74|1830|401|5.2|5.2|4|8
12.8|94.28|1647|402|5.2|5.2|4|8
12.9|94.66|1093|401|5.2|5.2|5|8
13|94.9|1077|401|5.2|5.2|5|8
13.1|94.95|1075|400|5.2|5.2|5|8
13.2|95.1|1075|400|5.2|5.2|5|8
13.3|95.08|1072|400|5.2|5.2|5|8
13.4|95.04|1072|400|5.2|5.2|5|8
13.5|94.99|1072|400|5.2|5.2|5|8
13.6|95.11|1072|400|5.2|5.2|5|8
13.7|95.07|1072|400|5.2|5.2|5|8
13.8|95.04|1072|400|5.2|5.2|5|8
13.9|94.99|1072|400|5.2|5.2|5|8
14|95.1|1070|400|5.2|5.2|5|8
14.1|95.07|1070|400|5.2|5.2|5|8
14.2|95.06|1070|400|5.2|5.2|5|8
14.3|94.99|1070|400|5.2|5.2|5|8
14.4|95.08|1070|400|5.2|5.2|5|8
14.5|95.07|1070|400|5.2|5.2|5|8
14.6|95.07|1070|400|5.2|5.2|5|8
14.7|95.02|1070|400|5.2|5.2|5|8
14.8|95.06|1070|400|5.2|5.2|5|8
14.9|95.08|1072|400|5.2|5.2|2|8
15|94.82|1070|400|5.2|5.2|2|8
15.1|94.47|1072|400|5.2|5.2|2|8
15.2|94.01|1152|400|5.2|5.2|2|8
15.3|93.61|1727|401|5.2|5.2|3|8
15.4|93.22|1804|401|5.2|5.2|3|8
15.5|93.15|1814|401|5.2|5.2|3|8
15.6|92.95|1822|401|5.2|5.2|3|8
15.7|93.03|1825|401|5.2|5.2|3|8
15.8|93|1830|401|5.2|5.2|3|8
15.9|93.02|1832|401|5.2|5.2|3|8
16|93|1835|401|5.2|5.2|3|8
16.1|93|1838|401|5.2|5.2|3|8
16.2|93|1840|401|5.2|5.2|3|8
16.3|93.02|1843|401|5.2|5.2|3|8
16.4|92.99|1845|401|5.2|5.2|3|8
16.5|93|1848|401|5.2|5.2|3|8
16.6|92.99|1848|401|5.2|5.2|3|8
16.7|93|1851|401|5.2|5.2|3|8
16.8|93|1851|401|5.2|5.2|3|8
16.9|93|1851|401|5.2|5.2|3|8
17|92.99|1853|401|5.2|5.2|3|8
17.1|92.99|1853|401|5.2|5.2|3|8
17.2|93|1856|402|5.2|5.2|3|8
17.3|93|1856|402|5.2|5.2|4|8
17.4|93.14|1856|402|5.2|5.2|4|8
17.5|93.54|1830|402|5.2|5.2|4|8
17.6|93.98|1119|402|5.2|5.2|5|8
17.7|94.25|1085|401|5.2|5.2|5|8
17.8|94.35|1082|401|5.2|5.2|5|8
17.9|94.33|1080|401|5.2|5.2|5|8
18|94.37|1080|401|5.2|5.2|5|8
18.1|94.41|1080|401|5.2|5.2|5|8
18.2|94.43|1080|400|5.2|5.2|5|8
18.3|94.4|1080|400|5.2|5.2|5|8
18.4|94.4|1080|400|5.2|5.2|5|8
18.5|94.39|1080|400|5.2|5.2|5|8
18.6|94.4|1077|400|5.2|5.2|5|8
18.7|94.41|1077|400|5.2|5.2|5|8
18.8|94.43|1077|400|5.2|5.2|5|8
18.9|94.41|1077|400|5.2|5.2|5|8
19|94.4|1077|400|5.2|5.2|5|8
19.1|94.41|1077|400|5.2|5.2|5|8
19.2|94.4|1077|400|5.2|5.2|5|8
19.3|94.41|1077|400|5.2|5.2|5|8
19.4|94.41|1077|400|5.2|5.2|5|8
19.5|94.4|1077|400|5.2|5.2|5|8
19.6|94.4|1075|400|5.2|5.2|2|8
19.7|94.29|1075|400|5.2|5.2|2|8
19.8|93.86|1075|400|5.2|5.2|2|8
19.9|93.47|1376|401|5.2|5.2|2|8
20|93.06|1799|401|5.2|5.2|3|8
20.1|92.87|1825|401|5.2|5.2|3|8
20.2|92.78|1835|401|5.2|5.2|3|8
20.3|92.75|1843|401|5.2|5.2|3|8
20.4|92.71|1851|401|5.2|5.2|3|8
20.5|92.67|1853|401|5.2|5.2|3|8
20.6|92.74|1858|401|5.2|5.2|3|8
20.7|92.72|1861|402|5.2|5.2|3|8
20.8|92.72|1863|401|5.2|5.2|3|8
20.9|92.7|1869|400|5.2|5.2|3|8
21|92.71|1871|399|5.2|5.2|3|8
21.1|92.72|1874|399|5.2|5.2|3|8
21.2|92.72|1874|398|5.2|5.2|3|8
21.3|92.7|1874|399|5.2|5.2|3|8
21.4|92.71|1876|398|5.2|5.2|3|8
21.5|92.67|1876|398|5.2|5.2|3|8
21.6|92.72|1876|398|5.2|5.2|3|8
21.7|92.72|1876|398|5.2|5.2|3|8
21.8|92.67|1876|398|5.2|5.2|3|8
21.9|92.72|1879|398|5.2|5.2|3|8
22|92.7|1879|399|5.2|5.2|4|8
22.1|92.95|1869|399|5.2|5.2|4|8
22.2|93.49|1286|400|5.2|5.2|5|8
22.3|93.82|1093|399|5.2|5.2|5|8
22.4|93.9|1088|398|5.2|5.2|5|8
22.5|94.04|1085|398|5.2|5.2|5|8
22.6|94.04|1082|398|5.2|5.2|5|8
22.7|94.05|1082|398|5.2|5.2|5|8
22.8|94.05|1082|398|5.2|5.2|5|8
22.9|94.05|1082|398|5.2|5.2|5|8
23|94.05|1080|398|5.2|5.2|5|8
23.1|94.05|1080|398|5.2|5.2|5|8
23.2|94.05|1080|398|5.2|5.2|5|8
23.3|94.05|1077|398|5.2|5.2|5|8
23.4|94.05|1080|398|5.2|5.2|5|8
23.5|94.05|1080|398|5.2|5.2|5|8
23.6|94.05|1080|398|5.2|5.2|5|8
23.7|94.05|1080|398|5.2|5.2|5|8
23.8|94.05|1077|398|5.2|5.2|5|8
23.9|94.05|1077|398|5.2|5.2|5|8
24|94.05|1077|398|5.2|5.2|5|8
24.1|94.05|1077|398|5.2|5.2|5|8
24.2|94.05|1077|398|5.2|5.2|2|8
24.3|94|1077|398|5.2|5.2|2|8
24.4|93.73|1077|398|5.2|5.2|2|8
24.5|93.26|1098|398|5.2|5.2|2|8
24.6|92.84|1768|398|5.2|5.2|3|8
24.7|92.64|1835|398|5.2|5.2|3|8
24.8|92.41|1851|398|5.2|5.2|3|8
24.9|92.39|1861|398|5.2|5.2|3|8
25|92.36|1866|398|5.2|5.2|3|8
25.1|92.35|1871|398|5.2|5.2|3|8
25.2|92.35|1876|399|5.2|5.2|3|8
25.3|92.32|1879|398|5.2|5.2|3|8
25.4|92.27|1884|399|5.2|5.2|3|8
25.5|92.29|1887|399|5.2|5.2|3|8
25.6|92.28|1887|399|5.2|5.2|3|8
25.7|92.35|1889|398|5.2|5.2|3|8
25.8|92.31|1889|398|5.2|5.2|3|8
25.9|92.29|1889|399|5.2|5.2|3|8
26|92.33|1892|399|5.2|5.2|3|8
26.1|92.29|1892|399|5.2|5.2|3|8
26.2|92.29|1892|399|5.2|5.2|3|8
26.3|92.33|1894|399|5.2|5.2|3|8
26.4|92.29|1894|399|5.2|5.2|3|8
26.5|92.31|1894|399|5.2|5.2|3|8
26.6|92.33|1894|399|5.2|5.2|4|8
26.7|92.39|1894|399|5.2|5.2|4|8
26.8|92.75|1869|399|5.2|5.2|4|8
26.9|93.29|1149|400|5.2|5.2|5|8
27|93.57|1093|399|5.2|5.2|5|8
27.1|93.65|1090|398|5.2|5.2|5|8
27.2|93.8|1085|398|5.2|5.2|5|8
27.3|93.7|1085|398|5.2|5.2|5|8
27.4|93.77|1082|398|5.2|5.2|5|8
27.5|93.81|1082|398|5.2|5.2|5|8
27.6|93.72|1082|398|5.2|5.2|5|8
27.7|93.74|1082|398|5.2|5.2|5|8
27.8|93.76|1082|398|5.2|5.2|5|8
27.9|93.76|1082|398|5.2|5.2|5|8
28|93.76|1080|398|5.2|5.2|5|8
28.1|93.76|1080|398|5.2|5.2|5|8
28.2|93.76|1080|398|5.2|5.2|5|8
28.3|93.76|1080|398|5.2|5.2|5|8
28.4|93.76|1080|398|5.2|5.2|5|8
28.5|93.76|1080|398|5.2|5.2|5|8
28.6|93.76|1080|398|5.2|5.2|5|8
28.7|93.76|1080|398|5.2|5.2|5|8
28.8|93.77|1080|398|5.2|5.2|5|8
28.9|93.74|1077|398|5.2|5.2|2|8
29|93.61|1077|398|5.2|5.2|2|8
29.1|93.25|1077|398|5.2|5.2|2|8
29.2|92.84|1255|398|5.2|5.2|2|8
29.3|92.43|1809|398|5.2|5.2|3|8
29.4|92.2|1853|398|5.2|5.2|3|8
29.5|92.09|1866|398|5.2|5.2|3|8
29.6|92.04|1874|398|5.2|5.2|3|8
29.7|92.05|1879|398|5.2|5.2|3|8
29.8|92.05|1884|398|5.2|5.2|3|8
29.9|92.02|1889|398|5.2|5.2|3|8
30|92.02|1892|399|5.2|5.2|3|8
30.1|92.05|1894|399|5.2|5.2|3|8
30.2|92.02|1899|399|5.2|5.2|3|8
30.3|92|1899|399|5.2|5.2|3|8
30.4|92|1902|398|5.2|5.2|3|8
30.5|92.01|1902|399|5.2|5.2|3|8
30.6|92.02|1902|398|5.2|5.2|3|8
30.7|92.01|1902|398|5.2|5.2|3|8
30.8|92.02|1905|398|5.2|5.2|3|8
30.9|92.01|1910|396|5.2|5.2|3|8
31|92.05|1910|395|5.2|5.2|3|8
31.1|92.02|1910|394|5.2|5.2|3|8
31.2|92.02|1912|394|5.2|5.2|3|8
31.3|92|1912|394|5.2|5.2|4|8
31.4|92.24|1910|394|5.2|5.2|4|8
31.5|92.6|1871|394|5.2|5.2|4|8
31.6|93.13|1149|395|5.2|5.2|5|8
31.7|93.42|1093|395|5.2|5.2|5|8
31.8|93.53|1090|394|5.2|5.2|5|8
31.9|93.5|1088|394|5.2|5.2|5|8
32|93.6|1088|394|5.2|5.2|5|8
32.1|93.58|1085|394|5.2|5.2|5|8
32.2|93.6|1085|394|5.2|5.2|5|8
32.3|93.6|1085|394|5.2|5.2|5|8
32.4|93.6|1085|394|5.2|5.2|5|8
32.5|93.58|1085|394|5.2|5.2|5|8
32.6|93.58|1082|394|5.2|5.2|5|8
32.7|93.61|1082|394|5.2|5.2|5|8
32.8|93.61|1082|394|5.2|5.2|5|8
32.9|93.64|1082|394|5.2|5.2|5|8
33|93.64|1082|394|5.2|5.2|5|8
33.1|93.58|1082|394|5.2|5.2|5|8
33.2|93.58|1082|394|5.2|5.2|5|8
33.3|93.58|1080|394|5.2|5.2|5|8
33.4|93.58|1082|394|5.2|5.2|5|8
33.5|93.61|1080|394|5.2|5.2|5|8
33.6|93.62|1080|394|5.2|5.2|2|8
33.7|93.5|1080|394|5.2|5.2|2|8
33.8|93.1|1080|394|5.2|5.2|2|8
33.9|92.71|1278|394|5.2|5.2|2|8
34|92.28|1817|394|5.2|5.2|3|8
34.1|92.07|1861|394|5.2|5.2|3|8
34.2|91.96|1879|394|5.2|5.2|3|8
34.3|91.94|1889|394|5.2|5.2|3|8
34.4|91.92|1894|394|5.2|5.2|3|8
34.5|91.92|1899|394|5.2|5.2|3|8
34.6|91.89|1905|394|5.2|5.2|3|8
34.7|91.86|1907|394|5.2|5.2|3|8
34.8|91.84|1910|394|5.2|5.2|3|8
34.9|91.85|1912|394|5.2|5.2|3|8
35|91.88|1912|394|5.2|5.2|3|8
35.1|91.88|1915|394|5.2|5.2|3|8
35.2|91.88|1915|394|5.2|5.2|3|8
35.3|91.89|1915|394|5.2|5.2|3|8
35.4|91.88|1918|394|5.2|5.2|3|8
35.5|91.86|1918|394|5.2|5.2|3|8
35.6|91.86|1918|394|5.2|5.2|3|8
35.7|91.85|1918|394|5.2|5.2|3|8
35.8|91.86|1918|394|5.2|5.2|3|8
35.9|91.86|1918|394|5.2|5.2|3|8
36|91.85|1918|394|5.2|5.2|4|8
36.1|92.01|1918|394|5.2|5.2|4|8
36.2|92.53|1869|394|5.2|5.2|4|8
36.3|92.95|1134|395|5.2|5.2|2|8
36.4|93.1|1093|395|5.2|5.2|2|8
36.5|93.13|1090|395|5.2|5.2|2|8
36.6|93.06|1088|395|5.2|5.2|2|8
36.7|92.95|1088|395|5.2|5.2|2|8
36.8|92.96|1085|395|5.2|5.2|2|8
36.9|93.04|1085|394|5.2|5.2|2|8
37|92.94|1082|394|5.2|5.2|2|8
37.1|92.84|1082|395|5.2|5.2|2|8
37.2|92.76|1082|395|5.2|5.2|2|8
37.3|92.66|1082|394|5.2|5.2|2|8
37.4|92.67|1085|395|5.2|5.2|2|8
37.5|92.63|1232|394|5.2|5.2|2|8
37.6|92.52|1216|396|5.2|5.2|2|8
37.7|92.4|1157|396|5.2|5.2|2|8
37.8|92.4|1178|396|5.2|5.2|2|8
37.9|92.36|1157|396|5.2|5.2|2|8
38|92.25|1621|396|5.2|5.2|2|8
38.1|92.25|1701|396|5.2|5.2|2|8
38.2|92.33|1670|396|5.2|5.2|2|8
38.3|92.56|1209|396|5.2|5.2|2|8
38.4|92.6|1085|395|5.2|5.2|2|8
38.5|92.63|1082|395|5.2|5.2|2|8
38.6|92.68|1080|395|5.2|5.2|2|8
38.7|92.67|1080|395|5.2|5.2|2|8
38.8|92.63|1080|395|5.2|5.2|2|8
38.9|92.47|1080|395|5.2|5.2|2|8
39|92.4|1080|395|5.2|5.2|2|8
39.1|92.37|1101|395|5.2|5.2|2|8
39.2|92.37|1224|395|5.2|5.2|2|8
39.3|92.23|1237|396|5.2|5.2|2|8
39.4|92.15|1160|396|5.2|5.2|2|8
39.5|92.13|1204|396|5.2|5.2|2|8
39.6|92.05|1379|396|5.2|5.2|2|8
39.7|92.01|1299|396|5.2|5.2|2|8
39.8|91.97|1227|396|5.2|5.2|2|8
39.9|91.92|1281|396|5.2|5.2|2|8
40|91.81|1258|396|5.2|5.2|2|8
40.1|91.74|1327|396|5.2|5.2|2|8
40.2|91.62|1198|396|5.2|5.2|2|8
40.3|91.54|1162|396|5.2|5.2|2|8
40.4|91.46|1265|396|5.2|5.2|2|8
40.5|91.46|1183|396|5.2|5.2|2|8
40.6|91.39|1278|396|5.2|5.2|2|8
40.7|91.31|1178|396|5.2|5.2|2|8
40.8|91.23|1265|396|5.2|5.2|2|8
40.9|91.15|1356|396|5.2|5.2|2|8
41|91.07|1263|396|5.2|5.2|2|8
41.1|90.99|1358|396|5.2|5.2|2|8
41.2|90.92|1265|396|5.2|5.2|2|8
41.3|90.8|1309|396|5.2|5.2|2|8
41.4|90.72|1222|395|5.2|5.2|2|8
41.5|90.64|1312|395|5.2|5.2|2|8
41.6|90.6|1173|395|5.2|5.2|2|8
41.7|90.54|1142|395|5.2|5.2|2|8
41.8|90.45|1188|395|5.2|5.2|2|8
41.9|90.44|1168|396|5.2|5.2|2|8
42|90.37|1232|396|5.2|5.2|2|8
42.1|90.31|1253|396|5.2|5.2|2|8
42.2|90.24|1242|396|5.2|5.2|2|8
42.3|90.17|1281|396|5.2|5.2|2|8
42.4|90.11|1180|396|5.2|5.2|2|8
42.5|90.04|1186|395|5.2|5.2|2|8
42.6|89.93|1175|396|5.2|5.2|2|8
42.7|89.86|1173|395|5.2|5.2|2|8
42.8|89.82|1162|395|5.2|5.2|2|8
42.9|89.72|1237|395|5.2|5.2|2|8
43|89.72|1119|395|5.2|5.2|2|8
43.1|89.6|1235|395|5.2|5.2|2|8
43.2|89.54|1276|395|5.2|5.2|2|8
43.3|89.46|1314|396|5.2|5.2|2|8
43.4|89.39|1271|396|5.2|5.2|2|8
43.5|89.27|1258|396|5.2|5.2|2|8
43.6|89.18|1147|395|5.2|5.2|2|8
43.7|89.15|1216|396|5.2|5.2|2|8
43.8|89.02|1240|396|5.2|5.2|2|8
43.9|88.95|1131|395|5.2|5.2|2|8
44|88.87|1173|395|5.2|5.2|2|8
44.1|88.82|1157|394|5.2|5.2|2|8
44.2|88.74|1165|394|5.2|5.2|2|8
44.3|88.6|1304|394|5.2|5.2|2|8
44.4|88.51|1345|394|5.2|5.2|2|8
44.5|88.44|1271|394|5.2|5.2|2|8
44.6|88.32|1119|394|5.2|5.2|2|8
44.7|88.23|1124|395|5.2|5.2|2|8
44.8|88.15|1209|395|5.2|5.2|2|8
44.9|88.07|1255|395|5.2|5.2|2|8
45|87.93|1273|395|5.2|5.2|2|8
45.1|87.84|1325|395|5.2|5.2|2|8
45.2|87.7|1247|394|5.2|5.2|2|8
45.3|87.62|1183|394|5.2|5.2|2|8
45.4|87.56|1188|394|5.2|5.2|2|8
45.5|87.44|1263|395|5.2|5.2|2|8
45.6|87.25|1276|394|5.2|5.2|2|8
45.7|87.15|1271|394|5.2|5.2|2|8
45.8|87.09|1183|394|5.2|5.2|2|8
45.9|86.97|1317|395|5.2|5.2|2|8
46|86.8|1289|394|5.2|5.2|2|8
46.1|86.71|1273|394|5.2|5.2|2|8
46.2|86.59|1224|394|5.2|5.2|2|8
46.3|86.43|1258|394|5.2|5.2|2|8
46.4|86.32|1253|394|5.2|5.2|2|8
46.5|86.25|1265|394|5.2|5.2|2|8
46.6|86.08|1232|394|5.2|5.2|2|8
46.7|85.93|1232|394|5.2|5.2|2|8
46.8|85.89|1314|394|5.2|5.2|2|8
46.9|85.72|1204|394|5.2|5.2|2|8
47|85.57|1224|394|5.2|5.2|2|8
47.1|85.41|1165|394|5.2|5.2|2|8
47.2|85.23|1247|394|5.2|5.2|2|8
47.3|85.17|1291|394|5.2|5.2|2|8
47.4|84.98|1304|395|5.2|5.2|2|8
47.5|84.82|1291|395|5.2|5.2|2|8
47.6|84.63|1366|395|5.2|5.2|2|8
47.7|84.47|1286|394|5.2|5.2|2|8
47.8|84.4|1250|394|5.2|5.2|2|8
47.9|84.2|1371|394|5.2|5.2|2|8
48|84.09|1343|394|5.2|5.2|2|8
48.1|83.84|1366|395|5.2|5.2|2|8
48.2|83.65|1289|394|5.2|5.2|2|8
48.3|83.56|1260|394|5.2|5.2|2|8
48.4|83.34|1204|394|5.2|5.2|2|8
48.5|83.15|1307|394|5.2|5.2|2|8
48.6|82.99|1291|394|5.2|5.2|2|8
48.7|82.81|1255|395|5.2|5.2|2|8
48.8|82.66|1235|395|5.2|5.2|2|8
48.9|82.46|1255|395|5.2|5.2|2|8
49|82.24|1281|395|5.2|5.2|2|8
49.1|82.08|1320|394|5.2|5.2|2|8
49.2|81.8|1428|395|5.2|5.2|6|8
49.3|79.97|1936|394|5.2|5.2|6|8
49.4|77.34|1021|394|5.2|5.2|6|8
49.5|74.65|0|394|5.2|5.2|7|8
49.6|72.66|0|394|5.2|5.2|7|8
49.7|71.8|0|394|5.2|5.2|7|8
49.8|71.48|0|393|5.2|5.2|7|8
49.9|71.33|0|393|5.2|5.2|7|8
50|71.21|0|393|5.2|5.2|7|8
50.1|71.12|0|393|5.2|5.2|7|8
50.2|71.12|0|393|5.2|5.2|7|8
50.3|71.09|0|393|5.2|5.2|7|8
50.4|71.1|0|393|5.2|5.2|7|8
50.5|71.12|0|393|5.2|5.2|7|8
50.6|71.12|0|393|5.2|5.2|7|8
50.7|71.1|0|392|5.2|5.2|7|8
50.8|71.12|0|393|5.2|5.2|7|8
50.9|71.12|0|393|5.2|5.2|7|8
51|71.12|0|392|5.2|5.2|7|8
51.1|71.12|0|392|5.2|5.2|7|8
51.2|71.14|0|392|5.2|5.2|7|8
51.3|71.17|0|392|5.2|5.2|7|8
51.4|71.18|0|392|5.2|5.2|7|8
51.5|71.17|0|392|5.2|5.2|7|8
51.6|71.12|0|392|5.2|5.2|7|8
51.7|71.12|0|392|5.2|5.2|7|8
51.8|71.08|0|392|5.2|5.2|7|8
51.9|71.06|0|393|5.2|5.2|7|8
52|71.09|0|392|5.2|5.2|7|8
52.1|71.12|0|392|5.2|5.2|7|8
52.2|71.17|0|392|5.2|5.2|7|8
52.3|71.16|0|392|5.2|5.2|7|8
52.4|71.1|0|392|5.2|5.2|7|8
52.5|71.12|0|392|5.2|5.2|7|8
52.6|71.12|0|392|5.2|5.2|7|8
52.7|71.13|0|392|5.2|5.2|7|8
52.8|71.1|0|393|5.2|5.2|7|8
52.9|71.1|0|393|5.2|5.2|7|8
53|71.1|0|393|5.2|5.2|7|8
53.1|71.1|0|393|5.2|5.2|7|8
53.2|71.09|0|393|5.2|5.2|7|8
53.3|71.02|0|393|5.2|5.2|7|8
53.4|71.04|0|393|5.2|5.2|7|8
53.5|71.05|0|393|5.2|5.2|7|8
53.6|71.06|0|393|5.2|5.2|7|8
53.7|71.08|0|393|5.2|5.2|7|8
53.8|71.1|0|393|5.2|5.2|7|8
53.9|71.14|0|393|5.2|5.2|7|8
54|71.09|0|393|5.2|5.2|7|8
54.1|71.12|0|393|5.2|5.2|7|8
54.2|71.12|0|393|5.2|5.2|7|8
54.3|71.1|0|393|5.2|5.2|7|8
54.4|71.09|0|393|5.2|5.2|7|8
54.5|71.12|0|393|5.2|5.2|7|8
54.6|71.06|0|393|5.2|5.2|7|8
54.7|71|0|393|5.2|5.2|7|8
54.8|71.05|0|393|5.2|5.2|7|8
54.9|71.06|0|393|5.2|5.2|7|8
55|71.09|0|393|5.2|5.2|7|8
55.1|71.1|0|393|5.2|5.2|7|8
55.2|71.13|0|393|5.2|5.2|7|8
55.3|71.12|0|393|5.2|5.2|7|8
55.4|71.1|0|393|5.2|5.2|7|8
55.5|71.09|0|393|5.2|5.2|7|8
55.6|71.09|0|393|5.2|5.2|7|8
55.7|71.09|0|393|5.2|5.2|7|8
55.8|71.08|0|393|5.2|5.2|7|8
55.9|71.04|0|393|5.2|5.2|7|8
56|71.02|0|393|5.2|5.2|7|8
56.1|71.06|0|393|5.2|5.2|7|8
56.2|71.08|0|393|5.2|5.2|7|8
56.3|71.08|0|393|5.2|5.2|7|8
56.4|71.12|0|393|5.2|5.2|7|8
56.5|71.1|0|393|5.2|5.2|7|8
56.6|71.1|0|393|5.2|5.2|7|8
56.7|71.09|0|393|5.2|5.2|7|8
56.8|71.09|0|393|5.2|5.2|7|8
56.9|71.08|0|393|5.2|5.2|7|8
57|71.1|0|393|5.2|5.2|7|8
57.1|71.08|0|393|5.2|5.2|7|8
57.2|71.06|0|393|5.2|5.2|7|8
57.3|71|0|393|5.2|5.2|7|8
57.4|71.02|0|393|5.2|5.2|7|8
57.5|71.06|0|393|5.2|5.2|7|8
57.6|71.08|0|393|5.2|5.2|7|8
57.7|71.06|0|393|5.2|5.2|7|8
57.8|71.08|0|393|5.2|5.2|7|8
57.9|71.13|0|393|5.2|5.2|7|8
58|71.12|0|393|5.2|5.2|7|8
58.1|71.1|0|393|5.2|5.2|7|8
58.2|71.09|0|393|5.2|5.2|7|8
58.3|71.08|0|393|5.2|5.2|7|8
58.4|71.06|0|393|5.2|5.2|7|8
58.5|71|0|393|5.2|5.2|7|8
58.6|71.02|0|393|5.2|5.2|7|8
58.7|71.05|0|393|5.2|5.2|7|8
58.8|71.06|0|393|5.2|5.2|7|8
58.9|71.06|0|393|5.2|5.2|7|8
59|71.06|0|393|5.2|5.2|7|8
59.1|71.08|0|393|5.2|5.2|7|8
59.2|71.13|0|393|5.2|5.2|7|8
59.3|71.12|0|393|5.2|5.2|7|8
59.4|71.09|0|393|5.2|5.2|7|8
59.5|71.08|0|393|5.2|5.2|7|8
59.6|71.08|0|393|5.2|5.2|7|8
59.7|71.06|0|393|5.2|5.2|7|8
59.8|71.08|0|393|5.2|5.2|7|8
59.9|71.08|0|400|5.2|5.2|7|8
60|71.08|0|403|5.2|5.2|7|8
60.1|71.09|0|404|5.2|5.2|7|8
60.2|71.08|0|404|5.2|5.2|7|8
60.3|71.08|0|404|5.2|5.2|7|8
60.4|71.06|0|404|5.2|5.2|7|8
60.5|71.06|0|404|5.2|5.2|7|8
60.6|71.04|0|405|5.2|5.2|7|8
60.7|71.01|0|405|5.2|5.2|7|8
60.8|71.04|0|405|5.2|5.2|7|8
60.9|71.06|0|405|5.2|5.2|7|8
61|71.04|0|405|5.2|5.2|7|8
61.1|71.06|0|405|5.2|5.2|7|8
61.2|71.08|0|405|5.2|5.2|7|8
61.3|71.1|0|405|5.2|5.2|7|8
61.4|71.09|0|405|5.2|5.2|7|8
61.5|71.08|0|405|5.2|5.2|7|8
61.6|71.09|0|405|5.2|5.2|7|8
61.7|71.06|0|405|5.2|5.2|7|8
61.8|71.06|0|405|5.2|5.2|7|8
61.9|71.06|0|405|5.2|5.2|7|8
62|71.02|0|405|5.2|5.2|7|8
62.1|70.98|0|405|5.2|5.2|7|8
62.2|71.04|0|405|5.2|5.2|7|8
62.3|71.05|0|405|5.2|5.2|7|8
62.4|71.05|0|405|5.2|5.2|7|8
62.5|71.06|0|405|5.2|5.2|8|8
62.6|71.05|0|405|5.2|5.2|8|8
62.7|71.06|0|405|5.2|5.2|8|8
62.8|71.02|0|405|5.2|5.2|8|8
62.9|70.96|0|405|5.2|5.2|8|8
63|71.02|0|405|5.2|5.2|8|8
63.1|71.09|0|405|5.2|5.2|8|8
63.2|70.98|0|405|5.2|5.2|8|8
63.3|70.96|0|405|5.2|5.2|8|8
63.4|71.02|0|405|5.2|5.2|8|8
63.5|71.05|0|405|5.1|5.1|8|8
63.6|70.98|0|405|5.1|5.1|8|8
63.7|70.96|0|405|5.1|5.1|8|8
63.8|71.04|0|405|5.1|5.1|8|8
63.9|71.05|0|405|5.1|5.1|8|8
64|71.01|0|405|5.1|5.1|8|8
64.1|70.97|0|405|5.1|5.1|8|8
64.2|71|0|405|5.1|5.1|8|8
64.3|71.01|0|405|5.1|5.1|8|8
64.4|70.94|0|405|5.1|5.1|8|8
64.5|71.94|0|405|5.1|5.1|8|8
64.6|74.94|0|405|5.1|5.1|8|8
64.7|78.01|0|405|5.1|5.1|8|8
64.8|81.03|0|405|5.1|5.1|8|8
64.9|84.03|0|405|5.1|5.1|8|8
65|86.98|0|405|5.1|5.1|8|8
65.1|89.94|0|405|5.1|5.1|8|8
65.2|92.92|0|405|5.1|5.1|8|8
65.3|94.79|0|405|5.1|5.1|8|8
65.4|95.59|0|405|5.1|5.1|8|8
