0|96.06|876|438|5.2|5.2|1|8
0.1|96.08|972|442|5.2|5.2|1|8
0.2|96.05|977|443|5.2|5.2|1|8
0.3|96.09|977|446|5.2|5.2|1|8
0.4|96.08|979|448|5.2|5.2|1|8
0.5|96.08|979|448|5.2|5.2|2|8
0.6|95.78|982|448|5.2|5.2|2|8
0.7|95.34|1023|448|5.2|5.2|2|8
0.8|94.95|1500|450|5.2|5.2|2|8
0.9|94.61|1593|450|5.2|5.2|3|8
1|94.36|1624|451|5.2|5.2|3|8
1.1|94.25|1644|451|5.2|5.2|3|8
1.2|94.27|1652|451|5.2|5.2|3|8
1.3|94.2|1657|451|5.2|5.2|3|8
1.4|94.2|1662|451|5.2|5.2|3|8
1.5|94.12|1665|452|5.2|5.2|3|8
1.6|94.16|1670|452|5.2|5.2|3|8
1.7|94.12|1673|452|5.2|5.2|3|8
1.8|94.23|1675|452|5.2|5.2|3|8
1.9|94.13|1678|452|5.2|5.2|3|8
2|94.17|1680|452|5.2|5.2|3|8
2.1|94.17|1683|452|5.2|5.2|3|8
2.2|94.19|1688|452|5.2|5.2|3|8
2.3|94.16|1691|452|5.2|5.2|3|8
2.4|94.19|1691|452|5.2|5.2|3|8
2.5|94.16|1693|452|5.2|5.2|3|8
2.6|94.16|1696|452|5.2|5.2|3|8
2.7|94.16|1698|452|5.2|5.2|3|8
2.8|94.17|1701|452|5.2|5.2|3|8
2.9|94.19|1704|452|5.2|5.2|4|8
3|94.44|1698|452|5.2|5.2|4|8
3.1|94.9|1235|452|5.2|5.2|5|8
3.2|95.22|1010|450|5.2|5.2|5|8
3.3|95.42|1008|450|5.2|5.2|5|8
3.4|95.47|1005|450|5.2|5.2|5|8
3.5|95.49|1005|450|5.2|5.2|5|8
3.6|95.47|1003|450|5.2|5.2|5|8
3.7|95.53|1003|449|5.2|5.2|5|8
3.8|95.55|1003|449|5.2|5.2|5|8
3.9|95.54|1000|450|5.2|5.2|5|8
4|95.55|1000|450|5.2|5.2|5|8
4.1|95.53|1003|450|5.2|5.2|5|8
4.2|95.5|1000|450|5.2|5.2|5|8
4.3|95.47|1000|450|5.2|5.2|5|8
4.4|95.45|1000|450|5.2|5.2|5|8
4.5|95.47|1000|450|5.2|5.3|5|8
4.6|95.45|1000|450|5.3|5.3|5|8
4.7|95.59|1000|450|5.3|5.3|5|8
4.8|95.55|1000|450|5.3|5.3|5|8
4.9|95.53|1000|450|5.3|5.3|5|8
5|95.55|1000|450|5.3|5.3|5|8
5.1|95.51|997|450|5.3|5.3|2|8
5.2|95.42|1000|450|5.3|5.3|2|8
5.3|95.18|1000|450|5.3|5.3|2|8
5.4|94.75|1018|450|5.3|5.3|2|8
5.5|94.33|1595|450|5.3|5.3|3|8
5.6|93.96|1675|451|5.3|5.3|3|8
5.7|93.86|1696|451|5.3|5.3|3|8
5.8|93.64|1709|451|5.3|5.3|3|8
5.9|93.58|1716|451|5.3|5.3|3|8
6|93.64|1719|452|5.3|5.3|3|8
6.1|93.58|1724|452|5.3|5.3|3|8
6.2|93.58|1727|452|5.3|5.3|3|8
6.3|93.62|1729|451|5.3|5.3|3|8
6.4|93.61|1732|451|5.3|5.3|3|8
6.5|93.64|1735|451|5.3|5.3|3|8
6.6|93.68|1735|451|5.3|5.3|3|8
6.7|93.62|1737|451|5.3|5.3|3|8
6.8|93.57|1740|451|5.3|5.3|3|8
6.9|93.6|1740|451|5.3|5.3|3|8
7|93.61|1742|451|5.3|5.3|3|8
7.1|93.61|1745|451|5.3|5.3|3|8
7.2|93.65|1745|451|5.3|5.3|3|8
7.3|93.69|1747|451|5.3|5.3|3|8
7.4|93.6|1747|452|5.3|5.3|3|8
7.5|93.57|1750|452|5.3|5.3|4|8
7.6|93.78|1750|451|5.3|5.3|4|8
7.7|94|1747|451|5.3|5.3|4|8
7.8|94.48|1595|451|5.3|5.3|4|8
7.9|94.87|1028|450|5.3|5.3|5|8
8|95.08|1015|450|5.3|5.3|5|8
8.1|95.14|1013|449|5.3|5.3|5|8
8.2|95.14|1013|449|5.3|5.3|5|8
8.3|95.19|1010|449|5.3|5.3|5|8
8.4|95.19|1010|449|5.3|5.3|5|8
8.5|95.18|1008|449|5.3|5.3|5|8
8.6|95.19|1010|448|5.3|5.3|5|8
8.7|95.25|1010|448|5.3|5.3|5|8
8.8|95.23|1010|449|5.3|5.3|5|8
8.9|95.23|1010|449|5.3|5.3|5|8
9|95.22|1010|449|5.3|5.3|5|8
9.1|95.21|1010|448|5.3|5.3|5|8
9.2|95.18|1010|448|5.3|5.3|5|8
9.3|95.19|1010|448|5.3|5.3|5|8
9.4|95.19|1010|448|5.3|5.3|5|8
9.5|95.19|1010|448|5.3|5.3|5|8
9.6|95.21|1010|448|5.3|5.3|5|8
9.7|95.22|1010|448|5.3|5.3|5|8
9.8|95.21|1010|448|5.3|5.3|5|8
9.9|95.23|1010|448|5.3|5.3|2|8
10|94.98|1013|448|5.3|5.3|2|8
10.1|94.57|1013|448|5.3|5.3|2|8
10.2|94.1|1474|449|5.3|5.3|2|8
10.3|93.7|1696|450|5.3|5.3|3|8
10.4|93.51|1729|450|5.3|5.3|3|8
10.5|93.39|1737|451|5.3|5.3|3|8
10.6|93.37|1755|447|5.3|5.3|3|8
10.7|93.33|1771|426|5.3|5.3|3|8
10.8|93.37|1773|420|5.3|5.3|3|8
10.9|93.26|1778|417|5.3|5.3|3|8
11|93.33|1778|416|5.3|5.3|3|8
11.1|93.33|1781|416|5.3|5.3|3|8
11.2|93.3|1784|416|5.3|5.3|3|8
11.3|93.33|1786|416|5.3|5.3|3|8
11.4|93.34|1786|416|5.3|5.3|3|8
11.5|93.35|1789|416|5.3|5.3|3|8
11.6|93.29|1789|416|5.3|5.3|3|8
11.7|93.27|1791|416|5.3|5.3|3|8
11.8|93.37|1791|415|5.3|5.3|3|8
11.9|93.35|1796|416|5.3|5.3|3|8
12|93.26|1796|416|5.3|5.3|3|8
12.1|93.29|1799|416|5.3|5.3|3|8
12.2|93.33|1799|416|5.3|5.3|3|8
12.3|93.33|1799|416|5.3|5.3|4|8
12.4|93.53|1802|416|5.3|5.3|4|8
12.5|94.02|1763|416|5.3|5.3|4|8
12.6|94.53|1647|416|5.3|5.3|4|8
12.7|95.04|1077|414|5.3|5.3|5|8
12.8|95.23|1041|413|5.3|5.3|5|8
12.9|95.38|1039|413|5.3|5.3|5|8
13|95.43|1036|412|5.3|5.3|5|8
13.1|95.46|1036|412|5.3|5.3|5|8
13.2|95.47|1036|412|5.3|5.3|5|8
13.3|95.49|1034|412|5.3|5.3|5|8
13.4|95.39|1034|412|5.3|5.3|5|8
13.5|95.45|1034|412|5.3|5.3|5|8
13.6|95.46|1034|412|5.3|5.3|5|8
13.7|95.49|1034|412|5.3|5.3|5|8
13.8|95.45|1034|412|5.3|5.3|5|8
13.9|95.45|1031|412|5.3|5.3|5|8
14|95.45|1034|412|5.3|5.3|5|8
14.1|95.41|1034|412|5.3|5.3|5|8
14.2|95.45|1034|412|5.3|5.3|5|8
14.3|95.45|1034|412|5.3|5.3|5|8
14.4|95.45|1034|412|5.3|5.3|5|8
14.5|95.46|1036|412|5.3|5.3|5|8
14.6|95.46|1036|412|5.3|5.3|5|8
14.7|95.47|1036|412|5.3|5.3|2|8
14.8|95.26|1036|412|5.3|5.3|2|8
14.9|94.91|1036|412|5.3|5.3|2|8
15|94.52|1054|412|5.3|5.3|2|8
15.1|94.02|1253|413|5.3|5.3|2|8
15.2|93.57|1683|414|5.3|5.3|3|8
15.3|93.19|1763|415|5.3|5.3|3|8
15.4|93.14|1784|415|5.3|5.3|3|8
15.5|92.99|1799|415|5.3|5.3|3|8
15.6|92.98|1807|415|5.3|5.3|3|8
15.7|93.04|1809|415|5.3|5.3|3|8
15.8|92.99|1812|415|5.3|5.3|3|8
15.9|93.03|1814|415|5.3|5.3|3|8
16|93.03|1820|415|5.3|5.3|3|8
16.1|93|1822|416|5.3|5.3|3|8
16.2|93|1822|416|5.3|5.3|3|8
16.3|93.02|1825|415|5.3|5.3|3|8
16.4|93.02|1825|415|5.3|5.3|3|8
16.5|93|1827|415|5.3|5.3|3|8
16.6|93.02|1827|415|5.3|5.3|3|8
16.7|92.99|1827|415|5.3|5.3|3|8
16.8|93|1830|415|5.3|5.3|3|8
16.9|93|1830|415|5.3|5.3|3|8
17|93.02|1838|415|5.3|5.3|3|8
17.1|93|1840|414|5.3|5.3|3|8
17.2|93.02|1843|415|5.3|5.3|4|8
17.3|93.14|1843|415|5.3|5.3|4|8
17.4|93.47|1820|415|5.3|5.3|4|8
17.5|94.02|1178|415|5.3|5.3|5|8
17.6|94.31|1057|413|5.3|5.3|5|8
17.7|94.44|1052|412|5.3|5.3|5|8
17.8|94.51|1049|412|5.3|5.3|5|8
17.9|94.53|1049|412|5.3|5.3|5|8
18|94.53|1046|412|5.3|5.3|5|8
18.1|94.51|1046|412|5.3|5.3|5|8
18.2|94.59|1044|412|5.3|5.3|5|8
18.3|94.59|1044|412|5.3|5.3|5|8
18.4|94.6|1044|412|5.3|5.3|5|8
18.5|94.53|1044|412|5.3|5.3|5|8
18.6|94.51|1044|412|5.3|5.3|5|8
18.7|94.52|1044|412|5.3|5.3|5|8
18.8|94.56|1044|412|5.3|5.3|5|8
18.9|94.53|1044|412|5.3|5.3|5|8
19|94.55|1044|412|5.3|5.3|5|8
19.1|94.55|1044|412|5.3|5.3|5|8
19.2|94.56|1044|412|5.3|5.3|5|8
19.3|94.55|1044|412|5.3|5.3|5|8
19.4|94.55|1044|412|5.3|5.3|5|8
19.5|94.56|1044|412|5.3|5.3|2|8
19.6|94.52|1044|412|5.3|5.3|2|8
19.7|94.17|1044|412|5.3|5.3|2|8
19.8|93.73|1098|412|5.3|5.3|2|8
19.9|93.23|1709|412|5.3|5.3|3|8
20|93.02|1773|413|5.3|5.3|3|8
20.1|92.94|1799|414|5.3|5.3|3|8
20.2|92.92|1812|414|5.3|5.3|3|8
20.3|92.78|1820|414|5.3|5.3|3|8
20.4|92.9|1825|414|5.3|5.3|3|8
20.5|92.79|1830|414|5.3|5.3|3|8
20.6|92.84|1843|412|5.3|5.3|3|8
20.7|92.8|1856|399|5.3|5.3|3|8
20.8|92.82|1858|394|5.3|5.3|3|8
20.9|92.83|1863|393|5.3|5.3|3|8
21|92.79|1863|392|5.3|5.3|3|8
21.1|92.86|1869|392|5.3|5.3|3|8
21.2|92.82|1876|392|5.3|5.3|3|8
21.3|92.8|1879|392|5.3|5.3|3|8
21.4|92.8|1879|392|5.3|5.3|3|8
21.5|92.8|1881|392|5.3|5.3|3|8
21.6|92.79|1884|392|5.3|5.3|3|8
21.7|92.79|1884|392|5.3|5.3|3|8
21.8|92.83|1887|392|5.3|5.3|3|8
21.9|92.82|1889|392|5.3|5.3|4|8
22|92.95|1887|392|5.3|5.3|4|8
22.1|93.34|1848|392|5.3|5.3|4|8
22.2|93.84|1137|392|5.3|5.3|5|8
22.3|94.17|1072|392|5.3|5.3|5|8
22.4|94.19|1070|392|5.3|5.3|5|8
22.5|94.28|1067|392|5.3|5.3|5|8
22.6|94.29|1064|391|5.3|5.3|5|8
22.7|94.33|1064|391|5.3|5.3|5|8
22.8|94.33|1062|391|5.3|5.3|5|8
22.9|94.31|1062|391|5.3|5.3|5|8
23|94.28|1059|391|5.3|5.3|5|8
23.1|94.28|1059|391|5.3|5.3|5|8
23.2|94.27|1059|391|5.3|5.3|5|8
23.3|94.31|1059|391|5.3|5.3|5|8
23.4|94.31|1059|391|5.3|5.3|5|8
23.5|94.31|1059|391|5.3|5.3|5|8
23.6|94.32|1059|391|5.3|5.3|5|8
23.7|94.32|1059|391|5.3|5.3|5|8
23.8|94.27|1057|391|5.3|5.3|5|8
23.9|94.29|1059|391|5.3|5.3|5|8
24|94.31|1059|391|5.3|5.3|5|8
24.1|94.31|1059|391|5.3|5.3|5|8
24.2|94.32|1057|391|5.3|5.3|2|8
24.3|94.2|1057|391|5.3|5.3|2|8
24.4|93.85|1059|391|5.3|5.3|2|8
24.5|93.38|1330|392|5.3|5.3|2|8
24.6|92.99|1778|392|5.3|5.3|3|8
24.7|92.82|1835|392|5.3|5.3|3|8
24.8|92.63|1861|392|5.3|5.3|3|8
24.9|92.67|1871|392|5.3|5.3|3|8
25|92.64|1879|392|5.3|5.3|3|8
25.1|92.6|1884|392|5.3|5.3|3|8
25.2|92.62|1887|392|5.3|5.3|3|8
25.3|92.63|1892|392|5.3|5.3|3|8
25.4|92.67|1894|392|5.3|5.3|3|8
25.5|92.7|1897|392|5.3|5.3|3|8
25.6|92.58|1899|392|5.3|5.3|3|8
25.7|92.63|1899|392|5.3|5.3|3|8
25.8|92.64|1902|392|5.3|5.3|3|8
25.9|92.62|1905|392|5.3|5.3|3|8
26|92.59|1905|392|5.3|5.3|3|8
26.1|92.62|1905|392|5.3|5.3|3|8
26.2|92.66|1905|392|5.3|5.3|3|8
26.3|92.62|1905|392|5.3|5.3|3|8
26.4|92.59|1907|392|5.3|5.3|3|8
26.5|92.64|1907|391|5.3|5.3|3|8
26.6|92.64|1907|391|5.3|5.3|4|8
26.7|92.79|1902|391|5.3|5.3|4|8
26.8|93.27|1830|391|5.3|5.3|4|8
26.9|93.78|1095|391|5.3|5.3|5|8
27|94|1075|390|5.3|5.3|5|8
27.1|94.12|1072|390|5.3|5.3|5|8
27.2|94.13|1072|390|5.3|5.3|5|8
27.3|94.15|1070|390|5.3|5.3|5|8
27.4|94.17|1067|390|5.3|5.3|5|8
27.5|94.19|1067|390|5.3|5.3|5|8
27.6|94.1|1064|390|5.3|5.3|5|8
27.7|94.16|1064|390|5.3|5.3|5|8
27.8|94.16|1064|390|5.3|5.3|5|8
27.9|94.19|1064|390|5.3|5.3|5|8
28|94.12|1064|390|5.3|5.3|5|8
28.1|94.13|1062|390|5.3|5.3|5|8
28.2|94.13|1062|390|5.3|5.3|5|8
28.3|94.17|1062|390|5.3|5.3|5|8
28.4|94.2|1062|390|5.3|5.3|5|8
28.5|94.19|1062|390|5.3|5.3|5|8
28.6|94.13|1062|390|5.3|5.3|5|8
28.7|94.13|1062|390|5.3|5.3|5|8
28.8|94.13|1062|391|5.3|5.3|5|8
28.9|94.19|1062|391|5.3|5.3|2|8
29|93.96|1062|391|5.3|5.3|2|8
29.1|93.57|1062|390|5.3|5.3|2|8
29.2|93.11|1363|391|5.3|5.3|2|8
29.3|92.79|1799|391|5.3|5.3|3|8
29.4|92.66|1851|391|5.3|5.3|3|8
29.5|92.47|1869|391|5.3|5.3|3|8
29.6|92.35|1884|391|5.3|5.3|3|8
29.7|92.36|1889|391|5.3|5.3|3|8
29.8|92.35|1894|391|5.3|5.3|3|8
29.9|92.43|1899|391|5.3|5.3|3|8
30|92.36|1902|391|5.3|5.3|3|8
30.1|92.37|1905|391|5.3|5.3|3|8
30.2|92.39|1907|391|5.3|5.3|3|8
30.3|92.36|1910|391|5.3|5.3|3|8
30.4|92.4|1912|391|5.3|5.3|3|8
30.5|92.36|1915|391|5.3|5.3|3|8
30.6|92.37|1915|391|5.3|5.3|3|8
30.7|92.36|1918|390|5.3|5.3|3|8
30.8|92.37|1918|389|5.3|5.3|3|8
30.9|92.37|1920|389|5.3|5.3|3|8
31|92.37|1920|389|5.3|5.3|3|8
31.1|92.37|1920|389|5.3|5.3|3|8
31.2|92.39|1920|389|5.3|5.3|3|8
31.3|92.41|1920|388|5.3|5.3|4|8
31.4|92.6|1918|389|5.3|5.3|4|8
31.5|93|1866|389|5.3|5.3|4|8
31.6|93.51|1119|389|5.3|5.3|5|8
31.7|93.77|1077|388|5.3|5.3|5|8
31.8|93.86|1075|388|5.3|5.3|5|8
31.9|93.9|1075|389|5.3|5.3|5|8
32|93.96|1072|389|5.3|5.3|5|8
32.1|93.98|1072|389|5.3|5.3|5|8
32.2|93.94|1070|389|5.3|5.3|5|8
32.3|93.94|1070|389|5.3|5.3|5|8
32.4|93.89|1067|389|5.3|5.3|5|8
32.5|94.01|1067|389|5.3|5.3|5|8
32.6|93.93|1067|389|5.3|5.3|5|8
32.7|93.92|1067|389|5.3|5.3|5|8
32.8|93.97|1067|389|5.3|5.3|5|8
32.9|93.94|1067|389|5.3|5.3|5|8
33|93.92|1067|389|5.3|5.3|5|8
33.1|93.97|1064|389|5.3|5.3|5|8
33.2|93.96|1064|389|5.3|5.3|5|8
33.3|93.9|1064|389|5.3|5.3|5|8
33.4|93.96|1067|389|5.3|5.3|5|8
33.5|94|1067|389|5.3|5.3|5|8
33.6|93.94|1064|389|5.3|5.3|2|8
33.7|93.86|1067|389|5.3|5.3|2|8
33.8|93.43|1067|390|5.3|5.3|2|8
33.9|92.99|1335|390|5.3|5.3|2|8
34|92.66|1820|390|5.3|5.3|3|8
34.1|92.37|1866|390|5.3|5.3|3|8
34.2|92.35|1887|390|5.3|5.3|3|8
34.3|92.32|1899|390|5.3|5.3|3|8
34.4|92.23|1907|389|5.3|5.3|3|8
34.5|92.16|1912|389|5.3|5.3|3|8
34.6|92.2|1915|389|5.3|5.3|3|8
34.7|92.19|1918|389|5.3|5.3|3|8
34.8|92.25|1920|389|5.3|5.3|3|8
34.9|92.24|1923|389|5.3|5.3|3|8
35|92.23|1923|390|5.3|5.3|3|8
35.1|92.23|1925|390|5.3|5.3|3|8
35.2|92.24|1925|390|5.3|5.3|3|8
35.3|92.19|1928|390|5.3|5.3|3|8
35.4|92.28|1928|390|5.3|5.3|3|8
35.5|92.21|1928|390|5.3|5.3|3|8
35.6|92.17|1930|390|5.3|5.3|3|8
35.7|92.27|1930|390|5.3|5.3|3|8
35.8|92.21|1930|390|5.3|5.3|3|8
35.9|92.2|1930|390|5.3|5.3|3|8
36|92.27|1930|390|5.3|5.3|4|8
36.1|92.56|1925|390|5.3|5.3|4|8
36.2|92.86|1858|390|5.3|5.3|4|8
36.3|93.33|1106|390|5.3|5.3|2|8
36.4|93.45|1085|390|5.3|5.3|2|8
36.5|93.51|1080|390|5.3|5.3|2|8
36.6|93.43|1077|390|5.3|5.3|2|8
36.7|93.41|1077|390|5.3|5.3|2|8
36.8|93.35|1075|390|5.3|5.3|2|8
36.9|93.19|1072|390|5.3|5.3|2|8
37|93.11|1072|390|5.3|5.3|2|8
37.1|93.17|1070|390|5.3|5.3|2|8
37.2|93.26|1070|390|5.3|5.3|2|8
37.3|93.09|1067|390|5.3|5.3|2|8
37.4|92.99|1067|390|5.3|5.3|2|8
37.5|92.95|1077|390|5.3|5.3|2|8
37.6|92.9|1162|390|5.3|5.3|2|8
37.7|92.83|1209|390|5.3|5.3|2|8
37.8|92.74|1340|390|5.3|5.3|2|8
37.9|92.63|1647|390|5.3|5.3|2|8
38|92.71|1608|390|5.3|5.3|2|8
38.1|92.87|1101|390|5.3|5.3|2|8
38.2|92.92|1072|390|5.3|5.3|2|8
38.3|93.03|1070|390|5.3|5.3|2|8
38.4|92.92|1070|390|5.3|5.3|2|8
38.5|92.86|1067|390|5.3|5.3|2|8
38.6|92.82|1072|390|5.3|5.3|2|8
38.7|92.75|1284|390|5.3|5.3|2|8
38.8|92.58|1621|390|5.3|5.3|2|8
38.9|92.71|1714|390|5.3|5.3|2|8
39|92.83|1706|390|5.3|5.3|2|8
39.1|93.02|1095|390|5.3|5.3|2|8
39.2|93.1|1072|390|5.3|5.3|2|8
39.3|93.1|1070|390|5.3|5.3|2|8
39.4|93.02|1070|390|5.3|5.3|2|8
39.5|92.99|1070|390|5.3|5.3|2|8
39.6|92.96|1067|390|5.3|5.3|2|8
39.7|92.87|1067|390|5.3|5.3|2|8
39.8|92.87|1126|389|5.3|5.3|2|8
39.9|92.8|1077|390|5.3|5.3|2|8
40|92.59|1173|390|5.3|5.3|2|8
40.1|92.58|1064|390|5.3|5.3|2|8
40.2|92.66|1407|390|5.3|5.3|2|8
40.3|92.59|1758|390|5.3|5.3|2|8
40.4|92.63|1786|390|5.3|5.3|2|8
40.5|92.71|1745|390|5.3|5.3|2|8
40.6|92.91|1108|390|5.3|5.3|2|8
40.7|93|1072|390|5.3|5.3|2|8
40.8|93.04|1067|390|5.3|5.3|2|8
40.9|93.03|1067|390|5.3|5.3|2|8
41|92.98|1067|390|5.3|5.3|2|8
41.1|92.88|1067|390|5.3|5.3|2|8
41.2|92.83|1064|390|5.3|5.3|2|8
41.3|92.83|1072|390|5.3|5.3|2|8
41.4|92.67|1175|390|5.3|5.3|2|8
41.5|92.59|1072|390|5.3|5.3|2|8
41.6|92.64|1152|390|5.3|5.3|2|8
41.7|92.64|1585|390|5.3|5.3|2|8
41.8|92.53|1714|390|5.3|5.3|2|8
41.9|92.63|1729|390|5.3|5.3|2|8
42|92.78|1670|390|5.3|5.3|2|8
42.1|92.95|1106|390|5.3|5.3|2|8
42.2|93.06|1072|390|5.3|5.3|2|8
42.3|93.07|1070|390|5.3|5.3|2|8
42.4|93.03|1070|390|5.3|5.3|2|8
42.5|92.99|1067|390|5.3|5.3|2|8
42.6|92.96|1067|390|5.3|5.3|2|8
42.7|92.86|1067|390|5.3|5.3|2|8
42.8|92.87|1067|390|5.3|5.3|2|8
42.9|92.8|1067|390|5.3|5.3|2|8
43|92.6|1067|390|5.3|5.3|2|8
43.1|92.63|1067|390|5.3|5.3|2|8
43.2|92.72|1198|390|5.3|5.3|2|8
43.3|92.53|1477|390|5.3|5.3|2|8
43.4|92.4|1237|390|5.3|5.3|2|8
43.5|92.45|1067|390|5.3|5.3|2|8
43.6|92.45|1064|390|5.3|5.3|2|8
43.7|92.32|1278|390|5.3|5.3|2|8
43.8|92.37|1183|390|5.3|5.3|2|8
43.9|92.31|1180|390|5.3|5.3|2|8
44|92.25|1358|390|5.3|5.3|2|8
44.1|92.17|1196|390|5.3|5.3|2|8
44.2|92.12|1276|390|5.3|5.3|2|8
44.3|92.05|1296|390|5.3|5.3|2|8
44.4|91.98|1296|391|5.3|5.3|2|8
44.5|91.9|1232|391|5.3|5.3|2|8
44.6|91.88|1464|390|5.3|5.3|2|8
44.7|91.78|1335|391|5.3|5.3|2|8
44.8|91.66|1351|391|5.3|5.3|2|8
44.9|91.58|1289|391|5.3|5.3|2|8
45|91.53|1152|390|5.3|5.3|2|8
45.1|91.56|1250|390|5.3|5.3|2|8
45.2|91.43|1302|391|5.3|5.3|2|8
45.3|91.41|1314|390|5.3|5.3|2|8
45.4|91.31|1309|390|5.3|5.3|2|8
45.5|91.27|1219|390|5.3|5.3|2|8
45.6|91.03|1229|390|5.3|5.3|2|8
45.7|91.02|1077|390|5.3|5.3|2|8
45.8|91.05|1152|390|5.3|5.3|2|8
45.9|90.9|1139|390|5.3|5.3|2|8
46|90.83|1191|390|5.3|5.3|2|8
46.1|90.8|1178|390|5.3|5.3|2|8
46.2|90.59|1137|390|5.3|5.3|2|8
46.3|90.59|1113|390|5.3|5.3|2|8
46.4|90.52|1258|390|5.3|5.3|2|8
46.5|90.45|1170|390|5.3|5.3|2|8
46.6|90.39|1253|390|5.3|5.3|2|8
46.7|90.31|1304|389|5.3|5.3|2|8
46.8|90.16|1247|390|5.3|5.3|2|8
46.9|90.08|1281|390|5.3|5.3|2|8
47|89.94|1201|390|5.3|5.3|2|8
47.1|89.92|1263|390|5.3|5.3|2|8
47.2|89.8|1211|390|5.3|5.3|2|8
47.3|89.74|1160|390|5.3|5.3|2|8
47.4|89.56|1278|390|5.3|5.3|2|8
47.5|89.54|1188|390|5.3|5.3|2|8
47.6|89.43|1155|390|5.3|5.3|2|8
47.7|89.34|1134|390|5.3|5.3|2|8
47.8|89.18|1188|390|5.3|5.3|2|8
47.9|89.17|1325|390|5.3|5.3|2|8
48|88.97|1162|390|5.3|5.3|2|8
48.1|88.83|1152|390|5.3|5.3|2|8
48.2|88.88|1131|390|5.3|5.3|2|8
48.3|88.75|1222|390|5.3|5.3|2|8
48.4|88.6|1278|390|5.3|5.3|2|8
48.5|88.51|1214|390|5.3|5.3|2|8
48.6|88.37|1178|390|5.3|5.3|2|8
48.7|88.24|1255|390|5.3|5.3|2|8
48.8|88.13|1229|390|5.3|5.3|2|8
48.9|88.09|1142|390|5.3|5.3|2|8
49|87.88|1240|390|5.3|5.3|2|8
49.1|87.77|1229|391|5.3|5.3|2|8
49.2|87.65|1129|390|5.3|5.3|2|8
49.3|87.58|1271|390|5.3|5.3|2|8
49.4|87.38|1211|390|5.3|5.3|2|8
49.5|87.35|1276|391|5.3|5.3|2|8
49.6|87.15|1209|390|5.3|5.3|2|8
49.7|87.05|1299|391|5.3|5.3|2|8
49.8|86.97|1242|390|5.3|5.3|2|8
49.9|86.8|1227|390|5.4|5.3|2|8
50|86.68|1263|390|5.3|5.3|2|8
50.1|86.55|1188|390|5.3|5.3|2|8
50.2|86.4|1191|390|5.3|5.3|2|8
50.3|86.25|1214|391|5.3|5.3|2|8
50.4|86.13|1235|390|5.3|5.3|2|8
50.5|85.95|1366|390|5.3|5.3|2|8
50.6|85.81|1327|390|5.4|5.3|2|8
50.7|85.62|1219|391|5.3|5.3|2|8
50.8|85.52|1222|391|5.3|5.3|2|8
50.9|85.4|1222|390|5.3|5.3|2|8
51|85.19|1214|391|5.3|5.3|2|8
51.1|85.03|1296|392|5.3|5.3|2|8
51.2|84.95|1371|392|5.3|5.3|2|8
51.3|84.79|1247|390|5.3|5.3|2|8
51.4|84.59|1250|392|5.3|5.3|2|8
51.5|84.4|1250|390|5.3|5.3|2|8
51.6|84.21|1242|390|5.3|5.3|2|8
51.7|84.13|1242|390|5.3|5.3|2|8
51.8|83.89|1361|390|5.3|5.3|2|8
51.9|83.8|1284|392|5.3|5.3|2|8
52|83.6|1322|392|5.3|5.3|2|8
52.1|83.42|1332|392|5.3|5.3|2|8
52.2|83.17|1299|392|5.3|5.3|2|8
52.3|83.06|1191|391|5.3|5.3|2|8
52.4|82.86|1209|391|5.3|5.4|2|8
52.5|82.68|1268|391|5.3|5.3|2|8
52.6|82.51|1173|391|5.3|5.3|2|8
52.7|82.31|1389|392|5.3|5.3|2|8
52.8|82.11|1260|392|5.4|5.3|2|8
52.9|81.96|1227|390|5.3|5.3|6|8
53|80.59|1907|390|5.3|5.3|6|8
53.1|77.96|1969|390|5.3|5.3|6|8
53.2|75.24|67|390|5.3|5.3|7|8
53.3|73.1|0|388|5.3|5.3|7|8
53.4|72|0|388|5.3|5.3|7|8
53.5|71.52|0|388|5.3|5.3|7|8
53.6|71.24|0|388|5.3|5.3|7|8
53.7|71.16|0|388|5.3|5.3|7|8
53.8|71.09|0|388|5.3|5.3|7|8
53.9|71.08|0|388|5.3|5.3|7|8
54|71.06|0|388|5.3|5.3|7|8
54.1|71.02|0|388|5.3|5.3|7|8
54.2|71.02|0|388|5.3|5.3|7|8
54.3|71.01|0|388|5.3|5.3|7|8
54.4|71.02|0|388|5.3|5.3|7|8
54.5|71.08|0|388|5.3|5.3|7|8
54.6|71.16|0|388|5.3|5.3|7|8
54.7|71.1|0|388|5.3|5.3|7|8
54.8|71.05|0|388|5.3|5.3|7|8
54.9|71.02|0|388|5.3|5.3|7|8
55|71.04|0|388|5.3|5.3|7|8
55.1|71.04|0|388|5.3|5.3|7|8
55.2|71.02|0|388|5.3|5.3|7|8
55.3|71|0|388|5.3|5.3|7|8
55.4|71|0|388|5.3|5.3|7|8
55.5|71|0|388|5.3|5.3|7|8
55.6|71.01|0|388|5.3|5.3|7|8
55.7|71.02|0|388|5.3|5.3|7|8
55.8|71.04|0|388|5.3|5.3|7|8
55.9|71.05|0|388|5.3|5.3|7|8
56|71.08|0|388|5.3|5.3|7|8
56.1|71.13|0|388|5.3|5.3|7|8
56.2|71.09|0|388|5.3|5.3|7|8
56.3|71.08|0|388|5.3|5.3|7|8
56.4|71.02|0|388|5.3|5.3|7|8
56.5|71.04|0|388|5.3|5.3|7|8
56.6|71.05|0|388|5.3|5.3|7|8
56.7|71.05|0|388|5.3|5.3|7|8
56.8|71.04|0|388|5.3|5.3|7|8
56.9|71.06|0|388|5.3|5.3|7|8
57|71.05|0|388|5.3|5.3|7|8
57.1|71.06|0|388|5.3|5.3|7|8
57.2|71.05|0|388|5.3|5.3|7|8
57.3|71.04|0|388|5.3|5.3|7|8
57.4|71.04|0|388|5.3|5.3|7|8
57.5|71.02|0|388|5.3|5.3|7|8
57.6|71.04|0|388|5.3|5.3|7|8
57.7|71.04|0|388|5.3|5.3|7|8
57.8|71.04|0|388|5.3|5.3|7|8
57.9|71.04|0|388|5.3|5.3|7|8
58|71.04|0|388|5.3|5.3|7|8
58.1|71.04|0|388|5.3|5.3|7|8
58.2|71.02|0|388|5.3|5.3|7|8
58.3|71.02|0|388|5.3|5.3|7|8
58.4|71.02|0|388|5.3|5.3|7|8
58.5|70.98|0|388|5.3|5.3|7|8
58.6|71.01|0|388|5.3|5.3|7|8
58.7|71.04|0|388|5.3|5.3|7|8
58.8|71.02|0|388|5.3|5.3|7|8
58.9|71.05|0|388|5.3|5.3|7|8
59|71.05|0|388|5.3|5.3|7|8
59.1|71.02|0|388|5.3|5.3|7|8
59.2|71|0|388|5.3|5.3|7|8
59.3|71|0|388|5.3|5.3|7|8
59.4|71.01|0|388|5.3|5.3|7|8
59.5|71.04|0|388|5.3|5.3|7|8
59.6|71.02|0|388|5.3|5.3|7|8
59.7|71.01|0|388|5.3|5.3|7|8
59.8|71.02|0|388|5.3|5.3|7|8
59.9|71.04|0|388|5.3|5.3|7|8
60|71|0|388|5.3|5.3|7|8
60.1|71.05|0|388|5.3|5.3|7|8
60.2|71.05|0|388|5.3|5.3|7|8
60.3|71.04|0|388|5.3|5.3|7|8
60.4|71.02|0|388|5.3|5.3|7|8
60.5|71.02|0|388|5.3|5.3|7|8
60.6|71.02|0|388|5.3|5.3|7|8
60.7|71.02|0|388|5.3|5.3|7|8
60.8|71.05|0|388|5.3|5.3|7|8
60.9|71.06|0|388|5.3|5.3|7|8
61|71.05|0|388|5.3|5.3|7|8
61.1|71.04|0|388|5.3|5.3|7|8
61.2|71.04|0|388|5.3|5.3|7|8
61.3|71.02|0|388|5.3|5.3|7|8
61.4|71.04|0|388|5.3|5.3|7|8
61.5|71.02|0|388|5.3|5.3|7|8
61.6|71.02|0|388|5.3|5.3|7|8
61.7|71.02|0|388|5.3|5.3|7|8
61.8|71.02|0|388|5.3|5.3|7|8
61.9|71.02|0|388|5.3|5.3|7|8
62|71.02|0|388|5.3|5.3|7|8
62.1|71.02|0|388|5.3|5.3|7|8
62.2|71.02|0|388|5.3|5.3|7|8
62.3|71.02|0|388|5.3|5.3|7|8
62.4|71.02|0|388|5.3|5.3|7|8
62.5|71.02|0|388|5.3|5.3|7|8
62.6|71.04|0|388|5.3|5.3|7|8
62.7|71.02|0|388|5.3|5.3|7|8
62.8|71.02|0|388|5.3|5.3|7|8
62.9|71.02|0|388|5.3|5.3|7|8
63|71.02|0|388|5.3|5.3|7|8
63.1|71.04|0|388|5.3|5.3|7|8
63.2|71.06|0|388|5.3|5.3|7|8
63.3|71.01|0|388|5.3|5.3|7|8
63.4|71.01|0|388|5.3|5.3|7|8
63.5|70.98|0|388|5.3|5.3|7|8
63.6|71.01|0|388|5.3|5.3|7|8
63.7|71.01|0|396|5.3|5.3|7|8
63.8|70.97|0|399|5.3|5.3|7|8
63.9|70.97|0|400|5.3|5.3|7|8
64|70.97|0|400|5.4|5.3|7|8
64.1|71.02|0|401|5.3|5.3|7|8
64.2|71.04|0|401|5.3|5.3|7|8
64.3|71.04|0|401|5.3|5.3|7|8
64.4|71.05|0|401|5.4|5.3|7|8
64.5|71.05|0|401|5.3|5.3|7|8
64.6|71.01|0|400|5.3|5.3|7|8
64.7|71.01|0|400|5.3|5.3|7|8
64.8|71.01|0|400|5.3|5.3|7|8
64.9|71.02|0|400|5.3|5.3|7|8
65|71.05|0|400|5.4|5.3|7|8
65.1|71.05|0|400|5.3|5.3|7|8
65.2|71|0|400|5.4|5.3|7|8
65.3|70.96|0|400|5.3|5.3|7|8
65.4|70.98|0|400|5.3|5.3|7|8
65.5|70.97|0|400|5.3|5.3|7|8
65.6|70.97|0|400|5.3|5.3|7|8
65.7|71|0|400|5.3|5.3|7|8
65.8|71|0|400|5.4|5.3|7|8
65.9|71.01|0|400|5.3|5.3|7|8
66|71|0|400|5.3|5.3|7|8
66.1|71|0|400|5.3|5.3|7|8
66.2|71.01|0|400|5.3|5.3|8|8
66.3|71.13|0|400|5.4|5.4|8|8
66.4|70.87|0|400|5.3|5.3|8|8
66.5|70.96|0|400|5.3|5.3|8|8
66.6|71|0|400|5.3|5.3|8|8
66.7|70.97|0|400|5.3|5.3|8|8
66.8|70.86|0|400|5.3|5.3|8|8
66.9|70.97|0|400|5.3|5.3|8|8
67|70.97|0|400|5.3|5.3|8|8
67.1|71.01|0|400|5.3|5.3|8|8
67.2|70.92|0|400|5.3|5.3|8|8
67.3|70.94|0|400|5.3|5.3|8|8
67.4|70.96|0|400|5.3|5.3|8|8
67.5|70.94|0|400|5.3|5.3|8|8
67.6|70.96|0|400|5.3|5.3|8|8
67.7|70.98|0|400|5.3|5.3|8|8
67.8|71.01|0|400|5.3|5.3|8|8
67.9|70.96|0|400|5.3|5.3|8|8
68|70.89|0|400|5.3|5.3|8|8
68.1|70.96|0|400|5.3|5.3|8|8
68.2|71.34|0|400|5.2|5.2|8|8
68.3|74.3|0|400|5.2|5.2|8|8
68.4|77.3|0|400|5.2|5.2|8|8
68.5|80.38|0|400|5.2|5.2|8|8
68.6|83.4|0|400|5.2|5.2|8|8
68.7|86.35|0|400|5.2|5.2|8|8
68.8|89.3|0|400|5.2|5.2|8|8
68.9|92.29|0|400|5.2|5.2|8|8
69|94.55|0|400|5.2|5.2|8|8
