0|95.97|827|402|5|5|1|8
0.1|95.97|1039|400|5|5|1|8
0.2|95.98|1046|400|5|5|1|8
0.3|95.97|1049|400|5|5|1|8
0.4|95.98|1052|400|5|5|1|8
0.5|96|1054|400|5|5|2|8
0.6|95.73|1054|400|5|5|2|8
0.7|95.29|1059|400|5.1|5.1|2|8
0.8|94.82|1119|400|5.1|5.1|2|8
0.9|94.4|1147|399|5.1|5|2|8
1|93.88|1186|399|5.1|5.1|2|8
1.1|93.29|1216|399|5.1|5.1|2|8
1.2|92.87|1296|398|5.1|5.1|2|8
1.3|92.41|1706|397|5.1|5.1|3|8
1.4|92.11|1753|396|5.1|5.1|3|8
1.5|92.08|1768|395|5.1|5.1|3|8
1.6|91.97|1781|395|5.1|5.1|3|8
1.7|91.97|1794|395|5.1|5.1|3|8
1.8|91.96|1799|395|5.1|5.1|3|8
1.9|91.93|1804|395|5.1|5.1|3|8
2|91.92|1809|395|5.1|5.1|3|8
2.1|91.89|1812|395|5.1|5.1|3|8
2.2|91.92|1814|394|5.1|5.1|3|8
2.3|91.92|1814|394|5.1|5.1|3|8
2.4|91.9|1817|394|5.1|5.1|3|8
2.5|91.94|1820|394|5.1|5.1|3|8
2.6|91.92|1822|394|5.1|5.1|3|8
2.7|91.88|1825|394|5.1|5.1|3|8
2.8|91.89|1827|394|5.1|5.1|3|8
2.9|91.9|1827|394|5.1|5.1|3|8
3|91.93|1830|394|5.1|5.1|3|8
3.1|91.93|1832|394|5.1|5.1|3|8
3.2|91.89|1835|394|5.1|5.1|3|8
3.3|91.89|1835|394|5.1|5.1|4|8
3.4|92.01|1835|394|5.1|5.1|4|8
3.5|92.44|1789|395|5.1|5.1|4|8
3.6|92.91|1701|396|5.1|5.1|4|8
3.7|93.47|1570|396|5.1|5.1|4|8
3.8|93.86|1144|398|5.1|5.1|5|8
3.9|94.2|1090|398|5.1|5.1|5|8
4|94.2|1088|398|5.1|5.1|5|8
4.1|94.29|1085|398|5.1|5.1|5|8
4.2|94.29|1085|398|5.1|5.1|5|8
4.3|94.32|1080|399|5.1|5.1|5|8
4.4|94.33|1085|399|5.2|5.1|5|8
4.5|94.35|1085|399|5.2|5.1|5|8
4.6|94.35|1082|399|5.2|5.2|5|8
4.7|94.29|1082|399|5.2|5.2|5|8
4.8|94.27|1082|399|5.2|5.2|5|8
4.9|94.29|1082|399|5.2|5.2|5|8
5|94.32|1082|399|5.2|5.2|5|8
5.1|94.33|1082|399|5.2|5.2|5|8
5.2|94.33|1080|399|5.2|5.2|5|8
5.3|94.33|1082|399|5.2|5.2|5|8
5.4|94.32|1082|399|5.2|5.2|5|8
5.5|94.33|1082|398|5.2|5.2|5|8
5.6|94.35|1082|399|5.2|5.2|5|8
5.7|94.31|1082|399|5.2|5.2|5|8
5.8|94.28|1082|399|5.2|5.2|2|8
5.9|94.12|1082|399|5.2|5.2|2|8
6|93.77|1082|399|5.2|5.2|2|8
6.1|93.26|1082|399|5.2|5.2|2|8
6.2|92.87|1113|399|5.2|5.2|2|8
6.3|92.41|1552|398|5.2|5.2|2|8
6.4|92|1794|396|5.2|5.2|3|8
6.5|91.9|1820|395|5.2|5.2|3|8
6.6|91.78|1830|394|5.2|5.2|3|8
6.7|91.7|1838|394|5.2|5.2|3|8
6.8|91.62|1840|394|5.2|5.2|3|8
6.9|91.68|1843|394|5.2|5.2|3|8
7|91.66|1845|394|5.2|5.2|3|8
7.1|91.7|1848|394|5.2|5.2|3|8
7.2|91.66|1851|394|5.2|5.2|3|8
7.3|91.65|1851|394|5.2|5.2|3|8
7.4|91.68|1853|394|5.2|5.2|3|8
7.5|91.68|1853|394|5.2|5.2|3|8
7.6|91.66|1856|394|5.2|5.2|3|8
7.7|91.64|1856|394|5.2|5.2|3|8
7.8|91.68|1856|394|5.2|5.2|3|8
7.9|91.69|1858|394|5.2|5.2|3|8
8|91.66|1858|394|5.2|5.2|3|8
8.1|91.62|1858|394|5.2|5.2|3|8
8.2|91.66|1861|394|5.2|5.2|3|8
8.3|91.68|1861|394|5.2|5.2|3|8
8.4|91.73|1861|394|5.2|5.2|4|8
8.5|91.89|1858|394|5.2|5.2|4|8
8.6|92.33|1796|394|5.2|5.2|4|8
8.7|92.9|1291|396|5.2|5.2|5|8
8.8|93.26|1101|398|5.2|5.2|5|8
8.9|93.43|1093|398|5.2|5.2|5|8
9|93.5|1090|398|5.2|5.2|5|8
9.1|93.51|1088|398|5.3|5.2|5|8
9.2|93.51|1088|398|5.3|5.3|5|8
9.3|93.51|1085|398|5.3|5.3|5|8
9.4|93.51|1085|398|5.3|5.3|5|8
9.5|93.51|1085|398|5.3|5.3|5|8
9.6|93.51|1085|398|5.3|5.3|5|8
9.7|93.53|1085|398|5.3|5.3|5|8
9.8|93.57|1085|398|5.3|5.3|5|8
9.9|93.53|1082|398|5.3|5.3|5|8
10|93.51|1082|398|5.3|5.3|5|8
10.1|93.46|1082|398|5.3|5.3|5|8
10.2|93.51|1082|399|5.3|5.3|5|8
10.3|93.51|1082|398|5.3|5.3|5|8
10.4|93.53|1085|400|5.3|5.3|5|8
10.5|93.53|1090|407|5.3|5.3|5|8
10.6|93.54|1090|409|5.3|5.3|5|8
10.7|93.51|1090|410|5.3|5.3|2|8
10.8|93.45|1090|411|5.3|5.3|2|8
10.9|93.18|1090|411|5.3|5.3|2|8
11|92.75|1090|411|5.3|5.3|2|8
11.1|92.28|1564|411|5.3|5.3|3|8
11.2|91.94|1809|408|5.3|5.3|3|8
11.3|91.81|1843|408|5.3|5.3|3|8
11.4|91.78|1853|407|5.3|5.3|3|8
11.5|91.66|1863|407|5.3|5.3|3|8
11.6|91.62|1869|407|5.3|5.3|3|8
11.7|91.66|1871|407|5.3|5.3|3|8
11.8|91.65|1874|407|5.3|5.3|3|8
11.9|91.66|1874|407|5.3|5.3|3|8
12|91.66|1876|406|5.3|5.3|3|8
12.1|91.64|1876|406|5.3|5.3|3|8
12.2|91.66|1879|405|5.3|5.3|3|8
12.3|91.66|1879|405|5.3|5.3|3|8
12.4|91.66|1879|405|5.3|5.3|3|8
12.5|91.66|1884|406|5.3|5.3|3|8
12.6|91.68|1884|407|5.3|5.3|3|8
12.7|91.65|1884|407|5.3|5.3|3|8
12.8|91.64|1884|407|5.3|5.3|3|8
12.9|91.66|1884|406|5.3|5.3|3|8
13|91.66|1884|405|5.3|5.3|3|8
13.1|91.65|1887|405|5.3|5.3|4|8
13.2|91.73|1887|405|5.3|5.3|4|8
13.3|91.9|1884|405|5.3|5.3|4|8
13.4|92.48|1776|406|5.3|5.3|4|8
13.5|92.92|1183|408|5.3|5.3|5|8
13.6|93.23|1108|410|5.3|5.3|5|8
13.7|93.35|1103|411|5.3|5.3|5|8
13.8|93.46|1101|411|5.3|5.3|5|8
13.9|93.49|1101|411|5.3|5.3|5|8
14|93.47|1098|411|5.3|5.3|5|8
14.1|93.42|1098|411|5.4|5.3|5|8
14.2|93.45|1095|411|5.4|5.3|5|8
14.3|93.45|1095|411|5.4|5.4|5|8
14.4|93.45|1093|411|5.4|5.4|5|8
14.5|93.47|1093|411|5.4|5.4|5|8
14.6|93.51|1093|411|5.4|5.4|5|8
14.7|93.47|1093|411|5.4|5.4|5|8
14.8|93.42|1093|411|5.4|5.4|5|8
14.9|93.45|1093|411|5.4|5.4|5|8
15|93.46|1093|411|5.4|5.4|5|8
15.1|93.46|1093|411|5.4|5.4|5|8
15.2|93.49|1093|411|5.4|5.4|5|8
15.3|93.5|1093|411|5.4|5.4|5|8
15.4|93.46|1093|411|5.4|5.4|5|8
15.5|93.46|1093|411|5.4|5.4|2|8
15.6|93.38|1093|411|5.4|5.4|2|8
15.7|93.04|1093|411|5.4|5.4|2|8
15.8|92.66|1093|412|5.4|5.4|2|8
15.9|92.12|1531|411|5.4|5.4|2|8
16|91.84|1843|408|5.4|5.4|3|8
16.1|91.62|1871|408|5.4|5.4|3|8
16.2|91.53|1881|407|5.4|5.4|3|8
16.3|91.45|1887|407|5.4|5.4|3|8
16.4|91.45|1889|406|5.4|5.4|3|8
16.5|91.46|1892|406|5.4|5.4|3|8
16.6|91.47|1894|407|5.4|5.4|3|8
16.7|91.46|1894|406|5.4|5.4|3|8
16.8|91.46|1894|405|5.4|5.4|3|8
16.9|91.43|1894|405|5.4|5.4|3|8
17|91.49|1897|405|5.4|5.4|3|8
17.1|91.46|1899|405|5.4|5.4|3|8
17.2|91.46|1899|405|5.4|5.4|3|8
17.3|91.46|1902|406|5.4|5.4|3|8
17.4|91.46|1902|406|5.4|5.4|3|8
17.5|91.46|1902|406|5.4|5.4|3|8
17.6|91.46|1902|406|5.4|5.4|3|8
17.7|91.46|1902|406|5.4|5.4|3|8
17.8|91.46|1905|406|5.4|5.4|3|8
17.9|91.46|1905|406|5.4|5.4|3|8
18|91.5|1905|406|5.4|5.4|4|8
18.1|91.78|1902|406|5.4|5.4|4|8
18.2|92.13|1848|406|5.4|5.4|4|8
18.3|92.68|1273|408|5.4|5.4|5|8
18.4|93.04|1113|411|5.4|5.4|5|8
18.5|93.17|1113|412|5.4|5.4|5|8
18.6|93.11|1111|413|5.4|5.4|5|8
18.7|93.27|1108|414|5.4|5.4|5|8
18.8|93.35|1108|414|5.4|5.4|5|8
18.9|93.22|1106|414|5.4|5.4|5|8
19|93.27|1106|415|5.4|5.4|5|8
19.1|93.27|1103|414|5.4|5.4|5|8
19.2|93.26|1103|414|5.4|5.4|5|8
19.3|93.23|1101|414|5.4|5.4|5|8
19.4|93.26|1101|414|5.4|5.4|5|8
19.5|93.26|1101|414|5.4|5.4|5|8
19.6|93.26|1101|414|5.4|5.4|5|8
19.7|93.25|1101|414|5.4|5.4|5|8
19.8|93.3|1101|414|5.4|5.4|5|8
19.9|93.22|1101|414|5.4|5.4|5|8
20|93.26|1101|414|5.4|5.4|5|8
20.1|93.26|1098|414|5.4|5.4|5|8
20.2|93.29|1098|414|5.4|5.4|5|8
20.3|93.27|1098|414|5.4|5.4|2|8
20.4|93.23|1101|414|5.4|5.4|2|8
20.5|92.9|1106|418|5.4|5.4|2|8
20.6|92.45|1149|420|5.4|5.4|2|8
20.7|92|1765|418|5.4|5.4|3|8
20.8|91.78|1879|417|5.4|5.4|3|8
20.9|91.61|1902|416|5.4|5.4|3|8
21|91.54|1912|416|5.4|5.4|3|8
21.1|91.56|1920|416|5.4|5.4|3|8
21.2|91.49|1925|416|5.4|5.4|3|8
21.3|91.5|1928|416|5.4|5.4|3|8
21.4|91.51|1930|416|5.4|5.4|3|8
21.5|91.51|1930|416|5.4|5.4|3|8
21.6|91.51|1930|416|5.4|5.4|3|8
21.7|91.51|1933|416|5.4|5.4|3|8
21.8|91.51|1933|416|5.4|5.4|3|8
21.9|91.5|1933|416|5.4|5.4|3|8
22|91.47|1933|416|5.4|5.4|3|8
22.1|91.5|1933|416|5.4|5.4|3|8
22.2|91.51|1933|416|5.4|5.4|3|8
22.3|91.51|1933|416|5.4|5.4|3|8
22.4|91.51|1933|416|5.4|5.4|3|8
22.5|91.5|1933|416|5.4|5.4|3|8
22.6|91.5|1933|416|5.4|5.4|3|8
22.7|91.49|1936|416|5.4|5.4|4|8
22.8|91.66|1936|416|5.4|5.4|4|8
22.9|91.9|1930|416|5.4|5.4|4|8
23|92.51|1771|417|5.4|5.4|4|8
23.1|92.92|1134|419|5.4|5.4|5|8
23.2|93.18|1121|420|5.4|5.4|5|8
23.3|93.18|1116|421|5.4|5.4|5|8
23.4|93.18|1116|421|5.4|5.4|5|8
23.5|93.29|1113|422|5.4|5.4|5|8
23.6|93.23|1113|421|5.4|5.4|5|8
23.7|93.23|1111|421|5.4|5.4|5|8
23.8|93.3|1111|421|5.4|5.4|5|8
23.9|93.23|1108|421|5.4|5.4|5|8
24|93.26|1108|420|5.4|5.4|5|8
24.1|93.27|1108|420|5.4|5.4|5|8
24.2|93.23|1106|420|5.4|5.4|5|8
24.3|93.25|1106|420|5.4|5.4|5|8
24.4|93.25|1106|420|5.4|5.4|5|8
24.5|93.26|1106|421|5.4|5.4|5|8
24.6|93.27|1106|421|5.4|5.4|5|8
24.7|93.34|1106|420|5.4|5.4|5|8
24.8|93.17|1103|420|5.4|5.4|5|8
24.9|93.26|1106|420|5.4|5.4|5|8
25|93.29|1106|420|5.4|5.4|5|8
25.1|93.25|1106|420|5.4|5.4|2|8
25.2|93.07|1103|420|5.4|5.4|2|8
25.3|92.68|1106|420|5.4|5.4|2|8
25.4|92.17|1593|420|5.4|5.4|3|8
25.5|91.93|1856|418|5.4|5.4|3|8
25.6|91.78|1892|416|5.4|5.4|3|8
25.7|91.64|1905|416|5.4|5.4|3|8
25.8|91.6|1912|416|5.4|5.4|3|8
25.9|91.58|1918|416|5.4|5.4|3|8
26|91.58|1923|416|5.4|5.4|3|8
26.1|91.58|1925|416|5.4|5.4|3|8
26.2|91.6|1930|416|5.4|5.4|3|8
26.3|91.61|1930|416|5.4|5.4|3|8
26.4|91.61|1933|416|5.4|5.4|3|8
26.5|91.61|1933|416|5.4|5.4|3|8
26.6|91.6|1936|416|5.4|5.4|3|8
26.7|91.61|1936|416|5.4|5.4|3|8
26.8|91.6|1938|416|5.4|5.4|3|8
26.9|91.61|1938|416|5.4|5.4|3|8
27|91.61|1938|416|5.4|5.4|3|8
27.1|91.6|1938|416|5.4|5.4|3|8
27.2|91.62|1941|416|5.4|5.4|3|8
27.3|91.6|1941|416|5.4|5.4|3|8
27.4|91.61|1941|415|5.4|5.4|4|8
27.5|91.72|1941|415|5.4|5.4|4|8
27.6|91.9|1938|415|5.4|5.4|4|8
27.7|92.32|1887|416|5.4|5.4|4|8
27.8|92.91|1191|416|5.4|5.4|5|8
27.9|93.14|1119|418|5.4|5.4|5|8
28|93.33|1116|419|5.4|5.4|5|8
28.1|93.38|1113|419|5.4|5.4|5|8
28.2|93.35|1113|419|5.4|5.4|5|8
28.3|93.38|1111|419|5.4|5.4|5|8
28.4|93.41|1111|420|5.4|5.4|5|8
28.5|93.41|1108|420|5.4|5.4|5|8
28.6|93.43|1108|420|5.4|5.4|5|8
28.7|93.42|1106|420|5.4|5.4|5|8
28.8|93.39|1106|420|5.4|5.4|5|8
28.9|93.37|1106|420|5.4|5.4|5|8
29|93.39|1106|420|5.4|5.4|5|8
29.1|93.41|1106|420|5.4|5.4|5|8
29.2|93.41|1106|420|5.4|5.4|5|8
29.3|93.42|1106|419|5.4|5.4|5|8
29.4|93.42|1106|419|5.4|5.4|5|8
29.5|93.38|1106|419|5.4|5.4|5|8
29.6|93.41|1103|420|5.4|5.4|5|8
29.7|93.42|1103|420|5.4|5.4|5|8
29.8|93.42|1103|420|5.4|5.4|2|8
29.9|93.31|1103|419|5.4|5.4|2|8
30|92.98|1103|419|5.4|5.4|2|8
30.1|92.6|1131|419|5.4|5.4|2|8
30.2|92.12|1820|418|5.4|5.4|3|8
30.3|91.94|1874|416|5.4|5.4|3|8
30.4|91.82|1902|416|5.4|5.4|3|8
30.5|91.76|1920|416|5.4|5.4|3|8
30.6|91.77|1930|416|5.4|5.4|3|8
30.7|91.7|1938|416|5.4|5.4|3|8
30.8|91.66|1941|416|5.4|5.4|3|8
30.9|91.68|1943|415|5.4|5.4|3|8
31|91.68|1948|415|5.4|5.4|3|8
31.1|91.7|1948|415|5.4|5.4|3|8
31.2|91.69|1951|415|5.4|5.4|3|8
31.3|91.72|1951|415|5.4|5.4|3|8
31.4|91.73|1951|415|5.4|5.4|3|8
31.5|91.72|1954|415|5.4|5.4|3|8
31.6|91.68|1954|415|5.4|5.4|3|8
31.7|91.72|1954|415|5.4|5.4|3|8
31.8|91.73|1954|414|5.4|5.4|3|8
31.9|91.7|1954|414|5.4|5.4|3|8
32|91.69|1954|414|5.4|5.4|3|8
32.1|91.69|1954|414|5.4|5.4|3|8
32.2|91.72|1954|414|5.4|5.4|4|8
32.3|91.82|1954|414|5.4|5.4|4|8
32.4|92.11|1936|414|5.4|5.4|4|8
32.5|92.67|1856|414|5.4|5.4|4|8
32.6|93.19|1139|417|5.4|5.4|5|8
32.7|93.49|1121|418|5.4|5.4|5|8
32.8|93.54|1119|418|5.4|5.4|5|8
32.9|93.54|1116|418|5.4|5.4|5|8
33|93.57|1113|418|5.4|5.4|5|8
33.1|93.61|1113|418|5.4|5.4|5|8
33.2|93.64|1113|418|5.4|5.4|5|8
33.3|93.65|1111|418|5.4|5.4|5|8
33.4|93.58|1111|419|5.4|5.4|5|8
33.5|93.55|1111|420|5.4|5.4|5|8
33.6|93.6|1108|420|5.4|5.4|5|8
33.7|93.62|1108|420|5.4|5.4|5|8
33.8|93.66|1108|420|5.4|5.4|5|8
33.9|93.66|1108|419|5.4|5.4|5|8
34|93.54|1108|418|5.4|5.4|5|8
34.1|93.57|1108|418|5.4|5.4|5|8
34.2|93.61|1108|418|5.4|5.4|5|8
34.3|93.61|1108|419|5.4|5.4|5|8
34.4|93.61|1108|418|5.4|5.4|5|8
34.5|93.62|1111|420|5.4|5.4|5|8
34.6|93.66|1113|420|5.4|5.4|2|8
34.7|93.43|1116|422|5.4|5.4|2|8
34.8|93.06|1116|421|5.4|5.4|2|8
34.9|92.66|1214|421|5.4|5.4|2|8
35|92.13|1822|420|5.4|5.4|3|8
35.1|91.93|1889|418|5.4|5.4|3|8
35.2|91.88|1918|418|5.4|5.4|3|8
35.3|91.82|1933|418|5.4|5.4|3|8
35.4|91.77|1943|418|5.4|5.4|3|8
35.5|91.73|1951|418|5.4|5.4|3|8
35.6|91.68|1956|419|5.4|5.4|3|8
35.7|91.68|1961|418|5.4|5.4|3|8
35.8|91.7|1964|419|5.4|5.4|3|8
35.9|91.68|1966|419|5.4|5.4|3|8
36|91.68|1969|418|5.4|5.4|3|8
36.1|91.69|1969|419|5.4|5.4|3|8
36.2|91.69|1969|420|5.4|5.4|3|8
36.3|91.69|1972|420|5.4|5.4|3|8
36.4|91.72|1969|420|5.4|5.4|3|8
36.5|91.7|1972|420|5.4|5.4|3|8
36.6|91.69|1972|419|5.4|5.4|3|8
36.7|91.65|1972|419|5.4|5.4|3|8
36.8|91.7|1972|419|5.4|5.4|3|8
36.9|91.7|1972|418|5.4|5.4|3|8
37|91.66|1972|418|5.4|5.4|4|8
37.1|91.8|1972|418|5.4|5.4|4|8
37.2|92.05|1954|418|5.4|5.4|4|8
37.3|92.58|1918|419|5.4|5.4|4|8
37.4|93.17|1162|420|5.4|5.4|2|8
37.5|93.19|1131|422|5.4|5.4|2|8
37.6|93.27|1129|422|5.4|5.4|2|8
37.7|93.18|1129|422|5.4|5.4|2|8
37.8|93.02|1126|423|5.4|5.4|2|8
37.9|92.96|1124|423|5.4|5.4|2|8
38|92.99|1124|422|5.4|5.4|2|8
38.1|93.04|1121|422|5.4|5.4|2|8
38.2|92.94|1121|422|5.4|5.4|2|8
38.3|92.8|1119|422|5.4|5.4|2|8
38.4|92.76|1188|422|5.4|5.4|2|8
38.5|92.66|1276|422|5.4|5.4|2|8
38.6|92.66|1173|422|5.4|5.4|2|8
38.7|92.64|1263|423|5.4|5.4|2|8
38.8|92.49|1309|423|5.4|5.4|2|8
38.9|92.36|1222|422|5.4|5.4|2|8
39|92.39|1219|422|5.4|5.4|2|8
39.1|92.37|1330|422|5.4|5.4|2|8
39.2|92.2|1670|422|5.4|5.4|2|8
39.3|92.31|1735|422|5.4|5.4|2|8
39.4|92.33|1709|422|5.4|5.4|2|8
39.5|92.55|1173|422|5.4|5.4|2|8
39.6|92.58|1124|422|5.4|5.4|2|8
39.7|92.66|1124|423|5.4|5.4|2|8
39.8|92.64|1121|423|5.4|5.4|2|8
39.9|92.67|1119|423|5.4|5.4|2|8
40|92.62|1116|422|5.4|5.4|2|8
40.1|92.37|1119|423|5.4|5.4|2|8
40.2|92.39|1116|422|5.4|5.4|2|8
40.3|92.39|1126|422|5.4|5.4|2|8
40.4|92.39|1142|422|5.4|5.4|2|8
40.5|92.2|1356|422|5.4|5.4|2|8
40.6|92.15|1366|422|5.4|5.4|2|8
40.7|92.07|1219|422|5.4|5.4|2|8
40.8|92.07|1121|422|5.4|5.4|2|8
40.9|92.11|1415|422|5.4|5.4|2|8
41|92.02|1580|422|5.4|5.4|2|8
41.1|92.04|1152|422|5.4|5.4|2|8
41.2|92.01|1121|422|5.4|5.4|2|8
41.3|92.11|1121|422|5.4|5.4|2|8
41.4|92.09|1119|422|5.4|5.4|2|8
41.5|92|1479|422|5.4|5.4|2|8
41.6|91.96|1477|421|5.4|5.4|2|8
41.7|91.92|1137|422|5.4|5.4|2|8
41.8|91.92|1119|422|5.4|5.4|2|8
41.9|91.97|1116|422|5.4|5.4|2|8
42|91.93|1497|422|5.4|5.4|2|8
42.1|91.85|1647|422|5.4|5.4|2|8
42.2|91.9|1152|422|5.4|5.4|2|8
42.3|91.97|1119|423|5.4|5.4|2|8
42.4|92.02|1116|424|5.4|5.4|2|8
42.5|91.98|1116|423|5.4|5.4|2|8
42.6|91.9|1116|423|5.4|5.4|2|8
42.7|91.84|1299|423|5.4|5.4|2|8
42.8|91.8|1552|422|5.4|5.4|2|8
42.9|91.82|1678|422|5.4|5.4|2|8
43|91.98|1173|423|5.4|5.4|2|8
43.1|92.04|1121|422|5.4|5.4|2|8
43.2|92.04|1119|422|5.4|5.4|2|8
43.3|92.08|1119|423|5.4|5.4|2|8
43.4|92.08|1119|423|5.4|5.4|2|8
43.5|91.98|1119|423|5.4|5.4|2|8
43.6|91.93|1116|423|5.4|5.4|2|8
43.7|91.88|1119|423|5.4|5.4|2|8
43.8|91.82|1392|423|5.4|5.4|2|8
43.9|91.77|1554|422|5.4|5.4|2|8
44|91.77|1131|422|5.4|5.4|2|8
44.1|91.77|1113|423|5.4|5.4|2|8
44.2|91.8|1113|423|5.4|5.4|2|8
44.3|91.78|1113|422|5.4|5.4|2|8
44.4|91.64|1521|422|5.4|5.4|2|8
44.5|91.65|1407|422|5.4|5.4|2|8
44.6|91.76|1137|422|5.4|5.4|2|8
44.7|91.62|1351|422|5.4|5.4|2|8
44.8|91.61|1253|422|5.4|5.4|2|8
44.9|91.58|1575|423|5.4|5.4|2|8
45|91.51|1131|422|5.4|5.4|2|8
45.1|91.51|1119|422|5.4|5.4|2|8
45.2|91.57|1119|423|5.4|5.4|2|8
45.3|91.5|1361|423|5.4|5.4|2|8
45.4|91.47|1394|424|5.4|5.4|2|8
45.5|91.39|1438|423|5.4|5.4|2|8
45.6|91.35|1193|424|5.4|5.4|2|8
45.7|91.35|1121|424|5.4|5.4|2|8
45.8|91.39|1152|423|5.4|5.4|2|8
45.9|91.3|1209|422|5.4|5.4|2|8
46|91.26|1196|423|5.4|5.4|2|8
46.1|91.17|1296|423|5.4|5.4|2|8
46.2|91.03|1216|422|5.4|5.4|2|8
46.3|91.06|1271|423|5.4|5.4|2|8
46.4|91|1232|422|5.4|5.4|2|8
46.5|90.91|1312|422|5.4|5.4|2|8
46.6|90.87|1253|422|5.4|5.4|2|8
46.7|90.78|1175|423|5.4|5.4|2|8
46.8|90.7|1188|423|5.4|5.4|2|8
46.9|90.59|1265|423|5.4|5.4|2|8
47|90.59|1165|423|5.4|5.4|2|8
47.1|90.49|1219|422|5.4|5.4|2|8
47.2|90.45|1201|422|5.4|5.4|2|8
47.3|90.36|1180|422|5.4|5.4|2|8
47.4|90.36|1155|422|5.4|5.4|2|8
47.5|90.23|1240|422|5.4|5.4|2|8
47.6|90.17|1240|422|5.4|5.4|2|8
47.7|90.05|1168|422|5.4|5.4|2|8
47.8|90.03|1147|422|5.4|5.4|2|8
47.9|89.9|1139|422|5.4|5.4|2|8
48|89.88|1157|423|5.4|5.4|2|8
48.1|89.78|1168|424|5.4|5.4|2|8
48.2|89.73|1201|424|5.4|5.4|2|8
48.3|89.61|1276|423|5.4|5.4|2|8
48.4|89.49|1173|423|5.4|5.4|2|8
48.5|89.53|1147|423|5.4|5.4|2|8
48.6|89.43|1149|423|5.4|5.4|2|8
48.7|89.33|1273|424|5.4|5.4|2|8
48.8|89.18|1211|424|5.4|5.4|2|8
48.9|89.17|1168|424|5.4|5.4|2|8
49|89.07|1240|424|5.4|5.4|2|8
49.1|88.97|1332|424|5.4|5.4|2|8
49.2|88.9|1155|424|5.4|5.4|2|8
49.3|88.8|1206|424|5.4|5.4|2|8
49.4|88.74|1157|424|5.4|5.4|2|8
49.5|88.62|1214|425|5.4|5.4|2|8
49.6|88.51|1235|425|5.4|5.4|2|8
49.7|88.43|1209|424|5.4|5.4|2|8
49.8|88.31|1466|424|5.4|5.4|2|8
49.9|88.27|1402|424|5.4|5.4|2|8
50|88.12|1289|423|5.4|5.4|2|8
50.1|88.04|1170|424|5.4|5.4|2|8
50.2|87.92|1222|424|5.4|5.4|2|8
50.3|87.86|1201|424|5.4|5.4|2|8
50.4|87.7|1168|424|5.4|5.4|2|8
50.5|87.62|1162|424|5.4|5.4|2|8
50.6|87.57|1281|424|5.4|5.4|2|8
50.7|87.39|1276|424|5.4|5.4|2|8
50.8|87.33|1237|424|5.4|5.4|2|8
50.9|87.21|1237|424|5.4|5.4|2|8
51|87.13|1214|424|5.4|5.4|2|8
51.1|87.02|1232|424|5.4|5.4|2|8
51.2|86.93|1155|424|5.4|5.4|2|8
51.3|86.76|1286|425|5.4|5.4|2|8
51.4|86.68|1245|424|5.4|5.4|2|8
51.5|86.58|1255|424|5.4|5.4|2|8
51.6|86.42|1242|424|5.4|5.4|2|8
51.7|86.27|1281|424|5.4|5.4|2|8
51.8|86.19|1258|424|5.4|5.4|2|8
51.9|86.08|1247|424|5.4|5.4|2|8
52|85.93|1250|424|5.4|5.4|2|8
52.1|85.88|1237|424|5.4|5.4|2|8
52.2|85.73|1325|423|5.4|5.4|2|8
52.3|85.54|1188|422|5.4|5.4|2|8
52.4|85.45|1216|424|5.4|5.4|2|8
52.5|85.29|1237|424|5.4|5.4|2|8
52.6|85.21|1296|422|5.4|5.4|2|8
52.7|85.06|1242|421|5.4|5.4|2|8
52.8|84.94|1237|420|5.4|5.4|2|8
52.9|84.8|1250|420|5.4|5.4|2|8
53|84.6|1307|420|5.4|5.4|2|8
53.1|84.44|1240|422|5.4|5.4|2|8
53.2|84.38|1209|422|5.4|5.4|2|8
53.3|84.24|1312|422|5.4|5.4|2|8
53.4|84.12|1325|422|5.4|5.4|2|8
53.5|83.88|1379|421|5.4|5.4|2|8
53.6|83.83|1165|421|5.4|5.4|2|8
53.7|83.66|1214|421|5.4|5.4|2|8
53.8|83.48|1278|422|5.4|5.4|2|8
53.9|83.33|1186|422|5.4|5.4|2|8
54|83.18|1332|421|5.4|5.4|2|8
54.1|83.06|1340|421|5.4|5.4|2|8
54.2|82.86|1309|422|5.4|5.4|2|8
54.3|82.72|1304|422|5.4|5.4|2|8
54.4|82.55|1273|424|5.4|5.4|2|8
54.5|82.38|1198|424|5.4|5.4|2|8
54.6|82.17|1268|424|5.4|5.4|2|8
54.7|82.09|1170|424|5.4|5.4|2|8
54.8|81.88|1235|424|5.4|5.4|2|8
54.9|81.72|1204|424|5.4|5.4|2|8
55|81.48|1216|424|5.4|5.4|2|8
55.1|81.34|1420|426|5.4|5.4|2|8
55.2|81.18|1188|424|5.4|5.4|2|8
55.3|81.02|1348|426|5.4|5.4|2|8
55.4|80.82|1302|426|5.4|5.4|2|8
55.5|80.6|1436|424|5.4|5.4|2|8
55.6|80.43|1183|424|5.4|5.4|2|8
55.7|80.23|1286|424|5.4|5.4|2|8
55.8|80.07|1456|424|5.4|5.4|2|8
55.9|79.84|1320|424|5.4|5.4|2|8
56|79.67|1428|424|5.4|5.4|6|8
56.1|78.56|1907|423|5.4|5.4|6|8
56.2|75.95|2023|422|5.4|5.4|6|8
56.3|73.04|119|422|5.4|5.4|7|8
56.4|70.67|0|422|5.4|5.4|7|8
56.5|69.61|0|422|5.4|5.4|7|8
56.6|69.1|0|422|5.4|5.4|7|8
56.7|68.85|0|422|5.4|5.4|7|8
56.8|68.67|0|422|5.4|5.4|7|8
56.9|68.66|0|423|5.4|5.4|7|8
57|68.63|0|424|5.4|5.4|7|8
57.1|68.66|0|423|5.4|5.4|7|8
57.2|68.71|0|423|5.4|5.4|7|8
57.3|68.66|0|422|5.4|5.4|7|8
57.4|68.71|0|422|5.4|5.4|7|8
57.5|68.67|0|422|5.4|5.4|7|8
57.6|68.69|0|423|5.4|5.4|7|8
57.7|68.66|0|423|5.4|5.4|7|8
57.8|68.63|0|423|5.4|5.4|7|8
57.9|68.65|0|423|5.4|5.4|7|8
58|68.66|0|422|5.4|5.4|7|8
58.1|68.65|0|422|5.4|5.4|7|8
58.2|68.69|0|422|5.4|5.4|7|8
58.3|68.67|0|422|5.4|5.4|7|8
58.4|68.67|0|422|5.4|5.4|7|8
58.5|68.65|0|422|5.4|5.4|7|8
58.6|68.66|0|423|5.4|5.4|7|8
58.7|68.65|0|423|5.4|5.4|7|8
58.8|68.67|0|424|5.4|5.4|7|8
58.9|68.67|0|424|5.4|5.4|7|8
59|68.66|0|424|5.4|5.4|7|8
59.1|68.65|0|424|5.4|5.4|7|8
59.2|68.66|0|424|5.4|5.4|7|8
59.3|68.66|0|424|5.4|5.4|7|8
59.4|68.66|0|424|5.4|5.4|7|8
59.5|68.66|0|424|5.4|5.4|7|8
59.6|68.65|0|423|5.4|5.4|7|8
59.7|68.66|0|423|5.4|5.4|7|8
59.8|68.66|0|423|5.4|5.4|7|8
59.9|68.66|0|423|5.4|5.4|7|8
60|68.65|0|424|5.4|5.4|7|8
60.1|68.66|0|423|5.4|5.4|7|8
60.2|68.66|0|423|5.4|5.4|7|8
60.3|68.66|0|424|5.4|5.4|7|8
60.4|68.65|0|424|5.4|5.4|7|8
60.5|68.66|0|424|5.4|5.4|7|8
60.6|68.66|0|424|5.4|5.4|7|8
60.7|68.65|0|424|5.4|5.4|7|8
60.8|68.65|0|423|5.4|5.4|7|8
60.9|68.65|0|424|5.4|5.4|7|8
61|68.66|0|424|5.4|5.4|7|8
61.1|68.66|0|424|5.4|5.4|7|8
61.2|68.66|0|424|5.4|5.4|7|8
61.3|68.66|0|424|5.4|5.4|7|8
61.4|68.66|0|424|5.4|5.4|7|8
61.5|68.67|0|424|5.4|5.4|7|8
61.6|68.73|0|424|5.4|5.4|7|8
61.7|68.73|0|423|5.4|5.4|7|8
61.8|68.62|0|424|5.4|5.4|7|8
61.9|68.63|0|424|5.4|5.4|7|8
62|68.65|0|424|5.4|5.4|7|8
62.1|68.66|0|424|5.4|5.4|7|8
62.2|68.66|0|424|5.4|5.4|7|8
62.3|68.67|0|424|5.4|5.4|7|8
62.4|68.67|0|424|5.4|5.4|7|8
62.5|68.65|0|424|5.4|5.4|7|8
62.6|68.63|0|424|5.4|5.4|7|8
62.7|68.66|0|424|5.4|5.4|7|8
62.8|68.63|0|424|5.4|5.4|7|8
62.9|68.65|0|424|5.4|5.4|7|8
63|68.63|0|424|5.4|5.4|7|8
63.1|68.65|0|424|5.4|5.4|7|8
63.2|68.63|0|424|5.4|5.4|7|8
63.3|68.63|0|424|5.4|5.4|7|8
63.4|68.65|0|424|5.4|5.4|7|8
63.5|68.65|0|424|5.4|5.4|7|8
63.6|68.65|0|424|5.4|5.4|7|8
63.7|68.66|0|424|5.4|5.4|7|8
63.8|68.67|0|424|5.4|5.4|7|8
63.9|68.69|0|424|5.4|5.4|7|8
64|68.65|0|424|5.4|5.4|7|8
64.1|68.63|0|424|5.4|5.4|7|8
64.2|68.63|0|424|5.4|5.4|7|8
64.3|68.62|0|423|5.4|5.4|7|8
64.4|68.65|0|422|5.4|5.4|7|8
64.5|68.66|0|422|5.4|5.4|7|8
64.6|68.66|0|423|5.4|5.4|7|8
64.7|68.63|0|423|5.4|5.4|7|8
64.8|68.62|0|423|5.4|5.4|7|8
64.9|68.63|0|423|5.4|5.4|7|8
65|68.63|0|424|5.4|5.4|7|8
65.1|68.63|0|424|5.4|5.4|7|8
65.2|68.62|0|424|5.4|5.4|7|8
65.3|68.65|0|424|5.4|5.4|7|8
65.4|68.66|0|424|5.4|5.4|7|8
65.5|68.66|0|424|5.4|5.4|7|8
65.6|68.61|0|425|5.4|5.4|7|8
65.7|68.63|0|424|5.4|5.4|7|8
65.8|68.65|0|424|5.4|5.4|7|8
65.9|68.66|0|424|5.4|5.4|7|8
66|68.62|0|424|5.4|5.4|7|8
66.1|68.65|0|424|5.4|5.4|7|8
66.2|68.63|0|424|5.4|5.4|7|8
66.3|68.63|0|424|5.4|5.4|7|8
66.4|68.62|0|424|5.4|5.4|7|8
66.5|68.63|0|424|5.4|5.4|7|8
66.6|68.65|0|424|5.4|5.4|7|8
66.7|68.69|0|424|5.4|5.4|7|8
66.8|68.62|0|424|5.4|5.4|7|8
66.9|68.63|0|424|5.4|5.4|7|8
67|68.61|0|424|5.4|5.4|7|8
67.1|68.62|0|424|5.4|5.4|7|8
67.2|68.63|0|424|5.4|5.4|7|8
67.3|68.65|0|424|5.4|5.4|7|8
67.4|68.65|0|424|5.4|5.4|7|8
67.5|68.63|0|424|5.4|5.4|7|8
67.6|68.62|0|424|5.4|5.4|7|8
67.7|68.65|0|424|5.4|5.4|7|8
67.8|68.66|0|424|5.4|5.4|7|8
67.9|68.63|0|424|5.4|5.4|7|8
68|68.63|0|424|5.4|5.4|7|8
68.1|68.65|0|423|5.4|5.4|7|8
68.2|68.63|0|423|5.4|5.4|7|8
68.3|68.63|0|424|5.4|5.4|7|8
68.4|68.63|0|424|5.4|5.4|7|8
68.5|68.62|0|425|5.4|5.4|7|8
68.6|68.62|0|426|5.4|5.4|7|8
68.7|68.59|0|426|5.4|5.4|7|8
68.8|68.61|0|426|5.4|5.4|7|8
68.9|68.63|0|426|5.4|5.4|7|8
69|68.69|0|426|5.4|5.4|7|8
69.1|68.63|0|426|5.4|5.4|7|8
69.2|68.62|0|426|5.4|5.4|7|8
69.3|68.61|0|426|5.4|5.4|8|8
69.4|68.63|0|426|5.3|5.3|8|8
69.5|68.55|0|426|5.4|5.4|8|8
69.6|68.53|0|426|5.4|5.4|8|8
69.7|68.63|0|426|5.4|5.4|8|8
69.8|68.61|0|426|5.4|5.4|8|8
69.9|68.61|0|427|5.4|5.4|8|8
70|68.55|0|428|5.4|5.3|8|8
70.1|68.55|0|428|5.3|5.3|8|8
70.2|68.62|0|428|5.3|5.3|8|8
70.3|68.59|0|427|5.3|5.3|8|8
70.4|68.62|0|428|5.3|5.3|8|8
70.5|68.58|0|428|5.2|5.2|8|8
70.6|68.53|0|428|5.2|5.2|8|8
70.7|68.62|0|428|5.3|5.3|8|8
70.8|68.63|0|428|5.2|5.2|8|8
70.9|68.58|0|428|5.2|5.2|8|8
71|68.53|0|428|5.2|5.2|8|8
71.1|68.62|0|428|5.2|5.2|8|8
71.2|68.61|0|429|5.2|5.2|8|8
71.3|68.84|0|429|5.2|5.2|8|8
71.4|71.55|0|428|5.2|5.2|8|8
71.5|74.55|0|428|5.2|5.2|8|8
71.6|77.54|0|428|5.2|5.2|8|8
71.7|80.54|0|428|5.2|5.2|8|8
71.8|83.49|0|428|5.1|5.1|8|8
71.9|86.4|0|428|5.1|5.1|8|8
72|89.3|0|428|5.1|5.1|8|8
72.1|92.27|0|429|5.1|5.1|8|8
72.2|94.47|0|428|5.1|5.1|8|8
72.3|95.38|0|428|5.1|5.1|8|8
72.4|95.8|0|429|5.1|5.1|8|8
