0|96.05|845|404|5|5|1|8
0.1|96.05|1049|408|5|5|1|8
0.2|96.06|1057|408|5|5|1|8
0.3|96.08|1064|408|5|5|1|8
0.4|96.09|1064|408|5|5|1|8
0.5|96.05|1070|408|5|5|2|8
0.6|95.77|1137|409|5|5|2|8
0.7|95.37|1606|410|5|5|3|8
0.8|95.1|1750|412|5|5|3|8
0.9|94.95|1765|412|5|5|3|8
1|94.88|1778|412|5|5|3|8
1.1|94.72|1784|412|5|5|3|8
1.2|94.72|1789|412|5|5|3|8
1.3|94.74|1791|412|5|5|3|8
1.4|94.72|1794|412|5|5|3|8
1.5|94.74|1796|412|5|5|3|8
1.6|94.74|1799|412|5|5|3|8
1.7|94.74|1802|412|5|5|3|8
1.8|94.76|1804|412|5|5|3|8
1.9|94.72|1804|412|5|5|3|8
2|94.75|1807|412|5|5|3|8
2.1|94.75|1807|412|5.1|5|3|8
2.2|94.74|1809|412|5.1|5.1|3|8
2.3|94.76|1809|412|5.1|5.1|3|8
2.4|94.74|1812|412|5.1|5.1|3|8
2.5|94.74|1814|412|5.1|5.1|3|8
2.6|94.7|1814|412|5.1|5.1|3|8
2.7|94.7|1814|412|5.1|5.1|4|8
2.8|94.8|1817|412|5.1|5.1|4|8
2.9|95.07|1807|412|5.1|5.1|4|8
3|95.53|1358|412|5.1|5.1|5|8
3.1|95.9|1093|410|5.1|5.1|5|8
3.2|96.09|1088|409|5.1|5.1|5|8
3.3|96.13|1088|408|5.1|5.1|5|8
3.4|96.14|1088|408|5.1|5.1|5|8
3.5|96.14|1085|408|5.1|5.1|5|8
3.6|96.13|1088|408|5.1|5.1|5|8
3.7|96.12|1088|408|5.1|5.1|5|8
3.8|96.06|1088|408|5.1|5.1|5|8
3.9|96.12|1088|408|5.1|5.1|5|8
4|96.16|1088|408|5.1|5.1|5|8
4.1|96.17|1090|408|5.1|5.1|5|8
4.2|96.17|1088|409|5.1|5.1|5|8
4.3|96.12|1088|408|5.1|5.1|5|8
4.4|96.14|1088|409|5.1|5.1|5|8
4.5|96.16|1088|409|5.1|5.1|5|8
4.6|96.14|1090|409|5.1|5.1|5|8
4.7|96.17|1090|409|5.1|5.1|5|8
4.8|96.17|1088|409|5.1|5.1|5|8
4.9|96.16|1088|409|5.1|5.1|5|8
5|96.13|1088|409|5.1|5.1|2|8
5.1|96.17|1088|409|5.1|5.1|2|8
5.2|95.81|1088|409|5.1|5.1|2|8
5.3|95.38|1101|409|5.1|5.1|2|8
5.4|94.96|1683|411|5.1|5.1|3|8
5.5|94.72|1786|412|5.1|5.1|3|8
5.6|94.59|1802|412|5.1|5.1|3|8
5.7|94.49|1812|413|5.1|5.1|3|8
5.8|94.45|1820|413|5.1|5.1|3|8
5.9|94.4|1825|413|5.1|5.1|3|8
6|94.39|1830|413|5.1|5.1|3|8
6.1|94.4|1832|413|5.1|5.1|3|8
6.2|94.41|1832|413|5.1|5.1|3|8
6.3|94.41|1835|413|5.1|5.1|3|8
6.4|94.43|1835|413|5.1|5.1|3|8
6.5|94.41|1835|413|5.1|5.1|3|8
6.6|94.4|1838|413|5.1|5.1|3|8
6.7|94.39|1838|413|5.1|5.1|3|8
6.8|94.39|1838|413|5.1|5.1|3|8
6.9|94.4|1838|413|5.1|5.1|3|8
7|94.39|1840|413|5.1|5.1|3|8
7.1|94.4|1845|413|5.1|5.1|3|8
7.2|94.39|1848|413|5.1|5.1|3|8
7.3|94.41|1851|414|5.1|5.1|3|8
7.4|94.41|1853|413|5.1|5.1|4|8
7.5|94.43|1851|414|5.1|5.1|4|8
7.6|94.7|1840|414|5.1|5.1|4|8
7.7|95.25|1335|413|5.1|5.1|5|8
7.8|95.66|1101|412|5.1|5.1|5|8
7.9|95.78|1098|411|5.1|5.1|5|8
8|95.85|1095|411|5.1|5.1|5|8
8.1|95.86|1095|410|5.1|5.1|5|8
8.2|95.9|1093|410|5.1|5.1|5|8
8.3|95.9|1093|410|5.1|5.1|5|8
8.4|95.9|1093|410|5.1|5.1|5|8
8.5|95.9|1093|410|5.1|5.1|5|8
8.6|95.9|1093|410|5.1|5.1|5|8
8.7|95.9|1093|410|5.1|5.1|5|8
8.8|95.9|1093|410|5.1|5.1|5|8
8.9|95.9|1093|410|5.1|5.1|5|8
9|95.9|1093|410|5.1|5.1|5|8
9.1|95.9|1093|410|5.1|5.1|5|8
9.2|95.9|1093|410|5.1|5.1|5|8
9.3|95.9|1093|410|5.1|5.1|5|8
9.4|95.9|1093|410|5.1|5.1|5|8
9.5|95.9|1093|410|5.1|5.1|5|8
9.6|95.9|1095|411|5.1|5.1|5|8
9.7|95.9|1095|411|5.1|5.1|2|8
9.8|95.85|1095|411|5.1|5.1|2|8
9.9|95.58|1095|411|5.1|5.1|2|8
10|95.18|1101|411|5.1|5.1|2|8
10.1|94.76|1655|411|5.1|5.1|3|8
10.2|94.43|1807|413|5.1|5.1|3|8
10.3|94.32|1825|414|5.1|5.1|3|8
10.4|94.24|1838|414|5.1|5.1|3|8
10.5|94.16|1845|414|5.1|5.1|3|8
10.6|94.05|1851|414|5.1|5.1|3|8
10.7|94.12|1856|414|5.1|5.1|3|8
10.8|94.1|1858|414|5.1|5.1|3|8
10.9|94.1|1876|407|5.1|5.1|3|8
11|94.12|1879|400|5.1|5.1|3|8
11.1|94.06|1881|398|5.1|5.1|3|8
11.2|94.09|1884|396|5.1|5.1|3|8
11.3|94.13|1884|396|5.1|5.1|3|8
11.4|94.06|1887|396|5.1|5.1|3|8
11.5|94.09|1887|396|5.1|5.1|3|8
11.6|94.09|1887|396|5.1|5.1|3|8
11.7|94.12|1889|396|5.1|5.1|3|8
11.8|94.08|1889|396|5.1|5.1|3|8
11.9|94.08|1892|396|5.1|5.1|3|8
12|94.09|1892|396|5.1|5.1|3|8
12.1|94.1|1892|396|5.1|5.1|4|8
12.2|94.15|1892|396|5.1|5.1|4|8
12.3|94.39|1887|396|5.1|5.1|4|8
12.4|94.88|1402|396|5.1|5.1|4|8
12.5|95.31|1116|396|5.1|5.1|5|8
12.6|95.46|1108|395|5.1|5.1|5|8
12.7|95.57|1106|395|5.1|5.1|5|8
12.8|95.58|1106|395|5.1|5.1|5|8
12.9|95.58|1106|395|5.1|5.1|5|8
13|95.57|1108|395|5.1|5.1|5|8
13.1|95.63|1108|395|5.1|5.1|5|8
13.2|95.65|1111|395|5.1|5.1|5|8
13.3|95.58|1111|395|5.1|5.1|5|8
13.4|95.55|1111|395|5.1|5.1|5|8
13.5|95.63|1111|396|5.1|5.1|5|8
13.6|95.61|1113|395|5.1|5.1|5|8
13.7|95.54|1111|395|5.1|5.1|5|8
13.8|95.62|1113|395|5.1|5.1|5|8
13.9|95.66|1113|395|5.1|5.1|5|8
14|95.57|1113|395|5.1|5.1|5|8
14.1|95.57|1113|396|5.1|5.1|5|8
14.2|95.63|1113|396|5.1|5.1|5|8
14.3|95.62|1113|396|5.1|5.1|5|8
14.4|95.57|1113|396|5.1|5.1|5|8
14.5|95.61|1113|396|5.1|5.1|2|8
14.6|95.3|1113|396|5.1|5.1|2|8
14.7|94.9|1113|396|5.1|5.1|2|8
14.8|94.47|1691|396|5.1|5.1|3|8
14.9|94.23|1845|396|5.1|5.1|3|8
15|93.98|1863|396|5.1|5.1|3|8
15.1|93.98|1874|396|5.1|5.1|3|8
15.2|93.97|1881|397|5.1|5.1|3|8
15.3|93.89|1889|397|5.1|5.1|3|8
15.4|93.81|1894|397|5.1|5.1|3|8
15.5|93.84|1897|397|5.1|5.1|3|8
15.6|93.84|1899|397|5.1|5.1|3|8
15.7|93.86|1899|397|5.1|5.1|3|8
15.8|93.85|1899|397|5.1|5.1|3|8
15.9|93.89|1902|397|5.1|5.1|3|8
16|93.85|1902|397|5.1|5.1|3|8
16.1|93.84|1902|397|5.1|5.1|3|8
16.2|93.85|1902|397|5.1|5.1|3|8
16.3|93.85|1905|397|5.1|5.1|3|8
16.4|93.88|1905|397|5.1|5.1|3|8
16.5|93.86|1905|397|5.1|5.1|3|8
16.6|93.84|1907|397|5.1|5.1|3|8
16.7|93.84|1907|397|5.1|5.1|3|8
16.8|93.85|1907|397|5.1|5.1|4|8
16.9|93.89|1907|397|5.1|5.1|4|8
17|94.21|1899|397|5.1|5.1|4|8
17.1|94.61|1631|398|5.1|5.1|4|8
17.2|95.1|1126|396|5.1|5.1|5|8
17.3|95.27|1116|396|5.1|5.1|5|8
17.4|95.34|1113|396|5.1|5.1|5|8
17.5|95.39|1111|396|5.1|5.1|5|8
17.6|95.39|1111|396|5.1|5.1|5|8
17.7|95.41|1108|396|5.1|5.1|5|8
17.8|95.41|1111|396|5.1|5.1|5|8
17.9|95.42|1108|396|5.1|5.1|5|8
18|95.41|1106|396|5.1|5.1|5|8
18.1|95.38|1106|396|5.1|5.1|5|8
18.2|95.39|1108|396|5.1|5.1|5|8
18.3|95.41|1108|396|5.1|5.1|5|8
18.4|95.39|1108|396|5.1|5.1|5|8
18.5|95.41|1108|396|5.1|5.1|5|8
18.6|95.41|1108|396|5.1|5.1|5|8
18.7|95.42|1108|396|5.1|5.1|5|8
18.8|95.41|1108|396|5.1|5.1|5|8
18.9|95.42|1108|396|5.1|5.1|5|8
19|95.41|1108|396|5.1|5.1|5|8
19.1|95.39|1108|396|5.1|5.1|5|8
19.2|95.35|1108|396|5.1|5.1|2|8
19.3|95.15|1108|396|5.1|5.1|2|8
19.4|94.76|1108|396|5.1|5.1|2|8
19.5|94.33|1696|396|5.1|5.1|3|8
19.6|93.98|1848|397|5.1|5.1|3|8
19.7|93.88|1871|398|5.1|5.1|3|8
19.8|93.84|1884|398|5.1|5.1|3|8
19.9|93.78|1892|398|5.1|5.1|3|8
20|93.65|1897|398|5.1|5.1|3|8
20.1|93.77|1899|398|5.1|5.1|3|8
20.2|93.65|1905|398|5.1|5.1|3|8
20.3|93.72|1907|398|5.1|5.1|3|8
20.4|93.74|1910|398|5.1|5.1|3|8
20.5|93.68|1910|398|5.1|5.1|3|8
20.6|93.74|1912|398|5.1|5.1|3|8
20.7|93.72|1912|398|5.1|5.1|3|8
20.8|93.68|1912|398|5.1|5.1|3|8
20.9|93.74|1912|398|5.1|5.1|3|8
21|93.69|1915|398|5.1|5.1|3|8
21.1|93.69|1915|398|5.1|5.1|3|8
21.2|93.72|1915|398|5.1|5.1|3|8
21.3|93.68|1915|398|5.1|5.1|3|8
21.4|93.73|1915|398|5.1|5.1|3|8
21.5|93.72|1918|398|5.1|5.1|4|8
21.6|93.78|1918|398|5.1|5.1|4|8
21.7|94|1910|398|5.1|5.1|4|8
21.8|94.47|1778|398|5.1|5.1|4|8
21.9|95|1224|398|5.1|5.1|5|8
22|95.34|1124|396|5.1|5.1|5|8
22.1|95.43|1121|396|5.1|5.1|5|8
22.2|95.46|1121|396|5.1|5.1|5|8
22.3|95.5|1119|396|5.1|5.1|5|8
22.4|95.57|1119|396|5.1|5.1|5|8
22.5|95.59|1116|396|5.1|5.1|5|8
22.6|95.57|1116|396|5.1|5.1|5|8
22.7|95.55|1116|396|5.1|5.1|5|8
22.8|95.55|1116|396|5.1|5.1|5|8
22.9|95.57|1116|396|5.1|5.1|5|8
23|95.54|1116|396|5.1|5.1|5|8
23.1|95.51|1116|396|5.1|5.1|5|8
23.2|95.5|1113|396|5.1|5.1|5|8
23.3|95.54|1113|396|5.1|5.1|5|8
23.4|95.58|1113|396|5.1|5.1|5|8
23.5|95.58|1113|396|5.1|5.1|5|8
23.6|95.55|1113|396|5.1|5.1|5|8
23.7|95.54|1113|396|5.1|5.1|5|8
23.8|95.54|1113|396|5.1|5.1|5|8
23.9|95.5|1113|396|5.1|5.1|2|8
24|95.47|1113|396|5.1|5.1|2|8
24.1|95.15|1113|396|5.1|5.1|2|8
24.2|94.72|1204|396|5.1|5.1|2|8
24.3|94.31|1693|396|5.1|5.1|3|8
24.4|93.97|1848|397|5.1|5.1|3|8
24.5|93.86|1876|398|5.1|5.1|3|8
24.6|93.72|1887|398|5.1|5.1|3|8
24.7|93.68|1897|398|5.1|5.1|3|8
24.8|93.65|1899|398|5.1|5.1|3|8
24.9|93.6|1905|398|5.1|5.1|3|8
25|93.62|1910|398|5.1|5.1|3|8
25.1|93.64|1912|398|5.1|5.1|3|8
25.2|93.65|1915|398|5.1|5.1|3|8
25.3|93.69|1915|398|5.1|5.1|3|8
25.4|93.65|1918|398|5.1|5.1|3|8
25.5|93.66|1920|398|5.1|5.1|3|8
25.6|93.64|1923|398|5.1|5.1|3|8
25.7|93.61|1923|398|5.1|5.1|3|8
25.8|93.65|1923|398|5.1|5.1|3|8
25.9|93.69|1923|398|5.1|5.1|3|8
26|93.62|1923|398|5.1|5.1|3|8
26.1|93.64|1925|398|5.1|5.1|3|8
26.2|93.66|1928|398|5.1|5.1|3|8
26.3|93.66|1928|398|5.1|5.1|4|8
26.4|93.76|1928|398|5.1|5.1|4|8
26.5|93.96|1920|398|5.1|5.1|4|8
26.6|94.4|1866|398|5.1|5.1|4|8
26.7|94.95|1268|398|5.1|5.1|5|8
26.8|95.3|1126|397|5.1|5.1|5|8
26.9|95.45|1124|396|5.1|5.1|5|8
27|95.46|1121|396|5.1|5.1|5|8
27.1|95.5|1121|396|5.1|5.1|5|8
27.2|95.57|1121|396|5.1|5.1|5|8
27.3|95.59|1119|396|5.1|5.1|5|8
27.4|95.59|1119|396|5.1|5.1|5|8
27.5|95.55|1119|396|5.1|5.1|5|8
27.6|95.57|1119|396|5.1|5.1|5|8
27.7|95.54|1119|396|5.1|5.1|5|8
27.8|95.53|1119|396|5.1|5.1|5|8
27.9|95.49|1119|396|5.1|5.1|5|8
28|95.5|1119|396|5.1|5.1|5|8
28.1|95.59|1119|396|5.1|5.1|5|8
28.2|95.58|1116|396|5.1|5.1|5|8
28.3|95.55|1116|396|5.1|5.1|5|8
28.4|95.55|1119|396|5.1|5.1|5|8
28.5|95.55|1116|396|5.1|5.1|5|8
28.6|95.53|1116|396|5.1|5.1|5|8
28.7|95.51|1116|396|5.1|5.1|2|8
28.8|95.5|1116|396|5.1|5.1|2|8
28.9|95.18|1116|396|5.1|5.1|2|8
29|94.76|1116|396|5.1|5.1|2|8
29.1|94.32|1593|396|5.1|5.1|3|8
29.2|93.96|1848|397|5.1|5.1|3|8
29.3|93.85|1881|398|5.1|5.1|3|8
29.4|93.73|1892|398|5.1|5.1|3|8
29.5|93.68|1902|398|5.1|5.1|3|8
29.6|93.61|1910|398|5.1|5.1|3|8
29.7|93.58|1912|398|5.1|5.1|3|8
29.8|93.64|1918|398|5.1|5.1|3|8
29.9|93.64|1920|398|5.1|5.1|3|8
30|93.64|1923|398|5.1|5.1|3|8
30.1|93.64|1925|397|5.1|5.1|3|8
30.2|93.64|1928|398|5.1|5.1|3|8
30.3|93.64|1928|398|5.1|5.1|3|8
30.4|93.64|1930|398|5.1|5.1|3|8
30.5|93.64|1930|398|5.1|5.1|3|8
30.6|93.64|1930|398|5.1|5.1|3|8
30.7|93.65|1933|398|5.1|5.1|3|8
30.8|93.65|1933|398|5.1|5.1|3|8
30.9|93.66|1933|398|5.1|5.1|3|8
31|93.61|1933|398|5.1|5.1|3|8
31.1|93.62|1933|397|5.1|5.1|4|8
31.2|93.76|1936|397|5.1|5.1|4|8
31.3|93.93|1928|397|5.1|5.1|4|8
31.4|94.39|1871|398|5.1|5.1|4|8
31.5|94.9|1500|398|5.1|5.1|4|8
31.6|95.35|1134|398|5.1|5.1|5|8
31.7|95.49|1126|396|5.1|5.1|5|8
31.8|95.54|1124|396|5.1|5.1|5|8
31.9|95.66|1124|396|5.1|5.1|5|8
32|95.66|1124|396|5.1|5.1|5|8
32.1|95.61|1121|396|5.1|5.1|5|8
32.2|95.62|1121|396|5.1|5.1|5|8
32.3|95.62|1121|396|5.1|5.1|5|8
32.4|95.63|1121|396|5.1|5.1|5|8
32.5|95.63|1121|396|5.1|5.1|5|8
32.6|95.66|1121|396|5.1|5.1|5|8
32.7|95.68|1119|396|5.1|5.1|5|8
32.8|95.65|1119|396|5.1|5.1|5|8
32.9|95.63|1119|396|5.1|5.1|5|8
33|95.57|1119|396|5.1|5.1|5|8
33.1|95.62|1119|396|5.1|5.1|5|8
33.2|95.62|1119|396|5.1|5.1|5|8
33.3|95.61|1119|396|5.1|5.1|5|8
33.4|95.65|1119|396|5.1|5.1|5|8
33.5|95.65|1119|396|5.1|5.1|5|8
33.6|95.7|1119|396|5.1|5.1|2|8
33.7|95.37|1119|396|5.1|5.1|2|8
33.8|94.96|1119|396|5.1|5.1|2|8
33.9|94.53|1165|396|5.1|5.1|2|8
34|94.08|1794|396|5.1|5.1|3|8
34.1|93.84|1876|397|5.1|5.1|3|8
34.2|93.72|1894|397|5.1|5.1|3|8
34.3|93.69|1907|397|5.1|5.1|3|8
34.4|93.68|1918|398|5.1|5.1|3|8
34.5|93.57|1923|398|5.1|5.1|3|8
34.6|93.6|1928|397|5.1|5.1|3|8
34.7|93.57|1930|397|5.1|5.1|3|8
34.8|93.62|1933|397|5.1|5.1|3|8
34.9|93.6|1933|397|5.1|5.1|3|8
35|93.58|1936|397|5.1|5.1|3|8
35.1|93.55|1936|397|5.1|5.1|3|8
35.2|93.58|1936|397|5.1|5.1|3|8
35.3|93.6|1938|398|5.1|5.1|3|8
35.4|93.61|1938|398|5.1|5.1|3|8
35.5|93.6|1938|397|5.1|5.1|3|8
35.6|93.6|1938|397|5.1|5.1|3|8
35.7|93.58|1938|398|5.1|5.1|3|8
35.8|93.57|1938|397|5.1|5.1|3|8
35.9|93.58|1941|397|5.1|5.1|3|8
36|93.57|1941|397|5.1|5.1|4|8
36.1|93.73|1938|397|5.1|5.1|4|8
36.2|94.04|1915|397|5.1|5.1|4|8
36.3|94.56|1814|398|5.1|5.1|4|8
36.4|95.06|1149|398|5.1|5.1|2|8
36.5|95.08|1126|397|5.1|5.1|2|8
36.6|95.17|1124|396|5.1|5.1|2|8
36.7|95.12|1124|396|5.1|5.1|2|8
36.8|94.99|1121|396|5.1|5.1|2|8
36.9|94.9|1121|396|5.1|5.1|2|8
37|94.98|1121|396|5.1|5.1|2|8
37.1|94.92|1121|396|5.1|5.1|2|8
37.2|94.79|1116|396|5.1|5.1|2|8
37.3|94.76|1121|396|5.1|5.1|2|8
37.4|94.67|1121|396|5.1|5.1|2|8
37.5|94.67|1121|396|5.1|5.1|2|8
37.6|94.6|1129|396|5.1|5.1|2|8
37.7|94.52|1121|396|5.1|5.1|2|8
37.8|94.45|1126|396|5.1|5.1|2|8
37.9|94.4|1229|396|5.1|5.1|2|8
38|94.35|1245|396|5.1|5.1|2|8
38.1|94.24|1299|396|5.1|5.1|2|8
38.2|94.24|1304|396|5.1|5.1|2|8
38.3|94.1|1688|397|5.1|5.1|2|8
38.4|94.16|1711|398|5.1|5.1|2|8
38.5|94.32|1214|398|5.1|5.1|2|8
38.6|94.39|1124|396|5.1|5.1|2|8
38.7|94.4|1121|396|5.1|5.1|2|8
38.8|94.41|1119|396|5.1|5.1|2|8
38.9|94.39|1119|396|5.1|5.1|2|8
39|94.33|1119|396|5.1|5.1|2|8
39.1|94.25|1124|396|5.1|5.1|2|8
39.2|94.23|1201|396|5.1|5.1|2|8
39.3|94.05|1271|396|5.1|5.1|2|8
39.4|94.04|1188|397|5.1|5.1|2|8
39.5|94.01|1698|397|5.1|5.1|2|8
39.6|94.04|1755|397|5.1|5.1|2|8
39.7|94.19|1765|398|5.1|5.1|2|8
39.8|94.33|1773|398|5.1|5.1|2|8
39.9|94.47|1575|398|5.1|5.1|2|8
40|94.68|1137|397|5.1|5.1|2|8
40.1|94.68|1121|396|5.1|5.1|2|8
40.2|94.72|1119|396|5.1|5.1|2|8
40.3|94.67|1119|396|5.1|5.1|2|8
40.4|94.68|1119|396|5.1|5.1|2|8
40.5|94.6|1119|396|5.1|5.1|2|8
40.6|94.51|1119|396|5.1|5.1|2|8
40.7|94.47|1124|396|5.1|5.1|2|8
40.8|94.4|1147|396|5.1|5.1|2|8
40.9|94.4|1183|396|5.1|5.1|2|8
41|94.31|1216|397|5.1|5.1|2|8
41.1|94.27|1142|396|5.1|5.1|2|8
41.2|94.15|1173|396|5.1|5.1|2|8
41.3|94.02|1155|396|5.1|5.1|2|8
41.4|94.02|1144|396|5.1|5.1|2|8
41.5|93.98|1598|396|5.1|5.1|2|8
41.6|93.97|1536|398|5.1|5.1|2|8
41.7|94.15|1268|396|5.1|5.1|2|8
41.8|94.2|1124|396|5.1|5.1|2|8
41.9|94.24|1119|396|5.1|5.1|2|8
42|94.13|1119|396|5.1|5.1|2|8
42.1|94.02|1119|396|5.1|5.1|2|8
42.2|94.04|1119|396|5.1|5.1|2|8
42.3|93.97|1173|396|5.1|5.1|2|8
42.4|93.98|1590|396|5.1|5.1|2|8
42.5|93.88|1224|396|5.1|5.1|2|8
42.6|93.9|1121|396|5.1|5.1|2|8
42.7|93.94|1119|396|5.1|5.1|2|8
42.8|93.96|1119|396|5.1|5.1|2|8
42.9|93.86|1420|396|5.1|5.1|2|8
43|93.8|1314|396|5.1|5.1|2|8
43.1|93.76|1376|396|5.1|5.1|2|8
43.2|93.65|1412|396|5.1|5.1|2|8
43.3|93.64|1327|397|5.1|5.1|2|8
43.4|93.58|1492|397|5.1|5.1|2|8
43.5|93.57|1552|397|5.1|5.1|2|8
43.6|93.54|1131|397|5.1|5.1|2|8
43.7|93.61|1116|396|5.1|5.1|2|8
43.8|93.6|1113|396|5.1|5.1|2|8
43.9|93.6|1113|396|5.1|5.1|2|8
44|93.51|1276|396|5.1|5.1|2|8
44.1|93.43|1304|396|5.1|5.1|2|8
44.2|93.41|1278|396|5.1|5.1|2|8
44.3|93.31|1309|396|5.1|5.1|2|8
44.4|93.15|1168|397|5.1|5.1|2|8
44.5|93.14|1116|396|5.1|5.1|2|8
44.6|93.25|1242|396|5.1|5.1|2|8
44.7|93.13|1338|396|5.1|5.1|2|8
44.8|93.03|1412|396|5.1|5.1|2|8
44.9|92.95|1397|396|5.1|5.1|2|8
45|92.87|1407|397|5.1|5.1|2|8
45.1|92.79|1307|397|5.1|5.1|2|8
45.2|92.68|1387|396|5.1|5.1|2|8
45.3|92.66|1289|396|5.1|5.1|2|8
45.4|92.63|1258|397|5.1|5.1|2|8
45.5|92.51|1304|396|5.1|5.1|2|8
45.6|92.41|1227|396|5.1|5.1|2|8
45.7|92.4|1247|396|5.1|5.1|2|8
45.8|92.33|1286|396|5.1|5.1|2|8
45.9|92.17|1168|396|5.1|5.1|2|8
46|92.15|1278|396|5.1|5.1|2|8
46.1|92.08|1242|396|5.1|5.1|2|8
46.2|91.96|1247|396|5.1|5.1|2|8
46.3|91.94|1227|396|5.1|5.1|2|8
46.4|91.86|1320|398|5.1|5.1|2|8
46.5|91.76|1263|396|5.1|5.1|2|8
46.6|91.62|1242|396|5.1|5.1|2|8
46.7|91.54|1162|396|5.1|5.1|2|8
46.8|91.47|1201|396|5.1|5.1|2|8
46.9|91.49|1219|396|5.1|5.1|2|8
47|91.38|1235|396|5.1|5.1|2|8
47.1|91.26|1322|396|5.1|5.1|2|8
47.2|91.18|1340|396|5.1|5.1|2|8
47.3|91.07|1216|396|5.1|5.1|2|8
47.4|90.98|1240|396|5.1|5.1|2|8
47.5|90.91|1247|396|5.1|5.1|2|8
47.6|90.8|1250|396|5.1|5.1|2|8
47.7|90.68|1180|396|5.1|5.1|2|8
47.8|90.6|1211|396|5.1|5.1|2|8
47.9|90.59|1317|396|5.1|5.1|2|8
48|90.45|1281|396|5.1|5.1|2|8
48.1|90.36|1227|396|5.1|5.1|2|8
48.2|90.24|1263|396|5.1|5.1|2|8
48.3|90.15|1170|396|5.1|5.1|2|8
48.4|90.01|1173|396|5.1|5.1|2|8
48.5|89.88|1162|396|5.1|5.1|2|8
48.6|89.84|1240|396|5.1|5.1|2|8
48.7|89.72|1265|396|5.1|5.1|2|8
48.8|89.61|1309|396|5.1|5.1|2|8
48.9|89.54|1335|396|5.1|5.1|2|8
49|89.42|1294|396|5.1|5.1|2|8
49.1|89.27|1335|397|5.1|5.1|2|8
49.2|89.19|1196|396|5.1|5.1|2|8
49.3|89.03|1219|396|5.1|5.1|2|8
49.4|88.94|1173|396|5.1|5.1|2|8
49.5|88.86|1209|396|5.1|5.1|2|8
49.6|88.75|1263|396|5.1|5.1|2|8
49.7|88.58|1276|396|5.1|5.1|2|8
49.8|88.5|1312|396|5.1|5.1|2|8
49.9|88.32|1294|396|5.1|5.1|2|8
50|88.23|1294|396|5.1|5.1|2|8
50.1|88.05|1348|396|5.1|5.1|2|8
50.2|88.04|1410|396|5.1|5.1|2|8
50.3|87.84|1193|396|5.1|5.1|2|8
50.4|87.68|1338|396|5.1|5.1|2|8
50.5|87.58|1237|396|5.1|5.1|2|8
50.6|87.44|1196|396|5.1|5.1|2|8
50.7|87.27|1317|396|5.1|5.1|2|8
50.8|87.18|1294|396|5.1|5.1|2|8
50.9|87.05|1332|396|5.1|5.1|2|8
51|86.94|1309|396|5.1|5.1|2|8
51.1|86.76|1291|396|5.1|5.1|2|8
51.2|86.62|1366|396|5.1|5.1|2|8
51.3|86.43|1281|396|5.1|5.1|2|8
51.4|86.25|1379|396|5.1|5.1|2|8
51.5|86.17|1271|396|5.1|5.1|2|8
51.6|86.03|1302|396|5.1|5.1|2|8
51.7|85.91|1327|396|5.1|5.1|2|8
51.8|85.76|1384|396|5.1|5.1|2|8
51.9|85.57|1216|396|5.1|5.1|2|8
52|85.42|1490|396|5.1|5.1|2|8
52.1|85.23|1198|396|5.1|5.1|2|8
52.2|85.22|1209|396|5.1|5.1|2|8
52.3|85.17|1183|396|5.1|5.1|2|8
52.4|85.05|1258|396|5.1|5.1|2|8
52.5|84.98|1178|395|5.1|5.1|2|8
52.6|84.9|1183|395|5.1|5.1|2|8
52.7|84.8|1224|396|5.1|5.1|2|8
52.8|84.78|1211|396|5.1|5.1|2|8
52.9|84.63|1330|396|5.1|5.1|2|8
53|84.54|1137|396|5.1|5.1|2|8
53.1|84.44|1335|396|5.1|5.1|2|8
53.2|84.28|1278|396|5.1|5.1|2|8
53.3|84.2|1211|396|5.1|5.1|2|8
53.4|84.17|1276|395|5.1|5.1|2|8
53.5|84.09|1291|396|5.1|5.1|2|8
53.6|83.89|1180|395|5.1|5.1|2|8
53.7|83.8|1307|395|5.1|5.1|2|8
53.8|83.65|1258|396|5.1|5.1|2|8
53.9|83.56|1374|396|5.1|5.1|2|8
54|83.38|1335|396|5.1|5.1|2|8
54.1|83.19|1278|397|5.1|5.1|2|8
54.2|83.1|1322|396|5.1|5.1|2|8
54.3|82.89|1186|396|5.1|5.1|2|8
54.4|82.74|1214|396|5.1|5.1|2|8
54.5|82.55|1332|396|5.1|5.1|2|8
54.6|82.36|1461|396|5.1|5.1|2|8
54.7|81.49|1881|396|5.1|5.1|6|8
54.8|79.06|1974|396|5.1|5.1|6|8
54.9|76.42|152|395|5.1|5.1|7|8
55|74.04|0|394|5.1|5.1|7|8
55.1|72.73|0|393|5.1|5.1|7|8
55.2|72.14|0|393|5.1|5.1|7|8
55.3|71.75|0|392|5.1|5.1|7|8
55.4|71.65|0|392|5.1|5.1|7|8
55.5|71.56|0|392|5.1|5.1|7|8
55.6|71.53|0|392|5.1|5.1|7|8
55.7|71.63|0|392|5.1|5.1|7|8
55.8|71.44|0|392|5.1|5.1|7|8
55.9|71.49|0|392|5.1|5.1|7|8
56|71.49|0|392|5.1|5.1|7|8
56.1|71.45|0|392|5.1|5.1|7|8
56.2|71.52|0|392|5.1|5.1|7|8
56.3|71.53|0|392|5.1|5.1|7|8
56.4|71.55|0|392|5.1|5.1|7|8
56.5|71.6|0|392|5.1|5.1|7|8
56.6|71.44|0|392|5.1|5.1|7|8
56.7|71.49|0|392|5.1|5.1|7|8
56.8|71.48|0|392|5.1|5.1|7|8
56.9|71.48|0|392|5.1|5.1|7|8
57|71.48|0|392|5.1|5.1|7|8
57.1|71.45|0|392|5.1|5.1|7|8
57.2|71.49|0|392|5.1|5.1|7|8
57.3|71.51|0|392|5.1|5.1|7|8
57.4|71.53|0|392|5.1|5.1|7|8
57.5|71.59|0|392|5.1|5.1|7|8
57.6|71.45|0|392|5.1|5.1|7|8
57.7|71.45|0|392|5.1|5.1|7|8
57.8|71.56|0|392|5.1|5.1|7|8
57.9|71.47|0|392|5.1|5.1|7|8
58|71.44|0|392|5.1|5.1|7|8
58.1|71.49|0|392|5.1|5.1|7|8
58.2|71.56|0|392|5.1|5.1|7|8
58.3|71.49|0|392|5.1|5.1|7|8
58.4|71.49|0|392|5.1|5.1|7|8
58.5|71.48|0|392|5.1|5.1|7|8
58.6|71.48|0|392|5.1|5.1|7|8
58.7|71.48|0|392|5.1|5.1|7|8
58.8|71.48|0|392|5.1|5.1|7|8
58.9|71.48|0|392|5.1|5.1|7|8
59|71.48|0|392|5.1|5.1|7|8
59.1|71.48|0|392|5.1|5.1|7|8
59.2|71.48|0|392|5.1|5.1|7|8
59.3|71.45|0|393|5.1|5.1|7|8
59.4|71.49|0|393|5.1|5.1|7|8
59.5|71.56|0|392|5.1|5.1|7|8
59.6|71.44|0|392|5.1|5.1|7|8
59.7|71.45|0|392|5.1|5.1|7|8
59.8|71.49|0|392|5.1|5.1|7|8
59.9|71.48|0|392|5.1|5.1|7|8
60|71.45|0|392|5.1|5.1|7|8
60.1|71.47|0|392|5.1|5.1|7|8
60.2|71.51|0|392|5.1|5.1|7|8
60.3|71.47|0|392|5.1|5.1|7|8
60.4|71.47|0|392|5.1|5.1|7|8
60.5|71.44|0|392|5.1|5.1|7|8
60.6|71.49|0|392|5.1|5.1|7|8
60.7|71.55|0|392|5.1|5.1|7|8
60.8|71.47|0|392|5.1|5.1|7|8
60.9|71.47|0|392|5.1|5.1|7|8
61|71.45|0|392|5.1|5.1|7|8
61.1|71.51|0|392|5.1|5.1|7|8
61.2|71.52|0|392|5.1|5.1|7|8
61.3|71.44|0|392|5.1|5.1|7|8
61.4|71.45|0|392|5.1|5.1|7|8
61.5|71.49|0|392|5.1|5.1|7|8
61.6|71.53|0|392|5.1|5.1|7|8
61.7|71.44|0|392|5.1|5.1|7|8
61.8|71.45|0|392|5.1|5.1|7|8
61.9|71.47|0|392|5.1|5.1|7|8
62|71.51|0|392|5.1|5.1|7|8
62.1|71.47|0|392|5.1|5.1|7|8
62.2|71.45|0|392|5.1|5.1|7|8
62.3|71.45|0|392|5.1|5.1|7|8
62.4|71.47|0|392|5.1|5.1|7|8
62.5|71.48|0|392|5.1|5.1|7|8
62.6|71.47|0|392|5.1|5.1|7|8
62.7|71.48|0|392|5.1|5.1|7|8
62.8|71.53|0|392|5.1|5.1|7|8
62.9|71.47|0|392|5.1|5.1|7|8
63|71.45|0|392|5.1|5.1|7|8
63.1|71.45|0|392|5.1|5.1|7|8
63.2|71.47|0|392|5.1|5.1|7|8
63.3|71.47|0|392|5.1|5.1|7|8
63.4|71.47|0|392|5.1|5.1|7|8
63.5|71.48|0|392|5.1|5.1|7|8
63.6|71.51|0|392|5.1|5.1|7|8
63.7|71.45|0|392|5.1|5.1|7|8
63.8|71.45|0|392|5.1|5.1|7|8
63.9|71.45|0|392|5.1|5.1|7|8
64|71.47|0|392|5.1|5.1|7|8
64.1|71.45|0|392|5.1|5.1|7|8
64.2|71.47|0|392|5.1|5.1|7|8
64.3|71.47|0|392|5.1|5.1|7|8
64.4|71.48|0|392|5.1|5.1|7|8
64.5|71.53|0|392|5.1|5.1|7|8
64.6|71.44|0|392|5.1|5.1|7|8
64.7|71.45|0|392|5.1|5.1|7|8
64.8|71.45|0|392|5.1|5.1|7|8
64.9|71.45|0|392|5.1|5.1|7|8
65|71.45|0|392|5.1|5.1|7|8
65.1|71.48|0|392|5.1|5.1|7|8
65.2|71.51|0|392|5.1|5.1|7|8
65.3|71.45|0|392|5.1|5.1|7|8
65.4|71.45|0|392|5.1|5.1|7|8
65.5|71.45|0|392|5.1|5.1|7|8
65.6|71.45|0|392|5.1|5.1|7|8
65.7|71.45|0|392|5.1|5.1|7|8
65.8|71.45|0|392|5.1|5.1|7|8
65.9|71.47|0|398|5.1|5.1|7|8
66|71.47|0|401|5.1|5.1|7|8
66.1|71.49|0|402|5.1|5.1|7|8
66.2|71.47|0|403|5.1|5.1|7|8
66.3|71.47|0|404|5.1|5.1|7|8
66.4|71.45|0|404|5.1|5.1|7|8
66.5|71.45|0|404|5.1|5.1|7|8
66.6|71.45|0|404|5.1|5.1|7|8
66.7|71.47|0|404|5.1|5.1|7|8
66.8|71.45|0|404|5.1|5.1|7|8
66.9|71.45|0|404|5.1|5.1|7|8
67|71.45|0|404|5.1|5.1|7|8
67.1|71.47|0|404|5.1|5.1|7|8
67.2|71.45|0|404|5.1|5.1|7|8
67.3|71.47|0|404|5.1|5.1|7|8
67.4|71.47|0|404|5.1|5.1|7|8
67.5|71.47|0|403|5.1|5.1|7|8
67.6|71.47|0|403|5.1|5.1|7|8
67.7|71.47|0|404|5.1|5.1|7|8
67.8|71.45|0|404|5.1|5.1|7|8
67.9|71.47|0|404|5.1|5.1|8|8
68|71.45|0|404|5|5|8|8
68.1|71.4|0|404|5.1|5.1|8|8
68.2|71.4|0|404|5.1|5.1|8|8
68.3|71.41|0|404|5.1|5.1|8|8
68.4|71.4|0|404|5.1|5.1|8|8
68.5|71.4|0|404|5.1|5.1|8|8
68.6|71.4|0|404|5.1|5.1|8|8
68.7|71.41|0|404|5.1|5.1|8|8
68.8|71.41|0|404|5.1|5.1|8|8
68.9|71.4|0|404|5.1|5.1|8|8
69|71.4|0|404|5.1|5.1|8|8
69.1|71.4|0|404|5.1|5.1|8|8
69.2|71.4|0|404|5|5|8|8
69.3|71.44|0|404|5.1|5.1|8|8
69.4|71.4|0|404|5|5|8|8
69.5|71.38|0|404|5|5|8|8
69.6|71.41|0|404|5|5|8|8
69.7|71.43|0|404|5|5|8|8
69.8|71.41|0|404|5|5|8|8
69.9|71.41|0|404|5|5|8|8
70|73.75|0|404|5|5|8|8
70.1|76.77|0|404|5|5|8|8
70.2|79.8|0|404|5|5|8|8
70.3|82.77|0|404|5|5|8|8
70.4|85.73|0|404|5|5|8|8
70.5|88.62|0|404|5|5|8|8
70.6|91.6|0|404|5|5|8|8
70.7|94.16|0|404|5|5|8|8
70.8|95.27|0|404|5|5|8|8
70.9|95.77|0|404|5|5|8|8
