0|96.08|959|442|5.1|5.1|1|8
0.1|96.08|1075|445|5.1|5.1|1|8
0.2|96.02|1070|446|5.1|5.1|1|8
0.3|96.02|1064|447|5.1|5.1|1|8
0.4|96.05|1062|447|5.1|5.1|1|8
0.5|96.08|1059|447|5.1|5.1|2|8
0.6|95.77|1057|447|5.1|5.1|2|8
0.7|95.35|1057|448|5.1|5.1|2|8
0.8|94.9|1098|447|5.1|5.1|2|8
0.9|94.4|1260|447|5.1|5.1|2|8
1|93.93|1624|447|5.1|5.1|3|8
1.1|93.61|1765|448|5.2|5.2|3|8
1.2|93.47|1781|448|5.2|5.2|3|8
1.3|93.38|1789|448|5.2|5.2|3|8
1.4|93.31|1794|448|5.2|5.2|3|8
1.5|93.31|1799|449|5.2|5.2|3|8
1.6|93.34|1804|449|5.2|5.2|3|8
1.7|93.21|1807|449|5.2|5.2|3|8
1.8|93.35|1809|448|5.2|5.2|3|8
1.9|93.27|1812|448|5.2|5.2|3|8
2|93.25|1814|448|5.2|5.2|3|8
2.1|93.31|1814|449|5.2|5.2|3|8
2.2|93.22|1817|449|5.2|5.2|3|8
2.3|93.25|1820|449|5.2|5.2|3|8
2.4|93.29|1822|449|5.2|5.2|3|8
2.5|93.22|1822|449|5.2|5.2|3|8
2.6|93.31|1825|449|5.2|5.2|3|8
2.7|93.23|1825|449|5.2|5.2|3|8
2.8|93.26|1827|449|5.2|5.2|3|8
2.9|93.29|1830|450|5.2|5.2|3|8
3|93.23|1830|450|5.2|5.2|4|8
3.1|93.31|1832|450|5.2|5.2|4|8
3.2|93.64|1820|450|5.2|5.2|4|8
3.3|94.16|1322|450|5.2|5.2|5|8
3.4|94.51|1090|450|5.2|5.2|5|8
3.5|94.7|1082|450|5.2|5.2|5|8
3.6|94.67|1077|450|5.2|5.2|5|8
3.7|94.7|1075|450|5.2|5.2|5|8
3.8|94.75|1075|450|5.2|5.2|5|8
3.9|94.75|1075|450|5.2|5.2|5|8
4|94.75|1072|450|5.2|5.2|5|8
4.1|94.75|1072|450|5.2|5.2|5|8
4.2|94.75|1070|450|5.2|5.2|5|8
4.3|94.75|1070|450|5.2|5.2|5|8
4.4|94.75|1070|451|5.2|5.2|5|8
4.5|94.76|1070|451|5.2|5.2|5|8
4.6|94.75|1067|451|5.2|5.2|5|8
4.7|94.79|1067|451|5.2|5.2|5|8
4.8|94.75|1067|451|5.3|5.3|5|8
4.9|94.75|1067|451|5.3|5.3|5|8
5|94.72|1067|451|5.3|5.3|5|8
5.1|94.75|1064|451|5.3|5.3|5|8
5.2|94.76|1064|451|5.3|5.3|5|8
5.3|94.78|1064|451|5.3|5.3|2|8
5.4|94.76|1064|452|5.3|5.3|2|8
5.5|94.37|1064|452|5.3|5.3|2|8
5.6|93.96|1072|452|5.3|5.3|2|8
5.7|93.55|1657|451|5.3|5.3|3|8
5.8|93.22|1789|451|5.3|5.3|3|8
5.9|93.13|1807|451|5.3|5.3|3|8
6|93|1817|451|5.3|5.3|3|8
6.1|93.02|1822|451|5.3|5.3|3|8
6.2|92.94|1827|451|5.3|5.3|3|8
6.3|92.94|1832|452|5.3|5.3|3|8
6.4|92.94|1835|452|5.3|5.3|3|8
6.5|92.95|1838|451|5.3|5.3|3|8
6.6|92.94|1840|451|5.3|5.3|3|8
6.7|92.94|1843|451|5.3|5.3|3|8
6.8|92.94|1843|451|5.3|5.3|3|8
6.9|92.94|1845|451|5.3|5.3|3|8
7|92.92|1845|452|5.3|5.3|3|8
7.1|92.94|1845|452|5.3|5.3|3|8
7.2|92.92|1845|452|5.3|5.3|3|8
7.3|92.94|1848|452|5.3|5.3|3|8
7.4|92.94|1848|452|5.3|5.3|3|8
7.5|92.94|1848|452|5.3|5.3|3|8
7.6|92.94|1848|452|5.3|5.3|3|8
7.7|92.92|1851|452|5.3|5.3|4|8
7.8|92.92|1851|452|5.3|5.3|4|8
7.9|93.23|1840|452|5.3|5.3|4|8
8|93.77|1371|453|5.3|5.3|4|8
8.1|94.19|1085|454|5.3|5.3|5|8
8.2|94.24|1077|454|5.3|5.3|5|8
8.3|94.43|1075|454|5.3|5.3|5|8
8.4|94.45|1072|454|5.3|5.3|5|8
8.5|94.45|1070|454|5.3|5.3|5|8
8.6|94.48|1070|454|5.3|5.3|5|8
8.7|94.45|1070|454|5.3|5.3|5|8
8.8|94.44|1070|454|5.3|5.3|5|8
8.9|94.43|1067|454|5.3|5.3|5|8
9|94.44|1067|454|5.4|5.4|5|8
9.1|94.44|1067|454|5.4|5.4|5|8
9.2|94.45|1067|454|5.4|5.4|5|8
9.3|94.47|1064|454|5.4|5.4|5|8
9.4|94.47|1064|454|5.4|5.4|5|8
9.5|94.44|1064|454|5.4|5.4|5|8
9.6|94.39|1064|454|5.4|5.4|5|8
9.7|94.44|1064|454|5.4|5.4|5|8
9.8|94.45|1064|454|5.4|5.4|5|8
9.9|94.49|1062|454|5.4|5.4|5|8
10|94.44|1062|454|5.4|5.4|5|8
10.1|94.33|1067|449|5.4|5.4|2|8
10.2|94.12|1067|444|5.4|5.4|2|8
10.3|93.72|1067|443|5.4|5.4|2|8
10.4|93.26|1655|442|5.4|5.4|3|8
10.5|93.03|1807|443|5.4|5.4|3|8
10.6|92.88|1830|443|5.4|5.4|3|8
10.7|92.72|1840|443|5.4|5.4|3|8
10.8|92.71|1848|443|5.4|5.4|3|8
10.9|92.72|1853|443|5.4|5.4|3|8
11|92.7|1856|444|5.4|5.4|3|8
11.1|92.71|1871|434|5.4|5.4|3|8
11.2|92.71|1874|426|5.4|5.4|3|8
11.3|92.67|1876|424|5.4|5.4|3|8
11.4|92.67|1876|422|5.4|5.4|3|8
11.5|92.68|1879|422|5.4|5.4|3|8
11.6|92.7|1879|422|5.4|5.4|3|8
11.7|92.71|1879|422|5.4|5.4|3|8
11.8|92.71|1881|422|5.4|5.4|3|8
11.9|92.71|1881|422|5.4|5.4|3|8
12|92.68|1884|422|5.4|5.4|3|8
12.1|92.64|1884|422|5.4|5.4|3|8
12.2|92.67|1884|422|5.4|5.4|3|8
12.3|92.67|1884|422|5.4|5.4|3|8
12.4|92.7|1884|422|5.4|5.4|4|8
12.5|92.78|1884|422|5.4|5.4|4|8
12.6|93.03|1879|422|5.4|5.4|4|8
12.7|93.49|1366|422|5.4|5.4|5|8
12.8|93.9|1098|421|5.4|5.4|5|8
12.9|94.08|1093|420|5.4|5.4|5|8
13|94.12|1088|420|5.4|5.4|5|8
13.1|94.12|1085|420|5.4|5.4|5|8
13.2|94.19|1085|420|5.4|5.4|5|8
13.3|94.17|1082|420|5.4|5.4|5|8
13.4|94.12|1082|419|5.4|5.4|5|8
13.5|94.13|1082|419|5.4|5.4|5|8
13.6|94.13|1080|419|5.4|5.4|5|8
13.7|94.19|1080|419|5.4|5.4|5|8
13.8|94.15|1080|419|5.4|5.4|5|8
13.9|94.09|1080|418|5.4|5.4|5|8
14|94.12|1077|418|5.4|5.4|5|8
14.1|94.16|1077|418|5.4|5.4|5|8
14.2|94.21|1077|418|5.4|5.4|5|8
14.3|94.1|1077|418|5.4|5.4|5|8
14.4|94.12|1077|418|5.4|5.4|5|8
14.5|94.16|1077|418|5.4|5.4|5|8
14.6|94.19|1077|418|5.4|5.4|5|8
14.7|94.13|1077|418|5.4|5.4|2|8
14.8|94.05|1075|418|5.4|5.4|2|8
14.9|93.82|1077|418|5.4|5.4|2|8
15|93.35|1080|418|5.4|5.4|2|8
15.1|92.98|1786|419|5.4|5.4|3|8
15.2|92.72|1843|420|5.4|5.4|3|8
15.3|92.6|1861|421|5.4|5.4|3|8
15.4|92.58|1871|421|5.4|5.4|3|8
15.5|92.62|1879|421|5.4|5.4|3|8
15.6|92.51|1881|422|5.4|5.4|3|8
15.7|92.51|1887|422|5.4|5.4|3|8
15.8|92.51|1889|422|5.4|5.4|3|8
15.9|92.52|1892|422|5.4|5.4|3|8
16|92.52|1892|422|5.4|5.4|3|8
16.1|92.51|1894|422|5.4|5.4|3|8
16.2|92.47|1894|422|5.4|5.4|3|8
16.3|92.51|1894|422|5.4|5.4|3|8
16.4|92.51|1897|422|5.4|5.4|3|8
16.5|92.51|1897|422|5.4|5.4|3|8
16.6|92.45|1897|422|5.4|5.4|3|8
16.7|92.51|1897|422|5.4|5.4|3|8
16.8|92.51|1899|422|5.4|5.4|3|8
16.9|92.49|1899|422|5.4|5.4|3|8
17|92.48|1902|422|5.4|5.4|3|8
17.1|92.52|1902|422|5.4|5.4|4|8
17.2|92.53|1899|422|5.4|5.4|4|8
17.3|92.91|1874|422|5.4|5.4|4|8
17.4|93.46|1402|422|5.4|5.4|5|8
17.5|93.85|1098|421|5.4|5.4|5|8
17.6|93.98|1088|420|5.4|5.4|5|8
17.7|94.08|1085|420|5.4|5.4|5|8
17.8|94.1|1085|419|5.4|5.4|5|8
17.9|94.12|1082|419|5.4|5.4|5|8
18|94.09|1080|419|5.4|5.4|5|8
18.1|94.06|1080|418|5.4|5.4|5|8
18.2|94.06|1080|418|5.4|5.4|5|8
18.3|94.1|1077|418|5.4|5.4|5|8
18.4|94.12|1077|418|5.4|5.4|5|8
18.5|94.09|1077|418|5.4|5.4|5|8
18.6|94.05|1077|418|5.4|5.4|5|8
18.7|94.08|1077|418|5.4|5.4|5|8
18.8|94.15|1077|418|5.4|5.4|5|8
18.9|94.08|1075|418|5.4|5.4|5|8
19|94.05|1075|418|5.4|5.4|5|8
19.1|94.06|1075|418|5.4|5.4|5|8
19.2|94.05|1075|418|5.4|5.4|5|8
19.3|94.13|1075|418|5.4|5.4|5|8
19.4|94.15|1075|418|5.4|5.4|2|8
19.5|94.04|1072|418|5.4|5.4|2|8
19.6|93.72|1072|418|5.4|5.4|2|8
19.7|93.29|1142|417|5.4|5.4|2|8
19.8|92.9|1729|418|5.4|5.4|3|8
19.9|92.63|1838|419|5.4|5.4|3|8
20|92.62|1858|420|5.4|5.4|3|8
20.1|92.43|1876|418|5.4|5.4|3|8
20.2|92.39|1887|415|5.4|5.4|3|8
20.3|92.39|1889|414|5.4|5.4|3|8
20.4|92.41|1894|414|5.4|5.4|3|8
20.5|92.4|1897|414|5.4|5.4|3|8
20.6|92.37|1899|414|5.4|5.4|3|8
20.7|92.41|1902|414|5.4|5.4|3|8
20.8|92.36|1905|414|5.4|5.4|3|8
20.9|92.43|1905|414|5.4|5.4|3|8
21|92.36|1907|414|5.4|5.4|3|8
21.1|92.43|1915|409|5.4|5.4|3|8
21.2|92.37|1915|407|5.4|5.4|3|8
21.3|92.41|1918|405|5.4|5.4|3|8
21.4|92.37|1918|405|5.4|5.4|3|8
21.5|92.41|1918|405|5.4|5.4|3|8
21.6|92.39|1920|405|5.4|5.4|3|8
21.7|92.4|1920|405|5.4|5.4|3|8
21.8|92.37|1920|405|5.4|5.4|4|8
21.9|92.51|1920|405|5.4|5.4|4|8
22|92.79|1902|405|5.4|5.4|4|8
22.1|93.29|1701|405|5.4|5.4|4|8
22.2|93.8|1111|405|5.4|5.4|5|8
22.3|93.98|1095|404|5.4|5.4|5|8
22.4|94.09|1090|404|5.4|5.4|5|8
22.5|94.15|1090|404|5.4|5.4|5|8
22.6|94.2|1088|404|5.4|5.4|5|8
22.7|94.1|1085|404|5.4|5.4|5|8
22.8|94.15|1082|404|5.4|5.4|5|8
22.9|94.13|1082|404|5.4|5.4|5|8
23|94.13|1082|403|5.4|5.4|5|8
23.1|94.15|1080|403|5.4|5.4|5|8
23.2|94.13|1080|403|5.4|5.4|5|8
23.3|94.13|1080|403|5.4|5.4|5|8
23.4|94.15|1080|403|5.4|5.4|5|8
23.5|94.17|1080|403|5.4|5.4|5|8
23.6|94.2|1080|403|5.4|5.4|5|8
23.7|94.16|1077|403|5.4|5.4|5|8
23.8|94.13|1077|402|5.4|5.4|5|8
23.9|94.09|1077|402|5.4|5.4|5|8
24|94.15|1077|402|5.4|5.4|5|8
24.1|94.13|1077|402|5.4|5.4|5|8
24.2|94.19|1077|402|5.4|5.4|2|8
24.3|93.92|1077|402|5.4|5.4|2|8
24.4|93.55|1077|402|5.4|5.4|2|8
24.5|93.09|1526|402|5.4|5.4|2|8
24.6|92.7|1814|404|5.4|5.4|3|8
24.7|92.59|1861|404|5.4|5.4|3|8
24.8|92.62|1876|404|5.4|5.4|3|8
24.9|92.52|1887|404|5.4|5.4|3|8
25|92.41|1897|404|5.4|5.4|3|8
25.1|92.43|1902|404|5.4|5.4|3|8
25.2|92.47|1907|404|5.4|5.4|3|8
25.3|92.43|1912|404|5.4|5.4|3|8
25.4|92.43|1915|404|5.4|5.4|3|8
25.5|92.43|1918|404|5.4|5.4|3|8
25.6|92.44|1918|404|5.4|5.4|3|8
25.7|92.41|1920|404|5.4|5.4|3|8
25.8|92.44|1920|404|5.4|5.4|3|8
25.9|92.41|1920|404|5.4|5.4|3|8
26|92.43|1923|404|5.4|5.4|3|8
26.1|92.44|1923|404|5.4|5.4|3|8
26.2|92.41|1923|404|5.4|5.4|3|8
26.3|92.41|1923|404|5.4|5.4|3|8
26.4|92.45|1923|404|5.4|5.4|3|8
26.5|92.44|1925|404|5.4|5.4|3|8
26.6|92.47|1925|404|5.4|5.4|4|8
26.7|92.62|1918|404|5.4|5.4|4|8
26.8|93.09|1851|404|5.4|5.4|4|8
26.9|93.69|1160|404|5.4|5.4|5|8
27|93.98|1093|404|5.4|5.4|5|8
27.1|94.13|1090|403|5.4|5.4|5|8
27.2|94.21|1088|403|5.4|5.4|5|8
27.3|94.21|1085|403|5.4|5.4|5|8
27.4|94.17|1085|403|5.4|5.4|5|8
27.5|94.15|1082|403|5.4|5.4|5|8
27.6|94.19|1082|402|5.4|5.4|5|8
27.7|94.19|1080|402|5.4|5.4|5|8
27.8|94.19|1080|402|5.4|5.4|5|8
27.9|94.2|1080|402|5.4|5.4|5|8
28|94.19|1077|402|5.4|5.4|5|8
28.1|94.2|1077|402|5.4|5.4|5|8
28.2|94.23|1077|402|5.4|5.4|5|8
28.3|94.2|1077|402|5.4|5.4|5|8
28.4|94.15|1077|402|5.4|5.4|5|8
28.5|94.13|1077|402|5.4|5.4|5|8
28.6|94.17|1075|402|5.4|5.4|5|8
28.7|94.15|1075|402|5.4|5.4|5|8
28.8|94.19|1075|402|5.4|5.4|5|8
28.9|94.19|1075|402|5.4|5.4|2|8
29|94.12|1075|402|5.4|5.4|2|8
29.1|93.76|1075|402|5.4|5.4|2|8
29.2|93.29|1106|402|5.4|5.4|2|8
29.3|92.91|1758|402|5.4|5.4|3|8
29.4|92.62|1851|403|5.4|5.4|3|8
29.5|92.6|1871|404|5.4|5.4|3|8
29.6|92.52|1884|404|5.4|5.4|3|8
29.7|92.41|1894|404|5.4|5.4|3|8
29.8|92.44|1902|404|5.4|5.4|3|8
29.9|92.44|1907|404|5.4|5.4|3|8
30|92.43|1912|404|5.4|5.4|3|8
30.1|92.43|1918|404|5.4|5.4|3|8
30.2|92.43|1920|404|5.4|5.4|3|8
30.3|92.44|1923|404|5.4|5.4|3|8
30.4|92.41|1925|404|5.4|5.4|3|8
30.5|92.43|1925|404|5.4|5.4|3|8
30.6|92.44|1928|404|5.4|5.4|3|8
30.7|92.39|1930|404|5.4|5.4|3|8
30.8|92.44|1930|404|5.4|5.4|3|8
30.9|92.44|1930|404|5.4|5.4|3|8
31|92.43|1930|404|5.4|5.4|3|8
31.1|92.41|1936|401|5.4|5.4|3|8
31.2|92.41|1936|400|5.4|5.4|3|8
31.3|92.4|1938|400|5.4|5.4|4|8
31.4|92.53|1936|400|5.4|5.4|4|8
31.5|92.87|1897|400|5.4|5.4|4|8
31.6|93.31|1835|400|5.4|5.4|4|8
31.7|93.9|1131|400|5.4|5.4|5|8
31.8|94.17|1093|399|5.4|5.4|5|8
31.9|94.29|1088|398|5.4|5.4|5|8
32|94.32|1085|398|5.4|5.4|5|8
32.1|94.31|1085|398|5.4|5.4|5|8
32.2|94.32|1082|398|5.4|5.4|5|8
32.3|94.25|1082|398|5.4|5.4|5|8
32.4|94.33|1082|398|5.4|5.4|5|8
32.5|94.35|1080|398|5.4|5.4|5|8
32.6|94.37|1077|398|5.4|5.4|5|8
32.7|94.31|1080|398|5.4|5.4|5|8
32.8|94.32|1080|398|5.4|5.4|5|8
32.9|94.33|1077|398|5.4|5.4|5|8
33|94.32|1077|398|5.4|5.4|5|8
33.1|94.33|1077|398|5.4|5.4|5|8
33.2|94.35|1077|398|5.4|5.4|5|8
33.3|94.35|1077|398|5.4|5.4|5|8
33.4|94.39|1077|398|5.4|5.4|5|8
33.5|94.33|1077|398|5.4|5.4|5|8
33.6|94.32|1075|398|5.4|5.4|5|8
33.7|94.32|1075|398|5.4|5.4|2|8
33.8|94.28|1075|398|5.4|5.4|2|8
33.9|93.85|1075|398|5.4|5.4|2|8
34|93.38|1235|398|5.4|5.4|2|8
34.1|92.98|1768|398|5.4|5.4|3|8
34.2|92.68|1827|398|5.4|5.4|3|8
34.3|92.63|1866|398|5.4|5.4|3|8
34.4|92.59|1881|398|5.4|5.4|3|8
34.5|92.62|1889|398|5.4|5.4|3|8
34.6|92.53|1897|398|5.4|5.4|3|8
34.7|92.55|1905|398|5.4|5.4|3|8
34.8|92.59|1910|398|5.4|5.4|3|8
34.9|92.56|1915|398|5.4|5.4|3|8
35|92.58|1920|398|5.4|5.4|3|8
35.1|92.53|1923|398|5.4|5.4|3|8
35.2|92.56|1925|398|5.4|5.4|3|8
35.3|92.59|1928|399|5.4|5.4|3|8
35.4|92.55|1930|398|5.4|5.4|3|8
35.5|92.53|1933|398|5.4|5.4|3|8
35.6|92.59|1936|398|5.4|5.4|3|8
35.7|92.59|1936|398|5.4|5.4|3|8
35.8|92.56|1938|398|5.4|5.4|3|8
35.9|92.56|1938|398|5.4|5.4|3|8
36|92.58|1941|398|5.4|5.4|3|8
36.1|92.52|1941|398|5.4|5.4|4|8
36.2|92.74|1936|398|5.4|5.4|4|8
36.3|93.14|1876|398|5.4|5.4|4|8
36.4|93.64|1830|398|5.4|5.4|4|8
36.5|94.21|1327|400|5.4|5.4|5|8
36.6|94.43|1098|398|5.4|5.4|2|8
36.7|94.48|1090|398|5.4|5.4|2|8
36.8|94.52|1088|398|5.4|5.4|2|8
36.9|94.51|1085|398|5.4|5.4|2|8
37|94.37|1085|398|5.4|5.4|2|8
37.1|94.28|1082|397|5.4|5.4|2|8
37.2|94.39|1082|397|5.4|5.4|2|8
37.3|94.28|1080|397|5.4|5.4|2|8
37.4|94.17|1080|397|5.4|5.4|2|8
37.5|94.05|1080|397|5.4|5.4|2|8
37.6|94.04|1080|397|5.4|5.4|2|8
37.7|93.97|1080|397|5.4|5.4|2|8
37.8|93.89|1082|396|5.4|5.4|2|8
37.9|93.86|1116|397|5.4|5.4|2|8
38|93.78|1082|396|5.4|5.4|2|8
38.1|93.8|1124|397|5.4|5.4|2|8
38.2|93.61|1095|398|5.4|5.4|2|8
38.3|93.6|1116|397|5.4|5.4|2|8
38.4|93.54|1250|397|5.4|5.4|2|8
38.5|93.53|1142|398|5.4|5.4|2|8
38.6|93.41|1206|398|5.4|5.4|2|8
38.7|93.31|1152|397|5.4|5.4|2|8
38.8|93.23|1196|397|5.4|5.4|2|8
38.9|93.22|1330|397|5.4|5.4|2|8
39|93.19|1570|398|5.4|5.4|2|8
39.1|93.19|1131|398|5.4|5.4|2|8
39.2|93.21|1080|396|5.4|5.4|2|8
39.3|93.18|1147|396|5.4|5.4|2|8
39.4|93.07|1634|396|5.4|5.4|2|8
39.5|93.1|1724|397|5.4|5.4|2|8
39.6|93.21|1727|398|5.4|5.4|2|8
39.7|93.45|1459|398|5.4|5.4|2|8
39.8|93.53|1088|397|5.4|5.4|2|8
39.9|93.57|1082|396|5.4|5.4|2|8
40|93.62|1080|396|5.4|5.4|2|8
40.1|93.57|1077|396|5.4|5.4|2|8
40.2|93.54|1077|396|5.4|5.4|2|8
40.3|93.38|1108|396|5.4|5.4|2|8
40.4|93.41|1075|396|5.4|5.4|2|8
40.5|93.35|1162|396|5.4|5.4|2|8
40.6|93.22|1080|396|5.4|5.4|2|8
40.7|93.22|1072|396|5.4|5.4|2|8
40.8|93.18|1090|396|5.4|5.4|2|8
40.9|92.99|1304|396|5.4|5.4|2|8
41|93|1312|397|5.4|5.4|2|8
41.1|92.96|1461|396|5.4|5.4|2|8
41.2|92.87|1688|394|5.4|5.4|2|8
41.3|92.94|1652|394|5.4|5.4|2|8
41.4|93.18|1193|394|5.4|5.4|2|8
41.5|93.25|1082|394|5.4|5.4|2|8
41.6|93.29|1077|394|5.4|5.4|2|8
41.7|93.25|1077|394|5.4|5.4|2|8
41.8|93.26|1077|394|5.4|5.4|2|8
41.9|93.18|1077|393|5.4|5.4|2|8
42|93|1077|393|5.4|5.4|2|8
42.1|93|1080|393|5.4|5.4|2|8
42.2|93|1082|394|5.4|5.4|2|8
42.3|92.9|1312|394|5.4|5.4|2|8
42.4|92.83|1631|394|5.4|5.4|2|8
42.5|92.86|1595|394|5.4|5.4|2|8
42.6|93.04|1131|394|5.4|5.4|2|8
42.7|93.11|1080|393|5.4|5.4|2|8
42.8|93.14|1077|393|5.4|5.4|2|8
42.9|93.02|1077|393|5.4|5.4|2|8
43|93.02|1075|393|5.4|5.4|2|8
43.1|92.95|1082|393|5.4|5.4|2|8
43.2|92.88|1095|393|5.4|5.4|2|8
43.3|92.87|1394|394|5.4|5.4|2|8
43.4|92.71|1307|394|5.4|5.4|2|8
43.5|92.66|1296|394|5.4|5.4|2|8
43.6|92.64|1232|394|5.4|5.4|2|8
43.7|92.64|1193|393|5.4|5.4|2|8
43.8|92.56|1392|394|5.4|5.4|2|8
43.9|92.35|1381|394|5.4|5.4|2|8
44|92.33|1106|393|5.4|5.4|2|8
44.1|92.37|1338|393|5.4|5.4|2|8
44.2|92.23|1405|393|5.4|5.4|2|8
44.3|92.15|1302|393|5.4|5.4|2|8
44.4|92.13|1229|394|5.4|5.4|2|8
44.5|92.01|1296|393|5.4|5.4|2|8
44.6|91.98|1147|394|5.4|5.4|2|8
44.7|91.9|1198|393|5.4|5.4|2|8
44.8|91.84|1186|393|5.4|5.4|2|8
44.9|91.76|1224|394|5.4|5.4|2|8
45|91.72|1126|394|5.4|5.4|2|8
45.1|91.58|1137|393|5.4|5.4|2|8
45.2|91.56|1180|392|5.4|5.4|2|8
45.3|91.49|1206|392|5.4|5.4|2|8
45.4|91.37|1351|392|5.4|5.4|2|8
45.5|91.26|1240|393|5.4|5.4|2|8
45.6|91.25|1173|393|5.4|5.4|2|8
45.7|91.22|1271|394|5.4|5.4|2|8
45.8|91.03|1222|394|5.4|5.4|2|8
45.9|91.02|1291|394|5.4|5.4|2|8
46|90.88|1263|393|5.4|5.4|2|8
46.1|90.8|1095|392|5.4|5.4|2|8
46.2|90.7|1196|392|5.4|5.4|2|8
46.3|90.6|1168|394|5.4|5.4|2|8
46.4|90.59|1152|393|5.4|5.4|2|8
46.5|90.52|1147|393|5.4|5.4|2|8
46.6|90.4|1186|393|5.4|5.4|2|8
46.7|90.32|1314|392|5.4|5.4|2|8
46.8|90.21|1219|393|5.4|5.4|2|8
46.9|90.12|1149|393|5.4|5.4|2|8
47|90.03|1216|392|5.4|5.4|2|8
47.1|89.86|1242|392|5.4|5.4|2|8
47.2|89.84|1160|393|5.4|5.4|2|8
47.3|89.7|1188|392|5.4|5.4|2|8
47.4|89.73|1175|392|5.4|5.4|2|8
47.5|89.49|1183|392|5.4|5.4|2|8
47.6|89.49|1345|392|5.4|5.4|2|8
47.7|89.31|1260|393|5.4|5.4|2|8
47.8|89.25|1286|394|5.4|5.4|2|8
47.9|89.13|1129|393|5.4|5.4|2|8
48|89.07|1281|394|5.4|5.4|2|8
48.1|88.98|1247|393|5.4|5.4|2|8
48.2|88.84|1260|392|5.4|5.4|2|8
48.3|88.74|1229|392|5.4|5.4|2|8
48.4|88.6|1173|392|5.4|5.4|2|8
48.5|88.52|1224|392|5.4|5.4|2|8
48.6|88.37|1165|392|5.4|5.4|2|8
48.7|88.28|1134|392|5.4|5.4|2|8
48.8|88.2|1131|392|5.4|5.4|2|8
48.9|88.04|1214|392|5.4|5.4|2|8
49|87.97|1186|392|5.4|5.4|2|8
49.1|87.84|1343|392|5.4|5.4|2|8
49.2|87.66|1149|392|5.4|5.4|2|8
49.3|87.58|1281|392|5.4|5.4|2|8
49.4|87.44|1188|393|5.4|5.4|2|8
49.5|87.39|1348|394|5.4|5.4|2|8
49.6|87.21|1232|394|5.4|5.4|2|8
49.7|87.09|1286|392|5.4|5.4|2|8
49.8|86.97|1204|392|5.4|5.4|2|8
49.9|86.86|1258|392|5.4|5.4|2|8
50|86.74|1170|392|5.4|5.4|2|8
50.1|86.58|1173|392|5.4|5.4|2|8
50.2|86.42|1253|392|5.4|5.4|2|8
50.3|86.29|1307|392|5.4|5.4|2|8
50.4|86.17|1325|394|5.4|5.4|2|8
50.5|86.04|1338|393|5.4|5.4|2|8
50.6|85.95|1268|392|5.4|5.4|2|8
50.7|85.73|1273|392|5.4|5.4|2|8
50.8|85.6|1198|392|5.4|5.4|2|8
50.9|85.42|1227|392|5.4|5.4|2|8
51|85.31|1219|392|5.4|5.4|2|8
51.1|85.19|1250|392|5.4|5.4|2|8
51.2|85.02|1338|393|5.4|5.4|2|8
51.3|84.9|1209|392|5.4|5.4|2|8
51.4|84.76|1211|392|5.4|5.4|2|8
51.5|84.54|1260|392|5.4|5.4|2|8
51.6|84.35|1160|393|5.4|5.4|2|8
51.7|84.23|1201|393|5.4|5.4|2|8
51.8|84.09|1314|392|5.4|5.4|2|8
51.9|83.92|1286|394|5.4|5.4|2|8
52|83.77|1191|393|5.4|5.4|2|8
52.1|83.61|1397|393|5.4|5.4|2|8
52.2|83.42|1271|394|5.4|5.4|2|8
52.3|83.26|1338|393|5.4|5.4|2|8
52.4|83.07|1325|394|5.4|5.4|2|8
52.5|82.9|1188|394|5.4|5.4|2|8
52.6|82.72|1193|393|5.4|5.4|2|8
52.7|82.55|1247|393|5.4|5.4|2|8
52.8|82.36|1281|394|5.4|5.4|2|8
52.9|82.17|1387|393|5.4|5.4|2|8
53|82.03|1183|393|5.4|5.4|2|8
53.1|81.8|1309|393|5.4|5.4|2|8
53.2|81.68|1281|394|5.4|5.4|2|8
53.3|81.44|1299|393|5.4|5.4|2|8
53.4|81.22|1387|393|5.4|5.4|2|8
53.5|81.07|1260|394|5.4|5.4|2|8
53.6|80.51|1735|393|5.4|5.4|6|8
53.7|78.15|1961|393|5.4|5.4|6|8
53.8|75.18|428|393|5.4|5.4|7|8
53.9|72.47|0|390|5.4|5.4|7|8
54|71.09|0|390|5.4|5.4|7|8
54.1|70.5|0|390|5.4|5.4|7|8
54.2|70.3|0|389|5.4|5.4|7|8
54.3|70.18|0|389|5.4|5.4|7|8
54.4|70.07|0|389|5.4|5.4|7|8
54.5|70.03|0|389|5.4|5.4|7|8
54.6|70.15|0|389|5.4|5.4|7|8
54.7|70.06|0|389|5.4|5.4|7|8
54.8|70.11|0|389|5.4|5.4|7|8
54.9|70.08|0|389|5.4|5.4|7|8
55|70.06|0|389|5.4|5.4|7|8
55.1|70.11|0|389|5.4|5.4|7|8
55.2|70.07|0|389|5.4|5.4|7|8
55.3|70.04|0|389|5.4|5.4|7|8
55.4|70.03|0|389|5.4|5.4|7|8
55.5|70.11|0|389|5.4|5.4|7|8
55.6|70.06|0|389|5.4|5.4|7|8
55.7|70.04|0|389|5.4|5.4|7|8
55.8|70.07|0|389|5.4|5.4|7|8
55.9|70.03|0|389|5.4|5.4|7|8
56|70.1|0|389|5.4|5.4|7|8
56.1|70.04|0|389|5.4|5.4|7|8
56.2|70.1|0|389|5.4|5.4|7|8
56.3|70.04|0|389|5.4|5.4|7|8
56.4|70.11|0|389|5.4|5.4|7|8
56.5|70.06|0|389|5.4|5.4|7|8
56.6|70.04|0|389|5.4|5.4|7|8
56.7|70.1|0|389|5.4|5.4|7|8
56.8|70.04|0|389|5.4|5.4|7|8
56.9|70.1|0|389|5.4|5.4|7|8
57|70.04|0|389|5.4|5.4|7|8
57.1|70.04|0|389|5.4|5.4|7|8
57.2|70.06|0|389|5.4|5.4|7|8
57.3|70.04|0|389|5.4|5.4|7|8
57.4|70.07|0|389|5.4|5.4|7|8
57.5|70.04|0|389|5.4|5.4|7|8
57.6|70.06|0|389|5.4|5.4|7|8
57.7|70.04|0|389|5.4|5.4|7|8
57.8|70.04|0|389|5.4|5.4|7|8
57.9|70.06|0|389|5.4|5.4|7|8
58|70.07|0|389|5.4|5.4|7|8
58.1|70.07|0|389|5.4|5.4|7|8
58.2|70.06|0|389|5.4|5.4|7|8
58.3|70.06|0|389|5.4|5.4|7|8
58.4|70.04|0|389|5.4|5.4|7|8
58.5|70.04|0|389|5.4|5.4|7|8
58.6|70.03|0|389|5.4|5.4|7|8
58.7|70.08|0|389|5.4|5.4|7|8
58.8|70.07|0|390|5.4|5.4|7|8
58.9|70.06|0|389|5.4|5.4|7|8
59|70.03|0|389|5.4|5.4|7|8
59.1|70.03|0|389|5.4|5.4|7|8
59.2|70.1|0|389|5.4|5.4|7|8
59.3|70.04|0|389|5.4|5.4|7|8
59.4|70.04|0|389|5.4|5.4|7|8
59.5|70.02|0|389|5.4|5.4|7|8
59.6|70.08|0|389|5.4|5.4|7|8
59.7|70.04|0|389|5.4|5.4|7|8
59.8|70.06|0|389|5.4|5.4|7|8
59.9|70.06|0|389|5.4|5.4|7|8
60|70.04|0|389|5.4|5.4|7|8
60.1|70.03|0|389|5.4|5.4|7|8
60.2|70.02|0|389|5.4|5.4|7|8
60.3|70.07|0|389|5.4|5.4|7|8
60.4|70.06|0|389|5.4|5.4|7|8
60.5|70.03|0|389|5.4|5.4|7|8
60.6|70.03|0|389|5.4|5.4|7|8
60.7|70.03|0|389|5.4|5.4|7|8
60.8|70.06|0|389|5.4|5.4|7|8
60.9|70.07|0|389|5.4|5.4|7|8
61|70.04|0|389|5.4|5.4|7|8
61.1|70.06|0|389|5.4|5.4|7|8
61.2|70.03|0|389|5.4|5.4|7|8
61.3|70.03|0|389|5.4|5.4|7|8
61.4|70.06|0|389|5.4|5.4|7|8
61.5|70.07|0|389|5.4|5.4|7|8
61.6|70.04|0|389|5.4|5.4|7|8
61.7|70.04|0|389|5.4|5.4|7|8
61.8|70.04|0|389|5.4|5.4|7|8
61.9|70.04|0|389|5.4|5.4|7|8
62|70.04|0|389|5.4|5.4|7|8
62.1|70.04|0|389|5.4|5.4|7|8
62.2|70.03|0|389|5.4|5.4|7|8
62.3|70.02|0|389|5.4|5.4|7|8
62.4|70.02|0|390|5.4|5.4|7|8
62.5|70.07|0|389|5.4|5.4|7|8
62.6|70.06|0|390|5.4|5.4|7|8
62.7|70.03|0|390|5.4|5.4|7|8
62.8|70.03|0|389|5.4|5.4|7|8
62.9|70.03|0|389|5.4|5.4|7|8
63|70.04|0|389|5.4|5.4|7|8
63.1|70.06|0|389|5.4|5.4|7|8
63.2|70.06|0|389|5.4|5.4|7|8
63.3|70.04|0|389|5.4|5.4|7|8
63.4|70.04|0|389|5.4|5.4|7|8
63.5|70.04|0|389|5.4|5.4|7|8
63.6|70.04|0|389|5.4|5.4|7|8
63.7|70.04|0|389|5.4|5.4|7|8
63.8|70.04|0|389|5.4|5.4|7|8
63.9|70.04|0|389|5.4|5.4|7|8
64|70.02|0|390|5.4|5.4|7|8
64.1|70.02|0|397|5.4|5.4|7|8
64.2|70.03|0|402|5.4|5.4|7|8
64.3|70|0|404|5.4|5.4|7|8
64.4|70.02|0|404|5.4|5.4|7|8
64.5|70.03|0|404|5.4|5.4|7|8
64.6|70.02|0|404|5.4|5.4|7|8
64.7|70.02|0|404|5.4|5.4|7|8
64.8|70.07|0|404|5.4|5.4|7|8
64.9|70.07|0|404|5.4|5.4|7|8
65|70.04|0|404|5.4|5.4|7|8
65.1|70.06|0|404|5.4|5.4|7|8
65.2|70.03|0|404|5.4|5.4|7|8
65.3|70.03|0|404|5.4|5.4|7|8
65.4|70.03|0|404|5.4|5.4|7|8
65.5|70.03|0|404|5.4|5.4|7|8
65.6|70.03|0|404|5.4|5.4|7|8
65.7|70.02|0|404|5.4|5.4|7|8
65.8|70|0|404|5.4|5.4|7|8
65.9|70|0|404|5.4|5.4|7|8
66|70.02|0|404|5.4|5.4|7|8
66.1|70.02|0|404|5.4|5.4|7|8
66.2|70.02|0|404|5.4|5.4|7|8
66.3|70.03|0|404|5.4|5.4|7|8
66.4|70.03|0|404|5.4|5.4|7|8
66.5|70.04|0|404|5.4|5.4|7|8
66.6|70.06|0|404|5.4|5.4|7|8
66.7|70.04|0|404|5.4|5.4|7|8
66.8|70.04|0|404|5.4|5.4|8|8
66.9|70.1|0|404|5.3|5.3|8|8
67|69.88|0|404|5.4|5.4|8|8
67.1|70|0|404|5.4|5.4|8|8
67.2|69.96|0|404|5.4|5.4|8|8
67.3|69.98|0|404|5.4|5.4|8|8
67.4|70.06|0|404|5.4|5.4|8|8
67.5|69.92|0|404|5.4|5.4|8|8
67.6|69.99|0|404|5.4|5.4|8|8
67.7|70.02|0|404|5.4|5.4|8|8
67.8|69.94|0|404|5.4|5.4|8|8
67.9|69.99|0|404|5.3|5.3|8|8
68|70.08|0|404|5.3|5.3|8|8
68.1|69.95|0|404|5.3|5.3|8|8
68.2|69.98|0|404|5.3|5.3|8|8
68.3|69.96|0|404|5.2|5.3|8|8
68.4|69.96|0|404|5.3|5.3|8|8
68.5|70.03|0|404|5.3|5.3|8|8
68.6|70|0|404|5.3|5.3|8|8
68.7|70.02|0|404|5.3|5.2|8|8
68.8|70|0|404|5.2|5.2|8|8
68.9|72.34|0|404|5.2|5.2|8|8
69|75.36|0|404|5.2|5.2|8|8
69.1|78.38|0|404|5.2|5.2|8|8
69.2|81.36|0|404|5.2|5.2|8|8
69.3|84.32|0|404|5.2|5.2|8|8
69.4|87.23|0|404|5.2|5.2|8|8
69.5|90.16|0|404|5.2|5.2|8|8
69.6|93.1|0|404|5.2|5.2|8|8
69.7|94.91|0|404|5.2|5.2|8|8
69.8|95.62|0|404|5.2|5.2|8|8
