0|96.04|959|416|5.2|5.2|1|8
0.1|96.04|1075|421|5.2|5.2|1|8
0.2|96.02|1077|424|5.2|5.2|1|8
0.3|95.98|1077|424|5.2|5.2|1|8
0.4|96|1075|424|5.2|5.2|1|8
0.5|96.06|1075|424|5.2|5.2|2|8
0.6|95.78|1075|424|5.2|5.2|2|8
0.7|95.35|1474|426|5.2|5.2|2|8
0.8|94.98|1639|428|5.2|5.2|3|8
0.9|94.78|1660|430|5.2|5.2|3|8
1|94.79|1668|430|5.2|5.2|3|8
1.1|94.66|1678|430|5.2|5.2|3|8
1.2|94.59|1683|430|5.2|5.2|3|8
1.3|94.52|1686|430|5.2|5.2|3|8
1.4|94.63|1688|430|5.2|5.2|3|8
1.5|94.63|1691|430|5.2|5.2|3|8
1.6|94.53|1696|430|5.2|5.2|3|8
1.7|94.63|1698|430|5.2|5.2|3|8
1.8|94.64|1701|430|5.2|5.2|3|8
1.9|94.55|1704|430|5.2|5.2|3|8
2|94.53|1704|430|5.2|5.2|3|8
2.1|94.63|1704|430|5.2|5.2|3|8
2.2|94.66|1706|430|5.3|5.3|3|8
2.3|94.55|1709|430|5.3|5.3|3|8
2.4|94.56|1709|430|5.3|5.3|3|8
2.5|94.55|1711|430|5.3|5.3|3|8
2.6|94.6|1711|430|5.3|5.3|3|8
2.7|94.64|1716|430|5.3|5.3|3|8
2.8|94.61|1716|430|5.3|5.3|4|8
2.9|94.83|1714|430|5.3|5.3|4|8
3|95.29|1629|430|5.3|5.3|4|8
3.1|95.77|1108|429|5.3|5.3|5|8
3.2|96.04|1085|427|5.3|5.3|5|8
3.3|96.14|1082|426|5.3|5.3|5|8
3.4|96.08|1080|426|5.3|5.3|5|8
3.5|96.19|1080|426|5.3|5.3|5|8
3.6|96.24|1077|426|5.3|5.3|5|8
3.7|96.19|1077|426|5.3|5.3|5|8
3.8|96.12|1077|426|5.3|5.3|5|8
3.9|96.19|1077|426|5.3|5.3|5|8
4|96.19|1077|426|5.3|5.3|5|8
4.1|96.19|1077|426|5.3|5.3|5|8
4.2|96.12|1075|426|5.3|5.3|5|8
4.3|96.17|1075|426|5.3|5.3|5|8
4.4|96.2|1075|426|5.3|5.3|5|8
4.5|96.19|1075|426|5.3|5.3|5|8
4.6|96.16|1075|426|5.3|5.3|5|8
4.7|96.12|1077|426|5.3|5.3|5|8
4.8|96.17|1077|426|5.3|5.3|5|8
4.9|96.19|1077|426|5.3|5.3|5|8
5|96.19|1077|426|5.3|5.3|5|8
5.1|96.17|1077|426|5.3|5.3|2|8
5.2|96|1077|426|5.3|5.3|2|8
5.3|95.61|1077|426|5.3|5.3|2|8
5.4|95.21|1144|426|5.3|5.3|2|8
5.5|94.79|1655|428|5.3|5.3|3|8
5.6|94.45|1704|430|5.3|5.3|3|8
5.7|94.35|1714|430|5.3|5.3|3|8
5.8|94.24|1719|430|5.3|5.3|3|8
5.9|94.28|1722|430|5.4|5.4|3|8
6|94.12|1724|430|5.4|5.4|3|8
6.1|94.19|1727|431|5.4|5.4|3|8
6.2|94.17|1729|431|5.4|5.4|3|8
6.3|94.21|1729|431|5.4|5.4|3|8
6.4|94.17|1732|431|5.4|5.4|3|8
6.5|94.15|1735|431|5.4|5.4|3|8
6.6|94.19|1735|431|5.4|5.4|3|8
6.7|94.25|1737|431|5.4|5.4|3|8
6.8|94.12|1737|431|5.4|5.4|3|8
6.9|94.21|1740|431|5.4|5.4|3|8
7|94.13|1740|431|5.4|5.4|3|8
7.1|94.2|1740|432|5.4|5.4|3|8
7.2|94.16|1740|431|5.4|5.4|3|8
7.3|94.17|1742|431|5.4|5.4|3|8
7.4|94.23|1745|432|5.4|5.4|3|8
7.5|94.13|1745|432|5.4|5.4|4|8
7.6|94.32|1745|432|5.4|5.4|4|8
7.7|94.64|1737|432|5.4|5.4|4|8
7.8|95.1|1688|431|5.4|5.4|4|8
7.9|95.63|1559|431|5.4|5.4|4|8
8|96.1|1095|430|5.4|5.4|5|8
8.1|96.24|1088|428|5.4|5.4|5|8
8.2|96.31|1085|428|5.4|5.4|5|8
8.3|96.32|1085|428|5.4|5.4|5|8
8.4|96.41|1082|428|5.4|5.4|5|8
8.5|96.44|1082|428|5.4|5.4|5|8
8.6|96.36|1082|427|5.4|5.4|5|8
8.7|96.35|1082|427|5.4|5.4|5|8
8.8|96.32|1082|427|5.4|5.4|5|8
8.9|96.29|1082|427|5.4|5.4|5|8
9|96.36|1082|427|5.4|5.4|5|8
9.1|96.41|1080|427|5.4|5.4|5|8
9.2|96.47|1082|427|5.5|5.4|5|8
9.3|96.36|1082|427|5.5|5.4|5|8
9.4|96.32|1082|426|5.5|5.5|5|8
9.5|96.31|1082|426|5.5|5.5|5|8
9.6|96.33|1082|426|5.5|5.5|5|8
9.7|96.43|1082|426|5.5|5.5|5|8
9.8|96.41|1082|426|5.5|5.5|5|8
9.9|96.4|1082|426|5.5|5.5|5|8
10|96.33|1082|426|5.5|5.5|2|8
10.1|96.1|1082|426|5.5|5.5|2|8
10.2|95.65|1082|426|5.5|5.5|2|8
10.3|95.22|1139|426|5.5|5.5|2|8
10.4|94.79|1335|426|5.5|5.5|2|8
10.5|94.37|1709|428|5.5|5.5|3|8
10.6|94.05|1737|430|5.5|5.5|3|8
10.7|93.96|1742|430|5.5|5.5|3|8
10.8|93.94|1753|430|5.5|5.5|3|8
10.9|93.9|1771|426|5.5|5.5|3|8
11|93.84|1786|411|5.5|5.5|3|8
11.1|93.86|1789|406|5.5|5.5|3|8
11.2|93.9|1789|404|5.5|5.5|3|8
11.3|93.92|1791|404|5.5|5.5|3|8
11.4|93.89|1794|404|5.5|5.5|3|8
11.5|93.86|1794|404|5.5|5.5|3|8
11.6|93.84|1796|404|5.5|5.5|3|8
11.7|93.85|1794|403|5.5|5.5|3|8
11.8|93.9|1796|403|5.5|5.5|3|8
11.9|93.93|1796|403|5.5|5.5|3|8
12|93.89|1799|403|5.5|5.5|3|8
12.1|93.85|1799|403|5.5|5.5|3|8
12.2|93.84|1799|404|5.5|5.5|3|8
12.3|93.84|1799|404|5.5|5.5|3|8
12.4|93.89|1799|404|5.5|5.5|3|8
12.5|93.86|1799|404|5.5|5.5|4|8
12.6|94.16|1796|403|5.5|5.5|4|8
12.7|94.48|1765|404|5.5|5.5|4|8
12.8|95.02|1399|404|5.5|5.5|4|8
12.9|95.41|1106|402|5.5|5.5|5|8
13|95.55|1101|402|5.5|5.5|5|8
13.1|95.63|1101|401|5.5|5.5|5|8
13.2|95.62|1098|401|5.5|5.5|5|8
13.3|95.65|1095|401|5.5|5.5|5|8
13.4|95.66|1095|401|5.5|5.5|5|8
13.5|95.74|1095|400|5.5|5.5|5|8
13.6|95.7|1095|401|5.5|5.5|5|8
13.7|95.65|1093|401|5.5|5.5|5|8
13.8|95.63|1093|400|5.5|5.5|5|8
13.9|95.68|1093|400|5.5|5.5|5|8
14|95.7|1093|400|5.5|5.5|5|8
14.1|95.69|1093|400|5.5|5.5|5|8
14.2|95.65|1090|400|5.5|5.5|5|8
14.3|95.65|1090|400|5.5|5.5|5|8
14.4|95.63|1093|400|5.5|5.5|5|8
14.5|95.66|1090|400|5.5|5.5|5|8
14.6|95.7|1090|400|5.5|5.5|5|8
14.7|95.68|1090|400|5.5|5.5|5|8
14.8|95.63|1090|400|5.5|5.5|5|8
14.9|95.7|1090|400|5.5|5.5|2|8
15|95.37|1090|400|5.5|5.5|2|8
15.1|94.95|1090|400|5.5|5.5|2|8
15.2|94.51|1317|400|5.5|5.5|2|8
15.3|94.04|1742|401|5.5|5.5|3|8
15.4|93.88|1776|402|5.5|5.5|3|8
15.5|93.84|1789|402|5.5|5.5|3|8
15.6|93.7|1796|402|5.5|5.5|3|8
15.7|93.62|1799|402|5.5|5.5|3|8
15.8|93.65|1807|402|5.5|5.5|3|8
15.9|93.72|1809|402|5.5|5.5|3|8
16|93.68|1814|402|5.5|5.5|3|8
16.1|93.65|1817|402|5.5|5.5|3|8
16.2|93.72|1817|402|5.5|5.5|3|8
16.3|93.68|1820|402|5.5|5.5|3|8
16.4|93.69|1820|402|5.5|5.5|3|8
16.5|93.66|1820|402|5.5|5.5|3|8
16.6|93.65|1822|402|5.6|5.5|3|8
16.7|93.69|1822|402|5.5|5.5|3|8
16.8|93.69|1825|403|5.5|5.5|3|8
16.9|93.68|1825|403|5.6|5.6|3|8
17|93.65|1825|403|5.6|5.6|3|8
17.1|93.66|1827|403|5.5|5.6|3|8
17.2|93.72|1827|402|5.6|5.6|3|8
17.3|93.72|1827|402|5.6|5.6|4|8
17.4|93.86|1822|403|5.6|5.6|4|8
17.5|94.36|1771|403|5.6|5.6|4|8
17.6|94.87|1168|403|5.6|5.6|5|8
17.7|95.1|1106|402|5.6|5.6|5|8
17.8|95.23|1103|401|5.6|5.6|5|8
17.9|95.26|1101|401|5.6|5.6|5|8
18|95.29|1098|401|5.6|5.6|5|8
18.1|95.33|1098|400|5.6|5.6|5|8
18.2|95.31|1098|400|5.6|5.6|5|8
18.3|95.33|1095|400|5.6|5.6|5|8
18.4|95.37|1095|400|5.6|5.6|5|8
18.5|95.34|1095|400|5.6|5.6|5|8
18.6|95.26|1093|400|5.6|5.6|5|8
18.7|95.33|1095|400|5.6|5.6|5|8
18.8|95.33|1093|400|5.6|5.6|5|8
18.9|95.34|1093|400|5.6|5.6|5|8
19|95.31|1093|400|5.6|5.6|5|8
19.1|95.31|1093|400|5.6|5.6|5|8
19.2|95.3|1093|400|5.6|5.6|5|8
19.3|95.31|1093|400|5.6|5.6|5|8
19.4|95.33|1093|400|5.6|5.6|5|8
19.5|95.3|1093|400|5.6|5.6|5|8
19.6|95.3|1093|400|5.6|5.6|2|8
19.7|95.21|1093|400|5.6|5.6|2|8
19.8|94.87|1090|400|5.6|5.6|2|8
19.9|94.45|1173|400|5.6|5.6|2|8
20|93.98|1735|401|5.6|5.6|3|8
20.1|93.73|1794|402|5.6|5.6|3|8
20.2|93.51|1812|402|5.6|5.6|3|8
20.3|93.47|1820|402|5.6|5.6|3|8
20.4|93.55|1822|402|5.6|5.6|3|8
20.5|93.53|1825|402|5.6|5.6|3|8
20.6|93.54|1830|402|5.6|5.6|3|8
20.7|93.53|1832|402|5.6|5.6|3|8
20.8|93.54|1835|402|5.6|5.6|3|8
20.9|93.53|1838|401|5.6|5.6|3|8
21|93.5|1840|399|5.6|5.6|3|8
21.1|93.53|1840|398|5.6|5.6|3|8
21.2|93.55|1840|398|5.6|5.6|3|8
21.3|93.53|1840|398|5.6|5.6|3|8
21.4|93.53|1843|398|5.6|5.6|3|8
21.5|93.54|1843|398|5.6|5.6|3|8
21.6|93.5|1843|398|5.6|5.6|3|8
21.7|93.51|1845|398|5.6|5.6|3|8
21.8|93.47|1845|398|5.6|5.6|3|8
21.9|93.55|1845|398|5.6|5.6|3|8
22|93.5|1845|398|5.6|5.6|4|8
22.1|93.74|1845|398|5.6|5.6|4|8
22.2|94.17|1796|398|5.6|5.6|4|8
22.3|94.66|1155|398|5.6|5.6|5|8
22.4|94.92|1108|398|5.6|5.6|5|8
22.5|95|1103|397|5.6|5.6|5|8
22.6|95.11|1103|397|5.6|5.6|5|8
22.7|95.11|1101|396|5.6|5.6|5|8
22.8|95.08|1101|397|5.6|5.6|5|8
22.9|95.06|1098|396|5.6|5.6|5|8
23|95.03|1098|397|5.6|5.6|5|8
23.1|95.07|1098|396|5.6|5.6|5|8
23.2|95.11|1095|396|5.6|5.6|5|8
23.3|95.08|1095|396|5.6|5.6|5|8
23.4|95.02|1095|396|5.6|5.6|5|8
23.5|95.07|1095|396|5.6|5.6|5|8
23.6|95.1|1095|396|5.6|5.6|5|8
23.7|95.1|1095|396|5.6|5.6|5|8
23.8|95.07|1095|396|5.6|5.6|5|8
23.9|95.02|1095|396|5.6|5.6|5|8
24|95.08|1095|396|5.6|5.6|5|8
24.1|95.1|1095|396|5.6|5.6|5|8
24.2|95.07|1095|396|5.6|5.6|5|8
24.3|95.07|1095|396|5.6|5.6|2|8
24.4|94.91|1095|396|5.6|5.6|2|8
24.5|94.61|1093|396|5.6|5.6|2|8
24.6|94.15|1320|396|5.6|5.6|2|8
24.7|93.77|1768|397|5.6|5.6|3|8
24.8|93.58|1817|398|5.6|5.6|3|8
24.9|93.38|1832|398|5.6|5.6|3|8
25|93.41|1838|398|5.6|5.6|3|8
25.1|93.39|1843|398|5.6|5.6|3|8
25.2|93.38|1845|398|5.6|5.6|3|8
25.3|93.35|1848|398|5.6|5.6|3|8
25.4|93.35|1851|398|5.6|5.6|3|8
25.5|93.37|1851|398|5.6|5.6|3|8
25.6|93.35|1851|398|5.6|5.6|3|8
25.7|93.39|1851|398|5.6|5.6|3|8
25.8|93.38|1853|398|5.6|5.6|3|8
25.9|93.37|1853|398|5.6|5.6|3|8
26|93.39|1853|398|5.6|5.6|3|8
26.1|93.39|1853|398|5.6|5.6|3|8
26.2|93.35|1856|398|5.6|5.6|3|8
26.3|93.34|1856|398|5.6|5.6|3|8
26.4|93.42|1856|398|5.6|5.6|3|8
26.5|93.35|1856|398|5.6|5.6|3|8
26.6|93.37|1856|398|5.6|5.6|3|8
26.7|93.43|1858|398|5.6|5.6|4|8
26.8|93.61|1853|398|5.6|5.6|4|8
26.9|94.12|1778|398|5.6|5.6|4|8
27|94.59|1124|398|5.6|5.6|5|8
27.1|94.71|1106|397|5.6|5.6|5|8
27.2|94.8|1103|397|5.6|5.6|5|8
27.3|94.91|1103|396|5.6|5.6|5|8
27.4|94.84|1101|396|5.6|5.6|5|8
27.5|94.88|1101|396|5.6|5.6|5|8
27.6|94.87|1098|396|5.6|5.6|5|8
27.7|94.86|1098|396|5.6|5.6|5|8
27.8|94.87|1095|396|5.6|5.6|5|8
27.9|94.87|1095|396|5.6|5.6|5|8
28|94.87|1095|396|5.6|5.6|5|8
28.1|94.87|1095|396|5.6|5.6|5|8
28.2|94.87|1095|396|5.6|5.6|5|8
28.3|94.88|1095|396|5.6|5.6|5|8
28.4|94.88|1095|396|5.6|5.6|5|8
28.5|94.86|1095|396|5.6|5.6|5|8
28.6|94.87|1095|396|5.6|5.6|5|8
28.7|94.87|1095|396|5.6|5.6|5|8
28.8|94.87|1095|396|5.6|5.6|5|8
28.9|94.87|1095|396|5.6|5.6|5|8
29|94.9|1093|396|5.6|5.6|2|8
29.1|94.7|1093|396|5.6|5.6|2|8
29.2|94.32|1093|396|5.6|5.6|2|8
29.3|93.88|1714|396|5.6|5.6|3|8
29.4|93.6|1807|396|5.6|5.6|3|8
29.5|93.41|1832|397|5.6|5.6|3|8
29.6|93.34|1843|398|5.6|5.6|3|8
29.7|93.26|1848|397|5.6|5.6|3|8
29.8|93.31|1851|398|5.6|5.6|3|8
29.9|93.33|1856|398|5.6|5.6|3|8
30|93.33|1858|398|5.6|5.6|3|8
30.1|93.34|1858|398|5.6|5.6|3|8
30.2|93.31|1861|398|5.6|5.6|3|8
30.3|93.33|1861|398|5.6|5.6|3|8
30.4|93.33|1861|398|5.6|5.6|3|8
30.5|93.34|1863|398|5.6|5.6|3|8
30.6|93.29|1863|398|5.6|5.6|3|8
30.7|93.33|1863|398|5.6|5.6|3|8
30.8|93.33|1863|398|5.6|5.6|3|8
30.9|93.34|1863|398|5.5|5.6|3|8
31|93.31|1863|398|5.6|5.6|3|8
31.1|93.33|1866|398|5.6|5.6|3|8
31.2|93.31|1866|398|5.6|5.6|3|8
31.3|93.3|1866|398|5.5|5.5|4|8
31.4|93.49|1863|398|5.6|5.6|4|8
31.5|93.82|1817|398|5.5|5.6|4|8
31.6|94.33|1245|398|5.6|5.6|5|8
31.7|94.7|1106|397|5.6|5.6|5|8
31.8|94.78|1103|396|5.6|5.6|5|8
31.9|94.87|1101|396|5.6|5.6|5|8
32|94.92|1098|396|5.6|5.6|5|8
32.1|94.82|1098|396|5.6|5.6|5|8
32.2|94.9|1095|396|5.6|5.6|5|8
32.3|94.87|1095|396|5.6|5.6|5|8
32.4|94.87|1095|396|5.6|5.6|5|8
32.5|94.91|1093|396|5.6|5.6|5|8
32.6|94.84|1093|396|5.6|5.6|5|8
32.7|94.88|1093|396|5.6|5.6|5|8
32.8|94.91|1093|396|5.6|5.6|5|8
32.9|94.83|1093|396|5.6|5.6|5|8
33|94.87|1093|396|5.6|5.6|5|8
33.1|94.87|1093|396|5.5|5.6|5|8
33.2|94.87|1093|395|5.6|5.5|5|8
33.3|94.87|1093|396|5.6|5.6|5|8
33.4|94.9|1093|396|5.6|5.6|5|8
33.5|94.86|1093|396|5.6|5.6|5|8
33.6|94.87|1093|395|5.6|5.6|2|8
33.7|94.79|1093|395|5.6|5.6|2|8
33.8|94.44|1090|395|5.6|5.6|2|8
33.9|94.01|1232|396|5.5|5.5|2|8
34|93.61|1763|396|5.6|5.5|3|8
34.1|93.41|1830|396|5.6|5.6|3|8
34.2|93.25|1845|396|5.6|5.6|3|8
34.3|93.15|1853|396|5.6|5.6|3|8
34.4|93.23|1856|396|5.6|5.6|3|8
34.5|93.27|1858|396|5.6|5.6|3|8
34.6|93.18|1863|396|5.6|5.6|3|8
34.7|93.23|1863|396|5.6|5.5|3|8
34.8|93.25|1866|396|5.6|5.6|3|8
34.9|93.26|1866|396|5.6|5.6|3|8
35|93.15|1869|396|5.6|5.6|3|8
35.1|93.22|1869|396|5.6|5.6|3|8
35.2|93.25|1869|396|5.6|5.6|3|8
35.3|93.25|1869|396|5.6|5.6|3|8
35.4|93.21|1871|396|5.5|5.6|3|8
35.5|93.23|1869|396|5.6|5.6|3|8
35.6|93.23|1871|396|5.6|5.6|3|8
35.7|93.26|1871|396|5.6|5.6|3|8
35.8|93.23|1871|396|5.5|5.6|3|8
35.9|93.18|1874|396|5.6|5.6|3|8
36|93.26|1874|396|5.6|5.6|4|8
36.1|93.5|1869|396|5.6|5.6|4|8
36.2|93.86|1807|396|5.6|5.6|4|8
36.3|94.33|1134|396|5.6|5.6|2|8
36.4|94.47|1103|396|5.6|5.6|2|8
36.5|94.49|1101|396|5.6|5.6|2|8
36.6|94.55|1098|396|5.6|5.6|2|8
36.7|94.48|1095|396|5.6|5.6|2|8
36.8|94.37|1095|396|5.6|5.6|2|8
36.9|94.47|1095|396|5.6|5.6|2|8
37|94.29|1093|395|5.5|5.6|2|8
37.1|94.27|1093|395|5.6|5.6|2|8
37.2|94.19|1093|395|5.6|5.6|2|8
37.3|94.04|1093|395|5.6|5.6|2|8
37.4|94.02|1093|395|5.6|5.6|2|8
37.5|93.96|1098|395|5.6|5.6|2|8
37.6|93.93|1276|396|5.5|5.5|2|8
37.7|93.85|1155|396|5.6|5.6|2|8
37.8|93.85|1144|395|5.6|5.6|2|8
37.9|93.65|1160|396|5.6|5.6|2|8
38|93.66|1286|396|5.6|5.5|2|8
38.1|93.51|1714|396|5.5|5.6|2|8
38.2|93.62|1732|396|5.6|5.6|2|8
38.3|93.76|1709|396|5.6|5.6|2|8
38.4|93.92|1170|396|5.6|5.6|2|8
38.5|94.09|1095|396|5.6|5.6|2|8
38.6|94.15|1093|395|5.6|5.6|2|8
38.7|94.06|1090|395|5.6|5.6|2|8
38.8|94.05|1090|395|5.6|5.6|2|8
38.9|93.97|1090|395|5.6|5.6|2|8
39|93.94|1090|395|5.6|5.6|2|8
39.1|93.85|1090|395|5.6|5.6|2|8
39.2|93.89|1090|394|5.6|5.6|2|8
39.3|93.72|1222|395|5.6|5.6|2|8
39.4|93.66|1103|396|5.6|5.6|2|8
39.5|93.55|1479|396|5.6|5.6|2|8
39.6|93.5|1719|396|5.6|5.6|2|8
39.7|93.74|1655|396|5.6|5.6|2|8
39.8|93.76|1101|396|5.6|5.6|2|8
39.9|93.8|1090|396|5.6|5.6|2|8
40|93.88|1090|396|5.5|5.6|2|8
40.1|93.82|1088|395|5.5|5.5|2|8
40.2|93.74|1088|395|5.6|5.6|2|8
40.3|93.66|1113|395|5.6|5.6|2|8
40.4|93.55|1227|395|5.6|5.6|2|8
40.5|93.5|1624|396|5.6|5.6|2|8
40.6|93.55|1428|396|5.6|5.6|2|8
40.7|93.74|1095|396|5.6|5.6|2|8
40.8|93.72|1090|395|5.6|5.6|2|8
40.9|93.66|1088|395|5.6|5.6|2|8
41|93.55|1090|394|5.6|5.6|2|8
41.1|93.51|1206|394|5.6|5.6|2|8
41.2|93.54|1513|396|5.6|5.6|2|8
41.3|93.57|1276|396|5.6|5.6|2|8
41.4|93.61|1299|396|5.6|5.6|2|8
41.5|93.38|1487|396|5.6|5.6|2|8
41.6|93.47|1106|396|5.6|5.6|2|8
41.7|93.51|1088|395|5.6|5.6|2|8
41.8|93.38|1119|396|5.6|5.6|2|8
41.9|93.43|1428|396|5.6|5.6|2|8
42|93.35|1598|396|5.6|5.6|2|8
42.1|93.35|1693|396|5.6|5.6|2|8
42.2|93.49|1170|396|5.6|5.6|2|8
42.3|93.66|1090|396|5.6|5.6|2|8
42.4|93.73|1088|395|5.6|5.6|2|8
42.5|93.69|1088|395|5.6|5.6|2|8
42.6|93.54|1088|395|5.6|5.6|2|8
42.7|93.5|1088|395|5.6|5.6|2|8
42.8|93.58|1088|395|5.6|5.6|2|8
42.9|93.39|1147|395|5.6|5.6|2|8
43|93.41|1131|395|5.6|5.6|2|8
43.1|93.34|1281|396|5.6|5.6|2|8
43.2|93.18|1113|396|5.6|5.6|2|8
43.3|93.1|1242|396|5.6|5.6|2|8
43.4|93.23|1157|396|5.6|5.6|2|8
43.5|93.06|1356|396|5.6|5.6|2|8
43.6|93.07|1379|396|5.6|5.6|2|8
43.7|92.87|1438|396|5.6|5.6|2|8
43.8|92.78|1129|396|5.6|5.6|2|8
43.9|92.88|1090|396|5.6|5.6|2|8
44|92.94|1276|396|5.6|5.6|2|8
44.1|92.75|1415|396|5.6|5.6|2|8
44.2|92.71|1327|396|5.6|5.6|2|8
44.3|92.72|1296|396|5.6|5.6|2|8
44.4|92.62|1299|397|5.6|5.6|2|8
44.5|92.67|1180|396|5.6|5.6|2|8
44.6|92.37|1271|396|5.6|5.6|2|8
44.7|92.35|1093|396|5.6|5.6|2|8
44.8|92.4|1273|396|5.6|5.6|2|8
44.9|92.41|1314|396|5.6|5.6|2|8
45|92.2|1335|396|5.6|5.6|2|8
45.1|92.13|1206|396|5.6|5.6|2|8
45.2|92.09|1296|396|5.6|5.6|2|8
45.3|91.97|1255|396|5.6|5.6|2|8
45.4|91.97|1265|396|5.6|5.6|2|8
45.5|91.9|1237|396|5.6|5.6|2|8
45.6|91.78|1304|396|5.6|5.6|2|8
45.7|91.73|1224|396|5.6|5.6|2|8
45.8|91.64|1224|396|5.6|5.6|2|8
45.9|91.54|1121|395|5.6|5.6|2|8
46|91.51|1142|395|5.6|5.6|2|8
46.1|91.49|1204|396|5.6|5.6|2|8
46.2|91.35|1211|396|5.6|5.6|2|8
46.3|91.3|1193|396|5.6|5.6|2|8
46.4|91.25|1219|396|5.6|5.6|2|8
46.5|91.03|1276|396|5.6|5.6|2|8
46.6|91.06|1144|396|5.6|5.6|2|8
46.7|90.94|1296|396|5.6|5.6|2|8
46.8|90.87|1271|396|5.6|5.6|2|8
46.9|90.8|1224|396|5.6|5.6|2|8
47|90.63|1240|396|5.6|5.6|2|8
47.1|90.58|1196|396|5.6|5.6|2|8
47.2|90.51|1211|396|5.6|5.6|2|8
47.3|90.45|1116|396|5.6|5.6|2|8
47.4|90.35|1191|396|5.6|5.6|2|8
47.5|90.29|1211|396|5.6|5.6|2|8
47.6|90.17|1219|396|5.6|5.6|2|8
47.7|90.05|1294|396|5.6|5.6|2|8
47.8|89.92|1273|396|5.6|5.6|2|8
47.9|89.88|1247|396|5.6|5.6|2|8
48|89.73|1302|396|5.6|5.6|2|8
48.1|89.76|1227|396|5.6|5.6|2|8
48.2|89.52|1198|396|5.6|5.6|2|8
48.3|89.5|1183|396|5.6|5.6|2|8
48.4|89.34|1224|396|5.6|5.6|2|8
48.5|89.21|1186|397|5.6|5.6|2|8
48.6|89.17|1165|397|5.6|5.6|2|8
48.7|89.06|1178|396|5.6|5.6|2|8
48.8|88.84|1193|396|5.6|5.6|2|8
48.9|88.87|1196|396|5.6|5.6|2|8
49|88.74|1227|396|5.6|5.6|2|8
49.1|88.59|1242|397|5.6|5.6|2|8
49.2|88.52|1193|398|5.6|5.6|2|8
49.3|88.36|1224|396|5.6|5.6|2|8
49.4|88.24|1260|396|5.6|5.6|2|8
49.5|88.08|1242|396|5.6|5.6|2|8
49.6|88.03|1170|396|5.6|5.6|2|8
49.7|87.93|1206|396|5.6|5.6|2|8
49.8|87.7|1196|396|5.6|5.6|2|8
49.9|87.64|1273|396|5.6|5.6|2|8
50|87.52|1211|396|5.6|5.6|2|8
50.1|87.41|1232|396|5.6|5.6|2|8
50.2|87.27|1428|396|5.6|5.6|2|8
50.3|87.07|1211|396|5.6|5.6|2|8
50.4|87.02|1356|396|5.6|5.6|2|8
50.5|86.87|1361|396|5.6|5.6|2|8
50.6|86.67|1307|396|5.6|5.6|2|8
50.7|86.59|1240|396|5.6|5.6|2|8
50.8|86.44|1222|396|5.6|5.6|2|8
50.9|86.27|1399|396|5.6|5.6|2|8
51|86.11|1196|396|5.6|5.6|2|8
51.1|86.03|1312|396|5.6|5.6|2|8
51.2|85.91|1327|396|5.6|5.6|2|8
51.3|85.73|1196|396|5.6|5.6|2|8
51.4|85.54|1294|396|5.6|5.6|2|8
51.5|85.44|1191|396|5.6|5.6|2|8
51.6|85.26|1222|396|5.6|5.6|2|8
51.7|85.06|1250|396|5.6|5.6|2|8
51.8|84.94|1361|396|5.6|5.6|2|8
51.9|84.75|1157|396|5.6|5.6|2|8
52|84.54|1144|396|5.6|5.6|2|8
52.1|84.39|1229|396|5.6|5.6|2|8
52.2|84.27|1415|396|5.6|5.6|2|8
52.3|84.07|1325|396|5.6|5.6|2|8
52.4|83.89|1276|396|5.6|5.6|2|8
52.5|83.73|1394|396|5.6|5.6|2|8
52.6|83.62|1369|395|5.6|5.6|2|8
52.7|83.34|1294|396|5.6|5.6|2|8
52.8|83.15|1361|396|5.6|5.6|2|8
52.9|82.99|1348|396|5.6|5.6|2|8
53|82.75|1376|395|5.6|5.6|2|8
53.1|82.56|1245|394|5.6|5.6|2|8
53.2|82.39|1330|395|5.6|5.6|2|8
53.3|82.17|1358|395|5.6|5.6|6|8
53.4|80.47|1871|394|5.6|5.6|6|8
53.5|77.73|1838|395|5.6|5.6|6|8
53.6|75.1|31|394|5.6|5.6|7|8
53.7|73.13|0|392|5.6|5.6|7|8
53.8|72.23|0|392|5.6|5.6|7|8
53.9|71.75|0|391|5.6|5.6|7|8
54|71.61|0|391|5.6|5.6|7|8
54.1|71.47|0|391|5.6|5.6|7|8
54.2|71.48|0|391|5.6|5.6|7|8
54.3|71.44|0|391|5.6|5.6|7|8
54.4|71.44|0|391|5.6|5.6|7|8
54.5|71.37|0|391|5.6|5.6|7|8
54.6|71.34|0|391|5.6|5.6|7|8
54.7|71.38|0|391|5.6|5.6|7|8
54.8|71.38|0|391|5.6|5.6|7|8
54.9|71.41|0|391|5.6|5.6|7|8
55|71.4|0|391|5.6|5.6|7|8
55.1|71.37|0|391|5.6|5.6|7|8
55.2|71.37|0|390|5.6|5.6|7|8
55.3|71.4|0|390|5.6|5.6|7|8
55.4|71.38|0|390|5.6|5.6|7|8
55.5|71.38|0|391|5.6|5.6|7|8
55.6|71.4|0|390|5.6|5.6|7|8
55.7|71.41|0|390|5.6|5.6|7|8
55.8|71.38|0|390|5.6|5.6|7|8
55.9|71.4|0|390|5.6|5.6|7|8
56|71.41|0|390|5.6|5.6|7|8
56.1|71.36|0|390|5.6|5.6|7|8
56.2|71.3|0|391|5.6|5.6|7|8
56.3|71.3|0|390|5.6|5.6|7|8
56.4|71.37|0|390|5.6|5.6|7|8
56.5|71.37|0|390|5.6|5.6|7|8
56.6|71.36|0|390|5.6|5.6|7|8
56.7|71.36|0|390|5.6|5.6|7|8
56.8|71.36|0|390|5.6|5.6|7|8
56.9|71.36|0|390|5.6|5.6|7|8
57|71.36|0|390|5.6|5.6|7|8
57.1|71.37|0|390|5.6|5.6|7|8
57.2|71.37|0|390|5.6|5.6|7|8
57.3|71.36|0|390|5.6|5.6|7|8
57.4|71.36|0|390|5.5|5.6|7|8
57.5|71.37|0|390|5.6|5.6|7|8
57.6|71.36|0|390|5.6|5.6|7|8
57.7|71.37|0|390|5.6|5.6|7|8
57.8|71.36|0|390|5.6|5.6|7|8
57.9|71.37|0|390|5.6|5.6|7|8
58|71.37|0|390|5.6|5.6|7|8
58.1|71.36|0|390|5.6|5.6|7|8
58.2|71.37|0|390|5.6|5.6|7|8
58.3|71.36|0|390|5.6|5.6|7|8
58.4|71.36|0|390|5.6|5.6|7|8
58.5|71.36|0|391|5.6|5.6|7|8
58.6|71.36|0|390|5.6|5.6|7|8
58.7|71.36|0|391|5.6|5.6|7|8
58.8|71.36|0|391|5.6|5.6|7|8
58.9|71.36|0|390|5.6|5.6|7|8
59|71.36|0|390|5.6|5.6|7|8
59.1|71.36|0|390|5.6|5.6|7|8
59.2|71.34|0|390|5.6|5.6|7|8
59.3|71.36|0|390|5.6|5.6|7|8
59.4|71.36|0|391|5.6|5.6|7|8
59.5|71.36|0|390|5.6|5.6|7|8
59.6|71.36|0|390|5.6|5.6|7|8
59.7|71.36|0|390|5.6|5.6|7|8
59.8|71.36|0|390|5.6|5.6|7|8
59.9|71.36|0|390|5.6|5.6|7|8
60|71.36|0|390|5.6|5.6|7|8
60.1|71.36|0|390|5.6|5.6|7|8
60.2|71.34|0|390|5.6|5.6|7|8
60.3|71.34|0|390|5.6|5.6|7|8
60.4|71.36|0|390|5.6|5.6|7|8
60.5|71.36|0|390|5.6|5.6|7|8
60.6|71.34|0|390|5.6|5.6|7|8
60.7|71.36|0|390|5.6|5.6|7|8
60.8|71.36|0|390|5.6|5.6|7|8
60.9|71.34|0|390|5.6|5.6|7|8
61|71.36|0|391|5.6|5.6|7|8
61.1|71.34|0|390|5.6|5.6|7|8
61.2|71.34|0|390|5.6|5.6|7|8
61.3|71.36|0|390|5.6|5.6|7|8
61.4|71.34|0|390|5.6|5.6|7|8
61.5|71.34|0|390|5.6|5.6|7|8
61.6|71.34|0|390|5.6|5.6|7|8
61.7|71.36|0|390|5.6|5.6|7|8
61.8|71.36|0|390|5.6|5.6|7|8
61.9|71.41|0|390|5.6|5.6|7|8
62|71.38|0|390|5.6|5.6|7|8
62.1|71.36|0|390|5.6|5.6|7|8
62.2|71.34|0|390|5.6|5.6|7|8
62.3|71.36|0|390|5.6|5.6|7|8
62.4|71.34|0|390|5.6|5.6|7|8
62.5|71.3|0|390|5.6|5.6|7|8
62.6|71.33|0|390|5.6|5.6|7|8
62.7|71.33|0|390|5.6|5.6|7|8
62.8|71.34|0|390|5.6|5.6|7|8
62.9|71.36|0|390|5.6|5.6|7|8
63|71.41|0|390|5.6|5.6|7|8
63.1|71.33|0|390|5.6|5.6|7|8
63.2|71.32|0|390|5.6|5.6|7|8
63.3|71.34|0|390|5.6|5.6|7|8
63.4|71.34|0|390|5.6|5.6|7|8
63.5|71.37|0|390|5.6|5.6|7|8
63.6|71.32|0|390|5.6|5.6|7|8
63.7|71.3|0|390|5.6|5.6|7|8
63.8|71.34|0|390|5.6|5.6|7|8
63.9|71.33|0|394|5.6|5.6|7|8
64|71.33|0|401|5.6|5.6|7|8
64.1|71.34|0|404|5.6|5.6|7|8
64.2|71.36|0|405|5.6|5.6|7|8
64.3|71.41|0|405|5.6|5.6|7|8
64.4|71.33|0|405|5.6|5.6|7|8
64.5|71.29|0|405|5.6|5.6|7|8
64.6|71.33|0|405|5.6|5.6|7|8
64.7|71.33|0|405|5.6|5.6|7|8
64.8|71.33|0|405|5.6|5.6|7|8
64.9|71.33|0|405|5.6|5.6|7|8
65|71.34|0|405|5.6|5.6|7|8
65.1|71.34|0|405|5.6|5.6|7|8
65.2|71.34|0|405|5.6|5.6|7|8
65.3|71.36|0|405|5.6|5.6|7|8
65.4|71.4|0|405|5.6|5.6|7|8
65.5|71.32|0|405|5.6|5.6|7|8
65.6|71.3|0|405|5.6|5.6|7|8
65.7|71.33|0|405|5.6|5.6|7|8
65.8|71.33|0|405|5.6|5.6|7|8
65.9|71.33|0|405|5.6|5.6|7|8
66|71.33|0|405|5.6|5.6|7|8
66.1|71.33|0|405|5.6|5.6|7|8
66.2|71.33|0|405|5.6|5.6|7|8
66.3|71.34|0|406|5.6|5.6|7|8
66.4|71.33|0|405|5.6|5.6|7|8
66.5|71.33|0|405|5.6|5.6|7|8
66.6|71.38|0|405|5.6|5.6|8|8
66.7|71.24|0|405|5.6|5.6|8|8
66.8|71.18|0|405|5.6|5.6|8|8
66.9|71.22|0|405|5.6|5.6|8|8
67|71.24|0|405|5.5|5.5|8|8
67.1|71.32|0|405|5.5|5.5|8|8
67.2|71.33|0|405|5.5|5.5|8|8
67.3|71.29|0|405|5.5|5.5|8|8
67.4|71.29|0|405|5.5|5.5|8|8
67.5|71.26|0|405|5.5|5.5|8|8
67.6|71.21|0|406|5.5|5.5|8|8
67.7|71.25|0|406|5.4|5.4|8|8
67.8|71.34|0|406|5.4|5.4|8|8
67.9|71.32|0|406|5.4|5.4|8|8
68|71.3|0|406|5.4|5.4|8|8
68.1|71.26|0|406|5.4|5.4|8|8
68.2|71.25|0|405|5.4|5.4|8|8
68.3|71.32|0|405|5.4|5.4|8|8
68.4|71.33|0|405|5.4|5.4|8|8
68.5|71.32|0|406|5.4|5.4|8|8
68.6|72.18|0|406|5.3|5.3|8|8
68.7|75.24|0|405|5.3|5.3|8|8
68.8|78.31|0|406|5.3|5.3|8|8
68.9|81.29|0|405|5.3|5.3|8|8
69|84.38|0|405|5.3|5.3|8|8
69.1|87.26|0|406|5.3|5.3|8|8
69.2|90.19|0|405|5.3|5.3|8|8
69.3|93.14|0|406|5.3|5.3|8|8
69.4|94.92|0|406|5.3|5.3|8|8
69.5|95.62|0|407|5.3|5.3|8|8
