0|96.04|951|402|4.9|4.9|1|8
0.1|96.02|1062|404|4.9|4.9|1|8
0.2|96.04|1067|405|4.9|4.9|1|8
0.3|96.02|1070|405|4.9|4.9|1|8
0.4|96.02|1070|406|5|4.9|1|8
0.5|96.04|1070|406|5|5|2|8
0.6|95.73|1075|406|5|5|2|8
0.7|95.31|1077|406|5|5|2|8
0.8|94.88|1082|406|5|5|2|8
0.9|94.4|1137|406|5|5|2|8
1|93.9|1284|407|5|5|2|8
1.1|93.46|1670|407|5|5|3|8
1.2|93.23|1714|408|5|5|3|8
1.3|93.02|1727|408|5|5|3|8
1.4|92.98|1735|408|5|5|3|8
1.5|92.95|1742|408|5|5|3|8
1.6|92.91|1745|408|5|5|3|8
1.7|92.91|1750|408|5|5|3|8
1.8|92.88|1753|408|5|5|3|8
1.9|92.87|1755|408|5|5|3|8
2|92.92|1755|408|5|5|3|8
2.1|92.9|1758|408|5|5|3|8
2.2|92.91|1763|408|5|5|3|8
2.3|92.87|1765|408|5|5|3|8
2.4|92.87|1768|408|5|5|3|8
2.5|92.91|1771|408|5|5|3|8
2.6|92.9|1771|408|5|5|3|8
2.7|92.88|1771|408|5|5|3|8
2.8|92.88|1773|408|5|5|3|8
2.9|92.9|1773|408|5|5|3|8
3|92.88|1776|408|5|5|3|8
3.1|92.84|1778|408|5|5|4|8
3.2|93.02|1776|408|5|5|4|8
3.3|93.33|1758|408|5|5|4|8
3.4|93.85|1508|408|5|5|4|8
3.5|94.28|1106|407|5|5|5|8
3.6|94.45|1098|406|5|5|5|8
3.7|94.56|1095|406|5|5|5|8
3.8|94.6|1095|405|5.1|5|5|8
3.9|94.6|1093|405|5.1|5.1|5|8
4|94.61|1093|405|5.1|5.1|5|8
4.1|94.63|1093|405|5.1|5.1|5|8
4.2|94.64|1090|405|5.1|5.1|5|8
4.3|94.64|1090|405|5.1|5.1|5|8
4.4|94.6|1090|405|5.1|5.1|5|8
4.5|94.59|1090|406|5.1|5.1|5|8
4.6|94.57|1090|405|5.1|5.1|5|8
4.7|94.63|1090|405|5.1|5.1|5|8
4.8|94.61|1090|405|5.1|5.1|5|8
4.9|94.59|1090|405|5.1|5.1|5|8
5|94.63|1090|405|5.1|5.1|5|8
5.1|94.61|1090|405|5.1|5.1|5|8
5.2|94.6|1090|406|5.1|5.1|5|8
5.3|94.61|1090|406|5.1|5.1|5|8
5.4|94.63|1090|406|5.1|5.1|5|8
5.5|94.61|1093|406|5.1|5.1|2|8
5.6|94.35|1090|406|5.1|5.1|2|8
5.7|93.96|1093|406|5.1|5.1|2|8
5.8|93.51|1284|406|5.1|5.1|2|8
5.9|93.1|1716|407|5.1|5.1|3|8
6|92.9|1753|408|5.1|5.1|3|8
6.1|92.75|1765|408|5.1|5.1|3|8
6.2|92.68|1773|408|5.1|5.1|3|8
6.3|92.66|1778|408|5.1|5.1|3|8
6.4|92.66|1781|408|5.1|5.1|3|8
6.5|92.67|1784|408|5.1|5.1|3|8
6.6|92.67|1789|408|5.1|5.1|3|8
6.7|92.67|1789|408|5.1|5.1|3|8
6.8|92.67|1791|408|5.1|5.1|3|8
6.9|92.64|1794|408|5.1|5.1|3|8
7|92.64|1796|408|5.1|5.1|3|8
7.1|92.6|1796|408|5.1|5.1|3|8
7.2|92.64|1799|408|5.1|5.1|3|8
7.3|92.68|1799|408|5.2|5.1|3|8
7.4|92.63|1799|408|5.2|5.2|3|8
7.5|92.63|1802|408|5.2|5.2|3|8
7.6|92.68|1802|408|5.2|5.2|3|8
7.7|92.64|1802|408|5.2|5.2|3|8
7.8|92.64|1802|408|5.2|5.2|3|8
7.9|92.62|1804|408|5.2|5.2|4|8
8|92.83|1802|408|5.2|5.2|4|8
8.1|93.18|1758|408|5.2|5.2|4|8
8.2|93.76|1245|408|5.2|5.2|5|8
8.3|94.08|1111|407|5.2|5.2|5|8
8.4|94.21|1106|406|5.2|5.2|5|8
8.5|94.28|1106|405|5.2|5.2|5|8
8.6|94.24|1106|405|5.2|5.2|5|8
8.7|94.31|1103|405|5.2|5.2|5|8
8.8|94.32|1103|405|5.2|5.2|5|8
8.9|94.35|1101|405|5.2|5.2|5|8
9|94.32|1103|405|5.2|5.2|5|8
9.1|94.31|1101|405|5.2|5.2|5|8
9.2|94.31|1101|405|5.2|5.2|5|8
9.3|94.31|1101|405|5.2|5.2|5|8
9.4|94.29|1103|405|5.2|5.2|5|8
9.5|94.31|1103|405|5.2|5.2|5|8
9.6|94.31|1103|405|5.2|5.2|5|8
9.7|94.36|1103|405|5.2|5.2|5|8
9.8|94.31|1103|405|5.2|5.2|5|8
9.9|94.32|1101|405|5.2|5.2|5|8
10|94.31|1101|405|5.2|5.2|5|8
10.1|94.32|1101|405|5.2|5.2|5|8
10.2|94.31|1101|405|5.2|5.2|2|8
10.3|94.27|1101|405|5.2|5.2|2|8
10.4|93.92|1106|400|5.2|5.2|2|8
10.5|93.5|1142|393|5.2|5.2|2|8
10.6|93.09|1698|391|5.2|5.2|3|8
10.7|92.82|1784|390|5.2|5.2|3|8
10.8|92.68|1802|390|5.2|5.2|3|8
10.9|92.64|1809|390|5.2|5.2|3|8
11|92.59|1817|390|5.2|5.2|3|8
11.1|92.53|1820|390|5.2|5.2|3|8
11.2|92.49|1825|390|5.2|5.2|3|8
11.3|92.55|1827|390|5.2|5.2|3|8
11.4|92.58|1830|390|5.2|5.2|3|8
11.5|92.52|1830|390|5.2|5.2|3|8
11.6|92.53|1832|390|5.2|5.2|3|8
11.7|92.59|1832|390|5.2|5.2|3|8
11.8|92.51|1835|390|5.2|5.2|3|8
11.9|92.53|1835|390|5.2|5.2|3|8
12|92.59|1835|390|5.2|5.2|3|8
12.1|92.53|1838|390|5.3|5.2|3|8
12.2|92.53|1838|390|5.3|5.2|3|8
12.3|92.53|1838|390|5.3|5.3|3|8
12.4|92.53|1840|390|5.3|5.3|3|8
12.5|92.52|1840|390|5.3|5.3|3|8
12.6|92.53|1843|390|5.3|5.3|4|8
12.7|92.6|1840|390|5.3|5.3|4|8
12.8|92.95|1822|390|5.3|5.3|4|8
12.9|93.49|1698|390|5.3|5.3|4|8
13|93.94|1175|390|5.3|5.3|5|8
13.1|94.27|1124|390|5.3|5.3|5|8
13.2|94.32|1121|390|5.3|5.3|5|8
13.3|94.44|1119|390|5.3|5.3|5|8
13.4|94.45|1116|390|5.3|5.3|5|8
13.5|94.44|1116|390|5.3|5.3|5|8
13.6|94.43|1116|390|5.3|5.3|5|8
13.7|94.41|1113|390|5.3|5.3|5|8
13.8|94.44|1113|390|5.3|5.3|5|8
13.9|94.45|1111|390|5.3|5.3|5|8
14|94.45|1113|390|5.3|5.3|5|8
14.1|94.49|1113|390|5.3|5.3|5|8
14.2|94.47|1113|390|5.3|5.3|5|8
14.3|94.47|1111|390|5.3|5.3|5|8
14.4|94.51|1113|390|5.3|5.3|5|8
14.5|94.47|1113|390|5.3|5.3|5|8
14.6|94.44|1113|390|5.3|5.3|5|8
14.7|94.43|1111|390|5.3|5.3|5|8
14.8|94.41|1111|390|5.3|5.3|5|8
14.9|94.41|1111|390|5.3|5.3|5|8
15|94.45|1111|390|5.3|5.3|2|8
15.1|94.4|1111|390|5.3|5.3|2|8
15.2|93.98|1111|390|5.3|5.3|2|8
15.3|93.61|1113|390|5.3|5.3|2|8
15.4|93.1|1588|390|5.3|5.3|3|8
15.5|92.75|1781|390|5.3|5.3|3|8
15.6|92.64|1809|390|5.3|5.3|3|8
15.7|92.6|1822|390|5.3|5.3|3|8
15.8|92.51|1830|390|5.3|5.3|3|8
15.9|92.41|1835|390|5.3|5.3|3|8
16|92.43|1838|390|5.3|5.3|3|8
16.1|92.47|1840|390|5.3|5.3|3|8
16.2|92.45|1845|390|5.3|5.3|3|8
16.3|92.45|1845|390|5.3|5.3|3|8
16.4|92.45|1848|390|5.3|5.3|3|8
16.5|92.44|1851|389|5.3|5.3|3|8
16.6|92.41|1851|389|5.3|5.3|3|8
16.7|92.45|1853|389|5.3|5.3|3|8
16.8|92.45|1853|390|5.3|5.3|3|8
16.9|92.45|1853|389|5.3|5.3|3|8
17|92.44|1853|389|5.3|5.3|3|8
17.1|92.43|1856|389|5.3|5.3|3|8
17.2|92.41|1856|389|5.3|5.3|3|8
17.3|92.43|1856|389|5.3|5.3|3|8
17.4|92.44|1856|389|5.3|5.3|4|8
17.5|92.48|1858|389|5.3|5.3|4|8
17.6|92.71|1848|389|5.3|5.3|4|8
17.7|93.15|1776|389|5.3|5.3|4|8
17.8|93.74|1559|390|5.3|5.3|4|8
17.9|94.17|1131|390|5.3|5.3|5|8
18|94.31|1124|389|5.3|5.3|5|8
18.1|94.39|1121|389|5.3|5.3|5|8
18.2|94.44|1121|389|5.3|5.3|5|8
18.3|94.45|1119|389|5.3|5.3|5|8
18.4|94.45|1119|389|5.3|5.3|5|8
18.5|94.48|1116|389|5.3|5.3|5|8
18.6|94.49|1116|389|5.3|5.3|5|8
18.7|94.47|1116|389|5.3|5.3|5|8
18.8|94.45|1116|389|5.3|5.3|5|8
18.9|94.45|1116|389|5.3|5.3|5|8
19|94.45|1116|389|5.3|5.3|5|8
19.1|94.45|1116|389|5.3|5.3|5|8
19.2|94.45|1116|389|5.3|5.3|5|8
19.3|94.45|1116|389|5.3|5.3|5|8
19.4|94.45|1113|389|5.3|5.3|5|8
19.5|94.45|1113|389|5.3|5.3|5|8
19.6|94.41|1113|389|5.3|5.3|5|8
19.7|94.43|1113|389|5.3|5.3|5|8
19.8|94.43|1113|389|5.3|5.3|5|8
19.9|94.47|1113|389|5.3|5.3|2|8
20|94.23|1113|389|5.3|5.3|2|8
20.1|93.81|1113|389|5.3|5.3|2|8
20.2|93.31|1371|389|5.3|5.3|2|8
20.3|92.9|1706|389|5.3|5.3|3|8
20.4|92.64|1796|388|5.3|5.3|3|8
20.5|92.6|1817|388|5.3|5.3|3|8
20.6|92.52|1827|388|5.3|5.3|3|8
20.7|92.47|1835|388|5.3|5.3|3|8
20.8|92.44|1840|388|5.3|5.3|3|8
20.9|92.43|1843|388|5.3|5.3|3|8
21|92.43|1848|388|5.3|5.3|3|8
21.1|92.41|1851|388|5.3|5.3|3|8
21.2|92.39|1853|388|5.3|5.3|3|8
21.3|92.45|1856|388|5.3|5.3|3|8
21.4|92.44|1861|388|5.3|5.3|3|8
21.5|92.44|1861|388|5.3|5.3|3|8
21.6|92.43|1863|388|5.3|5.3|3|8
21.7|92.41|1861|388|5.3|5.3|3|8
21.8|92.43|1861|388|5.3|5.3|3|8
21.9|92.43|1863|388|5.3|5.3|3|8
22|92.44|1863|388|5.3|5.3|3|8
22.1|92.43|1863|388|5.3|5.3|3|8
22.2|92.44|1863|388|5.3|5.3|3|8
22.3|92.43|1866|388|5.3|5.3|4|8
22.4|92.55|1863|388|5.3|5.3|4|8
22.5|92.91|1817|388|5.3|5.3|4|8
22.6|93.31|1778|388|5.3|5.3|4|8
22.7|93.9|1649|389|5.3|5.3|4|8
22.8|94.43|1152|389|5.3|5.3|5|8
22.9|94.71|1124|389|5.3|5.3|5|8
23|94.76|1121|389|5.3|5.3|5|8
23.1|94.79|1119|388|5.3|5.3|5|8
23.2|94.9|1119|388|5.3|5.3|5|8
23.3|94.84|1116|388|5.3|5.3|5|8
23.4|94.79|1116|388|5.3|5.3|5|8
23.5|94.87|1116|388|5.3|5.3|5|8
23.6|94.87|1113|389|5.3|5.3|5|8
23.7|94.82|1113|388|5.3|5.3|5|8
23.8|94.86|1113|388|5.3|5.3|5|8
23.9|94.9|1113|388|5.3|5.3|5|8
24|94.86|1113|388|5.3|5.3|5|8
24.1|94.8|1113|388|5.3|5.3|5|8
24.2|94.88|1113|388|5.3|5.3|5|8
24.3|94.87|1113|388|5.3|5.3|5|8
24.4|94.83|1113|388|5.3|5.3|5|8
24.5|94.87|1113|388|5.3|5.3|5|8
24.6|94.9|1111|388|5.3|5.3|5|8
24.7|94.84|1111|388|5.3|5.3|5|8
24.8|94.79|1111|388|5.3|5.3|2|8
24.9|94.72|1111|388|5.3|5.3|2|8
25|94.35|1111|388|5.3|5.3|2|8
25.1|93.88|1121|388|5.3|5.3|2|8
25.2|93.43|1284|388|5.3|5.3|2|8
25.3|93|1698|388|5.3|5.3|3|8
25.4|92.68|1791|388|5.3|5.3|3|8
25.5|92.6|1820|388|5.3|5.3|3|8
25.6|92.51|1832|388|5.3|5.3|3|8
25.7|92.43|1840|388|5.3|5.3|3|8
25.8|92.4|1845|388|5.3|5.3|3|8
25.9|92.44|1851|388|5.3|5.3|3|8
26|92.41|1853|388|5.3|5.3|3|8
26.1|92.43|1856|388|5.3|5.3|3|8
26.2|92.43|1858|388|5.3|5.3|3|8
26.3|92.43|1861|388|5.3|5.3|3|8
26.4|92.43|1863|388|5.3|5.3|3|8
26.5|92.43|1863|388|5.3|5.3|3|8
26.6|92.43|1866|388|5.3|5.3|3|8
26.7|92.43|1866|388|5.3|5.3|3|8
26.8|92.39|1869|388|5.3|5.3|3|8
26.9|92.43|1866|388|5.3|5.3|3|8
27|92.41|1869|388|5.3|5.3|3|8
27.1|92.43|1869|388|5.3|5.3|3|8
27.2|92.43|1869|388|5.3|5.3|3|8
27.3|92.41|1869|388|5.3|5.3|4|8
27.4|92.53|1869|388|5.3|5.3|4|8
27.5|92.86|1832|389|5.3|5.3|4|8
27.6|93.21|1804|389|5.3|5.3|4|8
27.7|93.68|1781|389|5.3|5.3|4|8
27.8|94.35|1273|390|5.3|5.3|5|8
27.9|94.75|1124|389|5.3|5.3|5|8
28|94.91|1121|389|5.3|5.3|5|8
28.1|94.88|1119|389|5.3|5.3|5|8
28.2|94.95|1116|389|5.3|5.3|5|8
28.3|94.98|1116|389|5.3|5.3|5|8
28.4|95.02|1113|389|5.3|5.3|5|8
28.5|95|1113|389|5.3|5.3|5|8
28.6|95|1113|389|5.3|5.3|5|8
28.7|95.04|1113|389|5.3|5.3|5|8
28.8|94.99|1113|389|5.3|5.3|5|8
28.9|94.96|1113|389|5.3|5.3|5|8
29|94.99|1113|389|5.3|5.3|5|8
29.1|94.99|1111|389|5.3|5.3|5|8
29.2|94.99|1111|389|5.3|5.3|5|8
29.3|95|1111|389|5.3|5.3|5|8
29.4|95|1111|389|5.3|5.3|5|8
29.5|94.99|1111|389|5.3|5.3|5|8
29.6|94.99|1111|389|5.3|5.3|5|8
29.7|94.99|1111|389|5.3|5.3|5|8
29.8|95|1111|389|5.3|5.3|2|8
29.9|94.99|1111|389|5.3|5.3|2|8
30|94.66|1111|389|5.3|5.3|2|8
30.1|94.24|1111|389|5.3|5.3|2|8
30.2|93.78|1276|389|5.3|5.3|2|8
30.3|93.31|1469|390|5.3|5.3|2|8
30.4|92.98|1698|390|5.3|5.3|3|8
30.5|92.76|1776|390|5.3|5.3|3|8
30.6|92.64|1814|389|5.3|5.3|3|8
30.7|92.6|1827|389|5.3|5.3|3|8
30.8|92.52|1838|389|5.3|5.3|3|8
30.9|92.47|1845|389|5.3|5.3|3|8
31|92.47|1851|389|5.3|5.3|3|8
31.1|92.48|1856|389|5.3|5.3|3|8
31.2|92.47|1858|389|5.3|5.3|3|8
31.3|92.47|1861|389|5.3|5.3|3|8
31.4|92.48|1861|389|5.3|5.3|3|8
31.5|92.47|1863|389|5.3|5.3|3|8
31.6|92.45|1863|389|5.3|5.3|3|8
31.7|92.47|1866|389|5.3|5.3|3|8
31.8|92.47|1869|389|5.3|5.3|3|8
31.9|92.47|1869|389|5.3|5.3|3|8
32|92.49|1871|389|5.3|5.3|3|8
32.1|92.48|1871|389|5.3|5.3|3|8
32.2|92.44|1874|389|5.3|5.3|3|8
32.3|92.47|1874|389|5.3|5.3|3|8
32.4|92.48|1874|389|5.3|5.3|4|8
32.5|92.64|1866|389|5.3|5.3|4|8
32.6|93.13|1820|389|5.3|5.3|4|8
32.7|93.72|1428|390|5.3|5.3|4|8
32.8|94.1|1126|390|5.3|5.3|5|8
32.9|94.27|1119|390|5.3|5.3|5|8
33|94.31|1119|390|5.3|5.3|5|8
33.1|94.35|1116|390|5.3|5.3|5|8
33.2|94.36|1113|390|5.3|5.3|5|8
33.3|94.41|1113|390|5.3|5.3|5|8
33.4|94.28|1113|390|5.3|5.3|5|8
33.5|94.32|1111|390|5.3|5.3|5|8
33.6|94.31|1111|390|5.3|5.3|5|8
33.7|94.33|1111|390|5.3|5.3|5|8
33.8|94.37|1111|390|5.3|5.3|5|8
33.9|94.35|1111|390|5.3|5.3|5|8
34|94.35|1111|390|5.3|5.3|5|8
34.1|94.35|1111|390|5.3|5.3|5|8
34.2|94.36|1111|389|5.3|5.3|5|8
34.3|94.39|1111|389|5.3|5.3|5|8
34.4|94.35|1111|389|5.3|5.3|5|8
34.5|94.32|1108|389|5.3|5.3|5|8
34.6|94.35|1108|389|5.3|5.3|5|8
34.7|94.36|1108|389|5.3|5.3|5|8
34.8|94.4|1108|389|5.3|5.3|2|8
34.9|94.05|1108|389|5.3|5.3|2|8
35|93.64|1108|389|5.3|5.3|2|8
35.1|93.18|1418|389|5.3|5.3|2|8
35.2|92.75|1768|389|5.3|5.3|3|8
35.3|92.6|1809|389|5.3|5.3|3|8
35.4|92.43|1830|389|5.3|5.3|3|8
35.5|92.4|1840|389|5.3|5.3|3|8
35.6|92.4|1848|389|5.3|5.3|3|8
35.7|92.37|1853|389|5.3|5.3|3|8
35.8|92.37|1856|389|5.3|5.3|3|8
35.9|92.37|1861|389|5.3|5.3|3|8
36|92.4|1863|389|5.3|5.3|3|8
36.1|92.39|1866|389|5.3|5.3|3|8
36.2|92.36|1869|389|5.3|5.3|3|8
36.3|92.36|1871|389|5.3|5.3|3|8
36.4|92.36|1871|389|5.3|5.3|3|8
36.5|92.36|1874|389|5.3|5.3|3|8
36.6|92.36|1876|389|5.3|5.3|3|8
36.7|92.37|1879|389|5.3|5.3|3|8
36.8|92.39|1879|389|5.3|5.3|3|8
36.9|92.37|1881|389|5.3|5.3|3|8
37|92.37|1876|389|5.3|5.3|3|8
37.1|92.35|1881|389|5.3|5.3|3|8
37.2|92.33|1881|389|5.3|5.3|4|8
37.3|92.56|1876|389|5.3|5.3|4|8
37.4|92.86|1843|390|5.3|5.3|4|8
37.5|93.47|1670|390|5.3|5.3|4|8
37.6|93.82|1137|390|5.3|5.3|2|8
37.7|93.88|1121|390|5.3|5.3|2|8
37.8|93.93|1119|390|5.3|5.3|2|8
37.9|93.86|1116|390|5.3|5.3|2|8
38|93.88|1113|390|5.3|5.3|2|8
38.1|93.7|1113|390|5.3|5.3|2|8
38.2|93.69|1111|390|5.3|5.3|2|8
38.3|93.58|1111|390|5.3|5.3|2|8
38.4|93.58|1111|390|5.3|5.3|2|8
38.5|93.58|1111|390|5.3|5.3|2|8
38.6|93.42|1250|390|5.3|5.3|2|8
38.7|93.34|1196|390|5.3|5.3|2|8
38.8|93.29|1198|390|5.3|5.3|2|8
38.9|93.21|1157|390|5.3|5.3|2|8
39|93.27|1216|389|5.3|5.3|2|8
39.1|93.15|1170|390|5.3|5.3|2|8
39.2|93.04|1144|390|5.3|5.3|2|8
39.3|93.03|1242|390|5.3|5.3|2|8
39.4|92.9|1361|390|5.3|5.3|2|8
39.5|92.92|1696|390|5.3|5.3|2|8
39.6|92.92|1688|390|5.3|5.3|2|8
39.7|93.07|1606|390|5.3|5.3|2|8
39.8|93.25|1124|390|5.3|5.3|2|8
39.9|93.29|1113|390|5.3|5.3|2|8
40|93.37|1111|389|5.3|5.3|2|8
40.1|93.25|1111|389|5.3|5.3|2|8
40.2|93.29|1111|389|5.3|5.3|2|8
40.3|93.14|1111|389|5.3|5.3|2|8
40.4|93|1108|389|5.3|5.3|2|8
40.5|93.03|1108|389|5.3|5.3|2|8
40.6|93.03|1121|389|5.3|5.3|2|8
40.7|92.88|1142|389|5.3|5.3|2|8
40.8|92.86|1415|390|5.3|5.3|2|8
40.9|92.82|1278|390|5.3|5.3|2|8
41|92.78|1155|390|5.3|5.3|2|8
41.1|92.74|1175|390|5.3|5.3|2|8
41.2|92.7|1250|390|5.3|5.3|2|8
41.3|92.63|1629|390|5.3|5.3|2|8
41.4|92.74|1539|390|5.3|5.3|2|8
41.5|92.88|1119|390|5.3|5.3|2|8
41.6|92.91|1108|390|5.3|5.3|2|8
41.7|92.88|1108|390|5.3|5.3|2|8
41.8|92.82|1108|390|5.3|5.3|2|8
41.9|92.74|1106|390|5.3|5.3|2|8
42|92.68|1111|389|5.3|5.3|2|8
42.1|92.64|1204|389|5.3|5.3|2|8
42.2|92.59|1384|390|5.3|5.3|2|8
42.3|92.56|1227|390|5.3|5.3|2|8
42.4|92.39|1260|390|5.3|5.3|2|8
42.5|92.37|1111|389|5.3|5.3|2|8
42.6|92.37|1240|389|5.3|5.3|2|8
42.7|92.25|1263|390|5.3|5.3|2|8
42.8|92.21|1384|390|5.3|5.3|2|8
42.9|92.13|1268|390|5.3|5.3|2|8
43|92.09|1289|390|5.3|5.3|2|8
43.1|91.94|1162|390|5.3|5.3|2|8
43.2|91.93|1327|390|5.3|5.3|2|8
43.3|91.93|1312|390|5.3|5.3|2|8
43.4|91.84|1335|390|5.3|5.3|2|8
43.5|91.76|1379|390|5.3|5.3|2|8
43.6|91.62|1369|390|5.3|5.3|2|8
43.7|91.6|1358|390|5.3|5.3|2|8
43.8|91.56|1397|390|5.3|5.3|2|8
43.9|91.47|1356|390|5.3|5.3|2|8
44|91.39|1371|390|5.3|5.3|2|8
44.1|91.25|1255|390|5.3|5.3|2|8
44.2|91.21|1291|390|5.3|5.3|2|8
44.3|91.19|1168|390|5.3|5.3|2|8
44.4|91.05|1327|391|5.3|5.3|2|8
44.5|91|1245|390|5.3|5.3|2|8
44.6|90.88|1335|390|5.3|5.3|2|8
44.7|90.84|1271|390|5.3|5.3|2|8
44.8|90.74|1289|390|5.3|5.3|2|8
44.9|90.64|1242|390|5.3|5.3|2|8
45|90.55|1294|390|5.3|5.3|2|8
45.1|90.52|1312|390|5.3|5.3|2|8
45.2|90.4|1216|390|5.3|5.3|2|8
45.3|90.33|1265|390|5.3|5.3|2|8
45.4|90.27|1201|390|5.3|5.3|2|8
45.5|90.19|1250|390|5.3|5.3|2|8
45.6|90.05|1255|390|5.3|5.3|2|8
45.7|89.92|1237|389|5.3|5.3|2|8
45.8|89.89|1250|390|5.3|5.3|2|8
45.9|89.74|1255|389|5.3|5.3|2|8
46|89.73|1351|390|5.3|5.3|2|8
46.1|89.56|1268|390|5.3|5.3|2|8
46.2|89.53|1335|390|5.3|5.3|2|8
46.3|89.41|1276|390|5.3|5.3|2|8
46.4|89.29|1284|390|5.3|5.3|2|8
46.5|89.17|1175|390|5.3|5.3|2|8
46.6|89.13|1314|390|5.3|5.3|2|8
46.7|89.01|1330|390|5.3|5.3|2|8
46.8|88.87|1317|390|5.3|5.3|2|8
46.9|88.82|1271|390|5.3|5.3|2|8
47|88.71|1356|390|5.3|5.3|2|8
47.1|88.58|1247|390|5.3|5.3|2|8
47.2|88.51|1219|391|5.3|5.3|2|8
47.3|88.37|1186|390|5.3|5.3|2|8
47.4|88.23|1245|390|5.3|5.3|2|8
47.5|88.16|1245|390|5.3|5.3|2|8
47.6|88.07|1183|390|5.3|5.3|2|8
47.7|87.93|1397|390|5.3|5.3|2|8
47.8|87.82|1351|390|5.3|5.3|2|8
47.9|87.7|1353|390|5.3|5.3|2|8
48|87.56|1276|390|5.3|5.3|2|8
48.1|87.39|1291|390|5.3|5.3|2|8
48.2|87.39|1222|390|5.3|5.3|2|8
48.3|87.17|1235|390|5.3|5.3|2|8
48.4|87.1|1265|390|5.3|5.3|2|8
48.5|86.98|1325|390|5.3|5.3|2|8
48.6|86.83|1289|390|5.3|5.3|2|8
48.7|86.68|1353|390|5.3|5.3|2|8
48.8|86.6|1278|390|5.3|5.3|2|8
48.9|86.42|1330|390|5.3|5.3|2|8
49|86.32|1314|390|5.3|5.3|2|8
49.1|86.19|1296|390|5.3|5.3|2|8
49.2|86.07|1299|390|5.3|5.3|2|8
49.3|85.97|1245|390|5.3|5.3|2|8
49.4|85.76|1276|390|5.3|5.3|2|8
49.5|85.62|1229|390|5.3|5.3|2|8
49.6|85.45|1291|390|5.3|5.3|2|8
49.7|85.37|1361|390|5.3|5.3|2|8
49.8|85.22|1325|390|5.3|5.3|2|8
49.9|85.07|1242|390|5.3|5.3|2|8
50|84.97|1397|390|5.3|5.3|2|8
50.1|84.79|1340|391|5.3|5.3|2|8
50.2|84.63|1327|390|5.3|5.3|2|8
50.3|84.44|1232|391|5.3|5.3|2|8
50.4|84.31|1327|390|5.3|5.3|2|8
50.5|84.19|1353|390|5.3|5.3|2|8
50.6|84.05|1412|390|5.3|5.3|2|8
50.7|83.88|1485|390|5.3|5.3|2|8
50.8|83.68|1327|390|5.3|5.3|2|8
50.9|83.64|1312|390|5.3|5.3|2|8
51|83.58|1188|390|5.3|5.3|2|8
51.1|83.44|1188|390|5.3|5.3|2|8
51.2|83.42|1216|390|5.3|5.3|2|8
51.3|83.3|1245|390|5.3|5.3|2|8
51.4|83.21|1265|390|5.3|5.3|2|8
51.5|83.14|1222|390|5.3|5.3|2|8
51.6|83.07|1224|390|5.3|5.3|2|8
51.7|82.98|1307|390|5.3|5.3|2|8
51.8|82.89|1245|390|5.3|5.3|2|8
51.9|82.75|1294|390|5.3|5.3|2|8
52|82.68|1219|390|5.3|5.3|2|8
52.1|82.56|1214|391|5.3|5.3|2|8
52.2|82.42|1211|391|5.3|5.3|2|8
52.3|82.31|1222|390|5.3|5.3|2|8
52.4|82.16|1209|391|5.3|5.3|2|8
52.5|82.07|1237|391|5.3|5.3|2|8
52.6|81.95|1448|390|5.3|5.3|2|8
52.7|81.77|1222|390|5.3|5.3|2|8
52.8|81.69|1265|391|5.3|5.3|2|8
52.9|81.52|1302|390|5.3|5.3|2|8
53|81.33|1412|392|5.3|5.3|2|8
53.1|81.15|1250|392|5.3|5.3|2|8
53.2|80.99|1320|392|5.3|5.3|2|8
53.3|80.85|1436|392|5.3|5.3|2|8
53.4|80.67|1430|392|5.3|5.3|6|8
53.5|79.36|1851|390|5.3|5.3|6|8
53.6|76.81|1918|390|5.3|5.3|6|8
53.7|74.1|59|391|5.3|5.3|7|8
53.8|71.91|0|390|5.3|5.3|7|8
53.9|70.79|0|390|5.3|5.3|7|8
54|70.2|0|390|5.3|5.3|7|8
54.1|69.96|0|389|5.3|5.3|7|8
54.2|69.9|0|389|5.3|5.3|7|8
54.3|69.87|0|389|5.3|5.3|7|8
54.4|69.79|0|389|5.3|5.3|7|8
54.5|69.73|0|389|5.3|5.3|7|8
54.6|69.72|0|388|5.3|5.3|7|8
54.7|69.69|0|389|5.3|5.3|7|8
54.8|69.75|0|388|5.3|5.3|7|8
54.9|69.75|0|388|5.3|5.3|7|8
55|69.79|0|388|5.3|5.3|7|8
55.1|69.76|0|388|5.3|5.3|7|8
55.2|69.72|0|388|5.3|5.3|7|8
55.3|69.69|0|388|5.3|5.3|7|8
55.4|69.73|0|388|5.3|5.3|7|8
55.5|69.75|0|388|5.3|5.3|7|8
55.6|69.8|0|388|5.3|5.3|7|8
55.7|69.75|0|388|5.3|5.3|7|8
55.8|69.72|0|388|5.3|5.3|7|8
55.9|69.71|0|388|5.3|5.3|7|8
56|69.71|0|388|5.3|5.3|7|8
56.1|69.72|0|388|5.3|5.3|7|8
56.2|69.73|0|388|5.3|5.3|7|8
56.3|69.79|0|388|5.3|5.3|7|8
56.4|69.73|0|388|5.3|5.3|7|8
56.5|69.72|0|388|5.3|5.3|7|8
56.6|69.73|0|388|5.3|5.3|7|8
56.7|69.72|0|388|5.3|5.3|7|8
56.8|69.72|0|388|5.3|5.3|7|8
56.9|69.72|0|388|5.3|5.3|7|8
57|69.73|0|388|5.3|5.3|7|8
57.1|69.72|0|388|5.3|5.3|7|8
57.2|69.71|0|388|5.3|5.3|7|8
57.3|69.71|0|388|5.3|5.3|7|8
57.4|69.71|0|388|5.3|5.3|7|8
57.5|69.72|0|388|5.3|5.3|7|8
57.6|69.71|0|388|5.3|5.3|7|8
57.7|69.71|0|388|5.3|5.3|7|8
57.8|69.71|0|388|5.3|5.3|7|8
57.9|69.69|0|388|5.3|5.3|7|8
58|69.71|0|388|5.3|5.3|7|8
58.1|69.72|0|388|5.3|5.3|7|8
58.2|69.73|0|389|5.3|5.3|7|8
58.3|69.73|0|388|5.3|5.3|7|8
58.4|69.72|0|388|5.3|5.3|7|8
58.5|69.71|0|388|5.3|5.3|7|8
58.6|69.72|0|388|5.3|5.3|7|8
58.7|69.72|0|388|5.3|5.3|7|8
58.8|69.72|0|388|5.3|5.3|7|8
58.9|69.72|0|388|5.3|5.3|7|8
59|69.72|0|388|5.3|5.3|7|8
59.1|69.72|0|389|5.3|5.3|7|8
59.2|69.68|0|388|5.3|5.3|7|8
59.3|69.68|0|388|5.3|5.3|7|8
59.4|69.71|0|388|5.3|5.3|7|8
59.5|69.71|0|389|5.3|5.3|7|8
59.6|69.71|0|389|5.3|5.3|7|8
59.7|69.71|0|389|5.3|5.3|7|8
59.8|69.72|0|389|5.3|5.3|7|8
59.9|69.72|0|389|5.3|5.3|7|8
60|69.71|0|389|5.3|5.3|7|8
60.1|69.71|0|389|5.3|5.3|7|8
60.2|69.72|0|389|5.3|5.3|7|8
60.3|69.69|0|389|5.3|5.3|7|8
60.4|69.68|0|389|5.3|5.3|7|8
60.5|69.67|0|388|5.3|5.3|7|8
60.6|69.69|0|388|5.3|5.3|7|8
60.7|69.69|0|388|5.3|5.3|7|8
60.8|69.71|0|388|5.3|5.3|7|8
60.9|69.71|0|388|5.3|5.3|7|8
61|69.75|0|389|5.3|5.3|7|8
61.1|69.71|0|388|5.3|5.3|7|8
61.2|69.71|0|388|5.3|5.3|7|8
61.3|69.71|0|389|5.3|5.3|7|8
61.4|69.69|0|389|5.3|5.3|7|8
61.5|69.69|0|388|5.3|5.3|7|8
61.6|69.69|0|388|5.3|5.3|7|8
61.7|69.71|0|388|5.3|5.3|7|8
61.8|69.71|0|388|5.3|5.3|7|8
61.9|69.72|0|388|5.3|5.3|7|8
62|69.71|0|388|5.3|5.3|7|8
62.1|69.71|0|388|5.3|5.3|7|8
62.2|69.69|0|388|5.3|5.3|7|8
62.3|69.69|0|388|5.3|5.3|7|8
62.4|69.69|0|388|5.3|5.3|7|8
62.5|69.71|0|388|5.3|5.3|7|8
62.6|69.69|0|388|5.3|5.3|7|8
62.7|69.69|0|388|5.3|5.3|7|8
62.8|69.69|0|388|5.3|5.3|7|8
62.9|69.67|0|388|5.3|5.3|7|8
63|69.69|0|388|5.3|5.3|7|8
63.1|69.71|0|388|5.3|5.3|7|8
63.2|69.73|0|388|5.3|5.3|7|8
63.3|69.72|0|388|5.3|5.3|7|8
63.4|69.72|0|388|5.3|5.3|7|8
63.5|69.72|0|388|5.3|5.3|7|8
63.6|69.72|0|388|5.3|5.3|7|8
63.7|69.72|0|388|5.3|5.3|7|8
63.8|69.73|0|388|5.3|5.3|7|8
63.9|69.69|0|388|5.3|5.3|7|8
64|69.69|0|388|5.3|5.3|7|8
64.1|69.68|0|388|5.3|5.3|7|8
64.2|69.69|0|388|5.3|5.3|7|8
64.3|69.69|0|388|5.3|5.3|7|8
64.4|69.69|0|392|5.3|5.3|7|8
64.5|69.69|0|396|5.3|5.3|7|8
64.6|69.69|0|398|5.3|5.3|7|8
64.7|69.69|0|398|5.3|5.3|7|8
64.8|69.69|0|399|5.3|5.3|7|8
64.9|69.69|0|399|5.3|5.3|7|8
65|69.69|0|399|5.3|5.3|7|8
65.1|69.69|0|399|5.4|5.3|7|8
65.2|69.69|0|399|5.3|5.3|7|8
65.3|69.69|0|399|5.3|5.3|7|8
65.4|69.69|0|398|5.4|5.3|7|8
65.5|69.69|0|399|5.3|5.3|7|8
65.6|69.69|0|399|5.3|5.3|7|8
65.7|69.69|0|399|5.3|5.3|7|8
65.8|69.71|0|399|5.3|5.3|7|8
65.9|69.69|0|399|5.3|5.3|7|8
66|69.69|0|399|5.3|5.3|7|8
66.1|69.68|0|399|5.3|5.3|7|8
66.2|69.68|0|399|5.3|5.4|7|8
66.3|69.64|0|399|5.4|5.3|7|8
66.4|69.67|0|399|5.4|5.3|7|8
66.5|69.67|0|399|5.4|5.3|7|8
66.6|69.67|0|399|5.3|5.3|7|8
66.7|69.67|0|399|5.3|5.3|8|8
66.8|69.69|0|399|5.4|5.4|8|8
66.9|69.71|0|399|5.3|5.3|8|8
67|69.65|0|399|5.3|5.3|8|8
67.1|69.55|0|399|5.3|5.3|8|8
67.2|69.59|0|399|5.3|5.3|8|8
67.3|69.61|0|400|5.3|5.3|8|8
67.4|69.65|0|399|5.3|5.3|8|8
67.5|69.63|0|400|5.3|5.3|8|8
67.6|69.63|0|400|5.3|5.3|8|8
67.7|69.64|0|400|5.3|5.3|8|8
67.8|69.65|0|400|5.2|5.2|8|8
67.9|69.68|0|400|5.2|5.2|8|8
68|69.67|0|400|5.2|5.2|8|8
68.1|69.65|0|400|5.2|5.2|8|8
68.2|69.64|0|400|5.2|5.2|8|8
68.3|69.6|0|400|5.2|5.2|8|8
68.4|69.6|0|400|5.2|5.2|8|8
68.5|69.61|0|400|5.2|5.2|8|8
68.6|69.65|0|400|5.2|5.2|8|8
68.7|70.03|0|400|5.1|5.1|8|8
68.8|72.87|0|400|5.1|5.1|8|8
68.9|75.91|0|400|5.1|5.1|8|8
69|78.89|0|400|5.1|5.1|8|8
69.1|81.85|0|400|5.1|5.1|8|8
69.2|84.8|0|400|5.1|5.1|8|8
69.3|87.7|0|400|5.1|5.1|8|8
69.4|90.62|0|400|5.1|5.1|8|8
69.5|93.46|0|400|5.1|5.1|8|8
69.6|95|0|400|5.1|5.1|8|8
69.7|95.65|0|400|5.1|5.1|8|8
