0|96.08|966|407|5|5|1|8
0.1|96.06|1023|409|5|5|1|8
0.2|96.04|1015|409|5|5|1|8
0.3|96.08|1015|410|5|5|1|8
0.4|96.06|1015|410|5|5|1|8
0.5|96.08|1041|411|5|5|2|8
0.6|95.77|1142|411|5|5|2|8
0.7|95.38|1598|412|5|5|3|8
0.8|95.18|1686|413|5|5|3|8
0.9|94.95|1701|413|5|5|3|8
1|94.92|1709|414|5|5|3|8
1.1|94.82|1716|414|5|5|3|8
1.2|94.76|1719|414|5|5|3|8
1.3|94.82|1722|414|5|5|3|8
1.4|94.83|1724|414|5|5|3|8
1.5|94.84|1724|413|5|5|3|8
1.6|94.87|1729|414|5|5|3|8
1.7|94.79|1729|414|5|5|3|8
1.8|94.82|1735|414|5|5|3|8
1.9|94.8|1735|413|5|5|3|8
2|94.82|1737|413|5|5|3|8
2.1|94.86|1737|413|5|5|3|8
2.2|94.79|1740|413|5|5|3|8
2.3|94.82|1740|413|5.1|5|3|8
2.4|94.8|1742|413|5.1|5.1|3|8
2.5|94.82|1742|413|5.1|5.1|3|8
2.6|94.83|1745|413|5.1|5.1|3|8
2.7|94.8|1747|413|5.1|5.1|4|8
2.8|94.88|1747|413|5.1|5.1|4|8
2.9|95.21|1740|413|5.1|5.1|4|8
3|95.69|1670|412|5.1|5.1|4|8
3.1|96.19|1059|411|5.1|5.1|5|8
3.2|96.35|1039|409|5.1|5.1|5|8
3.3|96.45|1036|409|5.1|5.1|5|8
3.4|96.47|1034|408|5.1|5.1|5|8
3.5|96.53|1034|408|5.1|5.1|5|8
3.6|96.53|1034|408|5.1|5.1|5|8
3.7|96.53|1034|408|5.1|5.1|5|8
3.8|96.55|1034|408|5.1|5.1|5|8
3.9|96.53|1031|408|5.1|5.1|5|8
4|96.52|1031|408|5.1|5.1|5|8
4.1|96.53|1034|408|5.1|5.1|5|8
4.2|96.55|1031|408|5.1|5.1|5|8
4.3|96.55|1031|408|5.1|5.1|5|8
4.4|96.53|1034|408|5.1|5.1|5|8
4.5|96.53|1034|408|5.1|5.1|5|8
4.6|96.55|1034|408|5.1|5.1|5|8
4.7|96.56|1036|408|5.1|5.1|5|8
4.8|96.52|1036|408|5.1|5.1|5|8
4.9|96.52|1039|408|5.1|5.1|5|8
5|96.56|1039|408|5.1|5.1|5|8
5.1|96.56|1039|408|5.1|5.1|2|8
5.2|96.35|1039|408|5.1|5.1|2|8
5.3|95.94|1044|408|5.1|5.1|2|8
5.4|95.51|1137|408|5.1|5.1|2|8
5.5|95.15|1693|408|5.1|5.1|3|8
5.6|94.8|1742|410|5.1|5.1|3|8
5.7|94.67|1755|411|5.1|5.1|3|8
5.8|94.67|1760|411|5.1|5.1|3|8
5.9|94.56|1763|411|5.1|5.1|3|8
6|94.55|1765|411|5.1|5.1|3|8
6.1|94.57|1768|411|5.1|5.1|3|8
6.2|94.59|1768|411|5.1|5.1|3|8
6.3|94.55|1771|411|5.1|5.1|3|8
6.4|94.55|1771|411|5.1|5.1|3|8
6.5|94.57|1773|411|5.1|5.1|3|8
6.6|94.53|1776|411|5.1|5.1|3|8
6.7|94.56|1776|411|5.1|5.1|3|8
6.8|94.57|1778|411|5.1|5.1|3|8
6.9|94.55|1778|411|5.1|5.1|3|8
7|94.56|1781|411|5.1|5.1|3|8
7.1|94.55|1781|411|5.1|5.1|3|8
7.2|94.53|1784|411|5.1|5.1|3|8
7.3|94.56|1784|411|5.1|5.1|3|8
7.4|94.56|1786|411|5.1|5.1|3|8
7.5|94.53|1786|411|5.1|5.1|4|8
7.6|94.67|1786|411|5.1|5.1|4|8
7.7|95.07|1773|411|5.1|5.1|4|8
7.8|95.57|1693|411|5.1|5.1|4|8
7.9|96.08|1077|410|5.1|5.1|5|8
8|96.24|1046|408|5.1|5.1|5|8
8.1|96.41|1046|408|5.1|5.1|5|8
8.2|96.39|1044|407|5.1|5.1|5|8
8.3|96.39|1044|407|5.1|5.1|5|8
8.4|96.41|1041|408|5.1|5.1|5|8
8.5|96.44|1041|408|5.1|5.1|5|8
8.6|96.44|1044|407|5.1|5.1|5|8
8.7|96.43|1046|407|5.1|5.1|5|8
8.8|96.43|1046|408|5.1|5.1|5|8
8.9|96.47|1046|407|5.1|5.1|5|8
9|96.48|1041|407|5.1|5.1|5|8
9.1|96.44|1041|408|5.1|5.1|5|8
9.2|96.41|1041|408|5.1|5.1|5|8
9.3|96.41|1041|408|5.1|5.1|5|8
9.4|96.44|1044|408|5.1|5.1|5|8
9.5|96.41|1049|408|5.1|5.1|5|8
9.6|96.45|1046|408|5.2|5.1|5|8
9.7|96.44|1046|408|5.1|5.1|5|8
9.8|96.45|1044|408|5.1|5.1|5|8
9.9|96.47|1046|408|5.2|5.1|2|8
10|96.28|1046|408|5.2|5.1|2|8
10.1|95.88|1046|408|5.1|5.1|2|8
10.2|95.45|1142|408|5.2|5.1|2|8
10.3|94.99|1399|408|5.2|5.1|2|8
10.4|94.6|1753|410|5.1|5.1|3|8
10.5|94.44|1778|412|5.2|5.1|3|8
10.6|94.25|1791|410|5.1|5.1|3|8
10.7|94.25|1807|398|5.2|5.1|3|8
10.8|94.13|1812|394|5.1|5.1|3|8
10.9|94.16|1814|392|5.2|5.2|3|8
11|94.15|1817|392|5.2|5.2|3|8
11.1|94.17|1820|392|5.2|5.1|3|8
11.2|94.16|1820|392|5.2|5.2|3|8
11.3|94.15|1822|392|5.2|5.2|3|8
11.4|94.15|1822|392|5.2|5.1|3|8
11.5|94.17|1825|392|5.2|5.2|3|8
11.6|94.15|1825|392|5.2|5.2|3|8
11.7|94.15|1827|392|5.2|5.2|3|8
11.8|94.15|1830|392|5.2|5.2|3|8
11.9|94.15|1830|392|5.2|5.2|3|8
12|94.15|1832|392|5.2|5.2|3|8
12.1|94.15|1832|392|5.2|5.2|3|8
12.2|94.15|1835|392|5.2|5.2|3|8
12.3|94.13|1835|392|5.2|5.2|3|8
12.4|94.17|1835|392|5.2|5.2|4|8
12.5|94.36|1832|392|5.2|5.2|4|8
12.6|94.82|1802|392|5.2|5.2|4|8
12.7|95.31|1191|392|5.2|5.2|5|8
12.8|95.66|1070|391|5.2|5.2|5|8
12.9|95.73|1064|391|5.2|5.2|5|8
13|95.81|1064|391|5.2|5.2|5|8
13.1|95.78|1064|391|5.2|5.2|5|8
13.2|95.88|1062|391|5.2|5.2|5|8
13.3|95.85|1062|391|5.2|5.2|5|8
13.4|95.85|1062|391|5.2|5.2|5|8
13.5|95.84|1062|391|5.2|5.2|5|8
13.6|95.86|1067|391|5.2|5.2|5|8
13.7|95.85|1067|391|5.2|5.2|5|8
13.8|95.86|1059|391|5.2|5.2|5|8
13.9|95.85|1067|391|5.2|5.2|5|8
14|95.86|1064|391|5.2|5.2|5|8
14.1|95.85|1064|391|5.2|5.2|5|8
14.2|95.85|1064|391|5.2|5.2|5|8
14.3|95.84|1067|391|5.2|5.2|5|8
14.4|95.82|1070|391|5.2|5.2|5|8
14.5|95.85|1070|391|5.2|5.2|5|8
14.6|95.85|1067|391|5.2|5.2|5|8
14.7|95.86|1064|391|5.2|5.2|2|8
14.8|95.8|1064|391|5.2|5.2|2|8
14.9|95.42|1064|391|5.2|5.2|2|8
15|95|1095|390|5.2|5.2|2|8
15.1|94.56|1399|392|5.2|5.2|2|8
15.2|94.13|1796|392|5.2|5.2|3|8
15.3|93.93|1820|392|5.2|5.2|3|8
15.4|93.86|1827|392|5.2|5.2|3|8
15.5|93.7|1830|392|5.2|5.2|3|8
15.6|93.61|1835|392|5.2|5.2|3|8
15.7|93.74|1835|392|5.2|5.2|3|8
15.8|93.66|1838|392|5.2|5.2|3|8
15.9|93.73|1840|392|5.2|5.2|3|8
16|93.68|1840|392|5.2|5.2|3|8
16.1|93.69|1843|392|5.2|5.2|3|8
16.2|93.76|1845|392|5.2|5.2|3|8
16.3|93.64|1845|392|5.2|5.2|3|8
16.4|93.73|1848|392|5.2|5.2|3|8
16.5|93.65|1848|392|5.2|5.2|3|8
16.6|93.74|1851|392|5.2|5.2|3|8
16.7|93.64|1851|392|5.2|5.2|3|8
16.8|93.74|1853|392|5.2|5.2|3|8
16.9|93.65|1853|392|5.2|5.2|3|8
17|93.72|1856|392|5.2|5.2|3|8
17.1|93.65|1856|392|5.2|5.2|3|8
17.2|93.76|1856|392|5.2|5.2|4|8
17.3|93.9|1853|392|5.2|5.2|4|8
17.4|94.41|1688|392|5.2|5.2|4|8
17.5|94.8|1088|392|5.2|5.2|5|8
17.6|95.06|1077|392|5.2|5.2|5|8
17.7|95.08|1075|391|5.2|5.2|5|8
17.8|95.15|1075|391|5.2|5.2|5|8
17.9|95.17|1072|391|5.2|5.2|5|8
18|95.21|1075|391|5.2|5.2|5|8
18.1|95.08|1080|391|5.2|5.2|5|8
18.2|95.14|1080|391|5.2|5.2|5|8
18.3|95.14|1085|391|5.2|5.2|5|8
18.4|95.15|1082|391|5.2|5.2|5|8
18.5|95.19|1082|391|5.2|5.2|5|8
18.6|95.12|1072|391|5.2|5.2|5|8
18.7|95.12|1070|391|5.2|5.2|5|8
18.8|95.12|1070|391|5.2|5.2|5|8
18.9|95.17|1070|391|5.2|5.2|5|8
19|95.19|1075|391|5.2|5.2|5|8
19.1|95.14|1075|391|5.2|5.2|5|8
19.2|95.12|1075|391|5.2|5.2|5|8
19.3|95.15|1080|391|5.2|5.2|5|8
19.4|95.19|1077|392|5.2|5.2|5|8
19.5|95.17|1075|392|5.2|5.2|2|8
19.6|94.86|1077|392|5.2|5.2|2|8
19.7|94.52|1080|392|5.2|5.2|2|8
19.8|94.04|1366|392|5.2|5.2|2|8
19.9|93.68|1817|392|5.2|5.2|3|8
20|93.43|1840|392|5.2|5.2|3|8
20.1|93.38|1845|392|5.2|5.2|3|8
20.2|93.27|1848|392|5.2|5.2|3|8
20.3|93.22|1853|392|5.2|5.2|3|8
20.4|93.25|1856|392|5.2|5.2|3|8
20.5|93.23|1856|392|5.2|5.2|3|8
20.6|93.25|1858|392|5.2|5.2|3|8
20.7|93.26|1861|392|5.2|5.2|3|8
20.8|93.25|1861|392|5.2|5.2|3|8
20.9|93.26|1863|392|5.2|5.2|3|8
21|93.23|1863|392|5.2|5.2|3|8
21.1|93.23|1863|392|5.2|5.2|3|8
21.2|93.26|1866|392|5.2|5.2|3|8
21.3|93.25|1866|392|5.2|5.2|3|8
21.4|93.26|1866|392|5.2|5.2|3|8
21.5|93.26|1866|392|5.2|5.2|3|8
21.6|93.29|1866|392|5.2|5.2|3|8
21.7|93.27|1866|392|5.2|5.2|3|8
21.8|93.18|1869|392|5.2|5.2|3|8
21.9|93.26|1869|392|5.2|5.2|4|8
22|93.5|1866|392|5.2|5.2|4|8
22.1|93.94|1742|392|5.2|5.2|4|8
22.2|94.39|1101|392|5.2|5.2|5|8
22.3|94.57|1082|392|5.2|5.2|5|8
22.4|94.68|1080|392|5.2|5.2|5|8
22.5|94.67|1080|392|5.2|5.2|5|8
22.6|94.72|1077|392|5.2|5.2|5|8
22.7|94.74|1077|392|5.2|5.2|5|8
22.8|94.75|1080|392|5.2|5.2|5|8
22.9|94.79|1080|392|5.2|5.2|5|8
23|94.76|1080|392|5.2|5.2|5|8
23.1|94.76|1080|392|5.2|5.2|5|8
23.2|94.75|1082|392|5.2|5.2|5|8
23.3|94.75|1082|392|5.2|5.2|5|8
23.4|94.75|1075|392|5.2|5.2|5|8
23.5|94.75|1077|392|5.2|5.2|5|8
23.6|94.75|1082|392|5.2|5.2|5|8
23.7|94.76|1077|392|5.2|5.2|5|8
23.8|94.76|1080|392|5.2|5.2|5|8
23.9|94.76|1080|392|5.2|5.2|5|8
24|94.75|1082|392|5.2|5.2|5|8
24.1|94.74|1077|392|5.2|5.2|5|8
24.2|94.74|1080|392|5.2|5.2|2|8
24.3|94.57|1080|392|5.2|5.2|2|8
24.4|94.19|1080|392|5.2|5.2|2|8
24.5|93.73|1307|392|5.2|5.2|2|8
24.6|93.23|1817|392|5.2|5.2|3|8
24.7|93.03|1843|392|5.2|5.2|3|8
24.8|93.04|1848|392|5.2|5.2|3|8
24.9|92.95|1856|392|5.2|5.2|3|8
25|92.84|1858|392|5.2|5.2|3|8
25.1|92.91|1863|392|5.2|5.2|3|8
25.2|92.94|1866|392|5.2|5.2|3|8
25.3|92.9|1869|392|5.2|5.2|3|8
25.4|92.9|1871|392|5.2|5.2|3|8
25.5|92.9|1871|392|5.2|5.2|3|8
25.6|92.94|1874|392|5.2|5.2|3|8
25.7|92.9|1874|392|5.2|5.2|3|8
25.8|92.87|1876|392|5.2|5.2|3|8
25.9|92.91|1876|392|5.2|5.2|3|8
26|92.95|1879|392|5.2|5.2|3|8
26.1|92.87|1879|392|5.2|5.2|3|8
26.2|92.88|1879|392|5.2|5.2|3|8
26.3|92.94|1879|392|5.2|5.2|3|8
26.4|92.88|1879|392|5.2|5.2|3|8
26.5|92.9|1881|392|5.2|5.2|3|8
26.6|92.88|1881|392|5.2|5.2|4|8
26.7|93.13|1876|393|5.2|5.2|4|8
26.8|93.6|1753|393|5.2|5.2|4|8
26.9|94.06|1098|393|5.2|5.2|5|8
27|94.17|1085|392|5.2|5.2|5|8
27.1|94.32|1085|392|5.2|5.2|5|8
27.2|94.33|1082|392|5.2|5.2|5|8
27.3|94.31|1080|392|5.2|5.2|5|8
27.4|94.37|1080|392|5.2|5.2|5|8
27.5|94.33|1082|392|5.2|5.2|5|8
27.6|94.31|1088|392|5.2|5.2|5|8
27.7|94.33|1090|392|5.2|5.2|5|8
27.8|94.35|1090|392|5.2|5.2|5|8
27.9|94.37|1090|392|5.2|5.2|5|8
28|94.39|1077|392|5.2|5.2|5|8
28.1|94.33|1088|392|5.2|5.2|5|8
28.2|94.29|1088|392|5.2|5.2|5|8
28.3|94.35|1088|392|5.2|5.2|5|8
28.4|94.33|1088|392|5.2|5.2|5|8
28.5|94.39|1085|392|5.2|5.2|5|8
28.6|94.37|1085|392|5.2|5.2|5|8
28.7|94.32|1080|392|5.2|5.2|5|8
28.8|94.33|1080|392|5.2|5.2|5|8
28.9|94.35|1080|392|5.2|5.2|2|8
29|94.06|1085|392|5.2|5.2|2|8
29.1|93.72|1088|392|5.2|5.2|2|8
29.2|93.23|1570|392|5.2|5.2|2|8
29.3|92.92|1832|392|5.2|5.2|3|8
29.4|92.71|1853|393|5.2|5.2|3|8
29.5|92.68|1861|393|5.2|5.2|3|8
29.6|92.66|1866|393|5.2|5.2|3|8
29.7|92.53|1871|393|5.2|5.2|3|8
29.8|92.58|1874|393|5.2|5.2|3|8
29.9|92.6|1879|393|5.2|5.2|3|8
30|92.53|1881|393|5.2|5.2|3|8
30.1|92.56|1884|393|5.2|5.2|3|8
30.2|92.52|1887|393|5.2|5.2|3|8
30.3|92.53|1887|393|5.2|5.2|3|8
30.4|92.56|1887|394|5.2|5.2|3|8
30.5|92.58|1889|393|5.2|5.2|3|8
30.6|92.55|1887|393|5.2|5.2|3|8
30.7|92.53|1889|393|5.2|5.2|3|8
30.8|92.56|1889|393|5.2|5.2|3|8
30.9|92.59|1889|394|5.2|5.2|3|8
31|92.55|1889|394|5.2|5.2|3|8
31.1|92.53|1889|393|5.2|5.2|3|8
31.2|92.53|1889|393|5.2|5.2|3|8
31.3|92.6|1889|394|5.2|5.2|4|8
31.4|92.83|1879|394|5.2|5.2|4|8
31.5|93.37|1701|394|5.2|5.2|4|8
31.6|93.77|1095|394|5.2|5.2|5|8
31.7|93.92|1088|394|5.2|5.2|5|8
31.8|94.04|1085|393|5.2|5.2|5|8
31.9|94.1|1088|393|5.2|5.2|5|8
32|94.12|1082|393|5.2|5.2|5|8
32.1|94.05|1082|393|5.2|5.2|5|8
32.2|94.09|1085|393|5.2|5.2|5|8
32.3|94.09|1088|393|5.2|5.2|5|8
32.4|94.08|1082|393|5.2|5.2|5|8
32.5|94.08|1085|392|5.2|5.2|5|8
32.6|94.1|1085|392|5.2|5.2|5|8
32.7|94.17|1082|392|5.2|5.2|5|8
32.8|94.12|1082|392|5.2|5.2|5|8
32.9|94.09|1085|392|5.2|5.2|5|8
33|94.08|1085|392|5.2|5.2|5|8
33.1|94.08|1082|392|5.2|5.2|5|8
33.2|94.06|1080|392|5.2|5.2|5|8
33.3|94.08|1080|392|5.2|5.2|5|8
33.4|94.08|1088|392|5.2|5.2|5|8
33.5|94.12|1085|392|5.2|5.2|5|8
33.6|94.15|1082|392|5.2|5.2|2|8
33.7|93.86|1082|392|5.2|5.2|2|8
33.8|93.49|1082|392|5.2|5.2|2|8
33.9|93.02|1361|393|5.2|5.2|2|8
34|92.66|1820|392|5.2|5.2|3|8
34.1|92.39|1856|393|5.2|5.2|3|8
34.2|92.32|1869|393|5.2|5.2|3|8
34.3|92.21|1874|393|5.2|5.2|3|8
34.4|92.16|1879|393|5.2|5.2|3|8
34.5|92.23|1881|393|5.2|5.2|3|8
34.6|92.24|1887|393|5.2|5.2|3|8
34.7|92.2|1887|393|5.2|5.2|3|8
34.8|92.17|1892|393|5.2|5.2|3|8
34.9|92.23|1894|393|5.2|5.2|3|8
35|92.24|1894|393|5.2|5.2|3|8
35.1|92.2|1897|393|5.2|5.2|3|8
35.2|92.17|1897|393|5.2|5.2|3|8
35.3|92.23|1897|393|5.2|5.2|3|8
35.4|92.23|1897|393|5.2|5.2|3|8
35.5|92.21|1899|393|5.2|5.2|3|8
35.6|92.2|1899|393|5.2|5.2|3|8
35.7|92.17|1899|393|5.2|5.2|3|8
35.8|92.2|1899|393|5.2|5.2|3|8
35.9|92.2|1899|393|5.2|5.2|3|8
36|92.25|1899|393|5.2|5.2|4|8
36.1|92.43|1899|393|5.2|5.2|4|8
36.2|92.88|1845|393|5.2|5.2|4|8
36.3|93.37|1124|394|5.2|5.2|2|8
36.4|93.49|1090|392|5.2|5.2|2|8
36.5|93.49|1088|392|5.2|5.2|2|8
36.6|93.49|1085|392|5.2|5.2|2|8
36.7|93.43|1082|392|5.2|5.2|2|8
36.8|93.35|1085|392|5.2|5.2|2|8
36.9|93.31|1088|392|5.2|5.2|2|8
37|93.17|1093|392|5.2|5.2|2|8
37.1|93.14|1088|392|5.2|5.2|2|8
37.2|93.21|1088|392|5.2|5.2|2|8
37.3|93.15|1093|392|5.2|5.2|2|8
37.4|93|1090|392|5.2|5.2|2|8
37.5|92.99|1080|392|5.2|5.2|2|8
37.6|92.94|1119|392|5.2|5.2|2|8
37.7|92.88|1144|392|5.2|5.2|2|8
37.8|92.78|1198|392|5.2|5.2|2|8
37.9|92.67|1196|393|5.2|5.2|2|8
38|92.64|1155|393|5.2|5.2|2|8
38.1|92.64|1134|392|5.2|5.2|2|8
38.2|92.49|1619|393|5.2|5.2|2|8
38.3|92.44|1662|393|5.2|5.2|2|8
38.4|92.6|1379|393|5.2|5.2|2|8
38.5|92.7|1085|392|5.2|5.2|2|8
38.6|92.71|1080|392|5.2|5.2|2|8
38.7|92.79|1082|392|5.2|5.2|2|8
38.8|92.72|1080|392|5.2|5.2|2|8
38.9|92.68|1085|392|5.2|5.2|2|8
39|92.63|1088|392|5.2|5.2|2|8
39.1|92.53|1253|392|5.2|5.2|2|8
39.2|92.43|1242|392|5.2|5.2|2|8
39.3|92.4|1129|392|5.2|5.2|2|8
39.4|92.39|1240|393|5.2|5.2|2|8
39.5|92.36|1175|392|5.2|5.2|2|8
39.6|92.16|1139|392|5.2|5.2|2|8
39.7|92.19|1204|392|5.2|5.2|2|8
39.8|92.09|1216|392|5.2|5.2|2|8
39.9|92.04|1160|392|5.2|5.2|2|8
40|91.94|1155|392|5.2|5.2|2|8
40.1|91.9|1183|392|5.2|5.2|2|8
40.2|91.88|1332|393|5.2|5.2|2|8
40.3|91.74|1410|393|5.2|5.2|2|8
40.4|91.66|1567|393|5.2|5.2|2|8
40.5|91.6|1126|392|5.2|5.2|2|8
40.6|91.68|1090|392|5.2|5.2|2|8
40.7|91.62|1170|392|5.2|5.2|2|8
40.8|91.54|1273|392|5.2|5.2|2|8
40.9|91.46|1343|393|5.2|5.2|2|8
41|91.5|1229|392|5.2|5.2|2|8
41.1|91.43|1562|393|5.2|5.2|2|8
41.2|91.34|1134|392|5.2|5.2|2|8
41.3|91.42|1085|392|5.2|5.2|2|8
41.4|91.39|1080|392|5.2|5.2|2|8
41.5|91.38|1206|392|5.2|5.2|2|8
41.6|91.33|1245|392|5.2|5.2|2|8
41.7|91.23|1253|392|5.2|5.2|2|8
41.8|91.19|1299|393|5.2|5.2|2|8
41.9|91.03|1240|392|5.2|5.2|2|8
42|91.07|1147|392|5.2|5.2|2|8
42.1|90.99|1265|392|5.2|5.2|2|8
42.2|90.95|1216|392|5.2|5.2|2|8
42.3|90.8|1180|393|5.2|5.2|2|8
42.4|90.79|1271|392|5.2|5.2|2|8
42.5|90.68|1281|392|5.2|5.2|2|8
42.6|90.64|1178|392|5.2|5.2|2|8
42.7|90.59|1183|392|5.2|5.2|2|8
42.8|90.56|1204|392|5.2|5.2|2|8
42.9|90.45|1322|392|5.2|5.2|2|8
43|90.39|1240|393|5.2|5.2|2|8
43.1|90.33|1240|392|5.2|5.2|2|8
43.2|90.23|1219|392|5.2|5.2|2|8
43.3|90.16|1227|392|5.2|5.2|2|8
43.4|90.04|1271|392|5.2|5.2|2|8
43.5|89.96|1214|392|5.2|5.2|2|8
43.6|89.9|1237|392|5.2|5.2|2|8
43.7|89.86|1193|392|5.2|5.2|2|8
43.8|89.68|1219|392|5.2|5.2|2|8
43.9|89.74|1240|392|5.2|5.2|2|8
44|89.52|1271|392|5.2|5.2|2|8
44.1|89.52|1278|392|5.2|5.2|2|8
44.2|89.42|1188|392|5.2|5.2|2|8
44.3|89.3|1198|392|5.2|5.2|2|8
44.4|89.18|1206|392|5.2|5.2|2|8
44.5|89.17|1157|392|5.2|5.2|2|8
44.6|88.98|1281|392|5.2|5.2|2|8
44.7|88.9|1165|392|5.2|5.2|2|8
44.8|88.86|1224|392|5.2|5.2|2|8
44.9|88.75|1137|392|5.2|5.2|2|8
45|88.64|1191|392|5.2|5.2|2|8
45.1|88.51|1178|392|5.2|5.2|2|8
45.2|88.43|1224|392|5.2|5.2|2|8
45.3|88.28|1142|392|5.2|5.2|2|8
45.4|88.23|1332|392|5.2|5.2|2|8
45.5|88.09|1314|392|5.2|5.2|2|8
45.6|88.04|1235|392|5.2|5.2|2|8
45.7|87.88|1320|392|5.2|5.2|2|8
45.8|87.78|1320|393|5.2|5.2|2|8
45.9|87.64|1286|392|5.2|5.2|2|8
46|87.61|1209|392|5.2|5.2|2|8
46.1|87.45|1240|392|5.2|5.2|2|8
46.2|87.26|1152|392|5.2|5.2|2|8
46.3|87.17|1152|392|5.2|5.2|2|8
46.4|87.05|1180|392|5.2|5.2|2|8
46.5|86.97|1209|392|5.2|5.2|2|8
46.6|86.78|1330|392|5.2|5.2|2|8
46.7|86.66|1201|392|5.2|5.2|2|8
46.8|86.55|1376|392|5.2|5.2|2|8
46.9|86.44|1168|392|5.2|5.2|2|8
47|86.27|1276|392|5.2|5.2|2|8
47.1|86.13|1320|392|5.2|5.2|2|8
47.2|86|1276|392|5.2|5.2|2|8
47.3|85.91|1420|392|5.2|5.2|2|8
47.4|85.74|1387|392|5.2|5.2|2|8
47.5|85.58|1255|392|5.2|5.2|2|8
47.6|85.42|1286|392|5.2|5.2|2|8
47.7|85.22|1276|392|5.2|5.2|2|8
47.8|85.07|1183|392|5.2|5.2|2|8
47.9|84.98|1237|392|5.2|5.2|2|8
48|84.79|1340|392|5.2|5.2|2|8
48.1|84.6|1314|392|5.2|5.2|2|8
48.2|84.43|1271|392|5.2|5.2|2|8
48.3|84.24|1242|392|5.2|5.2|2|8
48.4|84.12|1170|392|5.2|5.2|2|8
48.5|83.92|1201|392|5.2|5.2|2|8
48.6|83.78|1314|392|5.2|5.2|2|8
48.7|83.58|1286|393|5.2|5.2|2|8
48.8|83.41|1263|392|5.2|5.2|2|8
48.9|83.19|1263|392|5.2|5.2|2|8
49|83.07|1247|392|5.2|5.2|2|8
49.1|82.83|1371|392|5.2|5.2|2|8
49.2|82.67|1317|392|5.2|5.2|2|8
49.3|82.48|1405|392|5.2|5.2|2|8
49.4|81.62|1778|392|5.2|5.2|6|8
49.5|79.22|1938|392|5.2|5.2|6|8
49.6|76.61|193|392|5.2|5.2|7|8
49.7|74.19|0|390|5.2|5.2|7|8
49.8|72.85|0|390|5.2|5.2|7|8
49.9|72.28|0|390|5.2|5.2|7|8
50|71.84|0|390|5.2|5.2|7|8
50.1|71.69|0|390|5.2|5.2|7|8
50.2|71.69|0|390|5.2|5.2|7|8
50.3|71.67|0|390|5.2|5.2|7|8
50.4|71.61|0|390|5.2|5.2|7|8
50.5|71.61|0|390|5.2|5.2|7|8
50.6|71.6|0|390|5.2|5.2|7|8
50.7|71.56|0|390|5.2|5.2|7|8
50.8|71.6|0|390|5.2|5.2|7|8
50.9|71.6|0|390|5.2|5.2|7|8
51|71.59|0|390|5.2|5.2|7|8
51.1|71.6|0|390|5.2|5.2|7|8
51.2|71.61|0|390|5.2|5.2|7|8
51.3|71.61|0|390|5.2|5.2|7|8
51.4|71.69|0|390|5.2|5.2|7|8
51.5|71.63|0|390|5.2|5.2|7|8
51.6|71.64|0|390|5.2|5.2|7|8
51.7|71.61|0|390|5.2|5.2|7|8
51.8|71.6|0|390|5.2|5.2|7|8
51.9|71.6|0|390|5.2|5.2|7|8
52|71.53|0|390|5.2|5.2|7|8
52.1|71.55|0|390|5.2|5.2|7|8
52.2|71.57|0|390|5.2|5.2|7|8
52.3|71.65|0|390|5.2|5.2|7|8
52.4|71.6|0|390|5.2|5.2|7|8
52.5|71.61|0|390|5.2|5.2|7|8
52.6|71.61|0|390|5.2|5.2|7|8
52.7|71.59|0|390|5.2|5.2|7|8
52.8|71.56|0|390|5.2|5.2|7|8
52.9|71.59|0|390|5.2|5.2|7|8
53|71.55|0|390|5.2|5.2|7|8
53.1|71.57|0|390|5.2|5.2|7|8
53.2|71.57|0|390|5.2|5.2|7|8
53.3|71.57|0|390|5.2|5.2|7|8
53.4|71.59|0|390|5.2|5.2|7|8
53.5|71.59|0|390|5.2|5.2|7|8
53.6|71.59|0|390|5.2|5.2|7|8
53.7|71.56|0|390|5.2|5.2|7|8
53.8|71.57|0|390|5.2|5.2|7|8
53.9|71.6|0|390|5.2|5.2|7|8
54|71.63|0|390|5.2|5.2|7|8
54.1|71.63|0|390|5.2|5.2|7|8
54.2|71.59|0|390|5.2|5.2|7|8
54.3|71.6|0|390|5.2|5.2|7|8
54.4|71.63|0|390|5.2|5.2|7|8
54.5|71.61|0|390|5.2|5.2|7|8
54.6|71.59|0|390|5.2|5.2|7|8
54.7|71.59|0|390|5.2|5.2|7|8
54.8|71.56|0|390|5.2|5.2|7|8
54.9|71.56|0|390|5.2|5.2|7|8
55|71.53|0|390|5.2|5.2|7|8
55.1|71.53|0|390|5.2|5.2|7|8
55.2|71.59|0|390|5.2|5.2|7|8
55.3|71.64|0|390|5.2|5.2|7|8
55.4|71.63|0|390|5.2|5.2|7|8
55.5|71.6|0|390|5.2|5.2|7|8
55.6|71.6|0|390|5.2|5.2|7|8
55.7|71.61|0|390|5.2|5.2|7|8
55.8|71.59|0|390|5.2|5.2|7|8
55.9|71.57|0|390|5.2|5.2|7|8
56|71.53|0|390|5.2|5.2|7|8
56.1|71.56|0|390|5.2|5.2|7|8
56.2|71.57|0|390|5.2|5.2|7|8
56.3|71.56|0|390|5.2|5.2|7|8
56.4|71.53|0|390|5.2|5.2|7|8
56.5|71.55|0|390|5.2|5.2|7|8
56.6|71.56|0|390|5.2|5.2|7|8
56.7|71.59|0|390|5.2|5.2|7|8
56.8|71.6|0|390|5.2|5.2|7|8
56.9|71.65|0|390|5.2|5.2|7|8
57|71.61|0|390|5.2|5.2|7|8
57.1|71.61|0|390|5.2|5.2|7|8
57.2|71.6|0|390|5.2|5.2|7|8
57.3|71.6|0|390|5.2|5.2|7|8
57.4|71.57|0|390|5.2|5.2|7|8
57.5|71.53|0|390|5.2|5.2|7|8
57.6|71.55|0|390|5.2|5.2|7|8
57.7|71.53|0|390|5.2|5.2|7|8
57.8|71.56|0|390|5.2|5.2|7|8
57.9|71.56|0|390|5.2|5.2|7|8
58|71.57|0|390|5.2|5.2|7|8
58.1|71.57|0|390|5.2|5.2|7|8
58.2|71.59|0|390|5.2|5.2|7|8
58.3|71.6|0|390|5.2|5.2|7|8
58.4|71.6|0|390|5.2|5.2|7|8
58.5|71.59|0|390|5.2|5.2|7|8
58.6|71.59|0|390|5.2|5.2|7|8
58.7|71.57|0|390|5.2|5.2|7|8
58.8|71.57|0|390|5.2|5.2|7|8
58.9|71.57|0|390|5.2|5.2|7|8
59|71.57|0|390|5.2|5.2|7|8
59.1|71.57|0|390|5.2|5.2|7|8
59.2|71.57|0|390|5.2|5.2|7|8
59.3|71.56|0|390|5.2|5.2|7|8
59.4|71.55|0|390|5.2|5.2|7|8
59.5|71.52|0|390|5.2|5.2|7|8
59.6|71.55|0|390|5.2|5.2|7|8
59.7|71.55|0|390|5.2|5.2|7|8
59.8|71.56|0|390|5.2|5.2|7|8
59.9|71.59|0|390|5.2|5.2|7|8
60|71.6|0|390|5.2|5.2|7|8
60.1|71.59|0|390|5.2|5.2|7|8
60.2|71.59|0|390|5.2|5.2|7|8
60.3|71.57|0|390|5.2|5.2|7|8
60.4|71.55|0|390|5.2|5.2|7|8
60.5|71.55|0|390|5.2|5.2|7|8
60.6|71.51|0|392|5.2|5.2|7|8
60.7|71.52|0|400|5.2|5.2|7|8
60.8|71.56|0|401|5.2|5.2|7|8
60.9|71.56|0|402|5.2|5.2|7|8
61|71.57|0|402|5.2|5.2|7|8
61.1|71.61|0|403|5.2|5.2|7|8
61.2|71.59|0|403|5.2|5.2|7|8
61.3|71.59|0|402|5.2|5.2|7|8
61.4|71.56|0|403|5.2|5.2|7|8
61.5|71.55|0|402|5.2|5.2|7|8
61.6|71.55|0|402|5.2|5.2|7|8
61.7|71.53|0|402|5.2|5.2|7|8
61.8|71.52|0|402|5.2|5.2|7|8
61.9|71.53|0|402|5.2|5.2|7|8
62|71.56|0|402|5.2|5.2|7|8
62.1|71.56|0|402|5.2|5.2|7|8
62.2|71.61|0|402|5.2|5.2|7|8
62.3|71.59|0|402|5.2|5.2|7|8
62.4|71.59|0|402|5.2|5.2|7|8
62.5|71.56|0|402|5.2|5.2|7|8
62.6|71.56|0|402|5.2|5.2|8|8
62.7|71.55|0|402|5.2|5.2|8|8
62.8|71.43|0|402|5.2|5.2|8|8
62.9|71.38|0|402|5.2|5.2|8|8
63|71.49|0|402|5.2|5.2|8|8
63.1|71.59|0|402|5.2|5.2|8|8
63.2|71.44|0|402|5.2|5.2|8|8
63.3|71.53|0|402|5.2|5.2|8|8
63.4|71.43|0|402|5.2|5.2|8|8
63.5|71.51|0|402|5.2|5.2|8|8
63.6|71.56|0|402|5.2|5.1|8|8
63.7|71.44|0|402|5.1|5.1|8|8
63.8|71.49|0|402|5.1|5.1|8|8
63.9|71.49|0|402|5.1|5.1|8|8
64|71.48|0|402|5.1|5.1|8|8
64.1|71.47|0|402|5.1|5.1|8|8
64.2|71.55|0|402|5.1|5.1|8|8
64.3|71.6|0|402|5.1|5.1|8|8
64.4|71.43|0|402|5.1|5.1|8|8
64.5|71.48|0|402|5.1|5.1|8|8
64.6|71.51|0|402|5.1|5.1|8|8
64.7|74.07|0|402|5.1|5.1|8|8
64.8|77.14|0|402|5.1|5.1|8|8
64.9|80.22|0|402|5.1|5.1|8|8
65|83.23|0|402|5.1|5.1|8|8
65.1|86.23|0|402|5.1|5.1|8|8
65.2|89.18|0|402|5.1|5.1|8|8
65.3|92.21|0|402|5.1|5.1|8|8
65.4|94.47|0|402|5.1|5.1|8|8
65.5|95.43|0|402|5.1|5.1|8|8
65.6|95.84|0|402|5.1|5.1|9|8
