0|96|876|402|4.9|4.9|1|8
0.1|96|1005|405|4.9|4.9|1|8
0.2|96|1008|407|4.9|4.9|1|8
0.3|96|1010|407|4.9|4.9|1|8
0.4|96|1010|407|4.9|4.9|1|8
0.5|96.02|1010|407|4.9|4.9|2|8
0.6|95.72|1013|407|4.9|4.9|2|8
0.7|95.31|1013|407|4.9|4.9|2|8
0.8|94.84|1126|408|4.9|4.9|2|8
0.9|94.45|1649|408|4.9|4.9|3|8
1|94.17|1706|410|4.9|4.9|3|8
1.1|93.96|1724|411|4.9|4.9|3|8
1.2|93.93|1735|411|4.9|4.9|3|8
1.3|93.84|1745|411|4.9|4.9|3|8
1.4|93.78|1753|411|4.9|4.9|3|8
1.5|93.81|1755|411|4.9|4.9|3|8
1.6|93.82|1760|411|4.9|4.9|3|8
1.7|93.82|1763|411|4.9|4.9|3|8
1.8|93.81|1765|411|4.9|4.9|3|8
1.9|93.77|1768|412|4.9|4.9|3|8
2|93.78|1768|412|4.9|4.9|3|8
2.1|93.81|1768|412|4.9|4.9|3|8
2.2|93.84|1771|412|4.9|4.9|3|8
2.3|93.81|1773|412|4.9|4.9|3|8
2.4|93.8|1776|412|4.9|4.9|3|8
2.5|93.8|1773|412|4.9|4.9|3|8
2.6|93.8|1776|412|4.9|4.9|3|8
2.7|93.8|1778|412|4.9|4.9|3|8
2.8|93.81|1781|412|4.9|4.9|3|8
2.9|93.81|1781|412|4.9|4.9|4|8
3|93.89|1781|412|4.9|4.9|4|8
3.1|94.28|1742|412|4.9|4.9|4|8
3.2|94.7|1173|411|4.9|4.9|5|8
3.3|95.1|1034|409|4.9|4.9|5|8
3.4|95.22|1028|408|5|4.9|5|8
3.5|95.29|1028|408|5|4.9|5|8
3.6|95.26|1026|408|5|5|5|8
3.7|95.35|1026|408|5|5|5|8
3.8|95.33|1026|408|5|5|5|8
3.9|95.34|1026|408|5|5|5|8
4|95.34|1023|408|5|5|5|8
4.1|95.34|1026|408|5|5|5|8
4.2|95.34|1026|408|5|5|5|8
4.3|95.34|1026|408|5|5|5|8
4.4|95.34|1023|408|5|5|5|8
4.5|95.34|1026|408|5|5|5|8
4.6|95.34|1023|408|5|5|5|8
4.7|95.34|1023|408|5|5|5|8
4.8|95.34|1023|408|5|5|5|8
4.9|95.34|1026|408|5|5|5|8
5|95.34|1026|408|5|5|5|8
5.1|95.34|1026|408|5|5|5|8
5.2|95.34|1026|408|5|5|2|8
5.3|95.27|1026|408|5|5|2|8
5.4|94.98|1026|408|5|5|2|8
5.5|94.59|1026|408|5|5|2|8
5.6|94.13|1505|409|5|5|2|8
5.7|93.81|1737|411|5|5|3|8
5.8|93.53|1765|412|5|5|3|8
5.9|93.5|1776|412|5|5|3|8
6|93.41|1784|412|5|5|3|8
6.1|93.37|1789|412|5|5|3|8
6.2|93.38|1791|412|5|5|3|8
6.3|93.37|1794|412|5|5|3|8
6.4|93.38|1796|412|5|5|3|8
6.5|93.38|1799|412|5|5|3|8
6.6|93.42|1802|413|5|5|3|8
6.7|93.38|1804|413|5|5|3|8
6.8|93.35|1807|413|5|5|3|8
6.9|93.41|1807|413|5|5|3|8
7|93.33|1809|413|5|5|3|8
7.1|93.41|1809|413|5|5|3|8
7.2|93.31|1809|413|5|5|3|8
7.3|93.41|1812|413|5|5|3|8
7.4|93.33|1812|413|5|5|3|8
7.5|93.41|1812|413|5|5|3|8
7.6|93.33|1812|413|5|5|3|8
7.7|93.34|1812|413|5|5|4|8
7.8|93.61|1809|413|5|5|4|8
7.9|94.12|1549|413|5|5|4|8
8|94.49|1041|412|5|5|5|8
8.1|94.64|1034|410|5|5|5|8
8.2|94.76|1031|410|5|5|5|8
8.3|94.9|1031|410|5|5|5|8
8.4|94.79|1028|410|5|5|5|8
8.5|94.86|1028|409|5|5|5|8
8.6|94.87|1028|409|5|5|5|8
8.7|94.83|1028|409|5.1|5|5|8
8.8|94.86|1028|409|5.1|5.1|5|8
8.9|94.86|1028|409|5.1|5.1|5|8
9|94.84|1028|409|5.1|5.1|5|8
9.1|94.83|1028|410|5.1|5.1|5|8
9.2|94.84|1026|410|5.1|5.1|5|8
9.3|94.84|1026|410|5.1|5.1|5|8
9.4|94.83|1026|410|5.1|5.1|5|8
9.5|94.83|1026|410|5.1|5.1|5|8
9.6|94.84|1026|410|5.1|5.1|5|8
9.7|94.83|1026|410|5.1|5.1|5|8
9.8|94.84|1026|410|5.1|5.1|5|8
9.9|94.86|1026|410|5.1|5.1|5|8
10|94.79|1023|411|5.1|5.1|2|8
10.1|94.57|1026|410|5.1|5.1|2|8
10.2|94.2|1034|396|5.1|5.1|2|8
10.3|93.72|1487|390|5.1|5.1|2|8
10.4|93.42|1786|388|5.1|5.1|3|8
10.5|93.17|1812|388|5.1|5.1|3|8
10.6|93.18|1822|388|5.1|5.1|3|8
10.7|93|1830|388|5.1|5.1|3|8
10.8|93.04|1835|388|5.1|5.1|3|8
10.9|93.04|1838|388|5.1|5.1|3|8
11|93.04|1840|388|5.1|5.1|3|8
11.1|93.07|1843|388|5.1|5.1|3|8
11.2|93.03|1845|388|5.1|5.1|3|8
11.3|93.03|1845|388|5.1|5.1|3|8
11.4|93.04|1848|388|5.1|5.1|3|8
11.5|93.04|1851|388|5.1|5.1|3|8
11.6|93.04|1851|388|5.1|5.1|3|8
11.7|93.02|1851|388|5.1|5.1|3|8
11.8|93.03|1853|388|5.1|5.1|3|8
11.9|93.04|1853|388|5.1|5.1|3|8
12|93.02|1853|388|5.1|5.1|3|8
12.1|93.06|1856|388|5.1|5.1|3|8
12.2|93.03|1856|388|5.1|5.1|3|8
12.3|93.04|1856|388|5.1|5.1|3|8
12.4|93.07|1856|388|5.1|5.1|4|8
12.5|93.29|1856|388|5.1|5.1|4|8
12.6|93.72|1773|388|5.1|5.1|4|8
12.7|94.23|1059|388|5.1|5.1|5|8
12.8|94.43|1041|387|5.1|5.1|5|8
12.9|94.48|1039|387|5.1|5.1|5|8
13|94.55|1039|387|5.1|5.1|5|8
13.1|94.57|1036|387|5.1|5.1|5|8
13.2|94.57|1036|387|5.1|5.1|5|8
13.3|94.57|1036|387|5.1|5.1|5|8
13.4|94.61|1034|387|5.1|5.1|5|8
13.5|94.61|1034|387|5.1|5.1|5|8
13.6|94.59|1034|387|5.1|5.1|5|8
13.7|94.55|1034|387|5.1|5.1|5|8
13.8|94.56|1034|387|5.1|5.1|5|8
13.9|94.59|1034|387|5.1|5.1|5|8
14|94.6|1034|387|5.1|5.1|5|8
14.1|94.61|1034|387|5.1|5.1|5|8
14.2|94.59|1034|387|5.1|5.1|5|8
14.3|94.56|1034|387|5.1|5.1|5|8
14.4|94.56|1034|387|5.1|5.1|5|8
14.5|94.57|1034|387|5.2|5.2|5|8
14.6|94.59|1034|387|5.2|5.2|5|8
14.7|94.63|1034|387|5.2|5.2|2|8
14.8|94.41|1034|387|5.2|5.2|2|8
14.9|93.97|1034|387|5.2|5.2|2|8
15|93.57|1327|388|5.2|5.2|2|8
15.1|93.23|1786|388|5.2|5.2|3|8
15.2|93.03|1820|388|5.2|5.2|3|8
15.3|92.9|1832|388|5.2|5.2|3|8
15.4|92.83|1840|388|5.2|5.2|3|8
15.5|92.78|1845|388|5.2|5.2|3|8
15.6|92.79|1848|388|5.2|5.2|3|8
15.7|92.8|1851|388|5.2|5.2|3|8
15.8|92.79|1853|388|5.2|5.2|3|8
15.9|92.8|1858|388|5.2|5.2|3|8
16|92.8|1858|388|5.2|5.2|3|8
16.1|92.8|1861|388|5.2|5.2|3|8
16.2|92.78|1861|388|5.2|5.2|3|8
16.3|92.8|1861|388|5.2|5.2|3|8
16.4|92.78|1861|388|5.2|5.2|3|8
16.5|92.78|1863|388|5.2|5.2|3|8
16.6|92.79|1863|388|5.2|5.2|3|8
16.7|92.76|1863|388|5.2|5.2|3|8
16.8|92.8|1866|388|5.2|5.2|3|8
16.9|92.79|1866|388|5.2|5.2|3|8
17|92.78|1869|388|5.2|5.2|3|8
17.1|92.78|1869|388|5.2|5.2|4|8
17.2|92.95|1869|388|5.2|5.2|4|8
17.3|93.31|1845|388|5.2|5.2|4|8
17.4|93.86|1101|388|5.2|5.2|5|8
17.5|94.16|1044|388|5.2|5.2|5|8
17.6|94.32|1041|388|5.2|5.2|5|8
17.7|94.31|1039|388|5.2|5.2|5|8
17.8|94.33|1039|388|5.2|5.2|5|8
17.9|94.36|1036|387|5.2|5.2|5|8
18|94.32|1036|387|5.2|5.2|5|8
18.1|94.39|1036|388|5.2|5.2|5|8
18.2|94.41|1036|387|5.2|5.2|5|8
18.3|94.41|1036|387|5.2|5.2|5|8
18.4|94.39|1036|387|5.2|5.2|5|8
18.5|94.36|1036|387|5.2|5.2|5|8
18.6|94.39|1034|387|5.2|5.2|5|8
18.7|94.39|1034|388|5.2|5.2|5|8
18.8|94.4|1034|388|5.2|5.2|5|8
18.9|94.4|1034|387|5.2|5.2|5|8
19|94.39|1034|387|5.2|5.2|5|8
19.1|94.37|1034|387|5.2|5.2|5|8
19.2|94.37|1034|387|5.2|5.2|5|8
19.3|94.37|1034|387|5.2|5.2|5|8
19.4|94.36|1031|387|5.2|5.2|2|8
19.5|94.31|1034|387|5.2|5.2|2|8
19.6|93.93|1034|388|5.2|5.2|2|8
19.7|93.49|1157|388|5.2|5.2|2|8
19.8|93.06|1773|388|5.2|5.2|3|8
19.9|92.91|1820|388|5.2|5.2|3|8
20|92.83|1838|388|5.2|5.2|3|8
20.1|92.79|1848|388|5.2|5.2|3|8
20.2|92.74|1853|388|5.2|5.2|3|8
20.3|92.68|1863|388|5.2|5.2|3|8
20.4|92.7|1866|388|5.2|5.2|3|8
20.5|92.72|1869|388|5.2|5.2|3|8
20.6|92.7|1871|388|5.2|5.2|3|8
20.7|92.68|1874|388|5.2|5.2|3|8
20.8|92.7|1874|388|5.2|5.2|3|8
20.9|92.7|1876|388|5.2|5.2|3|8
21|92.7|1876|388|5.2|5.2|3|8
21.1|92.68|1876|388|5.2|5.2|3|8
21.2|92.68|1879|388|5.2|5.2|3|8
21.3|92.71|1879|388|5.2|5.2|3|8
21.4|92.66|1879|388|5.2|5.2|3|8
21.5|92.72|1879|388|5.2|5.2|3|8
21.6|92.66|1879|388|5.2|5.2|3|8
21.7|92.7|1881|388|5.2|5.2|3|8
21.8|92.68|1881|388|5.2|5.2|4|8
21.9|92.83|1881|388|5.3|5.2|4|8
22|93.15|1863|388|5.2|5.2|4|8
22.1|93.74|1193|388|5.3|5.3|5|8
22.2|94.15|1046|388|5.3|5.2|5|8
22.3|94.23|1041|387|5.3|5.3|5|8
22.4|94.32|1039|387|5.3|5.3|5|8
22.5|94.33|1039|387|5.3|5.3|5|8
22.6|94.33|1039|387|5.3|5.3|5|8
22.7|94.32|1039|387|5.3|5.3|5|8
22.8|94.32|1039|387|5.3|5.3|5|8
22.9|94.32|1036|387|5.3|5.3|5|8
23|94.35|1036|387|5.3|5.3|5|8
23.1|94.36|1036|387|5.3|5.3|5|8
23.2|94.31|1036|387|5.3|5.3|5|8
23.3|94.31|1036|387|5.3|5.3|5|8
23.4|94.31|1034|387|5.3|5.3|5|8
23.5|94.33|1036|387|5.3|5.3|5|8
23.6|94.32|1036|387|5.3|5.3|5|8
23.7|94.31|1036|387|5.3|5.3|5|8
23.8|94.31|1036|387|5.3|5.3|5|8
23.9|94.32|1034|387|5.3|5.3|5|8
24|94.32|1034|387|5.3|5.3|5|8
24.1|94.28|1034|387|5.3|5.3|2|8
24.2|94.35|1034|387|5.3|5.3|2|8
24.3|93.94|1034|387|5.3|5.3|2|8
24.4|93.5|1034|387|5.3|5.3|2|8
24.5|93.09|1745|388|5.3|5.3|3|8
24.6|92.88|1820|388|5.3|5.3|3|8
24.7|92.8|1838|388|5.3|5.3|3|8
24.8|92.71|1851|388|5.3|5.3|3|8
24.9|92.66|1858|388|5.3|5.3|3|8
25|92.64|1863|388|5.3|5.3|3|8
25.1|92.6|1869|388|5.3|5.3|3|8
25.2|92.66|1869|388|5.3|5.3|3|8
25.3|92.64|1871|388|5.3|5.3|3|8
25.4|92.66|1874|388|5.3|5.3|3|8
25.5|92.62|1874|388|5.3|5.3|3|8
25.6|92.6|1876|388|5.3|5.3|3|8
25.7|92.6|1876|388|5.3|5.3|3|8
25.8|92.67|1876|388|5.3|5.3|3|8
25.9|92.64|1879|388|5.3|5.3|3|8
26|92.64|1879|388|5.3|5.3|3|8
26.1|92.66|1879|388|5.3|5.3|3|8
26.2|92.64|1879|388|5.3|5.3|3|8
26.3|92.59|1881|388|5.3|5.3|3|8
26.4|92.63|1881|388|5.3|5.3|3|8
26.5|92.59|1881|388|5.3|5.3|4|8
26.6|92.74|1881|388|5.3|5.3|4|8
26.7|93.09|1871|388|5.3|5.3|4|8
26.8|93.57|1745|388|5.3|5.3|4|8
26.9|94.08|1067|388|5.3|5.3|5|8
27|94.32|1044|387|5.3|5.3|5|8
27.1|94.33|1041|387|5.3|5.3|5|8
27.2|94.39|1039|387|5.3|5.3|5|8
27.3|94.45|1039|387|5.3|5.3|5|8
27.4|94.44|1039|387|5.3|5.3|5|8
27.5|94.41|1036|386|5.3|5.3|5|8
27.6|94.37|1034|386|5.3|5.3|5|8
27.7|94.41|1036|386|5.3|5.3|5|8
27.8|94.44|1034|386|5.3|5.3|5|8
27.9|94.47|1034|386|5.3|5.3|5|8
28|94.41|1034|386|5.3|5.3|5|8
28.1|94.39|1034|386|5.3|5.3|5|8
28.2|94.41|1034|386|5.3|5.3|5|8
28.3|94.44|1034|386|5.3|5.3|5|8
28.4|94.48|1034|386|5.3|5.3|5|8
28.5|94.43|1034|387|5.3|5.3|5|8
28.6|94.37|1034|386|5.3|5.3|5|8
28.7|94.41|1034|386|5.3|5.3|5|8
28.8|94.43|1034|386|5.3|5.3|5|8
28.9|94.45|1034|386|5.3|5.3|2|8
29|94.27|1034|386|5.3|5.3|2|8
29.1|93.86|1034|386|5.3|5.3|2|8
29.2|93.38|1433|386|5.3|5.3|2|8
29.3|93.04|1786|387|5.3|5.3|3|8
29.4|92.82|1827|388|5.3|5.3|3|8
29.5|92.8|1843|388|5.3|5.3|3|8
29.6|92.75|1853|387|5.3|5.3|3|8
29.7|92.67|1861|387|5.3|5.3|3|8
29.8|92.63|1871|388|5.3|5.3|3|8
29.9|92.74|1871|388|5.3|5.3|3|8
30|92.64|1876|388|5.3|5.3|3|8
30.1|92.68|1876|388|5.3|5.3|3|8
30.2|92.68|1881|388|5.3|5.3|3|8
30.3|92.67|1884|388|5.3|5.3|3|8
30.4|92.66|1884|388|5.3|5.3|3|8
30.5|92.68|1884|388|5.3|5.3|3|8
30.6|92.67|1887|388|5.3|5.3|3|8
30.7|92.64|1887|388|5.3|5.3|3|8
30.8|92.68|1887|388|5.3|5.3|3|8
30.9|92.67|1889|388|5.3|5.3|3|8
31|92.63|1889|388|5.3|5.3|3|8
31.1|92.64|1889|388|5.3|5.3|3|8
31.2|92.64|1889|388|5.3|5.3|3|8
31.3|92.68|1889|388|5.3|5.3|4|8
31.4|92.94|1887|388|5.3|5.3|4|8
31.5|93.26|1858|388|5.3|5.3|4|8
31.6|93.84|1196|388|5.3|5.3|5|8
31.7|94.17|1046|387|5.3|5.3|5|8
31.8|94.31|1041|387|5.3|5.3|5|8
31.9|94.36|1039|387|5.3|5.3|5|8
32|94.43|1039|386|5.3|5.3|5|8
32.1|94.47|1039|386|5.3|5.3|5|8
32.2|94.44|1036|386|5.3|5.3|5|8
32.3|94.41|1036|386|5.3|5.3|5|8
32.4|94.4|1036|386|5.3|5.3|5|8
32.5|94.4|1036|386|5.3|5.3|5|8
32.6|94.44|1036|386|5.3|5.3|5|8
32.7|94.47|1034|386|5.3|5.3|5|8
32.8|94.41|1036|386|5.3|5.3|5|8
32.9|94.37|1034|386|5.3|5.3|5|8
33|94.4|1034|386|5.3|5.3|5|8
33.1|94.43|1034|386|5.3|5.3|5|8
33.2|94.49|1034|387|5.3|5.3|5|8
33.3|94.43|1034|387|5.3|5.3|5|8
33.4|94.41|1034|386|5.3|5.3|5|8
33.5|94.4|1034|386|5.3|5.3|5|8
33.6|94.43|1034|386|5.3|5.3|2|8
33.7|94.4|1034|386|5.3|5.3|2|8
33.8|94|1034|386|5.3|5.3|2|8
33.9|93.6|1046|386|5.3|5.3|2|8
34|93.21|1740|387|5.3|5.3|3|8
34.1|92.92|1817|388|5.3|5.3|3|8
34.2|92.8|1843|388|5.3|5.3|3|8
34.3|92.75|1856|388|5.3|5.3|3|8
34.4|92.74|1863|387|5.3|5.3|3|8
34.5|92.62|1869|387|5.3|5.3|3|8
34.6|92.64|1874|387|5.3|5.3|3|8
34.7|92.64|1876|387|5.3|5.3|3|8
34.8|92.64|1881|387|5.3|5.3|3|8
34.9|92.71|1884|387|5.3|5.3|3|8
35|92.67|1889|387|5.3|5.3|3|8
35.1|92.66|1892|387|5.3|5.3|3|8
35.2|92.64|1894|387|5.3|5.3|3|8
35.3|92.7|1894|387|5.3|5.3|3|8
35.4|92.67|1894|387|5.4|5.4|3|8
35.5|92.63|1897|387|5.4|5.4|3|8
35.6|92.66|1897|387|5.4|5.4|3|8
35.7|92.7|1897|387|5.4|5.4|3|8
35.8|92.64|1899|387|5.4|5.4|3|8
35.9|92.66|1899|387|5.4|5.4|3|8
36|92.68|1899|387|5.4|5.4|4|8
36.1|92.76|1899|387|5.4|5.4|4|8
36.2|93.1|1884|387|5.4|5.4|4|8
36.3|93.51|1845|387|5.4|5.4|4|8
36.4|94.05|1090|388|5.4|5.4|2|8
36.5|94.15|1046|387|5.4|5.4|2|8
36.6|94.16|1044|387|5.4|5.4|2|8
36.7|94.09|1041|386|5.4|5.4|2|8
36.8|94.02|1039|386|5.4|5.4|2|8
36.9|93.97|1039|386|5.4|5.4|2|8
37|93.93|1036|386|5.4|5.4|2|8
37.1|93.9|1036|386|5.4|5.4|2|8
37.2|93.8|1036|386|5.4|5.4|2|8
37.3|93.74|1039|386|5.4|5.4|2|8
37.4|93.65|1044|386|5.4|5.4|2|8
37.5|93.68|1322|387|5.4|5.4|2|8
37.6|93.55|1054|387|5.4|5.4|2|8
37.7|93.54|1152|387|5.4|5.4|2|8
37.8|93.39|1183|387|5.4|5.4|2|8
37.9|93.38|1237|388|5.4|5.4|2|8
38|93.31|1554|388|5.4|5.4|2|8
38.1|93.26|1582|388|5.4|5.4|2|8
38.2|93.35|1085|387|5.4|5.4|2|8
38.3|93.5|1036|386|5.4|5.4|2|8
38.4|93.41|1034|386|5.4|5.4|2|8
38.5|93.37|1034|386|5.4|5.4|2|8
38.6|93.38|1034|386|5.4|5.4|2|8
38.7|93.37|1036|386|5.4|5.4|2|8
38.8|93.21|1513|387|5.4|5.4|2|8
38.9|93.19|1371|388|5.4|5.4|2|8
39|93.26|1046|387|5.4|5.4|2|8
39.1|93.26|1034|386|5.4|5.4|2|8
39.2|93.22|1034|386|5.4|5.4|2|8
39.3|93.11|1209|387|5.4|5.4|2|8
39.4|93.23|1276|388|5.4|5.4|2|8
39.5|93.02|1631|387|5.4|5.4|2|8
39.6|93.07|1701|387|5.4|5.4|2|8
39.7|93.14|1693|387|5.4|5.4|2|8
39.8|93.34|1387|388|5.4|5.4|2|8
39.9|93.49|1041|386|5.4|5.4|2|8
40|93.61|1034|386|5.4|5.4|2|8
40.1|93.54|1034|386|5.4|5.4|2|8
40.2|93.57|1034|386|5.4|5.4|2|8
40.3|93.46|1034|386|5.4|5.4|2|8
40.4|93.39|1031|386|5.4|5.4|2|8
40.5|93.37|1031|386|5.4|5.4|2|8
40.6|93.33|1077|386|5.4|5.4|2|8
40.7|93.19|1085|386|5.4|5.4|2|8
40.8|93.13|1036|386|5.4|5.4|2|8
40.9|93.25|1070|386|5.4|5.4|2|8
41|92.98|1428|387|5.4|5.4|2|8
41.1|92.98|1425|388|5.4|5.4|2|8
41.2|93.02|1415|388|5.4|5.4|2|8
41.3|92.91|1456|387|5.4|5.4|2|8
41.4|92.86|1307|388|5.4|5.4|2|8
41.5|92.82|1232|388|5.4|5.4|2|8
41.6|92.75|1340|388|5.4|5.4|2|8
41.7|92.64|1235|387|5.4|5.4|2|8
41.8|92.71|1265|387|5.4|5.4|2|8
41.9|92.58|1227|387|5.4|5.4|2|8
42|92.39|1178|388|5.4|5.4|2|8
42.1|92.36|1041|387|5.4|5.4|2|8
42.2|92.4|1103|386|5.4|5.4|2|8
42.3|92.35|1126|387|5.4|5.4|2|8
42.4|92.17|1111|387|5.4|5.4|2|8
42.5|92.13|1059|386|5.4|5.4|2|8
42.6|92.08|1098|386|5.4|5.4|2|8
42.7|92.07|1165|386|5.4|5.4|2|8
42.8|91.97|1175|386|5.4|5.4|2|8
42.9|91.92|1144|387|5.4|5.4|2|8
43|91.82|1170|387|5.4|5.4|2|8
43.1|91.73|1188|387|5.4|5.4|2|8
43.2|91.61|1258|386|5.4|5.4|2|8
43.3|91.56|1180|386|5.4|5.4|2|8
43.4|91.51|1170|386|5.4|5.4|2|8
43.5|91.47|1162|386|5.4|5.4|2|8
43.6|91.38|1358|386|5.4|5.4|2|8
43.7|91.27|1196|387|5.4|5.4|2|8
43.8|91.23|1216|387|5.4|5.4|2|8
43.9|91.06|1149|386|5.4|5.4|2|8
44|91.03|1157|386|5.4|5.4|2|8
44.1|90.95|1216|387|5.4|5.4|2|8
44.2|90.87|1108|386|5.4|5.4|2|8
44.3|90.79|1088|386|5.4|5.4|2|8
44.4|90.68|1082|386|5.4|5.4|2|8
44.5|90.63|1103|386|5.4|5.4|2|8
44.6|90.51|1165|386|5.4|5.4|2|8
44.7|90.41|1186|386|5.4|5.4|2|8
44.8|90.37|1263|386|5.4|5.4|2|8
44.9|90.31|1253|386|5.4|5.4|2|8
45|90.2|1186|386|5.4|5.4|2|8
45.1|90.03|1062|386|5.4|5.4|2|8
45.2|90.01|1149|386|5.4|5.4|2|8
45.3|89.9|1180|386|5.4|5.4|2|8
45.4|89.78|1191|386|5.4|5.4|2|8
45.5|89.72|1129|386|5.4|5.4|2|8
45.6|89.56|1229|386|5.4|5.4|2|8
45.7|89.5|1211|386|5.4|5.4|2|8
45.8|89.43|1247|386|5.4|5.4|2|8
45.9|89.3|1291|386|5.4|5.4|2|8
46|89.18|1085|386|5.4|5.4|2|8
46.1|89.13|1108|386|5.4|5.4|2|8
46.2|88.98|1162|386|5.4|5.4|2|8
46.3|88.9|1188|386|5.4|5.4|2|8
46.4|88.78|1180|386|5.4|5.4|2|8
46.5|88.67|1121|386|5.4|5.4|2|8
46.6|88.54|1193|386|5.4|5.4|2|8
46.7|88.41|1168|386|5.4|5.4|2|8
46.8|88.31|1183|386|5.4|5.4|2|8
46.9|88.24|1320|386|5.4|5.4|2|8
47|88.05|1170|386|5.4|5.4|2|8
47.1|88.03|1165|386|5.4|5.4|2|8
47.2|87.88|1237|386|5.4|5.4|2|8
47.3|87.68|1147|386|5.4|5.4|2|8
47.4|87.62|1351|386|5.4|5.4|2|8
47.5|87.49|1201|387|5.4|5.4|2|8
47.6|87.35|1186|386|5.4|5.4|2|8
47.7|87.22|1113|386|5.4|5.4|2|8
47.8|87.11|1255|386|5.4|5.4|2|8
47.9|87.01|1137|386|5.4|5.4|2|8
48|86.87|1175|386|5.4|5.4|2|8
48.1|86.75|1198|386|5.4|5.4|2|8
48.2|86.58|1111|386|5.4|5.4|2|8
48.3|86.43|1237|386|5.4|5.4|2|8
48.4|86.23|1219|386|5.4|5.4|2|8
48.5|86.2|1142|386|5.4|5.4|2|8
48.6|86.07|1276|387|5.4|5.4|2|8
48.7|85.89|1121|386|5.4|5.4|2|8
48.8|85.74|1232|387|5.4|5.4|2|8
48.9|85.54|1175|386|5.4|5.4|2|8
49|85.45|1206|387|5.4|5.4|2|8
49.1|85.29|1250|386|5.4|5.4|2|8
49.2|85.15|1206|387|5.4|5.4|2|8
49.3|84.97|1211|387|5.4|5.4|2|8
49.4|84.8|1232|387|5.4|5.4|2|8
49.5|84.64|1149|386|5.4|5.4|2|8
49.6|84.48|1191|386|5.4|5.4|2|8
49.7|84.34|1180|386|5.4|5.4|2|8
49.8|84.21|1113|386|5.4|5.4|2|8
49.9|84.04|1284|387|5.4|5.4|2|8
50|83.87|1276|388|5.4|5.4|2|8
50.1|83.68|1379|388|5.4|5.4|2|8
50.2|83.52|1157|388|5.4|5.4|2|8
50.3|83.34|1423|387|5.4|5.4|2|8
50.4|83.14|1271|386|5.4|5.4|2|8
50.5|82.94|1229|386|5.4|5.4|2|8
50.6|82.78|1216|386|5.4|5.4|2|8
50.7|82.6|1201|386|5.4|5.4|2|8
50.8|82.4|1330|387|5.4|5.4|2|8
50.9|82.19|1255|387|5.4|5.4|2|8
51|82.11|1142|386|5.4|5.4|2|8
51.1|81.85|1286|386|5.4|5.4|2|8
51.2|81.66|1201|386|5.4|5.4|2|8
51.3|80.95|1763|386|5.3|5.3|6|8
51.4|78.56|1938|386|5.3|5.3|6|8
51.5|75.68|343|386|5.3|5.3|7|8
51.6|72.98|0|385|5.3|5.3|7|8
51.7|71.61|0|384|5.3|5.3|7|8
51.8|71.12|0|384|5.3|5.3|7|8
51.9|70.78|0|384|5.3|5.3|7|8
52|70.69|0|384|5.3|5.3|7|8
52.1|70.71|0|384|5.3|5.3|7|8
52.2|70.66|0|384|5.3|5.3|7|8
52.3|70.69|0|384|5.3|5.3|7|8
52.4|70.66|0|384|5.3|5.3|7|8
52.5|70.63|0|384|5.3|5.3|7|8
52.6|70.62|0|384|5.3|5.3|7|8
52.7|70.59|0|384|5.3|5.3|7|8
52.8|70.61|0|384|5.3|5.3|7|8
52.9|70.58|0|384|5.3|5.3|7|8
53|70.61|0|384|5.3|5.3|7|8
53.1|70.62|0|384|5.3|5.3|7|8
53.2|70.63|0|384|5.3|5.3|7|8
53.3|70.66|0|384|5.3|5.3|7|8
53.4|70.67|0|384|5.3|5.3|7|8
53.5|70.63|0|384|5.3|5.3|7|8
53.6|70.58|0|384|5.3|5.3|7|8
53.7|70.58|0|384|5.3|5.3|7|8
53.8|70.61|0|384|5.3|5.3|7|8
53.9|70.59|0|384|5.3|5.3|7|8
54|70.61|0|384|5.3|5.3|7|8
54.1|70.62|0|384|5.3|5.3|7|8
54.2|70.66|0|384|5.3|5.3|7|8
54.3|70.69|0|384|5.3|5.3|7|8
54.4|70.59|0|384|5.3|5.3|7|8
54.5|70.58|0|384|5.3|5.3|7|8
54.6|70.62|0|384|5.3|5.3|7|8
54.7|70.69|0|384|5.3|5.3|7|8
54.8|70.59|0|384|5.3|5.3|7|8
54.9|70.57|0|384|5.3|5.3|7|8
55|70.59|0|384|5.3|5.3|7|8
55.1|70.61|0|384|5.3|5.3|7|8
55.2|70.62|0|384|5.3|5.3|7|8
55.3|70.69|0|384|5.3|5.3|7|8
55.4|70.61|0|384|5.3|5.3|7|8
55.5|70.55|0|384|5.3|5.3|7|8
55.6|70.59|0|384|5.3|5.3|7|8
55.7|70.62|0|384|5.3|5.3|7|8
55.8|70.63|0|384|5.3|5.3|7|8
55.9|70.59|0|384|5.3|5.3|7|8
56|70.57|0|384|5.3|5.3|7|8
56.1|70.61|0|384|5.3|5.3|7|8
56.2|70.62|0|384|5.3|5.3|7|8
56.3|70.62|0|384|5.3|5.3|7|8
56.4|70.57|0|384|5.3|5.3|7|8
56.5|70.61|0|384|5.3|5.3|7|8
56.6|70.67|0|384|5.3|5.3|7|8
56.7|70.55|0|384|5.3|5.3|7|8
56.8|70.61|0|384|5.3|5.3|7|8
56.9|70.67|0|384|5.3|5.3|7|8
57|70.58|0|384|5.3|5.3|7|8
57.1|70.58|0|384|5.3|5.3|7|8
57.2|70.63|0|384|5.3|5.3|7|8
57.3|70.59|0|384|5.3|5.3|7|8
57.4|70.57|0|384|5.3|5.3|7|8
57.5|70.62|0|384|5.3|5.3|7|8
57.6|70.63|0|384|5.3|5.3|7|8
57.7|70.61|0|384|5.3|5.3|7|8
57.8|70.59|0|384|5.3|5.3|7|8
57.9|70.57|0|384|5.3|5.3|7|8
58|70.61|0|384|5.3|5.3|7|8
58.1|70.61|0|384|5.3|5.3|7|8
58.2|70.59|0|384|5.3|5.3|7|8
58.3|70.58|0|384|5.3|5.3|7|8
58.4|70.59|0|384|5.3|5.3|7|8
58.5|70.65|0|384|5.3|5.3|7|8
58.6|70.61|0|384|5.3|5.3|7|8
58.7|70.61|0|384|5.3|5.4|7|8
58.8|70.62|0|384|5.3|5.3|7|8
58.9|70.61|0|384|5.3|5.3|7|8
59|70.59|0|384|5.3|5.3|7|8
59.1|70.55|0|384|5.3|5.3|7|8
59.2|70.59|0|384|5.3|5.3|7|8
59.3|70.66|0|384|5.3|5.3|7|8
59.4|70.58|0|384|5.3|5.3|7|8
59.5|70.55|0|384|5.3|5.3|7|8
59.6|70.61|0|384|5.3|5.3|7|8
59.7|70.59|0|384|5.3|5.3|7|8
59.8|70.58|0|384|5.3|5.3|7|8
59.9|70.55|0|384|5.4|5.3|7|8
60|70.61|0|384|5.3|5.3|7|8
60.1|70.61|0|384|5.3|5.3|7|8
60.2|70.61|0|384|5.3|5.3|7|8
60.3|70.59|0|384|5.3|5.3|7|8
60.4|70.61|0|384|5.3|5.3|7|8
60.5|70.62|0|384|5.3|5.3|7|8
60.6|70.62|0|384|5.3|5.3|7|8
60.7|70.55|0|384|5.3|5.3|7|8
60.8|70.55|0|384|5.3|5.3|7|8
60.9|70.55|0|384|5.3|5.3|7|8
61|70.63|0|384|5.3|5.3|7|8
61.1|70.62|0|384|5.3|5.3|7|8
61.2|70.63|0|384|5.3|5.3|7|8
61.3|70.58|0|384|5.3|5.3|7|8
61.4|70.55|0|384|5.3|5.3|7|8
61.5|70.55|0|384|5.3|5.3|7|8
61.6|70.55|0|384|5.3|5.3|7|8
61.7|70.65|0|384|5.3|5.3|7|8
61.8|70.61|0|384|5.3|5.3|7|8
61.9|70.66|0|384|5.3|5.3|7|8
62|70.59|0|384|5.3|5.3|7|8
62.1|70.55|0|386|5.3|5.3|7|8
62.2|70.54|0|394|5.4|5.4|7|8
62.3|70.54|0|396|5.4|5.3|7|8
62.4|70.63|0|398|5.4|5.3|7|8
62.5|70.59|0|398|5.4|5.3|7|8
62.6|70.65|0|398|5.4|5.3|7|8
62.7|70.58|0|398|5.4|5.3|7|8
62.8|70.55|0|398|5.4|5.3|7|8
62.9|70.54|0|398|5.4|5.4|7|8
63|70.57|0|398|5.4|5.4|7|8
63.1|70.65|0|398|5.4|5.4|7|8
63.2|70.58|0|398|5.4|5.3|7|8
63.3|70.59|0|398|5.4|5.4|7|8
63.4|70.63|0|398|5.4|5.3|7|8
63.5|70.59|0|398|5.4|5.4|7|8
63.6|70.58|0|398|5.4|5.3|7|8
63.7|70.53|0|398|5.4|5.4|7|8
63.8|70.55|0|398|5.3|5.3|7|8
63.9|70.57|0|398|5.4|5.3|7|8
64|70.65|0|398|5.4|5.4|7|8
64.1|70.59|0|398|5.4|5.4|7|8
64.2|70.62|0|398|5.4|5.4|7|8
64.3|70.61|0|398|5.4|5.4|7|8
64.4|70.62|0|398|5.4|5.3|7|8
64.5|70.57|0|398|5.4|5.3|8|8
64.6|70.57|0|398|5.2|5.2|8|8
64.7|70.55|0|398|5.3|5.3|8|8
64.8|70.47|0|398|5.3|5.3|8|8
64.9|70.53|0|398|5.3|5.3|8|8
65|70.53|0|398|5.3|5.3|8|8
65.1|70.51|0|398|5.3|5.3|8|8
65.2|70.54|0|398|5.2|5.2|8|8
65.3|70.54|0|398|5.2|5.2|8|8
65.4|70.53|0|398|5.2|5.2|8|8
65.5|70.54|0|398|5.2|5.2|8|8
65.6|70.54|0|398|5.2|5.2|8|8
65.7|70.55|0|398|5.1|5.1|8|8
65.8|70.61|0|398|5.1|5.1|8|8
65.9|70.58|0|398|5.1|5.1|8|8
66|70.46|0|398|5.1|5.1|8|8
66.1|70.53|0|398|5.1|5.1|8|8
66.2|70.54|0|398|5|5|8|8
66.3|70.51|0|398|5.1|5|8|8
66.4|70.53|0|398|5|5|8|8
66.5|70.53|0|398|5|5|8|8
66.6|72.81|0|398|5|5|8|8
66.7|75.72|0|398|5|5|8|8
66.8|78.63|0|398|5|5|8|8
66.9|81.53|0|398|5|5|8|8
67|84.39|0|398|5|5|8|8
67.1|87.21|0|398|5|5|8|8
67.2|90.03|0|398|5|5|8|8
67.3|92.87|0|398|5|5|8|8
67.4|94.68|0|398|5|5|8|8
67.5|95.46|0|398|5|5|8|8
67.6|95.77|0|398|5|5|8|8
