0|96|899|404|5.2|5.2|1|8
0.1|96|1034|405|5.2|5.2|1|8
0.2|95.98|1041|407|5.2|5.2|1|8
0.3|96|1044|407|5.2|5.2|1|8
0.4|95.98|1041|407|5.2|5.2|1|8
0.5|96.01|1041|407|5.2|5.2|2|8
0.6|95.72|1044|407|5.2|5.2|2|8
0.7|95.29|1046|407|5.2|5.2|2|8
0.8|94.82|1049|407|5.2|5.2|2|8
0.9|94.4|1049|407|5.2|5.2|2|8
1|93.88|1289|408|5.2|5.2|2|8
1.1|93.37|1706|408|5.2|5.2|3|8
1.2|93.18|1765|409|5.2|5.2|3|8
1.3|93.06|1784|409|5.2|5.2|3|8
1.4|92.88|1789|410|5.2|5.2|3|8
1.5|92.86|1794|410|5.2|5.2|3|8
1.6|92.88|1796|409|5.2|5.2|3|8
1.7|92.87|1802|410|5.2|5.2|3|8
1.8|92.87|1804|410|5.2|5.2|3|8
1.9|92.79|1807|410|5.2|5.2|3|8
2|92.78|1809|410|5.2|5.2|3|8
2.1|92.84|1809|410|5.2|5.2|3|8
2.2|92.84|1812|410|5.2|5.2|3|8
2.3|92.83|1812|410|5.2|5.2|3|8
2.4|92.84|1812|410|5.2|5.2|3|8
2.5|92.87|1814|410|5.2|5.2|3|8
2.6|92.84|1814|410|5.2|5.2|3|8
2.7|92.86|1817|410|5.2|5.2|3|8
2.8|92.8|1817|411|5.2|5.2|3|8
2.9|92.84|1817|411|5.2|5.2|3|8
3|92.83|1820|411|5.2|5.2|3|8
3.1|92.82|1820|410|5.2|5.2|4|8
3.2|92.94|1817|410|5.2|5.2|4|8
3.3|93.39|1765|411|5.3|5.2|4|8
3.4|93.84|1113|410|5.3|5.3|5|8
3.5|94.2|1072|408|5.3|5.3|5|8
3.6|94.17|1070|408|5.3|5.3|5|8
3.7|94.28|1067|408|5.3|5.3|5|8
3.8|94.28|1067|408|5.3|5.3|5|8
3.9|94.35|1067|408|5.3|5.3|5|8
4|94.23|1067|408|5.3|5.3|5|8
4.1|94.28|1070|408|5.3|5.3|5|8
4.2|94.29|1070|408|5.3|5.3|5|8
4.3|94.29|1067|408|5.3|5.3|5|8
4.4|94.27|1070|408|5.3|5.3|5|8
4.5|94.24|1070|408|5.3|5.3|5|8
4.6|94.27|1070|408|5.3|5.3|5|8
4.7|94.28|1070|408|5.3|5.3|5|8
4.8|94.28|1072|408|5.3|5.3|5|8
4.9|94.28|1072|408|5.3|5.3|5|8
5|94.28|1072|408|5.3|5.3|5|8
5.1|94.29|1072|408|5.3|5.3|5|8
5.2|94.32|1072|408|5.3|5.3|5|8
5.3|94.24|1072|408|5.3|5.3|5|8
5.4|94.28|1075|408|5.3|5.3|2|8
5.5|94.15|1075|408|5.3|5.3|2|8
5.6|93.8|1075|408|5.3|5.3|2|8
5.7|93.25|1206|408|5.3|5.3|2|8
5.8|92.95|1758|409|5.3|5.3|3|8
5.9|92.67|1799|410|5.3|5.3|3|8
6|92.67|1814|411|5.3|5.3|3|8
6.1|92.62|1822|411|5.3|5.3|3|8
6.2|92.52|1827|411|5.3|5.3|3|8
6.3|92.49|1832|411|5.3|5.3|3|8
6.4|92.49|1835|411|5.3|5.3|3|8
6.5|92.49|1838|411|5.3|5.3|3|8
6.6|92.48|1838|411|5.3|5.3|3|8
6.7|92.49|1840|411|5.3|5.3|3|8
6.8|92.49|1843|411|5.3|5.3|3|8
6.9|92.47|1845|411|5.3|5.3|3|8
7|92.47|1845|411|5.3|5.3|3|8
7.1|92.49|1845|411|5.3|5.3|3|8
7.2|92.49|1848|411|5.3|5.3|3|8
7.3|92.52|1848|411|5.3|5.3|3|8
7.4|92.47|1851|411|5.3|5.3|3|8
7.5|92.48|1851|411|5.4|5.3|3|8
7.6|92.49|1853|411|5.4|5.3|3|8
7.7|92.51|1853|411|5.4|5.4|3|8
7.8|92.55|1856|411|5.4|5.4|4|8
7.9|92.64|1853|411|5.4|5.4|4|8
8|93.11|1742|411|5.4|5.4|4|8
8.1|93.58|1101|411|5.4|5.4|5|8
8.2|93.77|1082|409|5.4|5.4|5|8
8.3|93.84|1082|409|5.4|5.4|5|8
8.4|93.85|1082|409|5.4|5.4|5|8
8.5|93.9|1077|409|5.4|5.4|5|8
8.6|93.92|1080|409|5.4|5.4|5|8
8.7|93.93|1080|409|5.4|5.4|5|8
8.8|93.92|1080|408|5.4|5.4|5|8
8.9|93.92|1080|408|5.4|5.4|5|8
9|93.92|1080|408|5.4|5.4|5|8
9.1|93.93|1080|409|5.4|5.4|5|8
9.2|94|1080|408|5.4|5.4|5|8
9.3|93.96|1080|408|5.4|5.4|5|8
9.4|93.94|1080|408|5.4|5.4|5|8
9.5|93.92|1080|408|5.4|5.4|5|8
9.6|93.89|1082|408|5.4|5.4|5|8
9.7|93.9|1082|408|5.4|5.4|5|8
9.8|93.92|1082|408|5.4|5.4|5|8
9.9|93.93|1082|408|5.4|5.4|5|8
10|93.93|1082|408|5.4|5.4|5|8
10.1|93.97|1082|408|5.4|5.4|2|8
10.2|93.8|1082|408|5.4|5.4|2|8
10.3|93.3|1082|408|5.4|5.4|2|8
10.4|92.9|1490|408|5.4|5.4|2|8
10.5|92.6|1796|409|5.4|5.4|3|8
10.6|92.4|1825|410|5.4|5.4|3|8
10.7|92.29|1838|411|5.4|5.4|3|8
10.8|92.2|1845|411|5.4|5.4|3|8
10.9|92.16|1851|411|5.4|5.4|3|8
11|92.21|1869|404|5.4|5.4|3|8
11.1|92.21|1871|398|5.4|5.4|3|8
11.2|92.2|1874|396|5.4|5.4|3|8
11.3|92.2|1876|396|5.4|5.4|3|8
11.4|92.2|1879|396|5.4|5.4|3|8
11.5|92.2|1879|396|5.4|5.4|3|8
11.6|92.19|1881|396|5.4|5.4|3|8
11.7|92.2|1884|395|5.4|5.4|3|8
11.8|92.2|1887|395|5.4|5.4|3|8
11.9|92.2|1887|395|5.4|5.4|3|8
12|92.2|1887|395|5.4|5.4|3|8
12.1|92.2|1887|395|5.4|5.4|3|8
12.2|92.16|1889|395|5.4|5.4|3|8
12.3|92.17|1887|396|5.4|5.4|3|8
12.4|92.2|1889|395|5.4|5.4|3|8
12.5|92.29|1889|395|5.4|5.4|4|8
12.6|92.53|1887|395|5.4|5.4|4|8
12.7|92.95|1760|396|5.4|5.4|4|8
12.8|93.47|1162|396|5.4|5.4|5|8
12.9|93.7|1101|396|5.4|5.4|5|8
13|93.81|1095|395|5.4|5.4|5|8
13.1|93.8|1093|395|5.4|5.4|5|8
13.2|93.74|1093|395|5.4|5.4|5|8
13.3|93.82|1093|395|5.4|5.4|5|8
13.4|93.84|1093|395|5.4|5.4|5|8
13.5|93.86|1093|395|5.4|5.4|5|8
13.6|93.8|1093|395|5.4|5.4|5|8
13.7|93.82|1095|395|5.4|5.4|5|8
13.8|93.84|1095|395|5.4|5.4|5|8
13.9|93.84|1095|395|5.4|5.4|5|8
14|93.84|1095|395|5.4|5.4|5|8
14.1|93.82|1098|395|5.4|5.4|5|8
14.2|93.85|1098|395|5.4|5.4|5|8
14.3|93.8|1098|395|5.4|5.4|5|8
14.4|93.81|1098|395|5.4|5.4|5|8
14.5|93.82|1098|395|5.4|5.4|5|8
14.6|93.82|1098|395|5.4|5.4|5|8
14.7|93.84|1098|395|5.4|5.4|5|8
14.8|93.82|1098|395|5.4|5.4|2|8
14.9|93.62|1095|395|5.4|5.4|2|8
15|93.23|1098|395|5.4|5.4|2|8
15.1|92.82|1294|395|5.4|5.4|2|8
15.2|92.43|1812|395|5.4|5.4|3|8
15.3|92.16|1853|395|5.4|5.4|3|8
15.4|92.08|1866|395|5.4|5.4|3|8
15.5|92.07|1874|395|5.4|5.4|3|8
15.6|92.05|1881|395|5.4|5.4|3|8
15.7|92.04|1887|395|5.4|5.4|3|8
15.8|91.97|1889|395|5.4|5.4|3|8
15.9|92|1892|395|5.4|5.4|3|8
16|92.04|1894|395|5.4|5.4|3|8
16.1|91.98|1897|395|5.4|5.4|3|8
16.2|92.01|1897|395|5.4|5.4|3|8
16.3|92.01|1899|395|5.4|5.4|3|8
16.4|91.98|1899|395|5.4|5.4|3|8
16.5|92|1899|395|5.4|5.4|3|8
16.6|91.98|1899|395|5.4|5.4|3|8
16.7|92|1902|395|5.4|5.4|3|8
16.8|92|1902|395|5.4|5.4|3|8
16.9|91.98|1899|395|5.4|5.4|3|8
17|91.97|1902|395|5.4|5.4|3|8
17.1|92|1902|395|5.4|5.4|3|8
17.2|92.02|1902|395|5.4|5.4|4|8
17.3|92.24|1899|395|5.4|5.4|4|8
17.4|92.59|1869|396|5.4|5.4|4|8
17.5|93.13|1503|396|5.4|5.4|4|8
17.6|93.54|1108|396|5.4|5.4|5|8
17.7|93.76|1098|396|5.4|5.4|5|8
17.8|93.82|1098|396|5.4|5.4|5|8
17.9|93.89|1098|396|5.4|5.4|5|8
18|93.82|1098|395|5.4|5.4|5|8
18.1|93.81|1098|395|5.4|5.4|5|8
18.2|93.77|1095|395|5.4|5.4|5|8
18.3|93.82|1095|395|5.4|5.4|5|8
18.4|93.82|1098|395|5.4|5.4|5|8
18.5|93.82|1098|395|5.4|5.4|5|8
18.6|93.82|1098|395|5.4|5.4|5|8
18.7|93.82|1098|395|5.4|5.4|5|8
18.8|93.84|1098|395|5.4|5.4|5|8
18.9|93.86|1098|395|5.4|5.4|5|8
19|93.81|1098|395|5.4|5.4|5|8
19.1|93.77|1098|395|5.4|5.4|5|8
19.2|93.81|1098|395|5.4|5.4|5|8
19.3|93.81|1098|395|5.4|5.4|5|8
19.4|93.81|1098|395|5.4|5.4|5|8
19.5|93.82|1098|395|5.4|5.4|5|8
19.6|93.85|1098|395|5.4|5.4|2|8
19.7|93.49|1101|395|5.4|5.4|2|8
19.8|93.09|1101|395|5.4|5.4|2|8
19.9|92.67|1201|395|5.4|5.4|2|8
20|92.24|1817|395|5.4|5.4|3|8
20.1|92.07|1858|395|5.4|5.4|3|8
20.2|91.94|1874|395|5.4|5.4|3|8
20.3|91.94|1881|395|5.4|5.4|3|8
20.4|91.89|1887|395|5.4|5.4|3|8
20.5|91.89|1894|395|5.4|5.4|3|8
20.6|91.88|1897|395|5.4|5.4|3|8
20.7|91.84|1899|395|5.4|5.4|3|8
20.8|91.82|1902|395|5.4|5.4|3|8
20.9|91.86|1905|395|5.4|5.4|3|8
21|91.85|1905|395|5.4|5.4|3|8
21.1|91.89|1905|395|5.4|5.4|3|8
21.2|91.85|1907|395|5.4|5.4|3|8
21.3|91.84|1907|395|5.4|5.4|3|8
21.4|91.86|1907|395|5.4|5.4|3|8
21.5|91.88|1907|395|5.4|5.4|3|8
21.6|91.84|1910|395|5.4|5.4|3|8
21.7|91.85|1912|395|5.4|5.4|3|8
21.8|91.85|1912|395|5.4|5.4|3|8
21.9|91.84|1912|395|5.4|5.4|3|8
22|91.81|1915|395|5.4|5.4|4|8
22.1|92|1912|395|5.4|5.4|4|8
22.2|92.48|1874|395|5.4|5.4|4|8
22.3|92.95|1229|396|5.4|5.4|5|8
22.4|93.3|1111|396|5.4|5.4|5|8
22.5|93.47|1108|395|5.4|5.4|5|8
22.6|93.45|1106|395|5.4|5.4|5|8
22.7|93.51|1106|395|5.4|5.4|5|8
22.8|93.51|1103|395|5.4|5.4|5|8
22.9|93.51|1106|395|5.4|5.4|5|8
23|93.51|1103|395|5.4|5.4|5|8
23.1|93.51|1103|395|5.4|5.4|5|8
23.2|93.51|1101|395|5.4|5.4|5|8
23.3|93.51|1101|395|5.4|5.4|5|8
23.4|93.51|1101|395|5.4|5.4|5|8
23.5|93.53|1101|395|5.4|5.4|5|8
23.6|93.57|1098|395|5.4|5.4|5|8
23.7|93.51|1098|395|5.4|5.4|5|8
23.8|93.47|1098|395|5.4|5.4|5|8
23.9|93.5|1098|395|5.4|5.4|5|8
24|93.51|1098|395|5.4|5.4|5|8
24.1|93.51|1098|395|5.4|5.4|5|8
24.2|93.53|1098|395|5.4|5.4|5|8
24.3|93.54|1098|395|5.4|5.4|2|8
24.4|93.42|1101|395|5.4|5.4|2|8
24.5|93.11|1101|395|5.4|5.4|2|8
24.6|92.71|1121|395|5.4|5.4|2|8
24.7|92.25|1781|395|5.4|5.4|3|8
24.8|91.97|1853|395|5.4|5.4|3|8
24.9|91.92|1871|395|5.4|5.4|3|8
25|91.89|1884|395|5.4|5.4|3|8
25.1|91.85|1892|395|5.4|5.4|3|8
25.2|91.85|1897|395|5.4|5.4|3|8
25.3|91.82|1905|395|5.4|5.4|3|8
25.4|91.82|1907|395|5.4|5.4|3|8
25.5|91.8|1910|395|5.4|5.4|3|8
25.6|91.8|1915|395|5.4|5.4|3|8
25.7|91.8|1918|395|5.4|5.4|3|8
25.8|91.8|1920|395|5.4|5.4|3|8
25.9|91.81|1920|395|5.4|5.4|3|8
26|91.8|1923|395|5.4|5.4|3|8
26.1|91.8|1923|394|5.4|5.4|3|8
26.2|91.82|1923|394|5.4|5.4|3|8
26.3|91.84|1923|394|5.4|5.4|3|8
26.4|91.81|1925|394|5.4|5.4|3|8
26.5|91.76|1928|394|5.4|5.4|3|8
26.6|91.81|1928|394|5.4|5.4|3|8
26.7|91.78|1928|394|5.4|5.4|4|8
26.8|91.88|1925|394|5.4|5.4|4|8
26.9|92.31|1899|394|5.4|5.4|4|8
27|92.83|1582|396|5.4|5.4|4|8
27.1|93.22|1113|396|5.4|5.4|5|8
27.2|93.42|1103|396|5.4|5.4|5|8
27.3|93.49|1101|395|5.4|5.4|5|8
27.4|93.45|1103|395|5.4|5.4|5|8
27.5|93.5|1101|395|5.4|5.4|5|8
27.6|93.51|1098|395|5.4|5.4|5|8
27.7|93.51|1098|395|5.4|5.4|5|8
27.8|93.51|1095|395|5.4|5.4|5|8
27.9|93.51|1095|394|5.4|5.4|5|8
28|93.51|1095|394|5.4|5.4|5|8
28.1|93.51|1095|394|5.4|5.4|5|8
28.2|93.51|1098|394|5.4|5.4|5|8
28.3|93.51|1098|394|5.4|5.4|5|8
28.4|93.51|1098|394|5.4|5.4|5|8
28.5|93.53|1098|394|5.4|5.4|5|8
28.6|93.51|1098|394|5.4|5.4|5|8
28.7|93.53|1098|395|5.4|5.4|5|8
28.8|93.55|1098|394|5.4|5.4|5|8
28.9|93.5|1098|395|5.4|5.4|5|8
29|93.47|1098|394|5.4|5.4|5|8
29.1|93.54|1095|394|5.4|5.4|2|8
29.2|93.23|1098|394|5.4|5.4|2|8
29.3|92.83|1101|394|5.4|5.4|2|8
29.4|92.41|1603|394|5.4|5.4|3|8
29.5|92.01|1843|395|5.4|5.4|3|8
29.6|91.92|1871|395|5.4|5.4|3|8
29.7|91.86|1887|395|5.4|5.4|3|8
29.8|91.81|1897|395|5.4|5.4|3|8
29.9|91.8|1907|394|5.4|5.4|3|8
30|91.76|1912|394|5.4|5.4|3|8
30.1|91.77|1918|394|5.4|5.4|3|8
30.2|91.74|1923|394|5.4|5.4|3|8
30.3|91.73|1928|394|5.4|5.4|3|8
30.4|91.73|1930|394|5.4|5.4|3|8
30.5|91.74|1933|394|5.4|5.4|3|8
30.6|91.73|1936|394|5.4|5.4|3|8
30.7|91.77|1936|394|5.4|5.4|3|8
30.8|91.77|1936|395|5.4|5.4|3|8
30.9|91.76|1936|394|5.4|5.4|3|8
31|91.76|1938|394|5.4|5.4|3|8
31.1|91.73|1938|395|5.4|5.4|3|8
31.2|91.73|1941|395|5.4|5.4|3|8
31.3|91.74|1941|395|5.4|5.4|3|8
31.4|91.73|1941|395|5.4|5.4|4|8
31.5|91.78|1941|395|5.4|5.4|4|8
31.6|92.01|1930|395|5.4|5.4|4|8
31.7|92.56|1858|395|5.4|5.4|4|8
31.8|93.06|1160|396|5.4|5.4|5|8
31.9|93.3|1108|396|5.4|5.4|5|8
32|93.38|1106|396|5.4|5.4|5|8
32.1|93.45|1106|395|5.4|5.4|5|8
32.2|93.47|1103|395|5.4|5.4|5|8
32.3|93.5|1103|395|5.4|5.4|5|8
32.4|93.49|1101|395|5.4|5.4|5|8
32.5|93.46|1101|395|5.4|5.4|5|8
32.6|93.47|1101|395|5.4|5.4|5|8
32.7|93.46|1101|395|5.4|5.4|5|8
32.8|93.46|1101|395|5.4|5.4|5|8
32.9|93.46|1101|395|5.4|5.4|5|8
33|93.46|1098|395|5.4|5.4|5|8
33.1|93.46|1098|395|5.4|5.4|5|8
33.2|93.46|1098|395|5.4|5.4|5|8
33.3|93.47|1098|395|5.4|5.4|5|8
33.4|93.47|1098|395|5.4|5.4|5|8
33.5|93.47|1098|395|5.4|5.4|5|8
33.6|93.46|1098|395|5.4|5.4|5|8
33.7|93.47|1095|395|5.4|5.4|5|8
33.8|93.46|1095|395|5.4|5.4|2|8
33.9|93.25|1095|395|5.4|5.4|2|8
34|92.95|1098|395|5.4|5.4|2|8
34.1|92.51|1451|395|5.4|5.4|2|8
34.2|92.09|1820|395|5.4|5.4|3|8
34.3|91.94|1869|396|5.4|5.4|3|8
34.4|91.9|1884|396|5.4|5.4|3|8
34.5|91.85|1899|396|5.4|5.4|3|8
34.6|91.82|1910|395|5.4|5.4|3|8
34.7|91.74|1915|395|5.4|5.4|3|8
34.8|91.8|1920|395|5.4|5.4|3|8
34.9|91.8|1925|395|5.4|5.4|3|8
35|91.8|1928|395|5.4|5.4|3|8
35.1|91.8|1930|395|5.4|5.4|3|8
35.2|91.81|1933|396|5.4|5.4|3|8
35.3|91.8|1938|395|5.4|5.4|3|8
35.4|91.78|1938|395|5.4|5.4|3|8
35.5|91.8|1938|395|5.4|5.4|3|8
35.6|91.8|1941|396|5.4|5.4|3|8
35.7|91.78|1941|395|5.4|5.4|3|8
35.8|91.8|1941|395|5.4|5.4|3|8
35.9|91.78|1941|396|5.4|5.4|3|8
36|91.77|1941|396|5.4|5.4|3|8
36.1|91.82|1941|396|5.4|5.4|3|8
36.2|91.8|1943|396|5.4|5.4|4|8
36.3|92.01|1936|396|5.4|5.4|4|8
36.4|92.51|1887|396|5.4|5.4|4|8
36.5|93.02|1619|396|5.4|5.4|4|8
36.6|93.33|1116|396|5.4|5.4|2|8
36.7|93.35|1106|396|5.4|5.4|2|8
36.8|93.38|1103|396|5.4|5.4|2|8
36.9|93.38|1101|396|5.4|5.4|2|8
37|93.25|1101|396|5.4|5.4|2|8
37.1|93.17|1098|396|5.4|5.4|2|8
37.2|93.18|1098|396|5.4|5.4|2|8
37.3|93.18|1098|396|5.4|5.4|2|8
37.4|92.99|1098|396|5.4|5.4|2|8
37.5|93.02|1098|396|5.4|5.4|2|8
37.6|92.94|1106|396|5.4|5.4|2|8
37.7|92.9|1101|396|5.4|5.4|2|8
37.8|92.78|1129|396|5.4|5.4|2|8
37.9|92.78|1211|396|5.4|5.4|2|8
38|92.66|1258|396|5.4|5.4|2|8
38.1|92.66|1116|396|5.4|5.4|2|8
38.2|92.58|1250|396|5.4|5.4|2|8
38.3|92.47|1307|396|5.4|5.4|2|8
38.4|92.4|1276|396|5.4|5.4|2|8
38.5|92.41|1665|396|5.4|5.4|2|8
38.6|92.33|1722|396|5.4|5.4|2|8
38.7|92.58|1719|396|5.4|5.4|2|8
38.8|92.67|1673|396|5.4|5.4|2|8
38.9|92.88|1126|396|5.4|5.4|2|8
39|92.95|1106|396|5.4|5.4|2|8
39.1|93.03|1103|396|5.4|5.4|2|8
39.2|92.95|1103|396|5.4|5.4|2|8
39.3|92.95|1103|396|5.4|5.4|2|8
39.4|92.78|1101|396|5.4|5.4|2|8
39.5|92.82|1101|396|5.4|5.4|2|8
39.6|92.71|1101|396|5.4|5.4|2|8
39.7|92.64|1101|396|5.4|5.4|2|8
39.8|92.67|1108|396|5.4|5.4|2|8
39.9|92.58|1121|396|5.4|5.4|2|8
40|92.4|1108|396|5.4|5.4|2|8
40.1|92.37|1101|396|5.4|5.4|2|8
40.2|92.41|1157|396|5.4|5.4|2|8
40.3|92.35|1381|398|5.4|5.4|2|8
40.4|92.17|1626|397|5.4|5.4|2|8
40.5|92.28|1503|397|5.4|5.4|2|8
40.6|92.35|1093|396|5.4|5.4|2|8
40.7|92.47|1082|396|5.4|5.4|2|8
40.8|92.4|1080|396|5.4|5.4|2|8
40.9|92.4|1075|396|5.4|5.4|2|8
41|92.35|1070|396|5.4|5.4|2|8
41.1|92.23|1119|396|5.4|5.4|2|8
41.2|92.19|1314|396|5.4|5.4|2|8
41.3|92.11|1325|398|5.4|5.4|2|8
41.4|92.09|1206|398|5.4|5.4|2|8
41.5|92.08|1570|397|5.4|5.4|2|8
41.6|92.05|1683|397|5.4|5.4|2|8
41.7|92.07|1704|397|5.4|5.4|2|8
41.8|92.33|1634|397|5.4|5.4|2|8
41.9|92.56|1093|397|5.4|5.4|2|8
42|92.6|1077|396|5.4|5.4|2|8
42.1|92.53|1077|396|5.4|5.4|2|8
42.2|92.51|1077|396|5.4|5.4|2|8
42.3|92.37|1077|396|5.4|5.4|2|8
42.4|92.37|1075|396|5.4|5.4|2|8
42.5|92.37|1080|396|5.4|5.4|2|8
42.6|92.31|1080|396|5.4|5.4|2|8
42.7|92.19|1077|396|5.4|5.4|2|8
42.8|92.13|1077|396|5.4|5.4|2|8
42.9|92.08|1075|396|5.4|5.4|2|8
43|92.08|1121|396|5.4|5.4|2|8
43.1|91.96|1363|396|5.4|5.4|2|8
43.2|91.94|1415|397|5.4|5.4|2|8
43.3|91.9|1521|397|5.4|5.4|2|8
43.4|91.84|1093|396|5.4|5.4|2|8
43.5|91.89|1077|396|5.4|5.4|2|8
43.6|91.9|1075|396|5.4|5.4|2|8
43.7|91.86|1271|396|5.4|5.4|2|8
43.8|91.78|1405|396|5.4|5.4|2|8
43.9|91.77|1459|396|5.4|5.4|2|8
44|91.62|1454|396|5.4|5.4|2|8
44.1|91.62|1085|396|5.4|5.4|2|8
44.2|91.65|1077|396|5.4|5.4|2|8
44.3|91.57|1330|396|5.4|5.4|2|8
44.4|91.53|1327|397|5.4|5.4|2|8
44.5|91.51|1366|398|5.4|5.4|2|8
44.6|91.46|1332|397|5.4|5.4|2|8
44.7|91.38|1284|397|5.4|5.4|2|8
44.8|91.29|1335|398|5.4|5.4|2|8
44.9|91.25|1302|397|5.4|5.4|2|8
45|91.15|1356|397|5.4|5.4|2|8
45.1|91.03|1116|396|5.4|5.4|2|8
45.2|91.03|1289|396|5.4|5.4|2|8
45.3|90.96|1157|397|5.4|5.4|2|8
45.4|90.84|1139|397|5.4|5.4|2|8
45.5|90.82|1116|396|5.4|5.4|2|8
45.6|90.75|1188|396|5.4|5.4|2|8
45.7|90.64|1214|397|5.4|5.4|2|8
45.8|90.63|1101|396|5.4|5.4|2|8
45.9|90.55|1155|396|5.4|5.4|2|8
46|90.48|1162|397|5.4|5.4|2|8
46.1|90.4|1302|397|5.4|5.4|2|8
46.2|90.33|1307|397|5.4|5.4|2|8
46.3|90.25|1250|396|5.4|5.4|2|8
46.4|90.17|1193|398|5.4|5.4|2|8
46.5|90.07|1142|397|5.4|5.4|2|8
46.6|90.01|1216|398|5.4|5.4|2|8
46.7|89.9|1188|398|5.4|5.4|2|8
46.8|89.88|1201|397|5.4|5.4|2|8
46.9|89.74|1240|397|5.4|5.4|2|8
47|89.7|1201|398|5.4|5.4|2|8
47.1|89.56|1206|397|5.4|5.4|2|8
47.2|89.49|1160|397|5.4|5.4|2|8
47.3|89.48|1278|397|5.4|5.4|2|8
47.4|89.35|1142|397|5.4|5.4|2|8
47.5|89.23|1129|397|5.4|5.4|2|8
47.6|89.19|1119|396|5.4|5.4|2|8
47.7|89.11|1204|396|5.4|5.4|2|8
47.8|88.98|1260|397|5.4|5.4|2|8
47.9|88.83|1155|396|5.4|5.4|2|8
48|88.84|1387|397|5.4|5.4|2|8
48.1|88.74|1247|398|5.4|5.4|2|8
48.2|88.63|1425|397|5.4|5.4|2|8
48.3|88.5|1222|398|5.4|5.4|2|8
48.4|88.4|1237|398|5.4|5.4|2|8
48.5|88.29|1131|397|5.4|5.4|2|8
48.6|88.24|1160|396|5.4|5.4|2|8
48.7|88.09|1224|396|5.4|5.4|2|8
48.8|88.04|1211|396|5.4|5.4|2|8
48.9|87.88|1214|396|5.4|5.4|2|8
49|87.84|1265|397|5.4|5.4|2|8
49.1|87.68|1265|398|5.4|5.4|2|8
49.2|87.57|1312|397|5.4|5.4|2|8
49.3|87.46|1258|397|5.4|5.4|2|8
49.4|87.39|1222|398|5.4|5.4|2|8
49.5|87.22|1196|398|5.4|5.4|2|8
49.6|87.17|1119|397|5.4|5.4|2|8
49.7|87.02|1299|397|5.4|5.4|2|8
49.8|86.89|1345|397|5.4|5.4|2|8
49.9|86.75|1235|397|5.4|5.4|2|8
50|86.68|1183|396|5.4|5.4|2|8
50.1|86.56|1304|397|5.4|5.4|2|8
50.2|86.4|1198|398|5.4|5.4|2|8
50.3|86.27|1343|396|5.4|5.4|2|8
50.4|86.19|1157|398|5.4|5.4|2|8
50.5|86.04|1294|398|5.4|5.4|2|8
50.6|85.89|1371|398|5.4|5.4|2|8
50.7|85.82|1276|398|5.4|5.4|2|8
50.8|85.65|1289|398|5.4|5.4|2|8
50.9|85.52|1191|397|5.4|5.4|2|8
51|85.4|1147|397|5.4|5.4|2|8
51.1|85.23|1175|398|5.4|5.4|2|8
51.2|85.11|1142|398|5.4|5.4|2|8
51.3|84.94|1116|398|5.4|5.4|2|8
51.4|84.8|1224|397|5.4|5.4|2|8
51.5|84.68|1222|396|5.4|5.4|2|8
51.6|84.48|1317|398|5.4|5.4|2|8
51.7|84.35|1286|398|5.4|5.4|2|8
51.8|84.23|1330|398|5.4|5.4|2|8
51.9|84.11|1242|396|5.4|5.4|2|8
52|83.87|1219|397|5.4|5.4|2|8
52.1|83.81|1209|397|5.4|5.4|2|8
52.2|83.62|1242|398|5.4|5.4|2|8
52.3|83.44|1343|396|5.4|5.4|2|8
52.4|83.3|1351|397|5.4|5.4|2|8
52.5|83.11|1198|397|5.4|5.4|2|8
52.6|82.97|1296|397|5.4|5.4|2|8
52.7|82.79|1369|398|5.4|5.4|2|8
52.8|82.66|1271|397|5.4|5.4|2|8
52.9|82.46|1317|396|5.4|5.4|2|8
53|82.26|1353|396|5.4|5.4|2|8
53.1|82.12|1278|396|5.4|5.4|2|8
53.2|81.92|1320|395|5.4|5.4|2|8
53.3|81.69|1343|396|5.4|5.4|2|8
53.4|81.48|1265|395|5.4|5.4|2|8
53.5|81.36|1216|396|5.4|5.4|2|8
53.6|81.17|1379|396|5.4|5.4|2|8
53.7|81.01|1209|396|5.4|5.4|2|8
53.8|80.81|1338|396|5.4|5.4|2|8
53.9|80.56|1294|395|5.4|5.4|6|8
54|79.05|1920|395|5.4|5.4|6|8
54.1|76.34|1987|394|5.4|5.4|6|8
54.2|73.6|44|394|5.4|5.4|7|8
54.3|71.52|0|393|5.4|5.4|7|8
54.4|70.51|0|393|5.4|5.4|7|8
54.5|70.12|0|393|5.4|5.4|7|8
54.6|69.83|0|393|5.4|5.4|7|8
54.7|69.68|0|392|5.4|5.4|7|8
54.8|69.6|0|392|5.4|5.4|7|8
54.9|69.61|0|392|5.4|5.4|7|8
55|69.64|0|392|5.4|5.4|7|8
55.1|69.65|0|392|5.4|5.4|7|8
55.2|69.63|0|392|5.4|5.4|7|8
55.3|69.6|0|392|5.4|5.4|7|8
55.4|69.64|0|392|5.4|5.4|7|8
55.5|69.65|0|392|5.4|5.4|7|8
55.6|69.6|0|392|5.4|5.4|7|8
55.7|69.6|0|392|5.4|5.4|7|8
55.8|69.63|0|392|5.4|5.4|7|8
55.9|69.64|0|392|5.4|5.4|7|8
56|69.64|0|392|5.4|5.4|7|8
56.1|69.59|0|392|5.4|5.4|7|8
56.2|69.61|0|392|5.4|5.4|7|8
56.3|69.63|0|392|5.4|5.4|7|8
56.4|69.61|0|392|5.4|5.4|7|8
56.5|69.61|0|392|5.4|5.4|7|8
56.6|69.61|0|392|5.4|5.4|7|8
56.7|69.63|0|392|5.4|5.4|7|8
56.8|69.64|0|392|5.4|5.4|7|8
56.9|69.69|0|392|5.4|5.4|7|8
57|69.72|0|392|5.4|5.4|7|8
57.1|69.68|0|392|5.4|5.4|7|8
57.2|69.59|0|392|5.4|5.4|7|8
57.3|69.59|0|392|5.4|5.4|7|8
57.4|69.6|0|392|5.4|5.4|7|8
57.5|69.6|0|392|5.4|5.4|7|8
57.6|69.59|0|392|5.4|5.4|7|8
57.7|69.59|0|392|5.4|5.4|7|8
57.8|69.57|0|392|5.4|5.4|7|8
57.9|69.6|0|392|5.4|5.4|7|8
58|69.6|0|392|5.4|5.4|7|8
58.1|69.6|0|392|5.4|5.4|7|8
58.2|69.63|0|392|5.4|5.4|7|8
58.3|69.64|0|392|5.4|5.4|7|8
58.4|69.67|0|392|5.4|5.4|7|8
58.5|69.63|0|392|5.4|5.4|7|8
58.6|69.65|0|392|5.4|5.4|7|8
58.7|69.64|0|392|5.4|5.4|7|8
58.8|69.64|0|392|5.4|5.4|7|8
58.9|69.59|0|392|5.4|5.4|7|8
59|69.57|0|392|5.4|5.4|7|8
59.1|69.57|0|392|5.4|5.4|7|8
59.2|69.56|0|392|5.4|5.4|7|8
59.3|69.56|0|392|5.4|5.4|7|8
59.4|69.61|0|392|5.4|5.4|7|8
59.5|69.64|0|392|5.4|5.4|7|8
59.6|69.63|0|392|5.4|5.4|7|8
59.7|69.67|0|392|5.4|5.4|7|8
59.8|69.51|0|392|5.4|5.4|7|8
59.9|69.59|0|392|5.4|5.4|7|8
60|69.59|0|392|5.4|5.4|7|8
60.1|69.55|0|392|5.4|5.4|7|8
60.2|69.61|0|392|5.4|5.4|7|8
60.3|69.63|0|392|5.4|5.4|7|8
60.4|69.63|0|392|5.4|5.4|7|8
60.5|69.68|0|392|5.4|5.4|7|8
60.6|69.51|0|392|5.4|5.4|7|8
60.7|69.59|0|392|5.4|5.4|7|8
60.8|69.59|0|392|5.4|5.4|7|8
60.9|69.59|0|392|5.4|5.4|7|8
61|69.56|0|392|5.4|5.4|7|8
61.1|69.57|0|392|5.4|5.4|7|8
61.2|69.61|0|392|5.4|5.4|7|8
61.3|69.61|0|392|5.4|5.4|7|8
61.4|69.63|0|392|5.4|5.4|7|8
61.5|69.64|0|392|5.4|5.4|7|8
61.6|69.55|0|392|5.4|5.4|7|8
61.7|69.6|0|392|5.4|5.4|7|8
61.8|69.61|0|392|5.4|5.4|7|8
61.9|69.6|0|392|5.4|5.4|7|8
62|69.56|0|392|5.4|5.4|7|8
62.1|69.59|0|392|5.4|5.4|7|8
62.2|69.59|0|392|5.4|5.4|7|8
62.3|69.6|0|392|5.4|5.4|7|8
62.4|69.67|0|392|5.4|5.4|7|8
62.5|69.51|0|392|5.4|5.4|7|8
62.6|69.59|0|392|5.4|5.4|7|8
62.7|69.57|0|392|5.4|5.4|7|8
62.8|69.59|0|392|5.4|5.4|7|8
62.9|69.59|0|392|5.4|5.4|7|8
63|69.59|0|392|5.4|5.4|7|8
63.1|69.61|0|392|5.4|5.4|7|8
63.2|69.55|0|392|5.4|5.4|7|8
63.3|69.57|0|392|5.4|5.4|7|8
63.4|69.57|0|392|5.4|5.4|7|8
63.5|69.59|0|392|5.4|5.4|7|8
63.6|69.59|0|392|5.4|5.4|7|8
63.7|69.57|0|392|5.4|5.4|7|8
63.8|69.57|0|392|5.4|5.4|7|8
63.9|69.59|0|392|5.4|5.4|7|8
64|69.6|0|392|5.4|5.4|7|8
64.1|69.61|0|392|5.4|5.4|7|8
64.2|69.55|0|392|5.4|5.4|7|8
64.3|69.57|0|392|5.4|5.4|7|8
64.4|69.59|0|392|5.4|5.4|7|8
64.5|69.59|0|392|5.4|5.4|7|8
64.6|69.57|0|392|5.4|5.4|7|8
64.7|69.59|0|392|5.4|5.4|7|8
64.8|69.57|0|392|5.4|5.4|7|8
64.9|69.59|0|392|5.4|5.4|7|8
65|69.59|0|398|5.4|5.4|7|8
65.1|69.57|0|401|5.4|5.4|7|8
65.2|69.6|0|402|5.4|5.4|7|8
65.3|69.55|0|403|5.4|5.4|7|8
65.4|69.57|0|403|5.4|5.4|7|8
65.5|69.59|0|403|5.4|5.4|7|8
65.6|69.65|0|403|5.4|5.4|7|8
65.7|69.52|0|403|5.4|5.4|7|8
65.8|69.59|0|403|5.4|5.4|7|8
65.9|69.61|0|403|5.4|5.4|7|8
66|69.55|0|403|5.4|5.4|7|8
66.1|69.57|0|403|5.4|5.4|7|8
66.2|69.59|0|403|5.4|5.4|7|8
66.3|69.67|0|403|5.4|5.4|7|8
66.4|69.51|0|404|5.4|5.4|7|8
66.5|69.57|0|404|5.4|5.4|7|8
66.6|69.6|0|404|5.4|5.4|7|8
66.7|69.55|0|404|5.4|5.4|7|8
66.8|69.57|0|404|5.4|5.4|7|8
66.9|69.6|0|404|5.4|5.4|7|8
67|69.56|0|404|5.4|5.4|7|8
67.1|69.56|0|403|5.4|5.4|7|8
67.2|69.59|0|404|5.4|5.4|8|8
67.3|69.49|0|404|5.4|5.4|8|8
67.4|69.48|0|403|5.4|5.4|8|8
67.5|69.43|0|403|5.4|5.4|8|8
67.6|69.55|0|403|5.4|5.4|8|8
67.7|69.55|0|403|5.4|5.4|8|8
67.8|69.49|0|403|5.4|5.4|8|8
67.9|69.49|0|403|5.4|5.4|8|8
68|69.55|0|403|5.4|5.4|8|8
68.1|69.53|0|403|5.4|5.4|8|8
68.2|69.49|0|403|5.3|5.3|8|8
68.3|69.49|0|403|5.3|5.3|8|8
68.4|69.53|0|403|5.3|5.3|8|8
68.5|69.55|0|403|5.3|5.3|8|8
68.6|69.51|0|403|5.3|5.3|8|8
68.7|69.49|0|403|5.3|5.2|8|8
68.8|69.55|0|402|5.3|5.3|8|8
68.9|69.55|0|402|5.3|5.2|8|8
69|69.48|0|402|5.2|5.2|8|8
69.1|69.57|0|403|5.2|5.2|8|8
69.2|70.24|0|403|5.2|5.2|8|8
69.3|73.22|0|403|5.2|5.2|8|8
69.4|76.3|0|403|5.2|5.2|8|8
69.5|79.24|0|403|5.2|5.2|8|8
69.6|82.24|0|403|5.2|5.2|8|8
69.7|85.23|0|403|5.2|5.2|8|8
69.8|88.23|0|404|5.2|5.2|8|8
69.9|91.11|0|405|5.2|5.2|8|8
70|93.84|0|405|5.2|5.2|8|8
70.1|95.17|0|406|5.2|5.2|8|8
70.2|95.69|0|406|5.2|5.2|8|8
