0|96.06|930|395|5|5|1|8
0.1|96.05|1059|397|5|5|1|8
0.2|96.08|1052|398|5|5|1|8
0.3|96.08|1044|398|5|5|1|8
0.4|96.1|1044|398|5|5|1|8
0.5|96.06|1080|398|5|5|2|8
0.6|95.77|1616|400|5|5|3|8
0.7|95.57|1670|401|5|5|3|8
0.8|95.45|1680|401|5|5|3|8
0.9|95.43|1688|401|5|5|3|8
1|95.39|1693|401|5|5|3|8
1.1|95.37|1696|401|5|5|3|8
1.2|95.37|1698|401|5|5|3|8
1.3|95.37|1701|401|5|5|3|8
1.4|95.39|1704|401|5|5|3|8
1.5|95.35|1709|402|5.1|5|3|8
1.6|95.34|1711|402|5.1|5.1|3|8
1.7|95.35|1711|402|5.1|5.1|3|8
1.8|95.35|1714|402|5.1|5.1|3|8
1.9|95.35|1716|402|5.1|5.1|3|8
2|95.37|1719|402|5.1|5.1|3|8
2.1|95.35|1719|402|5.1|5.1|3|8
2.2|95.35|1722|402|5.1|5.1|3|8
2.3|95.35|1724|402|5.1|5.1|3|8
2.4|95.37|1727|402|5.1|5.1|3|8
2.5|95.34|1727|402|5.1|5.1|3|8
2.6|95.37|1727|402|5.1|5.1|4|8
2.7|95.46|1727|402|5.1|5.1|4|8
2.8|95.85|1701|402|5.1|5.1|4|8
2.9|96.35|1175|402|5.1|5.1|5|8
3|96.6|1057|401|5.1|5.1|5|8
3.1|96.72|1054|400|5.1|5.1|5|8
3.2|96.8|1052|400|5.1|5.1|5|8
3.3|96.84|1049|400|5.1|5.1|5|8
3.4|96.87|1049|400|5.1|5.1|5|8
3.5|96.87|1049|400|5.1|5.1|5|8
3.6|96.84|1046|400|5.1|5.1|5|8
3.7|96.83|1046|400|5.1|5.1|5|8
3.8|96.86|1046|400|5.1|5.1|5|8
3.9|96.87|1044|400|5.1|5.1|5|8
4|96.87|1041|400|5.1|5.1|5|8
4.1|96.86|1044|400|5.1|5.1|5|8
4.2|96.86|1044|400|5.1|5.1|5|8
4.3|96.86|1041|400|5.1|5.1|5|8
4.4|96.84|1044|400|5.1|5.1|5|8
4.5|96.84|1044|400|5.1|5.1|5|8
4.6|96.86|1044|400|5.1|5.1|5|8
4.7|96.87|1044|400|5.1|5.1|5|8
4.8|96.88|1044|400|5.1|5.1|5|8
4.9|96.86|1044|400|5.1|5.1|2|8
5|96.74|1044|400|5.2|5.1|2|8
5.1|96.49|1044|400|5.1|5.1|2|8
5.2|96.02|1111|400|5.2|5.1|2|8
5.3|95.59|1665|401|5.2|5.1|3|8
5.4|95.31|1714|402|5.2|5.2|3|8
5.5|95.15|1724|402|5.2|5.2|3|8
5.6|95.14|1729|402|5.2|5.2|3|8
5.7|95.12|1732|402|5.2|5.2|3|8
5.8|95.07|1737|402|5.2|5.2|3|8
5.9|95.1|1740|402|5.2|5.2|3|8
6|94.98|1740|402|5.2|5.2|3|8
6.1|95.07|1742|402|5.2|5.2|3|8
6.2|95.1|1742|402|5.2|5.2|3|8
6.3|95|1742|402|5.2|5.2|3|8
6.4|95.04|1745|402|5.2|5.2|3|8
6.5|95.07|1745|402|5.2|5.2|3|8
6.6|95.06|1747|402|5.2|5.2|3|8
6.7|95|1750|402|5.2|5.2|3|8
6.8|95.07|1750|402|5.2|5.2|3|8
6.9|95.07|1750|403|5.2|5.2|3|8
7|95|1753|403|5.2|5.2|3|8
7.1|95.1|1750|403|5.2|5.2|3|8
7.2|94.99|1753|403|5.2|5.2|3|8
7.3|95.06|1753|403|5.2|5.2|4|8
7.4|95.17|1753|403|5.2|5.2|4|8
7.5|95.59|1737|403|5.2|5.2|4|8
7.6|96.1|1624|403|5.2|5.2|4|8
7.7|96.53|1095|403|5.2|5.2|5|8
7.8|96.63|1046|401|5.2|5.2|5|8
7.9|96.78|1041|401|5.2|5.2|5|8
8|96.8|1041|402|5.2|5.2|5|8
8.1|96.86|1039|404|5.2|5.2|5|8
8.2|96.9|1039|404|5.2|5.2|5|8
8.3|96.86|1039|404|5.2|5.2|5|8
8.4|96.87|1039|404|5.2|5.2|5|8
8.5|96.86|1039|404|5.2|5.2|5|8
8.6|96.84|1039|404|5.2|5.2|5|8
8.7|96.86|1036|404|5.2|5.2|5|8
8.8|96.78|1036|404|5.2|5.2|5|8
8.9|96.86|1036|404|5.2|5.2|5|8
9|96.88|1036|404|5.2|5.2|5|8
9.1|96.84|1036|403|5.2|5.2|5|8
9.2|96.79|1039|403|5.2|5.2|5|8
9.3|96.86|1039|403|5.2|5.2|5|8
9.4|96.88|1039|403|5.2|5.2|5|8
9.5|96.86|1039|403|5.2|5.2|5|8
9.6|96.86|1041|403|5.2|5.2|5|8
9.7|96.87|1041|403|5.2|5.2|2|8
9.8|96.67|1041|403|5.2|5.2|2|8
9.9|96.25|1044|403|5.2|5.2|2|8
10|95.8|1137|404|5.2|5.2|2|8
10.1|95.26|1428|404|5.2|5.2|2|8
10.2|94.87|1732|405|5.2|5.2|3|8
10.3|94.76|1750|405|5.2|5.2|3|8
10.4|94.59|1758|406|5.2|5.2|3|8
10.5|94.52|1773|401|5.2|5.2|3|8
10.6|94.55|1776|397|5.2|5.2|3|8
10.7|94.52|1781|396|5.2|5.2|3|8
10.8|94.52|1784|396|5.2|5.2|3|8
10.9|94.52|1784|396|5.2|5.2|3|8
11|94.44|1786|396|5.2|5.2|3|8
11.1|94.51|1786|396|5.2|5.2|3|8
11.2|94.51|1789|396|5.2|5.2|3|8
11.3|94.53|1789|396|5.2|5.2|3|8
11.4|94.44|1791|396|5.2|5.2|3|8
11.5|94.51|1794|394|5.2|5.2|3|8
11.6|94.53|1794|393|5.2|5.2|3|8
11.7|94.52|1796|392|5.2|5.3|3|8
11.8|94.45|1796|392|5.2|5.2|3|8
11.9|94.49|1796|392|5.2|5.3|3|8
12|94.52|1796|392|5.3|5.2|3|8
12.1|94.51|1796|392|5.3|5.2|3|8
12.2|94.47|1796|392|5.3|5.2|4|8
12.3|94.74|1786|392|5.2|5.3|4|8
12.4|95.25|1716|392|5.3|5.3|4|8
12.5|95.72|1106|393|5.3|5.3|5|8
12.6|96.02|1059|392|5.3|5.3|5|8
12.7|96.1|1057|392|5.3|5.3|5|8
12.8|96.14|1057|392|5.3|5.3|5|8
12.9|96.13|1054|392|5.3|5.3|5|8
13|96.12|1054|392|5.3|5.3|5|8
13.1|96.06|1054|392|5.3|5.3|5|8
13.2|96.1|1054|392|5.3|5.3|5|8
13.3|96.17|1054|392|5.3|5.3|5|8
13.4|96.16|1054|392|5.3|5.3|5|8
13.5|96.16|1054|392|5.3|5.3|5|8
13.6|96.13|1054|392|5.3|5.3|5|8
13.7|96.1|1054|392|5.3|5.3|5|8
13.8|96.14|1054|392|5.3|5.3|5|8
13.9|96.14|1054|392|5.3|5.3|5|8
14|96.16|1054|391|5.3|5.3|5|8
14.1|96.19|1054|391|5.3|5.3|5|8
14.2|96.16|1054|392|5.3|5.3|5|8
14.3|96.16|1054|392|5.3|5.3|5|8
14.4|96.17|1057|391|5.3|5.3|5|8
14.5|96.12|1054|391|5.3|5.3|2|8
14.6|95.97|1057|392|5.3|5.3|2|8
14.7|95.63|1057|391|5.3|5.3|2|8
14.8|95.21|1111|392|5.3|5.3|2|8
14.9|94.76|1616|392|5.3|5.3|3|8
15|94.44|1773|392|5.3|5.3|3|8
15.1|94.25|1789|392|5.3|5.3|3|8
15.2|94|1794|392|5.3|5.3|3|8
15.3|94.06|1799|392|5.3|5.3|3|8
15.4|94.05|1802|392|5.3|5.3|3|8
15.5|94.09|1804|392|5.3|5.3|3|8
15.6|94.02|1807|392|5.3|5.3|3|8
15.7|94.04|1807|392|5.3|5.3|3|8
15.8|94.05|1809|392|5.3|5.3|3|8
15.9|94.06|1809|392|5.3|5.3|3|8
16|94.09|1812|392|5.3|5.3|3|8
16.1|94.02|1812|392|5.3|5.3|3|8
16.2|94.05|1812|392|5.3|5.3|3|8
16.3|94.04|1814|392|5.3|5.3|3|8
16.4|94.05|1814|392|5.3|5.3|3|8
16.5|94.04|1812|392|5.3|5.3|3|8
16.6|94.06|1812|392|5.3|5.3|3|8
16.7|94.05|1812|392|5.3|5.3|3|8
16.8|94.04|1812|392|5.3|5.3|3|8
16.9|94.05|1814|392|5.3|5.3|4|8
17|94.17|1814|393|5.3|5.3|4|8
17.1|94.43|1807|393|5.3|5.3|4|8
17.2|94.86|1317|393|5.3|5.3|5|8
17.3|95.25|1075|392|5.3|5.3|5|8
17.4|95.41|1070|392|5.3|5.3|5|8
17.5|95.41|1067|392|5.3|5.3|5|8
17.6|95.43|1064|392|5.3|5.3|5|8
17.7|95.55|1064|392|5.3|5.3|5|8
17.8|95.54|1064|392|5.3|5.3|5|8
17.9|95.53|1064|392|5.3|5.3|5|8
18|95.46|1064|392|5.3|5.3|5|8
18.1|95.42|1062|392|5.3|5.3|5|8
18.2|95.53|1064|392|5.3|5.3|5|8
18.3|95.53|1062|392|5.3|5.3|5|8
18.4|95.53|1062|392|5.3|5.3|5|8
18.5|95.51|1062|392|5.3|5.3|5|8
18.6|95.42|1062|392|5.3|5.3|5|8
18.7|95.46|1062|392|5.3|5.3|5|8
18.8|95.55|1064|392|5.3|5.3|5|8
18.9|95.53|1062|392|5.3|5.3|5|8
19|95.51|1062|392|5.3|5.3|5|8
19.1|95.5|1062|392|5.3|5.3|5|8
19.2|95.5|1062|392|5.3|5.3|2|8
19.3|95.46|1062|392|5.3|5.3|2|8
19.4|95.17|1062|392|5.3|5.3|2|8
19.5|94.76|1070|392|5.3|5.3|2|8
19.6|94.33|1675|392|5.3|5.3|3|8
19.7|93.98|1794|392|5.3|5.3|3|8
19.8|93.85|1807|392|5.3|5.3|3|8
19.9|93.7|1814|393|5.3|5.3|3|8
20|93.62|1822|393|5.3|5.3|3|8
20.1|93.62|1825|393|5.3|5.3|3|8
20.2|93.62|1827|393|5.3|5.3|3|8
20.3|93.72|1827|393|5.3|5.3|3|8
20.4|93.65|1830|393|5.3|5.3|3|8
20.5|93.62|1830|393|5.3|5.3|3|8
20.6|93.69|1832|394|5.3|5.3|3|8
20.7|93.68|1835|393|5.3|5.3|3|8
20.8|93.62|1835|393|5.3|5.3|3|8
20.9|93.69|1835|394|5.3|5.3|3|8
21|93.66|1838|394|5.3|5.3|3|8
21.1|93.64|1840|393|5.3|5.3|3|8
21.2|93.62|1840|393|5.3|5.3|3|8
21.3|93.69|1840|393|5.3|5.3|3|8
21.4|93.65|1843|393|5.3|5.3|3|8
21.5|93.62|1848|390|5.3|5.3|3|8
21.6|93.68|1848|389|5.3|5.3|4|8
21.7|93.77|1848|388|5.3|5.3|4|8
21.8|94.08|1838|388|5.3|5.3|4|8
21.9|94.52|1242|389|5.3|5.3|5|8
22|94.86|1080|388|5.3|5.3|5|8
22.1|95.07|1075|388|5.3|5.3|5|8
22.2|95.06|1075|388|5.3|5.3|5|8
22.3|95.06|1072|388|5.3|5.3|5|8
22.4|95.1|1072|388|5.3|5.3|5|8
22.5|95.12|1070|388|5.3|5.3|5|8
22.6|95.15|1070|388|5.3|5.3|5|8
22.7|95.11|1070|388|5.3|5.3|5|8
22.8|95.1|1070|388|5.3|5.3|5|8
22.9|95.03|1070|388|5.3|5.3|5|8
23|95.1|1070|388|5.3|5.3|5|8
23.1|95.08|1072|388|5.3|5.3|5|8
23.2|95.11|1070|388|5.3|5.3|5|8
23.3|95.15|1070|388|5.3|5.3|5|8
23.4|95.1|1070|388|5.3|5.3|5|8
23.5|95.1|1070|388|5.3|5.3|5|8
23.6|95.07|1070|388|5.3|5.3|5|8
23.7|95.08|1070|388|5.3|5.3|5|8
23.8|95.12|1070|388|5.3|5.3|5|8
23.9|95.15|1070|388|5.3|5.3|2|8
24|95|1070|388|5.3|5.3|2|8
24.1|94.75|1070|388|5.3|5.3|2|8
24.2|94.33|1119|388|5.3|5.3|2|8
24.3|93.88|1781|388|5.3|5.3|3|8
24.4|93.58|1830|388|5.3|5.3|3|8
24.5|93.57|1843|388|5.3|5.3|3|8
24.6|93.41|1851|388|5.3|5.3|3|8
24.7|93.35|1853|388|5.3|5.3|3|8
24.8|93.39|1856|388|5.3|5.3|3|8
24.9|93.41|1858|388|5.3|5.3|3|8
25|93.42|1858|388|5.3|5.3|3|8
25.1|93.43|1861|388|5.3|5.3|3|8
25.2|93.41|1863|387|5.3|5.3|3|8
25.3|93.38|1863|388|5.3|5.3|3|8
25.4|93.42|1863|388|5.3|5.3|3|8
25.5|93.41|1866|387|5.3|5.3|3|8
25.6|93.43|1866|387|5.3|5.3|3|8
25.7|93.41|1866|387|5.3|5.3|3|8
25.8|93.39|1866|387|5.3|5.3|3|8
25.9|93.39|1869|387|5.3|5.3|3|8
26|93.39|1866|387|5.3|5.3|3|8
26.1|93.42|1869|387|5.3|5.3|3|8
26.2|93.42|1869|387|5.3|5.3|3|8
26.3|93.38|1869|387|5.3|5.3|4|8
26.4|93.57|1866|387|5.3|5.3|4|8
26.5|94.01|1830|387|5.3|5.3|4|8
26.6|94.47|1126|388|5.3|5.3|5|8
26.7|94.71|1082|388|5.3|5.3|5|8
26.8|94.78|1080|388|5.3|5.3|5|8
26.9|94.98|1077|388|5.3|5.3|5|8
27|94.88|1072|388|5.3|5.3|5|8
27.1|94.92|1075|388|5.3|5.3|5|8
27.2|94.91|1072|387|5.3|5.3|5|8
27.3|94.87|1072|387|5.3|5.3|5|8
27.4|94.92|1072|387|5.3|5.3|5|8
27.5|94.9|1072|387|5.3|5.3|5|8
27.6|94.87|1072|387|5.3|5.3|5|8
27.7|94.94|1072|387|5.3|5.3|5|8
27.8|94.91|1072|387|5.3|5.3|5|8
27.9|94.91|1072|387|5.3|5.3|5|8
28|94.88|1072|387|5.3|5.3|5|8
28.1|94.92|1072|388|5.3|5.3|5|8
28.2|94.9|1072|388|5.3|5.3|5|8
28.3|94.9|1072|388|5.3|5.3|5|8
28.4|94.91|1072|388|5.3|5.3|5|8
28.5|94.91|1072|388|5.3|5.3|5|8
28.6|94.91|1072|387|5.3|5.3|2|8
28.7|94.72|1072|387|5.3|5.3|2|8
28.8|94.43|1072|387|5.3|5.3|2|8
28.9|93.96|1518|387|5.3|5.3|2|8
29|93.58|1807|387|5.3|5.3|3|8
29.1|93.42|1843|387|5.3|5.3|3|8
29.2|93.35|1853|387|5.3|5.3|3|8
29.3|93.27|1858|387|5.3|5.3|3|8
29.4|93.26|1863|387|5.3|5.3|3|8
29.5|93.26|1866|387|5.3|5.3|3|8
29.6|93.22|1869|387|5.3|5.3|3|8
29.7|93.25|1869|387|5.3|5.3|3|8
29.8|93.26|1871|387|5.3|5.3|3|8
29.9|93.3|1871|387|5.3|5.3|3|8
30|93.22|1871|388|5.3|5.3|3|8
30.1|93.23|1871|388|5.3|5.3|3|8
30.2|93.29|1871|388|5.3|5.3|3|8
30.3|93.22|1874|388|5.3|5.3|3|8
30.4|93.26|1874|388|5.3|5.3|3|8
30.5|93.31|1874|388|5.3|5.3|3|8
30.6|93.25|1874|388|9.2|9.2|3|8
30.7|93.25|1874|388|9.2|9.2|3|8
30.8|93.27|1874|388|9.2|9.2|3|8
30.9|93.29|1874|388|9.2|9.2|3|8
31|93.33|1874|388|9.2|9.2|4|8
31.1|93.55|1869|388|9.2|9.2|4|8
31.2|94.09|1789|388|9.2|9.2|4|8
31.3|94.49|1103|388|9.2|9.2|5|8
31.4|94.72|1080|388|9.2|9.2|5|8
31.5|94.79|1077|388|9.2|9.2|5|8
31.6|94.95|1075|388|9.2|9.2|5|8
31.7|94.88|1075|388|9.2|9.2|5|8
31.8|94.9|1072|388|9.2|9.2|5|8
31.9|94.88|1072|388|9.2|9.2|5|8
32|94.91|1070|388|9.2|9.2|5|8
32.1|94.94|1070|388|9.2|9.2|5|8
32.2|94.88|1070|388|9.2|9.2|5|8
32.3|94.87|1070|388|9.2|9.2|5|8
32.4|94.91|1070|388|9.2|9.2|5|8
32.5|94.9|1070|388|9.2|9.2|5|8
32.6|94.87|1070|388|9.2|9.2|5|8
32.7|94.92|1070|388|9.2|9.2|5|8
32.8|94.91|1070|388|9.2|9.2|5|8
32.9|94.91|1070|388|9.2|9.2|5|8
33|94.9|1070|388|5.3|5.3|5|8
33.1|94.88|1070|388|5.3|5.3|5|8
33.2|94.91|1070|388|5.3|5.3|5|8
33.3|94.9|1070|388|5.3|5.3|2|8
33.4|94.75|1067|388|5.3|5.3|2|8
33.5|94.39|1067|388|5.3|5.3|2|8
33.6|93.9|1247|388|5.3|5.3|2|8
33.7|93.47|1794|388|5.3|5.3|3|8
33.8|93.18|1840|388|5.3|5.3|3|8
33.9|93.11|1853|388|5.3|5.3|3|8
34|93.18|1861|388|5.3|5.3|3|8
34.1|93.02|1863|388|5.3|5.3|3|8
34.2|93.07|1869|388|5.3|5.3|3|8
34.3|93.07|1869|388|5.3|5.3|3|8
34.4|93.07|1871|388|5.3|5.3|3|8
34.5|93.09|1874|388|5.3|5.3|3|8
34.6|93.06|1876|388|5.3|5.3|3|8
34.7|93.04|1876|388|5.3|5.3|3|8
34.8|93.06|1876|388|5.3|5.3|3|8
34.9|93.07|1876|388|5.3|5.3|3|8
35|93.09|1876|388|5.3|5.3|3|8
35.1|93.07|1879|388|5.3|5.3|3|8
35.2|93.04|1879|388|5.3|5.3|3|8
35.3|93.06|1879|388|5.3|5.3|3|8
35.4|93.07|1879|388|5.3|5.3|3|8
35.5|93.06|1879|388|5.3|5.3|3|8
35.6|93.09|1879|388|5.3|5.3|3|8
35.7|93.09|1879|388|5.3|5.3|4|8
35.8|93.25|1876|388|5.3|5.3|4|8
35.9|93.7|1832|388|5.3|5.3|4|8
36|94.24|1209|389|5.3|5.3|2|8
36.1|94.43|1077|388|5.3|5.3|2|8
36.2|94.48|1075|388|5.3|5.3|2|8
36.3|94.47|1075|388|5.3|5.3|2|8
36.4|94.49|1072|388|5.3|5.3|2|8
36.5|94.39|1072|388|5.3|5.3|2|8
36.6|94.44|1070|388|5.3|5.3|2|8
36.7|94.28|1070|388|5.3|5.3|2|8
36.8|94.28|1070|388|5.3|5.3|2|8
36.9|94.17|1070|388|5.3|5.3|2|8
37|94.02|1070|388|5.3|5.3|2|8
37.1|94.02|1070|388|5.3|5.3|2|8
37.2|94.02|1070|388|5.3|5.3|2|8
37.3|93.97|1070|388|5.3|5.3|2|8
37.4|93.88|1106|388|5.3|5.3|2|8
37.5|93.8|1144|389|5.3|5.3|2|8
37.6|93.73|1206|388|5.3|5.3|2|8
37.7|93.64|1108|388|5.3|5.3|2|8
37.8|93.61|1191|388|5.3|5.3|2|8
37.9|93.57|1131|388|5.3|5.3|2|8
38|93.54|1188|388|5.3|5.3|2|8
38.1|93.43|1296|389|5.3|5.3|2|8
38.2|93.34|1747|388|5.3|5.3|2|8
38.3|93.35|1771|388|5.3|5.3|2|8
38.4|93.51|1665|389|5.3|5.3|2|8
38.5|93.76|1085|388|5.3|5.3|2|8
38.6|93.85|1072|388|5.3|5.3|2|8
38.7|93.78|1070|388|5.3|5.3|2|8
38.8|93.64|1070|388|5.3|5.3|2|8
38.9|93.58|1067|388|5.3|5.3|2|8
39|93.58|1067|388|5.3|5.3|2|8
39.1|93.66|1067|388|5.3|5.3|2|8
39.2|93.54|1070|388|5.3|5.3|2|8
39.3|93.42|1108|388|5.3|5.3|2|8
39.4|93.39|1294|388|5.3|5.3|2|8
39.5|93.33|1688|388|5.3|5.3|2|8
39.6|93.34|1546|389|5.3|5.3|2|8
39.7|93.46|1082|389|5.3|5.3|2|8
39.8|93.51|1067|388|5.3|5.3|2|8
39.9|93.54|1067|388|5.3|5.3|2|8
40|93.43|1067|388|5.3|5.3|2|8
40.1|93.42|1064|388|5.3|5.3|2|8
40.2|93.31|1082|388|5.3|5.3|2|8
40.3|93.27|1206|388|5.3|5.3|2|8
40.4|93.14|1198|389|5.3|5.3|2|8
40.5|93.13|1224|388|5.3|5.3|2|8
40.6|93.18|1554|390|5.3|5.3|2|8
40.7|93.14|1142|390|5.3|5.3|2|8
40.8|93.11|1067|389|5.3|5.3|2|8
40.9|93.13|1064|388|5.3|5.3|2|8
41|93.13|1064|388|5.3|5.3|2|8
41.1|93.14|1077|388|5.3|5.3|2|8
41.2|92.99|1580|390|5.3|5.3|2|8
41.3|93|1534|390|5.3|5.3|2|8
41.4|93.14|1082|390|5.3|5.3|2|8
41.5|93.13|1064|389|5.3|5.3|2|8
41.6|93.13|1067|389|5.3|5.3|2|8
41.7|93.14|1064|389|5.3|5.3|2|8
41.8|92.99|1173|388|5.3|5.3|2|8
41.9|93|1209|389|5.3|5.3|2|8
42|93.02|1714|389|5.3|5.3|2|8
42.1|92.94|1691|390|5.3|5.3|2|8
42.2|93.14|1482|390|5.3|5.3|2|8
42.3|93.29|1075|390|5.3|5.3|2|8
42.4|93.31|1064|389|5.3|5.3|2|8
42.5|93.35|1064|389|5.3|5.3|2|8
42.6|93.19|1062|388|5.3|5.3|2|8
42.7|93.13|1062|388|5.3|5.3|2|8
42.8|93.18|1062|388|5.3|5.3|2|8
42.9|93.17|1072|388|5.3|5.3|2|8
43|92.99|1070|388|5.3|5.3|2|8
43.1|93|1407|389|5.3|5.3|2|8
43.2|92.96|1724|390|5.3|5.3|2|8
43.3|92.94|1711|390|5.3|5.3|2|8
43.4|93.14|1108|390|5.3|5.3|2|8
43.5|93.21|1067|389|5.3|5.3|2|8
43.6|93.25|1064|389|5.3|5.3|2|8
43.7|93.14|1064|389|5.3|5.3|2|8
43.8|93.25|1064|389|5.3|5.3|2|8
43.9|93.15|1062|388|5.3|5.3|2|8
44|92.96|1062|388|5.3|5.3|2|8
44.1|93.03|1064|388|5.3|5.3|2|8
44.2|92.96|1209|390|5.3|5.3|2|8
44.3|92.84|1500|390|5.3|5.3|2|8
44.4|92.82|1508|390|5.3|5.3|2|8
44.5|92.83|1093|390|5.3|5.3|2|8
44.6|92.95|1064|390|5.3|5.3|2|8
44.7|92.86|1059|389|5.3|5.3|2|8
44.8|92.83|1059|389|5.3|5.3|2|8
44.9|92.82|1204|389|5.3|5.3|2|8
45|92.72|1219|390|5.3|5.3|2|8
45.1|92.68|1131|390|5.3|5.3|2|8
45.2|92.7|1332|390|5.3|5.3|2|8
45.3|92.64|1271|390|5.3|5.3|2|8
45.4|92.49|1224|390|5.3|5.3|2|8
45.5|92.37|1124|390|5.3|5.3|2|8
45.6|92.35|1204|390|5.3|5.3|2|8
45.7|92.36|1314|390|5.3|5.3|2|8
45.8|92.19|1240|391|5.3|5.3|2|8
45.9|92.16|1152|390|5.3|5.3|2|8
46|92.11|1224|390|5.3|5.3|2|8
46.1|92.05|1240|390|5.3|5.3|2|8
46.2|91.96|1126|390|5.3|5.3|2|8
46.3|91.9|1222|390|5.3|5.3|2|8
46.4|91.89|1214|390|5.3|5.3|2|8
46.5|91.74|1191|390|5.3|5.3|2|8
46.6|91.64|1152|390|5.3|5.3|2|8
46.7|91.6|1080|390|5.3|5.3|2|8
46.8|91.51|1072|390|5.3|5.3|2|8
46.9|91.5|1134|390|5.3|5.3|2|8
47|91.41|1229|390|5.3|5.3|2|8
47.1|91.3|1302|390|5.3|5.3|2|8
47.2|91.25|1273|390|5.3|5.3|2|8
47.3|91.15|1229|390|5.3|5.3|2|8
47.4|91.05|1237|390|5.3|5.3|2|8
47.5|90.98|1168|390|5.3|5.3|2|8
47.6|90.94|1155|390|5.3|5.3|2|8
47.7|90.79|1144|389|5.3|5.3|2|8
47.8|90.7|1170|389|5.3|5.3|2|8
47.9|90.64|1237|389|5.3|5.3|2|8
48|90.54|1147|389|5.3|5.3|2|8
48.1|90.44|1175|390|5.3|5.3|2|8
48.2|90.37|1168|390|5.3|5.3|2|8
48.3|90.29|1250|390|5.3|5.3|2|8
48.4|90.16|1160|390|5.3|5.3|2|8
48.5|90.07|1183|390|5.3|5.3|2|8
48.6|89.94|1165|390|5.3|5.3|2|8
48.7|89.92|1216|390|5.3|5.3|2|8
48.8|89.72|1206|389|5.3|5.3|2|8
48.9|89.72|1165|389|5.3|5.3|2|8
49|89.52|1216|390|5.3|5.3|2|8
49.1|89.48|1242|390|5.3|5.3|2|8
49.2|89.38|1340|391|5.3|5.3|2|8
49.3|89.22|1247|390|5.3|5.3|2|8
49.4|89.19|1201|390|5.3|5.3|2|8
49.5|89.02|1168|390|5.3|5.3|2|8
49.6|88.88|1129|390|5.3|5.3|2|8
49.7|88.86|1178|390|5.3|5.3|2|8
49.8|88.74|1093|390|5.3|5.3|2|8
49.9|88.56|1198|390|5.3|5.3|2|8
50|88.48|1198|390|5.3|5.3|2|8
50.1|88.33|1299|390|5.3|5.3|2|8
50.2|88.23|1155|390|5.3|5.3|2|8
50.3|88.11|1155|389|5.3|5.3|2|8
50.4|88.03|1353|390|5.3|5.3|2|8
50.5|87.85|1312|390|5.3|5.3|2|8
50.6|87.69|1250|390|5.3|5.3|2|8
50.7|87.61|1250|390|5.3|5.3|2|8
50.8|87.45|1168|390|5.3|5.3|2|8
50.9|87.35|1183|390|5.3|5.3|2|8
51|87.15|1216|390|5.3|5.3|2|8
51.1|87.06|1332|390|5.3|5.3|2|8
51.2|86.97|1201|390|5.3|5.3|2|8
51.3|86.78|1198|390|5.3|5.3|2|8
51.4|86.66|1214|390|5.3|5.3|2|8
51.5|86.46|1263|390|5.3|5.3|2|8
51.6|86.32|1183|390|5.3|5.3|2|8
51.7|86.21|1183|390|5.3|5.3|2|8
51.8|86.07|1206|390|5.3|5.3|2|8
51.9|85.89|1312|390|5.3|5.3|2|8
52|85.76|1242|390|5.3|5.3|2|8
52.1|85.56|1271|390|5.3|5.3|2|8
52.2|85.44|1273|389|5.3|5.3|2|8
52.3|85.23|1180|390|5.3|5.3|2|8
52.4|85.07|1180|390|5.3|5.3|2|8
52.5|84.95|1278|389|5.3|5.3|2|8
52.6|84.78|1211|390|5.3|5.3|2|8
52.7|84.58|1222|390|5.3|5.3|2|8
52.8|84.39|1242|389|5.3|5.3|2|8
52.9|84.23|1180|389|5.3|5.3|2|8
53|84.09|1317|390|5.3|5.3|2|8
53.1|83.88|1397|390|5.3|5.3|2|8
53.2|83.64|1299|390|5.3|5.3|2|8
53.3|83.53|1379|390|5.3|5.3|2|8
53.4|83.3|1309|390|5.3|5.3|2|8
53.5|83.11|1309|390|5.3|5.3|2|8
53.6|82.89|1253|390|5.3|5.3|2|8
53.7|82.39|1729|389|5.3|5.3|6|8
53.8|80.09|1910|389|5.3|5.3|6|8
53.9|77.38|446|390|5.3|5.3|7|8
54|74.93|0|388|5.3|5.3|7|8
54.1|73.34|0|388|5.3|5.3|7|8
54.2|72.65|0|387|5.3|5.3|7|8
54.3|72.35|0|387|5.3|5.3|7|8
54.4|72.14|0|387|5.3|5.3|7|8
54.5|72.11|0|387|5.3|5.3|7|8
54.6|72.02|0|387|5.3|5.3|7|8
54.7|72|0|387|5.3|5.3|7|8
54.8|71.99|0|387|5.3|5.3|7|8
54.9|71.92|0|387|5.3|5.3|7|8
55|72|0|387|5.3|5.3|7|8
55.1|72.04|0|387|5.3|5.3|7|8
55.2|72.06|0|387|5.3|5.3|7|8
55.3|72.02|0|386|5.3|5.3|7|8
55.4|71.98|0|387|5.3|5.3|7|8
55.5|71.89|0|387|5.3|5.3|7|8
55.6|71.99|0|387|5.3|5.3|7|8
55.7|71.99|0|387|5.3|5.3|7|8
55.8|72.02|0|387|5.3|5.3|7|8
55.9|72.03|0|387|5.3|5.3|7|8
56|72.03|0|387|5.3|5.3|7|8
56.1|71.99|0|386|5.3|5.3|7|8
56.2|71.99|0|386|5.3|5.3|7|8
56.3|71.98|0|386|5.3|5.3|7|8
56.4|71.91|0|386|5.3|5.3|7|8
56.5|71.98|0|386|5.3|5.3|7|8
56.6|72|0|386|5.3|5.3|7|8
56.7|72.03|0|386|5.3|5.3|7|8
56.8|72.03|0|386|5.3|5.3|7|8
56.9|71.99|0|386|5.3|5.3|7|8
57|71.99|0|386|5.3|5.3|7|8
57.1|71.98|0|386|5.3|5.3|7|8
57.2|71.98|0|386|5.3|5.3|7|8
57.3|71.99|0|386|5.3|5.3|7|8
57.4|71.99|0|386|5.3|5.3|7|8
57.5|71.99|0|386|5.3|5.3|7|8
57.6|71.99|0|386|5.3|5.3|7|8
57.7|72|0|387|5.3|5.3|7|8
57.8|71.98|0|386|5.3|5.3|7|8
57.9|71.98|0|386|5.3|5.3|7|8
58|71.98|0|386|5.3|5.3|7|8
58.1|71.98|0|386|5.3|5.3|7|8
58.2|71.98|0|386|5.3|5.3|7|8
58.3|71.98|0|386|5.3|5.3|7|8
58.4|71.98|0|386|5.3|5.3|7|8
58.5|71.99|0|387|5.3|5.3|7|8
58.6|71.95|0|387|5.3|5.3|7|8
58.7|71.95|0|386|5.3|5.3|7|8
58.8|71.95|0|386|5.3|5.3|7|8
58.9|71.88|0|387|5.3|5.3|7|8
59|71.98|0|387|5.3|5.3|7|8
59.1|71.99|0|386|5.3|5.3|7|8
59.2|72|0|387|5.3|5.3|7|8
59.3|71.99|0|386|5.3|5.3|7|8
59.4|71.98|0|386|5.3|5.3|7|8
59.5|71.98|0|387|5.3|5.3|7|8
59.6|71.98|0|387|5.3|5.3|7|8
59.7|71.96|0|387|5.3|5.3|7|8
59.8|71.98|0|387|5.3|5.3|7|8
59.9|71.98|0|387|5.3|5.3|7|8
60|71.96|0|387|5.3|5.3|7|8
60.1|71.96|0|387|5.3|5.3|7|8
60.2|71.98|0|387|5.3|5.3|7|8
60.3|71.96|0|387|5.3|5.3|7|8
60.4|71.96|0|387|5.3|5.3|7|8
60.5|71.96|0|387|5.3|5.3|7|8
60.6|71.96|0|387|5.3|5.3|7|8
60.7|71.96|0|387|5.3|5.3|7|8
60.8|71.96|0|387|5.3|5.3|7|8
60.9|71.96|0|387|5.3|5.3|7|8
61|71.96|0|387|5.3|5.3|7|8
61.1|71.96|0|387|5.3|5.3|7|8
61.2|71.96|0|387|5.3|5.3|7|8
61.3|71.96|0|387|5.3|5.3|7|8
61.4|71.96|0|387|5.3|5.3|7|8
61.5|71.96|0|387|5.3|5.3|7|8
61.6|71.96|0|387|5.3|5.3|7|8
61.7|71.96|0|387|5.3|5.3|7|8
61.8|71.96|0|387|5.3|5.3|7|8
61.9|71.96|0|387|5.3|5.3|7|8
62|71.96|0|387|5.3|5.3|7|8
62.1|71.96|0|387|5.3|5.3|7|8
62.2|71.96|0|387|5.3|5.3|7|8
62.3|71.96|0|387|5.3|5.3|7|8
62.4|71.96|0|387|5.3|5.3|7|8
62.5|71.96|0|387|5.3|5.3|7|8
62.6|71.96|0|387|5.3|5.3|7|8
62.7|71.96|0|387|5.3|5.3|7|8
62.8|72|0|387|5.3|5.3|7|8
62.9|71.95|0|387|5.3|5.3|7|8
63|71.95|0|387|5.3|5.3|7|8
63.1|71.94|0|387|5.3|5.3|7|8
63.2|71.88|0|387|5.3|5.3|7|8
63.3|71.95|0|387|5.3|5.3|7|8
63.4|71.96|0|387|5.3|5.3|7|8
63.5|72.02|0|387|5.3|5.3|7|8
63.6|71.96|0|387|5.3|5.3|7|8
63.7|71.96|0|387|5.3|5.3|7|8
63.8|71.95|0|387|5.3|5.3|7|8
63.9|71.95|0|387|5.3|5.3|7|8
64|71.92|0|387|5.3|5.3|7|8
64.1|71.88|0|387|5.3|5.3|7|8
64.2|71.96|0|387|5.3|5.3|7|8
64.3|72.02|0|387|5.3|5.3|7|8
64.4|71.96|0|388|5.3|5.3|7|8
64.5|71.96|0|395|5.3|5.3|7|8
64.6|71.96|0|398|5.3|5.3|7|8
64.7|71.96|0|400|5.3|5.3|7|8
64.8|71.95|0|400|5.3|5.3|7|8
64.9|71.96|0|400|5.3|5.3|7|8
65|71.96|0|400|5.3|5.3|7|8
65.1|71.95|0|400|5.3|5.3|7|8
65.2|71.96|0|400|5.3|5.3|7|8
65.3|71.99|0|400|5.3|5.3|7|8
65.4|71.94|0|400|5.3|5.3|7|8
65.5|71.91|0|400|5.3|5.3|7|8
65.6|71.89|0|400|5.3|5.3|7|8
65.7|71.88|0|400|5.3|5.3|7|8
65.8|71.96|0|400|5.3|5.3|7|8
65.9|72|0|400|5.3|5.3|7|8
66|71.96|0|400|5.3|5.3|7|8
66.1|71.96|0|400|5.3|5.3|7|8
66.2|71.96|0|400|5.3|5.3|7|8
66.3|71.95|0|400|5.3|5.3|7|8
66.4|71.95|0|400|5.3|5.3|7|8
66.5|71.94|0|400|5.3|5.3|7|8
66.6|71.91|0|400|5.3|5.3|7|8
66.7|71.88|0|400|5.3|5.3|7|8
66.8|71.96|0|400|5.3|5.3|7|8
66.9|72|0|400|5.3|5.3|8|8
67|71.95|0|400|5.2|5.2|8|8
67.1|71.79|0|400|5.3|5.3|8|8
67.2|71.83|0|400|5.3|5.3|8|8
67.3|71.92|0|400|5.3|5.3|8|8
67.4|71.88|0|400|5.3|5.3|8|8
67.5|71.84|0|400|5.3|5.3|8|8
67.6|71.88|0|400|5.3|5.3|8|8
67.7|71.89|0|400|5.3|5.3|8|8
67.8|71.88|0|400|5.3|5.3|8|8
67.9|71.88|0|400|5.2|5.2|8|8
68|71.88|0|400|5.2|5.2|8|8
68.1|71.88|0|400|5.2|5.2|8|8
68.2|71.87|0|400|5.2|5.2|8|8
68.3|71.89|0|400|5.2|5.2|8|8
68.4|71.92|0|400|5.2|5.2|8|8
68.5|71.89|0|400|5.2|5.2|8|8
68.6|71.91|0|400|5.2|5.2|8|8
68.7|71.88|0|400|5.2|5.2|8|8
68.8|71.87|0|400|5.2|5.2|8|8
68.9|71.88|0|400|5.2|5.2|8|8
69|73.87|0|400|5.2|5.2|8|8
69.1|76.93|0|400|5.2|5.2|8|8
69.2|80.01|0|400|5.2|5.2|8|8
69.3|83.01|0|400|5.2|5.2|8|8
69.4|85.99|0|400|5.2|5.2|8|8
69.5|88.92|0|400|5.2|5.2|8|8
69.6|91.92|0|400|5.2|5.2|8|8
69.7|94.36|0|400|5.2|5.2|8|8
69.8|95.39|0|400|5.2|5.2|8|8
69.9|95.82|0|400|5.2|5.2|9|8
