0|96.04|843|395|5.2|5.2|1|8
0.1|96.04|992|398|5.2|5.2|1|8
0.2|95.98|997|399|5.2|5.2|1|8
0.3|96.05|1000|400|5.2|5.2|1|8
0.4|96.06|1000|400|5.2|5.2|1|8
0.5|96.06|1003|400|5.2|5.2|2|8
0.6|95.74|1031|400|5.2|5.2|2|8
0.7|95.31|1286|400|5.2|5.2|2|8
0.8|94.91|1603|401|5.2|5.2|3|8
0.9|94.64|1655|402|5.2|5.2|3|8
1|94.52|1673|402|5.2|5.2|3|8
1.1|94.48|1680|403|5.2|5.2|3|8
1.2|94.37|1686|403|5.2|5.2|3|8
1.3|94.39|1688|403|5.2|5.2|3|8
1.4|94.4|1691|403|5.2|5.2|3|8
1.5|94.39|1693|403|5.2|5.2|3|8
1.6|94.39|1698|403|5.2|5.2|3|8
1.7|94.37|1698|403|5.2|5.2|3|8
1.8|94.32|1698|403|5.2|5.2|3|8
1.9|94.35|1698|404|5.2|5.2|3|8
2|94.35|1698|403|5.2|5.2|3|8
2.1|94.4|1706|404|5.2|5.2|3|8
2.2|94.36|1706|404|5.2|5.2|3|8
2.3|94.39|1704|404|5.2|5.2|3|8
2.4|94.37|1706|404|5.2|5.2|3|8
2.5|94.36|1709|404|5.2|5.2|3|8
2.6|94.36|1709|404|5.2|5.2|3|8
2.7|94.32|1704|404|5.3|5.2|3|8
2.8|94.31|1698|404|5.3|5.3|4|8
2.9|94.52|1683|404|5.3|5.3|4|8
3|94.95|1655|404|5.3|5.3|4|8
3.1|95.39|1593|404|5.3|5.3|4|8
3.2|95.85|1077|403|5.3|5.3|5|8
3.3|96.1|1034|401|5.3|5.3|5|8
3.4|96.24|1031|401|5.3|5.3|5|8
3.5|96.28|1028|400|5.3|5.3|5|8
3.6|96.4|1028|400|5.3|5.3|5|8
3.7|96.27|1028|400|5.3|5.3|5|8
3.8|96.32|1028|400|5.3|5.3|5|8
3.9|96.32|1026|400|5.3|5.3|5|8
4|96.31|1028|400|5.3|5.3|5|8
4.1|96.24|1026|400|5.3|5.3|5|8
4.2|96.31|1026|400|5.3|5.3|5|8
4.3|96.37|1026|400|5.3|5.3|5|8
4.4|96.31|1028|400|5.3|5.3|5|8
4.5|96.29|1028|400|5.3|5.3|5|8
4.6|96.31|1028|400|5.3|5.3|5|8
4.7|96.31|1028|400|5.3|5.3|5|8
4.8|96.32|1028|400|5.3|5.3|5|8
4.9|96.43|1028|400|5.3|5.3|5|8
5|96.27|1028|400|5.3|5.3|5|8
5.1|96.29|1028|400|5.3|5.3|5|8
5.2|96.41|1031|400|5.3|5.3|2|8
5.3|96.16|1031|400|5.3|5.3|2|8
5.4|95.8|1031|400|5.3|5.3|2|8
5.5|95.37|1044|400|5.3|5.3|2|8
5.6|94.87|1085|400|5.3|5.3|2|8
5.7|94.44|1155|401|5.3|5.3|2|8
5.8|93.92|1232|402|5.3|5.3|2|8
5.9|93.43|1466|403|5.3|5.3|2|8
6|93.03|1727|404|5.3|5.3|3|8
6.1|92.82|1758|407|5.3|5.3|3|8
6.2|92.68|1765|408|5.3|5.3|3|8
6.3|92.63|1768|408|5.3|5.3|3|8
6.4|92.6|1771|408|5.3|5.3|3|8
6.5|92.64|1771|408|5.3|5.3|3|8
6.6|92.67|1773|408|5.3|5.3|3|8
6.7|92.64|1773|408|5.3|5.3|3|8
6.8|92.64|1776|408|5.3|5.3|3|8
6.9|92.64|1776|408|5.3|5.3|3|8
7|92.66|1776|408|5.3|5.3|3|8
7.1|92.66|1778|408|5.3|5.3|3|8
7.2|92.66|1778|408|5.3|5.3|3|8
7.3|92.64|1781|408|5.4|5.3|3|8
7.4|92.68|1781|408|5.4|5.3|3|8
7.5|92.67|1781|408|5.4|5.4|3|8
7.6|92.6|1784|408|5.4|5.4|3|8
7.7|92.6|1784|408|5.4|5.4|3|8
7.8|92.6|1784|408|5.4|5.4|3|8
7.9|92.63|1784|408|5.4|5.4|3|8
8|92.62|1784|408|5.4|5.4|4|8
8.1|92.91|1781|408|5.4|5.4|4|8
8.2|93.35|1755|408|5.4|5.4|4|8
8.3|93.84|1296|408|5.4|5.4|5|8
8.4|94.28|1054|405|5.4|5.4|5|8
8.5|94.36|1049|404|5.4|5.4|5|8
8.6|94.41|1046|404|5.4|5.4|5|8
8.7|94.45|1046|404|5.4|5.4|5|8
8.8|94.44|1046|404|5.4|5.4|5|8
8.9|94.47|1046|404|5.4|5.4|5|8
9|94.47|1046|404|5.4|5.4|5|8
9.1|94.48|1046|404|5.4|5.4|5|8
9.2|94.51|1046|404|5.4|5.4|5|8
9.3|94.51|1046|404|5.4|5.4|5|8
9.4|94.47|1046|404|5.4|5.4|5|8
9.5|94.44|1049|404|5.4|5.4|5|8
9.6|94.47|1049|404|5.4|5.4|5|8
9.7|94.44|1049|404|5.4|5.4|5|8
9.8|94.48|1049|404|5.4|5.4|5|8
9.9|94.47|1052|404|5.4|5.4|5|8
10|94.47|1052|404|5.4|5.4|5|8
10.1|94.47|1054|400|5.4|5.4|5|8
10.2|94.47|1054|397|5.4|5.4|5|8
10.3|94.47|1054|396|5.4|5.4|2|8
10.4|94.47|1054|396|5.4|5.4|2|8
10.5|94.12|1054|396|5.4|5.4|2|8
10.6|93.72|1057|396|5.4|5.4|2|8
10.7|93.26|1224|396|5.4|5.4|2|8
10.8|92.78|1755|397|5.4|5.4|3|8
10.9|92.62|1789|398|5.4|5.4|3|8
11|92.39|1796|398|5.4|5.4|3|8
11.1|92.36|1802|396|5.4|5.4|3|8
11.2|92.39|1804|395|5.4|5.4|3|8
11.3|92.31|1807|394|5.4|5.4|3|8
11.4|92.32|1807|394|5.4|5.4|3|8
11.5|92.35|1807|394|5.4|5.4|3|8
11.6|92.35|1809|394|5.4|5.4|3|8
11.7|92.35|1809|394|5.4|5.4|3|8
11.8|92.35|1812|394|5.4|5.4|3|8
11.9|92.31|1812|394|5.4|5.4|3|8
12|92.35|1814|394|5.4|5.4|3|8
12.1|92.33|1814|394|5.4|5.4|3|8
12.2|92.32|1814|394|5.4|5.4|3|8
12.3|92.35|1814|394|5.4|5.4|3|8
12.4|92.33|1817|394|5.4|5.4|3|8
12.5|92.32|1817|394|5.4|5.4|3|8
12.6|92.31|1817|394|5.4|5.4|3|8
12.7|92.33|1817|394|5.4|5.4|3|8
12.8|92.32|1817|394|5.4|5.4|4|8
12.9|92.53|1817|394|5.4|5.4|4|8
13|92.88|1799|394|5.4|5.4|4|8
13.1|93.45|1216|394|5.4|5.4|5|8
13.2|93.76|1072|393|5.4|5.4|5|8
13.3|93.84|1067|392|5.4|5.4|5|8
13.4|93.89|1067|392|5.4|5.4|5|8
13.5|93.97|1064|392|5.4|5.4|5|8
13.6|93.97|1064|392|5.4|5.4|5|8
13.7|93.98|1067|392|5.4|5.4|5|8
13.8|94.02|1067|392|5.4|5.4|5|8
13.9|94|1067|392|5.4|5.4|5|8
14|93.96|1064|392|5.4|5.4|5|8
14.1|93.92|1064|392|5.4|5.4|5|8
14.2|93.94|1064|392|5.4|5.4|5|8
14.3|93.97|1064|392|5.4|5.4|5|8
14.4|94|1064|392|5.4|5.4|5|8
14.5|93.97|1064|392|5.4|5.4|5|8
14.6|94|1064|392|5.4|5.4|5|8
14.7|93.98|1067|392|5.4|5.4|5|8
14.8|94|1067|392|5.4|5.4|5|8
14.9|93.97|1067|392|5.4|5.4|5|8
15|93.97|1067|392|5.4|5.4|5|8
15.1|93.93|1067|392|5.4|5.4|2|8
15.2|93.92|1067|392|5.4|5.4|2|8
15.3|93.6|1067|392|5.4|5.4|2|8
15.4|93.18|1090|392|5.4|5.4|2|8
15.5|92.7|1729|393|5.4|5.4|3|8
15.6|92.39|1796|394|5.4|5.4|3|8
15.7|92.35|1809|394|5.4|5.4|3|8
15.8|92.17|1814|394|5.4|5.4|3|8
15.9|92.16|1820|394|5.4|5.4|3|8
16|92.15|1820|394|5.4|5.4|3|8
16.1|92.16|1822|394|5.4|5.4|3|8
16.2|92.16|1822|394|5.4|5.4|3|8
16.3|92.17|1822|394|5.4|5.4|3|8
16.4|92.19|1825|394|5.4|5.4|3|8
16.5|92.17|1825|394|5.4|5.4|3|8
16.6|92.23|1825|394|5.4|5.4|3|8
16.7|92.2|1827|394|5.4|5.4|3|8
16.8|92.2|1830|394|5.4|5.4|3|8
16.9|92.15|1830|394|5.4|5.4|3|8
17|92.13|1830|394|5.4|5.4|3|8
17.1|92.15|1830|394|5.4|5.4|3|8
17.2|92.16|1832|394|5.4|5.4|3|8
17.3|92.15|1832|394|5.4|5.4|3|8
17.4|92.19|1832|394|5.4|5.4|3|8
17.5|92.17|1832|394|5.4|5.4|4|8
17.6|92.29|1832|394|5.4|5.4|4|8
17.7|92.63|1817|394|5.4|5.4|4|8
17.8|93.15|1265|394|5.4|5.4|5|8
17.9|93.49|1080|394|5.4|5.4|5|8
18|93.64|1075|393|5.4|5.4|5|8
18.1|93.77|1075|393|5.4|5.4|5|8
18.2|93.68|1072|392|5.4|5.4|5|8
18.3|93.77|1072|392|5.4|5.4|5|8
18.4|93.68|1072|392|5.4|5.4|5|8
18.5|93.76|1070|392|5.4|5.4|5|8
18.6|93.7|1070|392|5.4|5.4|5|8
18.7|93.74|1070|392|5.4|5.4|5|8
18.8|93.7|1070|392|5.4|5.4|5|8
18.9|93.74|1070|392|5.4|5.4|5|8
19|93.72|1070|392|5.4|5.4|5|8
19.1|93.72|1070|392|5.4|5.4|5|8
19.2|93.76|1070|392|5.4|5.4|5|8
19.3|93.68|1070|392|5.4|5.4|5|8
19.4|93.73|1070|392|5.4|5.4|5|8
19.5|93.76|1070|392|5.4|5.4|5|8
19.6|93.69|1070|392|5.4|5.4|5|8
19.7|93.76|1067|392|5.4|5.4|5|8
19.8|93.69|1067|392|5.4|5.4|2|8
19.9|93.62|1070|392|5.4|5.4|2|8
20|93.27|1070|392|5.4|5.4|2|8
20.1|92.88|1116|392|5.4|5.4|2|8
20.2|92.43|1668|394|5.4|5.4|3|8
20.3|92.07|1812|394|5.4|5.4|3|8
20.4|91.93|1827|394|5.4|5.4|3|8
20.5|91.89|1835|394|5.4|5.4|3|8
20.6|91.86|1838|394|5.4|5.4|3|8
20.7|91.85|1843|394|5.4|5.4|3|8
20.8|91.84|1843|394|5.4|5.4|3|8
20.9|91.84|1845|394|5.4|5.4|3|8
21|91.82|1845|394|5.4|5.4|3|8
21.1|91.84|1848|394|5.4|5.4|3|8
21.2|91.84|1851|394|5.4|5.4|3|8
21.3|91.82|1851|394|5.4|5.4|3|8
21.4|91.78|1853|394|5.4|5.4|3|8
21.5|91.8|1853|394|5.4|5.4|3|8
21.6|91.78|1853|394|5.4|5.4|3|8
21.7|91.81|1853|394|5.4|5.4|3|8
21.8|91.86|1853|394|5.4|5.4|3|8
21.9|91.85|1856|394|5.4|5.4|3|8
22|91.84|1856|394|5.4|5.4|3|8
22.1|91.84|1858|394|5.4|5.4|3|8
22.2|91.84|1858|394|5.4|5.4|4|8
22.3|91.82|1858|394|5.4|5.4|4|8
22.4|92.24|1838|394|5.4|5.4|4|8
22.5|92.74|1335|394|5.4|5.4|5|8
22.6|93.14|1088|394|5.4|5.4|5|8
22.7|93.18|1080|393|5.4|5.4|5|8
22.8|93.26|1077|393|5.4|5.4|5|8
22.9|93.29|1077|393|5.4|5.4|5|8
23|93.3|1077|393|5.4|5.4|5|8
23.1|93.33|1077|393|5.4|5.4|5|8
23.2|93.35|1077|393|5.4|5.4|5|8
23.3|93.33|1075|393|5.4|5.4|5|8
23.4|93.27|1075|392|5.4|5.4|5|8
23.5|93.29|1075|392|5.4|5.4|5|8
23.6|93.33|1075|392|5.4|5.4|5|8
23.7|93.38|1075|392|5.4|5.4|5|8
23.8|93.33|1075|392|5.4|5.4|5|8
23.9|93.29|1075|392|5.4|5.4|5|8
24|93.3|1075|392|5.4|5.4|5|8
24.1|93.33|1075|392|5.4|5.4|5|8
24.2|93.37|1075|392|5.4|5.4|5|8
24.3|93.31|1075|392|5.4|5.4|5|8
24.4|93.26|1075|392|5.4|5.4|5|8
24.5|93.31|1075|392|5.4|5.4|2|8
24.6|93.31|1075|392|5.4|5.4|2|8
24.7|92.98|1075|392|5.4|5.4|2|8
24.8|92.59|1119|392|5.4|5.4|2|8
24.9|92.07|1722|394|5.4|5.4|3|8
25|91.77|1827|394|5.4|5.4|3|8
25.1|91.62|1845|394|5.4|5.4|3|8
25.2|91.54|1851|394|5.4|5.4|3|8
25.3|91.56|1856|394|5.4|5.4|3|8
25.4|91.56|1858|394|5.4|5.4|3|8
25.5|91.47|1858|394|5.4|5.4|3|8
25.6|91.56|1861|394|5.4|5.4|3|8
25.7|91.51|1863|394|5.4|5.4|3|8
25.8|91.53|1863|394|5.4|5.4|3|8
25.9|91.53|1866|394|5.4|5.4|3|8
26|91.51|1866|394|5.4|5.4|3|8
26.1|91.51|1866|394|5.4|5.4|3|8
26.2|91.54|1866|394|5.4|5.4|3|8
26.3|91.51|1866|394|5.4|5.4|3|8
26.4|91.51|1869|394|5.4|5.4|3|8
26.5|91.54|1869|394|5.4|5.4|3|8
26.6|91.5|1866|394|5.4|5.4|3|8
26.7|91.51|1869|394|5.4|5.4|3|8
26.8|91.54|1869|394|5.4|5.4|3|8
26.9|91.53|1871|394|5.4|5.4|4|8
27|91.64|1869|394|5.4|5.4|4|8
27.1|91.94|1851|394|5.4|5.4|4|8
27.2|92.53|1211|394|5.4|5.4|5|8
27.3|92.76|1088|394|5.4|5.4|5|8
27.4|92.94|1082|394|5.4|5.4|5|8
27.5|92.94|1080|393|5.4|5.4|5|8
27.6|92.94|1080|393|5.4|5.4|5|8
27.7|92.98|1080|393|5.4|5.4|5|8
27.8|93.02|1080|393|5.4|5.4|5|8
27.9|92.98|1077|393|5.4|5.4|5|8
28|92.92|1077|393|5.4|5.4|5|8
28.1|92.95|1077|392|5.4|5.4|5|8
28.2|92.94|1077|392|5.4|5.4|5|8
28.3|92.91|1075|392|5.4|5.4|5|8
28.4|92.92|1075|392|5.4|5.4|5|8
28.5|92.98|1075|392|5.4|5.4|5|8
28.6|93.03|1077|392|5.4|5.4|5|8
28.7|92.98|1075|392|5.4|5.4|5|8
28.8|93.02|1077|392|5.4|5.4|5|8
28.9|93.06|1077|392|5.4|5.4|5|8
29|92.96|1077|392|5.4|5.4|5|8
29.1|92.91|1075|392|5.4|5.4|5|8
29.2|92.95|1075|392|5.4|5.4|2|8
29.3|92.87|1075|392|5.4|5.4|2|8
29.4|92.58|1075|392|5.4|5.4|2|8
29.5|92.07|1281|392|5.4|5.4|2|8
29.6|91.7|1804|392|5.4|5.4|3|8
29.7|91.54|1845|393|5.4|5.4|3|8
29.8|91.46|1856|393|5.4|5.4|3|8
29.9|91.34|1866|393|5.4|5.4|3|8
30|91.34|1869|393|5.4|5.4|3|8
30.1|91.41|1871|393|5.4|5.4|3|8
30.2|91.37|1874|393|5.4|5.4|3|8
30.3|91.33|1876|393|5.4|5.4|3|8
30.4|91.29|1876|393|5.4|5.4|3|8
30.5|91.33|1876|393|5.4|5.4|3|8
30.6|91.34|1879|393|5.4|5.4|3|8
30.7|91.33|1879|393|5.4|5.4|3|8
30.8|91.33|1879|393|5.4|5.4|3|8
30.9|91.33|1879|393|5.4|5.4|3|8
31|91.33|1879|393|5.4|5.4|3|8
31.1|91.33|1879|393|5.4|5.4|3|8
31.2|91.33|1881|393|5.4|5.4|3|8
31.3|91.33|1881|393|5.4|5.4|3|8
31.4|91.33|1881|393|5.4|5.4|3|8
31.5|91.33|1881|393|5.4|5.4|3|8
31.6|91.33|1884|393|5.4|5.4|4|8
31.7|91.49|1879|393|5.4|5.4|4|8
31.8|91.98|1740|394|5.4|5.4|4|8
31.9|92.55|1095|394|5.4|5.4|5|8
32|92.62|1085|393|5.4|5.4|5|8
32.1|92.71|1080|393|5.4|5.4|5|8
32.2|92.75|1077|392|5.4|5.4|5|8
32.3|92.74|1080|392|5.4|5.4|5|8
32.4|92.78|1080|392|5.4|5.4|5|8
32.5|92.79|1077|392|5.4|5.4|5|8
32.6|92.79|1077|392|5.4|5.4|5|8
32.7|92.76|1075|392|5.4|5.4|5|8
32.8|92.71|1077|392|5.4|5.4|5|8
32.9|92.74|1077|392|5.4|5.4|5|8
33|92.78|1077|392|5.4|5.4|5|8
33.1|92.82|1075|392|5.4|5.4|5|8
33.2|92.75|1075|392|5.4|5.4|5|8
33.3|92.74|1075|392|5.4|5.4|5|8
33.4|92.79|1075|392|5.4|5.4|5|8
33.5|92.78|1075|392|5.4|5.4|5|8
33.6|92.82|1075|392|5.4|5.4|5|8
33.7|92.78|1075|392|5.4|5.4|5|8
33.8|92.78|1075|392|5.4|5.4|5|8
33.9|92.74|1075|392|5.4|5.4|2|8
34|92.56|1075|392|5.4|5.4|2|8
34.1|92.09|1075|392|5.4|5.4|2|8
34.2|91.64|1696|392|5.4|5.4|3|8
34.3|91.41|1830|392|5.4|5.4|3|8
34.4|91.23|1858|392|5.4|5.4|3|8
34.5|91.19|1869|392|5.4|5.4|3|8
34.6|91.11|1876|393|5.4|5.4|3|8
34.7|91.03|1879|393|5.4|5.4|3|8
34.8|91.07|1884|393|5.4|5.4|3|8
34.9|91.09|1887|393|5.4|5.4|3|8
35|91.1|1889|393|5.4|5.4|3|8
35.1|91.13|1889|392|5.4|5.4|3|8
35.2|91.1|1892|393|5.4|5.4|3|8
35.3|91.07|1894|392|5.4|5.4|3|8
35.4|91.09|1892|393|5.4|5.4|3|8
35.5|91.09|1894|393|5.4|5.4|3|8
35.6|91.09|1894|392|5.4|5.4|3|8
35.7|91.09|1894|392|5.4|5.4|3|8
35.8|91.09|1894|392|5.4|5.4|3|8
35.9|91.07|1894|392|5.4|5.4|3|8
36|91.07|1894|392|5.4|5.4|3|8
36.1|91.09|1897|392|5.4|5.4|3|8
36.2|91.1|1897|392|5.4|5.4|4|8
36.3|91.17|1897|392|5.4|5.4|4|8
36.4|91.45|1884|392|5.4|5.4|4|8
36.5|91.94|1490|394|5.4|5.4|4|8
36.6|92.32|1093|393|5.4|5.4|2|8
36.7|92.32|1082|393|5.4|5.4|2|8
36.8|92.36|1080|392|5.4|5.4|2|8
36.9|92.21|1082|392|5.4|5.4|2|8
37|92.16|1082|392|5.4|5.4|2|8
37.1|92.09|1080|392|5.4|5.4|2|8
37.2|92.09|1080|392|5.4|5.4|2|8
37.3|92.05|1080|392|5.4|5.4|2|8
37.4|91.98|1077|392|5.4|5.4|2|8
37.5|91.92|1085|392|5.4|5.4|2|8
37.6|91.88|1170|392|5.4|5.4|2|8
37.7|91.78|1162|392|5.4|5.4|2|8
37.8|91.72|1175|392|5.4|5.4|2|8
37.9|91.68|1204|393|5.4|5.4|2|8
38|91.57|1149|392|5.4|5.4|2|8
38.1|91.53|1211|392|5.4|5.4|2|8
38.2|91.54|1356|392|5.4|5.4|2|8
38.3|91.45|1691|392|5.4|5.4|2|8
38.4|91.45|1727|392|5.4|5.4|2|8
38.5|91.64|1706|393|5.4|5.4|2|8
38.6|91.81|1405|393|5.4|5.4|2|8
38.7|92.01|1085|392|5.4|5.4|2|8
38.8|92.08|1080|392|5.4|5.4|2|8
38.9|91.97|1077|392|5.4|5.4|2|8
39|91.97|1077|392|5.4|5.4|2|8
39.1|91.92|1077|391|5.4|5.4|2|8
39.2|91.86|1075|392|5.4|5.4|2|8
39.3|91.8|1075|391|5.4|5.4|2|8
39.4|91.72|1085|391|5.4|5.4|2|8
39.5|91.7|1095|392|5.4|5.4|2|8
39.6|91.57|1101|392|5.4|5.4|2|8
39.7|91.54|1103|392|5.4|5.4|2|8
39.8|91.54|1173|392|5.4|5.4|2|8
39.9|91.46|1436|392|5.4|5.4|2|8
40|91.31|1678|392|5.4|5.4|2|8
40.1|91.45|1711|392|5.4|5.4|2|8
40.2|91.58|1686|392|5.4|5.4|2|8
40.3|91.76|1108|392|5.4|5.4|2|8
40.4|91.82|1077|392|5.4|5.4|2|8
40.5|91.89|1077|392|5.4|5.4|2|8
40.6|91.84|1075|391|5.4|5.4|2|8
40.7|91.72|1075|391|5.4|5.4|2|8
40.8|91.72|1075|391|5.4|5.4|2|8
40.9|91.58|1108|390|5.4|5.4|2|8
41|91.57|1075|391|5.4|5.4|2|8
41.1|91.51|1142|391|5.4|5.4|2|8
41.2|91.46|1155|390|5.4|5.4|2|8
41.3|91.34|1281|390|5.4|5.4|2|8
41.4|91.35|1363|391|5.4|5.4|2|8
41.5|91.27|1247|392|5.4|5.4|2|8
41.6|91.25|1260|392|5.4|5.4|2|8
41.7|91.1|1559|392|5.4|5.4|2|8
41.8|91.09|1686|392|5.4|5.4|2|8
41.9|91.18|1137|392|5.4|5.4|2|8
42|91.27|1080|392|5.4|5.4|2|8
42.1|91.34|1077|391|5.4|5.4|2|8
42.2|91.27|1075|391|5.4|5.4|2|8
42.3|91.21|1075|391|5.4|5.4|2|8
42.4|91.18|1075|391|5.4|5.4|2|8
42.5|91.05|1294|392|5.4|5.4|2|8
42.6|91.02|1178|392|5.4|5.4|2|8
42.7|91.02|1330|392|5.4|5.4|2|8
42.8|90.9|1603|392|5.4|5.4|2|8
42.9|90.9|1095|392|5.4|5.4|2|8
43|90.95|1075|392|5.4|5.4|2|8
43.1|90.88|1101|392|5.4|5.4|2|8
43.2|90.84|1446|392|5.4|5.4|2|8
43.3|90.8|1402|392|5.4|5.4|2|8
43.4|90.7|1420|392|5.4|5.4|2|8
43.5|90.62|1289|393|5.4|5.4|2|8
43.6|90.6|1186|392|5.4|5.4|2|8
43.7|90.54|1232|394|5.4|5.4|2|8
43.8|90.52|1209|392|5.4|5.4|2|8
43.9|90.43|1353|393|5.4|5.4|2|8
44|90.36|1175|392|5.4|5.4|2|8
44.1|90.32|1198|392|5.4|5.4|2|8
44.2|90.2|1196|392|5.4|5.4|2|8
44.3|90.13|1250|392|5.4|5.4|2|8
44.4|90.01|1201|392|5.4|5.4|2|8
44.5|89.99|1180|392|5.4|5.4|2|8
44.6|89.88|1186|392|5.4|5.4|2|8
44.7|89.85|1160|392|5.4|5.4|2|8
44.8|89.78|1175|392|5.4|5.4|2|8
44.9|89.72|1137|392|5.4|5.4|2|8
45|89.58|1209|392|5.4|5.4|2|8
45.1|89.56|1103|392|5.4|5.4|2|8
45.2|89.48|1173|392|5.4|5.4|2|8
45.3|89.39|1276|393|5.4|5.4|2|8
45.4|89.3|1170|392|5.4|5.4|2|8
45.5|89.15|1196|392|5.4|5.4|2|8
45.6|89.13|1139|392|5.4|5.4|2|8
45.7|89.09|1268|392|5.4|5.4|2|8
45.8|88.99|1245|392|5.4|5.4|2|8
45.9|88.86|1188|392|5.4|5.4|2|8
46|88.78|1116|392|5.4|5.4|2|8
46.1|88.75|1155|392|5.4|5.4|2|8
46.2|88.58|1260|392|5.4|5.4|2|8
46.3|88.54|1152|392|5.4|5.4|2|8
46.4|88.4|1224|392|5.4|5.4|2|8
46.5|88.31|1343|392|5.4|5.4|2|8
46.6|88.21|1175|392|5.4|5.4|2|8
46.7|88.11|1242|392|5.4|5.4|2|8
46.8|88.03|1113|392|5.4|5.4|2|8
46.9|87.9|1106|392|5.4|5.4|2|8
47|87.76|1351|392|5.4|5.4|2|8
47.1|87.64|1142|392|5.4|5.4|2|8
47.2|87.54|1147|392|5.4|5.4|2|8
47.3|87.44|1129|392|5.4|5.4|2|8
47.4|87.39|1247|392|5.4|5.4|2|8
47.5|87.18|1276|392|5.4|5.4|2|8
47.6|87.14|1214|392|5.4|5.4|2|8
47.7|87.01|1165|392|5.4|5.4|2|8
47.8|86.86|1356|392|5.4|5.4|2|8
47.9|86.74|1260|393|5.4|5.4|2|8
48|86.62|1224|393|5.4|5.4|2|8
48.1|86.56|1227|392|5.4|5.4|2|8
48.2|86.42|1289|392|5.4|5.4|2|8
48.3|86.23|1173|392|5.4|5.4|2|8
48.4|86.13|1191|392|5.4|5.4|2|8
48.5|86|1196|392|5.4|5.4|2|8
48.6|85.89|1219|392|5.4|5.4|2|8
48.7|85.72|1271|393|5.4|5.4|2|8
48.8|85.56|1193|393|5.4|5.4|2|8
48.9|85.45|1229|393|5.4|5.4|2|8
49|85.25|1214|393|5.4|5.4|2|8
49.1|85.14|1224|393|5.4|5.4|2|8
49.2|84.99|1216|393|5.4|5.4|2|8
49.3|84.85|1325|393|5.4|5.4|2|8
49.4|84.62|1271|394|5.4|5.4|2|8
49.5|84.46|1183|392|5.4|5.4|2|8
49.6|84.35|1152|392|5.4|5.4|2|8
49.7|84.17|1263|392|5.4|5.4|2|8
49.8|84.05|1299|392|5.4|5.4|2|8
49.9|83.88|1237|393|5.4|5.4|2|8
50|83.65|1433|392|5.4|5.4|2|8
50.1|83.54|1247|392|5.4|5.4|2|8
50.2|83.32|1276|393|5.4|5.4|2|8
50.3|83.18|1186|392|5.4|5.4|2|8
50.4|83.01|1353|393|5.4|5.4|2|8
50.5|82.78|1436|394|5.4|5.4|2|8
50.6|82.64|1255|394|5.4|5.4|2|8
50.7|82.4|1374|394|5.4|5.4|2|8
50.8|82.17|1485|394|5.4|5.4|2|8
50.9|81.66|1771|392|5.4|5.4|6|8
51|79.33|1925|392|5.4|5.4|6|8
51.1|76.73|222|392|5.4|5.4|7|8
51.2|74.23|0|389|5.4|5.4|7|8
51.3|72.62|0|388|5.4|5.4|7|8
51.4|71.88|0|388|5.4|5.4|7|8
51.5|71.52|0|388|5.4|5.4|7|8
51.6|71.36|0|388|5.4|5.4|7|8
51.7|71.29|0|388|5.4|5.4|7|8
51.8|71.3|0|388|5.4|5.4|7|8
51.9|71.29|0|388|5.4|5.4|7|8
52|71.21|0|388|5.4|5.4|7|8
52.1|71.18|0|388|5.4|5.4|7|8
52.2|71.2|0|388|5.4|5.4|7|8
52.3|71.21|0|388|5.4|5.4|7|8
52.4|71.2|0|388|5.4|5.4|7|8
52.5|71.22|0|388|5.4|5.4|7|8
52.6|71.28|0|388|5.4|5.4|7|8
52.7|71.24|0|388|5.4|5.4|7|8
52.8|71.16|0|388|5.4|5.4|7|8
52.9|71.21|0|388|5.4|5.4|7|8
53|71.2|0|388|5.4|5.4|7|8
53.1|71.21|0|388|5.4|5.4|7|8
53.2|71.21|0|388|5.4|5.4|7|8
53.3|71.2|0|388|5.4|5.4|7|8
53.4|71.21|0|388|5.4|5.4|7|8
53.5|71.22|0|388|5.4|5.4|7|8
53.6|71.3|0|388|5.4|5.4|7|8
53.7|71.22|0|388|5.4|5.4|7|8
53.8|71.2|0|388|5.4|5.4|7|8
53.9|71.18|0|388|5.4|5.4|7|8
54|71.17|0|388|5.4|5.4|7|8
54.1|71.2|0|388|5.4|5.4|7|8
54.2|71.2|0|388|5.4|5.4|7|8
54.3|71.2|0|388|5.4|5.4|7|8
54.4|71.2|0|388|5.4|5.4|7|8
54.5|71.18|0|388|5.4|5.4|7|8
54.6|71.2|0|388|5.4|5.4|7|8
54.7|71.2|0|388|5.4|5.4|7|8
54.8|71.2|0|387|5.4|5.4|7|8
54.9|71.24|0|388|5.4|5.4|7|8
55|71.22|0|387|5.4|5.4|7|8
55.1|71.21|0|387|5.4|5.4|7|8
55.2|71.22|0|387|5.4|5.4|7|8
55.3|71.21|0|387|5.4|5.4|7|8
55.4|71.17|0|387|5.4|5.4|7|8
55.5|71.17|0|387|5.4|5.4|7|8
55.6|71.14|0|387|5.4|5.4|7|8
55.7|71.18|0|387|5.4|5.4|7|8
55.8|71.21|0|387|5.4|5.4|7|8
55.9|71.21|0|387|5.4|5.4|7|8
56|71.2|0|387|5.4|5.4|7|8
56.1|71.2|0|387|5.4|5.4|7|8
56.2|71.2|0|387|5.4|5.4|7|8
56.3|71.22|0|387|5.4|5.4|7|8
56.4|71.2|0|387|5.4|5.4|7|8
56.5|71.17|0|387|5.4|5.4|7|8
56.6|71.14|0|388|5.4|5.4|7|8
56.7|71.17|0|388|5.4|5.4|7|8
56.8|71.17|0|387|5.4|5.4|7|8
56.9|71.22|0|388|5.4|5.4|7|8
57|71.2|0|387|5.4|5.4|7|8
57.1|71.18|0|387|5.4|5.4|7|8
57.2|71.18|0|388|5.4|5.4|7|8
57.3|71.2|0|388|5.4|5.4|7|8
57.4|71.2|0|388|5.4|5.4|7|8
57.5|71.2|0|388|5.4|5.4|7|8
57.6|71.18|0|388|5.4|5.4|7|8
57.7|71.18|0|388|5.4|5.4|7|8
57.8|71.18|0|388|5.4|5.4|7|8
57.9|71.18|0|388|5.4|5.4|7|8
58|71.17|0|388|5.4|5.4|7|8
58.1|71.17|0|388|5.4|5.4|7|8
58.2|71.22|0|388|5.4|5.4|7|8
58.3|71.21|0|388|5.4|5.4|7|8
58.4|71.25|0|388|5.4|5.4|7|8
58.5|71.2|0|388|5.4|5.4|7|8
58.6|71.2|0|388|5.4|5.4|7|8
58.7|71.2|0|388|5.4|5.4|7|8
58.8|71.2|0|388|5.4|5.4|7|8
58.9|71.18|0|388|5.4|5.4|7|8
59|71.18|0|388|5.4|5.4|7|8
59.1|71.14|0|388|5.4|5.4|7|8
59.2|71.17|0|388|5.4|5.4|7|8
59.3|71.2|0|388|5.4|5.4|7|8
59.4|71.24|0|388|5.4|5.4|7|8
59.5|71.16|0|388|5.4|5.4|7|8
59.6|71.16|0|388|5.4|5.4|7|8
59.7|71.17|0|388|5.4|5.4|7|8
59.8|71.2|0|388|5.4|5.4|7|8
59.9|71.24|0|388|5.4|5.4|7|8
60|71.16|0|388|5.4|5.4|7|8
60.1|71.16|0|388|5.4|5.4|7|8
60.2|71.17|0|388|5.4|5.4|7|8
60.3|71.18|0|388|5.4|5.4|7|8
60.4|71.2|0|388|5.4|5.4|7|8
60.5|71.16|0|388|5.4|5.4|7|8
60.6|71.16|0|388|5.4|5.4|7|8
60.7|71.17|0|388|5.4|5.4|7|8
60.8|71.17|0|388|5.4|5.4|7|8
60.9|71.18|0|388|5.4|5.4|7|8
61|71.18|0|388|5.4|5.4|7|8
61.1|71.2|0|388|5.4|5.4|7|8
61.2|71.14|0|388|5.4|5.4|7|8
61.3|71.17|0|388|5.4|5.4|7|8
61.4|71.18|0|388|5.4|5.4|7|8
61.5|71.18|0|388|5.4|5.4|7|8
61.6|71.21|0|388|5.4|5.4|7|8
61.7|71.14|0|388|5.4|5.4|7|8
61.8|71.16|0|388|5.4|5.4|7|8
61.9|71.18|0|388|5.4|5.4|7|8
62|71.18|0|388|5.4|5.4|7|8
62.1|71.2|0|388|5.4|5.4|7|8
62.2|71.17|0|388|5.4|5.4|7|8
62.3|71.16|0|388|5.4|5.4|7|8
62.4|71.17|0|388|5.4|5.4|7|8
62.5|71.17|0|388|5.4|5.4|7|8
62.6|71.17|0|388|5.4|5.4|7|8
62.7|71.17|0|388|5.4|5.4|7|8
62.8|71.18|0|388|5.4|5.4|7|8
62.9|71.2|0|388|5.4|5.4|7|8
63|71.16|0|388|5.4|5.4|7|8
63.1|71.16|0|388|5.4|5.4|7|8
63.2|71.17|0|388|5.4|5.4|7|8
63.3|71.17|0|388|5.4|5.4|7|8
63.4|71.17|0|388|5.4|5.4|7|8
63.5|71.17|0|388|5.4|5.4|7|8
63.6|71.17|0|388|5.4|5.4|7|8
63.7|71.17|0|388|5.4|5.4|7|8
63.8|71.17|0|388|5.4|5.4|7|8
63.9|71.17|0|388|5.4|5.4|7|8
64|71.16|0|388|5.4|5.4|7|8
64.1|71.16|0|388|5.4|5.4|8|8
64.2|71.17|0|388|5.4|5.4|8|8
64.3|71.04|0|388|5.4|5.4|8|8
64.4|71.02|0|388|5.4|5.4|8|8
64.5|71.04|0|388|5.4|5.4|8|8
64.6|71.09|0|388|5.4|5.4|8|8
64.7|71.13|0|388|5.4|5.4|8|8
64.8|71.2|0|388|5.4|5.4|8|8
64.9|71.08|0|388|5.4|5.4|8|8
65|71.1|0|388|5.4|5.4|8|8
65.1|71.1|0|389|5.4|5.4|8|8
65.2|71.14|0|390|5.3|5.3|8|8
65.3|71.2|0|390|5.3|5.3|8|8
65.4|71.08|0|390|5.3|5.3|8|8
65.5|71.09|0|390|5.3|5.3|8|8
65.6|71.13|0|390|5.3|5.3|8|8
65.7|71.2|0|390|5.3|5.3|8|8
65.8|71.14|0|390|5.3|5.3|8|8
65.9|71.08|0|390|5.3|5.3|8|8
66|71.12|0|390|5.3|5.3|8|8
66.1|71.1|0|390|5.3|5.3|8|8
66.2|73.09|0|390|5.3|5.3|8|8
66.3|76.18|0|390|5.2|5.3|8|8
66.4|79.14|0|390|5.2|5.2|8|8
66.5|82.15|0|390|5.2|5.2|8|8
66.6|85.13|0|390|5.2|5.2|8|8
66.7|88.05|0|390|5.2|5.2|8|8
66.8|91|0|390|5.2|5.2|8|8
66.9|93.77|0|390|5.2|5.2|8|8
67|95.14|0|390|5.2|5.2|8|8
67.1|95.69|0|390|5.2|5.2|8|8
