0|96.02|951|409|5|5|1|8
0.1|96.04|1090|412|5|5|1|8
0.2|96.05|1077|414|5|5|1|8
0.3|96.09|1070|415|5|5|1|8
0.4|96.06|1067|416|5|5|1|8
0.5|96.08|1064|416|5|5|2|8
0.6|95.76|1064|416|5|5|2|8
0.7|95.37|1067|416|5.1|5.1|2|8
0.8|94.92|1196|416|5.1|5.1|2|8
0.9|94.47|1601|417|5.1|5.1|3|8
1|94.21|1688|418|5.1|5.1|3|8
1.1|94.04|1716|420|5.1|5.1|3|8
1.2|93.92|1735|420|5.1|5.1|3|8
1.3|93.88|1742|420|5.1|5.1|3|8
1.4|93.86|1747|420|5.1|5.1|3|8
1.5|93.93|1753|420|5.1|5.1|3|8
1.6|93.84|1755|420|5.1|5.1|3|8
1.7|93.86|1760|420|5.1|5.1|3|8
1.8|93.85|1763|420|5.1|5.1|3|8
1.9|93.89|1765|420|5.1|5.1|3|8
2|93.92|1765|420|5.1|5.1|3|8
2.1|93.85|1771|420|5.1|5.1|3|8
2.2|93.84|1773|420|5.1|5.1|3|8
2.3|93.84|1776|420|5.1|5.1|3|8
2.4|93.9|1776|420|5.1|5.1|3|8
2.5|93.82|1778|420|5.1|5.1|3|8
2.6|93.86|1784|420|5.1|5.1|3|8
2.7|93.88|1784|420|5.1|5.1|3|8
2.8|93.84|1781|420|5.1|5.1|3|8
2.9|93.82|1781|420|5.1|5.1|4|8
3|93.96|1776|420|5.1|5.1|4|8
3.1|94.29|1711|420|5.1|5.1|4|8
3.2|94.8|1188|420|5.1|5.1|5|8
3.3|95.07|1080|418|5.1|5.1|5|8
3.4|95.26|1075|417|5.1|5.1|5|8
3.5|95.35|1072|416|5.1|5.1|5|8
3.6|95.35|1072|416|5.1|5.1|5|8
3.7|95.34|1070|416|5.1|5.1|5|8
3.8|95.33|1070|416|5.2|5.2|5|8
3.9|95.35|1070|416|5.2|5.2|5|8
4|95.34|1067|416|5.2|5.2|5|8
4.1|95.35|1067|416|5.2|5.2|5|8
4.2|95.35|1067|416|5.2|5.2|5|8
4.3|95.35|1070|416|5.2|5.2|5|8
4.4|95.38|1070|416|5.2|5.2|5|8
4.5|95.34|1067|416|5.2|5.2|5|8
4.6|95.34|1070|416|5.2|5.2|5|8
4.7|95.34|1070|416|5.2|5.2|5|8
4.8|95.34|1070|416|5.2|5.2|5|8
4.9|95.34|1070|416|5.2|5.2|5|8
5|95.34|1075|416|5.2|5.2|5|8
5.1|95.35|1072|416|5.2|5.2|5|8
5.2|95.35|1070|416|5.2|5.2|2|8
5.3|95.23|1070|416|5.2|5.2|2|8
5.4|94.94|1072|416|5.2|5.2|2|8
5.5|94.55|1090|416|5.2|5.2|2|8
5.6|94.06|1616|416|5.2|5.2|3|8
5.7|93.77|1727|418|5.2|5.2|3|8
5.8|93.58|1755|419|5.2|5.2|3|8
5.9|93.49|1768|420|5.2|5.2|3|8
6|93.46|1776|420|5.2|5.2|3|8
6.1|93.39|1784|420|5.2|5.2|3|8
6.2|93.43|1789|420|5.2|5.2|3|8
6.3|93.43|1794|420|5.2|5.2|3|8
6.4|93.43|1799|420|5.2|5.2|3|8
6.5|93.41|1802|420|5.2|5.2|3|8
6.6|93.42|1804|420|5.2|5.2|3|8
6.7|93.39|1807|420|5.2|5.2|3|8
6.8|93.38|1809|420|5.2|5.2|3|8
6.9|93.42|1812|420|5.2|5.2|3|8
7|93.42|1812|420|5.2|5.2|3|8
7.1|93.42|1814|420|5.2|5.2|3|8
7.2|93.41|1814|420|5.2|5.2|3|8
7.3|93.41|1817|420|5.2|5.2|3|8
7.4|93.42|1817|420|5.2|5.2|3|8
7.5|93.42|1820|420|5.2|5.2|3|8
7.6|93.41|1822|420|5.2|5.2|4|8
7.7|93.49|1822|420|5.2|5.2|4|8
7.8|93.78|1784|420|5.2|5.2|4|8
7.9|94.24|1415|420|5.2|5.2|4|8
8|94.66|1093|418|5.3|5.2|5|8
8.1|94.82|1085|417|5.3|5.3|5|8
8.2|94.94|1085|416|5.3|5.3|5|8
8.3|94.91|1080|416|5.3|5.3|5|8
8.4|94.95|1080|416|5.3|5.3|5|8
8.5|95|1077|416|5.3|5.3|5|8
8.6|94.94|1077|416|5.3|5.3|5|8
8.7|94.91|1077|416|5.3|5.3|5|8
8.8|94.94|1077|416|5.3|5.3|5|8
8.9|94.95|1077|416|5.3|5.3|5|8
9|94.99|1077|416|5.3|5.3|5|8
9.1|94.91|1075|416|5.3|5.3|5|8
9.2|94.94|1075|416|5.3|5.3|5|8
9.3|94.94|1075|416|5.3|5.3|5|8
9.4|94.9|1075|416|5.3|5.3|5|8
9.5|94.95|1075|416|5.3|5.3|5|8
9.6|94.94|1075|416|5.3|5.3|5|8
9.7|94.95|1075|416|5.3|5.3|5|8
9.8|94.96|1075|416|5.3|5.3|5|8
9.9|94.95|1075|416|5.3|5.3|5|8
10|94.96|1072|416|5.3|5.3|2|8
10.1|94.66|1075|416|5.3|5.3|2|8
10.2|94.25|1072|416|5.3|5.3|2|8
10.3|93.81|1526|416|5.3|5.3|2|8
10.4|93.41|1760|418|5.3|5.3|3|8
10.5|93.23|1794|418|5.3|5.3|3|8
10.6|93.23|1809|419|5.3|5.3|3|8
10.7|93.11|1817|420|5.3|5.3|3|8
10.8|93.13|1825|420|5.3|5.3|3|8
10.9|93.1|1830|420|5.3|5.3|3|8
11|93.04|1853|411|5.3|5.3|3|8
11.1|93.1|1856|398|5.3|5.3|3|8
11.2|93.11|1858|394|5.3|5.3|3|8
11.3|93.04|1861|393|5.3|5.3|3|8
11.4|93.1|1861|392|5.3|5.3|3|8
11.5|93.09|1863|392|5.3|5.3|3|8
11.6|93.07|1863|392|5.3|5.3|3|8
11.7|93.1|1863|392|5.3|5.3|3|8
11.8|93.07|1863|392|5.3|5.3|3|8
11.9|93.07|1866|392|5.3|5.3|3|8
12|93.09|1866|392|5.3|5.3|3|8
12.1|93.09|1866|392|5.3|5.3|3|8
12.2|93.06|1869|392|5.3|5.3|3|8
12.3|93.09|1869|392|5.3|5.3|3|8
12.4|93.06|1869|392|5.3|5.3|4|8
12.5|93.3|1861|392|5.3|5.3|4|8
12.6|93.8|1657|392|5.3|5.3|4|8
12.7|94.24|1111|392|5.3|5.3|5|8
12.8|94.47|1098|392|5.3|5.3|5|8
12.9|94.55|1095|391|5.3|5.3|5|8
13|94.6|1093|391|5.3|5.3|5|8
13.1|94.61|1093|391|5.3|5.3|5|8
13.2|94.61|1090|391|5.3|5.3|5|8
13.3|94.61|1088|390|5.3|5.3|5|8
13.4|94.64|1088|390|5.3|5.3|5|8
13.5|94.53|1088|390|5.3|5.3|5|8
13.6|94.55|1085|390|5.3|5.3|5|8
13.7|94.61|1085|390|5.3|5.3|5|8
13.8|94.57|1088|390|5.3|5.3|5|8
13.9|94.6|1085|390|5.3|5.3|5|8
14|94.6|1085|390|5.3|5.3|5|8
14.1|94.59|1085|390|5.3|5.3|5|8
14.2|94.57|1085|390|5.3|5.3|5|8
14.3|94.61|1085|390|5.3|5.3|5|8
14.4|94.59|1085|390|5.3|5.3|5|8
14.5|94.6|1082|390|5.3|5.3|5|8
14.6|94.6|1082|390|5.3|5.3|5|8
14.7|94.64|1082|390|5.3|5.3|2|8
14.8|94.33|1082|390|5.3|5.3|2|8
14.9|93.93|1085|390|5.3|5.3|2|8
15|93.49|1418|390|5.3|5.3|2|8
15.1|93.19|1796|391|5.3|5.3|3|8
15.2|93.03|1832|391|5.3|5.3|3|8
15.3|92.9|1851|391|5.3|5.3|3|8
15.4|92.87|1858|391|5.3|5.3|3|8
15.5|92.83|1863|391|5.3|5.3|3|8
15.6|92.76|1866|391|5.3|5.3|3|8
15.7|92.79|1869|391|5.3|5.3|3|8
15.8|92.8|1871|391|5.3|5.3|3|8
15.9|92.8|1876|391|5.3|5.3|3|8
16|92.78|1876|391|5.3|5.3|3|8
16.1|92.79|1879|391|5.3|5.3|3|8
16.2|92.78|1876|391|5.3|5.3|3|8
16.3|92.8|1879|391|5.3|5.3|3|8
16.4|92.79|1879|391|5.3|5.3|3|8
16.5|92.78|1881|391|5.3|5.3|3|8
16.6|92.79|1879|391|5.3|5.3|3|8
16.7|92.8|1881|391|5.3|5.3|3|8
16.8|92.76|1881|391|5.3|5.3|3|8
16.9|92.79|1884|391|5.3|5.3|3|8
17|92.78|1884|391|5.3|5.3|3|8
17.1|92.76|1884|391|5.3|5.3|4|8
17.2|93.02|1881|391|5.3|5.3|4|8
17.3|93.45|1675|392|5.4|5.3|4|8
17.4|93.9|1111|391|5.3|5.3|5|8
17.5|94.15|1101|390|5.3|5.3|5|8
17.6|94.21|1098|390|5.4|5.4|5|8
17.7|94.24|1093|390|5.3|5.4|5|8
17.8|94.25|1093|390|5.4|5.3|5|8
17.9|94.24|1090|390|5.4|5.4|5|8
18|94.23|1090|390|5.4|5.3|5|8
18.1|94.23|1088|390|5.3|5.4|5|8
18.2|94.23|1088|390|5.4|5.3|5|8
18.3|94.24|1088|390|5.3|5.4|5|8
18.4|94.25|1085|390|5.4|5.3|5|8
18.5|94.25|1085|390|5.4|5.4|5|8
18.6|94.25|1085|390|5.3|5.3|5|8
18.7|94.31|1085|390|5.4|5.4|5|8
18.8|94.29|1085|390|5.4|5.4|5|8
18.9|94.24|1085|390|5.3|5.4|5|8
19|94.21|1085|390|5.4|5.4|5|8
19.1|94.21|1085|390|5.4|5.4|5|8
19.2|94.23|1085|390|5.4|5.3|5|8
19.3|94.23|1085|390|5.4|5.4|5|8
19.4|94.29|1082|390|5.4|5.4|2|8
19.5|93.98|1085|390|5.4|5.4|2|8
19.6|93.61|1082|390|5.4|5.4|2|8
19.7|93.19|1639|390|5.4|5.4|3|8
19.8|92.84|1832|390|5.4|5.3|3|8
19.9|92.68|1863|390|5.4|5.4|3|8
20|92.62|1876|390|5.4|5.4|3|8
20.1|92.63|1881|390|5.4|5.4|3|8
20.2|92.58|1887|390|5.4|5.4|3|8
20.3|92.58|1892|390|5.4|5.4|3|8
20.4|92.56|1894|390|5.4|5.4|3|8
20.5|92.59|1894|390|5.4|5.4|3|8
20.6|92.53|1897|390|5.4|5.4|3|8
20.7|92.53|1899|390|5.4|5.4|3|8
20.8|92.52|1899|390|5.4|5.4|3|8
20.9|92.53|1899|390|5.4|5.4|3|8
21|92.56|1902|390|5.4|5.4|3|8
21.1|92.56|1902|390|5.4|5.4|3|8
21.2|92.56|1905|390|5.4|5.4|3|8
21.3|92.52|1905|390|5.4|5.4|3|8
21.4|92.55|1905|390|5.4|5.4|3|8
21.5|92.56|1907|390|5.4|5.4|3|8
21.6|92.52|1907|390|5.4|5.4|3|8
21.7|92.53|1907|390|5.4|5.4|4|8
21.8|92.52|1907|390|5.4|5.4|4|8
21.9|92.79|1897|390|5.4|5.4|4|8
22|93.27|1608|390|5.4|5.4|4|8
22.1|93.74|1111|390|5.4|5.4|5|8
22.2|93.93|1101|390|5.4|5.4|5|8
22.3|93.97|1098|390|5.4|5.4|5|8
22.4|94.06|1095|390|5.4|5.4|5|8
22.5|94.06|1095|390|5.4|5.4|5|8
22.6|94.08|1093|390|5.4|5.4|5|8
22.7|94.06|1090|390|5.4|5.4|5|8
22.8|94.05|1090|390|5.4|5.4|5|8
22.9|94.02|1088|390|5.4|5.4|5|8
23|93.98|1088|389|5.4|5.4|5|8
23.1|94.05|1088|389|5.4|5.4|5|8
23.2|94.08|1088|389|5.4|5.4|5|8
23.3|94.06|1085|389|5.4|5.4|5|8
23.4|94.05|1085|389|5.4|5.4|5|8
23.5|94.04|1085|389|5.4|5.4|5|8
23.6|94|1085|389|5.4|5.4|5|8
23.7|94.05|1085|389|5.4|5.4|5|8
23.8|94.06|1082|389|5.4|5.4|5|8
23.9|94.06|1082|389|5.4|5.4|5|8
24|94.06|1082|389|5.4|5.4|5|8
24.1|94.02|1082|389|5.4|5.4|2|8
24.2|93.76|1082|389|5.4|5.4|2|8
24.3|93.34|1085|389|5.4|5.4|2|8
24.4|92.91|1696|389|5.4|5.4|3|8
24.5|92.62|1840|390|5.4|5.4|3|8
24.6|92.56|1874|390|5.4|5.4|3|8
24.7|92.36|1889|390|5.4|5.4|3|8
24.8|92.39|1899|390|5.4|5.4|3|8
24.9|92.36|1899|390|5.4|5.4|3|8
25|92.37|1907|390|5.4|5.4|3|8
25.1|92.36|1910|390|5.4|5.4|3|8
25.2|92.31|1912|390|5.4|5.4|3|8
25.3|92.35|1912|390|5.4|5.4|3|8
25.4|92.39|1912|390|5.4|5.4|3|8
25.5|92.33|1915|390|5.4|5.4|3|8
25.6|92.31|1915|390|5.4|5.4|3|8
25.7|92.37|1915|390|5.4|5.4|3|8
25.8|92.35|1915|390|5.4|5.4|3|8
25.9|92.32|1918|390|5.4|5.4|3|8
26|92.35|1918|390|5.4|5.4|3|8
26.1|92.37|1918|389|5.4|5.4|3|8
26.2|92.32|1920|390|5.4|5.4|3|8
26.3|92.32|1920|389|5.4|5.4|3|8
26.4|92.36|1920|389|5.4|5.4|4|8
26.5|92.4|1920|389|5.4|5.4|4|8
26.6|92.6|1912|390|5.4|5.4|4|8
26.7|93.14|1562|390|5.4|5.4|4|8
26.8|93.57|1108|390|5.4|5.4|5|8
26.9|93.76|1098|389|5.4|5.4|5|8
27|93.84|1098|389|5.4|5.4|5|8
27.1|93.85|1093|389|5.4|5.4|5|8
27.2|93.88|1093|388|5.4|5.4|5|8
27.3|93.88|1093|389|5.4|5.4|5|8
27.4|93.89|1090|388|5.4|5.4|5|8
27.5|93.9|1088|388|5.4|5.4|5|8
27.6|93.93|1088|388|5.4|5.4|5|8
27.7|93.89|1088|388|5.4|5.4|5|8
27.8|93.89|1088|388|5.4|5.4|5|8
27.9|93.9|1088|388|5.4|5.4|5|8
28|93.92|1085|388|5.4|5.4|5|8
28.1|93.86|1085|388|5.4|5.4|5|8
28.2|93.84|1085|388|5.4|5.4|5|8
28.3|93.86|1085|388|5.4|5.4|5|8
28.4|93.88|1085|388|5.4|5.4|5|8
28.5|93.92|1085|388|5.4|5.4|5|8
28.6|93.93|1085|388|5.4|5.4|5|8
28.7|93.92|1085|388|5.4|5.4|5|8
28.8|93.89|1082|388|5.4|5.4|2|8
28.9|93.6|1082|388|5.4|5.4|2|8
29|93.22|1082|388|5.4|5.4|2|8
29.1|92.74|1706|389|5.4|5.4|3|8
29.2|92.55|1848|389|5.4|5.4|3|8
29.3|92.39|1879|389|5.4|5.4|3|8
29.4|92.36|1894|390|5.4|5.4|3|8
29.5|92.29|1902|390|5.4|5.4|3|8
29.6|92.2|1910|389|5.4|5.4|3|8
29.7|92.24|1912|390|5.4|5.4|3|8
29.8|92.24|1915|390|5.4|5.4|3|8
29.9|92.24|1918|390|5.4|5.4|3|8
30|92.23|1920|390|5.4|5.4|3|8
30.1|92.25|1920|390|5.4|5.4|3|8
30.2|92.27|1923|389|5.4|5.4|3|8
30.3|92.25|1923|390|5.4|5.4|3|8
30.4|92.23|1923|390|5.4|5.4|3|8
30.5|92.23|1923|390|5.4|5.4|3|8
30.6|92.27|1925|390|5.4|5.4|3|8
30.7|92.23|1925|390|5.4|5.4|3|8
30.8|92.21|1925|390|5.4|5.4|3|8
30.9|92.25|1925|390|5.4|5.4|3|8
31|92.24|1925|390|5.4|5.4|3|8
31.1|92.23|1925|390|5.4|5.4|4|8
31.2|92.31|1925|390|5.4|5.4|4|8
31.3|92.55|1912|390|5.4|5.4|4|8
31.4|93.13|1330|390|5.4|5.4|5|8
31.5|93.49|1103|390|5.4|5.4|5|8
31.6|93.65|1095|389|5.4|5.4|5|8
31.7|93.76|1093|389|5.4|5.4|5|8
31.8|93.76|1093|389|5.4|5.4|5|8
31.9|93.74|1090|389|5.4|5.4|5|8
32|93.74|1088|389|5.4|5.4|5|8
32.1|93.72|1088|389|5.4|5.4|5|8
32.2|93.76|1088|389|5.4|5.4|5|8
32.3|93.8|1085|389|5.4|5.4|5|8
32.4|93.72|1085|389|5.4|5.4|5|8
32.5|93.73|1085|388|5.4|5.4|5|8
32.6|93.73|1085|389|5.4|5.4|5|8
32.7|93.74|1085|389|5.4|5.4|5|8
32.8|93.76|1085|389|5.4|5.4|5|8
32.9|93.8|1082|389|5.4|5.4|5|8
33|93.68|1082|388|5.4|5.4|5|8
33.1|93.73|1082|389|5.4|5.4|5|8
33.2|93.74|1082|389|5.4|5.4|5|8
33.3|93.76|1082|388|5.4|5.4|5|8
33.4|93.78|1082|389|5.4|5.4|2|8
33.5|93.65|1082|389|5.4|5.4|2|8
33.6|93.37|1080|389|5.4|5.4|2|8
33.7|92.94|1106|389|5.4|5.4|2|8
33.8|92.6|1786|390|5.4|5.4|3|8
33.9|92.36|1858|390|5.4|5.4|3|8
34|92.23|1884|390|5.4|5.4|3|8
34.1|92.15|1897|390|5.4|5.4|3|8
34.2|92.13|1905|390|5.4|5.4|3|8
34.3|92.11|1910|390|5.4|5.4|3|8
34.4|92.09|1915|390|5.4|5.4|3|8
34.5|92.09|1920|390|5.4|5.4|3|8
34.6|92.09|1920|390|5.4|5.4|3|8
34.7|92.07|1923|390|5.4|5.4|3|8
34.8|92.05|1923|390|5.4|5.4|3|8
34.9|92.09|1923|390|5.4|5.4|3|8
35|92.08|1925|390|5.4|5.4|3|8
35.1|92.11|1925|390|5.4|5.4|3|8
35.2|92.11|1925|390|5.4|5.4|3|8
35.3|92.09|1928|390|5.4|5.4|3|8
35.4|92.08|1928|390|5.4|5.4|3|8
35.5|92.07|1928|390|5.4|5.4|3|8
35.6|92.07|1930|390|5.4|5.4|3|8
35.7|92.08|1928|390|5.4|5.4|3|8
35.8|92.08|1930|390|5.4|5.4|4|8
35.9|92.24|1930|390|5.4|5.4|4|8
36|92.52|1907|390|5.4|5.4|4|8
36.1|93.07|1201|390|5.4|5.4|2|8
36.2|93.22|1101|390|5.4|5.4|2|8
36.3|93.27|1095|390|5.4|5.4|2|8
36.4|93.25|1093|390|5.4|5.4|2|8
36.5|93.27|1090|389|5.4|5.4|2|8
36.6|93.14|1090|389|5.4|5.4|2|8
36.7|93.04|1088|389|5.4|5.4|2|8
36.8|93|1085|389|5.4|5.4|2|8
36.9|92.98|1085|389|5.4|5.4|2|8
37|92.91|1085|389|5.4|5.4|2|8
37.1|92.82|1085|389|5.4|5.4|2|8
37.2|92.78|1137|389|5.4|5.4|2|8
37.3|92.7|1093|389|5.4|5.4|2|8
37.4|92.64|1191|389|5.4|5.4|2|8
37.5|92.62|1325|389|5.4|5.4|2|8
37.6|92.56|1727|390|5.4|5.4|2|8
37.7|92.56|1773|390|5.4|5.4|2|8
37.8|92.75|1706|390|5.4|5.4|2|8
37.9|92.94|1139|390|5.4|5.4|2|8
38|93.07|1090|389|5.4|5.4|2|8
38.1|93.07|1088|389|5.4|5.4|2|8
38.2|93.02|1085|389|5.4|5.4|2|8
38.3|92.98|1085|389|5.4|5.4|2|8
38.4|92.92|1082|389|5.4|5.4|2|8
38.5|92.79|1082|389|5.4|5.4|2|8
38.6|92.83|1080|389|5.4|5.4|2|8
38.7|92.68|1327|390|5.4|5.4|2|8
38.8|92.66|1345|390|5.4|5.4|2|8
38.9|92.59|1531|390|5.4|5.4|2|8
39|92.56|1722|390|5.4|5.4|2|8
39.1|92.68|1740|390|5.4|5.4|2|8
39.2|92.9|1745|390|5.4|5.4|2|8
39.3|93.09|1353|390|5.4|5.4|2|8
39.4|93.18|1090|390|5.4|5.4|2|8
39.5|93.18|1085|389|5.4|5.4|2|8
39.6|93.19|1082|389|5.4|5.4|2|8
39.7|93.27|1082|389|5.4|5.4|2|8
39.8|93.15|1082|389|5.4|5.4|2|8
39.9|93.03|1080|389|5.4|5.4|2|8
40|93.03|1080|389|5.4|5.4|2|8
40.1|92.91|1175|389|5.4|5.4|2|8
40.2|92.79|1168|390|5.4|5.4|2|8
40.3|92.84|1214|390|5.4|5.4|2|8
40.4|92.7|1157|390|5.4|5.4|2|8
40.5|92.67|1101|390|5.4|5.4|2|8
40.6|92.62|1392|390|5.4|5.4|2|8
40.7|92.64|1649|390|5.4|5.4|2|8
40.8|92.56|1701|390|5.4|5.4|2|8
40.9|92.82|1693|390|5.4|5.4|2|8
41|92.96|1706|390|5.4|5.4|2|8
41.1|93.17|1737|390|5.4|5.4|2|8
41.2|93.35|1716|390|5.4|5.4|2|8
41.3|93.54|1198|390|5.4|5.4|2|8
41.4|93.74|1090|390|5.4|5.4|2|8
41.5|93.73|1085|389|5.4|5.4|2|8
41.6|93.66|1082|389|5.4|5.4|2|8
41.7|93.61|1080|389|5.4|5.4|2|8
41.8|93.54|1080|389|5.4|5.4|2|8
41.9|93.51|1077|389|5.4|5.4|2|8
42|93.41|1082|389|5.4|5.4|2|8
42.1|93.41|1113|389|5.4|5.4|2|8
42.2|93.34|1131|389|5.4|5.4|2|8
42.3|93.25|1273|389|5.4|5.4|2|8
42.4|93.14|1093|390|5.4|5.4|2|8
42.5|93.26|1075|390|5.4|5.4|2|8
42.6|93.17|1206|389|5.4|5.4|2|8
42.7|93.03|1082|389|5.4|5.4|2|8
42.8|92.99|1265|389|5.4|5.4|2|8
42.9|92.91|1201|390|5.4|5.4|2|8
43|92.82|1116|389|5.4|5.4|2|8
43.1|92.75|1173|389|5.4|5.4|2|8
43.2|92.68|1111|390|5.4|5.4|2|8
43.3|92.6|1206|390|5.4|5.4|2|8
43.4|92.63|1245|390|5.4|5.4|2|8
43.5|92.51|1271|389|5.4|5.4|2|8
43.6|92.35|1263|390|5.4|5.4|2|8
43.7|92.36|1309|389|5.4|5.4|2|8
43.8|92.36|1294|390|5.4|5.4|2|8
43.9|92.16|1420|390|5.4|5.4|2|8
44|92.13|1245|390|5.4|5.4|2|8
44.1|92.08|1345|390|5.4|5.4|2|8
44.2|91.93|1255|389|5.4|5.4|2|8
44.3|91.89|1304|390|5.4|5.4|2|8
44.4|91.84|1320|390|5.4|5.4|2|8
44.5|91.77|1392|390|5.4|5.4|2|8
44.6|91.64|1423|390|5.4|5.4|2|8
44.7|91.58|1196|391|5.4|5.4|2|8
44.8|91.53|1348|390|5.4|5.4|2|8
44.9|91.43|1399|390|5.4|5.4|2|8
45|91.35|1278|390|5.4|5.4|2|8
45.1|91.23|1250|391|5.4|5.4|2|8
45.2|91.23|1286|392|5.4|5.4|2|8
45.3|91.02|1219|392|5.4|5.4|2|8
45.4|91|1144|392|5.4|5.4|2|8
45.5|90.91|1253|391|5.4|5.4|2|8
45.6|90.82|1147|390|5.4|5.4|2|8
45.7|90.7|1160|390|5.4|5.4|2|8
45.8|90.63|1224|390|5.4|5.4|2|8
45.9|90.52|1196|390|5.4|5.4|2|8
46|90.43|1276|390|5.4|5.4|2|8
46.1|90.36|1253|390|5.4|5.4|2|8
46.2|90.31|1268|390|5.4|5.4|2|8
46.3|90.15|1204|390|5.4|5.4|2|8
46.4|90.05|1255|390|5.4|5.4|2|8
46.5|89.93|1273|390|5.4|5.4|2|8
46.6|89.85|1103|390|5.4|5.4|2|8
46.7|89.74|1157|389|5.4|5.4|2|8
46.8|89.72|1237|389|5.4|5.4|2|8
46.9|89.53|1219|389|5.4|5.4|2|8
47|89.49|1271|390|5.4|5.4|2|8
47.1|89.3|1278|390|5.4|5.4|2|8
47.2|89.21|1253|390|5.4|5.4|2|8
47.3|89.1|1188|390|5.4|5.4|2|8
47.4|89.05|1191|390|5.4|5.4|2|8
47.5|88.88|1193|390|5.4|5.4|2|8
47.6|88.84|1281|390|5.4|5.4|2|8
47.7|88.67|1258|391|5.4|5.4|2|8
47.8|88.59|1224|390|5.4|5.4|2|8
47.9|88.41|1198|390|5.4|5.4|2|8
48|88.31|1157|389|5.4|5.4|2|8
48.1|88.21|1291|390|5.4|5.4|2|8
48.2|88.07|1198|390|5.4|5.4|2|8
48.3|87.97|1260|390|5.4|5.4|2|8
48.4|87.82|1222|390|5.4|5.4|2|8
48.5|87.65|1227|389|5.4|5.4|2|8
48.6|87.54|1227|389|5.4|5.4|2|8
48.7|87.41|1302|390|5.4|5.4|2|8
48.8|87.3|1271|390|5.4|5.4|2|8
48.9|87.15|1235|390|5.4|5.4|2|8
49|87.05|1286|389|5.4|5.4|2|8
49.1|86.91|1211|390|5.4|5.4|2|8
49.2|86.78|1276|390|5.4|5.4|2|8
49.3|86.63|1309|390|5.4|5.4|2|8
49.4|86.54|1281|390|5.4|5.4|2|8
49.5|86.4|1286|390|5.4|5.4|2|8
49.6|86.24|1273|390|5.4|5.4|2|8
49.7|86.07|1222|390|5.4|5.4|2|8
49.8|85.93|1366|390|5.4|5.4|2|8
49.9|85.76|1201|390|5.4|5.4|2|8
50|85.65|1201|390|5.4|5.4|2|8
50.1|85.44|1245|390|5.4|5.4|2|8
50.2|85.29|1250|390|5.4|5.4|2|8
50.3|85.18|1237|390|5.4|5.4|2|8
50.4|84.99|1253|390|5.4|5.4|2|8
50.5|84.86|1265|390|5.4|5.4|2|8
50.6|84.71|1245|390|5.4|5.4|2|8
50.7|84.47|1247|390|5.4|5.4|2|8
50.8|84.34|1250|390|5.4|5.4|2|8
50.9|84.2|1214|391|5.4|5.4|2|8
51|84.07|1394|391|5.4|5.4|2|8
51.1|83.88|1250|392|5.4|5.4|2|8
51.2|83.68|1291|392|5.4|5.4|2|8
51.3|83.5|1219|391|5.4|5.4|2|8
51.4|83.36|1193|390|5.4|5.4|2|8
51.5|83.17|1322|390|5.4|5.4|2|8
51.6|82.97|1314|390|5.4|5.4|2|8
51.7|82.75|1312|390|5.4|5.4|2|8
51.8|82.63|1317|392|5.4|5.4|2|8
51.9|82.43|1304|392|5.4|5.4|2|8
52|82.2|1389|390|5.4|5.4|2|8
52.1|82.03|1363|390|5.4|5.4|2|8
52.2|81.84|1430|390|5.4|5.4|2|8
52.3|81.7|1335|391|5.4|5.4|2|8
52.4|81.07|1719|391|5.4|5.4|6|8
52.5|78.79|1938|390|5.4|5.4|6|8
52.6|75.95|320|391|5.4|5.4|7|8
52.7|73.41|0|390|5.4|5.4|7|8
52.8|71.92|0|388|5.4|5.4|7|8
52.9|71.33|0|388|5.4|5.4|7|8
53|71|0|387|5.4|5.4|7|8
53.1|70.83|0|387|5.4|5.4|7|8
53.2|70.81|0|386|5.4|5.4|7|8
53.3|70.74|0|386|5.4|5.4|7|8
53.4|70.74|0|386|5.4|5.4|7|8
53.5|70.74|0|386|5.4|5.4|7|8
53.6|70.75|0|386|5.4|5.4|7|8
53.7|70.75|0|386|5.4|5.4|7|8
53.8|70.75|0|386|5.4|5.4|7|8
53.9|70.75|0|386|5.4|5.4|7|8
54|70.77|0|386|5.4|5.4|7|8
54.1|70.79|0|386|5.4|5.4|7|8
54.2|70.79|0|386|5.4|5.4|7|8
54.3|70.74|0|386|5.4|5.4|7|8
54.4|70.73|0|386|5.4|5.4|7|8
54.5|70.74|0|386|5.4|5.4|7|8
54.6|70.74|0|386|5.4|5.4|7|8
54.7|70.78|0|386|5.4|5.4|7|8
54.8|70.77|0|386|5.4|5.4|7|8
54.9|70.74|0|386|5.4|5.4|7|8
55|70.75|0|386|5.4|5.4|7|8
55.1|70.74|0|386|5.4|5.4|7|8
55.2|70.73|0|386|5.4|5.4|7|8
55.3|70.74|0|386|5.4|5.4|7|8
55.4|70.74|0|386|5.4|5.4|7|8
55.5|70.75|0|386|5.4|5.4|7|8
55.6|70.74|0|386|5.4|5.4|7|8
55.7|70.74|0|386|5.4|5.4|7|8
55.8|70.73|0|386|5.4|5.4|7|8
55.9|70.71|0|386|5.4|5.4|7|8
56|70.71|0|386|5.4|5.4|7|8
56.1|70.73|0|386|5.4|5.4|7|8
56.2|70.78|0|386|5.4|5.4|7|8
56.3|70.75|0|386|5.4|5.4|7|8
56.4|70.74|0|386|5.4|5.4|7|8
56.5|70.74|0|386|5.4|5.4|7|8
56.6|70.74|0|386|5.4|5.4|7|8
56.7|70.74|0|386|5.4|5.4|7|8
56.8|70.74|0|386|5.4|5.4|7|8
56.9|70.74|0|386|5.4|5.4|7|8
57|70.73|0|386|5.4|5.4|7|8
57.1|70.7|0|386|5.4|5.4|7|8
57.2|70.71|0|386|5.4|5.4|7|8
57.3|70.74|0|386|5.4|5.4|7|8
57.4|70.75|0|386|5.4|5.4|7|8
57.5|70.73|0|386|5.4|5.4|7|8
57.6|70.73|0|386|5.4|5.4|7|8
57.7|70.73|0|386|5.4|5.4|7|8
57.8|70.71|0|386|5.4|5.4|7|8
57.9|70.71|0|386|5.4|5.4|7|8
58|70.73|0|386|5.4|5.4|7|8
58.1|70.74|0|386|5.4|5.4|7|8
58.2|70.75|0|386|5.4|5.4|7|8
58.3|70.75|0|386|5.4|5.4|7|8
58.4|70.71|0|386|5.4|5.4|7|8
58.5|70.73|0|386|5.4|5.4|7|8
58.6|70.73|0|386|5.4|5.4|7|8
58.7|70.74|0|386|5.4|5.4|7|8
58.8|70.7|0|386|5.4|5.4|7|8
58.9|70.7|0|386|5.4|5.4|7|8
59|70.73|0|386|5.4|5.4|7|8
59.1|70.71|0|386|5.4|5.4|7|8
59.2|70.74|0|386|5.4|5.4|7|8
59.3|70.74|0|386|5.4|5.4|7|8
59.4|70.73|0|386|5.4|5.4|7|8
59.5|70.73|0|386|5.4|5.4|7|8
59.6|70.73|0|386|5.4|5.4|7|8
59.7|70.73|0|386|5.4|5.4|7|8
59.8|70.73|0|386|5.4|5.4|7|8
59.9|70.73|0|386|5.4|5.4|7|8
60|70.71|0|386|5.4|5.4|7|8
60.1|70.73|0|386|5.4|5.4|7|8
60.2|70.73|0|386|5.4|5.4|7|8
60.3|70.73|0|386|5.4|5.4|7|8
60.4|70.73|0|386|5.4|5.4|7|8
60.5|70.71|0|386|5.4|5.4|7|8
60.6|70.71|0|386|5.4|5.4|7|8
60.7|70.71|0|386|5.4|5.4|7|8
60.8|70.71|0|386|5.4|5.4|7|8
60.9|70.73|0|386|5.4|5.4|7|8
61|70.71|0|386|5.4|5.4|7|8
61.1|70.7|0|386|5.4|5.4|7|8
61.2|70.73|0|386|5.4|5.4|7|8
61.3|70.73|0|386|5.4|5.4|7|8
61.4|70.71|0|386|5.4|5.4|7|8
61.5|70.7|0|386|5.4|5.4|7|8
61.6|70.73|0|386|5.4|5.4|7|8
61.7|70.73|0|386|5.4|5.4|7|8
61.8|70.71|0|386|5.4|5.4|7|8
61.9|70.73|0|386|5.4|5.4|7|8
62|70.71|0|386|5.4|5.4|7|8
62.1|70.71|0|386|5.4|5.4|7|8
62.2|70.71|0|386|5.4|5.4|7|8
62.3|70.71|0|386|5.4|5.4|7|8
62.4|70.71|0|386|5.4|5.4|7|8
62.5|70.71|0|386|5.4|5.4|7|8
62.6|70.71|0|386|5.4|5.4|7|8
62.7|70.71|0|386|5.4|5.4|7|8
62.8|70.71|0|386|5.4|5.4|7|8
62.9|70.71|0|386|5.4|5.4|7|8
63|70.71|0|392|5.4|5.4|7|8
63.1|70.71|0|398|5.4|5.4|7|8
63.2|70.7|0|401|5.4|5.4|7|8
63.3|70.71|0|402|5.4|5.4|7|8
63.4|70.71|0|402|5.4|5.4|7|8
63.5|70.71|0|402|5.4|5.4|7|8
63.6|70.71|0|402|5.4|5.4|7|8
63.7|70.71|0|402|5.4|5.4|7|8
63.8|70.71|0|402|5.4|5.4|7|8
63.9|70.7|0|402|5.4|5.4|7|8
64|70.71|0|402|5.4|5.4|7|8
64.1|70.71|0|402|5.4|5.4|7|8
64.2|70.7|0|402|5.4|5.4|7|8
64.3|70.69|0|402|5.4|5.4|7|8
64.4|70.7|0|402|5.4|5.4|7|8
64.5|70.7|0|402|5.4|5.4|7|8
64.6|70.71|0|402|5.4|5.4|7|8
64.7|70.7|0|402|5.4|5.4|7|8
64.8|70.7|0|402|5.4|5.4|7|8
64.9|70.71|0|402|5.4|5.4|7|8
65|70.71|0|403|5.4|5.4|7|8
65.1|70.7|0|402|5.4|5.4|7|8
65.2|70.7|0|402|5.4|5.4|7|8
65.3|70.71|0|402|5.4|5.4|7|8
65.4|70.7|0|402|5.4|5.4|7|8
65.5|70.7|0|402|5.4|5.4|7|8
65.6|70.7|0|403|5.4|5.4|8|8
65.7|70.71|0|402|5.3|5.3|8|8
65.8|70.66|0|402|5.4|5.4|8|8
65.9|70.59|0|402|5.4|5.4|8|8
66|70.65|0|402|5.4|5.4|8|8
66.1|70.66|0|402|5.4|5.4|8|8
66.2|70.7|0|402|5.3|5.3|8|8
66.3|70.66|0|402|5.3|5.3|8|8
66.4|70.59|0|402|5.3|5.3|8|8
66.5|70.65|0|402|5.3|5.3|8|8
66.6|70.67|0|402|5.3|5.3|8|8
66.7|70.7|0|402|5.3|5.3|8|8
66.8|70.69|0|402|5.3|5.3|8|8
66.9|70.69|0|402|5.2|5.2|8|8
67|70.69|0|402|5.2|5.2|8|8
67.1|70.63|0|402|5.2|5.2|8|8
67.2|70.59|0|402|5.2|5.2|8|8
67.3|70.67|0|402|5.2|5.2|8|8
67.4|70.67|0|402|5.2|5.2|8|8
67.5|70.67|0|402|5.2|5.2|8|8
67.6|70.69|0|402|5.2|5.2|8|8
67.7|72.98|0|402|5.2|5.2|8|8
67.8|75.97|0|401|5.2|5.2|8|8
67.9|78.94|0|402|5.2|5.2|8|8
68|81.89|0|402|5.2|5.2|8|8
68.1|84.78|0|402|5.1|5.1|8|8
68.2|87.7|0|401|5.1|5.1|8|8
68.3|90.66|0|401|5.1|5.1|8|8
68.4|93.49|0|401|5.1|5.1|8|8
68.5|95.03|0|401|5.1|5.1|8|8
68.6|95.68|0|401|5.1|5.1|8|8
