0|96.08|858|403|4.9|4.9|1|8
0.1|96.06|1013|405|4.9|4.9|1|8
0.2|96.06|1018|406|4.9|4.9|1|8
0.3|96.06|1021|407|4.9|4.9|1|8
0.4|96.06|1021|408|4.9|4.9|1|8
0.5|96.08|1021|409|4.9|4.9|2|8
0.6|95.78|1021|409|4.9|4.9|2|8
0.7|95.37|1121|410|4.9|4.9|2|8
0.8|94.98|1582|412|4.9|4.9|3|8
0.9|94.74|1621|412|4.9|4.9|3|8
1|94.53|1647|412|4.9|4.9|3|8
1.1|94.45|1678|412|4.9|4.9|3|8
1.2|94.45|1688|413|4.9|4.9|3|8
1.3|94.41|1693|413|5|4.9|3|8
1.4|94.43|1696|413|5|4.9|3|8
1.5|94.37|1698|413|5|5|3|8
1.6|94.37|1698|413|5|5|3|8
1.7|94.39|1696|413|5|5|3|8
1.8|94.4|1680|413|5|5|3|8
1.9|94.41|1680|412|5|5|3|8
2|94.41|1683|413|5|5|3|8
2.1|94.36|1686|413|5|5|3|8
2.2|94.37|1686|413|5|5|3|8
2.3|94.37|1686|413|5|5|3|8
2.4|94.37|1688|413|5|5|3|8
2.5|94.33|1691|413|5|5|3|8
2.6|94.39|1691|413|5|5|3|8
2.7|94.39|1693|413|5|5|3|8
2.8|94.4|1701|413|5|5|4|8
2.9|94.45|1696|413|5|5|4|8
3|94.83|1670|413|5|5|4|8
3.1|95.29|1077|412|5|5|5|8
3.2|95.53|1049|411|5|5|5|8
3.3|95.65|1046|410|5|5|5|8
3.4|95.68|1044|410|5|5|5|8
3.5|95.69|1044|410|5|5|5|8
3.6|95.7|1044|410|5|5|5|8
3.7|95.7|1044|410|5|5|5|8
3.8|95.7|1044|410|5|5|5|8
3.9|95.7|1041|410|5|5|5|8
4|95.7|1041|409|5|5|5|8
4.1|95.69|1041|409|5|5|5|8
4.2|95.72|1041|410|5|5|5|8
4.3|95.72|1041|410|5|5|5|8
4.4|95.77|1041|410|5|5|5|8
4.5|95.74|1041|410|5|5|5|8
4.6|95.76|1041|410|5|5|5|8
4.7|95.69|1041|409|5|5|5|8
4.8|95.68|1041|410|5|5|5|8
4.9|95.69|1041|410|5|5|5|8
5|95.69|1041|410|5|5|5|8
5.1|95.73|1041|410|5|5|2|8
5.2|95.54|1041|410|5|5|2|8
5.3|95.19|1041|409|5|5|2|8
5.4|94.76|1325|411|5|5|2|8
5.5|94.43|1649|412|5|5|3|8
5.6|94.21|1701|412|5|5|3|8
5.7|93.96|1711|412|5|5|3|8
5.8|93.96|1716|413|5.1|5|3|8
5.9|93.97|1722|413|5.1|5|3|8
6|93.92|1727|413|5.1|5.1|3|8
6.1|93.85|1729|413|5.1|5.1|3|8
6.2|93.89|1732|412|5.1|5.1|3|8
6.3|93.9|1735|412|5.1|5.1|3|8
6.4|93.89|1737|412|5.1|5.1|3|8
6.5|93.89|1740|412|5.1|5.1|3|8
6.6|93.89|1745|413|5.1|5.1|3|8
6.7|93.89|1750|413|5.1|5.1|3|8
6.8|93.89|1753|413|5.1|5.1|3|8
6.9|93.88|1755|413|5.1|5.1|3|8
7|93.89|1758|413|5.1|5.1|3|8
7.1|93.86|1765|413|5.1|5.1|3|8
7.2|93.86|1765|413|5.1|5.1|3|8
7.3|93.92|1768|413|5.1|5.1|3|8
7.4|93.89|1768|413|5.1|5.1|3|8
7.5|93.86|1771|413|5.1|5.1|4|8
7.6|94.13|1763|413|5.1|5.1|4|8
7.7|94.44|1693|413|5.1|5.1|4|8
7.8|94.95|1356|413|5.1|5.1|5|8
7.9|95.33|1062|412|5.1|5.1|5|8
8|95.47|1057|411|5.1|5.1|5|8
8.1|95.55|1054|411|5.1|5.1|5|8
8.2|95.58|1054|411|5.1|5.1|5|8
8.3|95.58|1054|411|5.1|5.1|5|8
8.4|95.61|1052|411|5.1|5.1|5|8
8.5|95.61|1052|411|5.1|5.1|5|8
8.6|95.66|1052|411|5.1|5.1|5|8
8.7|95.61|1052|411|5.1|5.1|5|8
8.8|95.61|1052|411|5.1|5.1|5|8
8.9|95.59|1052|411|5.1|5.1|5|8
9|95.61|1052|411|5.1|5.1|5|8
9.1|95.61|1052|411|5.1|5.1|5|8
9.2|95.59|1052|411|5.1|5.1|5|8
9.3|95.57|1052|411|5.1|5.1|5|8
9.4|95.57|1052|411|5.1|5.1|5|8
9.5|95.59|1054|411|5.1|5.1|5|8
9.6|95.61|1054|411|5.1|5.1|5|8
9.7|95.62|1054|411|5.1|5.1|5|8
9.8|95.66|1054|411|5.1|5.1|2|8
9.9|95.54|1054|411|5.1|5.1|2|8
10|95.25|1054|411|5.1|5.1|2|8
10.1|94.83|1057|411|5.1|5.1|2|8
10.2|94.44|1186|411|5.1|5.1|2|8
10.3|93.98|1680|412|5.1|5.1|3|8
10.4|93.82|1735|413|5.1|5.1|3|8
10.5|93.62|1760|409|5.1|5.1|3|8
10.6|93.58|1771|401|5.1|5.1|3|8
10.7|93.58|1776|398|5.1|5.1|3|8
10.8|93.54|1781|397|5.1|5.1|3|8
10.9|93.45|1784|396|5.1|5.1|3|8
11|93.49|1786|396|5.1|5.1|3|8
11.1|93.49|1789|396|5.1|5.1|3|8
11.2|93.5|1794|396|5.1|5.1|3|8
11.3|93.49|1796|396|5.1|5.1|3|8
11.4|93.53|1799|396|5.1|5.1|3|8
11.5|93.53|1799|396|5.1|5.1|3|8
11.6|93.5|1802|396|5.1|5.1|3|8
11.7|93.46|1804|396|5.1|5.1|3|8
11.8|93.46|1804|396|5.1|5.1|3|8
11.9|93.49|1804|396|5.1|5.1|3|8
12|93.5|1807|396|5.1|5.1|3|8
12.1|93.49|1807|396|5.1|5.1|3|8
12.2|93.49|1807|396|5.1|5.1|3|8
12.3|93.43|1807|396|5.1|5.1|4|8
12.4|93.58|1807|396|5.1|5.1|4|8
12.5|94|1732|396|5.1|5.1|4|8
12.6|94.51|1381|397|5.1|5.1|4|8
12.7|94.9|1075|396|5.1|5.1|5|8
12.8|95.04|1070|396|5.1|5.1|5|8
12.9|95.11|1070|396|5.1|5.1|5|8
13|95.17|1070|396|5.1|5.1|5|8
13.1|95.21|1070|396|5.1|5.1|5|8
13.2|95.21|1070|396|5.1|5.1|5|8
13.3|95.19|1070|396|5.1|5.1|5|8
13.4|95.18|1070|396|5.1|5.1|5|8
13.5|95.22|1070|396|5.1|5.1|5|8
13.6|95.25|1067|396|5.1|5.1|5|8
13.7|95.22|1070|396|5.1|5.1|5|8
13.8|95.21|1070|396|5.1|5.1|5|8
13.9|95.21|1070|396|5.1|5.1|5|8
14|95.18|1070|396|5.1|5.1|5|8
14.1|95.18|1070|396|5.1|5.1|5|8
14.2|95.21|1070|396|5.1|5.1|5|8
14.3|95.22|1070|396|5.1|5.1|5|8
14.4|95.23|1070|396|5.1|5.1|5|8
14.5|95.21|1072|396|5.1|5.1|5|8
14.6|95.19|1072|396|5.1|5.1|5|8
14.7|95.19|1072|396|5.1|5.1|2|8
14.8|94.92|1070|396|5.1|5.1|2|8
14.9|94.51|1070|396|5.1|5.1|2|8
15|94.04|1216|396|5.1|5.1|2|8
15.1|93.64|1716|396|5.1|5.1|3|8
15.2|93.39|1776|396|5.1|5.1|3|8
15.3|93.21|1786|396|5.1|5.1|3|8
15.4|93.17|1794|396|5.1|5.1|3|8
15.5|93.1|1799|396|5.1|5.1|3|8
15.6|93.11|1804|396|5.1|5.1|3|8
15.7|93.18|1807|396|5.1|5.1|3|8
15.8|93.17|1812|396|5.1|5.1|3|8
15.9|93.04|1814|396|5.1|5.1|3|8
16|93.1|1817|396|5.1|5.1|3|8
16.1|93.1|1820|396|5.1|5.1|3|8
16.2|93.09|1820|396|5.1|5.1|3|8
16.3|93.11|1822|396|5.1|5.1|3|8
16.4|93.14|1822|396|5.1|5.1|3|8
16.5|93.09|1822|396|5.1|5.1|3|8
16.6|93.09|1825|396|5.1|5.1|3|8
16.7|93.1|1825|396|5.1|5.1|3|8
16.8|93.1|1825|396|5.1|5.1|3|8
16.9|93.1|1827|396|5.1|5.1|3|8
17|93.1|1827|396|5.1|5.1|3|8
17.1|93.11|1830|396|5.1|5.1|4|8
17.2|93.14|1832|396|5.1|5.1|4|8
17.3|93.55|1804|396|5.1|5.1|4|8
17.4|94.1|1626|396|5.1|5.1|4|8
17.5|94.52|1103|396|5.1|5.1|5|8
17.6|94.72|1082|396|5.1|5.1|5|8
17.7|94.8|1082|396|5.1|5.1|5|8
17.8|94.9|1082|396|5.1|5.1|5|8
17.9|94.91|1080|396|5.1|5.1|5|8
18|94.94|1080|396|5.1|5.1|5|8
18.1|94.91|1080|396|5.1|5.1|5|8
18.2|94.9|1080|396|5.1|5.1|5|8
18.3|94.87|1080|396|5.1|5.1|5|8
18.4|94.87|1080|396|5.1|5.1|5|8
18.5|94.96|1080|396|5.1|5.1|5|8
18.6|94.92|1080|396|5.1|5.1|5|8
18.7|94.91|1080|396|5.1|5.1|5|8
18.8|94.9|1080|396|5.1|5.1|5|8
18.9|94.87|1080|396|5.1|5.1|5|8
19|94.87|1080|396|5.1|5.1|5|8
19.1|94.98|1080|396|5.1|5.1|5|8
19.2|94.91|1077|396|5.1|5.1|5|8
19.3|94.9|1077|396|5.1|5.1|5|8
19.4|94.88|1077|396|5.1|5.1|5|8
19.5|94.95|1080|396|5.1|5.1|2|8
19.6|94.76|1077|396|5.1|5.1|2|8
19.7|94.39|1080|396|5.1|5.1|2|8
19.8|93.89|1119|396|5.1|5.1|2|8
19.9|93.45|1652|396|5.1|5.1|3|8
20|93.18|1791|396|5.1|5.1|3|8
20.1|93.02|1809|396|5.1|5.1|3|8
20.2|92.91|1820|396|5.1|5.1|3|8
20.3|92.91|1825|396|5.1|5.1|3|8
20.4|92.75|1832|396|5.1|5.1|3|8
20.5|92.79|1838|396|5.1|5.1|3|8
20.6|92.82|1840|394|5.1|5.1|3|8
20.7|92.83|1843|394|5.1|5.1|3|8
20.8|92.84|1845|394|5.1|5.1|3|8
20.9|92.79|1848|394|5.1|5.1|3|8
21|92.78|1845|394|5.1|5.1|3|8
21.1|92.82|1848|394|5.1|5.1|3|8
21.2|92.83|1848|394|5.1|5.1|3|8
21.3|92.82|1851|394|5.1|5.1|3|8
21.4|92.8|1851|394|5.1|5.1|3|8
21.5|92.8|1851|394|5.1|5.1|3|8
21.6|92.82|1851|394|5.1|5.1|3|8
21.7|92.79|1851|394|5.1|5.1|3|8
21.8|92.76|1853|394|5.1|5.1|3|8
21.9|92.8|1853|394|5.1|5.1|4|8
22|92.86|1853|394|5.1|5.1|4|8
22.1|93.13|1851|394|5.1|5.1|4|8
22.2|93.61|1464|394|5.1|5.1|4|8
22.3|94.02|1095|394|5.1|5.1|5|8
22.4|94.23|1090|394|5.1|5.1|5|8
22.5|94.25|1090|394|5.1|5.1|5|8
22.6|94.28|1088|394|5.1|5.1|5|8
22.7|94.35|1088|394|5.1|5.1|5|8
22.8|94.32|1088|394|5.1|5.1|5|8
22.9|94.29|1088|394|5.1|5.1|5|8
23|94.28|1088|394|5.1|5.1|5|8
23.1|94.32|1088|394|5.1|5.1|5|8
23.2|94.32|1088|394|5.1|5.1|5|8
23.3|94.35|1085|394|5.1|5.1|5|8
23.4|94.29|1085|394|5.1|5.1|5|8
23.5|94.28|1085|394|5.1|5.1|5|8
23.6|94.32|1085|394|5.1|5.1|5|8
23.7|94.32|1085|394|5.1|5.1|5|8
23.8|94.33|1082|394|5.1|5.1|5|8
23.9|94.27|1085|394|5.1|5.1|5|8
24|94.25|1085|394|5.1|5.1|5|8
24.1|94.31|1085|394|5.1|5.1|5|8
24.2|94.32|1085|394|5.1|5.1|5|8
24.3|94.31|1085|394|5.1|5.1|2|8
24.4|93.97|1085|394|5.1|5.1|2|8
24.5|93.61|1085|394|5.1|5.1|2|8
24.6|93.11|1698|394|5.1|5.1|3|8
24.7|92.91|1807|394|5.1|5.1|3|8
24.8|92.78|1820|394|5.1|5.1|3|8
24.9|92.72|1830|394|5.1|5.1|3|8
25|92.63|1838|394|5.1|5.1|3|8
25.1|92.67|1843|394|5.1|5.1|3|8
25.2|92.66|1848|394|5.1|5.1|3|8
25.3|92.59|1853|394|5.1|5.1|3|8
25.4|92.64|1853|394|5.1|5.1|3|8
25.5|92.64|1856|394|5.1|5.1|3|8
25.6|92.58|1858|394|5.1|5.1|3|8
25.7|92.66|1858|394|5.1|5.1|3|8
25.8|92.62|1861|394|5.1|5.1|3|8
25.9|92.58|1861|394|5.1|5.1|3|8
26|92.63|1861|394|5.1|5.1|3|8
26.1|92.63|1863|394|5.1|5.1|3|8
26.2|92.6|1863|394|5.1|5.1|3|8
26.3|92.55|1863|394|5.1|5.1|3|8
26.4|92.63|1863|394|5.1|5.1|3|8
26.5|92.62|1863|394|5.1|5.1|3|8
26.6|92.55|1866|394|5.1|5.1|4|8
26.7|92.62|1863|394|5.1|5.1|4|8
26.8|92.94|1858|394|5.1|5.1|4|8
26.9|93.49|1598|394|5.1|5.1|4|8
27|93.88|1103|394|5.1|5.1|5|8
27.1|94.12|1095|394|5.1|5.1|5|8
27.2|94.16|1093|394|5.1|5.1|5|8
27.3|94.19|1090|394|5.1|5.1|5|8
27.4|94.19|1090|394|5.1|5.1|5|8
27.5|94.21|1090|394|5.1|5.1|5|8
27.6|94.21|1090|394|5.1|5.1|5|8
27.7|94.25|1088|394|5.1|5.1|5|8
27.8|94.23|1088|394|5.1|5.1|5|8
27.9|94.24|1088|394|5.1|5.1|5|8
28|94.19|1088|394|5.1|5.1|5|8
28.1|94.17|1088|394|5.1|5.1|5|8
28.2|94.16|1088|394|5.1|5.1|5|8
28.3|94.19|1088|394|5.1|5.1|5|8
28.4|94.2|1088|394|5.1|5.1|5|8
28.5|94.2|1088|394|5.1|5.1|5|8
28.6|94.2|1088|394|5.1|5.1|5|8
28.7|94.21|1088|394|5.1|5.1|5|8
28.8|94.28|1088|394|5.1|5.1|5|8
28.9|94.24|1088|394|5.1|5.1|5|8
29|94.15|1088|394|5.1|5.1|2|8
29.1|93.89|1088|394|5.1|5.1|2|8
29.2|93.54|1088|394|5.1|5.1|2|8
29.3|93.1|1564|394|5.1|5.1|2|8
29.4|92.75|1814|393|5.1|5.1|3|8
29.5|92.67|1835|393|5.1|5.1|3|8
29.6|92.52|1845|393|5.1|5.1|3|8
29.7|92.43|1853|393|5.1|5.1|3|8
29.8|92.4|1858|393|5.1|5.1|3|8
29.9|92.4|1863|393|5.1|5.1|3|8
30|92.43|1866|393|5.1|5.1|3|8
30.1|92.41|1869|393|5.1|5.1|3|8
30.2|92.4|1871|393|5.1|5.1|3|8
30.3|92.43|1871|393|5.1|5.1|3|8
30.4|92.41|1871|393|5.1|5.1|3|8
30.5|92.4|1874|393|5.1|5.1|3|8
30.6|92.41|1874|393|5.1|5.1|3|8
30.7|92.4|1874|393|5.1|5.1|3|8
30.8|92.43|1874|393|5.1|5.1|3|8
30.9|92.41|1874|393|5.1|5.1|3|8
31|92.41|1876|393|5.1|5.1|3|8
31.1|92.41|1876|393|5.1|5.1|3|8
31.2|92.4|1876|393|5.1|5.1|3|8
31.3|92.4|1876|393|5.1|5.1|3|8
31.4|92.47|1876|393|5.1|5.1|4|8
31.5|92.62|1876|394|5.1|5.1|4|8
31.6|93.06|1809|394|5.1|5.1|4|8
31.7|93.58|1139|394|5.1|5.1|5|8
31.8|93.84|1098|394|5.1|5.1|5|8
31.9|93.92|1095|394|5.1|5.1|5|8
32|94.02|1095|394|5.1|5.1|5|8
32.1|94.04|1095|394|5.1|5.1|5|8
32.2|94.04|1093|394|5.1|5.1|5|8
32.3|94.05|1090|394|5.1|5.1|5|8
32.4|94.05|1090|394|5.1|5.1|5|8
32.5|94.05|1090|394|5.1|5.1|5|8
32.6|94.05|1090|394|5.1|5.1|5|8
32.7|94.04|1090|394|5.1|5.1|5|8
32.8|94.04|1090|393|5.1|5.1|5|8
32.9|94.05|1090|394|5.1|5.1|5|8
33|94.08|1090|394|5.1|5.1|5|8
33.1|94.08|1090|394|5.1|5.1|5|8
33.2|94.06|1088|394|5.1|5.1|5|8
33.3|94.05|1088|394|5.1|5.1|5|8
33.4|94|1088|394|5.1|5.1|5|8
33.5|94.04|1088|394|5.1|5.1|5|8
33.6|94.06|1088|394|5.1|5.1|5|8
33.7|94.05|1088|394|5.1|5.1|2|8
33.8|93.96|1088|394|5.1|5.1|2|8
33.9|93.6|1088|394|5.1|5.1|2|8
34|93.1|1191|394|5.1|5.1|2|8
34.1|92.72|1794|394|5.1|5.1|3|8
34.2|92.55|1835|394|5.1|5.1|3|8
34.3|92.39|1851|394|5.1|5.1|3|8
34.4|92.36|1861|393|5.1|5.1|3|8
34.5|92.28|1866|393|5.1|5.1|3|8
34.6|92.25|1871|393|5.1|5.1|3|8
34.7|92.25|1874|393|5.1|5.1|3|8
34.8|92.28|1876|393|5.1|5.1|3|8
34.9|92.27|1876|393|5.1|5.1|3|8
35|92.27|1879|393|5.1|5.1|3|8
35.1|92.27|1879|393|5.1|5.1|3|8
35.2|92.28|1879|393|5.1|5.1|3|8
35.3|92.28|1879|393|5.1|5.1|3|8
35.4|92.25|1879|393|5.1|5.1|3|8
35.5|92.24|1879|393|5.1|5.1|3|8
35.6|92.27|1879|393|5.1|5.1|3|8
35.7|92.25|1879|393|5.1|5.1|3|8
35.8|92.25|1879|393|5.1|5.1|3|8
35.9|92.25|1879|393|5.1|5.1|3|8
36|92.27|1879|393|5.1|5.1|3|8
36.1|92.27|1879|393|5.1|5.1|4|8
36.2|92.37|1879|393|5.1|5.1|4|8
36.3|92.68|1871|394|5.1|5.1|4|8
36.4|93.25|1379|394|5.1|5.1|4|8
36.5|93.5|1103|394|5.1|5.1|2|8
36.6|93.62|1095|394|5.1|5.1|2|8
36.7|93.65|1093|394|5.1|5.1|2|8
36.8|93.58|1093|394|5.1|5.1|2|8
36.9|93.58|1093|394|5.1|5.1|2|8
37|93.45|1090|394|5.1|5.1|2|8
37.1|93.42|1090|394|5.1|5.1|2|8
37.2|93.39|1090|394|5.1|5.1|2|8
37.3|93.22|1090|394|5.1|5.1|2|8
37.4|93.13|1090|394|5.1|5.1|2|8
37.5|93.18|1090|394|5.1|5.1|2|8
37.6|93.15|1090|394|5.1|5.1|2|8
37.7|92.99|1103|394|5.1|5.1|2|8
37.8|93.03|1144|394|5.1|5.1|2|8
37.9|92.95|1253|394|5.1|5.1|2|8
38|92.84|1629|394|5.1|5.1|2|8
38.1|92.9|1678|394|5.1|5.1|2|8
38.2|92.98|1698|394|5.1|5.1|2|8
38.3|93.18|1709|394|5.1|5.1|2|8
38.4|93.41|1670|394|5.1|5.1|2|8
38.5|93.61|1142|394|5.1|5.1|2|8
38.6|93.77|1090|394|5.1|5.1|2|8
38.7|93.77|1088|394|5.1|5.1|2|8
38.8|93.68|1085|394|5.1|5.1|2|8
38.9|93.68|1085|394|5.1|5.1|2|8
39|93.6|1085|394|5.1|5.1|2|8
39.1|93.58|1085|394|5.1|5.1|2|8
39.2|93.47|1085|394|5.1|5.1|2|8
39.3|93.45|1085|394|5.1|5.1|2|8
39.4|93.35|1137|394|5.1|5.1|2|8
39.5|93.27|1165|394|5.1|5.1|2|8
39.6|93.18|1085|394|5.1|5.1|2|8
39.7|93.14|1175|394|5.1|5.1|2|8
39.8|93.21|1170|394|5.1|5.1|2|8
39.9|93.02|1224|394|5.1|5.1|2|8
40|93.06|1247|394|5.1|5.1|2|8
40.1|92.95|1260|394|5.1|5.1|2|8
40.2|92.87|1585|394|5.1|5.1|2|8
40.3|92.86|1706|394|5.1|5.1|2|8
40.4|92.91|1714|394|5.1|5.1|2|8
40.5|93.13|1691|394|5.1|5.1|2|8
40.6|93.33|1113|394|5.1|5.1|2|8
40.7|93.38|1085|394|5.1|5.1|2|8
40.8|93.46|1082|394|5.1|5.1|2|8
40.9|93.35|1082|394|5.1|5.1|2|8
41|93.29|1082|394|5.1|5.1|2|8
41.1|93.19|1082|394|5.1|5.1|2|8
41.2|93.14|1082|394|5.1|5.1|2|8
41.3|93.23|1080|394|5.1|5.1|2|8
41.4|93.18|1144|394|5.1|5.1|2|8
41.5|93.04|1108|394|5.1|5.1|2|8
41.6|92.98|1144|394|5.1|5.1|2|8
41.7|92.94|1405|394|5.1|5.1|2|8
41.8|92.91|1588|394|5.1|5.1|2|8
41.9|92.83|1665|394|5.1|5.1|2|8
42|92.96|1665|394|5.1|5.1|2|8
42.1|93.13|1665|394|5.1|5.1|2|8
42.2|93.39|1691|394|5.1|5.1|2|8
42.3|93.61|1714|394|5.1|5.1|2|8
42.4|93.78|1683|394|5.1|5.1|2|8
42.5|93.92|1134|394|5.1|5.1|2|8
42.6|94.12|1085|394|5.1|5.1|2|8
42.7|94.12|1085|394|5.1|5.1|2|8
42.8|94.09|1082|394|5.1|5.1|2|8
42.9|94.02|1082|394|5.1|5.1|2|8
43|93.96|1082|394|5.1|5.1|2|8
43.1|93.97|1082|394|5.1|5.1|2|8
43.2|93.9|1082|394|5.1|5.1|2|8
43.3|93.78|1082|394|5.1|5.1|2|8
43.4|93.82|1116|394|5.1|5.1|2|8
43.5|93.64|1119|395|5.1|5.1|2|8
43.6|93.69|1168|394|5.1|5.1|2|8
43.7|93.6|1101|394|5.1|5.1|2|8
43.8|93.55|1147|394|5.1|5.1|2|8
43.9|93.45|1152|394|5.1|5.1|2|8
44|93.35|1211|395|5.1|5.1|2|8
44.1|93.3|1178|395|5.1|5.1|2|8
44.2|93.14|1082|394|5.1|5.1|2|8
44.3|93.13|1080|394|5.1|5.1|2|8
44.4|93.22|1211|394|5.1|5.1|2|8
44.5|93.07|1211|395|5.1|5.1|2|8
44.6|93.04|1263|395|5.1|5.1|2|8
44.7|92.95|1242|396|5.1|5.1|2|8
44.8|92.86|1265|395|5.1|5.1|2|8
44.9|92.76|1206|396|5.1|5.1|2|8
45|92.67|1284|395|5.1|5.1|2|8
45.1|92.76|1338|395|5.1|5.1|2|8
45.2|92.6|1428|396|5.1|5.1|2|8
45.3|92.45|1477|395|5.1|5.1|2|8
45.4|92.43|1101|395|5.1|5.1|2|8
45.5|92.45|1080|394|5.1|5.1|2|8
45.6|92.43|1363|394|5.1|5.1|2|8
45.7|92.4|1309|395|5.1|5.1|2|8
45.8|92.27|1374|395|5.1|5.1|2|8
45.9|92.17|1394|395|5.1|5.1|2|8
46|92.19|1402|395|5.1|5.1|2|8
46.1|92.12|1232|395|5.1|5.1|2|8
46.2|92.07|1423|395|5.1|5.1|2|8
46.3|91.97|1268|396|5.1|5.1|2|8
46.4|91.94|1278|395|5.1|5.1|2|8
46.5|91.88|1302|395|5.1|5.1|2|8
46.6|91.77|1379|394|5.1|5.1|2|8
46.7|91.7|1162|394|5.1|5.1|2|8
46.8|91.62|1139|394|5.1|5.1|2|8
46.9|91.53|1111|394|5.1|5.1|2|8
47|91.5|1126|394|5.1|5.1|2|8
47.1|91.5|1175|394|5.1|5.1|2|8
47.2|91.39|1247|394|5.1|5.1|2|8
47.3|91.3|1124|394|5.1|5.1|2|8
47.4|91.23|1271|394|5.1|5.1|2|8
47.5|91.07|1250|394|5.1|5.1|2|8
47.6|91.05|1134|394|5.1|5.1|2|8
47.7|90.95|1160|395|5.1|5.1|2|8
47.8|90.92|1206|394|5.1|5.1|2|8
47.9|90.82|1211|395|5.1|5.1|2|8
48|90.71|1253|395|5.1|5.1|2|8
48.1|90.67|1178|395|5.1|5.1|2|8
48.2|90.62|1237|394|5.1|5.1|2|8
48.3|90.48|1307|395|5.1|5.1|2|8
48.4|90.4|1180|395|5.1|5.1|2|8
48.5|90.33|1255|395|5.1|5.1|2|8
48.6|90.24|1294|395|5.1|5.1|2|8
48.7|90.17|1296|396|5.1|5.1|2|8
48.8|90.04|1149|395|5.1|5.1|2|8
48.9|89.93|1193|395|5.1|5.1|2|8
49|89.89|1170|396|5.1|5.1|2|8
49.1|89.73|1245|396|5.1|5.1|2|8
49.2|89.72|1149|396|5.1|5.1|2|8
49.3|89.57|1173|396|5.1|5.1|2|8
49.4|89.52|1142|396|5.1|5.1|2|8
49.5|89.42|1201|396|5.1|5.1|2|8
49.6|89.26|1245|396|5.1|5.1|2|8
49.7|89.21|1180|396|5.1|5.1|2|8
49.8|89.06|1235|396|5.1|5.1|2|8
49.9|88.95|1209|395|5.1|5.1|2|8
50|88.9|1191|396|5.1|5.1|2|8
50.1|88.74|1289|395|5.1|5.1|2|8
50.2|88.7|1294|396|5.1|5.1|2|8
50.3|88.52|1214|396|5.1|5.1|2|8
50.4|88.44|1265|396|5.1|5.1|2|8
50.5|88.31|1222|396|5.1|5.1|2|8
50.6|88.23|1250|396|5.1|5.1|2|8
50.7|88.08|1216|395|5.1|5.1|2|8
50.8|88.05|1219|396|5.1|5.1|2|8
50.9|87.85|1374|396|5.1|5.1|2|8
51|87.69|1227|396|5.1|5.1|2|8
51.1|87.61|1247|396|5.1|5.1|2|8
51.2|87.48|1253|396|5.1|5.1|2|8
51.3|87.37|1186|396|5.1|5.1|2|8
51.4|87.18|1224|396|5.1|5.1|2|8
51.5|87.13|1178|396|5.1|5.1|2|8
51.6|87.01|1327|396|5.1|5.1|2|8
51.7|86.82|1222|396|5.1|5.1|2|8
51.8|86.71|1235|396|5.1|5.1|2|8
51.9|86.58|1188|396|5.1|5.1|2|8
52|86.46|1209|394|5.1|5.1|2|8
52.1|86.25|1165|395|5.1|5.1|2|8
52.2|86.16|1276|396|5.1|5.1|2|8
52.3|86.01|1322|396|5.1|5.1|2|8
52.4|85.92|1332|396|5.1|5.1|2|8
52.5|85.76|1399|396|5.1|5.1|2|8
52.6|85.58|1338|396|5.1|5.1|2|8
52.7|85.48|1196|395|5.1|5.1|2|8
52.8|85.41|1296|395|5.1|5.1|2|8
52.9|85.29|1162|395|5.1|5.1|2|8
53|85.19|1126|395|5.1|5.1|2|8
53.1|85.25|1149|395|5.1|5.1|2|8
53.2|85.18|1193|395|5.1|5.1|2|8
53.3|85.05|1216|395|5.1|5.1|2|8
53.4|84.99|1144|395|5.1|5.1|2|8
53.5|84.89|1183|396|5.1|5.1|2|8
53.6|84.8|1170|396|5.1|5.1|2|8
53.7|84.74|1232|396|5.1|5.1|2|8
53.8|84.62|1137|395|5.1|5.1|2|8
53.9|84.5|1188|396|5.1|5.1|2|8
54|84.42|1121|395|5.1|5.1|2|8
54.1|84.38|1219|396|5.1|5.1|2|8
54.2|84.25|1335|396|5.1|5.1|2|8
54.3|84.15|1240|396|5.1|5.1|2|8
54.4|83.99|1340|396|5.1|5.1|2|8
54.5|83.89|1222|396|5.1|5.1|2|8
54.6|83.8|1204|396|5.1|5.1|2|8
54.7|83.64|1219|396|5.1|5.1|2|8
54.8|83.5|1219|396|5.1|5.1|2|8
54.9|83.34|1258|396|5.1|5.1|2|8
55|83.17|1273|396|5.1|5.1|2|8
55.1|83.1|1211|396|5.1|5.1|2|8
55.2|82.86|1250|396|5.1|5.1|2|8
55.3|82.74|1294|396|5.1|5.1|2|8
55.4|82.56|1299|396|5.1|5.1|2|8
55.5|82.36|1211|396|5.1|5.1|2|8
55.6|82.16|1250|396|5.1|5.1|2|8
55.7|81.97|1418|396|5.1|5.1|6|8
55.8|80.13|1884|396|5.1|5.1|6|8
55.9|77.32|1649|396|5.1|5.1|6|8
56|74.35|0|394|5.1|5.1|7|8
56.1|72.54|0|394|5.1|5.1|7|8
56.2|71.8|0|394|5.1|5.1|7|8
56.3|71.51|0|394|5.1|5.1|7|8
56.4|71.38|0|394|5.1|5.1|7|8
56.5|71.3|0|393|5.1|5.1|7|8
56.6|71.28|0|393|5.1|5.1|7|8
56.7|71.28|0|393|5.1|5.1|7|8
56.8|71.26|0|393|5.1|5.1|7|8
56.9|71.28|0|393|5.1|5.1|7|8
57|71.26|0|393|5.1|5.1|7|8
57.1|71.29|0|393|5.1|5.1|7|8
57.2|71.32|0|393|5.1|5.1|7|8
57.3|71.34|0|393|5.1|5.1|7|8
57.4|71.21|0|393|5.1|5.1|7|8
57.5|71.2|0|393|5.1|5.1|7|8
57.6|71.22|0|393|5.1|5.1|7|8
57.7|71.28|0|393|5.1|5.1|7|8
57.8|71.34|0|393|5.1|5.1|7|8
57.9|71.25|0|393|5.1|5.1|7|8
58|71.2|0|393|5.1|5.1|7|8
58.1|71.22|0|393|5.1|5.1|7|8
58.2|71.22|0|392|5.1|5.1|7|8
58.3|71.22|0|392|5.1|5.1|7|8
58.4|71.24|0|392|5.1|5.1|7|8
58.5|71.25|0|392|5.1|5.1|7|8
58.6|71.24|0|392|5.1|5.1|7|8
58.7|71.25|0|392|5.1|5.1|7|8
58.8|71.26|0|392|5.1|5.1|7|8
58.9|71.25|0|392|5.1|5.1|7|8
59|71.22|0|392|5.1|5.1|7|8
59.1|71.2|0|392|5.1|5.1|7|8
59.2|71.24|0|392|5.1|5.1|7|8
59.3|71.22|0|393|5.1|5.1|7|8
59.4|71.22|0|393|5.1|5.1|7|8
59.5|71.25|0|393|5.1|5.1|7|8
59.6|71.33|0|393|5.1|5.1|7|8
59.7|71.21|0|393|5.1|5.1|7|8
59.8|71.18|0|393|5.1|5.1|7|8
59.9|71.21|0|393|5.1|5.1|7|8
60|71.24|0|393|5.1|5.1|7|8
60.1|71.28|0|393|5.1|5.1|7|8
60.2|71.26|0|393|5.1|5.1|7|8
60.3|71.22|0|392|5.1|5.1|7|8
60.4|71.18|0|393|5.1|5.1|7|8
60.5|71.21|0|392|5.1|5.1|7|8
60.6|71.22|0|393|5.1|5.1|7|8
60.7|71.22|0|393|5.1|5.1|7|8
60.8|71.26|0|393|5.1|5.1|7|8
60.9|71.26|0|393|5.1|5.1|7|8
61|71.21|0|393|5.1|5.1|7|8
61.1|71.2|0|393|5.1|5.1|7|8
61.2|71.22|0|393|5.1|5.1|7|8
61.3|71.22|0|392|5.1|5.1|7|8
61.4|71.22|0|392|5.1|5.1|7|8
61.5|71.22|0|392|5.1|5.1|7|8
61.6|71.22|0|392|5.1|5.1|7|8
61.7|71.24|0|392|5.1|5.1|7|8
61.8|71.28|0|393|5.1|5.1|7|8
61.9|71.21|0|392|5.1|5.1|7|8
62|71.18|0|392|5.1|5.1|7|8
62.1|71.21|0|392|5.1|5.1|7|8
62.2|71.22|0|392|5.1|5.1|7|8
62.3|71.22|0|392|5.1|5.1|7|8
62.4|71.24|0|392|5.1|5.1|7|8
62.5|71.25|0|393|5.1|5.1|7|8
62.6|71.21|0|393|5.1|5.1|7|8
62.7|71.18|0|392|5.1|5.1|7|8
62.8|71.2|0|392|5.1|5.1|7|8
62.9|71.22|0|392|5.1|5.1|7|8
63|71.22|0|392|5.1|5.1|7|8
63.1|71.24|0|393|5.1|5.1|7|8
63.2|71.25|0|393|5.1|5.1|7|8
63.3|71.21|0|393|5.1|5.1|7|8
63.4|71.2|0|393|5.1|5.1|7|8
63.5|71.2|0|393|5.1|5.1|7|8
63.6|71.21|0|393|5.1|5.1|7|8
63.7|71.21|0|393|5.1|5.1|7|8
63.8|71.21|0|392|5.1|5.1|7|8
63.9|71.21|0|393|5.1|5.1|7|8
64|71.21|0|393|5.1|5.1|7|8
64.1|71.24|0|393|5.1|5.1|7|8
64.2|71.24|0|392|5.1|5.1|7|8
64.3|71.2|0|392|5.1|5.1|7|8
64.4|71.2|0|392|5.1|5.1|7|8
64.5|71.2|0|392|5.1|5.1|7|8
64.6|71.21|0|392|5.1|5.1|7|8
64.7|71.24|0|392|5.1|5.1|7|8
64.8|71.24|0|392|5.1|5.1|7|8
64.9|71.2|0|392|5.1|5.1|7|8
65|71.2|0|392|5.1|5.1|7|8
65.1|71.2|0|392|5.1|5.1|7|8
65.2|71.21|0|392|5.1|5.1|7|8
65.3|71.21|0|393|5.1|5.1|7|8
65.4|71.21|0|393|5.1|5.1|7|8
65.5|71.22|0|393|5.1|5.1|7|8
65.6|71.24|0|393|5.1|5.1|7|8
65.7|71.18|0|393|5.1|5.1|7|8
65.8|71.18|0|393|5.1|5.1|7|8
65.9|71.22|0|393|5.1|5.1|7|8
66|71.22|0|392|5.1|5.1|7|8
66.1|71.2|0|392|5.1|5.1|7|8
66.2|71.21|0|392|5.1|5.1|7|8
66.3|71.22|0|392|5.1|5.1|7|8
66.4|71.21|0|392|5.1|5.1|7|8
66.5|71.2|0|398|5.1|5.1|7|8
66.6|71.18|0|403|5.1|5.1|7|8
66.7|71.2|0|404|5.1|5.1|7|8
66.8|71.21|0|405|5.1|5.1|7|8
66.9|71.24|0|405|5.1|5.1|7|8
67|71.2|0|405|5.1|5.1|7|8
67.1|71.2|0|405|5.1|5.1|7|8
67.2|71.18|0|405|5.1|5.1|7|8
67.3|71.2|0|405|5.1|5.1|7|8
67.4|71.2|0|405|5.1|5.1|7|8
67.5|71.21|0|405|5.1|5.1|7|8
67.6|71.24|0|405|5.1|5.1|7|8
67.7|71.21|0|405|5.1|5.1|7|8
67.8|71.21|0|405|5.1|5.1|7|8
67.9|71.21|0|405|5.1|5.1|7|8
68|71.21|0|405|5.1|5.1|7|8
68.1|71.21|0|405|5.1|5.1|7|8
68.2|71.24|0|405|5.1|5.1|7|8
68.3|71.24|0|405|5.1|5.1|7|8
68.4|71.21|0|405|5.1|5.1|7|8
68.5|71.21|0|405|5.1|5.1|7|8
68.6|71.21|0|405|5.1|5.1|7|8
68.7|71.21|0|405|5.1|5.1|7|8
68.8|71.22|0|405|5.1|5.1|7|8
68.9|71.25|0|405|5.1|5.1|7|8
69|71.16|0|405|5.1|5.1|8|8
69.1|71.08|0|405|5.1|5.1|8|8
69.2|71.1|0|405|5.1|5.1|8|8
69.3|71.12|0|405|5.1|5.1|8|8
69.4|71.18|0|405|5.1|5.1|8|8
69.5|71.2|0|405|5.1|5.1|8|8
69.6|71.13|0|405|5.1|5.1|8|8
69.7|71.12|0|405|5.1|5.1|8|8
69.8|71.14|0|405|5.1|5.1|8|8
69.9|71.17|0|405|5.1|5.1|8|8
70|71.2|0|405|5.1|5.1|8|8
70.1|71.14|0|404|5.1|5.1|8|8
70.2|71.12|0|405|5.1|5.1|8|8
70.3|71.16|0|405|5.1|5.1|8|8
70.4|71.22|0|405|5.1|5.1|8|8
70.5|71.2|0|405|5.1|5.1|8|8
70.6|71.13|0|405|5.1|5.1|8|8
70.7|71.13|0|405|5.1|5.1|8|8
70.8|71.2|0|404|5.1|5.1|8|8
70.9|71.2|0|404|5.1|5.1|8|8
71|72.28|0|404|5.1|5.1|8|8
71.1|75.32|0|405|5.1|5.1|8|8
71.2|78.39|0|405|5|5|8|8
71.3|81.41|0|405|5|5|8|8
71.4|84.39|0|405|5|5|8|8
71.5|87.35|0|405|5|5|8|8
71.6|90.29|0|405|5|5|8|8
71.7|93.23|0|405|5|5|8|8
71.8|94.92|0|405|5|5|8|8
71.9|95.65|0|405|5|5|8|8
