0|96|1284|391|5.3|5.3|1|8
0.1|96.01|1570|392|5.3|5.3|1|8
0.2|96.02|1616|393|5.3|5.3|1|8
0.3|96.01|1639|393|5.3|5.3|1|8
0.4|96.01|1649|394|5.3|5.3|1|8
0.5|96.04|1665|394|5.3|5.3|3|8
0.6|96.05|1668|394|5.3|5.3|3|8
0.7|96|1678|393|5.3|5.3|3|8
0.8|95.94|1680|393|5.3|5.3|3|8
0.9|95.92|1683|393|5.3|5.3|3|8
1|95.93|1675|393|5.3|5.3|3|8
1.1|96|1655|393|5.3|5.3|3|8
1.2|96.01|1606|394|5.3|5.3|3|8
1.3|95.98|1126|393|5.3|5.3|2|8
1.4|95.84|1098|392|5.3|5.3|2|8
1.5|95.43|1294|393|5.3|5.3|2|8
1.6|94.99|1247|394|5.3|5.3|2|8
1.7|94.53|1613|394|5.3|5.3|3|8
1.8|94.17|1758|394|5.3|5.3|3|8
1.9|93.96|1771|394|5.3|5.3|3|8
2|93.9|1776|394|5.3|5.3|3|8
2.1|94|1778|394|5.3|5.3|3|8
2.2|93.93|1781|394|5.3|5.3|3|8
2.3|93.89|1786|394|5.3|5.3|3|8
2.4|93.86|1789|394|5.3|5.3|3|8
2.5|93.77|1789|394|5.3|5.3|3|8
2.6|93.89|1791|394|5.3|5.3|3|8
2.7|93.9|1791|394|5.3|5.3|3|8
2.8|93.85|1794|394|5.3|5.3|3|8
2.9|93.82|1794|394|5.3|5.3|3|8
3|93.86|1794|394|5.3|5.3|3|8
3.1|93.86|1796|394|5.3|5.3|3|8
3.2|93.9|1796|394|5.3|5.3|3|8
3.3|93.89|1799|394|5.3|5.3|3|8
3.4|93.88|1799|394|5.3|5.3|3|8
3.5|93.85|1802|394|5.3|5.3|3|8
3.6|93.81|1802|393|5.3|5.3|3|8
3.7|93.89|1802|393|5.3|5.3|4|8
3.8|93.88|1802|393|5.3|5.3|4|8
3.9|94.04|1794|393|5.3|5.3|4|8
4|94.29|1781|393|5.3|5.3|4|8
4.1|95.11|1253|394|5.3|5.3|5|8
4.2|95.49|1072|393|5.3|5.3|5|8
4.3|95.61|1067|392|5.3|5.3|5|8
4.4|95.81|1067|392|5.3|5.3|5|8
4.5|95.73|1067|392|5.3|5.3|5|8
4.6|95.69|1067|392|5.3|5.3|5|8
4.7|95.81|1067|392|5.3|5.3|5|8
4.8|95.73|1067|392|5.3|5.3|5|8
4.9|95.68|1067|392|5.3|5.3|5|8
5|95.73|1067|392|5.3|5.3|5|8
5.1|95.7|1070|392|5.3|5.3|5|8
5.2|95.8|1070|392|5.3|5.3|5|8
5.3|95.8|1067|392|5.3|5.3|5|8
5.4|95.77|1067|392|5.3|5.3|5|8
5.5|95.76|1067|392|5.3|5.3|5|8
5.6|95.77|1070|392|5.3|5.3|5|8
5.7|95.74|1070|392|5.3|5.3|5|8
5.8|95.7|1070|392|5.3|5.3|5|8
5.9|95.81|1070|392|5.3|5.3|5|8
6|95.81|1070|392|5.3|5.3|5|8
6.1|95.73|1070|392|5.3|5.3|2|8
6.2|95.78|1070|392|5.3|5.3|2|8
6.3|95.7|1070|392|5.3|5.3|2|8
6.4|95.22|1070|392|5.3|5.3|2|8
6.5|94.56|1232|393|5.3|5.3|2|8
6.6|94.01|1735|393|5.3|5.3|3|8
6.7|93.7|1784|393|5.3|5.3|3|8
6.8|93.5|1796|393|5.3|5.3|3|8
6.9|93.43|1799|393|5.3|5.3|3|8
7|93.53|1802|393|5.3|5.3|3|8
7.1|93.53|1807|393|5.3|5.3|3|8
7.2|93.47|1809|393|5.3|5.3|3|8
7.3|93.51|1812|393|5.3|5.3|3|8
7.4|93.51|1812|393|5.3|5.3|3|8
7.5|93.54|1812|393|5.3|5.3|3|8
7.6|93.47|1814|392|5.3|5.3|3|8
7.7|93.55|1814|393|5.3|5.3|3|8
7.8|93.49|1814|393|5.3|5.3|3|8
7.9|93.54|1817|392|5.3|5.3|3|8
8|93.5|1817|393|5.3|5.3|3|8
8.1|93.5|1820|393|5.3|5.3|3|8
8.2|93.51|1820|393|5.3|5.3|3|8
8.3|93.53|1822|393|5.3|5.3|3|8
8.4|93.53|1822|393|5.3|5.3|3|8
8.5|93.47|1822|393|5.3|5.3|3|8
8.6|93.53|1822|392|5.3|5.3|4|8
8.7|93.82|1822|393|5.3|5.3|4|8
8.8|93.88|1814|392|5.3|5.3|4|8
8.9|94.21|1789|393|5.4|5.3|4|8
9|94.99|1124|392|5.4|5.4|5|8
9.1|95.26|1077|392|5.3|5.4|5|8
9.2|95.35|1075|392|5.3|5.4|5|8
9.3|95.47|1075|392|5.4|5.4|5|8
9.4|95.5|1075|392|5.4|5.4|5|8
9.5|95.5|1075|392|5.4|5.4|5|8
9.6|95.51|1075|392|5.4|5.4|5|8
9.7|95.55|1075|392|5.4|5.4|5|8
9.8|95.54|1075|392|5.4|5.4|5|8
9.9|95.5|1075|392|5.4|5.4|5|8
10|95.51|1075|392|5.4|5.4|5|8
10.1|95.53|1075|392|5.4|5.4|5|8
10.2|95.49|1075|392|5.4|5.4|5|8
10.3|95.47|1075|392|5.4|5.4|5|8
10.4|95.46|1075|392|5.4|5.4|5|8
10.5|95.46|1075|392|5.4|5.4|5|8
10.6|95.47|1075|392|5.4|5.4|5|8
10.7|95.5|1075|392|5.4|5.4|5|8
10.8|95.5|1075|392|5.4|5.4|5|8
10.9|95.5|1075|392|5.4|5.4|5|8
11|95.51|1075|392|5.4|5.4|2|8
11.1|95.42|1075|392|5.4|5.4|2|8
11.2|95.46|1075|392|5.4|5.4|2|8
11.3|94.82|1075|392|5.4|5.4|2|8
11.4|94.13|1412|393|5.4|5.4|2|8
11.5|93.62|1755|393|5.4|5.4|3|8
11.6|93.43|1804|393|5.4|5.4|3|8
11.7|93.21|1817|393|5.4|5.4|3|8
11.8|93.25|1822|393|5.4|5.4|3|8
11.9|93.23|1827|393|5.4|5.4|3|8
12|93.15|1830|393|5.4|5.4|3|8
12.1|93.22|1830|392|5.4|5.4|3|8
12.2|93.21|1832|392|5.4|5.4|3|8
12.3|93.19|1835|392|5.4|5.4|3|8
12.4|93.26|1838|393|5.4|5.4|3|8
12.5|93.17|1838|393|5.4|5.4|3|8
12.6|93.23|1840|393|5.4|5.4|3|8
12.7|93.19|1843|393|5.4|5.4|3|8
12.8|93.26|1843|393|5.4|5.4|3|8
12.9|93.17|1845|393|5.4|5.4|3|8
13|93.25|1845|393|5.4|5.4|3|8
13.1|93.13|1845|393|5.4|5.4|3|8
13.2|93.26|1845|393|5.4|5.4|3|8
13.3|93.13|1845|393|5.4|5.4|3|8
13.4|93.21|1845|393|5.4|5.4|3|8
13.5|93.27|1848|393|5.4|5.4|4|8
13.6|93.45|1848|393|5.4|5.4|4|8
13.7|93.45|1838|393|5.4|5.4|4|8
13.8|94.51|1299|394|5.4|5.4|5|8
13.9|94.63|1090|392|5.4|5.4|5|8
14|94.75|1085|392|5.4|5.4|5|8
14.1|94.72|1085|392|5.4|5.4|5|8
14.2|94.88|1082|392|5.4|5.4|5|8
14.3|94.86|1082|392|5.4|5.4|5|8
14.4|94.87|1082|392|5.4|5.4|5|8
14.5|94.87|1082|392|5.4|5.4|5|8
14.6|94.94|1082|392|5.4|5.4|5|8
14.7|94.91|1082|392|5.4|5.4|5|8
14.8|94.91|1082|392|5.4|5.4|5|8
14.9|94.92|1082|392|5.4|5.4|5|8
15|94.9|1082|392|5.4|5.4|5|8
15.1|94.94|1082|392|5.4|5.4|5|8
15.2|94.92|1082|392|5.4|5.4|5|8
15.3|94.9|1082|392|5.4|5.4|5|8
15.4|94.96|1085|392|5.4|5.4|5|8
15.5|94.94|1082|392|5.4|5.4|5|8
15.6|94.94|1082|392|5.4|5.4|5|8
15.7|94.92|1082|392|5.4|5.4|5|8
15.8|94.9|1082|392|5.4|5.4|2|8
15.9|94.86|1082|392|5.4|5.4|2|8
16|94.9|1082|392|5.4|5.4|2|8
16.1|94.31|1082|392|5.4|5.4|2|8
16.2|93.65|1366|393|5.4|5.4|2|8
16.3|93.26|1804|393|5.4|5.4|3|8
16.4|93.09|1827|393|5.4|5.4|3|8
16.5|92.91|1840|393|5.4|5.4|3|8
16.6|92.9|1845|393|5.4|5.4|3|8
16.7|92.86|1851|393|5.4|5.4|3|8
16.8|92.84|1853|393|5.4|5.4|3|8
16.9|92.91|1856|393|5.4|5.4|3|8
17|92.87|1858|393|5.4|5.4|3|8
17.1|92.82|1861|393|5.4|5.4|3|8
17.2|92.87|1861|394|5.4|5.4|3|8
17.3|92.9|1861|394|5.4|5.4|3|8
17.4|92.88|1863|394|5.4|5.4|3|8
17.5|92.86|1866|394|5.4|5.4|3|8
17.6|92.82|1866|394|5.4|5.4|3|8
17.7|92.87|1866|393|5.4|5.4|3|8
17.8|92.91|1866|393|5.4|5.4|3|8
17.9|92.87|1869|394|5.4|5.4|3|8
18|92.83|1869|394|5.4|5.4|3|8
18.1|92.86|1869|394|5.4|5.4|3|8
18.2|92.87|1869|394|5.4|5.4|3|8
18.3|92.87|1869|394|5.4|5.4|4|8
18.4|93.14|1869|394|5.4|5.4|4|8
18.5|93.19|1858|394|5.4|5.4|4|8
18.6|93.96|1626|394|5.4|5.4|4|8
18.7|94.44|1103|394|5.4|5.4|5|8
18.8|94.63|1095|393|5.4|5.4|5|8
18.9|94.75|1095|392|5.4|5.4|5|8
19|94.78|1093|393|5.4|5.4|5|8
19.1|94.79|1093|392|5.4|5.4|5|8
19.2|94.76|1093|392|5.4|5.4|5|8
19.3|94.78|1093|392|5.4|5.4|5|8
19.4|94.78|1093|392|5.4|5.4|5|8
19.5|94.78|1090|392|5.4|5.4|5|8
19.6|94.78|1090|392|5.4|5.4|5|8
19.7|94.78|1090|392|5.4|5.4|5|8
19.8|94.78|1090|392|5.4|5.4|5|8
19.9|94.78|1088|393|5.4|5.4|5|8
20|94.78|1090|393|5.4|5.4|5|8
20.1|94.78|1088|393|5.4|5.4|5|8
20.2|94.74|1090|393|5.4|5.4|5|8
20.3|94.74|1090|393|5.4|5.4|5|8
20.4|94.74|1090|393|5.4|5.4|5|8
20.5|94.75|1088|393|5.4|5.4|5|8
20.6|94.74|1088|393|5.4|5.4|5|8
20.7|94.76|1088|393|5.4|5.4|2|8
20.8|94.79|1090|393|5.4|5.4|2|8
20.9|94.27|1090|393|5.4|5.4|2|8
21|93.62|1286|394|5.4|5.4|2|8
21.1|93.11|1791|394|5.4|5.4|3|8
21.2|92.92|1838|394|5.4|5.4|3|8
21.3|92.88|1853|394|5.4|5.4|3|8
21.4|92.74|1861|394|5.4|5.4|3|8
21.5|92.74|1863|394|5.4|5.4|3|8
21.6|92.76|1869|394|5.4|5.4|3|8
21.7|92.79|1871|394|5.4|5.4|3|8
21.8|92.74|1874|394|5.4|5.4|3|8
21.9|92.8|1876|394|5.4|5.4|3|8
22|92.75|1876|394|5.4|5.4|3|8
22.1|92.76|1876|394|5.4|5.4|3|8
22.2|92.75|1879|394|5.4|5.4|3|8
22.3|92.72|1879|394|5.4|5.4|3|8
22.4|92.78|1881|394|5.4|5.4|3|8
22.5|92.74|1881|393|5.4|5.4|3|8
22.6|92.78|1881|393|5.4|5.4|3|8
22.7|92.78|1881|393|5.4|5.4|3|8
22.8|92.72|1879|392|5.4|5.4|3|8
22.9|92.76|1881|392|5.4|5.4|3|8
23|92.75|1884|393|5.4|5.4|3|8
23.1|92.83|1884|393|5.4|5.4|4|8
23.2|92.96|1884|393|5.4|5.4|4|8
23.3|93.18|1874|394|5.4|5.4|4|8
23.4|93.7|1830|394|5.4|5.4|4|8
23.5|94.4|1149|394|5.4|5.4|5|8
23.6|94.71|1101|393|5.4|5.4|5|8
23.7|94.72|1098|392|5.4|5.4|5|8
23.8|94.79|1098|392|5.4|5.4|5|8
23.9|94.91|1095|392|5.4|5.4|5|8
24|94.75|1095|392|5.4|5.4|5|8
24.1|94.91|1095|392|5.4|5.4|5|8
24.2|94.79|1095|392|5.4|5.4|5|8
24.3|94.79|1095|392|5.4|5.4|5|8
24.4|94.9|1095|392|5.4|5.4|5|8
24.5|94.83|1095|392|5.4|5.4|5|8
24.6|94.79|1095|392|5.4|5.4|5|8
24.7|94.83|1095|392|5.4|5.4|5|8
24.8|94.92|1093|392|5.4|5.4|5|8
24.9|94.86|1093|392|5.4|5.4|5|8
25|94.82|1093|392|5.4|5.4|5|8
25.1|94.82|1093|392|5.4|5.4|5|8
25.2|94.88|1093|392|5.4|5.4|5|8
25.3|94.88|1093|392|5.4|5.4|5|8
25.4|94.78|1093|392|5.4|5.4|5|8
25.5|94.88|1095|392|5.4|5.4|2|8
25.6|94.79|1093|392|5.4|5.4|2|8
25.7|94.79|1095|393|5.4|5.4|2|8
25.8|94.08|1098|393|5.4|5.4|2|8
25.9|93.53|1683|394|5.4|5.4|3|8
26|93.07|1809|394|5.4|5.4|3|8
26.1|92.91|1838|394|5.4|5.4|3|8
26.2|92.83|1856|394|5.4|5.4|3|8
26.3|92.82|1861|394|5.4|5.4|3|8
26.4|92.91|1866|394|5.4|5.4|3|8
26.5|92.83|1871|394|5.4|5.4|3|8
26.6|92.83|1874|394|5.4|5.4|3|8
26.7|92.87|1876|394|5.4|5.4|3|8
26.8|92.83|1881|394|5.4|5.4|3|8
26.9|92.78|1881|393|5.4|5.4|3|8
27|92.84|1884|394|5.4|5.4|3|8
27.1|92.86|1884|394|5.4|5.4|3|8
27.2|92.84|1887|394|5.4|5.4|3|8
27.3|92.82|1887|393|5.4|5.4|3|8
27.4|92.83|1889|393|5.4|5.4|3|8
27.5|92.86|1889|393|5.4|5.4|3|8
27.6|92.87|1892|393|5.4|5.4|3|8
27.7|92.82|1892|393|5.4|5.4|3|8
27.8|92.82|1892|393|5.4|5.4|3|8
27.9|92.84|1889|393|5.4|5.4|4|8
28|92.95|1889|394|5.4|5.4|4|8
28.1|93.07|1884|394|5.4|5.4|4|8
28.2|93.49|1845|394|5.4|5.4|4|8
28.3|94.28|1193|394|5.4|5.4|5|8
28.4|94.61|1103|394|5.4|5.4|5|8
28.5|94.75|1101|393|5.4|5.4|5|8
28.6|94.79|1101|393|5.4|5.4|5|8
28.7|94.74|1101|393|5.4|5.4|5|8
28.8|94.75|1098|393|5.4|5.4|5|8
28.9|94.71|1098|392|5.4|5.4|5|8
29|94.74|1098|392|5.4|5.4|5|8
29.1|94.75|1098|392|5.4|5.4|5|8
29.2|94.74|1095|392|5.4|5.4|5|8
29.3|94.75|1095|392|5.4|5.4|5|8
29.4|94.7|1095|392|5.4|5.4|5|8
29.5|94.72|1095|393|5.4|5.4|5|8
29.6|94.71|1095|393|5.4|5.4|5|8
29.7|94.68|1095|393|5.4|5.4|5|8
29.8|94.71|1095|393|5.4|5.4|5|8
29.9|94.75|1098|394|5.4|5.4|5|8
30|94.7|1098|394|5.4|5.4|5|8
30.1|94.79|1098|394|5.4|5.4|5|8
30.2|94.72|1098|394|5.4|5.4|5|8
30.3|94.76|1098|394|5.4|5.4|2|8
30.4|94.76|1098|394|5.4|5.4|2|8
30.5|94.82|1098|394|5.4|5.4|2|8
30.6|94.02|1101|394|5.4|5.4|2|8
30.7|93.42|1477|395|5.4|5.4|2|8
30.8|93.02|1825|394|5.4|5.4|3|8
30.9|92.75|1858|394|5.4|5.4|3|8
31|92.67|1871|394|5.4|5.4|3|8
31.1|92.8|1876|394|5.4|5.4|3|8
31.2|92.56|1884|394|5.4|5.4|3|8
31.3|92.63|1887|394|5.4|5.4|3|8
31.4|92.63|1889|394|5.4|5.4|3|8
31.5|92.71|1894|394|5.4|5.4|3|8
31.6|92.64|1897|394|5.4|5.4|3|8
31.7|92.59|1897|394|5.4|5.4|3|8
31.8|92.66|1899|394|5.4|5.4|3|8
31.9|92.68|1899|394|5.4|5.4|3|8
32|92.62|1902|394|5.4|5.4|3|8
32.1|92.63|1902|394|5.4|5.4|3|8
32.2|92.62|1899|394|5.4|5.4|3|8
32.3|92.71|1902|394|5.4|5.4|3|8
32.4|92.59|1902|394|5.4|5.4|3|8
32.5|92.63|1905|395|5.4|5.4|3|8
32.6|92.68|1905|395|5.4|5.4|3|8
32.7|92.62|1905|395|5.4|5.4|3|8
32.8|92.64|1905|395|5.4|5.4|4|8
32.9|92.92|1899|395|5.4|5.4|4|8
33|93.5|1381|396|5.4|5.4|4|8
33.1|93.65|1111|395|5.4|5.4|5|8
33.2|93.81|1108|394|5.4|5.4|5|8
33.3|93.88|1106|394|5.4|5.4|5|8
33.4|93.89|1106|394|5.4|5.4|5|8
33.5|94.01|1106|394|5.4|5.4|5|8
33.6|94.08|1106|394|5.4|5.4|5|8
33.7|94.09|1106|394|5.4|5.4|5|8
33.8|94.01|1106|394|5.4|5.4|5|8
33.9|94.05|1103|394|5.4|5.4|5|8
34|94.06|1103|394|5.4|5.4|5|8
34.1|94.05|1103|394|5.4|5.4|5|8
34.2|94.05|1103|394|5.4|5.4|5|8
34.3|94.05|1103|394|5.4|5.4|5|8
34.4|94.06|1103|394|5.4|5.4|5|8
34.5|94.08|1103|394|5.4|5.4|5|8
34.6|94.05|1103|394|5.4|5.4|5|8
34.7|94.09|1103|394|5.4|5.4|5|8
34.8|94.09|1101|394|5.4|5.4|5|8
34.9|94.09|1101|394|5.4|5.4|5|8
35|94.08|1101|394|5.4|5.4|5|8
35.1|94.04|1101|394|5.4|5.4|2|8
35.2|94.05|1101|394|5.4|5.4|2|8
35.3|93.5|1113|393|5.4|5.4|2|8
35.4|92.86|1745|393|5.4|5.4|3|8
35.5|92.67|1858|393|5.4|5.4|3|8
35.6|92.31|1876|393|5.4|5.4|3|8
35.7|92.36|1887|393|5.4|5.4|3|8
35.8|92.28|1892|393|5.4|5.4|3|8
35.9|92.25|1897|394|5.4|5.4|3|8
36|92.35|1902|393|5.4|5.4|3|8
36.1|92.33|1905|393|5.4|5.4|3|8
36.2|92.27|1910|393|5.4|5.4|3|8
36.3|92.28|1912|394|5.4|5.4|3|8
36.4|92.29|1912|394|5.4|5.4|3|8
36.5|92.32|1915|394|5.4|5.4|3|8
36.6|92.36|1915|394|5.4|5.4|3|8
36.7|92.28|1918|394|5.4|5.4|3|8
36.8|92.28|1918|394|5.4|5.4|3|8
36.9|92.28|1918|394|5.4|5.4|3|8
37|92.27|1918|393|5.4|5.4|3|8
37.1|92.29|1918|394|5.4|5.4|3|8
37.2|92.24|1920|393|5.4|5.4|3|8
37.3|92.29|1918|393|5.4|5.4|3|8
37.4|92.32|1918|392|5.4|5.4|4|8
37.5|92.47|1918|393|5.4|5.4|4|8
37.6|92.63|1915|393|5.4|5.4|4|8
37.7|93.03|1804|393|5.4|5.4|4|8
37.8|93.49|1121|394|5.4|5.4|2|8
37.9|93.81|1111|394|5.4|5.4|2|8
38|93.89|1111|393|5.4|5.4|2|8
38.1|93.73|1108|393|5.4|5.4|2|8
38.2|93.72|1108|393|5.4|5.4|2|8
38.3|93.69|1108|393|5.4|5.4|2|8
38.4|93.65|1108|392|5.4|5.4|2|8
38.5|93.62|1106|392|5.4|5.4|2|8
38.6|93.6|1106|392|5.4|5.4|2|8
38.7|93.58|1106|392|5.4|5.4|2|8
38.8|93.5|1106|392|5.4|5.4|2|8
38.9|93.29|1106|393|5.4|5.4|2|8
39|93.1|1106|393|5.4|5.4|2|8
39.1|93.17|1106|393|5.4|5.4|2|8
39.2|93.25|1106|393|5.4|5.4|2|8
39.3|93.06|1149|393|5.4|5.4|2|8
39.4|93.06|1206|394|5.4|5.4|2|8
39.5|92.92|1214|394|5.4|5.4|2|8
39.6|92.8|1211|394|5.4|5.4|2|8
39.7|92.74|1134|394|5.4|5.4|2|8
39.8|92.71|1224|394|5.4|5.4|2|8
39.9|92.67|1673|394|5.4|5.4|2|8
40|92.67|1796|394|5.4|5.4|2|8
40.1|92.68|1799|394|5.4|5.4|2|8
40.2|92.92|1397|394|5.4|5.4|2|8
40.3|93.07|1111|394|5.4|5.4|2|8
40.4|93.09|1106|394|5.4|5.4|2|8
40.5|93.1|1103|393|5.4|5.4|2|8
40.6|93.17|1103|393|5.4|5.4|2|8
40.7|93.1|1103|393|5.4|5.4|2|8
40.8|92.92|1101|393|5.4|5.4|2|8
40.9|92.8|1111|393|5.4|5.4|2|8
41|92.83|1103|394|5.4|5.4|2|8
41.1|92.72|1121|394|5.4|5.4|2|8
41.2|92.71|1273|394|5.4|5.4|2|8
41.3|92.74|1662|394|5.4|5.4|2|8
41.4|92.64|1711|394|5.4|5.4|2|8
41.5|92.78|1637|394|5.4|5.4|2|8
41.6|92.98|1193|394|5.4|5.4|2|8
41.7|93.06|1106|394|5.4|5.4|2|8
41.8|93.1|1103|394|5.4|5.4|2|8
41.9|93.04|1103|393|5.4|5.4|2|8
42|93.02|1101|393|5.4|5.4|2|8
42.1|93.03|1101|393|5.4|5.4|2|8
42.2|92.92|1101|393|5.4|5.4|2|8
42.3|92.82|1103|394|5.4|5.4|2|8
42.4|92.79|1211|394|5.4|5.4|2|8
42.5|92.76|1108|393|5.4|5.4|2|8
42.6|92.75|1216|393|5.4|5.4|2|8
42.7|92.67|1577|394|5.4|5.4|2|8
42.8|92.55|1701|394|5.4|5.4|2|8
42.9|92.68|1693|394|5.4|5.4|2|8
43|92.91|1539|394|5.4|5.4|2|8
43.1|92.98|1111|394|5.4|5.4|2|8
43.2|93.1|1103|393|5.4|5.4|2|8
43.3|93|1101|393|5.4|5.4|2|8
43.4|93.06|1101|393|5.4|5.4|2|8
43.5|93.02|1101|393|5.4|5.4|2|8
43.6|92.92|1101|393|5.4|5.4|2|8
43.7|92.9|1101|393|5.4|5.4|2|8
43.8|92.79|1101|393|5.4|5.4|2|8
43.9|92.76|1108|393|5.4|5.4|2|8
44|92.76|1106|393|5.4|5.4|2|8
44.1|92.55|1216|394|5.4|5.4|2|8
44.2|92.56|1286|394|5.4|5.4|2|8
44.3|92.37|1294|394|5.4|5.4|2|8
44.4|92.32|1113|394|5.4|5.4|2|8
44.5|92.37|1191|394|5.4|5.4|2|8
44.6|92.36|1289|395|5.4|5.4|2|8
44.7|92.2|1304|394|5.4|5.4|2|8
44.8|92.15|1477|394|5.4|5.4|2|8
44.9|92.13|1639|394|5.4|5.4|2|8
45|92.12|1593|394|5.4|5.4|2|8
45.1|92.29|1222|394|5.4|5.4|2|8
45.2|92.44|1103|394|5.4|5.4|2|8
45.3|92.43|1101|393|5.4|5.4|2|8
45.4|92.4|1098|393|5.4|5.4|2|8
45.5|92.32|1101|393|5.4|5.4|2|8
45.6|92.29|1098|393|5.4|5.4|2|8
45.7|92.15|1101|393|5.4|5.4|2|8
45.8|92.24|1131|393|5.4|5.4|2|8
45.9|92.12|1193|394|5.4|5.4|2|8
46|92.11|1258|394|5.4|5.4|2|8
46.1|91.9|1286|394|5.4|5.4|2|8
46.2|91.97|1263|394|5.4|5.4|2|8
46.3|91.89|1294|394|5.4|5.4|2|8
46.4|91.74|1335|394|5.4|5.4|2|8
46.5|91.74|1371|394|5.4|5.4|2|8
46.6|91.56|1147|394|5.4|5.4|2|8
46.7|91.57|1219|394|5.4|5.4|2|8
46.8|91.45|1258|394|5.4|5.4|2|8
46.9|91.49|1173|394|5.4|5.4|2|8
47|91.46|1363|394|5.4|5.4|2|8
47.1|91.31|1314|394|5.4|5.4|2|8
47.2|91.31|1263|394|5.4|5.4|2|8
47.3|91.17|1229|394|5.4|5.4|2|8
47.4|90.99|1155|394|5.4|5.4|2|8
47.5|91.05|1101|393|5.4|5.4|2|8
47.6|91.02|1137|393|5.4|5.4|2|8
47.7|90.95|1250|394|5.4|5.4|2|8
47.8|90.87|1320|394|5.4|5.4|2|8
47.9|90.8|1242|394|5.4|5.4|2|8
48|90.68|1152|394|5.4|5.4|2|8
48.1|90.6|1129|394|5.4|5.4|2|8
48.2|90.59|1131|394|5.4|5.4|2|8
48.3|90.51|1191|394|5.4|5.4|2|8
48.4|90.47|1348|394|5.4|5.4|2|8
48.5|90.4|1289|394|5.4|5.4|2|8
48.6|90.31|1268|394|5.4|5.4|2|8
48.7|90.11|1222|394|5.4|5.4|2|8
48.8|90.19|1219|394|5.4|5.4|2|8
48.9|90.05|1232|394|5.4|5.4|2|8
49|89.96|1224|394|5.4|5.4|2|8
49.1|89.93|1253|394|5.4|5.4|2|8
49.2|89.84|1142|394|5.4|5.4|2|8
49.3|89.73|1250|395|5.4|5.4|2|8
49.4|89.61|1188|395|5.4|5.4|2|8
49.5|89.53|1278|396|5.4|5.4|2|8
49.6|89.42|1152|395|5.4|5.4|2|8
49.7|89.41|1173|395|5.4|5.4|2|8
49.8|89.25|1265|394|5.4|5.4|2|8
49.9|89.17|1157|394|5.4|5.4|2|8
50|89.1|1242|395|5.4|5.4|2|8
50.1|88.95|1245|396|5.4|5.4|2|8
50.2|88.74|1186|396|5.4|5.4|2|8
50.3|88.87|1121|395|5.4|5.4|2|8
50.4|88.71|1281|396|5.4|5.4|2|8
50.5|88.6|1415|396|5.4|5.4|2|8
50.6|88.51|1260|395|5.4|5.4|2|8
50.7|88.37|1286|396|5.4|5.4|2|8
50.8|88.24|1237|395|5.4|5.4|2|8
50.9|88.16|1201|396|5.4|5.4|2|8
51|88.01|1281|396|5.4|5.4|2|8
51.1|87.88|1165|395|5.4|5.4|2|8
51.2|87.77|1198|394|5.4|5.4|2|8
51.3|87.66|1188|394|5.4|5.4|2|8
51.4|87.62|1162|394|5.4|5.4|2|8
51.5|87.45|1276|394|5.4|5.4|2|8
51.6|87.3|1178|394|5.4|5.4|2|8
51.7|87.13|1309|396|5.4|5.4|2|8
51.8|87.1|1273|395|5.4|5.4|2|8
51.9|87.01|1183|394|5.4|5.4|2|8
52|86.79|1204|394|5.4|5.4|2|8
52.1|86.67|1260|396|5.4|5.4|2|8
52.2|86.56|1273|395|5.4|5.4|2|8
52.3|86.35|1224|395|5.4|5.4|2|8
52.4|86.29|1214|394|5.4|5.4|2|8
52.5|86.08|1183|394|5.4|5.4|2|8
52.6|85.93|1186|395|5.4|5.4|2|8
52.7|85.84|1299|394|5.4|5.4|2|8
52.8|85.64|1198|394|5.4|5.4|2|8
52.9|85.49|1265|394|5.4|5.4|2|8
53|85.31|1332|396|5.4|5.4|2|8
53.1|85.19|1245|396|5.4|5.4|2|8
53.2|85.02|1351|396|5.4|5.4|2|8
53.3|84.83|1294|396|5.4|5.4|2|8
53.4|84.64|1376|396|5.4|5.4|2|8
53.5|84.44|1265|396|5.4|5.4|2|8
53.6|84.36|1157|395|5.4|5.4|2|8
53.7|84.19|1260|396|5.4|5.4|2|8
53.8|84|1387|396|5.4|5.4|2|8
53.9|83.89|1268|395|5.4|5.4|2|8
54|83.61|1412|396|5.4|5.4|2|8
54.1|83.44|1358|396|5.4|5.4|2|8
54.2|83.29|1387|396|5.4|5.4|2|8
54.3|83.1|1294|396|5.4|5.4|2|8
54.4|82.56|1652|396|5.4|5.4|6|8
54.5|80.05|1936|395|5.4|5.4|6|8
54.6|76.61|910|396|5.4|5.4|7|8
54.7|73.67|0|394|5.4|5.4|7|8
54.8|72.61|0|393|5.4|5.4|7|8
54.9|72.28|0|392|5.4|5.4|7|8
55|72.27|0|392|5.4|5.4|7|8
55.1|72.03|0|392|5.4|5.4|7|8
55.2|72.06|0|390|5.4|5.4|7|8
55.3|72|0|390|5.4|5.4|7|8
55.4|72|0|390|5.4|5.4|7|8
55.5|72.06|0|390|5.4|5.4|7|8
55.6|72.03|0|390|5.4|5.4|7|8
55.7|72.06|0|390|5.4|5.4|7|8
55.8|72.06|0|390|5.4|5.4|7|8
55.9|72.04|0|390|5.4|5.4|7|8
56|72.04|0|390|5.4|5.4|7|8
56.1|72.04|0|390|5.4|5.4|7|8
56.2|72.08|0|390|5.4|5.4|7|8
56.3|72.02|0|390|5.4|5.4|7|8
56.4|72.04|0|390|5.4|5.4|7|8
56.5|72.04|0|389|5.4|5.4|7|8
56.6|72.04|0|389|5.4|5.4|7|8
56.7|72.04|0|389|5.4|5.4|7|8
56.8|72.06|0|389|5.4|5.4|7|8
56.9|72.04|0|390|5.4|5.4|7|8
57|72.03|0|390|5.4|5.4|7|8
57.1|72.06|0|390|5.4|5.4|7|8
57.2|72.08|0|390|5.4|5.4|7|8
57.3|72.02|0|390|5.4|5.4|7|8
57.4|72.04|0|390|5.4|5.4|7|8
57.5|72.06|0|390|5.4|5.4|7|8
57.6|72.06|0|390|5.4|5.4|7|8
57.7|72.03|0|390|5.4|5.4|7|8
57.8|72.04|0|390|5.4|5.4|7|8
57.9|72.03|0|390|5.4|5.4|7|8
58|72.04|0|390|5.4|5.4|7|8
58.1|72.04|0|390|5.4|5.4|7|8
58.2|72.04|0|390|5.4|5.4|7|8
58.3|72.03|0|390|5.4|5.4|7|8
58.4|72.04|0|390|5.4|5.4|7|8
58.5|72.03|0|390|5.4|5.4|7|8
58.6|72.04|0|390|5.4|5.4|7|8
58.7|72.02|0|390|5.4|5.4|7|8
58.8|72.04|0|390|5.4|5.4|7|8
58.9|72.04|0|390|5.4|5.4|7|8
59|72.03|0|390|5.4|5.4|7|8
59.1|72.04|0|390|5.4|5.4|7|8
59.2|72.03|0|389|5.4|5.4|7|8
59.3|72.03|0|390|5.4|5.4|7|8
59.4|72.03|0|390|5.4|5.4|7|8
59.5|72.03|0|390|5.4|5.4|7|8
59.6|72.03|0|390|5.4|5.4|7|8
59.7|72.03|0|390|5.4|5.4|7|8
59.8|72.03|0|389|5.4|5.4|7|8
59.9|72.03|0|389|5.4|5.4|7|8
60|72.03|0|389|5.4|5.4|7|8
60.1|72.03|0|389|5.4|5.4|7|8
60.2|72.03|0|390|5.4|5.4|7|8
60.3|72.03|0|390|5.4|5.4|7|8
60.4|72.03|0|390|5.4|5.4|7|8
60.5|72.03|0|390|5.4|5.4|7|8
60.6|72.03|0|390|5.4|5.4|7|8
60.7|72.03|0|389|5.4|5.4|7|8
60.8|72.02|0|390|5.4|5.4|7|8
60.9|72.03|0|390|5.4|5.4|7|8
61|72.03|0|389|5.4|5.4|7|8
61.1|72.03|0|389|5.4|5.4|7|8
61.2|72.03|0|389|5.4|5.4|7|8
61.3|72.03|0|389|5.4|5.4|7|8
61.4|72.03|0|389|5.4|5.4|7|8
61.5|72.03|0|390|5.4|5.4|7|8
61.6|72.03|0|390|5.4|5.4|7|8
61.7|72.03|0|390|5.4|5.4|7|8
61.8|72.03|0|390|5.4|5.4|7|8
61.9|72.02|0|390|5.4|5.4|7|8
62|72.03|0|390|5.4|5.4|7|8
62.1|72.03|0|390|5.4|5.4|7|8
62.2|72.02|0|390|5.4|5.4|7|8
62.3|72.02|0|389|5.4|5.4|7|8
62.4|72.03|0|389|5.4|5.4|7|8
62.5|72.03|0|390|5.4|5.4|7|8
62.6|72.02|0|389|5.4|5.4|7|8
62.7|72.02|0|389|5.4|5.4|7|8
62.8|72.03|0|389|5.4|5.4|7|8
62.9|72.02|0|389|5.4|5.4|7|8
63|72.02|0|390|5.4|5.4|7|8
63.1|72.02|0|390|5.4|5.4|7|8
63.2|72.02|0|390|5.4|5.4|7|8
63.3|72.02|0|390|5.4|5.4|7|8
63.4|72.02|0|390|5.4|5.4|7|8
63.5|72.02|0|389|5.4|5.4|7|8
63.6|72.02|0|389|5.4|5.4|7|8
63.7|72.02|0|390|5.4|5.4|7|8
63.8|72.02|0|390|5.4|5.4|7|8
63.9|72.02|0|390|5.4|5.4|7|8
64|72.02|0|389|5.4|5.4|7|8
64.1|72.02|0|389|5.4|5.4|7|8
64.2|72.02|0|390|5.4|5.4|7|8
64.3|72.02|0|389|5.4|5.4|7|8
64.4|72.02|0|389|5.4|5.4|7|8
64.5|72.02|0|389|5.4|5.4|7|8
64.6|72.02|0|389|5.4|5.4|7|8
64.7|72.02|0|389|5.4|5.4|7|8
64.8|72.02|0|390|5.4|5.4|7|8
64.9|72.02|0|390|5.4|5.4|7|8
65|72.02|0|390|5.4|5.4|7|8
65.1|72.02|0|389|5.4|5.4|7|8
65.2|72.02|0|389|5.4|5.4|7|8
65.3|72.02|0|389|5.4|5.4|7|8
65.4|72.02|0|389|5.4|5.4|7|8
65.5|72.02|0|389|5.4|5.4|7|8
65.6|72.02|0|389|5.4|5.4|7|8
65.7|72|0|389|5.4|5.4|7|8
65.8|72.02|0|389|5.4|5.4|7|8
65.9|72.02|0|389|5.4|5.4|7|8
66|72.02|0|389|5.4|5.4|7|8
66.1|72.02|0|389|5.4|5.4|7|8
66.2|72.02|0|389|5.4|5.4|7|8
66.3|72|0|389|5.4|5.4|7|8
66.4|72.02|0|389|5.4|5.4|7|8
66.5|72.02|0|389|5.4|5.4|7|8
66.6|72.02|0|389|5.4|5.4|7|8
66.7|72.02|0|389|5.4|5.4|7|8
66.8|72.02|0|389|5.4|5.4|7|8
66.9|72|0|389|5.4|5.4|7|8
67|72.02|0|389|5.4|5.4|7|8
67.1|71.99|0|389|5.4|5.4|7|8
67.2|72.02|0|389|5.4|5.4|7|8
67.3|72|0|389|5.4|5.4|7|8
67.4|72.02|0|389|5.4|5.4|7|8
67.5|72.02|0|389|5.4|5.4|7|8
67.6|72|0|389|5.4|5.4|8|8
67.7|72.04|0|389|5.4|5.4|8|8
67.8|71.92|0|389|5.4|5.4|8|8
67.9|71.89|0|389|5.4|5.4|8|8
68|71.96|0|389|5.4|5.4|8|8
68.1|71.92|0|389|5.4|5.4|8|8
68.2|71.88|0|389|5.4|5.4|8|8
68.3|71.95|0|389|5.4|5.4|8|8
68.4|71.96|0|390|5.4|5.4|8|8
68.5|71.98|0|390|5.4|5.4|8|8
68.6|71.98|0|390|5.3|5.3|8|8
68.7|71.95|0|390|5.3|5.3|8|8
68.8|71.95|0|389|5.3|5.3|8|8
68.9|71.96|0|390|5.3|5.3|8|8
69|71.99|0|389|5.3|5.3|8|8
69.1|71.98|0|389|5.3|5.3|8|8
69.2|71.98|0|389|5.3|5.3|8|8
69.3|71.98|0|389|5.3|5.3|8|8
69.4|71.99|0|389|5.3|5.3|8|8
69.5|71.99|0|389|5.3|5.3|8|8
69.6|71.99|0|389|5.3|5.3|8|8
69.7|74.95|0|389|5.3|5.3|8|8
69.8|78.43|0|389|5.3|5.3|8|8
69.9|81.85|0|389|5.3|5.3|8|8
70|85.3|0|389|5.3|5.3|8|8
70.1|88.59|0|389|5.3|5.3|8|8
70.2|92|0|389|5.3|5.3|8|8
70.3|94.6|0|390|5.3|5.3|8|8
