0|96.09|1356|394|5.1|5.1|1|8
0.1|96.06|1580|398|5.1|5.1|1|8
0.2|96.01|1595|399|5.1|5.1|1|8
0.3|96.05|1606|400|5.1|5.1|1|8
0.4|96.05|1611|400|5.1|5.1|1|8
0.5|96.02|1619|400|5.1|5.1|3|8
0.6|96.08|1626|400|5.1|5.1|3|8
0.7|96.08|1639|400|5.1|5.1|3|8
0.8|96.01|1644|400|5.1|5.1|3|8
0.9|95.97|1647|400|5.1|5.1|3|8
1|96|1647|400|5.2|5.2|3|8
1.1|96.04|1655|400|5.2|5.2|3|8
1.2|96|1662|400|5.2|5.2|3|8
1.3|96|1662|400|5.2|5.2|3|8
1.4|96.01|1665|400|5.2|5.2|3|8
1.5|96|1668|400|5.2|5.2|3|8
1.6|95.97|1668|400|5.2|5.2|3|8
1.7|96|1673|400|5.2|5.2|3|8
1.8|96.01|1673|400|5.2|5.2|3|8
1.9|95.97|1675|400|5.2|5.2|3|8
2|96.01|1680|400|5.2|5.2|3|8
2.1|95.98|1680|400|5.2|5.2|3|8
2.2|96.01|1680|400|5.2|5.2|3|8
2.3|96|1683|400|5.2|5.2|3|8
2.4|96|1686|400|5.2|5.2|3|8
2.5|96.05|1680|400|5.2|5.2|4|8
2.6|96.31|1665|400|5.2|5.2|4|8
2.7|96.65|1649|400|5.2|5.2|4|8
2.8|97.2|1168|399|5.2|5.2|5|8
2.9|97.47|1049|398|5.2|5.2|5|8
3|97.69|1044|398|5.2|5.2|5|8
3.1|97.74|1044|398|5.2|5.2|5|8
3.2|97.7|1041|398|5.2|5.2|5|8
3.3|97.73|1041|398|5.2|5.2|5|8
3.4|97.71|1041|398|5.2|5.2|5|8
3.5|97.76|1041|398|5.2|5.2|5|8
3.6|97.74|1039|398|5.2|5.2|5|8
3.7|97.67|1039|398|5.2|5.2|5|8
3.8|97.71|1039|398|5.2|5.2|5|8
3.9|97.7|1039|398|5.2|5.2|5|8
4|97.73|1039|398|5.2|5.2|5|8
4.1|97.74|1039|398|5.2|5.2|5|8
4.2|97.73|1039|398|5.2|5.2|5|8
4.3|97.7|1039|398|5.2|5.2|5|8
4.4|97.71|1039|398|5.2|5.2|5|8
4.5|97.69|1039|398|5.2|5.2|5|8
4.6|97.67|1039|398|5.2|5.2|5|8
4.7|97.77|1039|398|5.2|5.2|5|8
4.8|97.7|1039|398|5.2|5.2|2|8
4.9|97.61|1039|398|5.2|5.2|2|8
5|97.31|1039|398|5.2|5.2|2|8
5.1|96.87|1070|398|5.2|5.2|2|8
5.2|96.47|1134|398|5.2|5.2|2|8
5.3|95.92|1273|400|5.2|5.2|2|8
5.4|95.43|1278|400|5.2|5.2|2|8
5.5|94.95|1531|400|5.2|5.2|2|8
5.6|94.56|1724|399|5.2|5.2|3|8
5.7|94.37|1740|399|5.3|5.3|3|8
5.8|94.28|1747|399|5.3|5.3|3|8
5.9|94.21|1747|398|5.3|5.3|3|8
6|94.12|1747|398|5.3|5.3|3|8
6.1|94.2|1750|398|5.3|5.3|3|8
6.2|94.19|1750|398|5.3|5.3|3|8
6.3|94.2|1750|398|5.3|5.3|3|8
6.4|94.17|1753|399|5.3|5.3|3|8
6.5|94.2|1753|399|5.3|5.3|3|8
6.6|94.19|1758|399|5.3|5.3|3|8
6.7|94.19|1755|399|5.3|5.3|3|8
6.8|94.17|1755|398|5.3|5.3|3|8
6.9|94.2|1755|398|5.3|5.3|3|8
7|94.16|1758|398|5.3|5.3|3|8
7.1|94.19|1758|398|5.3|5.3|3|8
7.2|94.19|1758|398|5.3|5.3|3|8
7.3|94.16|1758|399|5.3|5.3|3|8
7.4|94.2|1758|398|5.3|5.3|3|8
7.5|94.16|1760|398|5.3|5.3|3|8
7.6|94.27|1760|399|5.3|5.3|4|8
7.7|94.48|1758|399|5.3|5.3|4|8
7.8|94.9|1745|399|5.3|5.3|4|8
7.9|95.42|1637|399|5.3|5.3|4|8
8|95.97|1103|400|5.3|5.3|5|8
8.1|96.16|1054|398|5.3|5.3|5|8
8.2|96.33|1054|398|5.3|5.3|5|8
8.3|96.47|1052|398|5.3|5.3|5|8
8.4|96.27|1049|398|5.3|5.3|5|8
8.5|96.4|1049|398|5.3|5.3|5|8
8.6|96.36|1049|398|5.3|5.3|5|8
8.7|96.31|1049|397|5.3|5.3|5|8
8.8|96.44|1049|397|5.3|5.3|5|8
8.9|96.33|1052|397|5.3|5.3|5|8
9|96.37|1049|397|5.3|5.3|5|8
9.1|96.43|1049|397|5.3|5.3|5|8
9.2|96.28|1052|396|5.3|5.3|5|8
9.3|96.39|1052|396|5.3|5.3|5|8
9.4|96.37|1052|396|5.3|5.3|5|8
9.5|96.28|1052|396|5.3|5.3|5|8
9.6|96.41|1052|396|5.3|5.3|5|8
9.7|96.36|1052|396|5.3|5.3|5|8
9.8|96.31|1052|396|5.3|5.3|5|8
9.9|96.4|1052|396|5.3|5.3|5|8
10|96.36|1054|396|5.3|5.3|2|8
10.1|96.14|1054|396|5.3|5.3|2|8
10.2|95.84|1054|396|5.3|5.3|2|8
10.3|95.42|1059|396|5.3|5.3|2|8
10.4|94.95|1229|396|5.3|5.3|2|8
10.5|94.53|1727|396|5.3|5.3|3|8
10.6|94.31|1758|397|5.3|5.3|3|8
10.7|94.17|1765|397|5.3|5.3|3|8
10.8|94.08|1771|396|5.3|5.3|3|8
10.9|93.97|1773|394|5.3|5.3|3|8
11|94.02|1776|394|5.3|5.3|3|8
11.1|94.02|1776|394|5.3|5.3|3|8
11.2|94.01|1778|394|5.3|5.3|3|8
11.3|94.01|1778|394|5.3|5.3|3|8
11.4|94.05|1778|394|5.3|5.3|3|8
11.5|94.05|1781|394|5.3|5.3|3|8
11.6|94.02|1781|394|5.3|5.3|3|8
11.7|94.01|1781|394|5.3|5.3|3|8
11.8|94.02|1784|394|5.3|5.3|3|8
11.9|94.01|1784|394|5.3|5.3|3|8
12|94.05|1786|394|5.3|5.3|3|8
12.1|94.04|1786|394|5.3|5.3|3|8
12.2|94.02|1789|394|5.3|5.3|3|8
12.3|94|1789|394|5.3|5.3|3|8
12.4|94.02|1789|394|5.3|5.3|3|8
12.5|94.02|1791|394|5.3|5.3|4|8
12.6|94.24|1791|394|5.3|5.3|4|8
12.7|94.55|1784|394|5.3|5.3|4|8
12.8|95.06|1709|394|5.3|5.3|4|8
12.9|95.59|1095|394|5.3|5.3|5|8
13|95.88|1072|394|5.3|5.3|5|8
13.1|95.9|1070|393|5.3|5.3|5|8
13.2|95.98|1070|393|5.3|5.3|5|8
13.3|95.97|1070|392|5.3|5.3|5|8
13.4|95.97|1067|392|5.3|5.3|5|8
13.5|95.97|1067|392|5.3|5.3|5|8
13.6|95.97|1067|392|5.3|5.3|5|8
13.7|96.04|1067|392|5.3|5.3|5|8
13.8|96.02|1070|392|5.3|5.3|5|8
13.9|95.93|1070|392|5.3|5.3|5|8
14|95.93|1070|392|5.3|5.3|5|8
14.1|95.94|1067|392|5.3|5.3|5|8
14.2|96.02|1067|392|5.3|5.3|5|8
14.3|96.01|1070|392|5.3|5.3|5|8
14.4|95.97|1070|392|5.3|5.3|5|8
14.5|95.93|1070|392|5.3|5.3|5|8
14.6|95.9|1070|392|5.3|5.3|5|8
14.7|96.01|1067|392|5.3|5.3|5|8
14.8|95.98|1070|392|5.3|5.3|5|8
14.9|95.97|1070|392|5.3|5.3|2|8
15|95.8|1070|392|5.3|5.3|2|8
15.1|95.39|1070|392|5.3|5.3|2|8
15.2|94.99|1168|392|5.3|5.3|2|8
15.3|94.55|1737|392|5.3|5.3|3|8
15.4|94.31|1773|392|5.3|5.3|3|8
15.5|94.17|1789|392|5.3|5.3|3|8
15.6|94.09|1794|392|5.3|5.3|3|8
15.7|94.06|1796|392|5.3|5.3|3|8
15.8|94.05|1796|392|5.3|5.3|3|8
15.9|94.08|1796|392|5.3|5.3|3|8
16|94.08|1796|392|5.3|5.3|3|8
16.1|94.1|1802|392|5.3|5.3|3|8
16.2|94.04|1802|392|5.3|5.3|3|8
16.3|94.06|1799|392|5.3|5.3|3|8
16.4|94.05|1799|392|5.3|5.3|3|8
16.5|94.06|1802|392|5.3|5.3|3|8
16.6|94.09|1802|392|5.3|5.3|3|8
16.7|94.09|1802|392|5.3|5.3|3|8
16.8|94.04|1804|392|5.3|5.3|3|8
16.9|94.06|1804|392|5.3|5.3|3|8
17|94.06|1804|392|5.3|5.3|3|8
17.1|94.05|1804|392|5.3|5.3|3|8
17.2|94.08|1807|392|5.3|5.3|3|8
17.3|94.09|1807|392|5.3|5.3|4|8
17.4|94.27|1807|392|5.3|5.3|4|8
17.5|94.61|1791|392|5.3|5.3|4|8
17.6|95.11|1149|393|5.3|5.3|5|8
17.7|95.39|1088|392|5.3|5.3|5|8
17.8|95.55|1085|392|5.3|5.3|5|8
17.9|95.62|1082|392|5.3|5.3|5|8
18|95.68|1082|392|5.3|5.3|5|8
18.1|95.59|1080|392|5.3|5.3|5|8
18.2|95.59|1080|392|5.3|5.3|5|8
18.3|95.62|1080|392|5.3|5.3|5|8
18.4|95.65|1080|392|5.3|5.3|5|8
18.5|95.61|1080|392|5.3|5.3|5|8
18.6|95.58|1080|392|5.3|5.3|5|8
18.7|95.59|1080|392|5.3|5.3|5|8
18.8|95.61|1080|391|5.3|5.3|5|8
18.9|95.61|1080|391|5.3|5.3|5|8
19|95.61|1077|392|5.3|5.3|5|8
19.1|95.63|1080|391|5.3|5.3|5|8
19.2|95.63|1080|391|5.3|5.3|5|8
19.3|95.59|1080|391|5.3|5.3|5|8
19.4|95.59|1080|391|5.3|5.3|5|8
19.5|95.59|1080|391|5.3|5.3|5|8
19.6|95.61|1080|391|5.3|5.3|2|8
19.7|95.5|1082|391|5.3|5.3|2|8
19.8|95.14|1082|391|5.3|5.3|2|8
19.9|94.7|1273|392|5.3|5.3|2|8
20|94.31|1760|391|5.3|5.3|3|8
20.1|93.97|1804|391|5.3|5.3|3|8
20.2|93.93|1809|391|5.3|5.3|3|8
20.3|93.86|1814|391|5.3|5.3|3|8
20.4|93.84|1814|391|5.3|5.3|3|8
20.5|93.82|1817|391|5.3|5.3|3|8
20.6|93.81|1817|391|5.3|5.3|3|8
20.7|93.81|1817|392|5.3|5.3|3|8
20.8|93.81|1822|390|5.3|5.3|3|8
20.9|93.82|1822|389|5.3|5.3|3|8
21|93.85|1822|389|5.3|5.3|3|8
21.1|93.81|1825|388|5.3|5.3|3|8
21.2|93.8|1825|388|5.3|5.3|3|8
21.3|93.84|1825|388|5.3|5.3|3|8
21.4|93.85|1827|388|5.3|5.3|3|8
21.5|93.8|1827|388|5.3|5.3|3|8
21.6|93.8|1825|388|5.3|5.3|3|8
21.7|93.82|1827|388|5.3|5.3|3|8
21.8|93.84|1827|388|5.3|5.3|3|8
21.9|93.81|1830|388|5.3|5.3|3|8
22|93.81|1830|388|5.3|5.3|4|8
22.1|94|1830|388|5.3|5.3|4|8
22.2|94.43|1799|388|5.3|5.3|4|8
22.3|94.88|1116|390|5.3|5.3|5|8
22.4|95.08|1095|389|5.3|5.3|5|8
22.5|95.18|1093|389|5.3|5.3|5|8
22.6|95.26|1090|389|5.3|5.3|5|8
22.7|95.27|1090|388|5.3|5.3|5|8
22.8|95.27|1088|388|5.3|5.3|5|8
22.9|95.27|1088|388|5.3|5.3|5|8
23|95.3|1088|388|5.3|5.3|5|8
23.1|95.25|1088|388|5.3|5.3|5|8
23.2|95.26|1088|388|5.3|5.3|5|8
23.3|95.26|1088|388|5.3|5.3|5|8
23.4|95.29|1088|388|5.3|5.3|5|8
23.5|95.3|1088|388|5.3|5.3|5|8
23.6|95.27|1088|388|5.3|5.3|5|8
23.7|95.26|1088|388|5.3|5.3|5|8
23.8|95.26|1088|388|5.3|5.3|5|8
23.9|95.27|1088|388|5.3|5.3|5|8
24|95.26|1088|388|5.3|5.3|5|8
24.1|95.27|1088|388|5.3|5.3|5|8
24.2|95.26|1085|388|5.3|5.3|5|8
24.3|95.29|1088|388|5.3|5.3|2|8
24.4|95.12|1088|388|5.3|5.3|2|8
24.5|94.64|1088|388|5.3|5.3|2|8
24.6|94.29|1523|388|5.3|5.3|2|8
24.7|93.89|1814|388|5.3|5.3|3|8
24.8|93.7|1830|388|5.3|5.3|3|8
24.9|93.58|1835|388|5.3|5.3|3|8
25|93.55|1835|388|5.3|5.3|3|8
25.1|93.54|1838|388|5.3|5.3|3|8
25.2|93.58|1840|388|5.3|5.3|3|8
25.3|93.58|1840|388|5.3|5.3|3|8
25.4|93.55|1843|388|5.3|5.3|3|8
25.5|93.58|1843|388|5.3|5.3|3|8
25.6|93.54|1845|388|5.3|5.3|3|8
25.7|93.6|1848|388|5.3|5.3|3|8
25.8|93.55|1848|388|5.3|5.3|3|8
25.9|93.57|1848|388|5.3|5.3|3|8
26|93.57|1848|388|5.3|5.3|3|8
26.1|93.57|1851|388|5.3|5.3|3|8
26.2|93.57|1851|388|5.3|5.3|3|8
26.3|93.55|1853|388|5.3|5.3|3|8
26.4|93.54|1853|388|5.3|5.3|3|8
26.5|93.57|1853|388|5.3|5.3|3|8
26.6|93.57|1856|388|5.3|5.3|3|8
26.7|93.6|1856|388|5.3|5.3|4|8
26.8|93.84|1851|388|5.3|5.3|4|8
26.9|94.37|1497|388|5.3|5.3|4|8
27|94.79|1106|389|5.3|5.3|5|8
27.1|94.92|1101|388|5.3|5.3|5|8
27.2|95.08|1098|388|5.3|5.3|5|8
27.3|95.03|1098|388|5.3|5.3|5|8
27.4|95.08|1095|388|5.3|5.3|5|8
27.5|95.11|1093|388|5.3|5.3|5|8
27.6|95.06|1093|388|5.3|5.3|5|8
27.7|95.1|1093|388|5.3|5.3|5|8
27.8|95.06|1093|388|5.3|5.3|5|8
27.9|95.08|1093|388|5.3|5.3|5|8
28|95.08|1090|388|5.3|5.3|5|8
28.1|95.02|1090|388|5.3|5.3|5|8
28.2|95.1|1090|388|5.3|5.3|5|8
28.3|95.06|1090|388|5.3|5.3|5|8
28.4|95.1|1090|388|5.3|5.3|5|8
28.5|95|1090|388|5.3|5.3|5|8
28.6|95.11|1090|388|5.3|5.3|5|8
28.7|95.03|1090|388|5.3|5.3|5|8
28.8|95.1|1090|388|5.3|5.3|5|8
28.9|95|1090|388|5.3|5.3|5|8
29|95.03|1090|387|5.3|5.3|2|8
29.1|94.75|1090|388|5.3|5.3|2|8
29.2|94.4|1093|388|5.3|5.3|2|8
29.3|93.93|1709|387|5.3|5.3|3|8
29.4|93.57|1843|388|5.3|5.3|3|8
29.5|93.43|1856|387|5.3|5.3|3|8
29.6|93.39|1861|387|5.3|5.3|3|8
29.7|93.31|1866|387|5.3|5.3|3|8
29.8|93.29|1866|387|5.3|5.3|3|8
29.9|93.34|1869|387|5.3|5.3|3|8
30|93.33|1869|387|5.3|5.3|3|8
30.1|93.3|1871|387|5.3|5.3|3|8
30.2|93.34|1871|387|5.3|5.3|3|8
30.3|93.31|1874|387|5.3|5.3|3|8
30.4|93.31|1874|387|5.3|5.3|3|8
30.5|93.34|1874|387|5.3|5.3|3|8
30.6|93.31|1874|387|5.3|5.3|3|8
30.7|93.3|1876|387|5.3|5.3|3|8
30.8|93.33|1881|386|5.3|5.3|3|8
30.9|93.33|1884|384|5.3|5.3|3|8
31|93.29|1884|384|5.3|5.3|3|8
31.1|93.33|1884|384|5.3|5.3|3|8
31.2|93.33|1884|384|5.3|5.3|3|8
31.3|93.31|1887|384|5.3|5.3|4|8
31.4|93.42|1887|384|5.3|5.3|4|8
31.5|93.76|1876|384|5.3|5.3|4|8
31.6|94.25|1309|384|5.3|5.3|5|8
31.7|94.56|1108|384|5.3|5.3|5|8
31.8|94.68|1103|384|5.3|5.3|5|8
31.9|94.75|1103|384|5.3|5.3|5|8
32|94.83|1101|384|5.3|5.3|5|8
32.1|94.8|1101|384|5.3|5.3|5|8
32.2|94.79|1098|384|5.3|5.3|5|8
32.3|94.83|1098|384|5.3|5.3|5|8
32.4|94.82|1098|384|5.3|5.3|5|8
32.5|94.79|1098|384|5.3|5.3|5|8
32.6|94.84|1098|384|5.3|5.3|5|8
32.7|94.8|1098|384|5.3|5.3|5|8
32.8|94.79|1098|384|5.3|5.3|5|8
32.9|94.82|1098|384|5.3|5.3|5|8
33|94.82|1095|384|5.3|5.3|5|8
33.1|94.82|1095|384|5.3|5.3|5|8
33.2|94.82|1095|384|5.3|5.3|5|8
33.3|94.82|1095|384|5.3|5.3|5|8
33.4|94.82|1095|384|5.3|5.3|5|8
33.5|94.82|1095|384|5.3|5.3|5|8
33.6|94.82|1095|384|5.3|5.3|2|8
33.7|94.76|1095|384|5.3|5.3|2|8
33.8|94.49|1095|384|5.3|5.3|2|8
33.9|94|1134|384|5.3|5.3|2|8
34|93.61|1820|384|5.3|5.3|3|8
34.1|93.35|1871|383|5.3|5.3|3|8
34.2|93.18|1879|383|5.3|5.3|3|8
34.3|93.13|1884|383|5.3|5.3|3|8
34.4|93.17|1887|383|5.3|5.3|3|8
34.5|93.22|1889|383|5.3|5.3|3|8
34.6|93.11|1889|383|5.3|5.3|3|8
34.7|93.17|1889|383|5.3|5.3|3|8
34.8|93.17|1892|383|5.3|5.3|3|8
34.9|93.19|1892|383|5.3|5.3|3|8
35|93.18|1894|383|5.3|5.3|3|8
35.1|93.11|1894|383|5.3|5.3|3|8
35.2|93.18|1894|383|5.3|5.3|3|8
35.3|93.15|1897|383|5.3|5.3|3|8
35.4|93.17|1894|383|5.3|5.3|3|8
35.5|93.23|1897|383|5.3|5.3|3|8
35.6|93.11|1897|383|5.3|5.3|3|8
35.7|93.19|1899|383|5.3|5.3|3|8
35.8|93.14|1899|383|5.3|5.3|3|8
35.9|93.17|1899|383|5.3|5.3|3|8
36|93.17|1899|383|5.3|5.3|4|8
36.1|93.39|1899|383|5.3|5.3|4|8
36.2|93.8|1869|383|5.3|5.3|4|8
36.3|94.27|1142|384|5.3|5.3|2|8
36.4|94.31|1108|384|5.3|5.3|2|8
36.5|94.4|1106|384|5.3|5.3|2|8
36.6|94.36|1103|384|5.3|5.3|2|8
36.7|94.39|1103|384|5.3|5.3|2|8
36.8|94.28|1103|384|5.3|5.3|2|8
36.9|94.27|1101|384|5.3|5.3|2|8
37|94.12|1101|384|5.3|5.3|2|8
37.1|94.04|1101|384|5.3|5.3|2|8
37.2|93.97|1101|384|5.3|5.3|2|8
37.3|93.92|1101|384|5.3|5.3|2|8
37.4|93.93|1108|384|5.3|5.3|2|8
37.5|93.84|1312|384|5.3|5.3|2|8
37.6|93.84|1335|384|5.3|5.3|2|8
37.7|93.65|1229|384|5.3|5.3|2|8
37.8|93.68|1204|384|5.3|5.3|2|8
37.9|93.51|1216|384|5.3|5.3|2|8
38|93.58|1309|385|5.3|5.3|2|8
38.1|93.49|1680|384|5.3|5.3|2|8
38.2|93.47|1696|384|5.3|5.3|2|8
38.3|93.68|1691|384|5.3|5.3|2|8
38.4|93.82|1309|384|5.3|5.3|2|8
38.5|93.93|1106|384|5.3|5.3|2|8
38.6|94.05|1101|384|5.3|5.3|2|8
38.7|94|1101|384|5.3|5.3|2|8
38.8|93.92|1098|384|5.3|5.3|2|8
38.9|93.92|1098|384|5.3|5.3|2|8
39|93.86|1098|384|5.3|5.3|2|8
39.1|93.86|1098|384|5.3|5.3|2|8
39.2|93.7|1103|384|5.3|5.3|2|8
39.3|93.64|1106|384|5.3|5.3|2|8
39.4|93.55|1111|384|5.3|5.3|2|8
39.5|93.53|1106|384|5.3|5.3|2|8
39.6|93.51|1175|384|5.3|5.3|2|8
39.7|93.41|1276|384|5.3|5.3|2|8
39.8|93.33|1149|384|5.3|5.3|2|8
39.9|93.22|1193|384|5.3|5.3|2|8
40|93.18|1229|384|5.3|5.3|2|8
40.1|93.23|1258|384|5.3|5.3|2|8
40.2|93.07|1320|384|5.3|5.3|2|8
40.3|92.98|1183|384|5.3|5.3|2|8
40.4|92.98|1327|384|5.3|5.3|2|8
40.5|92.94|1528|384|5.3|5.3|2|8
40.6|92.86|1168|384|5.3|5.3|2|8
40.7|92.9|1103|384|5.3|5.3|2|8
40.8|92.9|1103|384|5.3|5.3|2|8
40.9|92.83|1229|384|5.3|5.3|2|8
41|92.75|1265|384|5.3|5.3|2|8
41.1|92.71|1265|384|5.3|5.3|2|8
41.2|92.67|1149|384|5.3|5.3|2|8
41.3|92.62|1227|384|5.3|5.3|2|8
41.4|92.53|1245|384|5.3|5.3|2|8
41.5|92.37|1183|384|5.3|5.3|2|8
41.6|92.41|1188|384|5.3|5.3|2|8
41.7|92.37|1268|384|5.3|5.3|2|8
41.8|92.24|1250|384|5.3|5.3|2|8
41.9|92.12|1260|384|5.3|5.3|2|8
42|92.09|1173|384|5.3|5.3|2|8
42.1|92.04|1227|384|5.3|5.3|2|8
42.2|91.98|1281|383|5.3|5.3|2|8
42.3|91.93|1268|383|5.3|5.3|2|8
42.4|91.84|1278|384|5.3|5.3|2|8
42.5|91.76|1345|384|5.3|5.3|2|8
42.6|91.72|1309|383|5.3|5.3|2|8
42.7|91.57|1245|383|5.3|5.3|2|8
42.8|91.56|1291|384|5.3|5.3|2|8
42.9|91.53|1335|384|5.3|5.3|2|8
43|91.37|1278|384|5.3|5.3|2|8
43.1|91.29|1250|383|5.3|5.3|2|8
43.2|91.22|1260|384|5.3|5.3|2|8
43.3|91.13|1263|384|5.3|5.3|2|8
43.4|90.99|1175|384|5.3|5.3|2|8
43.5|90.96|1232|384|5.3|5.3|2|8
43.6|90.9|1258|384|5.3|5.3|2|8
43.7|90.79|1366|384|5.3|5.3|2|8
43.8|90.6|1209|384|5.3|5.3|2|8
43.9|90.6|1242|384|5.3|5.3|2|8
44|90.51|1211|384|5.3|5.3|2|8
44.1|90.44|1330|384|5.3|5.3|2|8
44.2|90.35|1286|384|5.3|5.3|2|8
44.3|90.28|1232|383|5.3|5.3|2|8
44.4|90.13|1438|384|5.3|5.3|2|8
44.5|90.04|1253|384|5.3|5.3|2|8
44.6|89.9|1242|384|5.3|5.3|2|8
44.7|89.84|1291|384|5.3|5.3|2|8
44.8|89.74|1204|384|5.3|5.3|2|8
44.9|89.61|1258|384|5.3|5.3|2|8
45|89.5|1235|384|5.3|5.3|2|8
45.1|89.43|1320|384|5.3|5.3|2|8
45.2|89.31|1152|384|5.3|5.3|2|8
45.3|89.17|1155|384|5.3|5.3|2|8
45.4|89.09|1222|383|5.3|5.3|2|8
45.5|88.99|1250|383|5.3|5.3|2|8
45.6|88.86|1307|384|5.3|5.3|2|8
45.7|88.75|1309|384|5.3|5.3|2|8
45.8|88.62|1271|384|5.3|5.3|2|8
45.9|88.54|1242|383|5.3|5.3|2|8
46|88.37|1229|384|5.3|5.3|2|8
46.1|88.25|1284|383|5.3|5.3|2|8
46.2|88.12|1335|384|5.3|5.3|2|8
46.3|88.04|1227|384|5.3|5.3|2|8
46.4|87.9|1299|383|5.3|5.3|2|8
46.5|87.74|1229|384|5.3|5.3|2|8
46.6|87.62|1317|384|5.3|5.3|2|8
46.7|87.48|1232|384|5.3|5.3|2|8
46.8|87.41|1268|384|5.3|5.3|2|8
46.9|87.25|1168|384|5.3|5.3|2|8
47|87.05|1273|383|5.3|5.3|2|8
47.1|86.97|1265|384|5.3|5.3|2|8
47.2|86.79|1327|384|5.3|5.3|2|8
47.3|86.68|1284|384|5.3|5.3|2|8
47.4|86.55|1379|384|5.3|5.3|2|8
47.5|86.39|1376|384|5.3|5.3|2|8
47.6|86.2|1299|384|5.3|5.3|2|8
47.7|86.08|1356|384|5.3|5.3|2|8
47.8|85.91|1361|384|5.3|5.3|2|8
47.9|85.73|1247|384|5.3|5.3|2|8
48|85.56|1327|384|5.3|5.3|2|8
48.1|85.46|1291|384|5.3|5.3|2|8
48.2|85.23|1505|384|5.3|5.3|2|8
48.3|85.1|1222|384|5.3|5.3|2|8
48.4|85.02|1170|383|5.3|5.3|2|8
48.5|84.94|1278|384|5.3|5.3|2|8
48.6|84.91|1211|384|5.3|5.3|2|8
48.7|84.79|1320|384|5.3|5.3|2|8
48.8|84.68|1247|383|5.3|5.3|2|8
48.9|84.58|1196|384|5.3|5.3|2|8
49|84.5|1147|384|5.3|5.3|2|8
49.1|84.38|1229|384|5.3|5.3|2|8
49.2|84.35|1255|384|5.3|5.3|2|8
49.3|84.17|1247|384|5.3|5.3|2|8
49.4|84.13|1237|384|5.3|5.3|2|8
49.5|83.87|1379|384|5.3|5.3|2|8
49.6|83.92|1250|383|5.3|5.3|2|8
49.7|83.65|1325|383|5.3|5.3|2|8
49.8|83.54|1255|384|5.3|5.3|2|8
49.9|83.38|1307|383|5.3|5.3|2|8
50|83.18|1229|384|5.3|5.3|2|8
50.1|83.06|1361|384|5.3|5.3|2|8
50.2|82.35|1838|383|5.3|5.3|6|8
50.3|80.01|1969|382|5.3|5.3|6|8
50.4|77.44|196|382|5.3|5.3|7|8
50.5|75.21|0|384|5.3|5.3|7|8
50.6|73.76|0|384|5.3|5.3|7|8
50.7|72.96|0|384|5.3|5.3|7|8
50.8|72.55|0|384|5.3|5.3|7|8
50.9|72.39|0|384|5.3|5.3|7|8
51|72.22|0|384|5.3|5.3|7|8
51.1|72.15|0|384|5.3|5.3|7|8
51.2|72.1|0|384|5.3|5.3|7|8
51.3|72.19|0|384|5.3|5.3|7|8
51.4|72.15|0|384|5.3|5.3|7|8
51.5|72.14|0|384|5.3|5.3|7|8
51.6|72.14|0|384|5.3|5.3|7|8
51.7|72.15|0|384|5.3|5.3|7|8
51.8|72.15|0|384|5.3|5.3|7|8
51.9|72.15|0|384|5.3|5.3|7|8
52|72.15|0|384|5.3|5.3|7|8
52.1|72.11|0|384|5.3|5.3|7|8
52.2|72.16|0|384|5.3|5.3|7|8
52.3|72.16|0|384|5.3|5.3|7|8
52.4|72.15|0|384|5.3|5.3|7|8
52.5|72.14|0|384|5.3|5.3|7|8
52.6|72.11|0|384|5.3|5.3|7|8
52.7|72.15|0|384|5.3|5.3|7|8
52.8|72.18|0|384|5.3|5.3|7|8
52.9|72.12|0|384|5.3|5.3|7|8
53|72.14|0|384|5.3|5.3|7|8
53.1|72.12|0|384|5.3|5.3|7|8
53.2|72.12|0|384|5.3|5.3|7|8
53.3|72.14|0|384|5.3|5.3|7|8
53.4|72.12|0|384|5.3|5.3|7|8
53.5|72.11|0|384|5.3|5.3|7|8
53.6|72.06|0|384|5.3|5.3|7|8
53.7|72.16|0|384|5.3|5.3|7|8
53.8|72.12|0|384|5.3|5.3|7|8
53.9|72.12|0|384|5.3|5.3|7|8
54|72.12|0|384|5.3|5.3|7|8
54.1|72.12|0|384|5.3|5.3|7|8
54.2|72.11|0|384|5.3|5.3|7|8
54.3|72.07|0|384|5.3|5.3|7|8
54.4|72.12|0|384|5.3|5.3|7|8
54.5|72.15|0|384|5.3|5.3|7|8
54.6|72.14|0|384|5.3|5.3|7|8
54.7|72.11|0|384|5.3|5.3|7|8
54.8|72.1|0|384|5.3|5.3|7|8
54.9|72.1|0|384|5.3|5.3|7|8
55|72.08|0|384|5.3|5.3|7|8
55.1|72.14|0|384|5.3|5.3|7|8
55.2|72.14|0|384|5.3|5.3|7|8
55.3|72.12|0|384|5.3|5.3|7|8
55.4|72.11|0|384|5.3|5.3|7|8
55.5|72.11|0|384|5.3|5.3|7|8
55.6|72.14|0|384|5.3|5.3|7|8
55.7|72.15|0|384|5.3|5.3|7|8
55.8|72.11|0|384|5.3|5.3|7|8
55.9|72.11|0|384|5.3|5.3|7|8
56|72.11|0|384|5.3|5.3|7|8
56.1|72.06|0|384|5.3|5.3|7|8
56.2|72.07|0|384|5.3|5.3|7|8
56.3|72.06|0|384|5.3|5.3|7|8
56.4|72.1|0|384|5.3|5.3|7|8
56.5|72.14|0|384|5.3|5.3|7|8
56.6|72.12|0|384|5.3|5.3|7|8
56.7|72.12|0|384|5.3|5.3|7|8
56.8|72.15|0|384|5.3|5.3|7|8
56.9|72.1|0|384|5.3|5.3|7|8
57|72.07|0|384|5.3|5.3|7|8
57.1|72.04|0|384|5.3|5.3|7|8
57.2|72.12|0|384|5.3|5.3|7|8
57.3|72.14|0|384|5.3|5.3|7|8
57.4|72.12|0|384|5.3|5.3|7|8
57.5|72.14|0|384|5.3|5.3|7|8
57.6|72.1|0|384|5.3|5.3|7|8
57.7|72.06|0|384|5.3|5.3|7|8
57.8|72.06|0|384|5.3|5.3|7|8
57.9|72.14|0|384|5.3|5.3|7|8
58|72.12|0|384|5.3|5.3|7|8
58.1|72.12|0|384|5.3|5.3|7|8
58.2|72.14|0|384|5.3|5.3|7|8
58.3|72.07|0|384|5.3|5.3|7|8
58.4|72.06|0|384|5.3|5.3|7|8
58.5|72.06|0|384|5.3|5.3|7|8
58.6|72.11|0|384|5.3|5.3|7|8
58.7|72.14|0|384|5.3|5.3|7|8
58.8|72.12|0|384|5.3|5.3|7|8
58.9|72.14|0|384|5.3|5.3|7|8
59|72.1|0|384|5.3|5.3|7|8
59.1|72.08|0|384|5.3|5.3|7|8
59.2|72.06|0|384|5.3|5.3|7|8
59.3|72.06|0|384|5.3|5.3|7|8
59.4|72.12|0|384|5.3|5.3|7|8
59.5|72.14|0|384|5.3|5.3|7|8
59.6|72.12|0|384|5.3|5.3|7|8
59.7|72.14|0|384|5.3|5.3|7|8
59.8|72.1|0|384|5.3|5.3|7|8
59.9|72.08|0|384|5.3|5.3|7|8
60|72.06|0|384|5.3|5.3|7|8
60.1|72.04|0|384|5.3|5.3|7|8
60.2|72.1|0|384|5.3|5.3|7|8
60.3|72.14|0|384|5.3|5.3|7|8
60.4|72.11|0|384|5.3|5.3|7|8
60.5|72.14|0|384|5.3|5.3|7|8
60.6|72.1|0|384|5.3|5.3|7|8
60.7|72.1|0|384|5.3|5.3|7|8
60.8|72.1|0|387|5.3|5.3|7|8
60.9|72.1|0|390|5.3|5.3|7|8
61|72.1|0|390|5.3|5.3|7|8
61.1|72.1|0|390|5.3|5.3|7|8
61.2|72.1|0|390|5.3|5.3|7|8
61.3|72.1|0|390|5.3|5.3|7|8
61.4|72.1|0|390|5.3|5.3|7|8
61.5|72.1|0|390|5.3|5.3|7|8
61.6|72.1|0|390|5.3|5.3|7|8
61.7|72.1|0|390|5.3|5.3|7|8
61.8|72.1|0|390|5.3|5.3|7|8
61.9|72.1|0|390|5.3|5.3|7|8
62|72.1|0|390|5.3|5.3|7|8
62.1|72.08|0|390|5.3|5.3|7|8
62.2|72.07|0|390|5.3|5.3|7|8
62.3|72.07|0|390|5.3|5.3|7|8
62.4|72.04|0|390|5.3|5.3|7|8
62.5|72.11|0|390|5.3|5.3|7|8
62.6|72.11|0|390|5.3|5.3|7|8
62.7|72.14|0|390|5.3|5.3|7|8
62.8|72.11|0|390|5.3|5.3|7|8
62.9|72.12|0|390|5.3|5.3|7|8
63|72.16|0|390|5.3|5.3|7|8
63.1|72.06|0|390|5.3|5.3|7|8
63.2|72.1|0|390|5.3|5.3|7|8
63.3|72.06|0|390|5.3|5.3|7|8
63.4|72.07|0|390|5.3|5.3|8|8
63.5|72.02|0|390|5.3|5.3|8|8
63.6|72.04|0|390|5.3|5.3|8|8
63.7|71.99|0|390|5.3|5.3|8|8
63.8|71.92|0|390|5.3|5.3|8|8
63.9|71.99|0|390|5.3|5.3|8|8
64|71.96|0|390|5.3|5.3|8|8
64.1|72|0|390|5.3|5.3|8|8
64.2|72|0|390|5.3|5.3|8|8
64.3|72.04|0|390|5.3|5.3|8|8
64.4|72.08|0|390|5.3|5.3|8|8
64.5|72.04|0|390|5.3|5.3|8|8
64.6|72.04|0|390|5.3|5.3|8|8
64.7|72.02|0|390|5.2|5.2|8|8
64.8|72.02|0|390|5.2|5.2|8|8
64.9|72.02|0|390|5.2|5.2|8|8
65|72.02|0|390|5.2|5.2|8|8
65.1|72.02|0|390|5.2|5.2|8|8
65.2|71.96|0|390|5.2|5.2|8|8
65.3|72.02|0|390|5.2|5.2|8|8
65.4|72.04|0|390|5.2|5.2|8|8
65.5|74.18|0|390|5.2|5.2|8|8
65.6|77.13|0|390|5.2|5.2|8|8
65.7|80.19|0|390|5.2|5.2|8|8
65.8|83.17|0|390|5.2|5.2|8|8
65.9|86.12|0|390|5.2|5.2|8|8
66|89.02|0|390|5.2|5.2|8|8
66.1|92|0|390|5.1|5.1|8|8
66.2|94.39|0|390|5.2|5.2|8|8
66.3|95.38|0|390|5.2|5.2|8|8
66.4|95.82|0|390|5.2|5.2|8|8
