0|96|985|414|5.1|5.1|1|8
0.1|96|1026|418|5.1|5.1|1|8
0.2|96|1031|420|5.1|5.1|1|8
0.3|95.98|1031|420|5.1|5.1|1|8
0.4|95.96|1031|420|5.1|5.1|1|8
0.5|95.97|1034|420|5.1|5.1|2|8
0.6|95.72|1175|421|5.1|5.1|2|8
0.7|95.26|1392|422|5.1|5.1|2|8
0.8|94.96|1665|423|5.1|5.1|3|8
0.9|94.67|1701|424|5.1|5.1|3|8
1|94.66|1716|425|5.1|5.1|3|8
1.1|94.59|1724|426|5.1|5.1|3|8
1.2|94.52|1729|426|5.1|5.1|3|8
1.3|94.53|1737|426|5.1|5.1|3|8
1.4|94.51|1740|426|5.1|5.1|3|8
1.5|94.47|1742|426|5.1|5.1|3|8
1.6|94.45|1747|426|5.1|5.1|3|8
1.7|94.49|1747|426|5.1|5.1|3|8
1.8|94.51|1750|426|5.1|5.1|3|8
1.9|94.51|1750|426|5.1|5.1|3|8
2|94.49|1753|426|5.1|5.1|3|8
2.1|94.49|1753|426|5.1|5.1|3|8
2.2|94.44|1755|426|5.2|5.2|3|8
2.3|94.49|1755|426|5.2|5.2|3|8
2.4|94.48|1758|426|5.2|5.2|3|8
2.5|94.51|1755|426|5.2|5.2|3|8
2.6|94.49|1755|426|5.2|5.2|3|8
2.7|94.44|1755|426|5.2|5.2|3|8
2.8|94.47|1755|426|5.2|5.2|4|8
2.9|94.68|1747|426|5.2|5.2|4|8
3|95.1|1678|426|5.2|5.2|4|8
3.1|95.65|1348|426|5.2|5.2|5|8
3.2|96.04|1057|423|5.2|5.2|5|8
3.3|96.16|1052|422|5.2|5.2|5|8
3.4|96.2|1049|422|5.2|5.2|5|8
3.5|96.21|1049|422|5.2|5.2|5|8
3.6|96.21|1049|422|5.2|5.2|5|8
3.7|96.28|1046|422|5.2|5.2|5|8
3.8|96.31|1046|421|5.2|5.2|5|8
3.9|96.29|1044|421|5.2|5.2|5|8
4|96.27|1044|422|5.2|5.2|5|8
4.1|96.27|1044|422|5.2|5.2|5|8
4.2|96.25|1044|422|5.2|5.2|5|8
4.3|96.2|1044|422|5.2|5.2|5|8
4.4|96.27|1044|422|5.2|5.2|5|8
4.5|96.28|1044|422|5.2|5.2|5|8
4.6|96.31|1044|421|5.2|5.2|5|8
4.7|96.27|1044|421|5.2|5.2|5|8
4.8|96.27|1044|421|5.2|5.2|5|8
4.9|96.28|1044|422|5.2|5.2|5|8
5|96.29|1044|422|5.2|5.2|5|8
5.1|96.24|1046|422|5.2|5.2|2|8
5.2|96.28|1044|422|5.2|5.2|2|8
5.3|95.96|1044|422|5.2|5.2|2|8
5.4|95.49|1044|421|5.2|5.2|2|8
5.5|95.06|1134|422|5.2|5.2|2|8
5.6|94.67|1660|424|5.2|5.2|3|8
5.7|94.4|1737|426|5.2|5.2|3|8
5.8|94.25|1755|426|5.2|5.2|3|8
5.9|94.09|1765|427|5.2|5.2|3|8
6|94.02|1768|427|5.2|5.2|3|8
6.1|94.05|1773|427|5.2|5.2|3|8
6.2|94.05|1776|427|5.2|5.2|3|8
6.3|94.08|1776|428|5.2|5.2|3|8
6.4|94.04|1778|427|5.2|5.2|3|8
6.5|94.08|1781|428|5.2|5.2|3|8
6.6|94.04|1784|428|5.3|5.2|3|8
6.7|94|1786|428|5.3|5.2|3|8
6.8|94.02|1786|428|5.3|5.3|3|8
6.9|94.04|1789|428|5.3|5.3|3|8
7|94.04|1789|428|5.3|5.3|3|8
7.1|94.04|1791|428|5.3|5.3|3|8
7.2|94.06|1791|428|5.3|5.3|3|8
7.3|94.02|1791|428|5.3|5.3|3|8
7.4|94.04|1794|428|5.3|5.3|3|8
7.5|94.04|1794|428|5.3|5.3|3|8
7.6|94.05|1794|428|5.3|5.3|4|8
7.7|94.19|1796|428|5.3|5.3|4|8
7.8|94.47|1760|428|5.3|5.3|4|8
7.9|95|1593|427|5.3|5.3|4|8
8|95.41|1070|424|5.3|5.3|5|8
8.1|95.63|1059|423|5.3|5.3|5|8
8.2|95.7|1057|422|5.3|5.3|5|8
8.3|95.74|1054|422|5.3|5.3|5|8
8.4|95.74|1054|422|5.3|5.3|5|8
8.5|95.77|1052|422|5.3|5.3|5|8
8.6|95.8|1049|422|5.3|5.3|5|8
8.7|95.82|1049|422|5.3|5.3|5|8
8.8|95.78|1049|422|5.3|5.3|5|8
8.9|95.78|1049|422|5.3|5.3|5|8
9|95.78|1049|422|5.3|5.3|5|8
9.1|95.77|1049|422|5.3|5.3|5|8
9.2|95.76|1049|422|5.3|5.3|5|8
9.3|95.73|1049|422|5.3|5.3|5|8
9.4|95.76|1049|422|5.3|5.3|5|8
9.5|95.76|1049|422|5.3|5.3|5|8
9.6|95.77|1049|422|5.3|5.3|5|8
9.7|95.76|1049|422|5.3|5.3|5|8
9.8|95.8|1049|422|5.3|5.3|5|8
9.9|95.84|1049|422|5.3|5.3|5|8
10|95.77|1046|422|5.3|5.3|2|8
10.1|95.49|1046|422|5.3|5.3|2|8
10.2|95.15|1046|422|5.3|5.3|2|8
10.3|94.71|1116|422|5.3|5.3|2|8
10.4|94.29|1665|424|5.3|5.3|3|8
10.5|93.94|1760|426|5.3|5.3|3|8
10.6|93.81|1781|427|5.3|5.3|3|8
10.7|93.7|1789|428|5.3|5.3|3|8
10.8|93.62|1817|420|5.3|5.3|3|8
10.9|93.73|1825|404|5.3|5.3|3|8
11|93.61|1827|398|5.3|5.3|3|8
11.1|93.76|1827|396|5.3|5.3|3|8
11.2|93.62|1830|396|5.3|5.3|3|8
11.3|93.64|1832|396|5.3|5.3|3|8
11.4|93.73|1832|396|5.3|5.3|3|8
11.5|93.6|1832|396|5.3|5.3|3|8
11.6|93.7|1835|396|5.4|5.3|3|8
11.7|93.61|1835|396|5.4|5.3|3|8
11.8|93.66|1838|396|5.4|5.4|3|8
11.9|93.64|1838|396|5.4|5.4|3|8
12|93.65|1840|395|5.4|5.4|3|8
12.1|93.64|1840|396|5.4|5.4|3|8
12.2|93.65|1840|395|5.4|5.4|3|8
12.3|93.65|1840|395|5.4|5.4|3|8
12.4|93.64|1843|395|5.4|5.4|4|8
12.5|93.74|1843|395|5.4|5.4|4|8
12.6|94.09|1822|395|5.4|5.4|4|8
12.7|94.56|1613|396|5.4|5.4|4|8
12.8|94.96|1082|394|5.4|5.4|5|8
12.9|95.11|1072|394|5.4|5.4|5|8
13|95.18|1070|394|5.4|5.4|5|8
13.1|95.22|1070|394|5.4|5.4|5|8
13.2|95.33|1067|394|5.4|5.4|5|8
13.3|95.27|1067|394|5.4|5.4|5|8
13.4|95.27|1064|394|5.4|5.4|5|8
13.5|95.26|1064|394|5.4|5.4|5|8
13.6|95.25|1064|394|5.4|5.4|5|8
13.7|95.3|1064|394|5.4|5.4|5|8
13.8|95.27|1062|394|5.4|5.4|5|8
13.9|95.27|1062|394|5.4|5.4|5|8
14|95.23|1062|394|5.4|5.4|5|8
14.1|95.3|1062|394|5.4|5.4|5|8
14.2|95.27|1062|394|5.4|5.4|5|8
14.3|95.22|1062|394|5.4|5.4|5|8
14.4|95.31|1062|394|5.4|5.4|5|8
14.5|95.27|1062|394|5.4|5.4|5|8
14.6|95.22|1062|394|5.4|5.4|5|8
14.7|95.3|1062|394|5.4|5.4|5|8
14.8|95.25|1062|394|5.4|5.4|2|8
14.9|94.96|1062|394|5.4|5.4|2|8
15|94.61|1064|394|5.4|5.4|2|8
15.1|94.15|1392|394|5.4|5.4|2|8
15.2|93.82|1784|395|5.4|5.4|3|8
15.3|93.58|1814|396|5.4|5.4|3|8
15.4|93.55|1830|396|5.4|5.4|3|8
15.5|93.38|1838|396|5.4|5.4|3|8
15.6|93.41|1843|396|5.4|5.4|3|8
15.7|93.41|1843|396|5.4|5.4|3|8
15.8|93.42|1845|396|5.4|5.4|3|8
15.9|93.42|1848|396|5.4|5.4|3|8
16|93.42|1848|396|5.4|5.4|3|8
16.1|93.38|1851|396|5.4|5.4|3|8
16.2|93.43|1851|396|5.4|5.4|3|8
16.3|93.41|1853|396|5.4|5.4|3|8
16.4|93.38|1853|396|5.4|5.4|3|8
16.5|93.42|1856|396|5.4|5.4|3|8
16.6|93.42|1856|396|5.4|5.4|3|8
16.7|93.39|1856|396|5.4|5.4|3|8
16.8|93.41|1856|396|5.4|5.4|3|8
16.9|93.45|1858|396|5.4|5.4|3|8
17|93.41|1858|396|5.4|5.4|3|8
17.1|93.39|1858|396|5.4|5.4|3|8
17.2|93.46|1858|396|5.4|5.4|4|8
17.3|93.62|1856|396|5.4|5.4|4|8
17.4|94.12|1768|396|5.4|5.4|4|8
17.5|94.61|1116|396|5.4|5.4|5|8
17.6|94.91|1077|394|5.4|5.4|5|8
17.7|95.02|1075|394|5.4|5.4|5|8
17.8|94.87|1072|394|5.4|5.4|5|8
17.9|94.98|1070|394|5.4|5.4|5|8
18|95|1070|394|5.4|5.4|5|8
18.1|95.07|1070|394|5.4|5.4|5|8
18.2|95.02|1067|394|5.4|5.4|5|8
18.3|94.99|1067|394|5.4|5.4|5|8
18.4|94.98|1064|394|5.4|5.4|5|8
18.5|95.06|1064|394|5.4|5.4|5|8
18.6|95|1064|394|5.4|5.4|5|8
18.7|94.99|1064|394|5.4|5.4|5|8
18.8|95|1064|394|5.4|5.4|5|8
18.9|95.02|1064|394|5.4|5.4|5|8
19|95.04|1064|394|5.4|5.4|5|8
19.1|95|1067|394|5.4|5.4|5|8
19.2|95.02|1064|394|5.4|5.4|5|8
19.3|95|1067|394|5.4|5.4|5|8
19.4|95|1067|394|5.4|5.4|5|8
19.5|95.06|1067|394|5.4|5.4|2|8
19.6|94.91|1064|394|5.4|5.4|2|8
19.7|94.55|1064|394|5.4|5.4|2|8
19.8|94.02|1204|394|5.4|5.4|2|8
19.9|93.66|1763|394|5.4|5.4|3|8
20|93.42|1814|396|5.4|5.4|3|8
20.1|93.34|1830|396|5.4|5.4|3|8
20.2|93.18|1840|396|5.4|5.4|3|8
20.3|93.19|1845|396|5.4|5.4|3|8
20.4|93.23|1851|396|5.4|5.4|3|8
20.5|93.22|1853|396|5.4|5.4|3|8
20.6|93.22|1856|396|5.4|5.4|3|8
20.7|93.22|1856|396|5.4|5.4|3|8
20.8|93.19|1858|396|5.4|5.4|3|8
20.9|93.25|1858|396|5.4|5.4|3|8
21|93.25|1861|396|5.4|5.4|3|8
21.1|93.22|1861|396|5.4|5.4|3|8
21.2|93.21|1861|396|5.4|5.4|3|8
21.3|93.19|1863|396|5.4|5.4|3|8
21.4|93.21|1863|396|5.4|5.4|3|8
21.5|93.22|1866|396|5.4|5.4|3|8
21.6|93.21|1866|396|5.4|5.4|3|8
21.7|93.21|1869|396|5.4|5.4|3|8
21.8|93.21|1869|396|5.4|5.4|3|8
21.9|93.19|1869|396|5.4|5.4|4|8
22|93.38|1866|396|5.4|5.4|4|8
22.1|93.73|1843|396|5.4|5.4|4|8
22.2|94.29|1219|396|5.4|5.4|5|8
22.3|94.6|1080|395|5.4|5.4|5|8
22.4|94.68|1075|394|5.4|5.4|5|8
22.5|94.74|1072|394|5.4|5.4|5|8
22.6|94.87|1072|394|5.4|5.4|5|8
22.7|94.8|1070|394|5.4|5.4|5|8
22.8|94.76|1067|394|5.4|5.4|5|8
22.9|94.84|1067|394|5.4|5.4|5|8
23|94.82|1067|394|5.4|5.4|5|8
23.1|94.76|1064|394|5.4|5.4|5|8
23.2|94.84|1064|394|5.4|5.4|5|8
23.3|94.83|1062|394|5.4|5.4|5|8
23.4|94.79|1064|394|5.4|5.4|5|8
23.5|94.82|1064|394|5.4|5.4|5|8
23.6|94.83|1064|394|5.4|5.4|5|8
23.7|94.82|1062|394|5.4|5.4|5|8
23.8|94.82|1064|394|5.4|5.4|5|8
23.9|94.82|1064|394|5.4|5.4|5|8
24|94.82|1062|394|5.4|5.4|5|8
24.1|94.82|1062|394|5.4|5.4|5|8
24.2|94.82|1064|394|5.4|5.4|2|8
24.3|94.72|1062|394|5.4|5.4|2|8
24.4|94.44|1062|394|5.4|5.4|2|8
24.5|93.97|1129|394|5.4|5.4|2|8
24.6|93.58|1740|395|5.4|5.4|3|8
24.7|93.37|1814|396|5.4|5.4|3|8
24.8|93.18|1835|396|5.4|5.4|3|8
24.9|93.19|1845|396|5.4|5.4|3|8
25|93.17|1856|396|5.4|5.4|3|8
25.1|93|1861|396|5.4|5.4|3|8
25.2|93.1|1863|396|5.4|5.4|3|8
25.3|93.09|1863|396|5.4|5.4|3|8
25.4|93.04|1866|396|5.4|5.4|3|8
25.5|93.09|1866|396|5.4|5.4|3|8
25.6|93.07|1866|396|5.4|5.4|3|8
25.7|93.07|1869|396|5.4|5.4|3|8
25.8|93.04|1869|396|5.4|5.4|3|8
25.9|93.07|1869|396|5.4|5.4|3|8
26|93.09|1869|396|5.4|5.4|3|8
26.1|93.07|1871|396|5.4|5.4|3|8
26.2|93.04|1871|396|5.4|5.4|3|8
26.3|93.06|1871|396|5.4|5.4|3|8
26.4|93.07|1871|396|5.4|5.4|3|8
26.5|93.09|1874|396|5.4|5.4|3|8
26.6|93.07|1874|396|5.4|5.4|4|8
26.7|93.15|1874|396|5.4|5.4|4|8
26.8|93.49|1856|396|5.4|5.4|4|8
26.9|94.01|1343|396|5.4|5.4|5|8
27|94.37|1080|395|5.4|5.4|5|8
27.1|94.49|1075|394|5.4|5.4|5|8
27.2|94.64|1072|394|5.4|5.4|5|8
27.3|94.63|1070|394|5.4|5.4|5|8
27.4|94.61|1070|394|5.4|5.4|5|8
27.5|94.6|1067|394|5.4|5.4|5|8
27.6|94.63|1067|394|5.4|5.4|5|8
27.7|94.64|1064|394|5.4|5.4|5|8
27.8|94.6|1064|394|5.4|5.4|5|8
27.9|94.6|1064|394|5.4|5.4|5|8
28|94.63|1064|394|5.4|5.4|5|8
28.1|94.61|1062|394|5.4|5.4|5|8
28.2|94.61|1062|394|5.4|5.4|5|8
28.3|94.61|1062|394|5.4|5.4|5|8
28.4|94.61|1064|394|5.4|5.4|5|8
28.5|94.61|1062|394|5.4|5.4|5|8
28.6|94.64|1062|394|5.4|5.4|5|8
28.7|94.61|1062|394|5.4|5.4|5|8
28.8|94.6|1062|394|5.4|5.4|5|8
28.9|94.64|1064|394|5.4|5.4|2|8
29|94.56|1064|394|5.4|5.4|2|8
29.1|94.28|1064|394|5.4|5.4|2|8
29.2|93.86|1121|394|5.4|5.4|2|8
29.3|93.43|1747|395|5.4|5.4|3|8
29.4|93.25|1817|396|5.4|5.4|3|8
29.5|93.11|1838|396|5.4|5.4|3|8
29.6|93.02|1848|396|5.4|5.4|3|8
29.7|93.03|1856|396|5.4|5.4|3|8
29.8|93.02|1863|396|5.4|5.4|3|8
29.9|93|1869|396|5.4|5.4|3|8
30|92.98|1871|396|5.4|5.4|3|8
30.1|92.95|1871|396|5.4|5.4|3|8
30.2|92.95|1874|396|5.4|5.4|3|8
30.3|92.96|1874|396|5.4|5.4|3|8
30.4|92.96|1874|396|5.4|5.4|3|8
30.5|92.95|1876|396|5.4|5.4|3|8
30.6|92.96|1876|396|5.4|5.4|3|8
30.7|92.96|1876|396|5.4|5.4|3|8
30.8|92.96|1876|396|5.4|5.4|3|8
30.9|92.98|1876|396|5.4|5.4|3|8
31|92.94|1876|396|5.4|5.4|3|8
31.1|92.99|1876|396|5.4|5.4|3|8
31.2|92.96|1876|396|5.4|5.4|3|8
31.3|92.96|1879|396|5.4|5.4|4|8
31.4|93.06|1879|396|5.4|5.4|4|8
31.5|93.42|1851|396|5.4|5.4|4|8
31.6|93.93|1170|396|5.4|5.4|5|8
31.7|94.32|1077|396|5.4|5.4|5|8
31.8|94.36|1075|395|5.4|5.4|5|8
31.9|94.41|1072|395|5.4|5.4|5|8
32|94.43|1070|394|5.4|5.4|5|8
32.1|94.48|1067|394|5.4|5.4|5|8
32.2|94.51|1067|394|5.4|5.4|5|8
32.3|94.47|1064|394|5.4|5.4|5|8
32.4|94.44|1064|394|5.4|5.4|5|8
32.5|94.44|1062|395|5.4|5.4|5|8
32.6|94.48|1062|394|5.4|5.4|5|8
32.7|94.49|1062|394|5.4|5.4|5|8
32.8|94.47|1062|394|5.4|5.4|5|8
32.9|94.44|1062|394|5.4|5.4|5|8
33|94.44|1062|394|5.4|5.4|5|8
33.1|94.48|1062|395|5.4|5.4|5|8
33.2|94.49|1062|395|5.4|5.4|5|8
33.3|94.47|1062|394|5.4|5.4|5|8
33.4|94.45|1062|394|5.4|5.4|5|8
33.5|94.44|1062|394|5.4|5.4|5|8
33.6|94.47|1062|394|5.4|5.4|2|8
33.7|94.41|1062|394|5.4|5.4|2|8
33.8|94|1062|394|5.4|5.4|2|8
33.9|93.61|1178|395|5.4|5.4|2|8
34|93.25|1778|396|5.4|5.4|3|8
34.1|93.04|1825|396|5.4|5.4|3|8
34.2|92.95|1843|396|5.4|5.4|3|8
34.3|92.91|1853|397|5.4|5.4|3|8
34.4|92.78|1861|396|5.4|5.4|3|8
34.5|92.8|1866|397|5.4|5.4|3|8
34.6|92.87|1869|397|5.4|5.4|3|8
34.7|92.79|1874|397|5.4|5.4|3|8
34.8|92.82|1876|397|5.4|5.4|3|8
34.9|92.84|1876|397|5.4|5.4|3|8
35|92.8|1879|397|5.4|5.4|3|8
35.1|92.8|1879|397|5.4|5.4|3|8
35.2|92.83|1879|397|5.4|5.4|3|8
35.3|92.82|1879|397|5.4|5.4|3|8
35.4|92.8|1881|397|5.4|5.4|3|8
35.5|92.8|1881|397|5.4|5.4|3|8
35.6|92.82|1881|397|5.4|5.4|3|8
35.7|92.82|1884|397|5.4|5.4|3|8
35.8|92.79|1884|397|5.4|5.4|3|8
35.9|92.82|1884|397|5.4|5.4|3|8
36|92.83|1884|397|5.4|5.4|4|8
36.1|92.94|1884|397|5.4|5.4|4|8
36.2|93.37|1825|397|5.4|5.4|4|8
36.3|93.85|1113|397|5.4|5.4|2|8
36.4|93.93|1075|396|5.4|5.4|2|8
36.5|94.01|1072|396|5.4|5.4|2|8
36.6|93.96|1070|396|5.4|5.4|2|8
36.7|93.93|1067|396|5.4|5.4|2|8
36.8|93.86|1067|396|5.4|5.4|2|8
36.9|93.88|1067|396|5.4|5.4|2|8
37|93.68|1064|396|5.4|5.4|2|8
37.1|93.65|1064|396|5.4|5.4|2|8
37.2|93.58|1064|396|5.4|5.4|2|8
37.3|93.53|1064|395|5.4|5.4|2|8
37.4|93.58|1111|396|5.4|5.4|2|8
37.5|93.39|1108|396|5.4|5.4|2|8
37.6|93.38|1157|396|5.4|5.4|2|8
37.7|93.35|1686|396|5.4|5.4|2|8
37.8|93.3|1745|396|5.4|5.4|2|8
37.9|93.47|1747|396|5.4|5.4|2|8
38|93.6|1724|396|5.4|5.4|2|8
38.1|93.82|1289|397|5.4|5.4|2|8
38.2|93.94|1072|396|5.4|5.4|2|8
38.3|94.01|1067|395|5.4|5.4|2|8
38.4|94.04|1064|395|5.4|5.4|2|8
38.5|93.94|1064|395|5.4|5.4|2|8
38.6|93.93|1062|395|5.4|5.4|2|8
38.7|93.85|1062|395|5.4|5.4|2|8
38.8|93.89|1062|395|5.4|5.4|2|8
38.9|93.69|1070|394|5.4|5.4|2|8
39|93.65|1062|394|5.4|5.4|2|8
39.1|93.55|1088|394|5.4|5.4|2|8
39.2|93.54|1113|394|5.4|5.4|2|8
39.3|93.55|1149|395|5.4|5.4|2|8
39.4|93.38|1598|396|5.4|5.4|2|8
39.5|93.43|1657|396|5.4|5.4|2|8
39.6|93.5|1668|396|5.4|5.4|2|8
39.7|93.78|1284|396|5.4|5.4|2|8
39.8|93.84|1070|396|5.4|5.4|2|8
39.9|93.82|1064|394|5.4|5.4|2|8
40|93.82|1064|394|5.4|5.4|2|8
40.1|93.84|1062|394|5.4|5.4|2|8
40.2|93.78|1067|394|5.4|5.4|2|8
40.3|93.66|1062|394|5.4|5.4|2|8
40.4|93.66|1062|394|5.4|5.4|2|8
40.5|93.53|1088|394|5.4|5.4|2|8
40.6|93.55|1070|394|5.4|5.4|2|8
40.7|93.39|1273|395|5.4|5.4|2|8
40.8|93.42|1175|396|5.4|5.4|2|8
40.9|93.34|1495|396|5.4|5.4|2|8
41|93.22|1740|396|5.4|5.4|2|8
41.1|93.37|1737|396|5.4|5.4|2|8
41.2|93.5|1204|396|5.4|5.4|2|8
41.3|93.66|1064|395|5.4|5.4|2|8
41.4|93.73|1062|395|5.4|5.4|2|8
41.5|93.65|1062|394|5.4|5.4|2|8
41.6|93.61|1062|394|5.4|5.4|2|8
41.7|93.53|1062|394|5.4|5.4|2|8
41.8|93.55|1059|394|5.4|5.4|2|8
41.9|93.38|1116|394|5.4|5.4|2|8
42|93.39|1637|396|5.4|5.4|2|8
42.1|93.43|1696|396|5.4|5.4|2|8
42.2|93.51|1680|396|5.4|5.4|2|8
42.3|93.77|1168|396|5.4|5.4|2|8
42.4|93.82|1062|396|5.4|5.4|2|8
42.5|93.82|1059|395|5.4|5.4|2|8
42.6|93.9|1059|395|5.4|5.4|2|8
42.7|93.81|1059|395|5.4|5.4|2|8
42.8|93.74|1057|395|5.4|5.4|2|8
42.9|93.65|1075|395|5.4|5.4|2|8
43|93.64|1080|395|5.4|5.4|2|8
43.1|93.53|1059|394|5.4|5.4|2|8
43.2|93.54|1080|394|5.4|5.4|2|8
43.3|93.38|1144|395|5.4|5.4|2|8
43.4|93.43|1183|395|5.4|5.4|2|8
43.5|93.35|1286|396|5.4|5.4|2|8
43.6|93.18|1564|396|5.4|5.4|2|8
43.7|93.29|1655|396|5.4|5.4|2|8
43.8|93.45|1683|396|5.4|5.4|2|8
43.9|93.54|1686|396|5.4|5.4|2|8
44|93.76|1693|396|5.4|5.4|2|8
44.1|93.9|1513|397|5.4|5.4|2|8
44.2|94.2|1106|396|5.4|5.4|2|8
44.3|94.24|1064|396|5.4|5.4|2|8
44.4|94.17|1062|395|5.4|5.4|2|8
44.5|94.13|1059|395|5.4|5.4|2|8
44.6|94.05|1059|395|5.4|5.4|2|8
44.7|94.05|1059|395|5.4|5.4|2|8
44.8|93.93|1057|395|5.4|5.4|2|8
44.9|93.94|1064|395|5.4|5.4|2|8
45|93.89|1075|396|5.4|5.4|2|8
45.1|93.89|1085|396|5.4|5.4|2|8
45.2|93.69|1093|396|5.4|5.4|2|8
45.3|93.68|1072|395|5.4|5.4|2|8
45.4|93.55|1072|396|5.4|5.4|2|8
45.5|93.54|1090|396|5.4|5.4|2|8
45.6|93.54|1152|396|5.4|5.4|2|8
45.7|93.39|1106|396|5.4|5.4|2|8
45.8|93.34|1152|396|5.4|5.4|2|8
45.9|93.21|1206|396|5.4|5.4|2|8
46|93.17|1082|396|5.4|5.4|2|8
46.1|93.21|1155|396|5.4|5.4|2|8
46.2|93.15|1361|396|5.4|5.4|2|8
46.3|93.02|1137|396|5.4|5.4|2|8
46.4|92.98|1186|396|5.4|5.4|2|8
46.5|92.91|1268|396|5.4|5.4|2|8
46.6|92.82|1198|398|5.4|5.4|2|8
46.7|92.72|1170|397|5.4|5.4|2|8
46.8|92.68|1196|396|5.4|5.4|2|8
46.9|92.6|1289|396|5.4|5.4|2|8
47|92.51|1260|396|5.4|5.4|2|8
47.1|92.4|1147|397|5.4|5.4|2|8
47.2|92.39|1255|398|5.4|5.4|2|8
47.3|92.27|1356|398|5.4|5.4|2|8
47.4|92.13|1139|396|5.4|5.4|2|8
47.5|92.11|1162|396|5.4|5.4|2|8
47.6|92.07|1237|396|5.4|5.4|2|8
47.7|91.96|1245|396|5.4|5.4|2|8
47.8|91.92|1165|396|5.4|5.4|2|8
47.9|91.8|1211|396|5.4|5.4|2|8
48|91.72|1186|396|5.4|5.4|2|8
48.1|91.58|1165|396|5.4|5.4|2|8
48.2|91.53|1219|396|5.4|5.4|2|8
48.3|91.47|1227|396|5.4|5.4|2|8
48.4|91.39|1211|397|5.4|5.4|2|8
48.5|91.27|1211|396|5.4|5.4|2|8
48.6|91.23|1335|396|5.4|5.4|2|8
48.7|91.03|1168|397|5.4|5.4|2|8
48.8|91|1103|396|5.4|5.4|2|8
48.9|90.86|1204|396|5.4|5.4|2|8
49|90.8|1170|396|5.4|5.4|2|8
49.1|90.67|1281|396|5.4|5.4|2|8
49.2|90.59|1183|397|5.4|5.4|2|8
49.3|90.54|1137|397|5.4|5.4|2|8
49.4|90.41|1157|396|5.4|5.4|2|8
49.5|90.33|1198|396|5.4|5.4|2|8
49.6|90.21|1353|396|5.4|5.4|2|8
49.7|90.13|1214|396|5.4|5.4|2|8
49.8|90|1206|397|5.4|5.4|2|8
49.9|89.89|1242|396|5.4|5.4|2|8
50|89.8|1240|396|5.4|5.4|2|8
50.1|89.72|1291|396|5.4|5.4|2|8
50.2|89.5|1273|396|5.4|5.4|2|8
50.3|89.5|1139|396|5.4|5.4|2|8
50.4|89.37|1175|396|5.4|5.4|2|8
50.5|89.19|1322|396|5.4|5.4|2|8
50.6|89.11|1296|396|5.4|5.4|2|8
50.7|88.99|1209|397|5.4|5.4|2|8
50.8|88.88|1196|397|5.4|5.4|2|8
50.9|88.75|1307|396|5.4|5.4|2|8
51|88.67|1201|397|5.4|5.4|2|8
51.1|88.52|1222|397|5.4|5.4|2|8
51.2|88.37|1299|397|5.4|5.4|2|8
51.3|88.24|1237|398|5.4|5.4|2|8
51.4|88.19|1147|397|5.4|5.4|2|8
51.5|88.05|1165|397|5.4|5.4|2|8
51.6|87.86|1216|397|5.4|5.4|2|8
51.7|87.76|1116|397|5.4|5.4|2|8
51.8|87.64|1281|398|5.4|5.4|2|8
51.9|87.53|1119|396|5.4|5.4|2|8
52|87.39|1245|396|5.4|5.4|2|8
52.1|87.22|1193|396|5.4|5.4|2|8
52.2|87.1|1129|397|5.4|5.4|2|8
52.3|86.98|1271|396|5.4|5.4|2|8
52.4|86.78|1175|396|5.4|5.4|2|8
52.5|86.67|1237|396|5.4|5.4|2|8
52.6|86.55|1206|398|5.4|5.4|2|8
52.7|86.4|1247|398|5.4|5.4|2|8
52.8|86.24|1183|397|5.4|5.4|2|8
52.9|86.08|1294|396|5.4|5.4|2|8
53|85.91|1144|397|5.4|5.4|2|8
53.1|85.8|1235|395|5.4|5.4|2|8
53.2|85.58|1340|396|5.4|5.4|2|8
53.3|85.46|1191|395|5.4|5.4|2|8
53.4|85.27|1299|394|5.4|5.4|2|8
53.5|85.15|1392|396|5.4|5.4|2|8
53.6|84.95|1330|394|5.4|5.4|2|8
53.7|84.79|1320|395|5.4|5.4|2|8
53.8|84.6|1235|396|5.4|5.4|2|8
53.9|84.44|1206|396|5.4|5.4|2|8
54|84.31|1201|394|5.4|5.4|2|8
54.1|84.15|1294|394|5.4|5.4|2|8
54.2|83.91|1268|395|5.4|5.4|2|8
54.3|83.81|1317|395|5.4|5.4|2|8
54.4|83.61|1376|396|5.4|5.4|2|8
54.5|83.41|1327|394|5.4|5.4|2|8
54.6|83.19|1374|395|5.4|5.4|2|8
54.7|83.06|1235|396|5.4|5.4|2|8
54.8|82.87|1317|395|5.4|5.4|2|8
54.9|82.7|1332|396|5.4|5.4|2|8
55|82.47|1247|396|5.4|5.4|2|8
55.1|82.27|1381|394|5.4|5.4|2|8
55.2|81.97|1562|395|5.4|5.4|6|8
55.3|79.87|1899|396|5.4|5.4|6|8
55.4|77.06|1716|396|5.4|5.4|6|8
55.5|74.54|0|394|5.4|5.4|7|8
55.6|72.74|0|392|5.4|5.4|7|8
55.7|71.91|0|391|5.4|5.4|7|8
55.8|71.51|0|391|5.4|5.4|7|8
55.9|71.37|0|391|5.4|5.4|7|8
56|71.28|0|391|5.4|5.4|7|8
56.1|71.28|0|391|5.4|5.4|7|8
56.2|71.22|0|390|5.4|5.4|7|8
56.3|71.21|0|390|5.4|5.4|7|8
56.4|71.21|0|390|5.4|5.4|7|8
56.5|71.21|0|390|5.4|5.4|7|8
56.6|71.21|0|390|5.4|5.4|7|8
56.7|71.21|0|390|5.4|5.4|7|8
56.8|71.21|0|390|5.4|5.4|7|8
56.9|71.24|0|390|5.4|5.4|7|8
57|71.18|0|390|5.4|5.4|7|8
57.1|71.17|0|390|5.4|5.4|7|8
57.2|71.14|0|391|5.4|5.4|7|8
57.3|71.14|0|391|5.4|5.4|7|8
57.4|71.18|0|391|5.4|5.4|7|8
57.5|71.18|0|390|5.4|5.4|7|8
57.6|71.18|0|391|5.4|5.4|7|8
57.7|71.2|0|391|5.4|5.4|7|8
57.8|71.25|0|391|5.4|5.4|7|8
57.9|71.18|0|391|5.4|5.4|7|8
58|71.21|0|391|5.4|5.4|7|8
58.1|71.25|0|391|5.4|5.4|7|8
58.2|71.18|0|391|5.4|5.4|7|8
58.3|71.18|0|390|5.4|5.4|7|8
58.4|71.18|0|391|5.4|5.4|7|8
58.5|71.24|0|390|5.4|5.4|7|8
58.6|71.18|0|391|5.4|5.4|7|8
58.7|71.18|0|391|5.4|5.4|7|8
58.8|71.17|0|391|5.4|5.4|7|8
58.9|71.16|0|391|5.4|5.4|7|8
59|71.12|0|391|5.4|5.4|7|8
59.1|71.12|0|391|5.4|5.4|7|8
59.2|71.14|0|391|5.4|5.4|7|8
59.3|71.16|0|391|5.4|5.4|7|8
59.4|71.14|0|391|5.4|5.4|7|8
59.5|71.17|0|391|5.4|5.4|7|8
59.6|71.17|0|391|5.4|5.4|7|8
59.7|71.17|0|391|5.4|5.4|7|8
59.8|71.18|0|391|5.4|5.4|7|8
59.9|71.22|0|391|5.4|5.4|7|8
60|71.22|0|391|5.4|5.4|7|8
60.1|71.22|0|391|5.4|5.4|7|8
60.2|71.18|0|391|5.4|5.4|7|8
60.3|71.17|0|391|5.4|5.4|7|8
60.4|71.13|0|391|5.4|5.4|7|8
60.5|71.13|0|391|5.4|5.4|7|8
60.6|71.13|0|391|5.4|5.4|7|8
60.7|71.17|0|391|5.4|5.4|7|8
60.8|71.17|0|391|5.4|5.4|7|8
60.9|71.25|0|391|5.4|5.4|7|8
61|71.22|0|391|5.4|5.4|7|8
61.1|71.21|0|391|5.4|5.4|7|8
61.2|71.17|0|391|5.4|5.4|7|8
61.3|71.17|0|391|5.4|5.4|7|8
61.4|71.14|0|391|5.4|5.4|7|8
61.5|71.16|0|391|5.4|5.4|7|8
61.6|71.1|0|391|5.4|5.4|7|8
61.7|71.16|0|391|5.4|5.4|7|8
61.8|71.18|0|391|5.4|5.4|7|8
61.9|71.2|0|391|5.4|5.4|7|8
62|71.18|0|391|5.4|5.4|7|8
62.1|71.22|0|391|5.4|5.4|7|8
62.2|71.17|0|391|5.4|5.4|7|8
62.3|71.16|0|391|5.4|5.4|7|8
62.4|71.12|0|391|5.4|5.4|7|8
62.5|71.13|0|391|5.4|5.4|7|8
62.6|71.13|0|391|5.4|5.4|7|8
62.7|71.17|0|391|5.4|5.4|7|8
62.8|71.2|0|391|5.4|5.4|7|8
62.9|71.2|0|391|5.4|5.4|7|8
63|71.24|0|391|5.4|5.4|7|8
63.1|71.16|0|391|5.4|5.4|7|8
63.2|71.16|0|390|5.4|5.4|7|8
63.3|71.12|0|391|5.4|5.4|7|8
63.4|71.16|0|391|5.4|5.4|7|8
63.5|71.1|0|391|5.4|5.4|7|8
63.6|71.13|0|391|5.4|5.4|7|8
63.7|71.18|0|391|5.4|5.4|7|8
63.8|71.2|0|391|5.4|5.4|7|8
63.9|71.21|0|391|5.4|5.4|7|8
64|71.2|0|391|5.4|5.4|7|8
64.1|71.16|0|391|5.4|5.4|7|8
64.2|71.13|0|391|5.4|5.4|7|8
64.3|71.14|0|391|5.4|5.4|7|8
64.4|71.13|0|391|5.4|5.4|7|8
64.5|71.1|0|391|5.4|5.4|7|8
64.6|71.14|0|391|5.4|5.4|7|8
64.7|71.16|0|391|5.4|5.4|7|8
64.8|71.18|0|391|5.4|5.4|7|8
64.9|71.21|0|391|5.4|5.4|7|8
65|71.24|0|391|5.4|5.4|7|8
65.1|71.16|0|391|5.4|5.4|7|8
65.2|71.16|0|391|5.4|5.4|7|8
65.3|71.17|0|391|5.4|5.4|7|8
65.4|71.16|0|391|5.4|5.4|7|8
65.5|71.14|0|391|5.4|5.4|7|8
65.6|71.1|0|391|5.4|5.4|7|8
65.7|71.18|0|391|5.4|5.4|7|8
65.8|71.18|0|396|5.4|5.4|7|8
65.9|71.16|0|405|5.4|5.4|7|8
66|71.14|0|408|5.4|5.4|7|8
66.1|71.1|0|410|5.4|5.4|7|8
66.2|71.17|0|410|5.4|5.4|7|8
66.3|71.17|0|410|5.4|5.4|7|8
66.4|71.16|0|410|5.4|5.4|7|8
66.5|71.16|0|411|5.4|5.4|7|8
66.6|71.16|0|411|5.4|5.4|7|8
66.7|71.14|0|411|5.4|5.4|7|8
66.8|71.13|0|411|5.4|5.4|7|8
66.9|71.17|0|411|5.4|5.4|7|8
67|71.2|0|410|5.4|5.4|7|8
67.1|71.16|0|411|5.4|5.4|7|8
67.2|71.16|0|411|5.4|5.4|7|8
67.3|71.16|0|411|5.4|5.4|7|8
67.4|71.16|0|411|5.4|5.4|7|8
67.5|71.14|0|411|5.4|5.4|7|8
67.6|71.16|0|411|5.4|5.4|7|8
67.7|71.18|0|411|5.4|5.4|7|8
67.8|71.16|0|411|5.4|5.4|7|8
67.9|71.16|0|411|5.4|5.4|7|8
68|71.14|0|411|5.4|5.4|7|8
68.1|71.16|0|410|5.4|5.4|7|8
68.2|71.12|0|411|5.4|5.4|7|8
68.3|71.14|0|410|5.4|5.4|7|8
68.4|71.1|0|411|5.4|5.4|7|8
68.5|71.17|0|411|5.4|5.4|8|8
68.6|71.08|0|411|5.4|5.4|8|8
68.7|71.06|0|410|5.4|5.4|8|8
68.8|71.08|0|411|5.4|5.4|8|8
68.9|71.12|0|411|5.4|5.4|8|8
69|71.16|0|411|5.4|5.4|8|8
69.1|71.12|0|411|5.4|5.4|8|8
69.2|71.09|0|411|5.3|5.3|8|8
69.3|71.09|0|411|5.3|5.3|8|8
69.4|71.06|0|411|5.3|5.3|8|8
69.5|71.05|0|411|5.3|5.3|8|8
69.6|71.09|0|410|5.2|5.2|8|8
69.7|71.1|0|411|5.2|5.2|8|8
69.8|71.13|0|411|5.3|5.3|8|8
69.9|71.16|0|411|5.2|5.2|8|8
70|71.1|0|411|5.2|5.2|8|8
70.1|71.12|0|413|5.2|5.2|8|8
70.2|71.1|0|414|5.2|5.2|8|8
70.3|71.12|0|414|5.2|5.2|8|8
70.4|71.09|0|414|5.2|5.2|8|8
70.5|72.83|0|414|5.2|5.2|8|8
70.6|75.88|0|414|5.2|5.2|8|8
70.7|78.86|0|414|5.2|5.2|8|8
70.8|81.84|0|414|5.2|5.2|8|8
70.9|84.78|0|414|5.2|5.2|8|8
71|87.69|0|414|5.1|5.1|8|8
71.1|90.6|0|414|5.1|5.1|8|8
71.2|93.45|0|414|5.1|5.1|8|8
71.3|94.98|0|414|5.1|5.1|8|8
71.4|95.63|0|414|5.1|5.1|8|8
