0|96|964|400|5|5|1|8
0.1|96.04|1070|402|5|5|1|8
0.2|96.04|1075|404|5|5|1|8
0.3|96.02|1075|404|5|5|1|8
0.4|96.02|1075|404|5|5|1|8
0.5|96.02|1075|404|5|5|2|8
0.6|95.74|1077|404|5|5|2|8
0.7|95.31|1082|404|5|5|2|8
0.8|94.87|1134|404|5|5|2|8
0.9|94.43|1351|405|5|5|2|8
1|93.98|1652|405|5|5|3|8
1.1|93.81|1711|406|5|5|3|8
1.2|93.57|1729|406|5|5|3|8
1.3|93.54|1737|406|5|5|3|8
1.4|93.54|1745|406|5|5|3|8
1.5|93.51|1750|406|5|5|3|8
1.6|93.55|1755|406|5|5|3|8
1.7|93.39|1758|406|5|5|3|8
1.8|93.47|1758|407|5|5|3|8
1.9|93.46|1760|407|5|5|3|8
2|93.49|1760|406|5|5|3|8
2.1|93.47|1763|406|5|5|3|8
2.2|93.49|1765|407|5|5|3|8
2.3|93.49|1765|407|5|5|3|8
2.4|93.45|1768|407|5|5|3|8
2.5|93.49|1768|407|5|5|3|8
2.6|93.46|1768|407|5|5|3|8
2.7|93.49|1771|407|5.1|5|3|8
2.8|93.49|1771|407|5.1|5.1|3|8
2.9|93.45|1771|407|5.1|5.1|3|8
3|93.49|1771|407|5.1|5.1|4|8
3.1|93.66|1763|407|5.1|5.1|4|8
3.2|93.97|1714|407|5.1|5.1|4|8
3.3|94.53|1263|407|5.1|5.1|5|8
3.4|94.9|1103|404|5.1|5.1|5|8
3.5|95.04|1098|404|5.1|5.1|5|8
3.6|95.11|1098|404|5.1|5.1|5|8
3.7|95.07|1095|404|5.1|5.1|5|8
3.8|95.12|1095|404|5.1|5.1|5|8
3.9|95.14|1095|404|5.1|5.1|5|8
4|95.14|1095|404|5.1|5.1|5|8
4.1|95.17|1095|404|5.1|5.1|5|8
4.2|95.17|1095|404|5.1|5.1|5|8
4.3|95.17|1095|404|5.1|5.1|5|8
4.4|95.18|1095|404|5.1|5.1|5|8
4.5|95.17|1095|404|5.1|5.1|5|8
4.6|95.14|1095|404|5.1|5.1|5|8
4.7|95.15|1095|404|5.1|5.1|5|8
4.8|95.17|1095|404|5.1|5.1|5|8
4.9|95.17|1098|404|5.1|5.1|5|8
5|95.18|1098|404|5.1|5.1|5|8
5.1|95.15|1098|404|5.1|5.1|5|8
5.2|95.12|1095|404|5.1|5.1|5|8
5.3|95.17|1095|404|5.1|5.1|2|8
5.4|95.17|1095|404|5.1|5.1|2|8
5.5|94.8|1095|404|5.1|5.1|2|8
5.6|94.4|1101|404|5.1|5.1|2|8
5.7|93.92|1369|405|5.1|5.1|2|8
5.8|93.58|1714|405|5.1|5.1|3|8
5.9|93.34|1763|406|5.1|5.1|3|8
6|93.26|1776|407|5.1|5.1|3|8
6.1|93.17|1786|407|5.1|5.1|3|8
6.2|93.14|1791|407|5.1|5.1|3|8
6.3|93.03|1794|407|5.1|5.1|3|8
6.4|93.11|1799|407|5.2|5.1|3|8
6.5|93.09|1799|407|5.2|5.1|3|8
6.6|93.07|1802|407|5.2|5.2|3|8
6.7|93.09|1804|407|5.2|5.2|3|8
6.8|93.07|1804|407|5.2|5.2|3|8
6.9|93.06|1807|407|5.2|5.2|3|8
7|93.07|1807|407|5.2|5.2|3|8
7.1|93.1|1807|407|5.2|5.2|3|8
7.2|93.1|1809|407|5.2|5.2|3|8
7.3|93.06|1809|407|5.2|5.2|3|8
7.4|93.09|1809|407|5.2|5.2|3|8
7.5|93.11|1812|407|5.2|5.2|3|8
7.6|93.07|1812|407|5.2|5.2|3|8
7.7|93.06|1812|407|5.2|5.2|3|8
7.8|93.06|1812|407|5.2|5.2|4|8
7.9|93.29|1804|407|5.2|5.2|4|8
8|93.73|1711|407|5.2|5.2|4|8
8.1|94.24|1265|406|5.2|5.2|5|8
8.2|94.57|1113|405|5.2|5.2|5|8
8.3|94.7|1108|404|5.2|5.2|5|8
8.4|94.74|1108|404|5.2|5.2|5|8
8.5|94.76|1106|404|5.2|5.2|5|8
8.6|94.8|1106|404|5.2|5.2|5|8
8.7|94.79|1106|404|5.2|5.2|5|8
8.8|94.8|1106|404|5.2|5.2|5|8
8.9|94.82|1103|404|5.2|5.2|5|8
9|94.8|1103|404|5.2|5.2|5|8
9.1|94.8|1103|404|5.2|5.2|5|8
9.2|94.8|1101|404|5.2|5.2|5|8
9.3|94.8|1101|404|5.2|5.2|5|8
9.4|94.82|1103|404|5.2|5.2|5|8
9.5|94.8|1103|404|5.2|5.2|5|8
9.6|94.8|1103|404|5.2|5.2|5|8
9.7|94.82|1103|404|5.2|5.2|5|8
9.8|94.8|1103|404|5.2|5.2|5|8
9.9|94.8|1101|404|5.2|5.2|5|8
10|94.8|1101|404|5.2|5.2|5|8
10.1|94.83|1103|404|5.2|5.2|2|8
10.2|94.79|1101|404|5.2|5.2|2|8
10.3|94.4|1101|404|5.2|5.2|2|8
10.4|94|1103|404|5.2|5.2|2|8
10.5|93.58|1322|404|5.2|5.2|2|8
10.6|93.21|1750|405|5.2|5.2|3|8
10.7|92.99|1802|401|5.2|5.2|3|8
10.8|92.87|1820|394|5.2|5.2|3|8
10.9|92.8|1830|392|5.2|5.2|3|8
11|92.71|1832|391|5.2|5.2|3|8
11.1|92.72|1838|391|5.2|5.2|3|8
11.2|92.76|1840|390|5.2|5.2|3|8
11.3|92.76|1843|390|5.2|5.2|3|8
11.4|92.75|1845|390|5.2|5.2|3|8
11.5|92.75|1845|390|5.2|5.2|3|8
11.6|92.74|1845|390|5.2|5.2|3|8
11.7|92.7|1848|391|5.2|5.2|3|8
11.8|92.74|1848|390|5.3|5.2|3|8
11.9|92.74|1851|390|5.3|5.3|3|8
12|92.72|1851|390|5.3|5.3|3|8
12.1|92.75|1851|390|5.3|5.3|3|8
12.2|92.74|1853|390|5.3|5.3|3|8
12.3|92.75|1853|390|5.3|5.3|3|8
12.4|92.71|1853|390|5.3|5.3|3|8
12.5|92.72|1853|390|5.3|5.3|3|8
12.6|92.76|1856|390|5.3|5.3|4|8
12.7|92.95|1851|390|5.3|5.3|4|8
12.8|93.37|1760|390|5.3|5.3|4|8
12.9|93.85|1157|390|5.3|5.3|5|8
13|94.17|1121|390|5.3|5.3|5|8
13.1|94.24|1119|390|5.3|5.3|5|8
13.2|94.29|1116|390|5.3|5.3|5|8
13.3|94.27|1116|390|5.3|5.3|5|8
13.4|94.27|1116|390|5.3|5.3|5|8
13.5|94.37|1113|390|5.3|5.3|5|8
13.6|94.31|1113|390|5.3|5.3|5|8
13.7|94.31|1113|390|5.3|5.3|5|8
13.8|94.31|1113|390|5.3|5.3|5|8
13.9|94.27|1111|390|5.3|5.3|5|8
14|94.33|1113|390|5.3|5.3|5|8
14.1|94.32|1113|390|5.3|5.3|5|8
14.2|94.31|1113|390|5.3|5.3|5|8
14.3|94.31|1113|390|5.3|5.3|5|8
14.4|94.31|1113|390|5.3|5.3|5|8
14.5|94.25|1111|390|5.3|5.3|5|8
14.6|94.32|1111|390|5.3|5.3|5|8
14.7|94.32|1111|390|5.3|5.3|5|8
14.8|94.31|1111|390|5.3|5.3|5|8
14.9|94.25|1111|390|5.3|5.3|2|8
15|94.24|1111|390|5.3|5.3|2|8
15.1|93.88|1111|390|5.3|5.3|2|8
15.2|93.35|1186|390|5.3|5.3|2|8
15.3|92.95|1755|390|5.3|5.3|3|8
15.4|92.7|1817|390|5.3|5.3|3|8
15.5|92.6|1832|390|5.3|5.3|3|8
15.6|92.56|1843|390|5.3|5.3|3|8
15.7|92.48|1848|390|5.3|5.3|3|8
15.8|92.41|1853|390|5.3|5.3|3|8
15.9|92.44|1858|390|5.3|5.3|3|8
16|92.47|1861|390|5.3|5.3|3|8
16.1|92.45|1861|390|5.3|5.3|3|8
16.2|92.45|1863|390|5.3|5.3|3|8
16.3|92.41|1866|390|5.3|5.3|3|8
16.4|92.47|1866|390|5.3|5.3|3|8
16.5|92.45|1869|390|5.3|5.3|3|8
16.6|92.45|1869|390|5.3|5.3|3|8
16.7|92.44|1869|390|5.3|5.3|3|8
16.8|92.43|1871|390|5.3|5.3|3|8
16.9|92.43|1871|390|5.3|5.3|3|8
17|92.43|1871|390|5.3|5.3|3|8
17.1|92.43|1871|390|5.3|5.3|3|8
17.2|92.43|1871|390|5.3|5.3|3|8
17.3|92.43|1871|390|5.3|5.3|4|8
17.4|92.52|1871|390|5.3|5.3|4|8
17.5|92.87|1835|390|5.3|5.3|4|8
17.6|93.45|1564|390|5.3|5.3|4|8
17.7|93.84|1129|390|5.3|5.3|5|8
17.8|94.01|1121|390|5.3|5.3|5|8
17.9|94.12|1119|390|5.3|5.3|5|8
18|94.13|1116|390|5.3|5.3|5|8
18.1|94.16|1116|390|5.3|5.3|5|8
18.2|94.17|1113|390|5.3|5.3|5|8
18.3|94.2|1113|390|5.3|5.3|5|8
18.4|94.17|1113|390|5.3|5.3|5|8
18.5|94.1|1113|390|5.3|5.3|5|8
18.6|94.15|1111|390|5.3|5.3|5|8
18.7|94.17|1111|390|5.3|5.3|5|8
18.8|94.19|1111|390|5.3|5.3|5|8
18.9|94.19|1111|390|5.3|5.3|5|8
19|94.16|1111|390|5.3|5.3|5|8
19.1|94.13|1111|390|5.3|5.3|5|8
19.2|94.12|1111|390|5.3|5.3|5|8
19.3|94.17|1111|390|5.3|5.3|5|8
19.4|94.17|1111|390|5.3|5.3|5|8
19.5|94.17|1111|390|5.3|5.3|5|8
19.6|94.19|1111|390|5.3|5.3|5|8
19.7|94.13|1108|390|5.3|5.3|2|8
19.8|93.88|1111|390|5.3|5.3|2|8
19.9|93.47|1111|390|5.3|5.3|2|8
20|93|1284|390|5.3|5.3|2|8
20.1|92.66|1786|390|5.3|5.3|3|8
20.2|92.43|1832|390|5.3|5.3|3|8
20.3|92.37|1848|390|5.3|5.3|3|8
20.4|92.21|1858|390|5.3|5.3|3|8
20.5|92.2|1863|390|5.3|5.3|3|8
20.6|92.23|1869|390|5.3|5.3|3|8
20.7|92.17|1874|390|5.3|5.3|3|8
20.8|92.19|1874|390|5.3|5.3|3|8
20.9|92.2|1876|390|5.3|5.3|3|8
21|92.2|1876|390|5.3|5.3|3|8
21.1|92.2|1876|390|5.3|5.3|3|8
21.2|92.16|1879|390|5.3|5.3|3|8
21.3|92.19|1879|390|5.3|5.3|3|8
21.4|92.2|1881|390|5.3|5.3|3|8
21.5|92.19|1881|390|5.3|5.3|3|8
21.6|92.15|1881|390|5.3|5.3|3|8
21.7|92.21|1881|390|5.3|5.3|3|8
21.8|92.17|1881|390|5.3|5.3|3|8
21.9|92.19|1881|390|5.3|5.3|3|8
22|92.19|1881|390|5.3|5.3|3|8
22.1|92.16|1881|390|5.3|5.3|4|8
22.2|92.35|1881|390|5.3|5.3|4|8
22.3|92.66|1840|390|5.3|5.3|4|8
22.4|93.27|1175|390|5.3|5.3|5|8
22.5|93.54|1124|390|5.3|5.3|5|8
22.6|93.72|1119|390|5.3|5.3|5|8
22.7|93.77|1116|390|5.3|5.3|5|8
22.8|93.82|1116|390|5.3|5.3|5|8
22.9|93.7|1116|390|5.3|5.3|5|8
23|93.77|1113|390|5.3|5.3|5|8
23.1|93.8|1113|390|5.3|5.3|5|8
23.2|93.72|1113|390|5.3|5.3|5|8
23.3|93.77|1113|390|5.3|5.3|5|8
23.4|93.77|1111|390|5.3|5.3|5|8
23.5|93.74|1111|390|5.3|5.3|5|8
23.6|93.76|1111|390|5.3|5.3|5|8
23.7|93.76|1111|390|5.3|5.3|5|8
23.8|93.76|1111|390|5.3|5.3|5|8
23.9|93.76|1111|390|5.3|5.3|5|8
24|93.76|1111|390|5.3|5.3|5|8
24.1|93.76|1111|390|5.3|5.3|5|8
24.2|93.76|1111|390|5.3|5.3|5|8
24.3|93.76|1111|390|5.3|5.3|5|8
24.4|93.77|1111|390|5.3|5.3|2|8
24.5|93.61|1111|390|5.3|5.3|2|8
24.6|93.3|1111|390|5.3|5.3|2|8
24.7|92.83|1258|390|5.3|5.3|2|8
24.8|92.44|1789|390|5.3|5.3|3|8
24.9|92.28|1838|390|5.3|5.3|3|8
25|92.19|1856|390|5.3|5.3|3|8
25.1|92.09|1866|390|5.3|5.3|3|8
25.2|92.09|1871|390|5.3|5.3|3|8
25.3|92.09|1876|390|5.3|5.3|3|8
25.4|92.02|1879|390|5.3|5.3|3|8
25.5|92.04|1884|390|5.3|5.3|3|8
25.6|92.04|1884|389|5.3|5.3|3|8
25.7|92.05|1884|389|5.3|5.3|3|8
25.8|92.07|1887|389|5.3|5.3|3|8
25.9|92.04|1887|390|5.3|5.3|3|8
26|92.04|1889|389|5.3|5.3|3|8
26.1|92.04|1889|389|5.3|5.3|3|8
26.2|92.05|1889|389|5.3|5.3|3|8
26.3|92.07|1892|389|5.3|5.3|3|8
26.4|92.02|1892|389|5.3|5.3|3|8
26.5|92.04|1892|390|5.3|5.3|3|8
26.6|92.04|1894|389|5.3|5.3|3|8
26.7|92.04|1894|389|5.3|5.3|3|8
26.8|92.04|1894|390|5.3|5.3|4|8
26.9|92.24|1892|389|5.3|5.3|4|8
27|92.52|1863|390|5.3|5.3|4|8
27.1|93.13|1371|390|5.3|5.3|4|8
27.2|93.51|1126|390|5.3|5.3|5|8
27.3|93.76|1119|390|5.3|5.3|5|8
27.4|93.77|1116|390|5.3|5.3|5|8
27.5|93.8|1116|390|5.3|5.3|5|8
27.6|93.82|1113|390|5.3|5.3|5|8
27.7|93.84|1113|390|5.3|5.3|5|8
27.8|93.84|1113|390|5.3|5.3|5|8
27.9|93.84|1111|390|5.3|5.3|5|8
28|93.78|1113|390|5.3|5.3|5|8
28.1|93.78|1111|389|5.3|5.3|5|8
28.2|93.77|1111|389|5.3|5.3|5|8
28.3|93.78|1111|390|5.3|5.3|5|8
28.4|93.81|1111|390|5.3|5.3|5|8
28.5|93.82|1111|390|5.3|5.3|5|8
28.6|93.85|1111|389|5.3|5.3|5|8
28.7|93.84|1111|389|5.3|5.3|5|8
28.8|93.78|1111|389|5.3|5.3|5|8
28.9|93.78|1108|389|5.3|5.3|5|8
29|93.8|1108|389|5.3|5.3|5|8
29.1|93.81|1108|389|5.3|5.3|5|8
29.2|93.8|1108|389|5.3|5.3|2|8
29.3|93.47|1108|389|5.3|5.3|2|8
29.4|93.07|1108|389|5.3|5.3|2|8
29.5|92.63|1371|390|5.3|5.3|2|8
29.6|92.29|1809|389|5.3|5.3|3|8
29.7|92.11|1851|389|5.3|5.3|3|8
29.8|91.94|1866|389|5.3|5.3|3|8
29.9|91.93|1876|389|5.3|5.3|3|8
30|91.89|1881|389|5.3|5.3|3|8
30.1|91.89|1887|389|5.3|5.3|3|8
30.2|91.85|1892|389|5.3|5.3|3|8
30.3|91.81|1894|389|5.3|5.3|3|8
30.4|91.86|1894|389|5.3|5.3|3|8
30.5|91.89|1894|389|5.3|5.3|3|8
30.6|91.88|1897|389|5.3|5.3|3|8
30.7|91.84|1897|389|5.3|5.3|3|8
30.8|91.81|1899|389|5.3|5.3|3|8
30.9|91.86|1899|389|5.3|5.3|3|8
31|91.88|1899|389|5.3|5.3|3|8
31.1|91.86|1899|389|5.3|5.3|3|8
31.2|91.85|1899|389|5.3|5.3|3|8
31.3|91.81|1902|389|5.3|5.3|3|8
31.4|91.84|1899|389|5.3|5.3|3|8
31.5|91.88|1899|389|5.3|5.3|3|8
31.6|91.85|1902|389|5.3|5.3|4|8
31.7|92.02|1897|389|5.3|5.3|4|8
31.8|92.35|1861|389|5.3|5.3|4|8
31.9|92.9|1603|390|5.3|5.3|4|8
32|93.42|1129|390|5.3|5.3|5|8
32.1|93.55|1119|390|5.3|5.3|5|8
32.2|93.64|1116|390|5.3|5.3|5|8
32.3|93.72|1113|390|5.3|5.3|5|8
32.4|93.72|1113|390|5.3|5.3|5|8
32.5|93.66|1111|390|5.3|5.3|5|8
32.6|93.7|1111|390|5.3|5.3|5|8
32.7|93.7|1111|390|5.3|5.3|5|8
32.8|93.7|1108|390|5.3|5.3|5|8
32.9|93.72|1108|390|5.3|5.3|5|8
33|93.7|1108|390|5.3|5.3|5|8
33.1|93.68|1108|389|5.3|5.3|5|8
33.2|93.7|1108|389|5.3|5.3|5|8
33.3|93.72|1108|390|5.3|5.3|5|8
33.4|93.72|1108|389|5.3|5.3|5|8
33.5|93.7|1108|390|5.3|5.3|5|8
33.6|93.69|1106|390|5.3|5.3|5|8
33.7|93.7|1106|390|5.3|5.3|5|8
33.8|93.7|1106|390|5.3|5.3|5|8
33.9|93.72|1106|390|5.3|5.3|5|8
34|93.7|1106|390|5.3|5.3|2|8
34.1|93.42|1106|389|5.3|5.3|2|8
34.2|93.03|1106|389|5.3|5.3|2|8
34.3|92.62|1332|390|5.3|5.3|2|8
34.4|92.24|1786|390|5.3|5.3|3|8
34.5|91.96|1840|389|5.3|5.3|3|8
34.6|91.92|1858|389|5.3|5.3|3|8
34.7|91.82|1871|389|5.3|5.3|3|8
34.8|91.8|1879|389|5.3|5.3|3|8
34.9|91.77|1887|389|5.3|5.3|3|8
35|91.74|1892|389|5.3|5.3|3|8
35.1|91.76|1894|389|5.3|5.3|3|8
35.2|91.73|1897|389|5.3|5.3|3|8
35.3|91.73|1899|389|5.3|5.3|3|8
35.4|91.76|1899|390|5.3|5.3|3|8
35.5|91.74|1902|389|5.3|5.3|3|8
35.6|91.74|1902|390|5.3|5.3|3|8
35.7|91.76|1905|389|5.3|5.3|3|8
35.8|91.76|1905|390|5.3|5.3|3|8
35.9|91.76|1905|390|5.3|5.3|3|8
36|91.74|1905|390|5.3|5.3|3|8
36.1|91.73|1905|390|5.3|5.3|3|8
36.2|91.73|1905|390|5.3|5.3|3|8
36.3|91.73|1905|390|5.3|5.3|3|8
36.4|91.74|1905|390|5.3|5.3|4|8
36.5|91.85|1905|390|5.3|5.3|4|8
36.6|92.24|1871|390|5.3|5.3|4|8
36.7|92.74|1317|390|5.3|5.3|5|8
36.8|92.94|1124|390|5.3|5.3|2|8
36.9|92.94|1119|390|5.3|5.3|2|8
37|93.04|1116|390|5.3|5.3|2|8
37.1|92.91|1113|390|5.3|5.3|2|8
37.2|92.87|1113|390|5.3|5.3|2|8
37.3|92.75|1111|390|5.3|5.3|2|8
37.4|92.7|1111|390|5.3|5.3|2|8
37.5|92.64|1108|390|5.3|5.3|2|8
37.6|92.64|1108|390|5.3|5.3|2|8
37.7|92.6|1116|390|5.3|5.3|2|8
37.8|92.48|1137|390|5.3|5.3|2|8
37.9|92.37|1111|390|5.3|5.3|2|8
38|92.39|1314|390|5.3|5.3|2|8
38.1|92.36|1675|390|5.3|5.3|2|8
38.2|92.31|1338|390|5.3|5.3|2|8
38.3|92.41|1116|390|5.3|5.3|2|8
38.4|92.48|1111|390|5.3|5.3|2|8
38.5|92.4|1108|390|5.3|5.3|2|8
38.6|92.36|1108|390|5.3|5.3|2|8
38.7|92.37|1108|390|5.3|5.3|2|8
38.8|92.27|1598|390|5.3|5.3|2|8
38.9|92.28|1714|390|5.3|5.3|2|8
39|92.33|1716|390|5.3|5.3|2|8
39.1|92.52|1701|390|5.3|5.3|2|8
39.2|92.74|1240|390|5.3|5.3|2|8
39.3|92.87|1111|390|5.3|5.3|2|8
39.4|92.88|1108|390|5.3|5.3|2|8
39.5|92.83|1106|390|5.3|5.3|2|8
39.6|92.88|1106|390|5.3|5.3|2|8
39.7|92.76|1103|390|5.3|5.3|2|8
39.8|92.68|1106|390|5.3|5.3|2|8
39.9|92.66|1108|390|5.3|5.3|2|8
40|92.63|1134|390|5.3|5.3|2|8
40.1|92.62|1131|390|5.3|5.3|2|8
40.2|92.44|1139|390|5.3|5.3|2|8
40.3|92.37|1134|390|5.3|5.3|2|8
40.4|92.37|1106|390|5.3|5.3|2|8
40.5|92.39|1299|390|5.3|5.3|2|8
40.6|92.21|1631|390|5.3|5.3|2|8
40.7|92.31|1642|390|5.3|5.3|2|8
40.8|92.37|1662|390|5.3|5.3|2|8
40.9|92.55|1178|390|5.3|5.3|2|8
41|92.64|1106|390|5.3|5.3|2|8
41.1|92.64|1103|390|5.3|5.3|2|8
41.2|92.7|1103|390|5.3|5.3|2|8
41.3|92.66|1103|390|5.3|5.3|2|8
41.4|92.62|1103|390|5.3|5.3|2|8
41.5|92.43|1108|390|5.3|5.3|2|8
41.6|92.39|1101|390|5.3|5.3|2|8
41.7|92.39|1111|390|5.3|5.3|2|8
41.8|92.36|1173|390|5.3|5.3|2|8
41.9|92.23|1652|390|5.3|5.3|2|8
42|92.25|1716|390|5.3|5.3|2|8
42.1|92.33|1716|390|5.3|5.3|2|8
42.2|92.52|1598|390|5.3|5.3|2|8
42.3|92.72|1142|390|5.3|5.3|2|8
42.4|92.82|1106|390|5.3|5.3|2|8
42.5|92.79|1103|390|5.3|5.3|2|8
42.6|92.72|1103|390|5.3|5.3|2|8
42.7|92.68|1101|390|5.3|5.3|2|8
42.8|92.64|1101|390|5.3|5.3|2|8
42.9|92.6|1131|390|5.3|5.3|2|8
43|92.52|1170|390|5.3|5.3|2|8
43.1|92.39|1103|390|5.3|5.3|2|8
43.2|92.41|1101|390|5.3|5.3|2|8
43.3|92.37|1129|390|5.3|5.3|2|8
43.4|92.27|1219|390|5.3|5.3|2|8
43.5|92.19|1585|390|5.3|5.3|2|8
43.6|92.19|1637|390|5.3|5.3|2|8
43.7|92.32|1624|390|5.3|5.3|2|8
43.8|92.52|1557|390|5.3|5.3|2|8
43.9|92.68|1168|391|5.3|5.3|2|8
44|92.8|1101|390|5.3|5.3|2|8
44.1|92.84|1101|390|5.3|5.3|2|8
44.2|92.74|1098|390|5.3|5.3|2|8
44.3|92.68|1098|390|5.3|5.3|2|8
44.4|92.63|1098|390|5.3|5.3|2|8
44.5|92.59|1098|390|5.3|5.3|2|8
44.6|92.55|1121|390|5.3|5.3|2|8
44.7|92.39|1103|390|5.3|5.3|2|8
44.8|92.41|1098|390|5.3|5.3|2|8
44.9|92.39|1152|390|5.3|5.3|2|8
45|92.29|1149|390|5.3|5.3|2|8
45.1|92.2|1191|390|5.3|5.3|2|8
45.2|92.16|1157|390|5.3|5.3|2|8
45.3|92.08|1168|390|5.3|5.3|2|8
45.4|92|1343|390|5.3|5.3|2|8
45.5|91.94|1180|390|5.3|5.3|2|8
45.6|91.9|1320|391|5.3|5.3|2|8
45.7|91.85|1325|391|5.3|5.3|2|8
45.8|91.76|1387|390|5.3|5.3|2|8
45.9|91.65|1394|391|5.3|5.3|2|8
46|91.61|1312|390|5.3|5.3|2|8
46.1|91.51|1358|390|5.3|5.3|2|8
46.2|91.47|1296|390|5.3|5.3|2|8
46.3|91.39|1459|390|5.3|5.3|2|8
46.4|91.27|1338|391|5.3|5.3|2|8
46.5|91.25|1281|391|5.3|5.3|2|8
46.6|91.22|1278|390|5.3|5.3|2|8
46.7|91.07|1242|391|5.3|5.3|2|8
46.8|91.05|1224|391|5.3|5.3|2|8
46.9|90.94|1232|391|5.3|5.3|2|8
47|90.86|1198|391|5.3|5.3|2|8
47.1|90.8|1379|391|5.3|5.3|2|8
47.2|90.67|1245|390|5.3|5.3|2|8
47.3|90.59|1296|390|5.3|5.3|2|8
47.4|90.51|1240|391|5.3|5.3|2|8
47.5|90.45|1281|390|5.3|5.3|2|8
47.6|90.36|1227|390|5.3|5.3|2|8
47.7|90.31|1216|390|5.3|5.3|2|8
47.8|90.21|1253|390|5.3|5.3|2|8
47.9|90.12|1265|390|5.3|5.3|2|8
48|90.03|1170|390|5.3|5.3|2|8
48.1|89.9|1224|390|5.3|5.3|2|8
48.2|89.85|1196|390|5.3|5.3|2|8
48.3|89.78|1224|390|5.3|5.3|2|8
48.4|89.66|1291|390|5.3|5.3|2|8
48.5|89.54|1314|390|5.3|5.3|2|8
48.6|89.49|1327|390|5.3|5.3|2|8
48.7|89.35|1162|390|5.3|5.3|2|8
48.8|89.23|1250|390|5.3|5.3|2|8
48.9|89.18|1296|390|5.3|5.3|2|8
49|89.07|1348|391|5.3|5.3|2|8
49.1|89.02|1247|391|5.3|5.3|2|8
49.2|88.87|1193|391|5.3|5.3|2|8
49.3|88.75|1268|391|5.3|5.3|2|8
49.4|88.67|1232|390|5.3|5.3|2|8
49.5|88.58|1227|391|5.3|5.3|2|8
49.6|88.43|1247|390|5.3|5.3|2|8
49.7|88.31|1276|391|5.3|5.3|2|8
49.8|88.2|1327|390|5.3|5.3|2|8
49.9|88.11|1253|390|5.3|5.3|2|8
50|88.03|1227|390|5.3|5.3|2|8
50.1|87.9|1314|390|5.3|5.3|2|8
50.2|87.74|1325|390|5.3|5.3|2|8
50.3|87.62|1348|390|5.3|5.3|2|8
50.4|87.53|1258|390|5.3|5.3|2|8
50.5|87.44|1309|390|5.3|5.3|2|8
50.6|87.26|1343|390|5.3|5.3|2|8
50.7|87.19|1180|390|5.3|5.3|2|8
50.8|87.03|1410|390|5.3|5.3|2|8
50.9|86.93|1284|391|5.3|5.3|2|8
51|86.79|1219|390|5.3|5.3|2|8
51.1|86.62|1340|390|5.3|5.3|2|8
51.2|86.51|1325|391|5.3|5.3|2|8
51.3|86.39|1242|391|5.3|5.3|2|8
51.4|86.27|1312|390|5.3|5.3|2|8
51.5|86.11|1304|390|5.3|5.3|2|8
51.6|85.95|1232|390|5.3|5.3|2|8
51.7|85.84|1392|390|5.3|5.3|2|8
51.8|85.69|1381|390|5.3|5.3|2|8
51.9|85.52|1340|391|5.3|5.3|2|8
52|85.41|1296|391|5.3|5.3|2|8
52.1|85.22|1222|390|5.3|5.3|2|8
52.2|85.09|1322|390|5.3|5.3|2|8
52.3|84.98|1229|390|5.3|5.3|2|8
52.4|84.8|1376|390|5.3|5.3|2|8
52.5|84.62|1229|391|5.3|5.3|2|8
52.6|84.44|1204|391|5.3|5.3|2|8
52.7|84.34|1271|391|5.3|5.3|2|8
52.8|84.2|1338|392|5.3|5.3|2|8
52.9|84.01|1242|392|5.3|5.3|2|8
53|83.87|1304|391|5.3|5.3|2|8
53.1|83.66|1474|390|5.3|5.3|2|8
53.2|83.49|1394|390|5.3|5.3|2|8
53.3|83.3|1394|392|5.3|5.3|2|8
53.4|83.14|1281|391|5.3|5.3|2|8
53.5|82.97|1253|392|5.3|5.3|2|8
53.6|82.77|1425|391|5.3|5.3|2|8
53.7|82.6|1397|390|5.3|5.3|2|8
53.8|82.42|1402|390|5.3|5.3|2|8
53.9|82.24|1273|391|5.3|5.3|2|8
54|82.05|1340|391|5.3|5.3|2|8
54.1|81.89|1317|391|5.3|5.3|2|8
54.2|81.72|1330|392|5.3|5.3|2|8
54.3|81.48|1343|392|5.3|5.3|2|8
54.4|81.25|1394|392|5.3|5.3|6|8
54.5|80.24|1848|391|5.3|5.3|6|8
54.6|77.64|1928|390|5.3|5.3|6|8
54.7|74.9|95|392|5.3|5.3|7|8
54.8|72.55|0|390|5.3|5.3|7|8
54.9|71.4|0|390|5.3|5.3|7|8
55|70.82|0|390|5.3|5.3|7|8
55.1|70.57|0|390|5.3|5.3|7|8
55.2|70.46|0|390|5.3|5.3|7|8
55.3|70.38|0|389|5.3|5.3|7|8
55.4|70.38|0|389|5.3|5.3|7|8
55.5|70.42|0|389|5.3|5.3|7|8
55.6|70.39|0|389|5.3|5.3|7|8
55.7|70.34|0|389|5.3|5.3|7|8
55.8|70.31|0|389|5.3|5.3|7|8
55.9|70.35|0|389|5.3|5.3|7|8
56|70.38|0|389|5.3|5.3|7|8
56.1|70.36|0|389|5.3|5.3|7|8
56.2|70.35|0|389|5.3|5.3|7|8
56.3|70.35|0|389|5.3|5.3|7|8
56.4|70.34|0|389|5.3|5.3|7|8
56.5|70.31|0|389|5.3|5.3|7|8
56.6|70.3|0|389|5.3|5.3|7|8
56.7|70.34|0|389|5.3|5.3|7|8
56.8|70.38|0|389|5.3|5.3|7|8
56.9|70.36|0|389|5.3|5.3|7|8
57|70.35|0|389|5.3|5.3|7|8
57.1|70.35|0|389|5.3|5.3|7|8
57.2|70.35|0|389|5.3|5.3|7|8
57.3|70.34|0|389|5.3|5.3|7|8
57.4|70.35|0|389|5.3|5.3|7|8
57.5|70.32|0|389|5.3|5.3|7|8
57.6|70.3|0|388|5.3|5.3|7|8
57.7|70.28|0|389|5.3|5.3|7|8
57.8|70.3|0|389|5.3|5.3|7|8
57.9|70.31|0|389|5.3|5.3|7|8
58|70.32|0|389|5.3|5.3|7|8
58.1|70.32|0|388|5.3|5.3|7|8
58.2|70.32|0|388|5.3|5.3|7|8
58.3|70.32|0|388|5.3|5.3|7|8
58.4|70.34|0|388|5.3|5.3|7|8
58.5|70.38|0|388|5.3|5.3|7|8
58.6|70.34|0|388|5.3|5.3|7|8
58.7|70.32|0|388|5.3|5.3|7|8
58.8|70.32|0|388|5.3|5.3|7|8
58.9|70.32|0|388|5.3|5.3|7|8
59|70.31|0|388|5.3|5.3|7|8
59.1|70.3|0|388|5.3|5.3|7|8
59.2|70.3|0|388|5.3|5.3|7|8
59.3|70.31|0|388|5.3|5.3|7|8
59.4|70.31|0|388|5.3|5.3|7|8
59.5|70.32|0|388|5.3|5.3|7|8
59.6|70.32|0|388|5.3|5.3|7|8
59.7|70.38|0|388|5.3|5.3|7|8
59.8|70.34|0|388|5.3|5.3|7|8
59.9|70.31|0|389|5.3|5.3|7|8
60|70.3|0|388|5.3|5.3|7|8
60.1|70.3|0|388|5.3|5.3|7|8
60.2|70.31|0|389|5.3|5.3|7|8
60.3|70.28|0|389|5.3|5.3|7|8
60.4|70.32|0|389|5.3|5.3|7|8
60.5|70.38|0|389|5.3|5.3|7|8
60.6|70.34|0|389|5.3|5.3|7|8
60.7|70.31|0|389|5.3|5.3|7|8
60.8|70.31|0|389|5.3|5.3|7|8
60.9|70.3|0|389|5.3|5.3|7|8
61|70.3|0|389|5.3|5.3|7|8
61.1|70.3|0|389|5.3|5.3|7|8
61.2|70.32|0|389|5.3|5.3|7|8
61.3|70.32|0|388|5.3|5.3|7|8
61.4|70.34|0|389|5.3|5.3|7|8
61.5|70.31|0|388|5.3|5.3|7|8
61.6|70.31|0|388|5.3|5.3|7|8
61.7|70.31|0|389|5.3|5.3|7|8
61.8|70.3|0|389|5.3|5.3|7|8
61.9|70.3|0|389|5.3|5.3|7|8
62|70.3|0|389|5.3|5.3|7|8
62.1|70.3|0|389|5.3|5.3|7|8
62.2|70.3|0|389|5.3|5.3|7|8
62.3|70.31|0|388|5.3|5.3|7|8
62.4|70.31|0|389|5.3|5.3|7|8
62.5|70.36|0|389|5.3|5.3|7|8
62.6|70.31|0|389|5.3|5.3|7|8
62.7|70.32|0|389|5.3|5.3|7|8
62.8|70.31|0|389|5.3|5.3|7|8
62.9|70.3|0|389|5.3|5.3|7|8
63|70.3|0|389|5.3|5.3|7|8
63.1|70.3|0|389|5.3|5.3|7|8
63.2|70.3|0|389|5.3|5.3|7|8
63.3|70.28|0|389|5.3|5.3|7|8
63.4|70.28|0|389|5.3|5.3|7|8
63.5|70.3|0|389|5.3|5.3|7|8
63.6|70.31|0|389|5.3|5.3|7|8
63.7|70.34|0|389|5.3|5.3|7|8
63.8|70.31|0|389|5.3|5.3|7|8
63.9|70.31|0|389|5.3|5.3|7|8
64|70.3|0|389|5.3|5.3|7|8
64.1|70.3|0|389|5.3|5.3|7|8
64.2|70.27|0|389|5.3|5.3|7|8
64.3|70.3|0|389|5.3|5.3|7|8
64.4|70.3|0|389|5.3|5.3|7|8
64.5|70.3|0|389|5.3|5.3|7|8
64.6|70.3|0|389|5.3|5.3|7|8
64.7|70.3|0|389|5.3|5.3|7|8
64.8|70.31|0|389|5.3|5.3|7|8
64.9|70.34|0|388|5.3|5.3|7|8
65|70.32|0|389|5.3|5.3|7|8
65.1|70.3|0|389|5.3|5.3|7|8
65.2|70.3|0|389|5.3|5.3|7|8
65.3|70.3|0|389|5.3|5.3|7|8
65.4|70.31|0|389|5.3|5.3|7|8
65.5|70.31|0|389|5.3|5.3|7|8
65.6|70.31|0|389|5.3|5.3|7|8
65.7|70.31|0|390|5.3|5.3|7|8
65.8|70.3|0|394|5.3|5.3|7|8
65.9|70.3|0|395|5.3|5.3|7|8
66|70.3|0|396|5.3|5.3|7|8
66.1|70.32|0|396|5.3|5.3|7|8
66.2|70.3|0|396|5.3|5.3|7|8
66.3|70.3|0|396|5.3|5.3|7|8
66.4|70.27|0|396|5.3|5.3|7|8
66.5|70.28|0|396|5.3|5.3|7|8
66.6|70.27|0|396|5.3|5.3|7|8
66.7|70.28|0|396|5.3|5.3|7|8
66.8|70.31|0|396|5.3|5.3|7|8
66.9|70.31|0|396|5.3|5.3|7|8
67|70.32|0|396|5.3|5.3|7|8
67.1|70.3|0|396|5.3|5.3|7|8
67.2|70.31|0|396|5.3|5.3|7|8
67.3|70.3|0|396|5.3|5.3|7|8
67.4|70.28|0|396|5.3|5.3|7|8
67.5|70.31|0|396|5.3|5.3|7|8
67.6|70.31|0|396|5.3|5.3|7|8
67.7|70.28|0|396|5.3|5.3|8|8
67.8|70.27|0|396|5.3|5.3|8|8
67.9|70.19|0|396|5.3|5.3|8|8
68|70.18|0|396|5.3|5.3|8|8
68.1|70.22|0|396|5.3|5.3|8|8
68.2|70.22|0|396|5.3|5.3|8|8
68.3|70.26|0|396|5.3|5.3|8|8
68.4|70.26|0|396|5.3|5.3|8|8
68.5|70.22|0|396|5.3|5.3|8|8
68.6|70.23|0|396|5.3|5.3|8|8
68.7|70.26|0|396|5.2|5.2|8|8
68.8|70.24|0|396|5.2|5.2|8|8
68.9|70.23|0|396|5.2|5.2|8|8
69|70.24|0|396|5.2|5.2|8|8
69.1|70.27|0|396|5.2|5.2|8|8
69.2|70.26|0|396|5.1|5.1|8|8
69.3|70.24|0|396|5.2|5.2|8|8
69.4|70.24|0|396|5.1|5.1|8|8
69.5|70.27|0|396|5.1|5.1|8|8
69.6|70.23|0|396|5.1|5.1|8|8
69.7|70.45|0|396|5.1|5.1|8|8
69.8|73.24|0|396|5.1|5.1|8|8
69.9|76.24|0|396|5.1|5.1|8|8
70|79.2|0|396|5.1|5.1|8|8
70.1|82.16|0|396|5.1|5.1|8|8
70.2|85.09|0|396|5.1|5.1|8|8
70.3|87.97|0|396|5.1|5.1|8|8
70.4|90.9|0|396|5.1|5.1|8|8
70.5|93.68|0|396|5.1|5.1|8|8
70.6|95.07|0|396|5.1|5.1|8|8
70.7|95.68|0|396|5.1|5.1|8|8
