0|96.06|1302|432|5.1|5.1|1|8
0.1|96.08|1539|438|5.1|5.1|1|8
0.2|96.09|1570|440|5.1|5.1|1|8
0.3|96.06|1590|442|5.1|5.1|1|8
0.4|96.04|1601|442|5.1|5.1|1|8
0.5|96.04|1606|442|5.1|5.1|3|8
0.6|96.01|1613|442|5.1|5.1|3|8
0.7|96.02|1624|442|5.1|5.1|3|8
0.8|96.01|1629|443|5.1|5.1|3|8
0.9|96|1634|443|5.1|5.1|3|8
1|95.97|1637|443|5.1|5.1|3|8
1.1|96.01|1637|443|5.1|5.1|3|8
1.2|96.02|1637|443|5.1|5.1|3|8
1.3|96|1637|443|5.1|5.1|3|8
1.4|96.01|1637|443|5.1|5.1|3|8
1.5|95.98|1639|443|5.1|5.1|3|8
1.6|96|1647|442|5.1|5.1|3|8
1.7|96.02|1647|439|5.1|5.1|3|8
1.8|95.97|1649|438|5.1|5.1|3|8
1.9|96.01|1647|438|5.1|5.1|3|8
2|96.01|1649|438|5.1|5.1|3|8
2.1|96|1644|438|5.1|5.1|3|8
2.2|96.01|1639|438|5.1|5.1|3|8
2.3|96|1626|438|5.1|5.1|3|8
2.4|95.98|1590|438|5.1|5.1|3|8
2.5|96.02|1505|437|5.1|5.1|4|8
2.6|96.21|1054|436|5.1|5.1|5|8
2.7|96.33|1034|434|5.1|5.1|5|8
2.8|96.39|1031|434|5.1|5.1|5|8
2.9|96.45|1031|434|5.2|5.2|5|8
3|96.43|1031|434|5.2|5.2|5|8
3.1|96.43|1031|434|5.2|5.2|5|8
3.2|96.43|1031|434|5.2|5.2|5|8
3.3|96.44|1031|434|5.2|5.2|5|8
3.4|96.48|1031|434|5.2|5.2|5|8
3.5|96.41|1031|434|5.2|5.2|5|8
3.6|96.37|1028|434|5.2|5.2|5|8
3.7|96.41|1028|434|5.2|5.2|5|8
3.8|96.43|1028|434|5.2|5.2|5|8
3.9|96.48|1028|434|5.2|5.2|5|8
4|96.49|1028|434|5.2|5.2|5|8
4.1|96.36|1028|434|5.2|5.2|5|8
4.2|96.41|1031|434|5.2|5.2|5|8
4.3|96.43|1031|434|5.2|5.2|5|8
4.4|96.44|1031|434|5.2|5.2|5|8
4.5|96.48|1028|434|5.2|5.2|5|8
4.6|96.44|1028|434|5.2|5.2|2|8
4.7|96.17|1031|434|5.2|5.2|2|8
4.8|95.73|1108|434|5.2|5.2|2|8
4.9|95.29|1106|434|5.2|5.2|2|8
5|94.83|1168|434|5.2|5.2|2|8
5.1|94.4|1209|434|5.2|5.2|2|8
5.2|93.88|1363|435|5.2|5.2|2|8
5.3|93.39|1691|436|5.2|5.2|3|8
5.4|93.18|1716|438|5.2|5.2|3|8
5.5|93|1727|438|5.2|5.2|3|8
5.6|93.09|1729|439|5.2|5.2|3|8
5.7|92.95|1732|439|5.2|5.2|3|8
5.8|92.95|1732|439|5.2|5.2|3|8
5.9|92.92|1735|439|5.2|5.2|3|8
6|92.94|1737|439|5.2|5.2|3|8
6.1|92.91|1737|439|5.2|5.2|3|8
6.2|92.9|1737|439|5.2|5.2|3|8
6.3|92.95|1737|439|5.2|5.2|3|8
6.4|93|1740|439|5.2|5.2|3|8
6.5|92.91|1742|439|5.2|5.2|3|8
6.6|92.92|1742|439|5.2|5.2|3|8
6.7|92.98|1745|439|5.2|5.2|3|8
6.8|92.94|1745|439|5.2|5.2|3|8
6.9|92.9|1745|439|5.2|5.2|3|8
7|92.94|1747|439|5.2|5.2|3|8
7.1|92.99|1747|439|5.2|5.2|3|8
7.2|92.92|1747|439|5.2|5.2|3|8
7.3|92.92|1747|439|5.2|5.2|4|8
7.4|93.13|1747|439|5.2|5.2|4|8
7.5|93.54|1735|439|5.2|5.2|4|8
7.6|94.1|1688|439|5.2|5.2|4|8
7.7|94.56|1121|438|5.3|5.3|5|8
7.8|94.79|1046|436|5.3|5.3|5|8
7.9|94.87|1044|434|5.3|5.3|5|8
8|95.02|1044|434|5.3|5.3|5|8
8.1|95.03|1041|434|5.3|5.3|5|8
8.2|95.03|1041|434|5.3|5.3|5|8
8.3|95.02|1041|434|5.3|5.3|5|8
8.4|95.03|1041|434|5.3|5.3|5|8
8.5|95.02|1041|434|5.3|5.3|5|8
8.6|95.03|1041|434|5.3|5.3|5|8
8.7|95.03|1041|434|5.3|5.3|5|8
8.8|95.11|1041|434|5.3|5.3|5|8
8.9|95.02|1041|434|5.3|5.3|5|8
9|94.98|1041|434|5.3|5.3|5|8
9.1|95.03|1041|434|5.3|5.3|5|8
9.2|95|1041|434|5.3|5.3|5|8
9.3|95|1041|434|5.3|5.3|5|8
9.4|94.99|1041|434|5.3|5.3|5|8
9.5|95.06|1044|434|5.3|5.3|5|8
9.6|95.1|1044|434|5.3|5.3|5|8
9.7|94.96|1041|434|5.3|5.3|2|8
9.8|94.94|1044|434|5.3|5.3|2|8
9.9|94.59|1044|434|5.3|5.3|2|8
10|94.12|1049|434|5.3|5.3|2|8
10.1|93.65|1338|426|5.3|5.3|2|8
10.2|93.21|1678|421|5.3|5.3|3|8
10.3|92.9|1750|421|5.3|5.3|3|8
10.4|92.78|1758|422|5.3|5.3|3|8
10.5|92.66|1760|422|5.3|5.3|3|8
10.6|92.63|1763|422|5.3|5.3|3|8
10.7|92.64|1765|422|5.3|5.3|3|8
10.8|92.68|1765|422|5.3|5.3|3|8
10.9|92.7|1768|422|5.3|5.3|3|8
11|92.63|1771|422|5.3|5.3|3|8
11.1|92.6|1781|412|5.3|5.3|3|8
11.2|92.64|1781|408|5.3|5.3|3|8
11.3|92.64|1781|407|5.3|5.3|3|8
11.4|92.64|1784|407|5.3|5.3|3|8
11.5|92.66|1786|407|5.3|5.3|3|8
11.6|92.71|1786|407|5.3|5.3|3|8
11.7|92.71|1789|407|5.3|5.3|3|8
11.8|92.64|1791|407|5.3|5.3|3|8
11.9|92.64|1791|407|5.3|5.3|3|8
12|92.6|1791|407|5.3|5.3|3|8
12.1|92.63|1791|407|5.3|5.3|3|8
12.2|92.66|1794|407|5.3|5.3|4|8
12.3|92.78|1794|407|5.3|5.3|4|8
12.4|93.13|1784|407|5.3|5.3|4|8
12.5|93.68|1709|407|5.3|5.3|4|8
12.6|94.15|1088|405|5.3|5.3|5|8
12.7|94.28|1067|404|5.3|5.3|5|8
12.8|94.29|1064|403|5.3|5.3|5|8
12.9|94.36|1064|403|5.3|5.3|5|8
13|94.4|1062|403|5.3|5.3|5|8
13.1|94.41|1064|403|5.3|5.3|5|8
13.2|94.43|1064|403|5.3|5.3|5|8
13.3|94.44|1064|403|5.3|5.3|5|8
13.4|94.48|1062|403|5.3|5.3|5|8
13.5|94.47|1062|403|5.3|5.3|5|8
13.6|94.41|1062|403|5.4|5.3|5|8
13.7|94.36|1062|403|5.3|5.3|5|8
13.8|94.41|1062|404|5.3|5.3|5|8
13.9|94.41|1062|403|5.4|5.4|5|8
14|94.41|1062|403|5.4|5.4|5|8
14.1|94.43|1062|403|5.4|5.4|5|8
14.2|94.44|1062|403|5.4|5.3|5|8
14.3|94.47|1064|404|5.4|5.3|5|8
14.4|94.44|1062|404|5.4|5.4|5|8
14.5|94.4|1062|404|5.4|5.4|5|8
14.6|94.43|1064|404|5.4|5.4|2|8
14.7|94.29|1064|404|5.4|5.4|2|8
14.8|93.88|1064|404|5.4|5.4|2|8
14.9|93.35|1250|404|5.4|5.4|2|8
15|92.94|1698|405|5.4|5.4|3|8
15.1|92.66|1778|406|5.4|5.4|3|8
15.2|92.52|1789|407|5.4|5.4|3|8
15.3|92.36|1794|407|5.4|5.4|3|8
15.4|92.33|1794|407|5.4|5.4|3|8
15.5|92.39|1794|407|5.4|5.4|3|8
15.6|92.41|1796|407|5.4|5.4|3|8
15.7|92.36|1796|407|5.4|5.4|3|8
15.8|92.4|1799|407|5.4|5.4|3|8
15.9|92.41|1796|407|5.4|5.4|3|8
16|92.37|1802|407|5.4|5.4|3|8
16.1|92.4|1802|408|5.4|5.4|3|8
16.2|92.39|1802|408|5.4|5.4|3|8
16.3|92.39|1804|407|5.4|5.4|3|8
16.4|92.39|1804|407|5.4|5.4|3|8
16.5|92.37|1804|407|5.4|5.4|3|8
16.6|92.39|1807|407|5.4|5.4|3|8
16.7|92.39|1807|407|5.4|5.4|3|8
16.8|92.37|1807|408|5.4|5.4|3|8
16.9|92.39|1807|408|5.4|5.4|3|8
17|92.39|1807|408|5.4|5.4|4|8
17.1|92.55|1807|407|5.4|5.4|4|8
17.2|92.83|1804|407|5.4|5.4|4|8
17.3|93.39|1564|408|5.4|5.4|4|8
17.4|93.82|1082|405|5.4|5.4|5|8
17.5|93.92|1075|405|5.4|5.4|5|8
17.6|94.04|1075|404|5.4|5.4|5|8
17.7|94.08|1072|404|5.4|5.4|5|8
17.8|94.12|1072|404|5.4|5.4|5|8
17.9|94.05|1072|404|5.4|5.4|5|8
18|94.05|1072|404|5.4|5.4|5|8
18.1|94.08|1070|404|5.4|5.4|5|8
18.2|94.09|1072|404|5.4|5.4|5|8
18.3|94.06|1070|404|5.4|5.4|5|8
18.4|94.04|1070|404|5.4|5.4|5|8
18.5|94.05|1072|404|5.4|5.4|5|8
18.6|94.08|1070|404|5.4|5.4|5|8
18.7|94.06|1070|404|5.4|5.4|5|8
18.8|94.08|1070|404|5.4|5.4|5|8
18.9|94.16|1070|404|5.4|5.4|5|8
19|94.02|1072|404|5.4|5.4|5|8
19.1|94.05|1070|404|5.4|5.4|5|8
19.2|94.06|1070|404|5.4|5.4|5|8
19.3|94.08|1070|404|5.4|5.4|5|8
19.4|94.08|1070|404|5.4|5.4|2|8
19.5|93.85|1070|404|5.4|5.4|2|8
19.6|93.39|1070|404|5.4|5.4|2|8
19.7|92.94|1662|404|5.4|5.4|3|8
19.8|92.64|1773|406|5.4|5.4|3|8
19.9|92.39|1791|407|5.4|5.4|3|8
20|92.41|1796|407|5.4|5.4|3|8
20.1|92.33|1802|404|5.4|5.4|3|8
20.2|92.31|1804|401|5.4|5.4|3|8
20.3|92.36|1807|401|5.4|5.4|3|8
20.4|92.33|1809|400|5.4|5.4|3|8
20.5|92.33|1812|400|5.4|5.4|3|8
20.6|92.33|1812|400|5.4|5.4|3|8
20.7|92.33|1812|400|5.4|5.4|3|8
20.8|92.33|1814|401|5.4|5.4|3|8
20.9|92.33|1814|401|5.4|5.4|3|8
21|92.33|1814|401|5.4|5.4|3|8
21.1|92.33|1822|398|5.4|5.4|3|8
21.2|92.32|1822|396|5.4|5.4|3|8
21.3|92.32|1822|395|5.4|5.4|3|8
21.4|92.33|1822|395|5.4|5.4|3|8
21.5|92.32|1822|395|5.4|5.4|3|8
21.6|92.32|1822|395|5.4|5.4|3|8
21.7|92.33|1822|395|5.4|5.4|4|8
21.8|92.39|1822|395|5.4|5.4|4|8
21.9|92.67|1820|395|5.4|5.4|4|8
22|93.22|1778|395|5.4|5.4|4|8
22.1|93.74|1106|395|5.4|5.4|5|8
22.2|93.89|1085|394|5.4|5.4|5|8
22.3|94.01|1082|394|5.4|5.4|5|8
22.4|94.05|1082|394|5.4|5.4|5|8
22.5|94.1|1082|394|5.4|5.4|5|8
22.6|94.05|1080|394|5.4|5.4|5|8
22.7|94.02|1080|394|5.4|5.4|5|8
22.8|94.06|1080|394|5.4|5.4|5|8
22.9|94.06|1080|394|5.4|5.4|5|8
23|94.08|1080|394|5.4|5.4|5|8
23.1|94.09|1077|394|5.4|5.4|5|8
23.2|94.02|1077|394|5.4|5.4|5|8
23.3|94.05|1077|394|5.4|5.4|5|8
23.4|94.06|1077|394|5.4|5.4|5|8
23.5|94.09|1077|394|5.4|5.4|5|8
23.6|94.05|1077|394|5.4|5.4|5|8
23.7|94.02|1077|394|5.4|5.4|5|8
23.8|94.05|1077|394|5.4|5.4|5|8
23.9|94.09|1077|394|5.4|5.4|5|8
24|94.09|1077|394|5.4|5.4|5|8
24.1|94.02|1077|394|5.4|5.4|2|8
24.2|93.94|1077|394|5.4|5.4|2|8
24.3|93.51|1077|394|5.4|5.4|2|8
24.4|93.07|1327|394|5.4|5.4|2|8
24.5|92.64|1773|395|5.4|5.4|3|8
24.6|92.43|1807|395|5.4|5.4|3|8
24.7|92.35|1817|396|5.4|5.4|3|8
24.8|92.39|1820|396|5.4|5.4|3|8
24.9|92.2|1825|395|5.4|5.4|3|8
25|92.33|1825|395|5.4|5.4|3|8
25.1|92.31|1827|395|5.4|5.4|3|8
25.2|92.21|1827|396|5.4|5.4|3|8
25.3|92.36|1827|396|5.4|5.4|3|8
25.4|92.24|1830|396|5.4|5.4|3|8
25.5|92.27|1830|396|5.4|5.4|3|8
25.6|92.32|1830|396|5.4|5.4|3|8
25.7|92.21|1830|395|5.4|5.4|3|8
25.8|92.33|1830|395|5.4|5.4|3|8
25.9|92.27|1832|396|5.4|5.4|3|8
26|92.21|1832|396|5.4|5.4|3|8
26.1|92.32|1832|396|5.4|5.4|3|8
26.2|92.25|1832|396|5.4|5.4|3|8
26.3|92.25|1835|396|5.4|5.4|3|8
26.4|92.31|1835|396|5.4|5.4|3|8
26.5|92.29|1835|396|5.4|5.4|4|8
26.6|92.55|1832|396|5.4|5.4|4|8
26.7|92.92|1799|396|5.4|5.4|4|8
26.8|93.47|1152|396|5.4|5.4|5|8
26.9|93.77|1088|395|5.4|5.4|5|8
27|93.84|1085|394|5.4|5.4|5|8
27.1|93.84|1082|394|5.4|5.4|5|8
27.2|93.86|1082|394|5.4|5.4|5|8
27.3|93.93|1082|394|5.4|5.4|5|8
27.4|93.93|1082|394|5.4|5.4|5|8
27.5|93.97|1080|394|5.4|5.4|5|8
27.6|93.94|1080|394|5.4|5.4|5|8
27.7|93.92|1080|394|5.4|5.4|5|8
27.8|93.86|1080|394|5.4|5.4|5|8
27.9|93.85|1080|394|5.4|5.4|5|8
28|93.92|1077|394|5.4|5.4|5|8
28.1|93.92|1077|394|5.4|5.4|5|8
28.2|93.93|1077|394|5.4|5.4|5|8
28.3|93.97|1077|394|5.4|5.4|5|8
28.4|93.9|1077|394|5.4|5.4|5|8
28.5|93.9|1077|394|5.4|5.4|5|8
28.6|93.96|1077|394|5.4|5.4|5|8
28.7|93.92|1077|394|5.4|5.4|5|8
28.8|93.9|1077|394|5.4|5.4|2|8
28.9|93.86|1077|394|5.4|5.4|2|8
29|93.46|1077|394|5.4|5.4|2|8
29.1|93|1191|394|5.4|5.4|2|8
29.2|92.6|1758|395|5.4|5.4|3|8
29.3|92.31|1812|396|5.4|5.4|3|8
29.4|92.15|1820|396|5.4|5.4|3|8
29.5|92.15|1825|396|5.4|5.4|3|8
29.6|92.09|1827|396|5.4|5.4|3|8
29.7|92.07|1830|396|5.4|5.4|3|8
29.8|92.02|1830|396|5.4|5.4|3|8
29.9|92.05|1832|396|5.4|5.4|3|8
30|92.12|1832|396|5.4|5.4|3|8
30.1|92.09|1835|396|5.4|5.4|3|8
30.2|92.08|1835|396|5.4|5.4|3|8
30.3|92.05|1838|396|5.4|5.4|3|8
30.4|92.02|1838|396|5.4|5.4|3|8
30.5|92.05|1838|396|5.4|5.4|3|8
30.6|92.12|1838|396|5.4|5.4|3|8
30.7|92.12|1838|396|5.4|5.4|3|8
30.8|92.09|1840|396|5.4|5.4|3|8
30.9|92.05|1840|396|5.4|5.4|3|8
31|92.02|1840|396|5.4|5.4|3|8
31.1|92.04|1843|394|5.4|5.4|3|8
31.2|92.08|1845|394|5.4|5.4|4|8
31.3|92.27|1845|393|5.4|5.4|4|8
31.4|92.6|1814|393|5.4|5.4|4|8
31.5|93.13|1134|394|5.4|5.4|5|8
31.6|93.37|1088|394|5.4|5.4|5|8
31.7|93.54|1085|393|5.4|5.4|5|8
31.8|93.6|1082|393|5.4|5.4|5|8
31.9|93.57|1082|392|5.4|5.4|5|8
32|93.54|1082|392|5.4|5.4|5|8
32.1|93.54|1080|392|5.4|5.4|5|8
32.2|93.57|1080|392|5.4|5.4|5|8
32.3|93.6|1080|392|5.4|5.4|5|8
32.4|93.6|1080|392|5.4|5.4|5|8
32.5|93.53|1080|392|5.4|5.4|5|8
32.6|93.55|1080|392|5.4|5.4|5|8
32.7|93.57|1080|392|5.4|5.4|5|8
32.8|93.57|1080|392|5.4|5.4|5|8
32.9|93.58|1077|392|5.4|5.4|5|8
33|93.61|1077|392|5.4|5.4|5|8
33.1|93.57|1077|392|5.4|5.4|5|8
33.2|93.53|1077|392|5.4|5.4|5|8
33.3|93.57|1077|392|5.4|5.4|5|8
33.4|93.57|1077|392|5.4|5.4|5|8
33.5|93.58|1077|392|5.4|5.4|2|8
33.6|93.41|1077|392|5.4|5.4|2|8
33.7|93.09|1077|392|5.4|5.4|2|8
33.8|92.66|1296|392|5.4|5.4|2|8
33.9|92.24|1794|392|5.4|5.4|3|8
34|92.02|1830|392|5.4|5.4|3|8
34.1|91.97|1838|392|5.4|5.4|3|8
34.2|91.85|1840|392|5.4|5.4|3|8
34.3|91.89|1843|392|5.4|5.4|3|8
34.4|91.88|1845|392|5.4|5.4|3|8
34.5|91.9|1845|392|5.4|5.4|3|8
34.6|91.85|1848|392|5.4|5.4|3|8
34.7|91.89|1848|392|5.4|5.4|3|8
34.8|91.86|1848|392|5.4|5.4|3|8
34.9|91.86|1848|392|5.4|5.4|3|8
35|91.92|1851|392|5.4|5.4|3|8
35.1|91.85|1851|392|5.4|5.4|3|8
35.2|91.89|1851|392|5.4|5.4|3|8
35.3|91.88|1851|392|5.4|5.4|3|8
35.4|91.85|1853|392|5.4|5.4|3|8
35.5|91.9|1853|392|5.4|5.4|3|8
35.6|91.88|1853|392|5.4|5.4|3|8
35.7|91.85|1856|392|5.4|5.4|3|8
35.8|91.88|1853|392|5.4|5.4|3|8
35.9|91.89|1853|392|5.4|5.4|4|8
36|92.09|1853|392|5.4|5.4|4|8
36.1|92.59|1430|392|5.4|5.4|4|8
36.2|92.86|1093|392|5.4|5.4|2|8
36.3|92.91|1088|392|5.4|5.4|2|8
36.4|92.95|1085|392|5.4|5.4|2|8
36.5|92.86|1085|392|5.4|5.4|2|8
36.6|92.88|1082|392|5.4|5.4|2|8
36.7|92.75|1082|392|5.4|5.4|2|8
36.8|92.66|1082|392|5.4|5.4|2|8
36.9|92.63|1080|392|5.4|5.4|2|8
37|92.66|1080|392|5.4|5.4|2|8
37.1|92.67|1080|392|5.4|5.4|2|8
37.2|92.41|1222|392|5.4|5.4|2|8
37.3|92.36|1080|392|5.4|5.4|2|8
37.4|92.39|1201|392|5.4|5.4|2|8
37.5|92.4|1314|392|5.4|5.4|2|8
37.6|92.19|1224|393|5.4|5.4|2|8
37.7|92.16|1487|394|5.4|5.4|2|8
37.8|92.05|1732|393|5.4|5.4|2|8
37.9|92.32|1722|393|5.4|5.4|2|8
38|92.33|1745|393|5.4|5.4|2|8
38.1|92.53|1129|394|5.4|5.4|2|8
38.2|92.6|1085|393|5.4|5.4|2|8
38.3|92.64|1082|392|5.4|5.4|2|8
38.4|92.68|1080|392|5.4|5.4|2|8
38.5|92.68|1080|392|5.4|5.4|2|8
38.6|92.64|1077|392|5.4|5.4|2|8
38.7|92.47|1077|392|5.4|5.4|2|8
38.8|92.33|1077|392|5.4|5.4|2|8
38.9|92.36|1077|392|5.4|5.4|2|8
39|92.37|1129|392|5.4|5.4|2|8
39.1|92.21|1108|392|5.4|5.4|2|8
39.2|92.19|1093|392|5.4|5.4|2|8
39.3|92.15|1497|393|5.4|5.4|2|8
39.4|92.05|1162|393|5.4|5.4|2|8
39.5|92.07|1077|392|5.4|5.4|2|8
39.6|92.05|1113|392|5.4|5.4|2|8
39.7|91.97|1082|392|5.4|5.4|2|8
39.8|91.96|1268|393|5.4|5.4|2|8
39.9|91.89|1227|393|5.4|5.4|2|8
40|91.74|1276|394|5.4|5.4|2|8
40.1|91.73|1188|393|5.4|5.4|2|8
40.2|91.65|1497|393|5.4|5.4|2|8
40.3|91.54|1634|394|5.4|5.4|2|8
40.4|91.72|1461|394|5.4|5.4|2|8
40.5|91.82|1093|393|5.4|5.4|2|8
40.6|91.89|1080|393|5.4|5.4|2|8
40.7|91.92|1075|392|5.4|5.4|2|8
40.8|91.88|1075|392|5.4|5.4|2|8
40.9|91.73|1080|392|5.4|5.4|2|8
41|91.72|1108|392|5.4|5.4|2|8
41.1|91.64|1183|393|5.4|5.4|2|8
41.2|91.56|1278|394|5.4|5.4|2|8
41.3|91.53|1183|394|5.4|5.4|2|8
41.4|91.47|1302|394|5.4|5.4|2|8
41.5|91.45|1425|394|5.4|5.4|2|8
41.6|91.33|1629|394|5.4|5.4|2|8
41.7|91.43|1613|394|5.4|5.4|2|8
41.8|91.49|1660|394|5.4|5.4|2|8
41.9|91.8|1193|394|5.4|5.4|2|8
42|91.85|1080|393|5.4|5.4|2|8
42.1|91.96|1077|393|5.4|5.4|2|8
42.2|91.89|1077|392|5.4|5.4|2|8
42.3|91.85|1075|392|5.4|5.4|2|8
42.4|91.73|1075|392|5.4|5.4|2|8
42.5|91.73|1075|392|5.4|5.4|2|8
42.6|91.64|1077|392|5.4|5.4|2|8
42.7|91.56|1080|392|5.4|5.4|2|8
42.8|91.54|1077|392|5.4|5.4|2|8
42.9|91.49|1090|392|5.4|5.4|2|8
43|91.43|1278|393|5.4|5.4|2|8
43.1|91.29|1302|394|5.4|5.4|2|8
43.2|91.25|1204|393|5.4|5.4|2|8
43.3|91.26|1302|394|5.4|5.4|2|8
43.4|91.11|1345|394|5.4|5.4|2|8
43.5|91.03|1126|393|5.4|5.4|2|8
43.6|91.07|1224|392|5.4|5.4|2|8
43.7|90.91|1327|394|5.4|5.4|2|8
43.8|90.87|1204|394|5.4|5.4|2|8
43.9|90.79|1144|393|5.4|5.4|2|8
44|90.71|1247|393|5.4|5.4|2|8
44.1|90.6|1155|393|5.4|5.4|2|8
44.2|90.58|1124|393|5.4|5.4|2|8
44.3|90.54|1258|394|5.4|5.4|2|8
44.4|90.45|1206|394|5.4|5.4|2|8
44.5|90.33|1196|393|5.4|5.4|2|8
44.6|90.31|1361|394|5.4|5.4|2|8
44.7|90.17|1327|394|5.4|5.4|2|8
44.8|90.03|1273|394|5.4|5.4|2|8
44.9|90|1129|394|5.4|5.4|2|8
45|89.85|1191|394|5.4|5.4|2|8
45.1|89.88|1183|394|5.4|5.4|2|8
45.2|89.76|1255|394|5.4|5.4|2|8
45.3|89.74|1229|394|5.4|5.4|2|8
45.4|89.54|1247|394|5.4|5.4|2|8
45.5|89.5|1131|393|5.4|5.4|2|8
45.6|89.35|1345|394|5.4|5.4|2|8
45.7|89.25|1302|394|5.4|5.4|2|8
45.8|89.14|1196|394|5.4|5.4|2|8
45.9|89.14|1299|394|5.4|5.4|2|8
46|89.02|1260|394|5.4|5.4|2|8
46.1|88.88|1312|394|5.4|5.4|2|8
46.2|88.74|1186|394|5.4|5.4|2|8
46.3|88.68|1162|394|5.4|5.4|2|8
46.4|88.59|1191|394|5.4|5.4|2|8
46.5|88.48|1330|394|5.4|5.4|2|8
46.6|88.33|1170|394|5.4|5.4|2|8
46.7|88.23|1183|394|5.4|5.4|2|8
46.8|88.09|1263|395|5.4|5.4|2|8
46.9|88.03|1214|394|5.4|5.4|2|8
47|87.93|1235|394|5.4|5.4|2|8
47.1|87.72|1309|394|5.4|5.4|2|8
47.2|87.64|1188|394|5.4|5.4|2|8
47.3|87.54|1222|394|5.4|5.4|2|8
47.4|87.39|1206|394|5.4|5.4|2|8
47.5|87.27|1420|394|5.4|5.4|2|8
47.6|87.13|1245|394|5.4|5.4|2|8
47.7|87.06|1170|394|5.4|5.4|2|8
47.8|86.91|1343|394|5.4|5.4|2|8
47.9|86.7|1265|394|5.4|5.4|2|8
48|86.62|1286|394|5.4|5.4|2|8
48.1|86.43|1278|394|5.4|5.4|2|8
48.2|86.25|1235|394|5.4|5.4|2|8
48.3|86.15|1381|394|5.4|5.4|2|8
48.4|86.05|1193|394|5.4|5.4|2|8
48.5|85.93|1242|394|5.4|5.4|2|8
48.6|85.73|1379|394|5.4|5.4|2|8
48.7|85.58|1418|394|5.4|5.4|2|8
48.8|85.41|1260|394|5.4|5.4|2|8
48.9|85.23|1216|394|5.4|5.4|2|8
49|85.05|1387|394|5.4|5.4|2|8
49.1|84.98|1397|394|5.4|5.4|2|8
49.2|84.82|1250|394|5.4|5.4|2|8
49.3|84.52|1286|394|5.4|5.4|2|8
49.4|84.38|1286|394|5.4|5.4|2|8
49.5|84.24|1371|395|5.4|5.4|2|8
49.6|84.07|1348|396|5.4|5.4|2|8
49.7|83.88|1289|396|5.4|5.4|2|8
49.8|83.65|1258|396|5.4|5.4|2|8
49.9|83.52|1345|395|5.4|5.4|2|8
50|83.28|1258|395|5.4|5.4|2|8
50.1|83.09|1345|395|5.4|5.4|2|8
50.2|82.83|1371|396|5.4|5.4|6|8
50.3|80.94|1876|394|5.4|5.4|6|8
50.4|78.23|1490|395|5.4|5.4|6|8
50.5|75.37|0|393|5.4|5.4|7|8
50.6|73.57|0|392|5.4|5.4|7|8
50.7|72.73|0|392|5.4|5.4|7|8
50.8|72.42|0|392|5.4|5.4|7|8
50.9|72.26|0|391|5.4|5.4|7|8
51|72.2|0|391|5.4|5.4|7|8
51.1|72.18|0|391|5.4|5.4|7|8
51.2|72.26|0|391|5.4|5.4|7|8
51.3|72.08|0|391|5.4|5.4|7|8
51.4|72.07|0|391|5.4|5.4|7|8
51.5|72.08|0|391|5.4|5.4|7|8
51.6|72.08|0|391|5.4|5.4|7|8
51.7|72.11|0|390|5.4|5.4|7|8
51.8|72.15|0|391|5.4|5.4|7|8
51.9|72.18|0|391|5.4|5.4|7|8
52|72.18|0|390|5.4|5.4|7|8
52.1|72.14|0|390|5.4|5.4|7|8
52.2|72.04|0|390|5.4|5.4|7|8
52.3|72.1|0|390|5.4|5.4|7|8
52.4|72.07|0|390|5.4|5.4|7|8
52.5|72.08|0|391|5.4|5.4|7|8
52.6|72.12|0|392|5.4|5.4|7|8
52.7|72.18|0|392|5.4|5.4|7|8
52.8|72.19|0|392|5.4|5.4|7|8
52.9|72.1|0|392|5.4|5.4|7|8
53|72.04|0|392|5.4|5.4|7|8
53.1|72.07|0|392|5.4|5.4|7|8
53.2|72.11|0|392|5.4|5.4|7|8
53.3|72.22|0|392|5.4|5.4|7|8
53.4|72.06|0|392|5.4|5.4|7|8
53.5|72.04|0|392|5.4|5.4|7|8
53.6|72.07|0|392|5.4|5.4|7|8
53.7|72.11|0|392|5.4|5.4|7|8
53.8|72.22|0|392|5.4|5.4|7|8
53.9|72.02|0|392|5.4|5.4|7|8
54|72.11|0|392|5.4|5.4|7|8
54.1|72.1|0|392|5.4|5.4|7|8
54.2|72.1|0|392|5.4|5.4|7|8
54.3|72.15|0|392|5.4|5.4|7|8
54.4|72.12|0|392|5.4|5.4|7|8
54.5|72.06|0|392|5.4|5.4|7|8
54.6|72.06|0|392|5.4|5.4|7|8
54.7|72.1|0|392|5.4|5.4|7|8
54.8|72.1|0|392|5.4|5.4|7|8
54.9|72.11|0|392|5.4|5.4|7|8
55|72.18|0|392|5.4|5.4|7|8
55.1|72.03|0|392|5.4|5.4|7|8
55.2|72.08|0|392|5.4|5.4|7|8
55.3|72.18|0|392|5.4|5.4|7|8
55.4|72.06|0|392|5.4|5.4|7|8
55.5|72.07|0|392|5.4|5.4|7|8
55.6|72.16|0|392|5.4|5.4|7|8
55.7|72.06|0|392|5.4|5.4|7|8
55.8|72.06|0|392|5.4|5.4|7|8
55.9|72.12|0|392|5.4|5.4|7|8
56|72.08|0|392|5.4|5.4|7|8
56.1|72.02|0|392|5.4|5.4|7|8
56.2|72.1|0|392|5.4|5.4|7|8
56.3|72.15|0|392|5.4|5.4|7|8
56.4|72|0|392|5.4|5.4|7|8
56.5|72.1|0|392|5.4|5.4|7|8
56.6|72.08|0|392|5.4|5.4|7|8
56.7|72.08|0|392|5.4|5.4|7|8
56.8|72.08|0|392|5.4|5.4|7|8
56.9|72.08|0|392|5.4|5.4|7|8
57|72.08|0|392|5.4|5.4|7|8
57.1|72.1|0|392|5.4|5.4|7|8
57.2|72.19|0|392|5.4|5.4|7|8
57.3|72.04|0|392|5.4|5.4|7|8
57.4|72.07|0|392|5.4|5.4|7|8
57.5|72.1|0|392|5.4|5.4|7|8
57.6|72.19|0|392|5.4|5.4|7|8
57.7|72.02|0|392|5.4|5.4|7|8
57.8|72.07|0|392|5.4|5.4|7|8
57.9|72.11|0|392|5.4|5.4|7|8
58|72.08|0|392|5.4|5.4|7|8
58.1|72.02|0|392|5.4|5.4|7|8
58.2|72.08|0|392|5.4|5.4|7|8
58.3|72.08|0|392|5.4|5.4|7|8
58.4|72.1|0|392|5.4|5.4|7|8
58.5|72.18|0|392|5.4|5.4|7|8
58.6|72.03|0|392|5.4|5.4|7|8
58.7|72.07|0|392|5.4|5.4|7|8
58.8|72.07|0|392|5.4|5.4|7|8
58.9|72.11|0|392|5.4|5.4|7|8
59|72.08|0|392|5.4|5.4|7|8
59.1|72.02|0|392|5.4|5.4|7|8
59.2|72.08|0|392|5.4|5.4|7|8
59.3|72.07|0|392|5.4|5.4|7|8
59.4|72.08|0|392|5.4|5.4|7|8
59.5|72.1|0|392|5.4|5.4|7|8
59.6|72.11|0|392|5.4|5.4|7|8
59.7|72|0|392|5.4|5.4|7|8
59.8|72.07|0|392|5.4|5.4|7|8
59.9|72.06|0|392|5.4|5.4|7|8
60|72.1|0|392|5.4|5.4|7|8
60.1|72.15|0|392|5.4|5.4|7|8
60.2|72|0|392|5.4|5.4|7|8
60.3|72.07|0|392|5.4|5.4|7|8
60.4|72.1|0|392|5.4|5.4|7|8
60.5|72.16|0|392|5.4|5.4|7|8
60.6|72.02|0|392|5.4|5.4|7|8
60.7|72.06|0|392|5.4|5.4|7|8
60.8|72.07|0|392|5.4|5.4|7|8
60.9|72.07|0|392|5.4|5.4|7|8
61|72.1|0|392|5.4|5.4|7|8
61.1|72.16|0|398|5.4|5.4|7|8
61.2|72|0|402|5.4|5.4|7|8
61.3|72.07|0|404|5.4|5.4|7|8
61.4|72.07|0|404|5.4|5.4|7|8
61.5|72.1|0|404|5.4|5.4|7|8
61.6|72.08|0|404|5.4|5.4|7|8
61.7|72|0|404|5.4|5.4|7|8
61.8|72.07|0|404|5.4|5.4|7|8
61.9|72.07|0|404|5.4|5.4|7|8
62|72.07|0|404|5.4|5.4|7|8
62.1|72.07|0|404|5.4|5.4|7|8
62.2|72.08|0|404|5.4|5.4|7|8
62.3|72.16|0|404|5.4|5.4|7|8
62.4|72.04|0|404|5.4|5.4|7|8
62.5|72.04|0|404|5.4|5.4|7|8
62.6|72.06|0|404|5.4|5.4|7|8
62.7|72.07|0|404|5.4|5.4|7|8
62.8|72.06|0|404|5.4|5.4|7|8
62.9|72.07|0|404|5.4|5.4|7|8
63|72.11|0|404|5.4|5.4|7|8
63.1|72.06|0|404|5.4|5.4|7|8
63.2|72|0|404|5.4|5.4|7|8
63.3|72.06|0|404|5.4|5.4|7|8
63.4|72.06|0|404|5.4|5.4|7|8
63.5|72.1|0|404|5.4|5.4|8|8
63.6|72.07|0|404|5.4|5.4|8|8
63.7|72.04|0|404|5.4|5.4|8|8
63.8|72.02|0|404|5.4|5.4|8|8
63.9|71.98|0|404|5.4|5.4|8|8
64|71.96|0|404|5.4|5.4|8|8
64.1|71.99|0|404|5.4|5.4|8|8
64.2|71.99|0|404|5.4|5.4|8|8
64.3|72.03|0|404|5.3|5.3|8|8
64.4|72.07|0|404|5.3|5.3|8|8
64.5|72|0|404|5.3|5.3|8|8
64.6|72|0|404|5.3|5.3|8|8
64.7|71.99|0|404|5.3|5.3|8|8
64.8|72.02|0|404|5.3|5.3|8|8
64.9|72.1|0|404|5.2|5.2|8|8
65|72|0|404|5.2|5.2|8|8
65.1|72|0|404|5.2|5.2|8|8
65.2|71.99|0|404|5.2|5.2|8|8
65.3|71.99|0|404|5.2|5.2|8|8
65.4|72.02|0|404|5.2|5.2|8|8
65.5|73.29|0|404|5.2|5.2|8|8
65.6|76.34|0|404|5.2|5.2|8|8
65.7|79.33|0|404|5.2|5.2|8|8
65.8|82.36|0|404|5.2|5.2|8|8
65.9|85.38|0|404|5.2|5.2|8|8
66|88.29|0|404|5.2|5.2|8|8
66.1|91.27|0|404|5.2|5.2|8|8
66.2|93.97|0|404|5.2|5.2|8|8
66.3|95.22|0|404|5.2|5.2|8|8
66.4|95.76|0|404|5.2|5.2|8|8
