0|95.98|1116|410|5.1|5.1|1|8
0.1|95.97|1098|414|5.1|5.1|1|8
0.2|95.98|1088|416|5.1|5.1|1|8
0.3|95.97|1082|416|5.1|5.1|1|8
0.4|95.94|1080|416|5.1|5.1|1|8
0.5|96|1093|417|5.1|5.1|2|8
0.6|95.73|1191|418|5.1|5.1|2|8
0.7|95.31|1613|418|5.1|5.1|3|8
0.8|95.12|1657|420|5.1|5.1|3|8
0.9|94.88|1675|420|5.1|5.1|3|8
1|94.96|1683|421|5.1|5.1|3|8
1.1|94.76|1686|421|5.1|5.1|3|8
1.2|94.86|1688|422|5.1|5.1|3|8
1.3|94.91|1693|421|5.1|5.1|3|8
1.4|94.78|1696|422|5.1|5.1|3|8
1.5|94.86|1698|422|5.1|5.1|3|8
1.6|94.79|1698|422|5.1|5.1|3|8
1.7|94.83|1701|422|5.1|5.1|3|8
1.8|94.84|1704|422|5.1|5.1|3|8
1.9|94.79|1706|422|5.1|5.1|3|8
2|94.79|1706|422|5.1|5.1|3|8
2.1|94.87|1709|422|5.2|5.1|3|8
2.2|94.79|1709|422|5.2|5.2|3|8
2.3|94.82|1709|422|5.2|5.2|3|8
2.4|94.82|1711|422|5.2|5.2|3|8
2.5|94.84|1711|422|5.2|5.2|3|8
2.6|94.87|1714|422|5.2|5.2|3|8
2.7|94.79|1716|422|5.2|5.2|4|8
2.8|94.98|1711|422|5.2|5.2|4|8
2.9|95.35|1704|422|5.2|5.2|4|8
3|95.84|1665|422|5.2|5.2|4|8
3.1|96.32|1160|422|5.2|5.2|5|8
3.2|96.56|1090|420|5.2|5.2|5|8
3.3|96.65|1088|420|5.2|5.2|5|8
3.4|96.76|1088|420|5.2|5.2|5|8
3.5|96.82|1085|420|5.2|5.2|5|8
3.6|96.86|1085|420|5.2|5.2|5|8
3.7|96.84|1085|420|5.2|5.2|5|8
3.8|96.8|1082|420|5.2|5.2|5|8
3.9|96.79|1082|420|5.2|5.2|5|8
4|96.78|1082|420|5.2|5.2|5|8
4.1|96.79|1082|420|5.2|5.2|5|8
4.2|96.79|1082|420|5.2|5.2|5|8
4.3|96.8|1082|420|5.2|5.2|5|8
4.4|96.83|1082|419|5.2|5.2|5|8
4.5|96.83|1082|419|5.2|5.2|5|8
4.6|96.83|1082|419|5.2|5.2|5|8
4.7|96.83|1082|419|5.2|5.2|5|8
4.8|96.82|1082|419|5.2|5.2|5|8
4.9|96.83|1085|419|5.2|5.2|5|8
5|96.82|1085|419|5.2|5.2|5|8
5.1|96.83|1082|419|5.2|5.2|2|8
5.2|96.71|1082|419|5.2|5.2|2|8
5.3|96.39|1082|419|5.2|5.2|2|8
5.4|95.93|1124|419|5.2|5.2|2|8
5.5|95.45|1278|420|5.2|5.2|2|8
5.6|94.99|1325|420|5.2|5.2|2|8
5.7|94.51|1492|421|5.2|5.2|2|8
5.8|94.08|1714|422|5.2|5.2|3|8
5.9|93.9|1745|422|5.2|5.2|3|8
6|93.81|1755|422|5.2|5.2|3|8
6.1|93.77|1760|422|5.2|5.2|3|8
6.2|93.88|1763|422|5.2|5.2|3|8
6.3|93.76|1768|422|5.2|5.2|3|8
6.4|93.77|1768|423|5.3|5.2|3|8
6.5|93.77|1771|422|5.3|5.2|3|8
6.6|93.72|1773|423|5.3|5.3|3|8
6.7|93.7|1773|423|5.3|5.2|3|8
6.8|93.77|1773|423|5.3|5.3|3|8
6.9|93.8|1776|423|5.3|5.3|3|8
7|93.76|1778|423|5.3|5.3|3|8
7.1|93.7|1778|423|5.3|5.3|3|8
7.2|93.77|1778|423|5.3|5.3|3|8
7.3|93.77|1778|423|5.3|5.3|3|8
7.4|93.76|1781|423|5.3|5.3|3|8
7.5|93.72|1781|423|5.3|5.3|3|8
7.6|93.74|1781|423|5.3|5.3|3|8
7.7|93.8|1781|423|5.3|5.3|3|8
7.8|93.77|1784|423|5.3|5.3|4|8
7.9|94.01|1768|423|5.3|5.3|4|8
8|94.43|1747|423|5.3|5.3|4|8
8.1|94.98|1716|423|5.3|5.3|4|8
8.2|95.47|1137|422|5.3|5.3|5|8
8.3|95.73|1095|421|5.3|5.3|5|8
8.4|95.86|1093|420|5.3|5.3|5|8
8.5|95.85|1090|420|5.3|5.3|5|8
8.6|95.93|1088|420|5.3|5.3|5|8
8.7|95.93|1088|420|5.3|5.3|5|8
8.8|95.93|1088|420|5.3|5.3|5|8
8.9|95.86|1088|420|5.3|5.3|5|8
9|95.9|1088|420|5.3|5.3|5|8
9.1|95.92|1088|420|5.3|5.3|5|8
9.2|95.92|1088|420|5.3|5.3|5|8
9.3|95.9|1088|420|5.3|5.3|5|8
9.4|95.93|1088|420|5.3|5.3|5|8
9.5|95.93|1088|419|5.3|5.3|5|8
9.6|95.96|1088|419|5.3|5.3|5|8
9.7|95.9|1088|419|5.3|5.3|5|8
9.8|95.92|1088|419|5.3|5.3|5|8
9.9|95.92|1088|419|5.3|5.3|5|8
10|95.93|1088|419|5.3|5.3|5|8
10.1|95.93|1088|419|5.3|5.3|5|8
10.2|95.9|1093|418|5.3|5.3|2|8
10.3|95.8|1095|408|5.3|5.3|2|8
10.4|95.39|1095|403|5.3|5.3|2|8
10.5|94.99|1126|401|5.3|5.3|2|8
10.6|94.55|1410|401|5.3|5.3|2|8
10.7|94.09|1737|402|5.3|5.3|3|8
10.8|93.94|1758|402|5.3|5.3|3|8
10.9|93.81|1776|403|5.3|5.3|3|8
11|93.88|1786|403|5.3|5.3|3|8
11.1|93.78|1794|403|5.3|5.3|3|8
11.2|93.72|1804|402|5.3|5.3|3|8
11.3|93.72|1809|398|5.3|5.3|3|8
11.4|93.77|1812|396|5.3|5.3|3|8
11.5|93.78|1812|396|5.3|5.3|3|8
11.6|93.73|1814|396|5.3|5.3|3|8
11.7|93.68|1814|396|5.3|5.3|3|8
11.8|93.74|1817|396|5.4|5.4|3|8
11.9|93.77|1817|396|5.4|5.4|3|8
12|93.76|1817|396|5.4|5.4|3|8
12.1|93.72|1820|396|5.4|5.4|3|8
12.2|93.72|1820|396|5.4|5.4|3|8
12.3|93.77|1820|396|5.4|5.4|3|8
12.4|93.76|1822|396|5.4|5.4|3|8
12.5|93.73|1822|396|5.4|5.4|3|8
12.6|93.69|1822|396|5.4|5.4|3|8
12.7|93.78|1825|396|5.4|5.4|4|8
12.8|93.96|1812|396|5.4|5.4|4|8
12.9|94.43|1784|396|5.4|5.4|4|8
13|94.91|1763|396|5.4|5.4|4|8
13.1|95.42|1178|396|5.4|5.4|5|8
13.2|95.76|1111|395|5.4|5.4|5|8
13.3|95.85|1111|395|5.4|5.4|5|8
13.4|95.93|1108|394|5.4|5.4|5|8
13.5|95.93|1108|394|5.4|5.4|5|8
13.6|95.93|1108|394|5.4|5.4|5|8
13.7|95.94|1106|394|5.4|5.4|5|8
13.8|96.04|1106|394|5.4|5.4|5|8
13.9|96.01|1106|394|5.4|5.4|5|8
14|95.9|1106|394|5.4|5.4|5|8
14.1|95.94|1106|394|5.4|5.4|5|8
14.2|95.94|1106|394|5.4|5.4|5|8
14.3|95.96|1106|394|5.4|5.4|5|8
14.4|95.94|1106|394|5.4|5.4|5|8
14.5|95.97|1106|394|5.4|5.4|5|8
14.6|96.04|1103|394|5.4|5.4|5|8
14.7|95.98|1103|394|5.4|5.4|5|8
14.8|95.92|1103|394|5.4|5.4|5|8
14.9|95.92|1103|394|5.4|5.4|5|8
15|95.96|1103|394|5.4|5.4|5|8
15.1|95.96|1103|394|5.4|5.4|2|8
15.2|95.88|1103|394|5.4|5.4|2|8
15.3|95.51|1103|394|5.4|5.4|2|8
15.4|95.1|1106|394|5.4|5.4|2|8
15.5|94.67|1299|394|5.4|5.4|2|8
15.6|94.16|1436|395|5.4|5.4|2|8
15.7|93.77|1773|395|5.4|5.4|3|8
15.8|93.58|1809|396|5.4|5.4|3|8
15.9|93.49|1820|396|5.4|5.4|3|8
16|93.37|1825|396|5.4|5.4|3|8
16.1|93.37|1827|396|5.4|5.4|3|8
16.2|93.37|1830|396|5.4|5.4|3|8
16.3|93.41|1830|396|5.4|5.4|3|8
16.4|93.39|1832|396|5.4|5.4|3|8
16.5|93.39|1835|396|5.4|5.4|3|8
16.6|93.37|1835|396|5.4|5.4|3|8
16.7|93.39|1835|396|5.4|5.4|3|8
16.8|93.41|1835|396|5.4|5.4|3|8
16.9|93.35|1838|396|5.4|5.4|3|8
17|93.41|1838|396|5.4|5.4|3|8
17.1|93.38|1838|396|5.4|5.4|3|8
17.2|93.39|1838|396|5.4|5.4|3|8
17.3|93.39|1838|396|5.4|5.4|3|8
17.4|93.37|1840|396|5.4|5.4|3|8
17.5|93.39|1840|396|5.4|5.4|3|8
17.6|93.39|1840|396|5.4|5.4|3|8
17.7|93.47|1840|396|5.4|5.4|4|8
17.8|93.66|1835|396|5.4|5.4|4|8
17.9|94.15|1745|396|5.4|5.4|4|8
18|94.57|1126|396|5.4|5.4|5|8
18.1|94.76|1113|395|5.4|5.4|5|8
18.2|94.9|1111|394|5.4|5.4|5|8
18.3|94.94|1111|394|5.4|5.4|5|8
18.4|94.94|1111|394|5.4|5.4|5|8
18.5|94.94|1111|394|5.4|5.4|5|8
18.6|94.88|1111|394|5.4|5.4|5|8
18.7|94.92|1111|394|5.4|5.4|5|8
18.8|94.91|1111|394|5.4|5.4|5|8
18.9|94.95|1108|394|5.4|5.4|5|8
19|94.91|1111|394|5.4|5.4|5|8
19.1|94.9|1111|394|5.4|5.4|5|8
19.2|94.91|1106|394|5.4|5.4|5|8
19.3|94.95|1108|394|5.4|5.4|5|8
19.4|94.92|1106|394|5.4|5.4|5|8
19.5|94.9|1108|394|5.4|5.4|5|8
19.6|94.92|1108|394|5.4|5.4|5|8
19.7|94.95|1106|394|5.4|5.4|5|8
19.8|94.92|1106|394|5.4|5.4|5|8
19.9|94.91|1103|394|5.4|5.4|5|8
20|94.91|1108|394|5.4|5.4|2|8
20.1|94.74|1111|394|5.4|5.4|2|8
20.2|94.33|1113|394|5.4|5.4|2|8
20.3|93.89|1552|396|5.4|5.4|2|8
20.4|93.55|1796|396|5.4|5.4|3|8
20.5|93.34|1822|396|5.4|5.4|3|8
20.6|93.21|1832|396|5.4|5.4|3|8
20.7|93.21|1838|396|5.4|5.4|3|8
20.8|93.15|1840|396|5.4|5.4|3|8
20.9|93.13|1843|396|5.4|5.4|3|8
21|93.21|1843|396|5.4|5.4|3|8
21.1|93.22|1845|396|5.4|5.4|3|8
21.2|93.19|1845|396|5.4|5.4|3|8
21.3|93.19|1848|396|5.4|5.4|3|8
21.4|93.19|1848|396|5.4|5.4|3|8
21.5|93.19|1848|396|5.4|5.4|3|8
21.6|93.19|1848|396|5.4|5.4|3|8
21.7|93.19|1853|396|5.4|5.4|3|8
21.8|93.15|1851|396|5.4|5.4|3|8
21.9|93.19|1851|396|5.4|5.4|3|8
22|93.21|1851|396|5.4|5.4|3|8
22.1|93.18|1851|396|5.4|5.4|3|8
22.2|93.19|1853|396|5.4|5.4|3|8
22.3|93.19|1853|396|5.4|5.4|3|8
22.4|93.27|1853|396|5.4|5.4|4|8
22.5|93.5|1848|396|5.4|5.4|4|8
22.6|93.93|1794|396|5.4|5.4|4|8
22.7|94.47|1149|396|5.4|5.4|5|8
22.8|94.63|1116|396|5.4|5.4|5|8
22.9|94.86|1113|396|5.4|5.4|5|8
23|94.84|1113|396|5.4|5.4|5|8
23.1|94.84|1111|395|5.4|5.4|5|8
23.2|94.87|1111|395|5.4|5.4|5|8
23.3|94.87|1108|395|5.4|5.4|5|8
23.4|94.9|1108|395|5.4|5.4|5|8
23.5|94.86|1108|395|5.4|5.4|5|8
23.6|94.83|1111|395|5.4|5.4|5|8
23.7|94.88|1108|395|5.4|5.4|5|8
23.8|94.86|1106|394|5.4|5.4|5|8
23.9|94.87|1108|394|5.4|5.4|5|8
24|94.87|1106|394|5.4|5.4|5|8
24.1|94.87|1106|394|5.4|5.4|5|8
24.2|94.87|1106|394|5.4|5.4|5|8
24.3|94.87|1108|394|5.4|5.4|5|8
24.4|94.87|1108|395|5.4|5.4|5|8
24.5|94.87|1113|395|5.4|5.4|5|8
24.6|94.87|1106|394|5.4|5.4|5|8
24.7|94.87|1108|395|5.4|5.4|2|8
24.8|94.74|1106|394|5.4|5.4|2|8
24.9|94.4|1103|394|5.4|5.4|2|8
25|93.9|1281|395|5.4|5.4|2|8
25.1|93.47|1768|396|5.4|5.4|3|8
25.2|93.17|1822|396|5.4|5.4|3|8
25.3|93.23|1838|396|5.4|5.4|3|8
25.4|93.13|1845|396|5.4|5.4|3|8
25.5|92.98|1848|396|5.4|5.4|3|8
25.6|93.04|1848|396|5.4|5.4|3|8
25.7|92.99|1853|396|5.4|5.4|3|8
25.8|93.04|1851|396|5.4|5.4|3|8
25.9|93.04|1853|396|5.4|5.4|3|8
26|93.03|1853|396|5.4|5.4|3|8
26.1|93.04|1856|396|5.4|5.4|3|8
26.2|93.04|1856|396|5.4|5.4|3|8
26.3|93.04|1853|396|5.4|5.4|3|8
26.4|93.04|1856|396|5.4|5.4|3|8
26.5|93.07|1856|396|5.4|5.4|3|8
26.6|93.04|1856|396|5.4|5.4|3|8
26.7|93.04|1858|396|5.4|5.4|3|8
26.8|93.04|1856|396|5.4|5.4|3|8
26.9|93.04|1858|396|5.4|5.4|3|8
27|93.04|1861|396|5.4|5.4|3|8
27.1|93.04|1861|396|5.4|5.4|4|8
27.2|93.15|1858|396|5.4|5.4|4|8
27.3|93.58|1820|396|5.4|5.4|4|8
27.4|94.16|1235|396|5.4|5.4|5|8
27.5|94.47|1119|396|5.4|5.4|5|8
27.6|94.63|1113|396|5.4|5.4|5|8
27.7|94.59|1113|396|5.4|5.4|5|8
27.8|94.66|1111|395|5.4|5.4|5|8
27.9|94.67|1113|395|5.4|5.4|5|8
28|94.68|1108|395|5.4|5.4|5|8
28.1|94.68|1106|395|5.4|5.4|5|8
28.2|94.67|1108|395|5.4|5.4|5|8
28.3|94.67|1106|395|5.4|5.4|5|8
28.4|94.61|1106|395|5.4|5.4|5|8
28.5|94.66|1106|395|5.4|5.4|5|8
28.6|94.67|1106|395|5.4|5.4|5|8
28.7|94.67|1106|395|5.4|5.4|5|8
28.8|94.67|1106|395|5.4|5.4|5|8
28.9|94.67|1106|395|5.4|5.4|5|8
29|94.7|1103|395|5.4|5.4|5|8
29.1|94.72|1106|395|5.4|5.4|5|8
29.2|94.67|1106|395|5.4|5.4|5|8
29.3|94.63|1103|395|5.4|5.4|5|8
29.4|94.67|1103|395|5.4|5.4|2|8
29.5|94.61|1103|395|5.4|5.4|2|8
29.6|94.28|1111|395|5.4|5.4|2|8
29.7|93.86|1206|395|5.4|5.4|2|8
29.8|93.39|1755|396|5.4|5.4|3|8
29.9|93.19|1817|396|5.4|5.4|3|8
30|92.98|1835|396|5.4|5.4|3|8
30.1|93|1845|397|5.4|5.4|3|8
30.2|93.03|1851|396|5.4|5.4|3|8
30.3|93.04|1853|396|5.4|5.4|3|8
30.4|92.96|1858|397|5.4|5.4|3|8
30.5|92.95|1858|397|5.4|5.4|3|8
30.6|92.94|1861|397|5.4|5.4|3|8
30.7|92.91|1861|397|5.4|5.4|3|8
30.8|92.92|1861|397|5.4|5.4|3|8
30.9|92.94|1861|397|5.4|5.4|3|8
31|92.94|1861|397|5.4|5.4|3|8
31.1|92.96|1861|397|5.4|5.4|3|8
31.2|92.94|1863|397|5.4|5.4|3|8
31.3|92.96|1863|397|5.4|5.4|3|8
31.4|92.96|1861|397|5.4|5.4|3|8
31.5|92.96|1863|397|5.4|5.4|3|8
31.6|92.95|1863|397|5.4|5.4|3|8
31.7|92.96|1863|397|5.4|5.4|3|8
31.8|92.95|1863|397|5.4|5.4|4|8
31.9|93.06|1861|397|5.4|5.4|4|8
32|93.47|1832|397|5.4|5.4|4|8
32.1|93.94|1245|398|5.4|5.4|5|8
32.2|94.32|1116|396|5.4|5.4|5|8
32.3|94.43|1113|396|5.4|5.4|5|8
32.4|94.49|1111|396|5.4|5.4|5|8
32.5|94.47|1108|396|5.4|5.4|5|8
32.6|94.49|1108|396|5.4|5.4|5|8
32.7|94.48|1108|396|5.4|5.4|5|8
32.8|94.51|1108|396|5.4|5.4|5|8
32.9|94.51|1106|396|5.4|5.4|5|8
33|94.51|1108|396|5.4|5.4|5|8
33.1|94.52|1106|396|5.4|5.4|5|8
33.2|94.52|1103|396|5.4|5.4|5|8
33.3|94.56|1101|396|5.4|5.4|5|8
33.4|94.52|1103|396|5.4|5.4|5|8
33.5|94.53|1101|396|5.4|5.4|5|8
33.6|94.52|1101|396|5.4|5.4|5|8
33.7|94.52|1101|396|5.4|5.4|5|8
33.8|94.52|1101|396|5.4|5.4|5|8
33.9|94.52|1101|396|5.4|5.4|5|8
34|94.51|1101|396|5.4|5.4|5|8
34.1|94.48|1101|396|5.4|5.4|2|8
34.2|94.48|1101|396|5.4|5.4|2|8
34.3|94.13|1098|396|5.4|5.4|2|8
34.4|93.72|1168|396|5.4|5.4|2|8
34.5|93.25|1760|396|5.4|5.4|3|8
34.6|93.04|1820|396|5.4|5.4|3|8
34.7|92.91|1838|397|5.4|5.4|3|8
34.8|92.9|1845|397|5.4|5.4|3|8
34.9|92.79|1848|397|5.4|5.4|3|8
35|92.79|1851|397|5.4|5.4|3|8
35.1|92.8|1853|397|5.4|5.4|3|8
35.2|92.79|1856|397|5.4|5.4|3|8
35.3|92.82|1856|397|5.4|5.4|3|8
35.4|92.79|1856|398|5.4|5.4|3|8
35.5|92.79|1856|397|5.4|5.4|3|8
35.6|92.79|1858|397|5.4|5.4|3|8
35.7|92.8|1861|397|5.4|5.4|3|8
35.8|92.8|1861|397|5.4|5.4|3|8
35.9|92.79|1861|397|5.4|5.4|3|8
36|92.8|1863|398|5.4|5.4|3|8
36.1|92.8|1863|398|5.4|5.4|3|8
36.2|92.8|1863|398|5.4|5.4|3|8
36.3|92.82|1863|398|5.4|5.4|3|8
36.4|92.8|1863|398|5.4|5.4|3|8
36.5|92.78|1863|398|5.4|5.4|4|8
36.6|92.94|1863|398|5.4|5.4|4|8
36.7|93.26|1835|398|5.4|5.4|4|8
36.8|93.81|1170|398|5.4|5.4|2|8
36.9|93.85|1111|397|5.4|5.4|2|8
37|93.88|1108|396|5.4|5.4|2|8
37.1|93.94|1106|396|5.4|5.4|2|8
37.2|93.89|1106|396|5.4|5.4|2|8
37.3|93.88|1103|396|5.4|5.4|2|8
37.4|93.68|1103|396|5.4|5.4|2|8
37.5|93.68|1103|396|5.4|5.4|2|8
37.6|93.55|1103|396|5.4|5.4|2|8
37.7|93.54|1103|396|5.4|5.4|2|8
37.8|93.55|1139|396|5.4|5.4|2|8
37.9|93.41|1162|396|5.4|5.4|2|8
38|93.34|1196|396|5.4|5.4|2|8
38.1|93.25|1209|396|5.4|5.4|2|8
38.2|93.18|1601|396|5.4|5.4|2|8
38.3|93.26|1201|397|5.4|5.4|2|8
38.4|93.31|1103|396|5.4|5.4|2|8
38.5|93.35|1101|396|5.4|5.4|2|8
38.6|93.23|1265|395|5.4|5.4|2|8
38.7|93.18|1570|396|5.4|5.4|2|8
38.8|93.31|1116|396|5.4|5.4|2|8
38.9|93.3|1098|396|5.4|5.4|2|8
39|93.33|1098|396|5.4|5.4|2|8
39.1|93.21|1544|395|5.4|5.4|2|8
39.2|93.19|1536|396|5.4|5.4|2|8
39.3|93.31|1106|396|5.4|5.4|2|8
39.4|93.37|1098|395|5.4|5.4|2|8
39.5|93.33|1098|395|5.4|5.4|2|8
39.6|93.19|1222|394|5.4|5.4|2|8
39.7|93.15|1384|395|5.4|5.4|2|8
39.8|93.13|1549|396|5.4|5.4|2|8
39.9|93.25|1485|396|5.4|5.4|2|8
40|93.34|1116|396|5.4|5.4|2|8
40.1|93.41|1101|395|5.4|5.4|2|8
40.2|93.34|1098|395|5.4|5.4|2|8
40.3|93.22|1098|395|5.4|5.4|2|8
40.4|93.19|1142|394|5.4|5.4|2|8
40.5|93.15|1119|395|5.4|5.4|2|8
40.6|93.15|1407|395|5.4|5.4|2|8
40.7|93.04|1670|396|5.4|5.4|2|8
40.8|93.15|1678|396|5.4|5.4|2|8
40.9|93.26|1639|396|5.4|5.4|2|8
41|93.46|1126|396|5.4|5.4|2|8
41.1|93.57|1101|395|5.4|5.4|2|8
41.2|93.55|1101|395|5.4|5.4|2|8
41.3|93.55|1098|394|5.4|5.4|2|8
41.4|93.37|1098|394|5.4|5.4|2|8
41.5|93.38|1098|395|5.4|5.4|2|8
41.6|93.38|1098|394|5.4|5.4|2|8
41.7|93.25|1103|394|5.4|5.4|2|8
41.8|93.19|1098|394|5.4|5.4|2|8
41.9|93.17|1098|394|5.4|5.4|2|8
42|93.17|1121|394|5.4|5.4|2|8
42.1|92.98|1351|394|5.4|5.4|2|8
42.2|93.02|1196|395|5.4|5.4|2|8
42.3|92.92|1338|396|5.4|5.4|2|8
42.4|92.9|1446|396|5.4|5.4|2|8
42.5|92.79|1338|396|5.4|5.4|2|8
42.6|92.71|1178|394|5.4|5.4|2|8
42.7|92.68|1312|396|5.4|5.4|2|8
42.8|92.6|1345|394|5.4|5.4|2|8
42.9|92.53|1381|395|5.4|5.4|2|8
43|92.37|1214|396|5.4|5.4|2|8
43.1|92.37|1162|395|5.4|5.4|2|8
43.2|92.37|1332|395|5.4|5.4|2|8
43.3|92.19|1428|396|5.4|5.4|2|8
43.4|92.13|1286|396|5.4|5.4|2|8
43.5|92.11|1265|396|5.4|5.4|2|8
43.6|92.07|1376|396|5.4|5.4|2|8
43.7|91.96|1327|396|5.4|5.4|2|8
43.8|91.89|1312|396|5.4|5.4|2|8
43.9|91.78|1253|396|5.4|5.4|2|8
44|91.72|1278|396|5.4|5.4|2|8
44.1|91.58|1180|395|5.4|5.4|2|8
44.2|91.56|1273|395|5.4|5.4|2|8
44.3|91.49|1247|396|5.4|5.4|2|8
44.4|91.38|1302|396|5.4|5.4|2|8
44.5|91.29|1237|396|5.4|5.4|2|8
44.6|91.23|1271|396|5.4|5.4|2|8
44.7|91.05|1325|396|5.4|5.4|2|8
44.8|91.05|1147|396|5.4|5.4|2|8
44.9|90.92|1219|396|5.4|5.4|2|8
45|90.87|1214|396|5.4|5.4|2|8
45.1|90.78|1247|396|5.4|5.4|2|8
45.2|90.59|1227|396|5.4|5.4|2|8
45.3|90.58|1193|396|5.4|5.4|2|8
45.4|90.52|1178|396|5.4|5.4|2|8
45.5|90.39|1193|396|5.4|5.4|2|8
45.6|90.32|1338|396|5.4|5.4|2|8
45.7|90.2|1247|396|5.4|5.4|2|8
45.8|90.08|1253|396|5.4|5.4|2|8
45.9|90|1237|396|5.4|5.4|2|8
46|89.89|1296|395|5.4|5.4|2|8
46.1|89.78|1438|396|5.4|5.4|2|8
46.2|89.7|1302|397|5.4|5.4|2|8
46.3|89.58|1178|396|5.4|5.4|2|8
46.4|89.5|1111|396|5.4|5.4|2|8
46.5|89.5|1116|396|5.4|5.4|2|8
46.6|89.49|1219|394|5.4|5.4|2|8
46.7|89.43|1214|396|5.4|5.4|2|8
46.8|89.31|1165|396|5.4|5.4|2|8
46.9|89.21|1183|396|5.4|5.4|2|8
47|89.19|1124|396|5.4|5.4|2|8
47.1|89.1|1216|396|5.4|5.4|2|8
47.2|89.05|1214|396|5.4|5.4|2|8
47.3|88.95|1216|396|5.4|5.4|2|8
47.4|88.86|1183|395|5.4|5.4|2|8
47.5|88.84|1304|396|5.4|5.4|2|8
47.6|88.75|1307|396|5.4|5.4|2|8
47.7|88.67|1214|396|5.4|5.4|2|8
47.8|88.58|1281|396|5.4|5.4|2|8
47.9|88.52|1242|396|5.4|5.4|2|8
48|88.37|1335|396|5.4|5.4|2|8
48.1|88.32|1235|396|5.4|5.4|2|8
48.2|88.21|1139|395|5.4|5.4|2|8
48.3|88.2|1253|396|5.4|5.4|2|8
48.4|88.07|1232|396|5.4|5.4|2|8
48.5|88|1263|396|5.4|5.4|2|8
48.6|87.85|1209|396|5.4|5.4|2|8
48.7|87.77|1250|396|5.4|5.4|2|8
48.8|87.66|1178|396|5.4|5.4|2|8
48.9|87.58|1276|396|5.4|5.4|2|8
49|87.54|1180|396|5.4|5.4|2|8
49.1|87.41|1271|396|5.4|5.4|2|8
49.2|87.29|1284|396|5.4|5.4|2|8
49.3|87.14|1253|396|5.4|5.4|2|8
49.4|87.09|1173|396|5.4|5.4|2|8
49.5|86.98|1307|396|5.4|5.4|2|8
49.6|86.87|1211|396|5.4|5.4|2|8
49.7|86.78|1258|396|5.4|5.4|2|8
49.8|86.64|1209|396|5.4|5.4|2|8
49.9|86.54|1263|397|5.4|5.4|2|8
50|86.42|1209|397|5.4|5.4|2|8
50.1|86.24|1201|396|5.4|5.4|2|8
50.2|86.16|1219|396|5.4|5.4|2|8
50.3|86.05|1193|396|5.4|5.4|2|8
50.4|85.87|1245|396|5.4|5.4|2|8
50.5|85.74|1309|397|5.4|5.4|2|8
50.6|85.6|1227|396|5.4|5.4|2|8
50.7|85.46|1343|396|5.4|5.4|2|8
50.8|85.41|1340|397|5.4|5.4|2|8
50.9|85.23|1224|398|5.4|5.4|2|8
51|85.22|1196|396|5.4|5.4|2|8
51.1|85.14|1178|396|5.4|5.4|2|8
51.2|85.03|1186|396|5.4|5.4|2|8
51.3|84.99|1165|396|5.4|5.4|2|8
51.4|84.91|1229|396|5.4|5.4|2|8
51.5|84.79|1173|396|5.4|5.4|2|8
51.6|84.76|1183|396|5.4|5.4|2|8
51.7|84.58|1235|397|5.4|5.4|2|8
51.8|84.54|1152|396|5.4|5.4|2|8
51.9|84.43|1178|396|5.4|5.4|2|8
52|84.35|1216|396|5.4|5.4|2|8
52.1|84.2|1211|397|5.4|5.4|2|8
52.2|84.15|1278|397|5.4|5.4|2|8
52.3|84.05|1353|398|5.4|5.4|2|8
52.4|83.85|1351|398|5.4|5.4|2|8
52.5|83.77|1369|397|5.4|5.4|2|8
52.6|83.65|1237|396|5.4|5.4|2|8
52.7|83.48|1369|398|5.4|5.4|2|8
52.8|83.36|1296|398|5.4|5.4|2|8
52.9|83.17|1227|397|5.4|5.4|2|8
53|83.06|1204|397|5.4|5.4|2|8
53.1|82.86|1224|396|5.4|5.4|2|8
53.2|82.71|1330|397|5.4|5.4|2|8
53.3|82.51|1325|397|5.4|5.4|2|8
53.4|81.95|1722|398|5.4|5.4|6|8
53.5|79.64|1887|398|5.4|5.4|6|8
53.6|76.98|804|398|5.4|5.4|7|8
53.7|74.61|0|395|5.4|5.4|7|8
53.8|73|0|393|5.4|5.4|7|8
53.9|72.26|0|392|5.4|5.4|7|8
54|71.88|0|392|5.4|5.4|7|8
54.1|71.63|0|392|5.4|5.4|7|8
54.2|71.61|0|392|5.4|5.4|7|8
54.3|71.56|0|392|5.4|5.4|7|8
54.4|71.45|0|392|5.4|5.4|7|8
54.5|71.44|0|392|5.4|5.4|7|8
54.6|71.49|0|392|5.4|5.4|7|8
54.7|71.48|0|392|5.4|5.4|7|8
54.8|71.51|0|392|5.4|5.4|7|8
54.9|71.51|0|392|5.4|5.4|7|8
55|71.51|0|392|5.4|5.4|7|8
55.1|71.57|0|392|5.4|5.4|7|8
55.2|71.63|0|392|5.4|5.4|7|8
55.3|71.41|0|392|5.4|5.4|7|8
55.4|71.48|0|392|5.4|5.4|7|8
55.5|71.51|0|392|5.4|5.4|7|8
55.6|71.6|0|392|5.4|5.4|7|8
55.7|71.45|0|392|5.4|5.4|7|8
55.8|71.47|0|392|5.4|5.4|7|8
55.9|71.49|0|392|5.4|5.4|7|8
56|71.51|0|392|5.4|5.4|7|8
56.1|71.53|0|392|5.4|5.4|7|8
56.2|71.43|0|392|5.4|5.4|7|8
56.3|71.49|0|392|5.4|5.4|7|8
56.4|71.48|0|392|5.4|5.4|7|8
56.5|71.49|0|392|5.4|5.4|7|8
56.6|71.55|0|392|5.4|5.4|7|8
56.7|71.45|0|392|5.4|5.4|7|8
56.8|71.43|0|392|5.4|5.4|7|8
56.9|71.49|0|392|5.4|5.4|7|8
57|71.55|0|392|5.4|5.4|7|8
57.1|71.45|0|392|5.4|5.4|7|8
57.2|71.41|0|392|5.4|5.4|7|8
57.3|71.45|0|392|5.4|5.4|7|8
57.4|71.47|0|392|5.4|5.4|7|8
57.5|71.48|0|392|5.4|5.4|7|8
57.6|71.55|0|392|5.4|5.4|7|8
57.7|71.48|0|392|5.4|5.4|7|8
57.8|71.45|0|392|5.4|5.4|7|8
57.9|71.41|0|392|5.4|5.4|7|8
58|71.49|0|392|5.4|5.4|7|8
58.1|71.57|0|392|5.4|5.4|7|8
58.2|71.44|0|392|5.4|5.4|7|8
58.3|71.43|0|392|5.4|5.4|7|8
58.4|71.48|0|392|5.4|5.4|7|8
58.5|71.57|0|392|5.4|5.4|7|8
58.6|71.45|0|392|5.4|5.4|7|8
58.7|71.43|0|392|5.4|5.4|7|8
58.8|71.47|0|392|5.4|5.4|7|8
58.9|71.49|0|392|5.4|5.4|7|8
59|71.51|0|392|5.4|5.4|7|8
59.1|71.44|0|392|5.4|5.4|7|8
59.2|71.44|0|392|5.4|5.4|7|8
59.3|71.49|0|392|5.4|5.4|7|8
59.4|71.57|0|392|5.4|5.4|7|8
59.5|71.47|0|392|5.4|5.4|7|8
59.6|71.43|0|392|5.4|5.4|7|8
59.7|71.47|0|392|5.4|5.4|7|8
59.8|71.47|0|392|5.4|5.4|7|8
59.9|71.47|0|392|5.4|5.4|7|8
60|71.48|0|392|5.4|5.4|7|8
60.1|71.56|0|392|5.4|5.4|7|8
60.2|71.45|0|392|5.4|5.4|7|8
60.3|71.43|0|392|5.4|5.4|7|8
60.4|71.45|0|392|5.4|5.4|7|8
60.5|71.47|0|392|5.4|5.4|7|8
60.6|71.48|0|392|5.4|5.4|7|8
60.7|71.55|0|392|5.4|5.4|7|8
60.8|71.45|0|392|5.4|5.4|7|8
60.9|71.44|0|392|5.4|5.4|7|8
61|71.44|0|392|5.4|5.4|7|8
61.1|71.45|0|392|5.4|5.4|7|8
61.2|71.45|0|392|5.4|5.4|7|8
61.3|71.48|0|392|5.4|5.4|7|8
61.4|71.53|0|392|5.4|5.4|7|8
61.5|71.44|0|392|5.4|5.4|7|8
61.6|71.44|0|392|5.4|5.4|7|8
61.7|71.45|0|392|5.4|5.4|7|8
61.8|71.47|0|392|5.4|5.4|7|8
61.9|71.47|0|392|5.4|5.4|7|8
62|71.49|0|392|5.4|5.4|7|8
62.1|71.51|0|392|5.4|5.4|7|8
62.2|71.44|0|392|5.4|5.4|7|8
62.3|71.44|0|392|5.4|5.4|7|8
62.4|71.45|0|392|5.4|5.4|7|8
62.5|71.45|0|392|5.4|5.4|7|8
62.6|71.47|0|392|5.4|5.4|7|8
62.7|71.53|0|393|5.4|5.4|7|8
62.8|71.47|0|392|5.4|5.4|7|8
62.9|71.45|0|392|5.4|5.4|7|8
63|71.43|0|392|5.4|5.4|7|8
63.1|71.45|0|392|5.4|5.4|7|8
63.2|71.47|0|392|5.4|5.4|7|8
63.3|71.51|0|392|5.4|5.4|7|8
63.4|71.48|0|392|5.4|5.4|7|8
63.5|71.45|0|392|5.4|5.4|7|8
63.6|71.44|0|392|5.4|5.4|7|8
63.7|71.41|0|392|5.4|5.4|7|8
63.8|71.45|0|392|5.4|5.4|7|8
63.9|71.47|0|392|5.4|5.4|7|8
64|71.49|0|392|5.4|5.4|7|8
64.1|71.48|0|392|5.4|5.4|7|8
64.2|71.44|0|396|5.4|5.4|7|8
64.3|71.44|0|403|5.4|5.4|7|8
64.4|71.41|0|406|5.4|5.4|7|8
64.5|71.45|0|407|5.4|5.4|7|8
64.6|71.47|0|407|5.4|5.4|7|8
64.7|71.52|0|408|5.4|5.4|7|8
64.8|71.45|0|408|5.4|5.4|7|8
64.9|71.45|0|408|5.4|5.4|7|8
65|71.44|0|408|5.4|5.4|7|8
65.1|71.41|0|408|5.4|5.4|7|8
65.2|71.45|0|408|5.4|5.4|7|8
65.3|71.45|0|407|5.4|5.4|7|8
65.4|71.45|0|408|5.4|5.4|7|8
65.5|71.44|0|408|5.4|5.4|7|8
65.6|71.47|0|408|5.4|5.4|7|8
65.7|71.52|0|408|5.4|5.4|7|8
65.8|71.45|0|408|5.4|5.4|7|8
65.9|71.45|0|408|5.4|5.4|7|8
66|71.44|0|408|5.4|5.4|7|8
66.1|71.44|0|407|5.4|5.4|7|8
66.2|71.41|0|407|5.4|5.4|7|8
66.3|71.47|0|408|5.4|5.4|7|8
66.4|71.52|0|408|5.4|5.4|7|8
66.5|71.45|0|408|5.4|5.4|7|8
66.6|71.45|0|408|5.4|5.4|8|8
66.7|71.44|0|408|5.4|5.4|8|8
66.8|71.4|0|408|5.4|5.4|8|8
66.9|71.4|0|407|5.4|5.4|8|8
67|71.34|0|407|5.4|5.4|8|8
67.1|71.37|0|408|5.4|5.4|8|8
67.2|71.38|0|408|5.4|5.4|8|8
67.3|71.37|0|408|5.4|5.4|8|8
67.4|71.36|0|408|5.3|5.3|8|8
67.5|71.38|0|408|5.3|5.3|8|8
67.6|71.4|0|407|5.3|5.3|8|8
67.7|71.43|0|407|5.3|5.3|8|8
67.8|71.44|0|407|5.3|5.2|8|8
67.9|71.44|0|408|5.2|5.2|8|8
68|71.38|0|408|5.2|5.2|8|8
68.1|71.36|0|407|5.2|5.2|8|8
68.2|71.37|0|407|5.2|5.2|8|8
68.3|71.43|0|407|5.2|5.2|8|8
68.4|71.44|0|407|5.2|5.2|8|8
68.5|71.37|0|407|5.2|5.2|8|8
68.6|71.37|0|407|5.2|5.2|8|8
68.7|73.34|0|408|5.2|5.2|8|8
68.8|76.34|0|408|5.2|5.2|8|8
68.9|79.34|0|407|5.2|5.2|8|8
69|82.32|0|408|5.2|5.2|8|8
69.1|85.27|0|407|5.2|5.2|8|8
69.2|88.19|0|407|5.2|5.2|8|8
69.3|91.1|0|407|5.2|5.1|8|8
69.4|93.8|0|407|5.2|5.2|8|8
69.5|95.11|0|407|5.2|5.2|8|8
69.6|95.66|0|407|5.2|5.2|8|8
