0|96.08|1412|392|5.4|5.4|1|8
0.1|96.08|1714|393|5.4|5.4|1|8
0.2|96.08|1729|394|5.4|5.4|1|8
0.3|96.06|1740|394|5.4|5.4|1|8
0.4|96.06|1750|394|5.4|5.4|1|8
0.5|96.08|1758|394|5.4|5.4|3|8
0.6|96.02|1763|394|5.4|5.4|3|8
0.7|96.01|1768|394|5.4|5.4|3|8
0.8|96.01|1771|394|5.4|5.4|3|8
0.9|96.04|1773|394|5.4|5.4|3|8
1|96|1776|394|5.4|5.4|3|8
1.1|96.01|1778|394|5.4|5.4|3|8
1.2|96.04|1781|394|5.4|5.4|3|8
1.3|96.01|1784|394|5.4|5.4|3|8
1.4|96.02|1786|394|5.4|5.4|3|8
1.5|96.04|1789|394|5.4|5.4|3|8
1.6|96.01|1791|394|5.4|5.4|3|8
1.7|96.02|1794|394|5.4|5.4|3|8
1.8|96.02|1794|394|5.4|5.4|3|8
1.9|96.04|1796|394|5.4|5.4|3|8
2|96.01|1799|394|5.4|5.4|3|8
2.1|96.01|1799|394|5.4|5.4|3|8
2.2|96.02|1802|394|5.4|5.4|3|8
2.3|96.02|1802|394|5.4|5.4|3|8
2.4|96.01|1804|394|5.4|5.4|3|8
2.5|96.05|1804|394|5.4|5.4|4|8
2.6|96.36|1804|394|5.4|5.4|4|8
2.7|96.61|1768|394|5.4|5.4|4|8
2.8|96.87|1642|394|5.4|5.4|4|8
2.9|97.59|1005|394|5.4|5.4|5|8
3|97.88|995|393|5.4|5.4|5|8
3.1|97.89|992|393|5.4|5.4|5|8
3.2|97.94|992|393|5.4|5.4|5|8
3.3|97.93|992|393|5.4|5.4|5|8
3.4|97.93|992|393|5.4|5.4|5|8
3.5|97.94|990|393|5.4|5.4|5|8
3.6|97.94|990|393|5.4|5.4|5|8
3.7|97.92|990|393|5.4|5.4|5|8
3.8|97.94|990|393|5.4|5.4|5|8
3.9|97.94|987|392|5.4|5.4|5|8
4|97.93|987|392|5.4|5.4|5|8
4.1|97.94|990|393|5.4|5.4|5|8
4.2|97.96|990|393|5.4|5.4|5|8
4.3|97.94|990|393|5.4|5.4|5|8
4.4|98|990|392|5.4|5.4|5|8
4.5|97.96|990|392|5.4|5.4|5|8
4.6|98|990|392|5.4|5.4|5|8
4.7|97.86|990|392|5.4|5.4|5|8
4.8|97.97|990|392|5.4|5.4|5|8
4.9|97.97|990|392|5.4|5.4|2|8
5|97.67|990|392|5.4|5.4|2|8
5.1|97.58|987|392|5.4|5.4|2|8
5.2|97.18|990|392|5.4|5.4|2|8
5.3|96.47|1662|393|5.4|5.4|3|8
5.4|96.16|1784|394|5.4|5.4|3|8
5.5|95.97|1804|394|5.4|5.4|3|8
5.6|95.92|1812|394|5.4|5.4|3|8
5.7|95.86|1817|394|5.4|5.4|3|8
5.8|95.77|1820|394|5.4|5.4|3|8
5.9|95.82|1822|394|5.4|5.4|3|8
6|95.84|1825|394|5.4|5.4|3|8
6.1|95.85|1827|394|5.4|5.4|3|8
6.2|95.82|1827|394|5.4|5.4|3|8
6.3|95.84|1827|394|5.4|5.4|3|8
6.4|95.81|1830|394|5.4|5.4|3|8
6.5|95.84|1830|394|5.4|5.4|3|8
6.6|95.81|1830|394|5.4|5.4|3|8
6.7|95.84|1832|394|5.4|5.4|3|8
6.8|95.84|1832|394|5.4|5.4|3|8
6.9|95.81|1832|394|5.4|5.4|3|8
7|95.85|1835|394|5.4|5.4|3|8
7.1|95.81|1835|394|5.4|5.4|3|8
7.2|95.84|1835|394|5.4|5.4|3|8
7.3|95.82|1835|394|5.4|5.4|4|8
7.4|95.93|1835|394|5.4|5.4|4|8
7.5|96.23|1825|394|5.4|5.4|4|8
7.6|96.32|1807|394|5.4|5.4|4|8
7.7|97.08|1067|394|5.4|5.4|5|8
7.8|97.55|1003|393|5.4|5.4|5|8
7.9|97.59|997|393|5.4|5.4|5|8
8|97.58|995|393|5.4|5.4|5|8
8.1|97.69|995|393|5.4|5.4|5|8
8.2|97.69|995|393|5.4|5.4|5|8
8.3|97.7|992|393|5.4|5.4|5|8
8.4|97.71|992|393|5.4|5.4|5|8
8.5|97.67|992|393|5.4|5.4|5|8
8.6|97.69|990|393|5.4|5.4|5|8
8.7|97.73|990|393|5.4|5.4|5|8
8.8|97.69|990|393|5.4|5.4|5|8
8.9|97.7|990|393|5.4|5.4|5|8
9|97.7|990|394|5.4|5.4|5|8
9.1|97.7|990|393|5.4|5.4|5|8
9.2|97.7|987|393|5.4|5.4|5|8
9.3|97.7|987|393|5.4|5.4|5|8
9.4|97.7|987|393|5.4|5.4|5|8
9.5|97.69|987|393|5.4|5.4|5|8
9.6|97.7|987|393|5.4|5.4|5|8
9.7|97.7|987|393|5.4|5.4|2|8
9.8|97.62|987|393|5.4|5.4|2|8
9.9|97.54|987|393|5.4|5.4|2|8
10|97.06|987|393|5.4|5.4|2|8
10.1|96.4|1397|394|5.4|5.4|2|8
10.2|96|1778|394|5.4|5.4|3|8
10.3|95.85|1817|394|5.4|5.4|3|8
10.4|95.61|1830|394|5.4|5.4|3|8
10.5|95.51|1835|394|5.4|5.4|3|8
10.6|95.69|1840|394|5.4|5.4|3|8
10.7|95.57|1843|394|5.4|5.4|3|8
10.8|95.51|1845|394|5.4|5.4|3|8
10.9|95.62|1848|394|5.4|5.4|3|8
11|95.53|1848|394|5.4|5.4|3|8
11.1|95.63|1851|394|5.4|5.4|3|8
11.2|95.53|1851|394|5.4|5.4|3|8
11.3|95.63|1853|394|5.4|5.4|3|8
11.4|95.55|1853|394|5.4|5.4|3|8
11.5|95.65|1856|394|5.4|5.4|3|8
11.6|95.58|1856|394|5.4|5.4|3|8
11.7|95.58|1856|394|5.4|5.4|3|8
11.8|95.61|1858|394|5.4|5.4|3|8
11.9|95.58|1858|394|5.4|5.4|3|8
12|95.51|1861|394|5.4|5.4|3|8
12.1|95.61|1858|394|5.4|5.4|3|8
12.2|95.72|1858|394|5.4|5.4|4|8
12.3|95.94|1858|394|5.4|5.4|4|8
12.4|96.09|1832|394|5.4|5.4|4|8
12.5|96.52|1649|394|5.4|5.4|4|8
12.6|97.15|1013|394|5.4|5.4|5|8
12.7|97.34|1003|394|5.4|5.4|5|8
12.8|97.54|1000|394|5.4|5.4|5|8
12.9|97.55|1000|394|5.4|5.4|5|8
13|97.46|997|394|5.4|5.4|5|8
13.1|97.49|997|394|5.4|5.4|5|8
13.2|97.5|997|393|5.4|5.4|5|8
13.3|97.54|995|393|5.4|5.4|5|8
13.4|97.47|995|393|5.4|5.4|5|8
13.5|97.5|995|393|5.4|5.4|5|8
13.6|97.5|992|393|5.4|5.4|5|8
13.7|97.49|992|393|5.4|5.4|5|8
13.8|97.49|992|393|5.4|5.5|5|8
13.9|97.5|992|393|5.5|5.5|5|8
14|97.5|992|393|5.4|5.5|5|8
14.1|97.49|992|393|5.5|5.5|5|8
14.2|97.5|992|393|5.5|5.5|5|8
14.3|97.5|992|393|5.5|5.5|5|8
14.4|97.5|992|393|5.5|5.5|5|8
14.5|97.49|992|393|5.5|5.5|5|8
14.6|97.38|992|393|5.5|5.5|2|8
14.7|97.3|990|393|5.5|5.5|2|8
14.8|97.08|992|393|5.5|5.5|2|8
14.9|96.51|995|393|5.5|5.5|2|8
15|96.01|1745|394|5.5|5.5|3|8
15.1|95.63|1827|394|5.5|5.5|3|8
15.2|95.54|1845|394|5.5|5.5|3|8
15.3|95.5|1856|394|5.5|5.5|3|8
15.4|95.41|1863|394|5.5|5.5|3|8
15.5|95.39|1871|394|5.5|5.5|3|8
15.6|95.38|1874|394|5.5|5.5|3|8
15.7|95.43|1874|394|5.5|5.5|3|8
15.8|95.37|1876|394|5.5|5.5|3|8
15.9|95.39|1879|394|5.5|5.5|3|8
16|95.38|1881|394|5.5|5.5|3|8
16.1|95.39|1881|394|5.5|5.5|3|8
16.2|95.38|1881|394|5.5|5.5|3|8
16.3|95.39|1881|394|5.5|5.5|3|8
16.4|95.33|1884|394|5.5|5.5|3|8
16.5|95.41|1884|394|5.5|5.5|3|8
16.6|95.39|1884|394|5.5|5.5|3|8
16.7|95.39|1887|394|5.5|5.5|3|8
16.8|95.39|1887|394|5.5|5.5|3|8
16.9|95.38|1887|394|5.5|5.5|3|8
17|95.38|1887|394|5.5|5.5|4|8
17.1|95.51|1887|394|5.5|5.5|4|8
17.2|95.89|1876|394|5.5|5.5|4|8
17.3|95.97|1858|394|5.5|5.5|4|8
17.4|96.71|1116|394|5.5|5.5|5|8
17.5|97.14|1008|394|5.5|5.5|5|8
17.6|97.26|1003|394|5.5|5.5|5|8
17.7|97.31|1003|394|5.5|5.5|5|8
17.8|97.35|1000|394|5.5|5.5|5|8
17.9|97.34|1000|393|5.5|5.5|5|8
18|97.34|997|393|5.5|5.5|5|8
18.1|97.35|997|393|5.5|5.5|5|8
18.2|97.35|997|393|5.5|5.5|5|8
18.3|97.34|995|393|5.5|5.5|5|8
18.4|97.34|995|393|5.5|5.5|5|8
18.5|97.34|995|393|5.5|5.5|5|8
18.6|97.34|995|393|5.5|5.5|5|8
18.7|97.34|995|393|5.5|5.5|5|8
18.8|97.34|995|393|5.5|5.5|5|8
18.9|97.35|992|393|5.5|5.5|5|8
19|97.34|992|393|5.5|5.5|5|8
19.1|97.35|992|393|5.5|5.5|5|8
19.2|97.34|992|393|5.5|5.5|5|8
19.3|97.34|992|393|5.5|5.5|5|8
19.4|97.34|992|393|5.5|5.5|2|8
19.5|97.27|992|393|5.5|5.5|2|8
19.6|97.07|992|393|5.5|5.5|2|8
19.7|96.76|992|393|5.5|5.5|2|8
19.8|96.1|1160|394|5.5|5.5|2|8
19.9|95.63|1802|394|5.5|5.5|3|8
20|95.43|1856|394|5.5|5.5|3|8
20.1|95.23|1874|394|5.5|5.5|3|8
20.2|95.19|1881|394|5.5|5.5|3|8
20.3|95.14|1884|394|5.5|5.5|3|8
20.4|95.21|1887|394|5.5|5.5|3|8
20.5|95.18|1889|394|5.5|5.5|3|8
20.6|95.18|1889|394|5.5|5.5|3|8
20.7|95.18|1892|394|5.5|5.5|3|8
20.8|95.14|1892|394|5.5|5.5|3|8
20.9|95.18|1892|394|5.5|5.5|3|8
21|95.21|1892|394|5.5|5.5|3|8
21.1|95.17|1892|394|5.5|5.5|3|8
21.2|95.17|1892|394|5.5|5.5|3|8
21.3|95.23|1892|394|5.5|5.5|3|8
21.4|95.14|1894|394|5.5|5.5|3|8
21.5|95.19|1894|394|5.5|5.5|3|8
21.6|95.21|1894|394|5.5|5.5|3|8
21.7|95.18|1894|394|5.5|5.5|3|8
21.8|95.18|1897|394|5.5|5.5|3|8
21.9|95.19|1897|394|5.5|5.5|4|8
22|95.5|1892|394|5.5|5.5|4|8
22.1|95.78|1879|394|5.5|5.5|4|8
22.2|95.94|1869|394|5.5|5.5|4|8
22.3|96.7|1070|394|5.5|5.5|5|8
22.4|97.1|1008|394|5.5|5.5|5|8
22.5|97.16|1005|393|5.5|5.5|5|8
22.6|97.2|1003|393|5.5|5.5|5|8
22.7|97.29|1000|393|5.5|5.5|5|8
22.8|97.25|1000|393|5.5|5.5|5|8
22.9|97.23|1000|393|5.5|5.5|5|8
23|97.25|997|393|5.5|5.5|5|8
23.1|97.25|997|393|5.5|5.5|5|8
23.2|97.25|997|393|5.5|5.5|5|8
23.3|97.25|995|393|5.5|5.5|5|8
23.4|97.25|995|393|5.5|5.5|5|8
23.5|97.25|995|393|5.5|5.5|5|8
23.6|97.26|995|393|5.5|5.5|5|8
23.7|97.25|995|393|5.5|5.5|5|8
23.8|97.25|995|393|5.5|5.5|5|8
23.9|97.25|995|393|5.5|5.5|5|8
24|97.25|995|393|5.5|5.5|5|8
24.1|97.26|995|393|5.5|5.5|5|8
24.2|97.23|995|393|5.5|5.5|5|8
24.3|97.25|995|393|5.5|5.5|2|8
24.4|97.07|995|393|5.5|5.5|2|8
24.5|96.95|995|393|5.5|5.5|2|8
24.6|96.61|995|393|5.5|5.5|2|8
24.7|95.97|1338|394|5.5|5.5|2|8
24.8|95.55|1830|394|5.5|5.5|3|8
24.9|95.25|1869|394|5.5|5.5|3|8
25|95.21|1884|394|5.5|5.5|3|8
25.1|95.15|1892|394|5.5|5.5|3|8
25.2|95.11|1894|394|5.5|5.5|3|8
25.3|95.07|1897|394|5.5|5.5|3|8
25.4|95.1|1897|394|5.5|5.5|3|8
25.5|95.1|1897|394|5.5|5.5|3|8
25.6|95.04|1899|394|5.5|5.5|3|8
25.7|95.04|1899|394|5.5|5.5|3|8
25.8|95.1|1899|394|5.5|5.5|3|8
25.9|95.07|1899|394|5.5|5.5|3|8
26|95.07|1899|394|5.5|5.5|3|8
26.1|95.07|1899|394|5.5|5.5|3|8
26.2|95.07|1899|394|5.5|5.5|3|8
26.3|95.08|1902|394|5.5|5.5|3|8
26.4|95.1|1902|394|5.5|5.5|3|8
26.5|95.06|1902|394|5.5|5.5|3|8
26.6|95.1|1902|394|5.5|5.5|3|8
26.7|95.07|1902|394|5.5|5.5|3|8
26.8|95.11|1902|394|5.5|5.5|4|8
26.9|95.35|1902|394|5.5|5.5|4|8
27|95.61|1889|394|5.5|5.5|4|8
27.1|95.97|1794|394|5.5|5.5|4|8
27.2|96.68|1023|394|5.5|5.5|5|8
27.3|96.87|1005|394|5.5|5.5|5|8
27.4|97.03|1005|393|5.5|5.5|5|8
27.5|97.07|1003|393|5.5|5.5|5|8
27.6|97.03|1003|393|5.5|5.5|5|8
27.7|97.04|1000|393|5.5|5.5|5|8
27.8|97.04|1000|393|5.5|5.5|5|8
27.9|97.06|1000|393|5.5|5.5|5|8
28|97.04|1000|393|5.5|5.5|5|8
28.1|97.03|997|393|5.5|5.5|5|8
28.2|97.06|997|393|5.5|5.5|5|8
28.3|97.04|997|393|5.5|5.5|5|8
28.4|97.03|997|393|5.5|5.5|5|8
28.5|97.08|997|393|5.5|5.5|5|8
28.6|97.03|997|393|5.5|5.5|5|8
28.7|97.06|995|393|5.5|5.5|5|8
28.8|97.06|995|393|5.5|5.5|5|8
28.9|97.03|995|393|5.5|5.5|5|8
29|97.04|995|393|5.5|5.5|5|8
29.1|97.07|995|393|5.5|5.5|5|8
29.2|96.98|995|393|5.5|5.5|2|8
29.3|96.86|995|394|5.5|5.5|2|8
29.4|96.74|995|394|5.5|5.5|2|8
29.5|96.17|995|394|5.5|5.5|2|8
29.6|95.59|1722|394|5.5|5.5|3|8
29.7|95.21|1863|394|5.5|5.5|3|8
29.8|95.1|1884|394|5.5|5.5|3|8
29.9|94.95|1894|394|5.5|5.5|3|8
30|94.95|1897|394|5.5|5.5|3|8
30.1|95.03|1899|394|5.5|5.5|3|8
30.2|94.87|1902|394|5.5|5.5|3|8
30.3|94.92|1902|394|5.5|5.5|3|8
30.4|94.87|1905|394|5.5|5.5|3|8
30.5|94.98|1905|394|5.5|5.5|3|8
30.6|94.94|1905|394|5.5|5.5|3|8
30.7|94.9|1905|394|5.5|5.5|3|8
30.8|94.95|1907|394|5.5|5.5|3|8
30.9|94.87|1905|394|5.5|5.5|3|8
31|94.98|1907|394|5.5|5.5|3|8
31.1|94.9|1907|394|5.5|5.5|3|8
31.2|94.95|1907|394|5.5|5.5|3|8
31.3|94.91|1910|394|5.5|5.5|3|8
31.4|94.94|1910|394|5.5|5.5|3|8
31.5|94.92|1910|394|5.5|5.5|3|8
31.6|94.95|1910|394|5.5|5.5|4|8
31.7|95.07|1910|394|5.5|5.5|4|8
31.8|95.33|1907|394|5.5|5.5|4|8
31.9|95.49|1899|394|5.5|5.5|4|8
32|96.14|1369|395|5.5|5.5|4|8
32.1|96.71|1013|394|5.5|5.5|5|8
32.2|96.83|1008|394|5.5|5.5|5|8
32.3|96.86|1005|394|5.5|5.5|5|8
32.4|97|1003|394|5.5|5.5|5|8
32.5|96.94|1003|394|5.5|5.5|5|8
32.6|96.96|1003|394|5.5|5.5|5|8
32.7|96.94|1000|394|5.5|5.5|5|8
32.8|96.95|1000|394|5.5|5.5|5|8
32.9|96.95|1000|394|5.5|5.5|5|8
33|96.95|1000|394|5.5|5.5|5|8
33.1|96.95|997|394|5.5|5.5|5|8
33.2|96.94|997|394|5.5|5.5|5|8
33.3|96.95|997|394|5.5|5.5|5|8
33.4|96.95|997|394|5.5|5.5|5|8
33.5|96.94|997|394|5.5|5.5|5|8
33.6|96.95|997|394|5.5|5.5|5|8
33.7|96.95|997|394|5.5|5.5|5|8
33.8|96.95|997|394|5.5|5.5|5|8
33.9|96.94|997|394|5.5|5.5|5|8
34|96.95|997|394|5.5|5.5|5|8
34.1|96.86|997|394|5.5|5.5|2|8
34.2|96.71|997|394|5.5|5.5|2|8
34.3|96.49|995|394|5.5|5.5|2|8
34.4|95.92|1062|394|5.5|5.5|2|8
34.5|95.3|1809|394|5.5|5.5|3|8
34.6|95.08|1876|394|5.5|5.5|3|8
34.7|95|1892|394|5.5|5.5|3|8
34.8|94.91|1899|394|5.5|5.5|3|8
34.9|95|1902|394|5.5|5.5|3|8
35|94.86|1905|394|5.5|5.5|3|8
35.1|94.9|1907|394|5.5|5.5|3|8
35.2|94.87|1910|394|5.5|5.5|3|8
35.3|94.87|1910|394|5.5|5.5|3|8
35.4|94.88|1907|394|5.5|5.5|3|8
35.5|94.87|1910|394|5.5|5.5|3|8
35.6|94.87|1910|394|5.5|5.5|3|8
35.7|94.88|1910|394|5.5|5.5|3|8
35.8|94.88|1910|394|5.5|5.5|3|8
35.9|94.86|1912|394|5.5|5.5|3|8
36|94.91|1912|394|5.5|5.5|3|8
36.1|94.88|1912|394|5.5|5.5|3|8
36.2|94.88|1912|394|5.5|5.5|3|8
36.3|94.87|1912|394|5.5|5.5|3|8
36.4|94.88|1915|394|5.5|5.5|3|8
36.5|94.88|1915|395|5.5|5.5|4|8
36.6|95.06|1912|395|5.5|5.5|4|8
36.7|95.27|1907|394|5.5|5.5|4|8
36.8|95.69|1814|395|5.5|5.5|4|8
36.9|96.43|1098|394|5.5|5.5|2|8
37|96.49|1010|394|5.5|5.5|2|8
37.1|96.47|1005|394|5.5|5.5|2|8
37.2|96.4|1003|394|5.5|5.5|2|8
37.3|96.41|1003|394|5.5|5.5|2|8
37.4|96.36|1003|394|5.5|5.5|2|8
37.5|96.32|1000|394|5.5|5.5|2|8
37.6|96.29|1000|394|5.5|5.5|2|8
37.7|96.28|1000|394|5.5|5.5|2|8
37.8|96.24|1000|394|5.5|5.5|2|8
37.9|96.1|1000|394|5.5|5.5|2|8
38|96.14|1000|394|5.5|5.5|2|8
38.1|95.98|1015|394|5.5|5.5|2|8
38.2|96|1041|394|5.5|5.5|2|8
38.3|95.85|1067|394|5.5|5.5|2|8
38.4|95.8|1010|394|5.5|5.5|2|8
38.5|95.66|1018|394|5.5|5.5|2|8
38.6|95.51|1000|394|5.5|5.5|2|8
38.7|95.58|997|394|5.5|5.5|2|8
38.8|95.54|1077|394|5.5|5.5|2|8
38.9|95.42|1567|394|5.5|5.5|2|8
39|95.39|1768|395|5.5|5.5|2|8
39.1|95.51|1760|395|5.5|5.5|2|8
39.2|95.55|1745|395|5.5|5.5|2|8
39.3|95.85|1631|396|5.5|5.5|2|8
39.4|95.86|1026|395|5.5|5.5|2|8
39.5|95.9|1000|394|5.5|5.5|2|8
39.6|95.92|1000|394|5.5|5.5|2|8
39.7|95.96|1000|394|5.5|5.5|2|8
39.8|95.96|997|394|5.5|5.5|2|8
39.9|95.96|997|394|5.5|5.5|2|8
40|95.94|997|394|5.5|5.5|2|8
40.1|95.97|997|394|5.5|5.5|2|8
40.2|95.98|997|394|5.5|5.5|2|8
40.3|95.85|997|394|5.5|5.5|2|8
40.4|95.63|1052|394|5.5|5.5|2|8
40.5|95.65|1034|394|5.5|5.5|2|8
40.6|95.53|1082|394|5.5|5.5|2|8
40.7|95.47|1198|395|5.5|5.5|2|8
40.8|95.31|1688|396|5.5|5.5|2|8
40.9|95.45|1747|396|5.5|5.5|2|8
41|95.53|1753|396|5.5|5.5|2|8
41.1|95.73|1763|396|5.5|5.5|2|8
41.2|95.92|1765|396|5.5|5.5|2|8
41.3|95.9|1129|395|5.5|5.5|2|8
41.4|95.93|1005|394|5.5|5.5|2|8
41.5|96.12|1000|394|5.5|5.5|2|8
41.6|96.12|1000|394|5.5|5.5|2|8
41.7|96.23|997|394|5.5|5.5|2|8
41.8|96.09|997|394|5.5|5.5|2|8
41.9|96.14|997|394|5.5|5.5|2|8
42|96.1|997|394|5.5|5.5|2|8
42.1|96.09|997|394|5.5|5.5|2|8
42.2|95.98|997|394|5.5|5.5|2|8
42.3|95.94|995|394|5.5|5.5|2|8
42.4|95.82|1070|394|5.5|5.5|2|8
42.5|95.69|1106|395|5.5|5.5|2|8
42.6|95.55|1023|395|5.5|5.5|2|8
42.7|95.62|1054|395|5.5|5.5|2|8
42.8|95.55|1129|396|5.5|5.5|2|8
42.9|95.43|1616|396|5.5|5.5|2|8
43|95.45|1665|396|5.5|5.5|2|8
43.1|95.57|1626|396|5.5|5.5|2|8
43.2|95.74|1085|396|5.5|5.5|2|8
43.3|95.85|1000|395|5.5|5.5|2|8
43.4|95.82|997|394|5.5|5.5|2|8
43.5|95.77|997|394|5.5|5.5|2|8
43.6|95.69|997|394|5.5|5.5|2|8
43.7|95.61|995|394|5.5|5.5|2|8
43.8|95.77|995|394|5.5|5.5|2|8
43.9|95.61|995|394|5.5|5.5|2|8
44|95.51|1036|394|5.5|5.5|2|8
44.1|95.5|1116|394|5.5|5.5|2|8
44.2|95.35|1601|395|5.5|5.5|2|8
44.3|95.42|1660|396|5.5|5.5|2|8
44.4|95.47|1696|396|5.5|5.5|2|8
44.5|95.72|1758|396|5.5|5.5|2|8
44.6|95.8|1095|396|5.5|5.5|2|8
44.7|95.82|1003|395|5.5|5.5|2|8
44.8|95.66|997|394|5.5|5.5|2|8
44.9|95.89|997|394|5.5|5.5|2|8
45|95.89|997|394|5.5|5.5|2|8
45.1|95.89|997|394|5.5|5.5|2|8
45.2|95.9|995|394|5.5|5.5|2|8
45.3|95.9|995|394|5.5|5.5|2|8
45.4|95.93|995|394|5.5|5.5|2|8
45.5|95.78|995|394|5.5|5.5|2|8
45.6|95.61|1070|394|5.5|5.5|2|8
45.7|95.49|1059|394|5.5|5.5|2|8
45.8|95.53|1268|396|5.5|5.5|2|8
45.9|95.34|1126|396|5.5|5.5|2|8
46|95.3|1062|395|5.5|5.5|2|8
46.1|95.15|1057|394|5.5|5.5|2|8
46.2|95.19|1000|394|5.5|5.5|2|8
46.3|95.14|1124|395|5.5|5.5|2|8
46.4|95.07|1111|394|5.5|5.5|2|8
46.5|95.02|1044|394|5.5|5.5|2|8
46.6|95.02|1142|394|5.5|5.5|2|8
46.7|94.9|1116|394|5.5|5.5|2|8
46.8|94.82|1186|395|5.5|5.5|2|8
46.9|94.7|1152|395|5.5|5.5|2|8
47|94.6|1183|396|5.5|5.5|2|8
47.1|94.59|1149|396|5.5|5.5|2|8
47.2|94.49|1088|395|5.5|5.5|2|8
47.3|94.44|1247|396|5.5|5.5|2|8
47.4|94.33|1209|396|5.5|5.5|2|8
47.5|94.23|1108|396|5.5|5.5|2|8
47.6|94.15|1108|395|5.5|5.5|2|8
47.7|94.19|1067|395|5.5|5.5|2|8
47.8|94.12|1180|395|5.5|5.5|2|8
47.9|94|1193|396|5.5|5.5|2|8
48|93.92|1263|396|5.5|5.5|2|8
48.1|93.77|1134|396|5.5|5.5|2|8
48.2|93.7|1175|396|5.5|5.5|2|8
48.3|93.69|1162|395|5.5|5.5|2|8
48.4|93.42|1023|394|5.5|5.5|2|8
48.5|93.47|1044|394|5.5|5.5|2|8
48.6|93.29|1075|394|5.5|5.5|2|8
48.7|93.21|1008|394|5.5|5.5|2|8
48.8|93.29|1095|394|5.5|5.5|2|8
48.9|93.1|1232|394|5.5|5.5|2|8
49|93.03|1183|394|5.5|5.5|2|8
49.1|92.95|1052|394|5.5|5.5|2|8
49.2|92.78|1180|394|5.5|5.5|2|8
49.3|92.82|1052|394|5.5|5.5|2|8
49.4|92.66|1059|395|5.5|5.5|2|8
49.5|92.56|1165|395|5.5|5.5|2|8
49.6|92.51|1204|394|5.5|5.5|2|8
49.7|92.36|1101|394|5.5|5.5|2|8
49.8|92.25|1054|394|5.5|5.5|2|8
49.9|92.17|1168|395|5.5|5.5|2|8
50|91.96|1052|395|5.5|5.5|2|8
50.1|92.08|1067|394|5.5|5.5|2|8
50.2|91.86|1152|394|5.5|5.5|2|8
50.3|91.84|1121|394|5.5|5.5|2|8
50.4|91.66|1080|394|5.5|5.5|2|8
50.5|91.51|1098|394|5.5|5.5|2|8
50.6|91.53|1139|394|5.5|5.5|2|8
50.7|91.33|1165|394|5.5|5.5|2|8
50.8|91.23|1165|394|5.5|5.5|2|8
50.9|91.14|1162|394|5.5|5.5|2|8
51|91.07|1119|394|5.5|5.5|2|8
51.1|90.86|1098|394|5.5|5.5|2|8
51.2|90.84|1162|394|5.5|5.5|2|8
51.3|90.7|1124|394|5.5|5.5|2|8
51.4|90.59|1219|395|5.5|5.5|2|8
51.5|90.49|1116|394|5.5|5.5|2|8
51.6|90.39|1098|394|5.5|5.5|2|8
51.7|90.15|1139|394|5.5|5.5|2|8
51.8|90.15|1162|394|5.5|5.5|2|8
51.9|89.96|1191|395|5.5|5.5|2|8
52|89.85|1075|394|5.5|5.5|2|8
52.1|89.74|1059|394|5.5|5.5|2|8
52.2|89.58|1204|394|5.5|5.5|2|8
52.3|89.46|1059|394|5.5|5.5|2|8
52.4|89.33|1103|394|5.5|5.5|2|8
52.5|89.14|1142|394|5.5|5.5|2|8
52.6|89.11|1126|394|5.5|5.5|2|8
52.7|88.88|1144|394|5.5|5.5|2|8
52.8|88.87|1095|394|5.5|5.5|2|8
52.9|88.71|1139|394|5.5|5.5|2|8
53|88.63|1088|394|5.5|5.5|2|8
53.1|88.41|1235|394|5.5|5.5|2|8
53.2|88.25|1173|394|5.5|5.5|2|8
53.3|88.12|1126|394|5.5|5.5|2|8
53.4|87.97|1052|394|5.5|5.5|2|8
53.5|87.85|1142|394|5.5|5.5|2|8
53.6|87.69|1216|394|5.5|5.5|2|8
53.7|87.53|1149|395|5.5|5.5|2|8
53.8|87.38|1131|395|5.5|5.5|2|8
53.9|87.18|1191|394|5.5|5.5|2|8
54|87.09|1191|394|5.5|5.5|2|8
54.1|87.01|1077|394|5.5|5.5|2|8
54.2|86.78|1209|394|5.5|5.5|2|8
54.3|86.66|1144|394|5.5|5.5|2|8
54.4|86.5|1224|394|5.5|5.5|2|8
54.5|86.2|1183|395|5.5|5.5|2|8
54.6|86.17|1209|394|5.5|5.5|2|8
54.7|85.99|1095|394|5.5|5.5|2|8
54.8|85.84|1088|394|5.5|5.5|2|8
54.9|85.62|1314|394|5.5|5.5|2|8
55|85.52|1175|394|5.5|5.5|2|8
55.1|85.29|1072|395|5.5|5.5|2|8
55.2|85.07|1119|394|5.5|5.5|2|8
55.3|85.06|1204|394|5.5|5.5|2|8
55.4|84.8|1345|396|5.5|5.5|2|8
55.5|84.54|1111|394|5.5|5.5|2|8
55.6|84.39|1296|394|5.5|5.5|2|8
55.7|84.25|1183|395|5.5|5.5|2|8
55.8|84|1247|394|5.5|5.5|2|8
55.9|83.93|1186|394|5.5|5.5|2|8
56|83.66|1273|396|5.5|5.5|2|8
56.1|83.44|1245|394|5.5|5.5|2|8
56.2|83.23|1235|395|5.5|5.5|2|8
56.3|83.1|1332|394|5.5|5.5|2|8
56.4|82.26|1691|394|5.5|5.5|6|8
56.5|79.3|1959|394|5.5|5.5|6|8
56.6|75.65|461|394|5.5|5.5|7|8
56.7|73.14|0|392|5.5|5.5|7|8
56.8|72.47|0|391|5.5|5.5|7|8
56.9|72.18|0|391|5.5|5.5|7|8
57|72.1|0|391|5.5|5.5|7|8
57.1|72.07|0|390|5.5|5.5|7|8
57.2|72.1|0|390|5.5|5.5|7|8
57.3|72.08|0|390|5.5|5.5|7|8
57.4|72.06|0|391|5.5|5.5|7|8
57.5|72.08|0|391|5.5|5.5|7|8
57.6|72.12|0|391|5.5|5.5|7|8
57.7|72.12|0|391|5.5|5.5|7|8
57.8|72.07|0|391|5.5|5.5|7|8
57.9|72.07|0|391|5.5|5.5|7|8
58|72.1|0|391|5.5|5.5|7|8
58.1|72.11|0|391|5.5|5.5|7|8
58.2|72.14|0|391|5.5|5.5|7|8
58.3|72.08|0|391|5.5|5.5|7|8
58.4|72.07|0|391|5.5|5.5|7|8
58.5|72.08|0|391|5.5|5.5|7|8
58.6|72.08|0|391|5.5|5.5|7|8
58.7|72.11|0|391|5.5|5.5|7|8
58.8|72.14|0|391|5.5|5.5|7|8
58.9|72.06|0|391|5.5|5.5|7|8
59|72.07|0|391|5.5|5.5|7|8
59.1|72.08|0|391|5.5|5.5|7|8
59.2|72.1|0|391|5.5|5.5|7|8
59.3|72.15|0|391|5.5|5.5|7|8
59.4|72.06|0|391|5.5|5.5|7|8
59.5|72.07|0|391|5.5|5.5|7|8
59.6|72.08|0|391|5.5|5.5|7|8
59.7|72.08|0|391|5.5|5.5|7|8
59.8|72.08|0|391|5.5|5.5|7|8
59.9|72.15|0|391|5.5|5.5|7|8
60|72.06|0|391|5.5|5.5|7|8
60.1|72.06|0|391|5.5|5.5|7|8
60.2|72.07|0|391|5.5|5.5|7|8
60.3|72.08|0|391|5.5|5.5|7|8
60.4|72.07|0|391|5.5|5.5|7|8
60.5|72.07|0|391|5.5|5.5|7|8
60.6|72.08|0|391|5.5|5.5|7|8
60.7|72.11|0|391|5.5|5.5|7|8
60.8|72.11|0|392|5.5|5.5|7|8
60.9|72.1|0|391|5.5|5.5|7|8
61|72.07|0|391|5.5|5.5|7|8
61.1|72.04|0|391|5.5|5.5|7|8
61.2|72.07|0|392|5.5|5.5|7|8
61.3|72.1|0|392|5.5|5.5|7|8
61.4|72.11|0|392|5.5|5.5|7|8
61.5|72.06|0|392|5.5|5.5|7|8
61.6|72.06|0|392|5.5|5.5|7|8
61.7|72.06|0|392|5.5|5.5|7|8
61.8|72.08|0|392|5.5|5.5|7|8
61.9|72.08|0|392|5.5|5.5|7|8
62|72.15|0|392|5.5|5.5|7|8
62.1|72.07|0|392|5.5|5.5|7|8
62.2|72.03|0|392|5.5|5.5|7|8
62.3|72.08|0|392|5.5|5.5|7|8
62.4|72.06|0|392|5.5|5.5|7|8
62.5|72.08|0|392|5.5|5.5|7|8
62.6|72.07|0|392|5.5|5.5|7|8
62.7|72.07|0|392|5.5|5.5|7|8
62.8|72.07|0|392|5.5|5.5|7|8
62.9|72.1|0|392|5.5|5.5|7|8
63|72.11|0|392|5.5|5.5|7|8
63.1|72.07|0|392|5.5|5.5|7|8
63.2|72.08|0|392|5.5|5.5|7|8
63.3|72.08|0|392|5.5|5.5|7|8
63.4|72.08|0|392|5.5|5.5|7|8
63.5|72.07|0|392|5.5|5.5|7|8
63.6|72.07|0|392|5.5|5.5|7|8
63.7|72.08|0|392|5.5|5.5|7|8
63.8|72.08|0|392|5.5|5.5|7|8
63.9|72.07|0|392|5.5|5.5|7|8
64|72.07|0|392|5.5|5.5|7|8
64.1|72.08|0|392|5.5|5.5|7|8
64.2|72.07|0|392|5.5|5.5|7|8
64.3|72.08|0|392|5.5|5.5|7|8
64.4|72.08|0|392|5.5|5.5|7|8
64.5|72.07|0|392|5.5|5.5|7|8
64.6|72.07|0|392|5.5|5.5|7|8
64.7|72.07|0|392|5.5|5.5|7|8
64.8|72.07|0|392|5.5|5.5|7|8
64.9|72.07|0|392|5.5|5.5|7|8
65|72.06|0|392|5.5|5.5|7|8
65.1|72.06|0|392|5.5|5.5|7|8
65.2|72.07|0|392|5.5|5.5|7|8
65.3|72.06|0|392|5.5|5.5|7|8
65.4|72.07|0|392|5.5|5.5|7|8
65.5|72.1|0|392|5.5|5.5|7|8
65.6|72.1|0|392|5.5|5.5|7|8
65.7|72.1|0|392|5.5|5.5|7|8
65.8|72.07|0|392|5.5|5.5|7|8
65.9|72.07|0|392|5.5|5.5|7|8
66|72.04|0|392|5.5|5.5|7|8
66.1|72.06|0|392|5.5|5.5|7|8
66.2|72.07|0|392|5.5|5.5|7|8
66.3|72.08|0|392|5.5|5.5|7|8
66.4|72.1|0|392|5.5|5.5|7|8
66.5|72.07|0|392|5.5|5.5|7|8
66.6|72.08|0|392|5.5|5.5|7|8
66.7|72.07|0|392|5.5|5.5|7|8
66.8|72.06|0|392|5.5|5.5|7|8
66.9|72.04|0|392|5.5|5.5|7|8
67|72.1|0|392|5.5|5.5|7|8
67.1|72.06|0|392|5.5|5.5|7|8
67.2|72.07|0|392|5.5|5.5|7|8
67.3|72.07|0|392|5.5|5.5|7|8
67.4|72.03|0|392|5.5|5.5|7|8
67.5|72.07|0|392|5.5|5.5|7|8
67.6|72.06|0|392|5.5|5.5|7|8
67.7|72.06|0|392|5.5|5.5|7|8
67.8|72.06|0|392|5.5|5.5|7|8
67.9|72.07|0|392|5.5|5.5|7|8
68|72.1|0|392|5.5|5.5|7|8
68.1|72.08|0|392|5.5|5.5|7|8
68.2|72.06|0|392|5.5|5.5|7|8
68.3|72.07|0|392|5.5|5.5|7|8
68.4|72.07|0|392|5.5|5.5|7|8
68.5|72.06|0|392|5.5|5.5|7|8
68.6|72.04|0|392|5.5|5.5|7|8
68.7|72.07|0|392|5.5|5.5|7|8
68.8|72.07|0|392|5.5|5.5|7|8
68.9|72.1|0|392|5.5|5.5|7|8
69|72.07|0|392|5.5|5.5|7|8
69.1|72.06|0|392|5.5|5.5|7|8
69.2|72.07|0|392|5.5|5.5|7|8
69.3|72.07|0|392|5.5|5.5|7|8
69.4|72.06|0|392|5.5|5.5|7|8
69.5|72.03|0|392|5.5|5.5|7|8
69.6|72.06|0|392|5.5|5.5|8|8
69.7|72.02|0|392|5.5|5.5|8|8
69.8|71.85|0|392|5.5|5.5|8|8
69.9|71.96|0|392|5.5|5.5|8|8
70|72.02|0|392|5.5|5.5|8|8
70.1|72.02|0|392|5.5|5.5|8|8
70.2|72.02|0|392|5.5|5.5|8|8
70.3|72.02|0|392|5.5|5.5|8|8
70.4|72.02|0|392|5.4|5.4|8|8
70.5|72.02|0|392|5.4|5.4|8|8
70.6|72.02|0|392|5.4|5.4|8|8
70.7|72|0|392|5.4|5.4|8|8
70.8|71.98|0|392|5.4|5.4|8|8
70.9|71.96|0|392|5.4|5.4|8|8
71|71.98|0|392|5.4|5.4|8|8
71.1|71.96|0|392|5.4|5.4|8|8
71.2|71.96|0|392|5.4|5.4|8|8
71.3|71.98|0|392|5.4|5.4|8|8
71.4|71.96|0|392|5.4|5.4|8|8
71.5|72.08|0|392|5.4|5.4|8|8
71.6|72.51|0|392|5.4|5.4|8|8
71.7|76.01|0|392|5.4|5.4|8|8
71.8|79.53|0|392|5.4|5.4|8|8
71.9|83.06|0|392|5.4|5.4|8|8
72|86.56|0|392|5.4|5.4|8|8
72.1|89.97|0|392|5.4|5.4|8|8
72.2|93.42|0|392|5.4|5.4|8|8
72.3|95.17|0|392|5.4|5.4|8|8
