0|96.12|1399|432|5.1|5.1|1|8
0.1|96.09|1554|440|5.1|5.1|1|8
0.2|96.06|1381|443|5.1|5.1|1|8
0.3|96.06|1085|441|5.1|5.1|1|8
0.4|96.06|1093|440|5.1|5.1|1|8
0.5|96.08|1206|440|5.1|5.1|2|8
0.6|95.76|1307|442|5.1|5.1|2|8
0.7|95.37|1397|442|5.1|5.1|2|8
0.8|94.96|1665|444|5.1|5.1|3|8
0.9|94.79|1722|446|5.1|5.1|3|8
1|94.53|1742|447|5.1|5.1|3|8
1.1|94.47|1753|447|5.1|5.1|3|8
1.2|94.44|1758|447|5.1|5.1|3|8
1.3|94.43|1771|448|5.1|5.1|3|8
1.4|94.4|1776|448|5.1|5.1|3|8
1.5|94.39|1778|448|5.1|5.1|3|8
1.6|94.35|1784|448|5.1|5.1|3|8
1.7|94.4|1789|448|5.1|5.1|3|8
1.8|94.39|1791|448|5.1|5.1|3|8
1.9|94.39|1791|448|5.1|5.1|3|8
2|94.39|1794|448|5.1|5.1|3|8
2.1|94.39|1794|449|5.1|5.1|3|8
2.2|94.39|1794|448|5.1|5.1|3|8
2.3|94.37|1799|448|5.1|5.1|3|8
2.4|94.37|1802|449|5.1|5.1|3|8
2.5|94.39|1804|449|5.1|5.1|3|8
2.6|94.37|1807|450|5.1|5.1|3|8
2.7|94.37|1807|450|5.1|5.1|3|8
2.8|94.37|1807|450|5.1|5.1|4|8
2.9|94.49|1809|450|5.1|5.1|4|8
3|94.79|1776|450|5.1|5.1|4|8
3.1|95.23|1735|450|5.1|5.1|4|8
3.2|95.78|1616|449|5.1|5.1|4|8
3.3|96.31|1129|446|5.1|5.1|5|8
3.4|96.53|1108|443|5.1|5.1|5|8
3.5|96.6|1108|442|5.1|5.1|5|8
3.6|96.64|1108|442|5.1|5.1|5|8
3.7|96.7|1111|442|5.1|5.1|5|8
3.8|96.7|1108|442|5.1|5.1|5|8
3.9|96.67|1108|442|5.1|5.1|5|8
4|96.7|1108|442|5.1|5.1|5|8
4.1|96.7|1108|442|5.1|5.2|5|8
4.2|96.7|1106|442|5.1|5.2|5|8
4.3|96.7|1106|442|5.1|5.2|5|8
4.4|96.68|1108|442|5.2|5.2|5|8
4.5|96.68|1106|442|5.2|5.2|5|8
4.6|96.7|1106|442|5.2|5.2|5|8
4.7|96.7|1106|442|5.2|5.2|5|8
4.8|96.71|1106|442|5.2|5.2|5|8
4.9|96.68|1106|442|5.2|5.2|5|8
5|96.7|1106|443|5.2|5.2|5|8
5.1|96.7|1106|442|5.2|5.2|5|8
5.2|96.7|1090|440|5.2|5.2|5|8
5.3|96.7|1090|439|5.2|5.2|2|8
5.4|96.57|1090|438|5.2|5.2|2|8
5.5|96.2|1093|438|5.2|5.2|2|8
5.6|95.72|1106|438|5.2|5.2|2|8
5.7|95.23|1258|439|5.2|5.2|2|8
5.8|94.79|1665|442|5.2|5.2|3|8
5.9|94.56|1745|446|5.2|5.2|3|8
6|94.36|1784|448|5.2|5.2|3|8
6.1|94.32|1802|449|5.2|5.2|3|8
6.2|94.23|1812|450|5.2|5.2|3|8
6.3|94.31|1814|450|5.2|5.2|3|8
6.4|94.24|1817|451|5.2|5.2|3|8
6.5|94.17|1820|451|5.2|5.2|3|8
6.6|94.16|1820|451|5.2|5.2|3|8
6.7|94.23|1822|451|5.2|5.2|3|8
6.8|94.21|1822|451|5.2|5.2|3|8
6.9|94.23|1822|451|5.2|5.2|3|8
7|94.21|1825|451|5.2|5.2|3|8
7.1|94.13|1827|451|5.2|5.2|3|8
7.2|94.17|1827|451|5.2|5.2|3|8
7.3|94.23|1830|451|5.2|5.2|3|8
7.4|94.2|1830|450|5.2|5.2|3|8
7.5|94.24|1832|450|5.2|5.2|3|8
7.6|94.12|1835|451|5.2|5.2|3|8
7.7|94.16|1835|451|5.2|5.2|3|8
7.8|94.17|1835|451|5.2|5.2|4|8
7.9|94.21|1835|452|5.2|5.2|4|8
8|94.52|1802|452|5.2|5.2|4|8
8.1|94.99|1742|451|5.2|5.2|4|8
8.2|95.55|1278|449|5.2|5.2|5|8
8.3|95.92|1119|445|5.2|5.2|5|8
8.4|96.1|1111|443|5.2|5.2|5|8
8.5|96.13|1113|443|5.2|5.2|5|8
8.6|96.13|1111|442|5.2|5.2|5|8
8.7|96.14|1111|442|5.2|5.2|5|8
8.8|96.14|1108|442|5.2|5.2|5|8
8.9|96.14|1108|442|5.2|5.2|5|8
9|96.13|1108|443|5.2|5.2|5|8
9.1|96.14|1111|443|5.2|5.2|5|8
9.2|96.14|1111|443|5.2|5.2|5|8
9.3|96.14|1111|443|5.2|5.2|5|8
9.4|96.14|1108|442|5.2|5.2|5|8
9.5|96.14|1111|442|5.2|5.2|5|8
9.6|96.14|1111|442|5.2|5.2|5|8
9.7|96.14|1111|442|5.2|5.2|5|8
9.8|96.14|1111|443|5.2|5.2|5|8
9.9|96.14|1113|443|5.2|5.2|5|8
10|96.14|1116|443|5.2|5.2|5|8
10.1|96.14|1116|444|5.2|5.2|5|8
10.2|96.14|1113|444|5.2|5.2|2|8
10.3|96.08|1113|444|5.2|5.2|2|8
10.4|95.74|1113|444|5.2|5.2|2|8
10.5|95.34|1119|444|5.2|5.2|2|8
10.6|94.84|1322|444|5.2|5.2|2|8
10.7|94.44|1719|446|5.2|5.2|3|8
10.8|94.29|1799|450|5.2|5.2|3|8
10.9|94.04|1858|436|5.2|5.2|3|8
11|93.97|1874|416|5.2|5.2|3|8
11.1|93.97|1876|410|5.2|5.2|3|8
11.2|94|1881|408|5.2|5.2|3|8
11.3|93.94|1884|407|5.2|5.2|3|8
11.4|93.9|1884|407|5.2|5.2|3|8
11.5|93.96|1884|407|5.2|5.2|3|8
11.6|93.97|1887|407|5.2|5.2|3|8
11.7|93.94|1887|407|5.2|5.2|3|8
11.8|93.93|1887|407|5.2|5.2|3|8
11.9|93.92|1887|407|5.2|5.2|3|8
12|93.94|1889|407|5.2|5.2|3|8
12.1|93.94|1887|407|5.2|5.2|3|8
12.2|93.97|1889|407|5.2|5.2|3|8
12.3|93.96|1889|407|5.2|5.2|3|8
12.4|93.9|1892|407|5.2|5.2|3|8
12.5|93.93|1892|407|5.2|5.2|3|8
12.6|93.93|1892|407|5.2|5.2|3|8
12.7|93.9|1889|407|5.2|5.2|4|8
12.8|94.1|1889|407|5.2|5.2|4|8
12.9|94.35|1856|407|5.2|5.2|4|8
13|94.9|1670|407|5.2|5.2|4|8
13.1|95.38|1147|405|5.2|5.2|5|8
13.2|95.57|1137|404|5.2|5.2|5|8
13.3|95.59|1137|404|5.2|5.2|5|8
13.4|95.69|1137|404|5.2|5.2|5|8
13.5|95.66|1134|404|5.2|5.2|5|8
13.6|95.69|1134|404|5.2|5.2|5|8
13.7|95.69|1131|404|5.2|5.2|5|8
13.8|95.69|1129|404|5.2|5.2|5|8
13.9|95.7|1131|404|5.2|5.2|5|8
14|95.74|1131|404|5.2|5.2|5|8
14.1|95.76|1131|404|5.2|5.2|5|8
14.2|95.68|1131|404|5.2|5.2|5|8
14.3|95.66|1131|404|5.2|5.2|5|8
14.4|95.69|1131|404|5.2|5.2|5|8
14.5|95.68|1126|404|5.2|5.2|5|8
14.6|95.68|1126|404|5.2|5.2|5|8
14.7|95.68|1126|404|5.2|5.2|5|8
14.8|95.7|1126|404|5.2|5.2|5|8
14.9|95.77|1126|404|5.2|5.2|5|8
15|95.73|1126|404|5.2|5.2|5|8
15.1|95.69|1126|404|5.2|5.2|2|8
15.2|95.43|1126|404|5.2|5.2|2|8
15.3|95.07|1126|404|5.2|5.2|2|8
15.4|94.63|1304|404|5.2|5.2|2|8
15.5|94.32|1794|405|5.2|5.2|3|8
15.6|94|1853|407|5.2|5.2|3|8
15.7|93.94|1871|408|5.2|5.2|3|8
15.8|93.85|1881|408|5.2|5.2|3|8
15.9|93.81|1887|408|5.2|5.2|3|8
16|93.81|1889|407|5.2|5.2|3|8
16.1|93.8|1892|407|5.2|5.2|3|8
16.2|93.76|1892|408|5.2|5.2|3|8
16.3|93.8|1894|407|5.2|5.2|3|8
16.4|93.8|1897|407|5.2|5.2|3|8
16.5|93.8|1897|407|5.2|5.2|3|8
16.6|93.84|1897|408|5.2|5.2|3|8
16.7|93.76|1897|408|5.2|5.2|3|8
16.8|93.8|1897|408|5.2|5.2|3|8
16.9|93.8|1897|408|5.2|5.2|3|8
17|93.77|1897|408|5.2|5.2|3|8
17.1|93.78|1899|408|5.2|5.2|3|8
17.2|93.81|1899|408|5.2|5.2|3|8
17.3|93.77|1899|407|5.2|5.2|3|8
17.4|93.76|1899|407|5.2|5.2|3|8
17.5|93.78|1897|407|5.2|5.2|4|8
17.6|93.94|1894|407|5.2|5.2|4|8
17.7|94.33|1838|407|5.2|5.2|4|8
17.8|94.86|1446|407|5.2|5.2|4|8
17.9|95.25|1142|404|5.2|5.2|5|8
18|95.43|1134|404|5.2|5.2|5|8
18.1|95.46|1134|403|5.2|5.2|5|8
18.2|95.5|1131|403|5.2|5.2|5|8
18.3|95.53|1134|403|5.2|5.2|5|8
18.4|95.55|1134|403|5.2|5.2|5|8
18.5|95.51|1131|403|5.2|5.2|5|8
18.6|95.54|1131|403|5.2|5.2|5|8
18.7|95.53|1131|403|5.2|5.2|5|8
18.8|95.57|1131|403|5.2|5.2|5|8
18.9|95.58|1131|403|5.2|5.2|5|8
19|95.62|1134|403|5.2|5.2|5|8
19.1|95.57|1134|403|5.2|5.2|5|8
19.2|95.57|1131|403|5.2|5.2|5|8
19.3|95.49|1131|403|5.2|5.2|5|8
19.4|95.5|1131|403|5.2|5.2|5|8
19.5|95.51|1131|403|5.2|5.2|5|8
19.6|95.57|1131|404|5.2|5.2|5|8
19.7|95.55|1129|404|5.2|5.2|5|8
19.8|95.57|1131|403|5.2|5.2|5|8
19.9|95.5|1131|403|5.2|5.2|2|8
20|95.23|1131|403|5.2|5.2|2|8
20.1|94.82|1131|404|5.2|5.2|2|8
20.2|94.41|1526|404|5.2|5.2|2|8
20.3|94|1825|405|5.2|5.2|3|8
20.4|93.86|1863|406|5.2|5.2|3|8
20.5|93.88|1876|407|5.2|5.2|3|8
20.6|93.72|1884|407|5.2|5.2|3|8
20.7|93.66|1889|407|5.2|5.2|3|8
20.8|93.65|1892|407|5.2|5.2|3|8
20.9|93.7|1897|406|5.2|5.2|3|8
21|93.7|1899|404|5.2|5.2|3|8
21.1|93.7|1899|404|5.2|5.2|3|8
21.2|93.7|1902|404|5.2|5.2|3|8
21.3|93.69|1905|404|5.2|5.2|3|8
21.4|93.68|1905|403|5.2|5.2|3|8
21.5|93.64|1905|403|5.2|5.2|3|8
21.6|93.62|1905|403|5.2|5.2|3|8
21.7|93.68|1905|404|5.2|5.2|3|8
21.8|93.68|1905|403|5.2|5.2|3|8
21.9|93.68|1910|403|5.2|5.2|3|8
22|93.69|1907|404|5.2|5.2|3|8
22.1|93.7|1907|403|5.2|5.2|3|8
22.2|93.68|1905|403|5.2|5.2|3|8
22.3|93.77|1907|403|5.2|5.2|4|8
22.4|93.92|1902|403|5.2|5.2|4|8
22.5|94.36|1820|402|5.2|5.2|4|8
22.6|94.91|1281|402|5.2|5.2|5|8
22.7|95.26|1144|401|5.2|5.2|5|8
22.8|95.41|1142|400|5.2|5.2|5|8
22.9|95.43|1139|400|5.2|5.2|5|8
23|95.43|1139|400|5.2|5.2|5|8
23.1|95.47|1139|400|5.2|5.2|5|8
23.2|95.47|1137|400|5.2|5.2|5|8
23.3|95.49|1137|400|5.2|5.2|5|8
23.4|95.49|1137|400|5.2|5.2|5|8
23.5|95.49|1137|400|5.2|5.2|5|8
23.6|95.54|1134|400|5.2|5.2|5|8
23.7|95.51|1134|400|5.2|5.2|5|8
23.8|95.47|1134|400|5.2|5.2|5|8
23.9|95.47|1134|400|5.2|5.2|5|8
24|95.47|1131|400|5.2|5.2|5|8
24.1|95.5|1131|400|5.2|5.2|5|8
24.2|95.55|1131|400|5.2|5.2|5|8
24.3|95.51|1131|400|5.2|5.2|5|8
24.4|95.5|1131|400|5.2|5.2|5|8
24.5|95.45|1131|400|5.2|5.2|5|8
24.6|95.46|1131|400|5.2|5.2|2|8
24.7|95.46|1131|400|5.2|5.2|2|8
24.8|95.17|1129|400|5.2|5.2|2|8
24.9|94.74|1134|400|5.2|5.2|2|8
25|94.31|1479|400|5.2|5.2|2|8
25.1|93.88|1838|401|5.2|5.2|3|8
25.2|93.69|1874|402|5.2|5.2|3|8
25.3|93.55|1889|402|5.2|5.2|3|8
25.4|93.58|1897|402|5.2|5.2|3|8
25.5|93.57|1899|402|5.2|5.2|3|8
25.6|93.54|1902|402|5.2|5.2|3|8
25.7|93.46|1902|402|5.2|5.2|3|8
25.8|93.49|1905|402|5.2|5.2|3|8
25.9|93.5|1905|402|5.2|5.2|3|8
26|93.51|1907|402|5.2|5.2|3|8
26.1|93.46|1907|402|5.2|5.2|3|8
26.2|93.49|1907|402|5.2|5.2|3|8
26.3|93.51|1910|402|5.2|5.2|3|8
26.4|93.45|1910|402|5.2|5.2|3|8
26.5|93.49|1910|402|5.2|5.2|3|8
26.6|93.49|1910|402|5.2|5.2|3|8
26.7|93.5|1907|402|5.2|5.2|3|8
26.8|93.5|1907|402|5.2|5.2|3|8
26.9|93.5|1910|402|5.2|5.2|3|8
27|93.46|1907|402|5.2|5.2|3|8
27.1|93.5|1907|402|5.2|5.2|4|8
27.2|93.74|1905|402|5.2|5.2|4|8
27.3|94.19|1706|402|5.2|5.2|4|8
27.4|94.64|1152|401|5.2|5.2|5|8
27.5|94.79|1137|400|5.2|5.2|5|8
27.6|94.96|1137|400|5.2|5.2|5|8
27.7|95.03|1137|400|5.2|5.2|5|8
27.8|94.95|1137|400|5.2|5.2|5|8
27.9|94.91|1134|400|5.2|5.2|5|8
28|95|1137|400|5.2|5.2|5|8
28.1|94.86|1137|400|5.2|5.2|5|8
28.2|94.98|1134|400|5.2|5.2|5|8
28.3|94.87|1131|400|5.2|5.2|5|8
28.4|94.96|1131|400|5.2|5.2|5|8
28.5|94.9|1134|400|5.2|5.2|5|8
28.6|94.96|1131|400|5.2|5.2|5|8
28.7|94.95|1131|400|5.2|5.2|5|8
28.8|94.96|1131|400|5.2|5.2|5|8
28.9|94.99|1131|400|5.2|5.2|5|8
29|94.91|1131|400|5.2|5.2|5|8
29.1|94.98|1131|400|5.2|5.2|5|8
29.2|94.88|1134|400|5.2|5.2|5|8
29.3|94.95|1134|400|5.2|5.2|5|8
29.4|94.91|1131|400|5.2|5.2|2|8
29.5|94.75|1131|400|5.2|5.2|2|8
29.6|94.36|1134|400|5.2|5.2|2|8
29.7|93.9|1698|400|5.2|5.2|3|8
29.8|93.58|1863|401|5.2|5.2|3|8
29.9|93.47|1887|402|5.2|5.2|3|8
30|93.43|1899|402|5.2|5.2|3|8
30.1|93.38|1907|402|5.2|5.2|3|8
30.2|93.34|1910|402|5.2|5.2|3|8
30.3|93.3|1912|402|5.2|5.2|3|8
30.4|93.26|1912|402|5.2|5.2|3|8
30.5|93.27|1915|402|5.2|5.2|3|8
30.6|93.27|1915|402|5.2|5.2|3|8
30.7|93.3|1915|402|5.2|5.2|3|8
30.8|93.37|1915|402|5.2|5.2|3|8
30.9|93.33|1918|402|5.2|5.2|3|8
31|93.33|1918|402|5.2|5.2|3|8
31.1|93.25|1918|402|5.2|5.2|3|8
31.2|93.26|1918|402|5.2|5.2|3|8
31.3|93.26|1918|402|5.2|5.2|3|8
31.4|93.29|1918|402|5.2|5.2|3|8
31.5|93.37|1920|403|5.2|5.2|3|8
31.6|93.29|1918|402|5.2|5.2|3|8
31.7|93.23|1918|402|5.2|5.2|4|8
31.8|93.35|1918|402|5.2|5.2|4|8
31.9|93.58|1910|403|5.2|5.2|4|8
32|94.13|1582|404|5.2|5.2|4|8
32.1|94.53|1147|402|5.2|5.2|5|8
32.2|94.68|1142|401|5.2|5.2|5|8
32.3|94.72|1139|401|5.2|5.2|5|8
32.4|94.87|1139|401|5.2|5.2|5|8
32.5|94.82|1139|400|5.2|5.2|5|8
32.6|94.84|1137|400|5.2|5.2|5|8
32.7|94.84|1137|400|5.2|5.2|5|8
32.8|94.84|1137|400|5.2|5.2|5|8
32.9|94.86|1137|400|5.2|5.2|5|8
33|94.88|1137|400|5.2|5.2|5|8
33.1|94.82|1137|400|5.2|5.2|5|8
33.2|94.84|1137|400|5.2|5.2|5|8
33.3|94.84|1134|400|5.2|5.2|5|8
33.4|94.86|1134|400|5.2|5.2|5|8
33.5|94.91|1134|400|5.2|5.2|5|8
33.6|94.82|1137|400|5.2|5.2|5|8
33.7|94.84|1134|400|5.2|5.2|5|8
33.8|94.84|1134|400|5.2|5.2|5|8
33.9|94.84|1137|400|5.2|5.2|5|8
34|94.83|1134|400|5.2|5.2|5|8
34.1|94.79|1134|400|5.2|5.2|2|8
34.2|94.59|1134|400|5.2|5.2|2|8
34.3|94.21|1134|400|5.2|5.2|2|8
34.4|93.73|1729|400|5.2|5.2|3|8
34.5|93.45|1871|401|5.2|5.2|3|8
34.6|93.35|1894|401|5.2|5.2|3|8
34.7|93.11|1907|401|5.2|5.2|3|8
34.8|93.1|1912|401|5.2|5.2|3|8
34.9|93.17|1915|401|5.2|5.2|3|8
35|93.15|1918|402|5.2|5.2|3|8
35.1|93.14|1920|402|5.2|5.2|3|8
35.2|93.15|1920|402|5.2|5.2|3|8
35.3|93.14|1918|401|5.2|5.2|3|8
35.4|93.14|1918|401|5.2|5.2|3|8
35.5|93.14|1920|401|5.2|5.2|3|8
35.6|93.15|1920|401|5.2|5.2|3|8
35.7|93.14|1923|401|5.2|5.2|3|8
35.8|93.13|1925|401|5.2|5.2|3|8
35.9|93.14|1923|402|5.2|5.2|3|8
36|93.14|1923|401|5.2|5.2|3|8
36.1|93.14|1923|401|5.2|5.2|3|8
36.2|93.15|1923|401|5.2|5.2|3|8
36.3|93.13|1923|401|5.2|5.2|3|8
36.4|93.14|1923|401|5.2|5.2|4|8
36.5|93.27|1923|401|5.2|5.2|4|8
36.6|93.5|1918|401|5.2|5.2|4|8
36.7|93.92|1814|402|5.2|5.2|4|8
36.8|94.35|1155|401|5.2|5.2|2|8
36.9|94.49|1139|400|5.2|5.2|2|8
37|94.49|1139|400|5.2|5.2|2|8
37.1|94.49|1137|400|5.2|5.2|2|8
37.2|94.41|1137|400|5.2|5.2|2|8
37.3|94.36|1134|400|5.2|5.2|2|8
37.4|94.39|1134|400|5.2|5.2|2|8
37.5|94.28|1137|400|5.2|5.2|2|8
37.6|94.21|1134|400|5.2|5.2|2|8
37.7|94.02|1134|400|5.2|5.2|2|8
37.8|94.01|1134|399|5.2|5.2|2|8
37.9|94.06|1134|399|5.2|5.2|2|8
38|94.01|1134|399|5.2|5.2|2|8
38.1|93.93|1157|399|5.2|5.2|2|8
38.2|93.85|1188|400|5.2|5.2|2|8
38.3|93.82|1629|400|5.2|5.2|2|8
38.4|93.74|1753|400|5.2|5.2|2|8
38.5|93.84|1760|401|5.2|5.2|2|8
38.6|94.04|1737|401|5.2|5.2|2|8
38.7|94.24|1196|400|5.2|5.2|2|8
38.8|94.36|1137|400|5.2|5.2|2|8
38.9|94.36|1134|399|5.2|5.2|2|8
39|94.36|1134|398|5.2|5.2|2|8
39.1|94.28|1134|399|5.2|5.2|2|8
39.2|94.21|1134|399|5.2|5.2|2|8
39.3|94.04|1149|399|5.2|5.2|2|8
39.4|94.01|1134|399|5.2|5.2|2|8
39.5|94.06|1134|399|5.2|5.2|2|8
39.6|94.01|1268|400|5.2|5.2|2|8
39.7|93.96|1222|400|5.2|5.2|2|8
39.8|93.86|1332|400|5.2|5.2|2|8
39.9|93.88|1443|400|5.2|5.2|2|8
40|93.73|1742|400|5.2|5.2|2|8
40.1|93.78|1765|400|5.2|5.2|2|8
40.2|93.89|1737|400|5.2|5.2|2|8
40.3|94.21|1304|400|5.2|5.2|2|8
40.4|94.28|1134|400|5.2|5.2|2|8
40.5|94.29|1131|399|5.2|5.2|2|8
40.6|94.37|1131|399|5.2|5.2|2|8
40.7|94.28|1131|399|5.2|5.2|2|8
40.8|94.23|1131|399|5.2|5.2|2|8
40.9|94.02|1131|399|5.2|5.2|2|8
41|94.01|1131|399|5.2|5.2|2|8
41.1|94.08|1131|399|5.2|5.2|2|8
41.2|94.01|1137|399|5.2|5.2|2|8
41.3|93.93|1260|400|5.2|5.2|2|8
41.4|93.85|1397|400|5.2|5.2|2|8
41.5|93.85|1544|400|5.2|5.2|2|8
41.6|93.77|1786|400|5.2|5.2|2|8
41.7|93.78|1796|400|5.2|5.2|2|8
41.8|93.93|1284|401|5.2|5.2|2|8
41.9|94.15|1137|400|5.2|5.2|2|8
42|94.16|1137|400|5.2|5.2|2|8
42.1|94.15|1137|399|5.2|5.2|2|8
42.2|94.08|1137|399|5.2|5.2|2|8
42.3|93.97|1134|399|5.2|5.2|2|8
42.4|94.02|1131|399|5.2|5.2|2|8
42.5|93.94|1134|399|5.2|5.2|2|8
42.6|93.86|1191|400|5.2|5.2|2|8
42.7|93.81|1655|400|5.2|5.2|2|8
42.8|93.77|1729|400|5.2|5.2|2|8
42.9|93.89|1724|401|5.2|5.2|2|8
43|94.17|1758|401|5.2|5.2|2|8
43.1|94.32|1784|401|5.2|5.2|2|8
43.2|94.48|1348|401|5.2|5.2|2|8
43.3|94.66|1139|400|5.2|5.2|2|8
43.4|94.74|1134|399|5.2|5.2|2|8
43.5|94.64|1129|398|5.2|5.2|2|8
43.6|94.61|1129|398|5.2|5.2|2|8
43.7|94.51|1129|398|5.2|5.2|2|8
43.8|94.53|1129|398|5.2|5.2|2|8
43.9|94.45|1129|398|5.2|5.2|2|8
44|94.4|1129|398|5.2|5.2|2|8
44.1|94.43|1144|398|5.2|5.2|2|8
44.2|94.33|1219|400|5.2|5.2|2|8
44.3|94.28|1157|399|5.2|5.2|2|8
44.4|94.06|1178|399|5.2|5.2|2|8
44.5|94|1129|399|5.2|5.2|2|8
44.6|94.02|1126|399|5.2|5.2|2|8
44.7|93.98|1227|400|5.2|5.2|2|8
44.8|93.97|1570|400|5.2|5.2|2|8
44.9|93.82|1608|400|5.2|5.2|2|8
45|93.98|1152|400|5.2|5.2|2|8
45.1|94.02|1131|399|5.2|5.2|2|8
45.2|94.06|1131|399|5.2|5.2|2|8
45.3|94.05|1131|399|5.2|5.2|2|8
45.4|94.01|1131|399|5.2|5.2|2|8
45.5|93.93|1152|399|5.2|5.2|2|8
45.6|93.86|1227|399|5.2|5.2|2|8
45.7|93.88|1152|399|5.2|5.2|2|8
45.8|93.7|1222|399|5.2|5.2|2|8
45.9|93.58|1157|400|5.2|5.2|2|8
46|93.66|1216|399|5.2|5.2|2|8
46.1|93.55|1224|399|5.2|5.2|2|8
46.2|93.54|1296|400|5.2|5.2|2|8
46.3|93.43|1322|400|5.2|5.2|2|8
46.4|93.37|1363|400|5.2|5.2|2|8
46.5|93.17|1358|400|5.2|5.2|2|8
46.6|93.14|1137|400|5.2|5.2|2|8
46.7|93.11|1149|399|5.2|5.2|2|8
46.8|93.17|1353|400|5.2|5.2|2|8
46.9|93.04|1485|399|5.2|5.2|2|8
47|92.98|1389|399|5.2|5.2|2|8
47.1|92.84|1433|398|5.2|5.2|2|8
47.2|92.78|1389|398|5.2|5.2|2|8
47.3|92.76|1438|399|5.2|5.2|2|8
47.4|92.68|1296|400|5.2|5.2|2|8
47.5|92.71|1258|399|5.2|5.2|2|8
47.6|92.7|1420|399|5.2|5.2|2|8
47.7|92.66|1294|400|5.2|5.2|2|8
47.8|92.48|1304|400|5.2|5.2|2|8
47.9|92.48|1278|398|5.2|5.2|2|8
48|92.41|1281|398|5.2|5.2|2|8
48.1|92.39|1209|399|5.2|5.2|2|8
48.2|92.19|1240|399|5.2|5.2|2|8
48.3|92.2|1250|399|5.2|5.2|2|8
48.4|92.12|1173|398|5.2|5.2|2|8
48.5|92.07|1183|398|5.2|5.2|2|8
48.6|91.96|1250|398|5.2|5.2|2|8
48.7|91.9|1173|398|5.2|5.2|2|8
48.8|91.89|1173|398|5.2|5.2|2|8
48.9|91.76|1237|398|5.2|5.2|2|8
49|91.65|1168|398|5.2|5.2|2|8
49.1|91.58|1175|398|5.2|5.2|2|8
49.2|91.51|1168|398|5.2|5.2|2|8
49.3|91.5|1206|398|5.2|5.2|2|8
49.4|91.42|1222|398|5.2|5.2|2|8
49.5|91.34|1258|400|5.2|5.2|2|8
49.6|91.26|1250|399|5.2|5.2|2|8
49.7|91.18|1304|400|5.2|5.2|2|8
49.8|91.07|1271|399|5.2|5.2|2|8
49.9|91.03|1237|398|5.2|5.2|2|8
50|90.92|1247|398|5.2|5.2|2|8
50.1|90.82|1175|399|5.2|5.2|2|8
50.2|90.72|1260|398|5.2|5.2|2|8
50.3|90.6|1173|398|5.2|5.2|2|8
50.4|90.58|1374|398|5.2|5.2|2|8
50.5|90.55|1245|398|5.2|5.2|2|8
50.6|90.45|1289|398|5.2|5.2|2|8
50.7|90.36|1222|398|5.2|5.2|2|8
50.8|90.23|1219|398|5.2|5.2|2|8
50.9|90.15|1191|398|5.2|5.2|2|8
51|90|1224|398|5.2|5.2|2|8
51.1|89.92|1209|398|5.2|5.2|2|8
51.2|89.86|1320|398|5.2|5.2|2|8
51.3|89.69|1356|398|5.2|5.2|2|8
51.4|89.74|1216|398|5.2|5.2|2|8
51.5|89.56|1237|398|5.2|5.2|2|8
51.6|89.43|1278|398|5.2|5.2|2|8
51.7|89.35|1216|398|5.2|5.2|2|8
51.8|89.15|1330|398|5.2|5.2|2|8
51.9|89.18|1263|398|5.2|5.2|2|8
52|89.02|1168|398|5.2|5.2|2|8
52.1|88.83|1304|398|5.2|5.2|2|8
52.2|88.87|1271|398|5.2|5.2|2|8
52.3|88.74|1381|398|5.2|5.2|2|8
52.4|88.58|1222|399|5.2|5.2|2|8
52.5|88.5|1170|398|5.2|5.2|2|8
52.6|88.36|1351|398|5.2|5.2|2|8
52.7|88.24|1206|398|5.2|5.2|2|8
52.8|88.13|1304|398|5.2|5.2|2|8
52.9|88.03|1358|398|5.2|5.2|2|8
53|87.89|1273|399|5.2|5.2|2|8
53.1|87.74|1335|398|5.2|5.2|2|8
53.2|87.62|1299|398|5.2|5.2|2|8
53.3|87.57|1286|399|5.2|5.2|2|8
53.4|87.37|1330|398|5.2|5.2|2|8
53.5|87.23|1335|399|5.2|5.2|2|8
53.6|87.17|1302|399|5.2|5.2|2|8
53.7|86.99|1407|398|5.2|5.2|2|8
53.8|86.83|1330|399|5.2|5.2|2|8
53.9|86.74|1309|398|5.2|5.2|2|8
54|86.6|1291|398|5.2|5.2|2|8
54.1|86.47|1289|399|5.2|5.2|2|8
54.2|86.28|1294|398|5.2|5.2|2|8
54.3|86.17|1260|398|5.2|5.2|2|8
54.4|86.05|1284|398|5.2|5.2|2|8
54.5|85.93|1224|398|5.2|5.2|2|8
54.6|85.76|1464|398|5.2|5.2|2|8
54.7|85.53|1168|398|5.2|5.2|2|8
54.8|85.58|1296|398|5.2|5.2|2|8
54.9|85.46|1165|398|5.2|5.2|2|8
55|85.42|1235|398|5.2|5.2|2|8
55.1|85.26|1201|398|5.2|5.2|2|8
55.2|85.25|1149|398|5.2|5.2|2|8
55.3|85.17|1198|398|5.2|5.2|2|8
55.4|85.05|1155|398|5.2|5.2|2|8
55.5|85.02|1216|398|5.2|5.2|2|8
55.6|84.89|1286|398|5.2|5.2|2|8
55.7|84.8|1281|398|5.2|5.2|2|8
55.8|84.7|1219|398|5.2|5.2|2|8
55.9|84.59|1204|398|5.2|5.2|2|8
56|84.48|1222|398|5.2|5.2|2|8
56.1|84.4|1268|398|5.2|5.2|2|8
56.2|84.25|1245|398|5.2|5.2|2|8
56.3|84.17|1198|398|5.2|5.2|2|8
56.4|84.11|1237|398|5.2|5.2|2|8
56.5|83.92|1379|398|5.2|5.2|2|8
56.6|83.89|1356|398|5.2|5.2|2|8
56.7|83.62|1278|398|5.2|5.2|2|8
56.8|83.6|1320|398|5.2|5.2|2|8
56.9|83.41|1209|398|5.2|5.2|2|8
57|83.25|1330|398|5.2|5.2|2|8
57.1|83.13|1229|399|5.2|5.2|2|8
57.2|82.95|1317|398|5.2|5.2|2|8
57.3|82.78|1219|399|5.2|5.2|2|8
57.4|82.64|1289|398|5.2|5.2|2|8
57.5|82.5|1466|399|5.2|5.2|2|8
57.6|82.3|1366|398|5.2|5.2|2|8
57.7|82.12|1369|400|5.2|5.2|6|8
57.8|80.98|1876|399|5.2|5.2|6|8
57.9|78.4|1964|400|5.2|5.2|6|8
58|75.46|142|398|5.2|5.2|7|8
58.1|73.14|0|396|5.2|5.2|7|8
58.2|72.12|0|396|5.2|5.2|7|8
58.3|71.59|0|396|5.2|5.2|7|8
58.4|71.43|0|396|5.2|5.2|7|8
58.5|71.34|0|396|5.2|5.2|7|8
58.6|71.29|0|395|5.2|5.2|7|8
58.7|71.25|0|395|5.2|5.2|7|8
58.8|71.2|0|395|5.2|5.2|7|8
58.9|71.16|0|395|5.2|5.2|7|8
59|71.25|0|395|5.2|5.2|7|8
59.1|71.29|0|395|5.2|5.2|7|8
59.2|71.24|0|395|5.2|5.2|7|8
59.3|71.21|0|395|5.2|5.2|7|8
59.4|71.17|0|395|5.2|5.2|7|8
59.5|71.2|0|395|5.2|5.2|7|8
59.6|71.22|0|395|5.2|5.2|7|8
59.7|71.21|0|395|5.2|5.2|7|8
59.8|71.24|0|395|5.2|5.2|7|8
59.9|71.2|0|395|5.2|5.2|7|8
60|71.25|0|395|5.2|5.2|7|8
60.1|71.26|0|394|5.2|5.2|7|8
60.2|71.22|0|394|5.2|5.2|7|8
60.3|71.21|0|394|5.2|5.2|7|8
60.4|71.17|0|394|5.2|5.2|7|8
60.5|71.24|0|394|5.2|5.2|7|8
60.6|71.26|0|394|5.2|5.2|7|8
60.7|71.24|0|394|5.2|5.2|7|8
60.8|71.22|0|394|5.2|5.2|7|8
60.9|71.25|0|394|5.2|5.2|7|8
61|71.14|0|394|5.2|5.2|7|8
61.1|71.21|0|394|5.2|5.2|7|8
61.2|71.2|0|394|5.2|5.2|7|8
61.3|71.22|0|394|5.2|5.2|7|8
61.4|71.25|0|394|5.2|5.2|7|8
61.5|71.26|0|394|5.2|5.2|7|8
61.6|71.22|0|394|5.2|5.2|7|8
61.7|71.21|0|394|5.2|5.2|7|8
61.8|71.17|0|394|5.2|5.2|7|8
61.9|71.16|0|394|5.2|5.2|7|8
62|71.21|0|394|5.2|5.2|7|8
62.1|71.22|0|394|5.2|5.2|7|8
62.2|71.22|0|394|5.2|5.2|7|8
62.3|71.2|0|394|5.2|5.2|7|8
62.4|71.18|0|394|5.2|5.2|7|8
62.5|71.16|0|394|5.2|5.2|7|8
62.6|71.24|0|394|5.2|5.2|7|8
62.7|71.24|0|394|5.2|5.2|7|8
62.8|71.18|0|394|5.2|5.2|7|8
62.9|71.13|0|395|5.2|5.2|7|8
63|71.22|0|395|5.2|5.2|7|8
63.1|71.24|0|395|5.2|5.2|7|8
63.2|71.22|0|395|5.2|5.2|7|8
63.3|71.2|0|395|5.2|5.2|7|8
63.4|71.14|0|395|5.2|5.2|7|8
63.5|71.22|0|395|5.2|5.2|7|8
63.6|71.24|0|394|5.2|5.2|7|8
63.7|71.18|0|395|5.2|5.2|7|8
63.8|71.14|0|395|5.2|5.2|7|8
63.9|71.22|0|395|5.2|5.2|7|8
64|71.24|0|395|5.2|5.2|7|8
64.1|71.21|0|394|5.2|5.2|7|8
64.2|71.2|0|395|5.2|5.2|7|8
64.3|71.14|0|394|5.2|5.2|7|8
64.4|71.22|0|395|5.2|5.2|7|8
64.5|71.25|0|395|5.2|5.2|7|8
64.6|71.21|0|395|5.2|5.2|7|8
64.7|71.2|0|395|5.2|5.2|7|8
64.8|71.2|0|395|5.2|5.2|7|8
64.9|71.2|0|395|5.2|5.2|7|8
65|71.18|0|395|5.2|5.2|7|8
65.1|71.13|0|395|5.2|5.2|7|8
65.2|71.24|0|395|5.2|5.2|7|8
65.3|71.22|0|395|5.2|5.2|7|8
65.4|71.2|0|395|5.2|5.2|7|8
65.5|71.2|0|395|5.2|5.2|7|8
65.6|71.18|0|395|5.2|5.2|7|8
65.7|71.13|0|395|5.2|5.2|7|8
65.8|71.24|0|395|5.2|5.2|7|8
65.9|71.21|0|395|5.2|5.2|7|8
66|71.18|0|394|5.2|5.2|7|8
66.1|71.18|0|394|5.2|5.2|7|8
66.2|71.18|0|394|5.2|5.2|7|8
66.3|71.25|0|395|5.2|5.2|7|8
66.4|71.18|0|394|5.2|5.2|7|8
66.5|71.16|0|394|5.2|5.2|7|8
66.6|71.22|0|394|5.2|5.2|7|8
66.7|71.22|0|395|5.2|5.2|7|8
66.8|71.2|0|395|5.2|5.2|7|8
66.9|71.2|0|395|5.2|5.2|7|8
67|71.2|0|395|5.2|5.2|7|8
67.1|71.2|0|395|5.2|5.2|7|8
67.2|71.17|0|395|5.2|5.2|7|8
67.3|71.2|0|395|5.2|5.2|7|8
67.4|71.24|0|394|5.2|5.2|7|8
67.5|71.18|0|395|5.2|5.2|7|8
67.6|71.14|0|395|5.2|5.2|7|8
67.7|71.21|0|395|5.2|5.2|7|8
67.8|71.21|0|395|5.2|5.2|7|8
67.9|71.17|0|395|5.2|5.2|7|8
68|71.14|0|394|5.2|5.2|7|8
68.1|71.24|0|394|5.2|5.2|7|8
68.2|71.18|0|395|5.2|5.2|7|8
68.3|71.16|0|395|5.2|5.2|7|8
68.4|71.21|0|395|5.2|5.2|7|8
68.5|71.22|0|394|5.2|5.2|7|8
68.6|71.17|0|394|5.2|5.2|7|8
68.7|71.14|0|394|5.2|5.2|7|8
68.8|71.2|0|394|5.2|5.2|7|8
68.9|71.2|0|396|5.2|5.2|7|8
69|71.17|0|402|5.2|5.2|7|8
69.1|71.14|0|404|5.2|5.2|7|8
69.2|71.2|0|404|5.2|5.2|7|8
69.3|71.18|0|405|5.2|5.2|7|8
69.4|71.14|0|405|5.2|5.2|7|8
69.5|71.21|0|405|5.2|5.2|7|8
69.6|71.22|0|405|5.2|5.2|7|8
69.7|71.17|0|405|5.2|5.2|7|8
69.8|71.14|0|405|5.2|5.2|7|8
69.9|71.18|0|405|5.2|5.2|7|8
70|71.17|0|405|5.2|5.2|7|8
70.1|71.16|0|405|5.2|5.2|7|8
70.2|71.2|0|405|5.2|5.2|7|8
70.3|71.22|0|405|5.2|5.2|7|8
70.4|71.17|0|405|5.2|5.2|7|8
70.5|71.13|0|405|5.2|5.2|7|8
70.6|71.21|0|405|5.2|5.2|7|8
70.7|71.2|0|405|5.2|5.2|7|8
70.8|71.16|0|405|5.2|5.2|7|8
70.9|71.16|0|405|5.2|5.2|7|8
71|71.3|0|405|5.2|5.2|8|8
71.1|71.08|0|405|5.2|5.2|8|8
71.2|71.05|0|405|5.2|5.2|8|8
71.3|71|0|405|5.2|5.2|8|8
71.4|71.08|0|405|5.2|5.2|8|8
71.5|71.06|0|405|5.2|5.2|8|8
71.6|71.1|0|405|5.2|5.2|8|8
71.7|71.18|0|405|5.2|5.2|8|8
71.8|71.17|0|405|5.2|5.2|8|8
71.9|71.22|0|405|5.2|5.2|8|8
72|71.12|0|405|5.2|5.2|8|8
72.1|71.09|0|405|5.2|5.2|8|8
72.2|71.1|0|405|5.2|5.2|8|8
72.3|71.13|0|405|5.2|5.2|8|8
72.4|71.16|0|405|5.2|5.2|8|8
72.5|71.24|0|405|5.2|5.2|8|8
72.6|71.14|0|405|5.2|5.2|8|8
72.7|71.08|0|405|5.2|5.2|8|8
72.8|71.1|0|405|5.2|5.2|8|8
72.9|71.16|0|405|5.2|5.2|8|8
73|71.4|0|405|5.2|5.2|8|8
73.1|74.3|0|405|5.2|5.2|8|8
73.2|77.37|0|405|5.2|5.2|8|8
73.3|80.46|0|405|5.2|5.2|8|8
73.4|83.52|0|405|5.2|5.1|8|8
73.5|86.52|0|405|5.1|5.1|8|8
73.6|89.49|0|405|5.1|5.1|8|8
73.7|92.52|0|405|5.1|5.1|8|8
73.8|94.64|0|405|5.1|5.1|8|8
