0|96.12|925|416|3.9|3.9|1|8
0.1|96.13|1036|418|3.9|3.9|1|8
0.2|96.06|1044|420|3.9|3.9|1|8
0.3|96.04|1046|420|4|4|1|8
0.4|96.08|1044|420|4|4|1|8
0.5|96.09|1044|420|4|4|2|8
0.6|95.82|1046|420|4|4|2|8
0.7|95.43|1049|420|4|4|2|8
0.8|94.99|1049|420|4|4|2|8
0.9|94.53|1052|420|4|4|2|8
1|94.02|1106|420|4|4|2|8
1.1|93.57|1642|421|4|4|3|8
1.2|93.25|1714|422|4|4|3|8
1.3|93.02|1729|423|4|4|3|8
1.4|92.95|1740|424|4|4|3|8
1.5|92.88|1747|424|4|4|3|8
1.6|92.87|1750|424|4|4|3|8
1.7|92.86|1755|424|4|4|3|8
1.8|92.82|1758|424|4|4|3|8
1.9|92.82|1758|424|4|4.1|3|8
2|92.88|1758|424|4.1|4.1|3|8
2.1|92.82|1758|424|4.1|4.1|3|8
2.2|92.79|1758|424|4.1|4.1|3|8
2.3|92.83|1758|424|4.1|4.1|3|8
2.4|92.82|1758|424|4.1|4.1|3|8
2.5|92.83|1755|423|4.1|4.1|3|8
2.6|92.83|1760|424|4.1|4.1|3|8
2.7|92.8|1758|423|4.1|4.1|3|8
2.8|92.87|1758|423|4.1|4.1|3|8
2.9|92.79|1755|424|4.1|4.1|3|8
3|92.84|1750|423|4.1|4.1|3|8
3.1|92.84|1745|423|4.1|4.1|4|8
3.2|92.92|1727|423|4.1|4.1|4|8
3.3|93.23|1714|423|4.2|4.2|4|8
3.4|93.73|1216|422|4.2|4.2|5|8
3.5|94.02|1082|420|4.2|4.2|5|8
3.6|94.17|1080|420|4.2|4.2|5|8
3.7|94.28|1075|420|4.2|4.2|5|8
3.8|94.31|1075|420|4.2|4.2|5|8
3.9|94.31|1075|419|4.2|4.2|5|8
4|94.31|1075|419|4.2|4.2|5|8
4.1|94.31|1072|419|4.2|4.2|5|8
4.2|94.33|1077|419|4.2|4.2|5|8
4.3|94.33|1077|419|4.2|4.2|5|8
4.4|94.4|1077|419|4.2|4.2|5|8
4.5|94.28|1077|420|4.2|4.3|5|8
4.6|94.32|1075|420|4.3|4.3|5|8
4.7|94.31|1075|420|4.3|4.3|5|8
4.8|94.31|1072|419|4.3|4.3|5|8
4.9|94.32|1072|419|4.3|4.3|5|8
5|94.31|1070|419|4.3|4.3|5|8
5.1|94.32|1070|419|4.3|4.3|5|8
5.2|94.35|1067|420|4.3|4.3|5|8
5.3|94.39|1064|420|4.3|4.3|5|8
5.4|94.31|1059|420|4.3|4.3|2|8
5.5|94.25|1057|419|4.3|4.3|2|8
5.6|93.93|1057|419|4.3|4.3|2|8
5.7|93.57|1093|419|4.3|4.3|2|8
5.8|93.17|1670|421|4.3|4.3|3|8
5.9|92.86|1729|422|4.3|4.3|3|8
6|92.71|1771|422|4.3|4.4|3|8
6.1|92.64|1784|423|4.4|4.4|3|8
6.2|92.6|1786|423|4.4|4.4|3|8
6.3|92.6|1791|423|4.4|4.4|3|8
6.4|92.64|1791|423|4.4|4.4|3|8
6.5|92.59|1794|422|4.4|4.4|3|8
6.6|92.59|1796|422|4.4|4.4|3|8
6.7|92.59|1796|422|4.4|4.4|3|8
6.8|92.59|1799|422|4.4|4.4|3|8
6.9|92.59|1802|422|4.4|4.4|3|8
7|92.58|1802|422|4.4|4.4|3|8
7.1|92.56|1802|422|4.4|4.4|3|8
7.2|92.55|1802|422|4.4|4.4|3|8
7.3|92.53|1804|422|4.4|4.4|3|8
7.4|92.58|1804|422|4.4|4.4|3|8
7.5|92.62|1804|422|4.4|4.4|3|8
7.6|92.6|1804|422|4.5|4.5|3|8
7.7|92.59|1804|422|4.5|4.5|3|8
7.8|92.55|1807|422|4.5|4.5|4|8
7.9|92.66|1807|422|4.5|4.5|4|8
8|93.09|1791|422|4.5|4.5|4|8
8.1|93.53|1619|422|4.5|4.5|4|8
8.2|93.97|1093|420|4.5|4.5|5|8
8.3|94.24|1064|419|4.5|4.5|5|8
8.4|94.31|1062|418|4.5|4.5|5|8
8.5|94.37|1062|418|4.5|4.5|5|8
8.6|94.39|1059|418|4.5|4.5|5|8
8.7|94.4|1059|418|4.5|4.5|5|8
8.8|94.41|1059|418|4.5|4.5|5|8
8.9|94.44|1059|418|4.5|4.5|5|8
9|94.43|1059|418|4.5|4.5|5|8
9.1|94.41|1059|418|4.6|4.6|5|8
9.2|94.41|1059|418|4.6|4.6|5|8
9.3|94.39|1059|418|4.6|4.6|5|8
9.4|94.37|1057|418|4.6|4.6|5|8
9.5|94.39|1057|418|4.6|4.6|5|8
9.6|94.4|1057|418|4.6|4.6|5|8
9.7|94.41|1059|418|4.6|4.6|5|8
9.8|94.43|1059|418|4.6|4.6|5|8
9.9|94.45|1059|418|4.6|4.6|5|8
10|94.41|1059|418|4.6|4.6|5|8
10.1|94.41|1059|418|4.6|4.6|5|8
10.2|94.39|1067|413|4.6|4.6|2|8
10.3|94.27|1070|401|4.6|4.6|2|8
10.4|93.85|1070|398|4.6|4.6|2|8
10.5|93.42|1101|396|4.6|4.6|2|8
10.6|92.92|1652|396|4.6|4.6|3|8
10.7|92.64|1814|397|4.7|4.7|3|8
10.8|92.45|1832|397|4.7|4.7|3|8
10.9|92.41|1838|397|4.7|4.7|3|8
11|92.35|1840|397|4.7|4.7|3|8
11.1|92.36|1843|397|4.7|4.7|3|8
11.2|92.28|1843|396|4.7|4.7|3|8
11.3|92.24|1845|396|4.7|4.7|3|8
11.4|92.33|1845|396|4.7|4.7|3|8
11.5|92.29|1845|396|4.7|4.7|3|8
11.6|92.28|1845|396|4.7|4.7|3|8
11.7|92.27|1848|396|4.7|4.7|3|8
11.8|92.33|1848|396|4.7|4.7|3|8
11.9|92.29|1851|396|4.7|4.7|3|8
12|92.28|1851|396|4.7|4.7|3|8
12.1|92.25|1851|396|4.8|4.8|3|8
12.2|92.29|1853|396|4.8|4.8|3|8
12.3|92.25|1853|396|4.8|4.8|3|8
12.4|92.27|1853|396|4.8|4.8|3|8
12.5|92.27|1853|396|4.8|4.8|3|8
12.6|92.28|1853|396|4.8|4.8|4|8
12.7|92.31|1856|396|4.8|4.8|4|8
12.8|92.58|1851|396|4.8|4.8|4|8
12.9|93.13|1789|396|4.8|4.8|4|8
13|93.58|1652|396|4.8|4.8|4|8
13.1|94.08|1103|396|4.8|4.8|5|8
13.2|94.29|1082|395|4.8|4.8|5|8
13.3|94.33|1080|395|4.8|4.8|5|8
13.4|94.44|1080|395|4.8|4.8|5|8
13.5|94.44|1080|395|4.8|4.8|5|8
13.6|94.44|1075|395|4.8|4.8|5|8
13.7|94.43|1075|395|4.8|4.8|5|8
13.8|94.41|1075|395|4.8|4.8|5|8
13.9|94.43|1072|395|4.8|4.8|5|8
14|94.45|1072|394|4.9|4.9|5|8
14.1|94.47|1072|394|4.8|4.8|5|8
14.2|94.49|1072|395|4.8|4.8|5|8
14.3|94.44|1072|395|4.8|4.8|5|8
14.4|94.41|1072|395|4.8|4.8|5|8
14.5|94.44|1072|394|4.8|4.8|5|8
14.6|94.44|1072|394|4.9|4.9|5|8
14.7|94.44|1072|394|4.9|4.9|5|8
14.8|94.45|1070|394|4.9|4.9|5|8
14.9|94.45|1072|394|4.9|4.9|5|8
15|94.45|1075|395|4.9|4.9|5|8
15.1|94.51|1075|394|4.9|4.9|2|8
15.2|94.33|1075|395|4.9|4.9|2|8
15.3|93.86|1075|394|4.9|4.9|2|8
15.4|93.45|1093|394|4.9|4.9|2|8
15.5|92.95|1258|395|4.9|4.9|2|8
15.6|92.59|1771|396|4.9|4.9|3|8
15.7|92.29|1840|396|4.9|4.9|3|8
15.8|92.13|1851|396|4.9|4.9|3|8
15.9|92.08|1858|396|4.9|4.9|3|8
16|92|1858|396|4.9|4.9|3|8
16.1|92.01|1861|396|4.9|4.9|3|8
16.2|91.98|1861|396|4.9|4.9|3|8
16.3|91.97|1863|396|4.9|4.9|3|8
16.4|91.97|1863|396|4.9|4.9|3|8
16.5|92|1863|396|4.9|4.9|3|8
16.6|92.01|1863|396|4.9|4.9|3|8
16.7|91.96|1866|396|4.9|4.9|3|8
16.8|92|1866|396|4.9|4.9|3|8
16.9|91.98|1866|396|4.9|4.9|3|8
17|91.97|1866|396|4.9|4.9|3|8
17.1|92|1869|396|4.9|4.9|3|8
17.2|91.98|1869|396|4.9|4.9|3|8
17.3|91.98|1869|396|4.9|4.9|3|8
17.4|91.98|1869|396|4.9|4.9|3|8
17.5|91.97|1869|396|4.9|4.9|3|8
17.6|91.96|1871|396|4.9|4.9|4|8
17.7|92.09|1871|396|5|4.9|4|8
17.8|92.51|1861|396|5|5|4|8
17.9|92.96|1340|396|5|5|5|8
18|93.33|1093|395|5|5|5|8
18.1|93.5|1090|394|5|5|5|8
18.2|93.5|1085|394|5|5|5|8
18.3|93.6|1082|394|5|5|5|8
18.4|93.6|1088|394|5|5|5|8
18.5|93.65|1082|394|5|5|5|8
18.6|93.61|1082|394|5|5|5|8
18.7|93.61|1082|394|5|5|5|8
18.8|93.6|1085|394|5|5|5|8
18.9|93.55|1082|394|5|5|5|8
19|93.58|1077|394|5|5|5|8
19.1|93.61|1077|394|5|5|5|8
19.2|93.66|1077|394|5|5|5|8
19.3|93.62|1077|394|5|5|5|8
19.4|93.6|1077|394|5|5|5|8
19.5|93.57|1077|394|5|5|5|8
19.6|93.57|1075|394|5|5|5|8
19.7|93.62|1075|394|5|5|5|8
19.8|93.66|1077|394|5|5|5|8
19.9|93.62|1077|394|5|5|2|8
20|93.57|1077|394|5|5|2|8
20.1|93.27|1077|394|5|5|2|8
20.2|92.82|1077|394|5|5|2|8
20.3|92.41|1655|394|5|5|3|8
20.4|92.11|1845|394|5|5|3|8
20.5|91.92|1861|394|5|5|3|8
20.6|91.84|1869|394|5|5|3|8
20.7|91.81|1871|394|5|5|3|8
20.8|91.8|1874|394|5|5|3|8
20.9|91.76|1876|394|5|5|3|8
21|91.76|1879|394|5|5|3|8
21.1|91.77|1879|394|5.1|5|3|8
21.2|91.76|1881|394|5.1|5.1|3|8
21.3|91.72|1881|394|5.1|5.1|3|8
21.4|91.74|1881|394|5.1|5.1|3|8
21.5|91.74|1881|394|5.1|5.1|3|8
21.6|91.73|1881|394|5.1|5.1|3|8
21.7|91.77|1884|394|5.1|5.1|3|8
21.8|91.73|1884|394|5.1|5.1|3|8
21.9|91.74|1884|394|5.1|5.1|3|8
22|91.74|1884|394|5.1|5.1|3|8
22.1|91.73|1884|394|5.1|5.1|3|8
22.2|91.73|1884|394|5.1|5.1|3|8
22.3|91.76|1884|394|5.1|5.1|4|8
22.4|91.76|1884|394|5.1|5.1|4|8
22.5|92.04|1881|394|5.1|5.1|4|8
22.6|92.49|1848|394|5.1|5.1|4|8
22.7|93.02|1186|395|5.1|5.1|5|8
22.8|93.33|1090|394|5.1|5.1|5|8
22.9|93.49|1088|394|5.1|5.1|5|8
23|93.51|1082|394|5.1|5.1|5|8
23.1|93.54|1080|394|5.1|5.1|5|8
23.2|93.54|1080|394|5.1|5.1|5|8
23.3|93.51|1080|394|5.1|5.1|5|8
23.4|93.51|1080|394|5.1|5.1|5|8
23.5|93.57|1080|394|5.1|5.1|5|8
23.6|93.6|1077|394|5.1|5.1|5|8
23.7|93.55|1077|394|5.1|5.1|5|8
23.8|93.58|1077|394|5.1|5.1|5|8
23.9|93.55|1077|394|5.1|5.1|5|8
24|93.55|1077|394|5.1|5.1|5|8
24.1|93.54|1077|394|5.1|5.1|5|8
24.2|93.54|1080|394|5.1|5.1|5|8
24.3|93.5|1080|394|5.1|5.1|5|8
24.4|93.53|1077|394|5.1|5.1|5|8
24.5|93.57|1082|394|5.1|5.1|5|8
24.6|93.58|1082|394|5.1|5.1|5|8
24.7|93.55|1082|394|5.2|5.2|2|8
24.8|93.49|1082|394|5.2|5.2|2|8
24.9|93.14|1080|394|5.2|5.2|2|8
25|92.67|1108|394|5.2|5.2|2|8
25.1|92.28|1737|394|5.2|5.2|3|8
25.2|91.92|1848|394|5.2|5.2|3|8
25.3|91.82|1866|395|5.2|5.2|3|8
25.4|91.78|1871|395|5.2|5.2|3|8
25.5|91.73|1876|395|5.2|5.2|3|8
25.6|91.74|1879|395|5.2|5.2|3|8
25.7|91.69|1881|395|5.2|5.2|3|8
25.8|91.64|1884|395|5.2|5.2|3|8
25.9|91.74|1884|395|5.2|5.2|3|8
26|91.66|1884|395|5.2|5.2|3|8
26.1|91.72|1884|395|5.2|5.2|3|8
26.2|91.69|1884|395|5.2|5.2|3|8
26.3|91.66|1887|396|5.2|5.2|3|8
26.4|91.74|1884|395|5.2|5.2|3|8
26.5|91.64|1884|395|5.2|5.2|3|8
26.6|91.73|1884|395|5.2|5.2|3|8
26.7|91.66|1887|395|5.2|5.2|3|8
26.8|91.72|1887|395|5.2|5.2|3|8
26.9|91.69|1887|396|5.2|5.2|3|8
27|91.66|1889|395|5.2|5.2|3|8
27.1|91.72|1889|395|5.2|5.2|4|8
27.2|91.74|1889|396|5.2|5.2|4|8
27.3|92.05|1884|396|5.2|5.2|4|8
27.4|92.52|1838|396|5.2|5.2|4|8
27.5|93.1|1149|396|5.2|5.2|5|8
27.6|93.34|1093|395|5.2|5.2|5|8
27.7|93.49|1088|394|5.2|5.2|5|8
27.8|93.53|1082|395|5.2|5.2|5|8
27.9|93.53|1085|394|5.2|5.2|5|8
28|93.54|1085|395|5.2|5.2|5|8
28.1|93.54|1082|394|5.2|5.2|5|8
28.2|93.54|1082|394|5.2|5.2|5|8
28.3|93.54|1080|394|5.2|5.2|5|8
28.4|93.51|1080|394|5.2|5.2|5|8
28.5|93.51|1080|394|5.2|5.2|5|8
28.6|93.53|1077|394|5.2|5.2|5|8
28.7|93.55|1077|394|5.2|5.2|5|8
28.8|93.6|1077|394|5.2|5.2|5|8
28.9|93.58|1080|394|5.2|5.2|5|8
29|93.55|1080|394|5.2|5.2|5|8
29.1|93.55|1082|394|5.2|5.2|5|8
29.2|93.51|1080|394|5.3|5.3|5|8
29.3|93.49|1077|394|5.3|5.3|5|8
29.4|93.54|1077|394|5.3|5.3|5|8
29.5|93.55|1082|394|5.3|5.3|2|8
29.6|93.47|1080|394|5.3|5.3|2|8
29.7|93.09|1077|394|5.3|5.3|2|8
29.8|92.63|1155|395|5.3|5.3|2|8
29.9|92.2|1740|395|5.3|5.3|3|8
30|91.9|1851|396|5.3|5.3|3|8
30.1|91.8|1869|396|5.3|5.3|3|8
30.2|91.74|1876|396|5.3|5.3|3|8
30.3|91.65|1884|396|5.3|5.3|3|8
30.4|91.61|1884|396|5.3|5.3|3|8
30.5|91.62|1887|396|5.3|5.3|3|8
30.6|91.65|1887|396|5.3|5.3|3|8
30.7|91.65|1887|396|5.3|5.3|3|8
30.8|91.61|1889|396|5.3|5.3|3|8
30.9|91.64|1889|396|5.3|5.3|3|8
31|91.64|1889|396|5.3|5.3|3|8
31.1|91.65|1889|396|5.3|5.3|3|8
31.2|91.65|1889|396|5.3|5.3|3|8
31.3|91.64|1889|396|5.3|5.3|3|8
31.4|91.6|1889|396|5.3|5.3|3|8
31.5|91.62|1889|396|5.3|5.3|3|8
31.6|91.62|1889|396|5.3|5.3|3|8
31.7|91.62|1889|396|5.3|5.3|3|8
31.8|91.61|1892|396|5.3|5.3|3|8
31.9|91.61|1892|396|5.3|5.3|4|8
32|91.74|1892|396|5.3|5.3|4|8
32.1|92.04|1887|396|5.3|5.3|4|8
32.2|92.53|1832|396|5.3|5.3|4|8
32.3|93.03|1116|396|5.3|5.3|5|8
32.4|93.22|1093|396|5.3|5.3|5|8
32.5|93.33|1088|396|5.3|5.3|5|8
32.6|93.35|1085|396|5.3|5.3|5|8
32.7|93.35|1085|395|5.3|5.3|5|8
32.8|93.38|1082|395|5.3|5.3|5|8
32.9|93.43|1080|395|5.3|5.3|5|8
33|93.39|1077|395|5.3|5.3|5|8
33.1|93.38|1077|395|5.3|5.3|5|8
33.2|93.38|1080|395|5.3|5.3|5|8
33.3|93.34|1080|395|5.3|5.3|5|8
33.4|93.42|1077|395|5.3|5.3|5|8
33.5|93.41|1077|395|5.3|5.3|5|8
33.6|93.38|1077|395|5.4|5.3|5|8
33.7|93.39|1080|395|5.4|5.4|5|8
33.8|93.43|1082|395|5.4|5.4|5|8
33.9|93.38|1080|395|5.4|5.4|5|8
34|93.37|1082|394|5.4|5.4|5|8
34.1|93.41|1080|394|5.4|5.4|5|8
34.2|93.42|1080|395|5.4|5.4|5|8
34.3|93.39|1080|395|5.4|5.4|2|8
34.4|93.27|1082|394|5.4|5.4|2|8
34.5|92.83|1082|394|5.4|5.4|2|8
34.6|92.41|1392|395|5.4|5.4|2|8
34.7|91.98|1822|395|5.4|5.4|3|8
34.8|91.82|1866|396|5.4|5.4|3|8
34.9|91.77|1876|396|5.4|5.4|3|8
35|91.74|1881|396|5.4|5.4|3|8
35.1|91.74|1884|396|5.4|5.4|3|8
35.2|91.66|1887|396|5.4|5.4|3|8
35.3|91.64|1889|396|5.4|5.4|3|8
35.4|91.65|1889|396|5.4|5.4|3|8
35.5|91.68|1889|396|5.4|5.4|3|8
35.6|91.66|1892|396|5.4|5.4|3|8
35.7|91.69|1892|396|5.4|5.4|3|8
35.8|91.7|1892|396|5.4|5.4|3|8
35.9|91.66|1892|396|5.4|5.4|3|8
36|91.65|1892|396|5.4|5.4|3|8
36.1|91.69|1892|396|5.4|5.4|3|8
36.2|91.68|1892|396|5.4|5.4|3|8
36.3|91.64|1892|396|5.4|5.4|3|8
36.4|91.69|1892|396|5.4|5.4|3|8
36.5|91.69|1894|396|5.4|5.4|3|8
36.6|91.66|1894|396|5.4|5.4|3|8
36.7|91.7|1894|396|5.4|5.4|4|8
36.8|91.86|1892|396|5.4|5.4|4|8
36.9|92.32|1851|396|5.4|5.4|4|8
37|92.88|1356|396|5.4|5.4|5|8
37.1|93.21|1090|396|5.4|5.4|2|8
37.2|93.25|1088|396|5.4|5.4|2|8
37.3|93.19|1085|395|5.4|5.4|2|8
37.4|93.06|1082|395|5.4|5.4|2|8
37.5|92.99|1082|395|5.4|5.4|2|8
37.6|93.03|1077|395|5.4|5.4|2|8
37.7|93.02|1077|395|5.4|5.4|2|8
37.8|92.91|1077|395|5.4|5.4|2|8
37.9|92.87|1077|395|5.4|5.4|2|8
38|92.78|1077|395|5.4|5.4|2|8
38.1|92.7|1075|394|5.4|5.4|2|8
38.2|92.64|1075|395|5.4|5.4|2|8
38.3|92.6|1075|395|5.4|5.4|2|8
38.4|92.58|1088|395|5.4|5.4|2|8
38.5|92.48|1198|395|5.4|5.4|2|8
38.6|92.35|1088|396|5.4|5.4|2|8
38.7|92.37|1271|395|5.4|5.4|2|8
38.8|92.33|1428|395|5.4|5.4|2|8
38.9|92.27|1631|396|5.4|5.4|2|8
39|92.31|1670|396|5.4|5.4|2|8
39.1|92.56|1544|396|5.4|5.4|2|8
39.2|92.59|1090|395|5.4|5.4|2|8
39.3|92.66|1085|395|5.4|5.4|2|8
39.4|92.66|1082|395|5.4|5.4|2|8
39.5|92.66|1082|395|5.4|5.4|2|8
39.6|92.66|1080|395|5.4|5.4|2|8
39.7|92.63|1077|395|5.4|5.4|2|8
39.8|92.37|1082|394|5.4|5.4|2|8
39.9|92.33|1077|395|5.4|5.4|2|8
40|92.39|1077|395|5.4|5.4|2|8
40.1|92.36|1137|394|5.4|5.4|2|8
40.2|92.23|1474|395|5.4|5.4|2|8
40.3|92.15|1495|396|5.4|5.4|2|8
40.4|92.13|1727|396|5.4|5.4|2|8
40.5|92.29|1745|396|5.4|5.4|2|8
40.6|92.48|1722|396|5.4|5.4|2|8
40.7|92.56|1103|396|5.4|5.4|2|8
40.8|92.66|1082|396|5.4|5.4|2|8
40.9|92.72|1082|396|5.4|5.4|2|8
41|92.67|1082|395|5.4|5.4|2|8
41.1|92.6|1082|395|5.4|5.4|2|8
41.2|92.59|1080|395|5.4|5.4|2|8
41.3|92.51|1077|395|5.4|5.4|2|8
41.4|92.35|1080|395|5.4|5.4|2|8
41.5|92.35|1075|395|5.4|5.4|2|8
41.6|92.39|1106|395|5.4|5.4|2|8
41.7|92.27|1121|396|5.4|5.4|2|8
41.8|92.15|1175|396|5.4|5.4|2|8
41.9|92.15|1603|396|5.4|5.4|2|8
42|92.09|1688|396|5.4|5.4|2|8
42.1|92.28|1691|396|5.4|5.4|2|8
42.2|92.35|1678|396|5.4|5.4|2|8
42.3|92.53|1131|396|5.4|5.4|2|8
42.4|92.6|1088|396|5.4|5.4|2|8
42.5|92.7|1088|396|5.4|5.4|2|8
42.6|92.64|1085|396|5.4|5.4|2|8
42.7|92.58|1082|396|5.4|5.4|2|8
42.8|92.56|1082|396|5.4|5.4|2|8
42.9|92.36|1082|395|5.4|5.4|2|8
43|92.36|1082|395|5.4|5.4|2|8
43.1|92.43|1080|395|5.4|5.4|2|8
43.2|92.35|1106|396|5.4|5.4|2|8
43.3|92.16|1113|396|5.4|5.4|2|8
43.4|92.13|1093|396|5.4|5.4|2|8
43.5|92.05|1575|396|5.4|5.4|2|8
43.6|92.02|1534|396|5.4|5.4|2|8
43.7|92.15|1088|396|5.4|5.4|2|8
43.8|92.17|1080|396|5.4|5.4|2|8
43.9|92.21|1080|396|5.4|5.4|2|8
44|92.15|1080|396|5.4|5.4|2|8
44.1|92.08|1193|396|5.4|5.4|2|8
44.2|91.97|1490|396|5.4|5.4|2|8
44.3|91.97|1131|396|5.4|5.4|2|8
44.4|92|1080|396|5.4|5.4|2|8
44.5|91.96|1332|396|5.4|5.4|2|8
44.6|91.9|1554|396|5.4|5.4|2|8
44.7|91.88|1247|397|5.4|5.4|2|8
44.8|92.05|1080|396|5.4|5.4|2|8
44.9|92.02|1075|396|5.4|5.4|2|8
45|91.93|1075|396|5.4|5.4|2|8
45.1|91.93|1075|396|5.4|5.4|2|8
45.2|91.9|1247|396|5.4|5.4|2|8
45.3|91.82|1247|396|5.4|5.4|2|8
45.4|91.78|1317|397|5.4|5.4|2|8
45.5|91.73|1340|396|5.4|5.4|2|8
45.6|91.61|1247|396|5.4|5.4|2|8
45.7|91.56|1216|396|5.4|5.4|2|8
45.8|91.54|1307|396|5.4|5.4|2|8
45.9|91.46|1309|397|5.4|5.4|2|8
46|91.39|1211|396|5.4|5.4|2|8
46.1|91.26|1273|396|5.4|5.4|2|8
46.2|91.26|1155|396|5.4|5.4|2|8
46.3|91.21|1309|396|5.4|5.4|2|8
46.4|91.1|1245|396|5.4|5.4|2|8
46.5|91.02|1103|396|5.4|5.4|2|8
46.6|91|1271|396|5.4|5.4|2|8
46.7|90.9|1149|396|5.4|5.4|2|8
46.8|90.79|1180|396|5.4|5.4|2|8
46.9|90.8|1149|396|5.4|5.4|2|8
47|90.66|1162|396|5.4|5.4|2|8
47.1|90.6|1183|396|5.4|5.4|2|8
47.2|90.55|1237|396|5.4|5.4|2|8
47.3|90.51|1198|396|5.4|5.4|2|8
47.4|90.37|1209|396|5.4|5.4|2|8
47.5|90.35|1170|396|5.4|5.4|2|8
47.6|90.25|1229|396|5.4|5.4|2|8
47.7|90.13|1428|396|5.4|5.4|2|8
47.8|90.01|1144|396|5.4|5.4|2|8
47.9|90.03|1198|396|5.4|5.4|2|8
48|89.86|1144|396|5.4|5.4|2|8
48.1|89.85|1245|396|5.4|5.4|2|8
48.2|89.74|1214|396|5.4|5.4|2|8
48.3|89.74|1149|396|5.4|5.4|2|8
48.4|89.53|1206|396|5.4|5.4|2|8
48.5|89.5|1325|396|5.4|5.4|2|8
48.6|89.41|1397|396|5.4|5.4|2|8
48.7|89.3|1268|396|5.4|5.4|2|8
48.8|89.18|1253|396|5.4|5.4|2|8
48.9|89.13|1258|396|5.4|5.4|2|8
49|89.05|1191|397|5.4|5.4|2|8
49.1|88.9|1296|397|5.4|5.4|2|8
49.2|88.86|1245|396|5.4|5.4|2|8
49.3|88.74|1193|396|5.4|5.4|2|8
49.4|88.63|1183|396|5.4|5.4|2|8
49.5|88.56|1108|396|5.4|5.4|2|8
49.6|88.44|1175|396|5.4|5.4|2|8
49.7|88.32|1330|396|5.4|5.4|2|8
49.8|88.21|1219|396|5.4|5.4|2|8
49.9|88.15|1168|396|5.4|5.4|2|8
50|88.04|1193|396|5.4|5.4|2|8
50.1|87.93|1245|396|5.4|5.4|2|8
50.2|87.86|1330|396|5.4|5.4|2|8
50.3|87.69|1265|396|5.4|5.4|2|8
50.4|87.56|1204|396|5.4|5.4|2|8
50.5|87.44|1430|396|5.4|5.4|2|8
50.6|87.38|1232|396|5.4|5.4|2|8
50.7|87.29|1196|396|5.4|5.4|2|8
50.8|87.23|1147|396|5.4|5.4|2|8
50.9|87.14|1204|396|5.4|5.4|2|8
51|87.17|1137|396|5.4|5.4|2|8
51.1|87.1|1211|396|5.4|5.4|2|8
51.2|86.97|1168|396|5.4|5.4|2|8
51.3|86.93|1258|396|5.4|5.4|2|8
51.4|86.83|1232|396|5.4|5.4|2|8
51.5|86.76|1211|396|5.4|5.4|2|8
51.6|86.71|1186|396|5.4|5.4|2|8
51.7|86.62|1214|396|5.4|5.4|2|8
51.8|86.59|1235|396|5.4|5.4|2|8
51.9|86.48|1242|396|5.4|5.4|2|8
52|86.39|1219|396|5.4|5.4|2|8
52.1|86.35|1209|396|5.4|5.4|2|8
52.2|86.28|1144|396|5.4|5.4|2|8
52.3|86.16|1157|396|5.4|5.4|2|8
52.4|86.05|1183|396|5.4|5.4|2|8
52.5|86.01|1186|396|5.4|5.4|2|8
52.6|85.95|1198|396|5.4|5.4|2|8
52.7|85.78|1271|396|5.4|5.4|2|8
52.8|85.73|1224|396|5.4|5.4|2|8
52.9|85.62|1227|396|5.4|5.4|2|8
53|85.56|1196|396|5.4|5.4|2|8
53.1|85.44|1286|397|5.4|5.4|2|8
53.2|85.36|1149|396|5.4|5.4|2|8
53.3|85.23|1180|396|5.4|5.4|2|8
53.4|85.15|1278|395|5.4|5.4|2|8
53.5|85.02|1284|394|5.4|5.4|2|8
53.6|84.95|1173|394|5.4|5.4|2|8
53.7|84.83|1286|394|5.4|5.4|2|8
53.8|84.66|1242|394|5.4|5.4|2|8
53.9|84.58|1162|394|5.4|5.4|2|8
54|84.42|1204|395|5.4|5.4|2|8
54.1|84.38|1206|395|5.4|5.4|2|8
54.2|84.23|1240|394|5.4|5.4|2|8
54.3|84.09|1314|394|5.4|5.4|2|8
54.4|83.93|1271|394|5.4|5.4|2|8
54.5|83.88|1353|395|5.4|5.4|2|8
54.6|83.66|1216|395|5.4|5.4|2|8
54.7|83.6|1178|394|5.4|5.4|2|8
54.8|83.42|1289|394|5.4|5.4|2|8
54.9|83.3|1245|396|5.4|5.4|2|8
55|83.17|1206|394|5.4|5.4|2|8
55.1|82.98|1201|394|5.4|5.4|2|8
55.2|82.86|1250|394|5.4|5.4|2|8
55.3|82.7|1296|394|5.4|5.4|2|8
55.4|82.55|1227|395|5.4|5.4|2|8
55.5|82.35|1253|395|5.4|5.4|2|8
55.6|82.2|1286|395|5.4|5.4|2|8
55.7|82.07|1461|395|5.4|5.4|2|8
55.8|81.92|1265|395|5.4|5.4|2|8
55.9|81.69|1242|396|5.4|5.4|2|8
56|81.52|1351|395|5.4|5.4|2|8
56.1|81.34|1291|394|5.4|5.4|2|8
56.2|81.17|1392|396|5.4|5.4|2|8
56.3|80.97|1211|395|5.4|5.4|2|8
56.4|80.83|1260|396|5.4|5.4|2|8
56.5|80.56|1425|395|5.4|5.4|6|8
56.6|78.6|1930|394|5.4|5.4|6|8
56.7|75.73|982|396|5.4|5.4|6|8
56.8|72.93|0|394|5.4|5.4|7|8
56.9|71.17|0|393|5.4|5.4|7|8
57|70.38|0|392|5.4|5.4|7|8
57.1|70.1|0|392|5.4|5.4|7|8
57.2|69.88|0|392|5.4|5.4|7|8
57.3|69.94|0|392|5.4|5.4|7|8
57.4|69.87|0|392|5.4|5.4|7|8
57.5|69.84|0|392|5.4|5.4|7|8
57.6|69.77|0|392|5.4|5.4|7|8
57.7|69.76|0|391|5.4|5.4|7|8
57.8|69.81|0|391|5.4|5.4|7|8
57.9|69.79|0|391|5.4|5.4|7|8
58|69.8|0|391|5.4|5.4|7|8
58.1|69.79|0|391|5.4|5.4|7|8
58.2|69.79|0|391|5.4|5.4|7|8
58.3|69.79|0|391|5.4|5.4|7|8
58.4|69.79|0|391|5.4|5.4|7|8
58.5|69.79|0|391|5.4|5.4|7|8
58.6|69.84|0|391|5.4|5.4|7|8
58.7|69.79|0|391|5.4|5.4|7|8
58.8|69.75|0|391|5.4|5.4|7|8
58.9|69.75|0|391|5.4|5.4|7|8
59|69.76|0|391|5.4|5.4|7|8
59.1|69.77|0|391|5.4|5.4|7|8
59.2|69.76|0|391|5.4|5.4|7|8
59.3|69.77|0|391|5.4|5.4|7|8
59.4|69.77|0|391|5.4|5.4|7|8
59.5|69.77|0|392|5.4|5.4|7|8
59.6|69.77|0|391|5.4|5.4|7|8
59.7|69.8|0|392|5.4|5.4|7|8
59.8|69.79|0|391|5.4|5.4|7|8
59.9|69.76|0|391|5.4|5.4|7|8
60|69.75|0|391|5.4|5.4|7|8
60.1|69.79|0|391|5.4|5.4|7|8
60.2|69.8|0|391|5.4|5.4|7|8
60.3|69.79|0|391|5.4|5.4|7|8
60.4|69.79|0|391|5.4|5.4|7|8
60.5|69.79|0|391|5.4|5.4|7|8
60.6|69.79|0|391|5.4|5.4|7|8
60.7|69.77|0|391|5.4|5.4|7|8
60.8|69.77|0|391|5.4|5.4|7|8
60.9|69.75|0|391|5.4|5.4|7|8
61|69.73|0|391|5.4|5.4|7|8
61.1|69.8|0|391|5.4|5.4|7|8
61.2|69.79|0|391|5.4|5.4|7|8
61.3|69.79|0|391|5.4|5.4|7|8
61.4|69.77|0|391|5.4|5.4|7|8
61.5|69.77|0|391|5.4|5.4|7|8
61.6|69.77|0|391|5.4|5.4|7|8
61.7|69.77|0|391|5.4|5.4|7|8
61.8|69.77|0|391|5.4|5.4|7|8
61.9|69.77|0|391|5.4|5.4|7|8
62|69.79|0|391|5.4|5.4|7|8
62.1|69.76|0|391|5.4|5.4|7|8
62.2|69.75|0|390|5.4|5.4|7|8
62.3|69.75|0|390|5.4|5.4|7|8
62.4|69.75|0|390|5.4|5.4|7|8
62.5|69.79|0|390|5.4|5.4|7|8
62.6|69.79|0|390|5.4|5.4|7|8
62.7|69.77|0|390|5.4|5.4|7|8
62.8|69.79|0|390|5.4|5.4|7|8
62.9|69.79|0|390|5.4|5.4|7|8
63|69.76|0|390|5.4|5.4|7|8
63.1|69.71|0|390|5.4|5.4|7|8
63.2|69.73|0|390|5.4|5.4|7|8
63.3|69.73|0|390|5.4|5.4|7|8
63.4|69.8|0|390|5.4|5.4|7|8
63.5|69.79|0|390|5.4|5.4|7|8
63.6|69.77|0|390|5.4|5.4|7|8
63.7|69.79|0|390|5.4|5.4|7|8
63.8|69.77|0|390|5.4|5.4|7|8
63.9|69.76|0|390|5.4|5.4|7|8
64|69.73|0|390|5.4|5.4|7|8
64.1|69.73|0|390|5.4|5.4|7|8
64.2|69.75|0|390|5.4|5.4|7|8
64.3|69.73|0|390|5.4|5.4|7|8
64.4|69.73|0|390|5.4|5.4|7|8
64.5|69.76|0|390|5.4|5.4|7|8
64.6|69.77|0|390|5.4|5.4|7|8
64.7|69.79|0|390|5.4|5.4|7|8
64.8|69.77|0|390|5.4|5.4|7|8
64.9|69.76|0|390|5.4|5.4|7|8
65|69.75|0|390|5.4|5.4|7|8
65.1|69.73|0|390|5.4|5.4|7|8
65.2|69.75|0|390|5.4|5.4|7|8
65.3|69.76|0|390|5.4|5.4|7|8
65.4|69.75|0|390|5.4|5.4|7|8
65.5|69.75|0|390|5.4|5.4|7|8
65.6|69.77|0|390|5.4|5.4|7|8
65.7|69.77|0|390|5.4|5.4|7|8
65.8|69.77|0|390|5.4|5.4|7|8
65.9|69.76|0|390|5.4|5.4|7|8
66|69.77|0|390|5.4|5.4|7|8
66.1|69.79|0|390|5.4|5.4|7|8
66.2|69.79|0|390|5.4|5.4|7|8
66.3|69.73|0|390|5.4|5.4|7|8
66.4|69.71|0|390|5.4|5.4|7|8
66.5|69.73|0|390|5.4|5.4|7|8
66.6|69.75|0|390|5.4|5.4|7|8
66.7|69.75|0|390|5.4|5.4|7|8
66.8|69.76|0|390|5.4|5.4|7|8
66.9|69.76|0|390|5.4|5.4|7|8
67|69.75|0|391|5.4|5.4|7|8
67.1|69.77|0|390|5.4|5.4|7|8
67.2|69.76|0|391|5.4|5.4|7|8
67.3|69.77|0|401|5.4|5.4|7|8
67.4|69.79|0|405|5.4|5.4|7|8
67.5|69.73|0|407|5.4|5.4|7|8
67.6|69.71|0|407|5.4|5.4|7|8
67.7|69.73|0|407|5.4|5.4|7|8
67.8|69.75|0|407|5.4|5.4|7|8
67.9|69.75|0|407|5.4|5.4|7|8
68|69.75|0|407|5.4|5.4|7|8
68.1|69.76|0|407|5.4|5.4|7|8
68.2|69.76|0|407|5.4|5.4|7|8
68.3|69.75|0|407|5.4|5.4|7|8
68.4|69.76|0|407|5.4|5.4|7|8
68.5|69.75|0|407|5.4|5.4|7|8
68.6|69.75|0|408|5.4|5.4|7|8
68.7|69.75|0|407|5.4|5.4|7|8
68.8|69.72|0|407|5.4|5.4|7|8
68.9|69.73|0|408|5.4|5.4|7|8
69|69.73|0|408|5.4|5.4|7|8
69.1|69.75|0|408|5.4|5.4|7|8
69.2|69.75|0|408|5.4|5.4|7|8
69.3|69.75|0|408|5.4|5.4|7|8
69.4|69.75|0|408|5.4|5.4|7|8
69.5|69.77|0|408|5.4|5.4|7|8
69.6|69.75|0|408|5.4|5.4|7|8
69.7|69.77|0|408|5.4|5.4|7|8
69.8|69.77|0|408|5.4|5.4|8|8
69.9|69.67|0|408|5.4|5.4|8|8
70|69.63|0|408|5.4|5.4|8|8
70.1|69.65|0|408|5.4|5.4|8|8
70.2|69.68|0|408|5.4|5.4|8|8
70.3|69.67|0|408|5.4|5.4|8|8
70.4|69.69|0|411|5.4|5.4|8|8
70.5|69.71|0|411|5.4|5.4|8|8
70.6|69.72|0|412|5.4|5.4|8|8
70.7|69.69|0|412|5.3|5.3|8|8
70.8|69.71|0|412|5.3|5.3|8|8
70.9|69.71|0|412|5.3|5.3|8|8
71|69.69|0|412|5.3|5.3|8|8
71.1|69.69|0|412|5.3|5.3|8|8
71.2|69.68|0|412|5.2|5.2|8|8
71.3|69.68|0|412|5.3|5.3|8|8
71.4|69.67|0|412|5.2|5.2|8|8
71.5|69.69|0|412|5.2|5.2|8|8
71.6|69.68|0|412|5.2|5.2|8|8
71.7|69.71|0|412|5.2|5.2|8|8
71.8|71.02|0|412|5.2|5.2|8|8
71.9|73.99|0|412|5.2|5.2|8|8
72|76.99|0|412|5.2|5.2|8|8
72.1|79.95|0|412|5.2|5.2|8|8
72.2|82.93|0|412|5.2|5.2|8|8
72.3|85.89|0|412|5.2|5.2|8|8
72.4|88.78|0|412|5.2|5.2|8|8
72.5|91.7|0|412|5.2|5.2|8|8
72.6|94.21|0|412|5.2|5.2|8|8
72.7|95.35|0|412|5.2|5.2|8|8
72.8|95.82|0|412|5.2|5.2|8|8
