0|96.05|966|392|5|5|1|8
0.1|96.05|1077|394|5|5|1|8
0.2|96.08|1062|395|5|5|1|8
0.3|96.06|1052|395|5|5|1|8
0.4|96.05|1049|396|5|5|1|8
0.5|96.06|1054|396|5|5|2|8
0.6|95.76|1173|396|5|5|2|8
0.7|95.38|1608|396|5|5|3|8
0.8|95.14|1693|397|5|5|3|8
0.9|94.96|1711|397|5|5|3|8
1|95|1722|398|5|5|3|8
1.1|94.79|1729|398|5|5|3|8
1.2|94.82|1735|398|5|5|3|8
1.3|94.82|1737|398|5|5|3|8
1.4|94.82|1742|398|5|5|3|8
1.5|94.83|1745|398|5|5|3|8
1.6|94.88|1747|398|5|5|3|8
1.7|94.79|1750|398|5|5|3|8
1.8|94.87|1753|398|5|5|3|8
1.9|94.78|1755|398|5|5|3|8
2|94.83|1758|398|5|5|3|8
2.1|94.86|1758|398|5|5|3|8
2.2|94.79|1763|398|5|5|3|8
2.3|94.84|1763|398|5.1|5|3|8
2.4|94.8|1765|398|5.1|5.1|3|8
2.5|94.82|1765|398|5.1|5.1|3|8
2.6|94.83|1768|398|5.1|5.1|3|8
2.7|94.79|1768|398|5.1|5.1|4|8
2.8|94.88|1768|398|5.1|5.1|4|8
2.9|95.22|1763|398|5.1|5.1|4|8
3|95.72|1601|398|5.1|5.1|4|8
3.1|96.17|1085|398|5.1|5.1|5|8
3.2|96.39|1070|397|5.1|5.1|5|8
3.3|96.43|1070|396|5.1|5.1|5|8
3.4|96.44|1067|396|5.1|5.1|5|8
3.5|96.48|1067|396|5.1|5.1|5|8
3.6|96.44|1067|396|5.1|5.1|5|8
3.7|96.53|1067|396|5.1|5.1|5|8
3.8|96.53|1067|396|5.1|5.1|5|8
3.9|96.56|1067|396|5.1|5.1|5|8
4|96.45|1067|396|5.1|5.1|5|8
4.1|96.47|1064|396|5.1|5.1|5|8
4.2|96.47|1064|396|5.1|5.1|5|8
4.3|96.51|1064|396|5.1|5.1|5|8
4.4|96.53|1064|396|5.1|5.1|5|8
4.5|96.53|1064|396|5.1|5.1|5|8
4.6|96.55|1064|396|5.1|5.1|5|8
4.7|96.48|1064|396|5.1|5.1|5|8
4.8|96.41|1064|396|5.1|5.1|5|8
4.9|96.47|1064|396|5.1|5.1|5|8
5|96.51|1064|396|5.1|5.1|5|8
5.1|96.56|1064|396|5.1|5.1|2|8
5.2|96.29|1064|396|5.1|5.1|2|8
5.3|95.86|1064|396|5.1|5.1|2|8
5.4|95.41|1168|397|5.1|5.1|2|8
5.5|94.96|1693|397|5.1|5.1|3|8
5.6|94.74|1763|398|5.1|5.1|3|8
5.7|94.56|1786|398|5.1|5.1|3|8
5.8|94.49|1799|398|5.1|5.1|3|8
5.9|94.49|1807|398|5.1|5.1|3|8
6|94.44|1809|398|5.1|5.1|3|8
6.1|94.41|1812|398|5.1|5.1|3|8
6.2|94.44|1820|398|5.1|5.1|3|8
6.3|94.43|1817|398|5.1|5.1|3|8
6.4|94.43|1820|398|5.1|5.1|3|8
6.5|94.43|1820|398|5.1|5.1|3|8
6.6|94.41|1822|398|5.1|5.1|3|8
6.7|94.39|1822|398|5.1|5.1|3|8
6.8|94.41|1825|398|5.1|5.1|3|8
6.9|94.43|1825|398|5.1|5.1|3|8
7|94.41|1825|398|5.1|5.1|3|8
7.1|94.41|1827|398|5.1|5.1|3|8
7.2|94.43|1830|398|5.1|5.1|3|8
7.3|94.43|1830|398|5.1|5.1|3|8
7.4|94.41|1830|398|5.1|5.1|3|8
7.5|94.41|1830|398|5.1|5.1|4|8
7.6|94.49|1830|398|5.1|5.1|4|8
7.7|94.86|1796|398|5.2|5.1|4|8
7.8|95.35|1711|398|5.2|5.2|4|8
7.9|95.82|1098|398|5.2|5.2|5|8
8|96.14|1077|397|5.2|5.2|5|8
8.1|96.17|1075|397|5.2|5.2|5|8
8.2|96.21|1075|397|5.2|5.2|5|8
8.3|96.2|1072|396|5.2|5.2|5|8
8.4|96.21|1072|396|5.2|5.2|5|8
8.5|96.21|1072|396|5.2|5.2|5|8
8.6|96.24|1072|396|5.2|5.2|5|8
8.7|96.25|1070|396|5.2|5.2|5|8
8.8|96.24|1072|396|5.2|5.2|5|8
8.9|96.24|1072|396|5.2|5.2|5|8
9|96.24|1072|396|5.2|5.2|5|8
9.1|96.24|1072|396|5.2|5.2|5|8
9.2|96.25|1072|396|5.2|5.2|5|8
9.3|96.25|1072|396|5.2|5.2|5|8
9.4|96.24|1072|396|5.2|5.2|5|8
9.5|96.25|1072|396|5.2|5.2|5|8
9.6|96.25|1072|396|5.2|5.2|5|8
9.7|96.25|1072|396|5.2|5.2|5|8
9.8|96.25|1072|396|5.2|5.2|5|8
9.9|96.25|1072|396|5.2|5.2|2|8
10|96.14|1072|396|5.2|5.2|2|8
10.1|95.76|1072|396|5.2|5.2|2|8
10.2|95.25|1103|396|5.2|5.2|2|8
10.3|94.78|1572|396|5.2|5.2|3|8
10.4|94.47|1776|398|5.2|5.2|3|8
10.5|94.31|1814|398|5.2|5.2|3|8
10.6|94.25|1827|398|5.2|5.2|3|8
10.7|94.19|1832|398|5.2|5.2|3|8
10.8|94.12|1838|398|5.2|5.2|3|8
10.9|94.08|1843|396|5.2|5.2|3|8
11|94.12|1845|396|5.2|5.2|3|8
11.1|94.12|1848|395|5.2|5.2|3|8
11.2|94.12|1851|395|5.2|5.2|3|8
11.3|94.12|1851|395|5.2|5.2|3|8
11.4|94.12|1853|395|5.2|5.2|3|8
11.5|94.13|1853|395|5.2|5.2|3|8
11.6|94.15|1853|395|5.2|5.2|3|8
11.7|94.1|1856|395|5.2|5.2|3|8
11.8|94.12|1856|395|5.2|5.2|3|8
11.9|94.12|1856|395|5.2|5.2|3|8
12|94.12|1858|395|5.2|5.2|3|8
12.1|94.12|1858|395|5.2|5.2|3|8
12.2|94.15|1858|395|5.2|5.2|3|8
12.3|94.09|1861|395|5.2|5.2|4|8
12.4|94.2|1861|395|5.2|5.2|4|8
12.5|94.43|1838|396|5.2|5.2|4|8
12.6|94.88|1784|396|5.2|5.2|4|8
12.7|95.41|1224|396|5.2|5.2|5|8
12.8|95.78|1090|395|5.2|5.2|5|8
12.9|95.88|1088|394|5.2|5.2|5|8
13|96.01|1085|394|5.2|5.2|5|8
13.1|96.02|1085|394|5.2|5.2|5|8
13.2|96.01|1085|394|5.2|5.2|5|8
13.3|96|1085|394|5.2|5.2|5|8
13.4|96.01|1085|394|5.2|5.2|5|8
13.5|96|1082|394|5.2|5.2|5|8
13.6|96|1082|394|5.2|5.2|5|8
13.7|96.01|1082|394|5.2|5.2|5|8
13.8|96|1082|394|5.2|5.2|5|8
13.9|96.01|1082|394|5.2|5.2|5|8
14|96|1082|394|5.2|5.2|5|8
14.1|96|1082|394|5.2|5.2|5|8
14.2|96|1082|394|5.2|5.2|5|8
14.3|96.01|1082|394|5.2|5.2|5|8
14.4|96.02|1082|394|5.2|5.2|5|8
14.5|96.01|1082|394|5.2|5.2|5|8
14.6|96.01|1082|394|5.2|5.2|5|8
14.7|96|1082|394|5.2|5.2|2|8
14.8|95.92|1082|394|5.2|5.2|2|8
14.9|95.63|1082|394|5.2|5.2|2|8
15|95.21|1082|394|5.2|5.2|2|8
15.1|94.76|1296|395|5.2|5.2|2|8
15.2|94.32|1735|395|5.2|5.2|3|8
15.3|94|1830|395|5.2|5.2|3|8
15.4|93.93|1843|396|5.2|5.2|3|8
15.5|93.8|1853|396|5.2|5.2|3|8
15.6|93.77|1858|396|5.2|5.2|3|8
15.7|93.8|1863|396|5.2|5.2|3|8
15.8|93.88|1866|396|5.2|5.2|3|8
15.9|93.8|1869|396|5.2|5.2|3|8
16|93.78|1871|396|5.2|5.2|3|8
16.1|93.81|1874|396|5.2|5.2|3|8
16.2|93.78|1874|396|5.2|5.2|3|8
16.3|93.78|1876|396|5.2|5.2|3|8
16.4|93.77|1876|396|5.2|5.2|3|8
16.5|93.74|1876|396|5.2|5.2|3|8
16.6|93.77|1876|396|5.2|5.2|3|8
16.7|93.78|1879|396|5.2|5.2|3|8
16.8|93.8|1879|396|5.2|5.2|3|8
16.9|93.76|1879|396|5.2|5.2|3|8
17|93.76|1881|396|5.2|5.2|3|8
17.1|93.76|1881|396|5.2|5.2|3|8
17.2|93.8|1881|396|5.2|5.2|4|8
17.3|93.84|1879|396|5.2|5.2|4|8
17.4|94.29|1817|396|5.2|5.2|4|8
17.5|94.75|1162|396|5.2|5.2|5|8
17.6|95.06|1098|395|5.2|5.2|5|8
17.7|95.12|1093|394|5.2|5.2|5|8
17.8|95.18|1093|394|5.2|5.2|5|8
17.9|95.25|1090|394|5.2|5.2|5|8
18|95.23|1090|394|5.2|5.2|5|8
18.1|95.29|1090|394|5.2|5.2|5|8
18.2|95.26|1090|394|5.2|5.2|5|8
18.3|95.29|1090|394|5.2|5.2|5|8
18.4|95.25|1088|394|5.2|5.2|5|8
18.5|95.22|1088|394|5.2|5.2|5|8
18.6|95.25|1090|394|5.2|5.2|5|8
18.7|95.26|1088|394|5.2|5.2|5|8
18.8|95.26|1088|394|5.2|5.2|5|8
18.9|95.26|1090|394|5.2|5.2|5|8
19|95.27|1088|394|5.2|5.2|5|8
19.1|95.26|1088|394|5.2|5.2|5|8
19.2|95.25|1088|394|5.2|5.2|5|8
19.3|95.22|1088|394|5.2|5.2|5|8
19.4|95.22|1088|394|5.2|5.2|5|8
19.5|95.23|1088|394|5.2|5.2|2|8
19.6|95.19|1088|394|5.2|5.2|2|8
19.7|94.76|1088|394|5.2|5.2|2|8
19.8|94.39|1178|394|5.2|5.2|2|8
19.9|93.94|1765|394|5.2|5.2|3|8
20|93.7|1848|395|5.2|5.2|3|8
20.1|93.58|1861|395|5.2|5.2|3|8
20.2|93.54|1871|395|5.2|5.2|3|8
20.3|93.42|1876|395|5.2|5.2|3|8
20.4|93.43|1881|395|5.2|5.2|3|8
20.5|93.39|1884|395|5.2|5.2|3|8
20.6|93.35|1887|395|5.2|5.2|3|8
20.7|93.41|1887|395|5.2|5.2|3|8
20.8|93.43|1889|395|5.2|5.2|3|8
20.9|93.43|1892|394|5.2|5.2|3|8
21|93.39|1894|392|5.2|5.2|3|8
21.1|93.43|1894|392|5.2|5.2|3|8
21.2|93.42|1897|392|5.2|5.2|3|8
21.3|93.45|1894|392|5.2|5.2|3|8
21.4|93.41|1897|392|5.2|5.2|3|8
21.5|93.42|1897|392|5.2|5.2|3|8
21.6|93.42|1899|392|5.2|5.2|3|8
21.7|93.43|1899|392|5.2|5.2|3|8
21.8|93.42|1899|392|5.2|5.2|3|8
21.9|93.41|1902|392|5.2|5.2|4|8
22|93.55|1899|392|5.2|5.2|4|8
22.1|93.89|1851|392|5.2|5.2|4|8
22.2|94.44|1281|392|5.2|5.2|5|8
22.3|94.78|1103|392|5.2|5.2|5|8
22.4|94.9|1098|392|5.2|5.2|5|8
22.5|95.06|1095|392|5.2|5.2|5|8
22.6|95.12|1095|392|5.2|5.2|5|8
22.7|95.07|1095|392|5.2|5.2|5|8
22.8|95.04|1095|392|5.2|5.2|5|8
22.9|94.98|1095|391|5.2|5.2|5|8
23|95.08|1093|391|5.2|5.2|5|8
23.1|95.08|1093|391|5.2|5.2|5|8
23.2|95.03|1093|391|5.2|5.2|5|8
23.3|95.02|1093|391|5.2|5.2|5|8
23.4|95.1|1093|391|5.2|5.2|5|8
23.5|95.08|1090|391|5.2|5.2|5|8
23.6|95.03|1088|390|5.2|5.2|5|8
23.7|95.02|1088|391|5.2|5.2|5|8
23.8|95.1|1088|391|5.2|5.2|5|8
23.9|95.08|1088|391|5.2|5.2|5|8
24|95.03|1088|391|5.2|5.2|5|8
24.1|95.02|1088|391|5.2|5.2|5|8
24.2|95.11|1088|390|5.2|5.2|2|8
24.3|94.92|1088|391|5.2|5.2|2|8
24.4|94.74|1088|390|5.2|5.2|2|8
24.5|94.33|1095|390|5.2|5.2|2|8
24.6|93.85|1724|391|5.2|5.2|3|8
24.7|93.57|1848|391|5.2|5.2|3|8
24.8|93.42|1874|391|5.2|5.2|3|8
24.9|93.37|1884|391|5.2|5.2|3|8
25|93.29|1889|391|5.2|5.2|3|8
25.1|93.22|1894|391|5.2|5.2|3|8
25.2|93.25|1897|391|5.2|5.2|3|8
25.3|93.27|1899|391|5.2|5.2|3|8
25.4|93.31|1899|391|5.2|5.2|3|8
25.5|93.26|1902|391|5.2|5.2|3|8
25.6|93.27|1902|391|5.2|5.2|3|8
25.7|93.27|1905|391|5.2|5.2|3|8
25.8|93.27|1905|391|5.2|5.2|3|8
25.9|93.26|1905|391|5.2|5.2|3|8
26|93.3|1905|392|5.2|5.2|3|8
26.1|93.25|1907|391|5.2|5.2|3|8
26.2|93.26|1907|392|5.2|5.2|3|8
26.3|93.29|1907|392|5.2|5.2|3|8
26.4|93.29|1907|392|5.2|5.2|3|8
26.5|93.23|1907|392|5.2|5.2|3|8
26.6|93.27|1907|392|5.2|5.2|4|8
26.7|93.37|1907|392|5.2|5.2|4|8
26.8|93.69|1884|392|5.2|5.2|4|8
26.9|94.23|1456|392|5.2|5.2|4|8
27|94.57|1106|392|5.2|5.2|5|8
27.1|94.7|1101|392|5.2|5.2|5|8
27.2|94.86|1095|391|5.2|5.2|5|8
27.3|94.92|1095|391|5.2|5.2|5|8
27.4|94.78|1093|391|5.2|5.2|5|8
27.5|94.87|1093|391|5.2|5.2|5|8
27.6|94.84|1093|391|5.2|5.2|5|8
27.7|94.84|1090|391|5.2|5.2|5|8
27.8|94.86|1090|391|5.2|5.2|5|8
27.9|94.84|1090|391|5.2|5.2|5|8
28|94.84|1090|391|5.2|5.2|5|8
28.1|94.86|1090|391|5.2|5.2|5|8
28.2|94.88|1090|391|5.2|5.2|5|8
28.3|94.83|1088|391|5.2|5.2|5|8
28.4|94.84|1088|391|5.2|5.2|5|8
28.5|94.86|1088|391|5.2|5.2|5|8
28.6|94.84|1088|391|5.2|5.2|5|8
28.7|94.83|1088|391|5.2|5.2|5|8
28.8|94.84|1088|391|5.2|5.2|5|8
28.9|94.86|1088|391|5.2|5.2|5|8
29|94.76|1088|392|5.2|5.2|2|8
29.1|94.55|1085|392|5.2|5.2|2|8
29.2|94.13|1090|391|5.2|5.2|2|8
29.3|93.68|1701|392|5.2|5.2|3|8
29.4|93.39|1853|392|5.2|5.2|3|8
29.5|93.14|1876|392|5.2|5.2|3|8
29.6|93.25|1884|392|5.2|5.2|3|8
29.7|93.18|1892|392|5.2|5.2|3|8
29.8|93.09|1897|392|5.2|5.2|3|8
29.9|93.13|1899|392|5.2|5.2|3|8
30|93.13|1902|392|5.2|5.2|3|8
30.1|93.14|1902|392|5.2|5.2|3|8
30.2|93.14|1905|392|5.2|5.2|3|8
30.3|93.11|1905|392|5.2|5.2|3|8
30.4|93.1|1907|392|5.2|5.2|3|8
30.5|93.13|1907|392|5.2|5.2|3|8
30.6|93.13|1907|392|5.2|5.2|3|8
30.7|93.14|1907|392|5.2|5.2|3|8
30.8|93.11|1907|392|5.2|5.2|3|8
30.9|93.11|1910|391|5.2|5.2|3|8
31|93.11|1912|390|5.2|5.2|3|8
31.1|93.13|1912|390|5.2|5.2|3|8
31.2|93.11|1912|390|5.2|5.2|3|8
31.3|93.14|1912|390|5.2|5.2|4|8
31.4|93.18|1912|390|5.2|5.2|4|8
31.5|93.53|1892|390|5.2|5.2|4|8
31.6|94.05|1291|391|5.2|5.2|5|8
31.7|94.4|1103|390|5.2|5.2|5|8
31.8|94.51|1098|390|5.2|5.2|5|8
31.9|94.57|1095|390|5.2|5.2|5|8
32|94.64|1093|390|5.2|5.2|5|8
32.1|94.66|1093|390|5.2|5.2|5|8
32.2|94.64|1093|390|5.2|5.2|5|8
32.3|94.67|1093|390|5.2|5.2|5|8
32.4|94.63|1093|390|5.2|5.2|5|8
32.5|94.59|1090|390|5.2|5.2|5|8
32.6|94.64|1090|390|5.2|5.2|5|8
32.7|94.63|1090|390|5.2|5.2|5|8
32.8|94.64|1090|390|5.2|5.2|5|8
32.9|94.64|1090|390|5.2|5.2|5|8
33|94.64|1090|390|5.2|5.2|5|8
33.1|94.66|1090|390|5.2|5.2|5|8
33.2|94.67|1088|390|5.2|5.2|5|8
33.3|94.67|1088|390|5.2|5.2|5|8
33.4|94.59|1088|390|5.2|5.2|5|8
33.5|94.66|1088|390|5.2|5.2|5|8
33.6|94.72|1088|390|5.2|5.2|2|8
33.7|94.59|1085|390|5.2|5.2|2|8
33.8|94.31|1088|390|5.2|5.2|2|8
33.9|93.88|1090|390|5.2|5.2|2|8
34|93.45|1750|390|5.2|5.2|3|8
34.1|93.19|1874|390|5.2|5.2|3|8
34.2|93.03|1889|390|5.2|5.2|3|8
34.3|92.98|1899|391|5.2|5.2|3|8
34.4|92.87|1905|391|5.2|5.2|3|8
34.5|92.83|1910|391|5.2|5.2|3|8
34.6|92.91|1910|390|5.2|5.2|3|8
34.7|92.86|1915|391|5.2|5.2|3|8
34.8|92.87|1918|391|5.2|5.2|3|8
34.9|92.87|1918|391|5.2|5.2|3|8
35|92.87|1918|391|5.2|5.2|3|8
35.1|92.88|1918|390|5.2|5.2|3|8
35.2|92.88|1918|391|5.2|5.2|3|8
35.3|92.88|1918|391|5.2|5.2|3|8
35.4|92.88|1920|391|5.2|5.2|3|8
35.5|92.88|1920|391|5.2|5.2|3|8
35.6|92.88|1920|390|5.2|5.2|3|8
35.7|92.88|1920|391|5.2|5.2|3|8
35.8|92.88|1920|391|5.2|5.2|3|8
35.9|92.86|1920|391|5.2|5.2|3|8
36|92.88|1920|391|5.2|5.2|4|8
36.1|92.95|1920|391|5.2|5.2|4|8
36.2|93.29|1907|391|5.2|5.2|4|8
36.3|93.82|1188|392|5.2|5.2|2|8
36.4|93.93|1103|392|5.2|5.2|2|8
36.5|93.98|1098|391|5.2|5.2|2|8
36.6|94|1095|391|5.2|5.2|2|8
36.7|93.98|1095|391|5.2|5.2|2|8
36.8|93.96|1095|391|5.2|5.2|2|8
36.9|93.84|1093|391|5.2|5.2|2|8
37|93.84|1093|391|5.2|5.2|2|8
37.1|93.7|1093|391|5.2|5.2|2|8
37.2|93.69|1093|391|5.2|5.2|2|8
37.3|93.58|1093|391|5.2|5.2|2|8
37.4|93.55|1162|391|5.2|5.2|2|8
37.5|93.47|1209|391|5.2|5.2|2|8
37.6|93.42|1353|391|5.2|5.2|2|8
37.7|93.33|1652|392|5.2|5.2|2|8
37.8|93.35|1732|392|5.2|5.2|2|8
37.9|93.49|1724|392|5.2|5.2|2|8
38|93.65|1652|392|5.2|5.2|2|8
38.1|93.88|1113|392|5.2|5.2|2|8
38.2|93.89|1093|392|5.2|5.2|2|8
38.3|93.94|1090|391|5.2|5.2|2|8
38.4|93.96|1090|391|5.2|5.2|2|8
38.5|93.82|1088|391|5.2|5.2|2|8
38.6|93.84|1090|391|5.2|5.2|2|8
38.7|93.7|1088|391|5.2|5.2|2|8
38.8|93.69|1088|391|5.2|5.2|2|8
38.9|93.57|1098|391|5.2|5.2|2|8
39|93.57|1098|391|5.2|5.2|2|8
39.1|93.45|1162|391|5.2|5.2|2|8
39.2|93.42|1121|392|5.2|5.2|2|8
39.3|93.34|1454|392|5.2|5.2|2|8
39.4|93.22|1742|392|5.2|5.2|2|8
39.5|93.37|1750|392|5.2|5.2|2|8
39.6|93.53|1683|392|5.2|5.2|2|8
39.7|93.74|1131|392|5.2|5.2|2|8
39.8|93.82|1090|392|5.2|5.2|2|8
39.9|93.78|1088|392|5.2|5.2|2|8
40|93.72|1088|392|5.2|5.2|2|8
40.1|93.68|1085|392|5.2|5.2|2|8
40.2|93.66|1085|392|5.2|5.2|2|8
40.3|93.54|1090|391|5.2|5.2|2|8
40.4|93.55|1085|392|5.2|5.2|2|8
40.5|93.43|1113|392|5.2|5.2|2|8
40.6|93.43|1155|392|5.2|5.2|2|8
40.7|93.37|1332|392|5.2|5.2|2|8
40.8|93.25|1704|392|5.2|5.2|2|8
40.9|93.3|1747|392|5.2|5.2|2|8
41|93.45|1745|392|5.2|5.2|2|8
41.1|93.57|1598|392|5.2|5.2|2|8
41.2|93.76|1098|392|5.2|5.2|2|8
41.3|93.8|1088|392|5.2|5.2|2|8
41.4|93.86|1088|392|5.2|5.2|2|8
41.5|93.8|1085|392|5.2|5.2|2|8
41.6|93.76|1082|392|5.2|5.2|2|8
41.7|93.66|1082|392|5.2|5.2|2|8
41.8|93.61|1098|392|5.2|5.2|2|8
41.9|93.57|1082|392|5.2|5.2|2|8
42|93.55|1152|392|5.2|5.2|2|8
42.1|93.42|1106|392|5.2|5.2|2|8
42.2|93.41|1124|392|5.2|5.2|2|8
42.3|93.34|1338|392|5.2|5.2|2|8
42.4|93.18|1168|392|5.2|5.2|2|8
42.5|93.15|1098|392|5.2|5.2|2|8
42.6|93.21|1420|392|5.2|5.2|2|8
42.7|93.15|1570|392|5.2|5.2|2|8
42.8|93.09|1204|392|5.2|5.2|2|8
42.9|93.07|1085|392|5.2|5.2|2|8
43|93.09|1082|392|5.2|5.2|2|8
43.1|92.96|1098|392|5.2|5.2|2|8
43.2|93.04|1286|392|5.2|5.2|2|8
43.3|92.91|1263|392|5.2|5.2|2|8
43.4|92.88|1268|393|5.2|5.2|2|8
43.5|92.78|1296|393|5.2|5.2|2|8
43.6|92.68|1327|392|5.2|5.2|2|8
43.7|92.7|1284|392|5.2|5.2|2|8
43.8|92.63|1335|392|5.2|5.2|2|8
43.9|92.52|1366|392|5.2|5.2|2|8
44|92.37|1214|392|5.2|5.2|2|8
44.1|92.43|1214|392|5.2|5.2|2|8
44.2|92.37|1193|392|5.2|5.2|2|8
44.3|92.23|1299|392|5.2|5.2|2|8
44.4|92.19|1209|392|5.2|5.2|2|8
44.5|92.11|1330|392|5.2|5.2|2|8
44.6|92.05|1271|392|5.2|5.2|2|8
44.7|91.96|1265|392|5.2|5.2|2|8
44.8|91.92|1291|392|5.2|5.2|2|8
44.9|91.88|1284|392|5.2|5.2|2|8
45|91.76|1273|392|5.2|5.2|2|8
45.1|91.61|1113|392|5.2|5.2|2|8
45.2|91.58|1178|392|5.2|5.2|2|8
45.3|91.43|1196|392|5.2|5.2|2|8
45.4|91.46|1183|392|5.2|5.2|2|8
45.5|91.39|1309|392|5.2|5.2|2|8
45.6|91.31|1222|392|5.2|5.2|2|8
45.7|91.25|1312|392|5.2|5.2|2|8
45.8|91.05|1245|392|5.2|5.2|2|8
45.9|91.02|1235|392|5.2|5.2|2|8
46|90.95|1170|392|5.2|5.2|2|8
46.1|90.8|1129|392|5.2|5.2|2|8
46.2|90.76|1196|392|5.2|5.2|2|8
46.3|90.63|1232|392|5.2|5.2|2|8
46.4|90.59|1173|392|5.2|5.2|2|8
46.5|90.48|1204|392|5.2|5.2|2|8
46.6|90.41|1191|392|5.2|5.2|2|8
46.7|90.33|1235|392|5.2|5.2|2|8
46.8|90.23|1363|392|5.2|5.2|2|8
46.9|90.12|1255|392|5.2|5.2|2|8
47|89.99|1191|392|5.2|5.2|2|8
47.1|89.9|1317|392|5.2|5.2|2|8
47.2|89.82|1149|392|5.2|5.2|2|8
47.3|89.72|1242|392|5.2|5.2|2|8
47.4|89.6|1235|392|5.2|5.2|2|8
47.5|89.56|1260|392|5.2|5.2|2|8
47.6|89.43|1286|392|5.2|5.2|2|8
47.7|89.27|1214|392|5.2|5.2|2|8
47.8|89.21|1196|392|5.2|5.2|2|8
47.9|89.06|1245|392|5.2|5.2|2|8
48|88.95|1211|393|5.2|5.2|2|8
48.1|88.86|1165|393|5.2|5.2|2|8
48.2|88.75|1152|392|5.2|5.2|2|8
48.3|88.62|1281|393|5.2|5.2|2|8
48.4|88.51|1211|392|5.2|5.2|2|8
48.5|88.36|1245|392|5.2|5.2|2|8
48.6|88.23|1245|392|5.2|5.2|2|8
48.7|88.17|1237|392|5.2|5.2|2|8
48.8|88.07|1206|392|5.2|5.2|2|8
48.9|87.89|1253|392|5.2|5.2|2|8
49|87.77|1338|392|5.2|5.2|2|8
49.1|87.62|1240|392|5.2|5.2|2|8
49.2|87.5|1343|392|5.2|5.2|2|8
49.3|87.35|1299|392|5.2|5.2|2|8
49.4|87.18|1196|392|5.2|5.2|2|8
49.5|87.13|1196|392|5.2|5.2|2|8
49.6|86.98|1361|392|5.2|5.2|2|8
49.7|86.79|1289|392|5.2|5.2|2|8
49.8|86.68|1273|392|5.2|5.2|2|8
49.9|86.55|1265|392|5.2|5.2|2|8
50|86.44|1302|392|5.2|5.2|2|8
50.1|86.27|1211|392|5.2|5.2|2|8
50.2|86.11|1379|392|5.2|5.2|2|8
50.3|85.93|1289|394|5.2|5.2|2|8
50.4|85.84|1268|393|5.2|5.2|2|8
50.5|85.6|1222|394|5.2|5.2|2|8
50.6|85.48|1211|393|5.2|5.2|2|8
50.7|85.27|1198|392|5.2|5.2|2|8
50.8|85.18|1229|392|5.2|5.2|2|8
50.9|85.01|1314|392|5.2|5.2|2|8
51|84.83|1379|392|5.2|5.2|2|8
51.1|84.64|1304|394|5.2|5.2|2|8
51.2|84.46|1423|394|5.2|5.2|2|8
51.3|84.31|1216|393|5.2|5.2|2|8
51.4|84.19|1240|393|5.2|5.2|2|8
51.5|83.97|1302|392|5.2|5.2|2|8
51.6|83.84|1240|393|5.2|5.2|2|8
51.7|83.61|1229|392|5.2|5.2|2|8
51.8|83.45|1376|392|5.2|5.2|2|8
51.9|83.23|1224|393|5.2|5.2|2|8
52|83.09|1351|392|5.2|5.2|2|8
52.1|82.86|1276|392|5.2|5.2|2|8
52.2|82.67|1278|392|5.2|5.2|2|8
52.3|82.5|1307|392|5.2|5.2|2|8
52.4|81.57|1874|392|5.2|5.2|6|8
52.5|79.22|1969|392|5.2|5.2|6|8
52.6|76.48|116|392|5.2|5.2|7|8
52.7|74.03|0|390|5.2|5.2|7|8
52.8|72.77|0|390|5.2|5.2|7|8
52.9|72.23|0|390|5.2|5.2|7|8
53|71.83|0|390|5.2|5.2|7|8
53.1|71.68|0|390|5.2|5.2|7|8
53.2|71.69|0|389|5.2|5.2|7|8
53.3|71.65|0|390|5.2|5.2|7|8
53.4|71.61|0|390|5.2|5.2|7|8
53.5|71.59|0|390|5.2|5.2|7|8
53.6|71.61|0|390|5.2|5.2|7|8
53.7|71.6|0|390|5.2|5.2|7|8
53.8|71.59|0|390|5.2|5.2|7|8
53.9|71.64|0|390|5.2|5.2|7|8
54|71.68|0|390|5.2|5.2|7|8
54.1|71.61|0|390|5.2|5.2|7|8
54.2|71.63|0|390|5.2|5.2|7|8
54.3|71.61|0|389|5.2|5.2|7|8
54.4|71.61|0|389|5.2|5.2|7|8
54.5|71.6|0|389|5.2|5.2|7|8
54.6|71.59|0|389|5.2|5.2|7|8
54.7|71.56|0|389|5.2|5.2|7|8
54.8|71.6|0|390|5.2|5.2|7|8
54.9|71.63|0|389|5.2|5.2|7|8
55|71.61|0|389|5.2|5.2|7|8
55.1|71.6|0|389|5.2|5.2|7|8
55.2|71.6|0|389|5.2|5.2|7|8
55.3|71.53|0|389|5.2|5.2|7|8
55.4|71.57|0|389|5.2|5.2|7|8
55.5|71.57|0|389|5.2|5.2|7|8
55.6|71.6|0|389|5.2|5.2|7|8
55.7|71.63|0|389|5.2|5.2|7|8
55.8|71.61|0|389|5.2|5.2|7|8
55.9|71.61|0|389|5.2|5.2|7|8
56|71.6|0|389|5.2|5.2|7|8
56.1|71.6|0|389|5.2|5.2|7|8
56.2|71.59|0|389|5.2|5.2|7|8
56.3|71.57|0|389|5.2|5.2|7|8
56.4|71.56|0|389|5.2|5.2|7|8
56.5|71.61|0|389|5.2|5.2|7|8
56.6|71.61|0|389|5.2|5.2|7|8
56.7|71.61|0|390|5.2|5.2|7|8
56.8|71.59|0|390|5.2|5.2|7|8
56.9|71.59|0|390|5.2|5.2|7|8
57|71.57|0|389|5.2|5.2|7|8
57.1|71.56|0|389|5.2|5.2|7|8
57.2|71.59|0|389|5.2|5.2|7|8
57.3|71.65|0|390|5.2|5.2|7|8
57.4|71.61|0|390|5.2|5.2|7|8
57.5|71.59|0|390|5.2|5.2|7|8
57.6|71.57|0|390|5.2|5.2|7|8
57.7|71.56|0|390|5.2|5.2|7|8
57.8|71.57|0|390|5.2|5.2|7|8
57.9|71.64|0|390|5.2|5.2|7|8
58|71.61|0|389|5.2|5.2|7|8
58.1|71.59|0|390|5.2|5.2|7|8
58.2|71.59|0|389|5.2|5.2|7|8
58.3|71.56|0|389|5.2|5.2|7|8
58.4|71.56|0|389|5.2|5.2|7|8
58.5|71.59|0|390|5.2|5.2|7|8
58.6|71.63|0|389|5.2|5.2|7|8
58.7|71.6|0|389|5.2|5.2|7|8
58.8|71.57|0|390|5.2|5.2|7|8
58.9|71.57|0|390|5.2|5.2|7|8
59|71.57|0|390|5.2|5.2|7|8
59.1|71.56|0|389|5.2|5.2|7|8
59.2|71.55|0|390|5.2|5.2|7|8
59.3|71.57|0|389|5.2|5.2|7|8
59.4|71.61|0|390|5.2|5.2|7|8
59.5|71.6|0|390|5.2|5.2|7|8
59.6|71.59|0|390|5.2|5.2|7|8
59.7|71.6|0|390|5.2|5.2|7|8
59.8|71.65|0|390|5.2|5.2|7|8
59.9|71.59|0|389|5.2|5.2|7|8
60|71.59|0|390|5.2|5.2|7|8
60.1|71.59|0|389|5.2|5.2|7|8
60.2|71.59|0|390|5.2|5.2|7|8
60.3|71.6|0|389|5.2|5.2|7|8
60.4|71.61|0|390|5.2|5.2|7|8
60.5|71.64|0|389|5.2|5.2|7|8
60.6|71.6|0|390|5.2|5.2|7|8
60.7|71.59|0|389|5.2|5.2|7|8
60.8|71.59|0|390|5.2|5.2|7|8
60.9|71.59|0|390|5.2|5.2|7|8
61|71.57|0|389|5.2|5.2|7|8
61.1|71.59|0|390|5.2|5.2|7|8
61.2|71.55|0|389|5.2|5.2|7|8
61.3|71.56|0|389|5.2|5.2|7|8
61.4|71.56|0|389|5.2|5.2|7|8
61.5|71.56|0|389|5.2|5.2|7|8
61.6|71.55|0|389|5.2|5.2|7|8
61.7|71.53|0|389|5.2|5.2|7|8
61.8|71.56|0|389|5.2|5.2|7|8
61.9|71.57|0|389|5.2|5.2|7|8
62|71.57|0|390|5.2|5.2|7|8
62.1|71.64|0|390|5.2|5.2|7|8
62.2|71.61|0|390|5.2|5.2|7|8
62.3|71.61|0|389|5.2|5.2|7|8
62.4|71.6|0|390|5.2|5.2|7|8
62.5|71.6|0|390|5.2|5.2|7|8
62.6|71.6|0|390|5.2|5.2|7|8
62.7|71.57|0|390|5.2|5.2|7|8
62.8|71.55|0|390|5.2|5.2|7|8
62.9|71.55|0|391|5.2|5.2|7|8
63|71.52|0|392|5.2|5.2|7|8
63.1|71.57|0|392|5.2|5.2|7|8
63.2|71.59|0|392|5.2|5.2|7|8
63.3|71.6|0|392|5.2|5.2|7|8
63.4|71.6|0|392|5.2|5.2|7|8
63.5|71.6|0|392|5.2|5.2|7|8
63.6|71.6|0|392|5.2|5.2|7|8
63.7|71.56|0|392|5.2|5.2|7|8
63.8|71.57|0|392|5.2|5.2|7|8
63.9|71.53|0|392|5.2|5.2|7|8
64|71.52|0|392|5.2|5.2|7|8
64.1|71.56|0|392|5.2|5.2|7|8
64.2|71.56|0|392|5.2|5.2|7|8
64.3|71.57|0|392|5.2|5.2|7|8
64.4|71.6|0|392|5.2|5.2|7|8
64.5|71.61|0|392|5.2|5.2|7|8
64.6|71.57|0|392|5.2|5.2|7|8
64.7|71.57|0|392|5.2|5.2|7|8
64.8|71.57|0|392|5.2|5.2|7|8
64.9|71.56|0|392|5.2|5.2|7|8
65|71.53|0|392|5.2|5.2|7|8
65.1|71.53|0|392|5.2|5.2|7|8
65.2|71.56|0|392|5.2|5.2|7|8
65.3|71.56|0|392|5.2|5.2|7|8
65.4|71.56|0|392|5.2|5.2|7|8
65.5|71.56|0|392|5.2|5.2|7|8
65.6|71.57|0|392|5.2|5.2|8|8
65.7|71.6|0|392|5.1|5.1|8|8
65.8|71.44|0|392|5.2|5.2|8|8
65.9|71.52|0|392|5.2|5.2|8|8
66|71.48|0|392|5.2|5.2|8|8
66.1|71.51|0|392|5.2|5.2|8|8
66.2|71.6|0|392|5.2|5.2|8|8
66.3|71.44|0|392|5.2|5.2|8|8
66.4|71.48|0|392|5.2|5.2|8|8
66.5|71.47|0|392|5.2|5.2|8|8
66.6|71.55|0|392|5.2|5.2|8|8
66.7|71.56|0|392|5.2|5.2|8|8
66.8|71.45|0|392|5.1|5.1|8|8
66.9|71.49|0|392|5.1|5.1|8|8
67|71.45|0|392|5.2|5.2|8|8
67.1|71.53|0|392|5.1|5.1|8|8
67.2|71.55|0|392|5.1|5.1|8|8
67.3|71.51|0|392|5.1|5.1|8|8
67.4|71.51|0|392|5.1|5.1|8|8
67.5|71.48|0|392|5.1|5.1|8|8
67.6|71.55|0|392|5.1|5.1|8|8
67.7|73.95|0|392|5.1|5.1|8|8
67.8|77.01|0|392|5.1|5.1|8|8
67.9|80.07|0|392|5.1|5.1|8|8
68|83.07|0|392|5.1|5.1|8|8
68.1|86.05|0|392|5.1|5.1|8|8
68.2|88.94|0|392|5.1|5.1|8|8
68.3|92|0|392|5.1|5.1|8|8
68.4|94.37|0|392|5.1|5.1|8|8
68.5|95.38|0|392|5.1|5.1|8|8
68.6|95.82|0|392|5.1|5.1|8|8
