0|96.1|1216|471|4.4|4.4|1|8
0.1|96.06|1559|470|4.4|4.4|1|8
0.2|96.04|1585|470|4.4|4.4|1|8
0.3|96.05|1314|470|4.4|4.4|1|8
0.4|96.02|1015|471|4.4|4.4|1|8
0.5|96.04|1031|472|4.4|4.4|2|8
0.6|95.73|1085|472|4.4|4.4|2|8
0.7|95.33|1173|470|4.4|4.4|2|8
0.8|94.87|1515|471|4.4|4.4|2|8
0.9|94.52|1711|470|4.4|4.4|3|8
1|94.37|1735|470|4.4|4.4|3|8
1.1|94.25|1747|470|4.4|4.4|3|8
1.2|94.12|1755|470|4.4|4.4|3|8
1.3|94.19|1758|470|4.4|4.4|3|8
1.4|94.15|1760|470|4.4|4.4|3|8
1.5|94.16|1768|470|4.4|4.4|3|8
1.6|94.15|1771|470|4.4|4.4|3|8
1.7|94.15|1778|470|4.4|4.4|3|8
1.8|94.15|1784|470|4.4|4.4|3|8
1.9|94.16|1786|470|4.4|4.4|3|8
2|94.13|1789|470|4.4|4.4|3|8
2.1|94.15|1791|470|4.4|4.4|3|8
2.2|94.15|1794|470|4.4|4.4|3|8
2.3|94.15|1796|470|4.4|4.4|3|8
2.4|94.15|1796|470|4.4|4.4|3|8
2.5|94.13|1802|470|4.4|4.4|3|8
2.6|94.15|1802|470|4.4|4.4|3|8
2.7|94.13|1804|470|4.4|4.4|3|8
2.8|94.15|1807|470|4.4|4.4|3|8
2.9|94.2|1807|470|4.4|4.4|4|8
3|94.41|1804|470|4.4|4.4|4|8
3.1|94.84|1773|470|4.4|4.4|4|8
3.2|95.38|1124|471|4.4|4.4|5|8
3.3|95.7|1028|472|4.4|4.4|5|8
3.4|95.86|1023|472|4.4|4.4|5|8
3.5|95.89|1021|472|4.4|4.4|5|8
3.6|95.96|1018|472|4.4|4.4|5|8
3.7|96|1018|472|4.4|4.4|5|8
3.8|95.93|1018|472|4.4|4.4|5|8
3.9|95.93|1015|472|4.4|4.4|5|8
4|95.9|1015|472|4.4|4.4|5|8
4.1|95.94|1013|472|4.4|4.4|5|8
4.2|95.98|1013|472|4.4|4.4|5|8
4.3|95.94|1015|472|4.4|4.4|5|8
4.4|95.93|1015|472|4.4|4.4|5|8
4.5|95.86|1015|472|4.4|4.4|5|8
4.6|95.97|1015|472|4.4|4.4|5|8
4.7|95.97|1013|472|4.4|4.4|5|8
4.8|95.93|1015|472|4.4|4.4|5|8
4.9|95.88|1013|472|4.4|4.4|5|8
5|95.96|1013|472|4.4|4.4|5|8
5.1|95.96|1015|472|4.4|4.4|5|8
5.2|95.92|1013|472|4.4|4.4|2|8
5.3|95.85|1013|472|4.4|4.4|2|8
5.4|95.5|1013|472|4.4|4.4|2|8
5.5|95.1|1023|472|4.4|4.4|2|8
5.6|94.66|1309|472|4.4|4.4|2|8
5.7|94.27|1737|470|4.4|4.4|3|8
5.8|93.98|1781|470|4.4|4.4|3|8
5.9|93.84|1802|470|4.4|4.4|3|8
6|93.78|1814|470|4.4|4.4|3|8
6.1|93.84|1822|471|4.4|4.4|3|8
6.2|93.72|1830|471|4.4|4.4|3|8
6.3|93.8|1835|470|4.4|4.4|3|8
6.4|93.7|1840|470|4.4|4.4|3|8
6.5|93.74|1843|470|4.4|4.4|3|8
6.6|93.8|1845|470|4.4|4.4|3|8
6.7|93.74|1848|470|4.4|4.4|3|8
6.8|93.72|1851|470|4.4|4.4|3|8
6.9|93.8|1851|470|4.4|4.4|3|8
7|93.77|1851|471|4.4|4.4|3|8
7.1|93.72|1853|471|4.4|4.4|3|8
7.2|93.77|1853|471|4.4|4.4|3|8
7.3|93.77|1858|471|4.4|4.4|3|8
7.4|93.73|1856|471|4.4|4.4|3|8
7.5|93.77|1858|471|4.4|4.4|3|8
7.6|93.7|1861|471|4.4|4.4|3|8
7.7|93.8|1861|471|4.4|4.4|4|8
7.8|93.88|1858|471|4.4|4.4|4|8
7.9|94.32|1822|472|4.4|4.4|4|8
8|94.84|1693|472|4.4|4.4|4|8
8.1|95.3|1052|473|4.4|4.4|5|8
8.2|95.55|1034|473|4.4|4.4|5|8
8.3|95.59|1028|473|4.4|4.4|5|8
8.4|95.68|1028|473|4.4|4.4|5|8
8.5|95.7|1026|473|4.4|4.4|5|8
8.6|95.69|1026|473|4.4|4.4|5|8
8.7|95.63|1026|473|4.4|4.4|5|8
8.8|95.68|1023|473|4.4|4.4|5|8
8.9|95.68|1023|473|4.4|4.4|5|8
9|95.7|1023|473|4.4|4.4|5|8
9.1|95.66|1023|473|4.4|4.4|5|8
9.2|95.66|1023|473|4.4|4.4|5|8
9.3|95.66|1023|473|4.4|4.4|5|8
9.4|95.66|1023|473|4.4|4.4|5|8
9.5|95.69|1023|473|4.4|4.4|5|8
9.6|95.73|1023|473|4.4|4.4|5|8
9.7|95.68|1023|473|4.4|4.4|5|8
9.8|95.61|1023|474|4.4|4.4|5|8
9.9|95.66|1023|474|4.4|4.4|5|8
10|95.66|1023|473|4.4|4.4|5|8
10.1|95.74|1023|473|4.4|4.4|2|8
10.2|95.49|1023|473|4.4|4.4|2|8
10.3|95.12|1023|473|4.4|4.4|2|8
10.4|94.7|1101|473|4.4|4.4|2|8
10.5|94.19|1374|474|4.4|4.4|2|8
10.6|93.8|1784|468|4.4|4.4|3|8
10.7|93.57|1830|455|4.4|4.4|3|8
10.8|93.41|1845|451|4.4|4.4|3|8
10.9|93.41|1858|450|4.4|4.4|3|8
11|93.34|1863|448|4.4|4.4|3|8
11.1|93.33|1871|448|4.4|4.4|3|8
11.2|93.37|1876|448|4.4|4.4|3|8
11.3|93.35|1881|449|4.4|4.4|3|8
11.4|93.35|1884|448|4.4|4.4|3|8
11.5|93.35|1889|449|4.4|4.4|3|8
11.6|93.37|1894|447|4.4|4.4|3|8
11.7|93.34|1899|439|4.4|4.4|3|8
11.8|93.34|1899|437|4.4|4.4|3|8
11.9|93.35|1902|436|4.4|4.4|3|8
12|93.35|1905|436|4.4|4.4|3|8
12.1|93.34|1902|436|4.4|4.4|3|8
12.2|93.34|1905|436|4.4|4.4|3|8
12.3|93.34|1907|436|4.4|4.4|3|8
12.4|93.34|1910|436|4.4|4.4|3|8
12.5|93.35|1910|436|4.4|4.4|3|8
12.6|93.35|1910|436|4.4|4.4|4|8
12.7|93.57|1905|436|4.4|4.4|4|8
12.8|93.97|1851|436|4.4|4.4|4|8
12.9|94.51|1188|434|4.4|4.4|5|8
13|94.88|1057|431|4.4|4.4|5|8
13.1|94.96|1054|430|4.4|4.4|5|8
13.2|95.12|1052|430|4.4|4.4|5|8
13.3|95.03|1052|430|4.4|4.4|5|8
13.4|95.12|1052|430|4.4|4.4|5|8
13.5|95|1049|430|4.4|4.4|5|8
13.6|95.1|1049|430|4.4|4.4|5|8
13.7|95.06|1049|430|4.4|4.4|5|8
13.8|95.1|1049|430|4.4|4.4|5|8
13.9|95.1|1049|430|4.4|4.4|5|8
14|95.08|1049|430|4.4|4.4|5|8
14.1|95.07|1046|430|4.4|4.4|5|8
14.2|95.06|1046|430|4.4|4.4|5|8
14.3|95.08|1046|430|4.4|4.4|5|8
14.4|95.1|1046|430|4.4|4.4|5|8
14.5|95.17|1046|430|4.4|4.4|5|8
14.6|94.99|1046|430|4.4|4.4|5|8
14.7|95.07|1046|430|4.4|4.4|5|8
14.8|95.07|1046|430|4.4|4.4|5|8
14.9|95.07|1046|430|4.4|4.4|2|8
15|94.99|1046|430|4.4|4.4|2|8
15.1|94.72|1046|430|4.4|4.4|2|8
15.2|94.32|1049|430|4.4|4.4|2|8
15.3|93.84|1490|430|4.4|4.4|2|8
15.4|93.45|1827|432|4.4|4.4|3|8
15.5|93.19|1861|434|4.4|4.4|3|8
15.6|93.18|1876|434|4.4|4.4|3|8
15.7|93.17|1884|434|4.4|4.4|3|8
15.8|93.13|1892|435|4.4|4.4|3|8
15.9|93.09|1897|434|4.4|4.4|3|8
16|93.1|1902|434|4.4|4.4|3|8
16.1|93.1|1910|434|4.4|4.4|3|8
16.2|93.1|1912|434|4.4|4.4|3|8
16.3|93.1|1915|435|4.4|4.4|3|8
16.4|93.1|1920|435|4.4|4.4|3|8
16.5|93.1|1920|434|4.4|4.4|3|8
16.6|93.1|1920|434|4.4|4.4|3|8
16.7|93.11|1923|434|4.4|4.4|3|8
16.8|93.09|1925|434|4.4|4.4|3|8
16.9|93.1|1925|434|4.4|4.4|3|8
17|93.11|1925|434|4.4|4.4|3|8
17.1|93.09|1928|434|4.4|4.4|3|8
17.2|93.13|1928|434|4.4|4.4|3|8
17.3|93.13|1933|434|4.4|4.4|3|8
17.4|93.14|1928|434|4.4|4.4|4|8
17.5|93.39|1918|434|4.4|4.4|4|8
17.6|93.88|1397|434|4.4|4.4|4|8
17.7|94.33|1070|430|4.4|4.4|5|8
17.8|94.44|1062|429|4.4|4.4|5|8
17.9|94.47|1062|428|4.4|4.4|5|8
18|94.45|1059|428|4.4|4.4|5|8
18.1|94.53|1059|428|4.4|4.4|5|8
18.2|94.52|1057|428|4.4|4.4|5|8
18.3|94.53|1057|428|4.4|4.4|5|8
18.4|94.55|1057|428|4.4|4.4|5|8
18.5|94.57|1057|427|4.4|4.4|5|8
18.6|94.49|1057|428|4.4|4.4|5|8
18.7|94.52|1054|428|4.4|4.4|5|8
18.8|94.51|1054|427|4.4|4.4|5|8
18.9|94.53|1054|427|4.4|4.4|5|8
19|94.53|1054|427|4.4|4.4|5|8
19.1|94.53|1054|427|4.4|4.4|5|8
19.2|94.53|1052|427|4.4|4.4|5|8
19.3|94.53|1052|427|4.4|4.4|5|8
19.4|94.53|1052|427|4.4|4.4|5|8
19.5|94.53|1052|426|4.4|4.4|5|8
19.6|94.53|1052|426|4.4|4.4|5|8
19.7|94.55|1052|426|4.4|4.4|2|8
19.8|94.29|1052|426|4.4|4.4|2|8
19.9|93.85|1062|426|4.4|4.4|2|8
20|93.38|1776|428|4.4|4.4|3|8
20.1|93.11|1866|430|4.4|4.4|3|8
20.2|93.04|1889|430|4.4|4.4|3|8
20.3|92.96|1902|431|4.4|4.4|3|8
20.4|92.87|1907|432|4.4|4.4|3|8
20.5|92.87|1915|432|4.4|4.4|3|8
20.6|92.91|1928|427|4.4|4.4|3|8
20.7|92.88|1941|418|4.4|4.4|3|8
20.8|92.94|1946|414|4.4|4.4|3|8
20.9|92.9|1951|413|4.4|4.4|3|8
21|92.91|1951|413|4.4|4.4|3|8
21.1|92.92|1951|412|4.4|4.4|3|8
21.2|92.87|1959|413|4.4|4.4|3|8
21.3|92.94|1954|413|4.4|4.4|3|8
21.4|92.87|1954|413|4.4|4.4|3|8
21.5|92.91|1956|413|4.4|4.4|3|8
21.6|92.91|1959|412|4.4|4.4|3|8
21.7|92.9|1961|409|4.4|4.4|3|8
21.8|92.92|1961|408|4.4|4.4|3|8
21.9|92.88|1966|408|4.4|4.4|3|8
22|92.91|1964|408|4.4|4.4|4|8
22.1|93.03|1964|408|4.4|4.4|4|8
22.2|93.43|1907|408|4.4|4.4|4|8
22.3|93.89|1155|408|4.4|4.4|5|8
22.4|94.21|1075|406|4.4|4.4|5|8
22.5|94.35|1070|405|4.4|4.4|5|8
22.6|94.39|1070|405|4.4|4.4|5|8
22.7|94.39|1067|405|4.4|4.4|5|8
22.8|94.37|1067|405|4.4|4.4|5|8
22.9|94.37|1067|405|4.4|4.4|5|8
23|94.39|1070|405|4.4|4.4|5|8
23.1|94.43|1067|405|4.4|4.4|5|8
23.2|94.37|1064|405|4.4|4.4|5|8
23.3|94.37|1064|405|4.4|4.4|5|8
23.4|94.4|1062|405|4.4|4.4|5|8
23.5|94.43|1062|405|4.4|4.4|5|8
23.6|94.32|1062|405|4.4|4.4|5|8
23.7|94.39|1062|405|4.4|4.4|5|8
23.8|94.37|1059|405|4.4|4.4|5|8
23.9|94.4|1059|405|4.4|4.4|5|8
24|94.41|1059|404|4.4|4.4|5|8
24.1|94.39|1062|405|4.4|4.4|5|8
24.2|94.35|1059|405|4.4|4.4|5|8
24.3|94.37|1059|405|4.4|4.4|2|8
24.4|94.25|1059|405|4.4|4.4|2|8
24.5|93.89|1057|405|4.4|4.4|2|8
24.6|93.45|1299|405|4.4|4.4|2|8
24.7|93.07|1851|408|4.4|4.4|3|8
24.8|92.87|1902|408|4.4|4.4|3|8
24.9|92.8|1915|408|4.4|4.4|3|8
25|92.67|1928|409|4.4|4.4|3|8
25.1|92.64|1936|409|4.4|4.4|3|8
25.2|92.71|1941|409|4.4|4.4|3|8
25.3|92.62|1946|409|4.4|4.4|3|8
25.4|92.63|1951|409|4.4|4.4|3|8
25.5|92.66|1956|409|4.4|4.4|3|8
25.6|92.7|1959|409|4.4|4.4|3|8
25.7|92.68|1959|409|4.4|4.4|3|8
25.8|92.67|1961|409|4.4|4.4|3|8
25.9|92.74|1964|409|4.4|4.4|3|8
26|92.62|1966|409|4.4|4.4|3|8
26.1|92.68|1966|409|4.4|4.4|3|8
26.2|92.64|1966|409|4.4|4.4|3|8
26.3|92.66|1966|409|4.4|4.4|3|8
26.4|92.67|1966|409|4.4|4.4|3|8
26.5|92.63|1969|409|4.4|4.4|3|8
26.6|92.64|1966|410|4.4|4.4|3|8
26.7|92.64|1966|410|4.4|4.4|4|8
26.8|92.83|1966|410|4.4|4.4|4|8
26.9|93.27|1786|410|4.4|4.4|4|8
27|93.78|1090|408|4.4|4.4|5|8
27.1|93.88|1075|408|4.4|4.4|5|8
27.2|93.93|1070|408|4.4|4.4|5|8
27.3|94|1070|407|4.4|4.4|5|8
27.4|94.04|1067|407|4.4|4.4|5|8
27.5|94.06|1067|407|4.4|4.4|5|8
27.6|94.01|1067|407|4.4|4.4|5|8
27.7|94.04|1067|407|4.4|4.4|5|8
27.8|94.05|1067|407|4.4|4.4|5|8
27.9|94|1064|407|4.4|4.4|5|8
28|94.04|1064|407|4.4|4.4|5|8
28.1|94.02|1064|407|4.4|4.4|5|8
28.2|94.01|1064|407|4.4|4.4|5|8
28.3|94.06|1062|407|4.4|4.4|5|8
28.4|94.02|1062|407|4.4|4.4|5|8
28.5|94|1062|407|4.4|4.4|5|8
28.6|94.05|1062|407|4.4|4.4|5|8
28.7|94.06|1062|407|4.4|4.4|5|8
28.8|94|1062|407|4.4|4.4|5|8
28.9|94.05|1062|407|4.4|4.4|5|8
29|94.04|1059|407|4.4|4.4|2|8
29.1|93.86|1059|407|4.4|4.4|2|8
29.2|93.39|1062|407|4.4|4.4|2|8
29.3|92.96|1758|408|4.4|4.4|3|8
29.4|92.68|1889|409|4.4|4.4|3|8
29.5|92.62|1912|410|4.4|4.4|3|8
29.6|92.47|1928|411|4.4|4.5|3|8
29.7|92.37|1936|411|4.4|4.4|3|8
29.8|92.43|1941|411|4.4|4.4|3|8
29.9|92.41|1946|411|4.4|4.4|3|8
30|92.4|1951|411|4.4|4.5|3|8
30.1|92.37|1956|411|4.4|4.5|3|8
30.2|92.4|1961|411|4.4|4.4|3|8
30.3|92.43|1964|411|4.4|4.5|3|8
30.4|92.4|1969|411|4.4|4.4|3|8
30.5|92.4|1966|411|4.4|4.4|3|8
30.6|92.41|1969|411|4.4|4.4|3|8
30.7|92.41|1969|411|4.4|4.5|3|8
30.8|92.39|1969|412|4.4|4.5|3|8
30.9|92.39|1972|412|4.4|4.4|3|8
31|92.4|1969|411|4.4|4.5|3|8
31.1|92.41|1972|412|4.4|4.5|3|8
31.2|92.4|1972|412|4.4|4.5|3|8
31.3|92.39|1972|412|4.4|4.5|4|8
31.4|92.56|1969|412|4.5|4.4|4|8
31.5|92.8|1948|412|4.4|4.5|4|8
31.6|93.31|1222|411|4.5|4.5|5|8
31.7|93.72|1077|407|4.5|4.5|5|8
31.8|93.88|1072|405|4.5|4.5|5|8
31.9|93.78|1070|405|4.5|4.5|5|8
32|93.82|1070|404|4.5|4.5|5|8
32.1|93.88|1067|404|4.5|4.5|5|8
32.2|93.89|1067|404|4.5|4.5|5|8
32.3|93.93|1067|404|4.5|4.5|5|8
32.4|93.86|1064|404|4.5|4.5|5|8
32.5|93.88|1064|404|4.5|4.5|5|8
32.6|93.9|1064|404|4.5|4.5|5|8
32.7|93.86|1064|404|4.5|4.5|5|8
32.8|93.85|1064|404|4.5|4.5|5|8
32.9|93.9|1064|404|4.5|4.5|5|8
33|93.9|1064|404|4.5|4.5|5|8
33.1|93.82|1062|404|4.5|4.5|5|8
33.2|93.86|1062|404|4.5|4.5|5|8
33.3|93.84|1062|404|4.5|4.5|5|8
33.4|93.89|1062|404|4.5|4.5|5|8
33.5|93.9|1062|404|4.5|4.5|5|8
33.6|93.94|1062|404|4.5|4.5|2|8
33.7|93.86|1062|404|4.5|4.5|2|8
33.8|93.46|1059|404|4.5|4.5|2|8
33.9|93.06|1235|404|4.5|4.5|2|8
34|92.7|1851|406|4.5|4.5|3|8
34.1|92.41|1899|407|4.5|4.5|3|8
34.2|92.37|1923|408|4.5|4.5|3|8
34.3|92.37|1928|408|4.5|4.5|3|8
34.4|92.27|1936|408|4.5|4.5|3|8
34.5|92.25|1943|408|4.5|4.5|3|8
34.6|92.27|1951|408|4.5|4.5|3|8
34.7|92.2|1959|408|4.5|4.5|3|8
34.8|92.23|1961|408|4.5|4.5|3|8
34.9|92.24|1964|408|4.5|4.5|3|8
35|92.24|1966|408|4.5|4.5|3|8
35.1|92.25|1969|408|4.5|4.5|3|8
35.2|92.27|1972|408|4.5|4.5|3|8
35.3|92.28|1972|408|4.5|4.5|3|8
35.4|92.25|1972|408|4.5|4.5|3|8
35.5|92.23|1974|408|4.5|4.5|3|8
35.6|92.24|1974|408|4.5|4.5|3|8
35.7|92.27|1974|408|4.5|4.5|3|8
35.8|92.25|1974|408|4.5|4.5|3|8
35.9|92.23|1977|408|4.5|4.5|3|8
36|92.31|1977|408|4.5|4.5|4|8
36.1|92.48|1974|408|4.5|4.5|4|8
36.2|92.87|1887|409|4.5|4.5|4|8
36.3|93.3|1095|408|4.5|4.5|2|8
36.4|93.39|1075|407|4.5|4.5|2|8
36.5|93.41|1070|407|4.5|4.5|2|8
36.6|93.46|1070|406|4.5|4.5|2|8
36.7|93.37|1067|406|4.5|4.5|2|8
36.8|93.22|1067|406|4.5|4.5|2|8
36.9|93.18|1067|405|4.5|4.5|2|8
37|93.17|1064|405|4.5|4.5|2|8
37.1|93.26|1064|405|4.5|4.5|2|8
37.2|93.04|1062|405|4.5|4.5|2|8
37.3|93.04|1070|406|4.5|4.5|2|8
37.4|92.98|1108|407|4.5|4.5|2|8
37.5|92.92|1082|407|4.5|4.5|2|8
37.6|92.84|1222|408|4.5|4.5|2|8
37.7|92.82|1108|407|4.5|4.5|2|8
37.8|92.67|1124|407|4.5|4.5|2|8
37.9|92.66|1660|407|4.5|4.5|2|8
38|92.64|1802|408|4.5|4.5|2|8
38.1|92.71|1807|408|4.5|4.5|2|8
38.2|92.92|1724|409|4.5|4.5|2|8
38.3|93.13|1093|408|4.5|4.5|2|8
38.4|93.15|1064|407|4.5|4.5|2|8
38.5|93.15|1064|407|4.5|4.5|2|8
38.6|93.26|1064|407|4.5|4.5|2|8
38.7|93.1|1062|406|4.5|4.5|2|8
38.8|93.02|1059|406|4.5|4.5|2|8
38.9|93.06|1059|406|4.5|4.5|2|8
39|92.91|1139|407|4.5|4.5|2|8
39.1|92.86|1106|407|4.5|4.5|2|8
39.2|92.8|1126|407|4.5|4.5|2|8
39.3|92.72|1211|408|4.5|4.5|2|8
39.4|92.71|1229|408|4.5|4.5|2|8
39.5|92.68|1562|410|4.5|4.5|2|8
39.6|92.62|1644|410|4.5|4.5|2|8
39.7|92.74|1425|411|4.5|4.5|2|8
39.8|92.9|1064|408|4.5|4.5|2|8
39.9|92.92|1059|408|4.5|4.5|2|8
40|92.98|1059|407|4.5|4.5|2|8
40.1|92.91|1057|407|4.5|4.5|2|8
40.2|92.83|1067|407|4.5|4.5|2|8
40.3|92.82|1057|407|4.5|4.5|2|8
40.4|92.66|1057|407|4.5|4.5|2|8
40.5|92.66|1057|407|4.5|4.5|2|8
40.6|92.62|1456|407|4.5|4.5|2|8
40.7|92.55|1742|408|4.5|4.5|2|8
40.8|92.62|1745|409|4.5|4.5|2|8
40.9|92.79|1201|410|4.5|4.5|2|8
41|92.88|1064|408|4.5|4.5|2|8
41.1|92.91|1057|408|4.5|4.5|2|8
41.2|92.98|1057|407|4.5|4.5|2|8
41.3|92.9|1057|407|4.5|4.5|2|8
41.4|92.79|1057|407|4.5|4.5|2|8
41.5|92.76|1057|407|4.5|4.5|2|8
41.6|92.68|1057|404|4.5|4.5|2|8
41.7|92.68|1075|401|4.5|4.5|2|8
41.8|92.64|1106|400|4.5|4.5|2|8
41.9|92.52|1410|402|4.5|4.5|2|8
42|92.36|1265|402|4.5|4.5|2|8
42.1|92.37|1059|401|4.5|4.5|2|8
42.2|92.35|1240|401|4.5|4.5|2|8
42.3|92.37|1294|401|4.5|4.5|2|8
42.4|92.13|1201|401|4.5|4.5|2|8
42.5|92.17|1157|400|4.5|4.5|2|8
42.6|92.05|1157|401|4.5|4.5|2|8
42.7|92.02|1131|401|4.5|4.5|2|8
42.8|91.93|1168|401|4.5|4.5|2|8
42.9|91.93|1183|400|4.5|4.5|2|8
43|91.78|1247|401|4.5|4.5|2|8
43.1|91.76|1106|401|4.5|4.5|2|8
43.2|91.61|1242|401|4.5|4.5|2|8
43.3|91.58|1119|402|4.5|4.5|2|8
43.4|91.51|1196|401|4.5|4.5|2|8
43.5|91.47|1180|401|4.5|4.5|2|8
43.6|91.38|1237|401|4.5|4.5|2|8
43.7|91.31|1206|402|4.5|4.5|2|8
43.8|91.23|1180|401|4.5|4.5|2|8
43.9|91.06|1317|402|4.5|4.5|2|8
44|91.05|1129|400|4.5|4.5|2|8
44.1|90.95|1165|400|4.5|4.5|2|8
44.2|90.94|1124|401|4.5|4.5|2|8
44.3|90.79|1119|400|4.5|4.5|2|8
44.4|90.72|1214|400|4.5|4.5|2|8
44.5|90.64|1101|400|4.5|4.5|2|8
44.6|90.59|1090|400|4.5|4.5|2|8
44.7|90.45|1237|400|4.5|4.5|2|8
44.8|90.36|1126|401|4.5|4.5|2|8
44.9|90.33|1131|400|4.5|4.5|2|8
45|90.2|1126|400|4.5|4.5|2|8
45.1|90.12|1170|401|4.5|4.5|2|8
45.2|90|1201|401|4.5|4.5|2|8
45.3|89.93|1168|401|4.5|4.5|2|8
45.4|89.84|1229|402|4.5|4.5|2|8
45.5|89.72|1149|401|4.5|4.5|2|8
45.6|89.65|1260|400|4.5|4.5|2|8
45.7|89.54|1211|401|4.5|4.5|2|8
45.8|89.43|1433|401|4.5|4.5|2|8
45.9|89.33|1289|401|4.5|4.5|2|8
46|89.18|1098|401|4.5|4.5|2|8
46.1|89.15|1090|400|4.5|4.5|2|8
46.2|89.01|1201|401|4.5|4.5|2|8
46.3|88.84|1134|401|4.5|4.5|2|8
46.4|88.84|1335|401|4.5|4.5|2|8
46.5|88.75|1119|401|4.5|4.5|2|8
46.6|88.58|1165|401|4.5|4.5|2|8
46.7|88.52|1242|402|4.5|4.5|2|8
46.8|88.36|1155|401|4.5|4.5|2|8
46.9|88.24|1124|400|4.5|4.5|2|8
47|88.12|1235|402|4.5|4.5|2|8
47.1|88.07|1235|402|4.5|4.5|2|8
47.2|87.88|1289|402|4.5|4.5|2|8
47.3|87.74|1209|402|4.5|4.5|2|8
47.4|87.64|1196|401|4.5|4.5|2|8
47.5|87.6|1175|401|4.5|4.5|2|8
47.6|87.41|1116|400|4.5|4.5|2|8
47.7|87.25|1137|400|4.5|4.5|2|8
47.8|87.15|1139|400|4.5|4.5|2|8
47.9|87.03|1080|400|4.5|4.5|2|8
48|86.9|1175|400|4.5|4.5|2|8
48.1|86.76|1178|401|4.5|4.5|2|8
48.2|86.62|1286|400|4.5|4.5|2|8
48.3|86.43|1183|400|4.5|4.5|2|8
48.4|86.31|1253|401|4.5|4.5|2|8
48.5|86.21|1178|401|4.5|4.5|2|8
48.6|86.07|1291|401|4.5|4.5|2|8
48.7|85.88|1183|401|4.5|4.5|2|8
48.8|85.76|1265|401|4.5|4.5|2|8
48.9|85.56|1131|401|4.5|4.5|2|8
49|85.49|1214|400|4.5|4.5|2|8
49.1|85.27|1168|401|4.5|4.5|2|8
49.2|85.18|1224|400|4.5|4.5|2|8
49.3|85.01|1209|401|4.5|4.5|2|8
49.4|84.85|1211|402|4.5|4.5|2|8
49.5|84.68|1219|400|4.5|4.5|2|8
49.6|84.47|1206|401|4.5|4.5|2|8
49.7|84.39|1242|401|4.5|4.5|2|8
49.8|84.19|1216|400|4.5|4.5|2|8
49.9|84.08|1268|401|4.5|4.5|2|8
50|83.88|1155|402|4.5|4.5|2|8
50.1|83.65|1454|402|4.5|4.5|2|8
50.2|83.53|1209|402|4.5|4.5|2|8
50.3|83.36|1389|404|4.5|4.5|2|8
50.4|83.13|1183|402|4.5|4.5|2|8
50.5|82.97|1327|402|4.5|4.5|2|8
50.6|82.79|1157|402|4.5|4.5|2|8
50.7|82.62|1196|402|4.5|4.5|2|8
50.8|82.43|1204|401|4.5|4.5|2|8
50.9|82.21|1263|401|4.5|4.5|2|8
51|82.07|1387|402|4.5|4.5|2|8
51.1|81.83|1340|402|4.5|4.5|6|8
51.2|80.7|1832|401|4.5|4.5|6|8
51.3|78.15|1987|402|4.5|4.5|6|8
51.4|75.3|108|400|4.5|4.5|7|8
51.5|72.91|0|396|4.5|4.5|7|8
51.6|71.75|0|395|4.5|4.5|7|8
51.7|71.33|0|394|4.5|4.5|7|8
51.8|71.1|0|394|4.5|4.5|7|8
51.9|71.04|0|394|4.5|4.5|7|8
52|71.04|0|394|4.5|4.5|7|8
52.1|70.96|0|394|4.5|4.5|7|8
52.2|70.96|0|394|4.5|4.5|7|8
52.3|70.94|0|394|4.5|4.5|7|8
52.4|70.94|0|394|4.5|4.5|7|8
52.5|70.94|0|394|4.5|4.5|7|8
52.6|70.94|0|393|4.5|4.5|7|8
52.7|70.94|0|393|4.5|4.5|7|8
52.8|70.96|0|393|4.5|4.5|7|8
52.9|70.96|0|393|4.5|4.5|7|8
53|71.02|0|393|4.5|4.5|7|8
53.1|70.97|0|393|4.5|4.5|7|8
53.2|70.96|0|393|4.5|4.5|7|8
53.3|70.94|0|393|4.5|4.5|7|8
53.4|70.96|0|393|4.5|4.5|7|8
53.5|70.96|0|393|4.5|4.5|7|8
53.6|70.96|0|393|4.5|4.5|7|8
53.7|70.94|0|393|4.5|4.5|7|8
53.8|70.94|0|393|4.5|4.5|7|8
53.9|70.94|0|393|4.5|4.5|7|8
54|70.94|0|393|4.5|4.5|7|8
54.1|70.94|0|393|4.5|4.5|7|8
54.2|70.94|0|393|4.5|4.5|7|8
54.3|70.96|0|393|4.5|4.5|7|8
54.4|70.96|0|392|4.5|4.5|7|8
54.5|70.93|0|392|4.5|4.5|7|8
54.6|70.9|0|392|4.5|4.5|7|8
54.7|70.87|0|392|4.5|4.5|7|8
54.8|70.9|0|393|4.5|4.5|7|8
54.9|70.93|0|392|4.5|4.5|7|8
55|70.93|0|392|4.5|4.5|7|8
55.1|70.94|0|393|4.5|4.5|7|8
55.2|70.82|0|393|4.5|4.5|7|8
55.3|70.96|0|393|4.5|4.5|7|8
55.4|70.98|0|392|4.5|4.5|7|8
55.5|70.92|0|392|4.5|4.5|7|8
55.6|70.89|0|392|4.5|4.5|7|8
55.7|70.9|0|393|4.5|4.5|7|8
55.8|70.93|0|393|4.5|4.5|7|8
55.9|70.93|0|393|4.5|4.5|7|8
56|70.96|0|392|4.5|4.5|7|8
56.1|70.97|0|392|4.5|4.5|7|8
56.2|70.89|0|392|4.5|4.5|7|8
56.3|70.89|0|392|4.5|4.5|7|8
56.4|70.9|0|392|4.5|4.5|7|8
56.5|70.93|0|392|4.5|4.5|7|8
56.6|70.93|0|392|4.5|4.5|7|8
56.7|70.96|0|393|4.5|4.5|7|8
56.8|70.97|0|392|4.5|4.5|7|8
56.9|70.92|0|392|4.5|4.5|7|8
57|70.87|0|392|4.5|4.5|7|8
57.1|70.92|0|392|4.5|4.5|7|8
57.2|70.92|0|392|4.5|4.5|7|8
57.3|70.94|0|392|4.5|4.5|7|8
57.4|70.96|0|392|4.5|4.5|7|8
57.5|70.94|0|392|4.5|4.5|7|8
57.6|70.89|0|392|4.5|4.5|7|8
57.7|70.87|0|392|4.5|4.5|7|8
57.8|70.92|0|392|4.5|4.5|7|8
57.9|70.92|0|392|4.5|4.5|7|8
58|70.93|0|392|4.5|4.5|7|8
58.1|70.94|0|392|4.5|4.5|7|8
58.2|70.97|0|392|4.5|4.5|7|8
58.3|70.92|0|392|4.5|4.5|7|8
58.4|70.86|0|393|4.5|4.5|7|8
58.5|70.9|0|392|4.5|4.5|7|8
58.6|70.92|0|392|4.5|4.5|7|8
58.7|70.92|0|392|4.5|4.5|7|8
58.8|70.92|0|392|4.5|4.5|7|8
58.9|70.92|0|392|4.5|4.5|7|8
59|70.9|0|392|4.5|4.5|7|8
59.1|70.93|0|392|4.5|4.5|7|8
59.2|70.97|0|392|4.5|4.5|7|8
59.3|70.97|0|392|4.5|4.5|7|8
59.4|70.87|0|392|4.5|4.5|7|8
59.5|70.89|0|392|4.5|4.5|7|8
59.6|70.92|0|392|4.5|4.5|7|8
59.7|70.92|0|392|4.5|4.5|7|8
59.8|70.97|0|392|4.5|4.5|7|8
59.9|70.92|0|392|4.5|4.5|7|8
60|70.89|0|392|4.5|4.5|7|8
60.1|70.89|0|392|4.5|4.5|7|8
60.2|70.92|0|392|4.5|4.5|7|8
60.3|70.93|0|392|4.5|4.5|7|8
60.4|70.97|0|392|4.5|4.5|7|8
60.5|70.92|0|392|4.5|4.5|7|8
60.6|70.9|0|392|4.5|4.5|7|8
60.7|70.89|0|392|4.5|4.5|7|8
60.8|70.89|0|392|4.5|4.5|7|8
60.9|70.92|0|392|4.5|4.5|7|8
61|70.93|0|392|4.5|4.5|7|8
61.1|70.94|0|392|4.5|4.5|7|8
61.2|70.87|0|392|4.5|4.5|7|8
61.3|70.89|0|392|4.5|4.5|7|8
61.4|70.89|0|392|4.5|4.5|7|8
61.5|70.93|0|392|4.5|4.5|7|8
61.6|70.97|0|392|4.5|4.5|7|8
61.7|70.9|0|392|4.5|4.5|7|8
61.8|70.87|0|392|4.5|4.5|7|8
61.9|70.89|0|392|4.5|4.5|7|8
62|70.9|0|392|4.5|4.5|7|8
62.1|70.93|0|392|4.5|4.5|7|8
62.2|70.97|0|392|4.5|4.5|7|8
62.3|70.9|0|392|4.5|4.5|7|8
62.4|70.89|0|392|4.5|4.5|7|8
62.5|70.89|0|392|4.5|4.5|7|8
62.6|70.89|0|399|4.5|4.5|7|8
62.7|70.9|0|408|4.5|4.5|7|8
62.8|70.92|0|411|4.5|4.5|7|8
62.9|70.97|0|412|4.5|4.5|7|8
63|70.9|0|412|4.5|4.5|7|8
63.1|70.87|0|412|4.5|4.5|7|8
63.2|70.89|0|413|4.5|4.5|7|8
63.3|70.87|0|412|4.5|4.5|7|8
63.4|70.9|0|412|4.5|4.5|7|8
63.5|70.93|0|413|4.5|4.5|7|8
63.6|70.94|0|413|4.5|4.5|7|8
63.7|70.92|0|413|4.5|4.5|7|8
63.8|70.9|0|413|4.5|4.5|7|8
63.9|70.89|0|412|4.5|4.5|7|8
64|70.89|0|413|4.5|4.5|7|8
64.1|70.9|0|412|4.5|4.5|7|8
64.2|70.89|0|412|4.5|4.5|7|8
64.3|70.9|0|412|4.5|4.5|7|8
64.4|70.92|0|412|4.5|4.5|8|8
64.5|70.92|0|412|4.5|4.5|8|8
64.6|70.74|0|412|4.5|4.5|8|8
64.7|70.82|0|412|4.5|4.5|8|8
64.8|70.79|0|412|4.5|4.5|8|8
64.9|70.93|0|413|4.5|4.5|8|8
65|70.85|0|412|4.5|4.5|8|8
65.1|70.81|0|412|4.5|4.5|8|8
65.2|70.85|0|413|4.5|4.5|8|8
65.3|70.86|0|412|4.5|4.5|8|8
65.4|70.87|0|412|4.5|4.5|8|8
65.5|70.82|0|412|4.5|4.5|8|8
65.6|70.79|0|412|4.5|4.5|8|8
65.7|70.93|0|412|4.5|4.5|8|8
65.8|70.9|0|412|4.5|4.5|8|8
65.9|70.86|0|412|4.4|4.5|8|8
66|70.85|0|412|4.4|4.5|8|8
66.1|70.82|0|412|4.5|4.5|8|8
66.2|70.89|0|412|4.4|4.5|8|8
66.3|70.93|0|412|4.5|4.5|8|8
66.4|71|0|412|4.4|4.4|8|8
66.5|73.73|0|412|4.4|4.4|8|8
66.6|76.75|0|412|4.4|4.4|8|8
66.7|79.81|0|412|4.4|4.4|8|8
66.8|82.78|0|412|4.4|4.4|8|8
66.9|85.77|0|412|4.4|4.4|8|8
67|88.66|0|412|4.4|4.4|8|8
67.1|91.66|0|412|4.4|4.4|8|8
67.2|94.24|0|412|4.4|4.4|8|8
67.3|95.35|0|412|4.4|4.4|8|8
67.4|95.82|0|412|4.4|4.4|8|8
