0|96.05|830|397|4.8|4.8|1|8
0.1|96.12|943|400|4.8|4.8|1|8
0.2|96.14|946|400|4.8|4.8|1|8
0.3|96.09|948|402|4.8|4.8|1|8
0.4|96.09|946|404|4.8|4.8|1|8
0.5|96.13|964|404|4.8|4.8|2|8
0.6|95.77|992|404|4.8|4.8|2|8
0.7|95.43|1062|406|4.8|4.8|2|8
0.8|95|1436|407|4.8|4.8|3|8
0.9|94.7|1649|407|4.8|4.8|3|8
1|94.4|1696|407|4.8|4.8|3|8
1.1|94.44|1714|408|4.8|4.8|3|8
1.2|94.28|1729|408|4.8|4.8|3|8
1.3|94.23|1737|408|4.8|4.8|3|8
1.4|94.27|1742|408|4.8|4.8|3|8
1.5|94.24|1750|408|4.8|4.8|3|8
1.6|94.2|1755|408|4.8|4.8|3|8
1.7|94.21|1760|407|4.8|4.8|3|8
1.8|94.27|1763|407|4.8|4.8|3|8
1.9|94.31|1765|407|4.8|4.8|3|8
2|94.16|1771|407|4.8|4.8|3|8
2.1|94.24|1773|407|4.9|4.9|3|8
2.2|94.27|1773|407|4.9|4.9|3|8
2.3|94.27|1776|407|4.9|4.9|3|8
2.4|94.19|1781|407|4.9|4.9|3|8
2.5|94.23|1781|407|4.9|4.9|3|8
2.6|94.23|1778|407|4.9|4.9|3|8
2.7|94.25|1781|407|4.9|4.9|3|8
2.8|94.29|1784|407|4.9|4.9|4|8
2.9|94.35|1786|407|4.9|4.9|4|8
3|94.6|1778|407|4.9|4.9|4|8
3.1|94.61|1773|407|4.9|4.9|4|8
3.2|95.15|1485|407|4.9|4.9|4|8
3.3|95.76|977|406|4.9|4.9|5|8
3.4|96.05|966|405|4.9|4.9|5|8
3.5|96.25|961|405|4.9|4.9|5|8
3.6|96.28|959|405|4.9|4.9|5|8
3.7|96.39|956|405|4.9|4.9|5|8
3.8|96.4|956|405|4.9|4.9|5|8
3.9|96.35|956|405|4.9|4.9|5|8
4|96.33|954|405|4.9|4.9|5|8
4.1|96.33|954|405|4.9|4.9|5|8
4.2|96.28|954|405|4.9|4.9|5|8
4.3|96.25|951|405|4.9|4.9|5|8
4.4|96.35|951|405|4.9|4.9|5|8
4.5|96.35|951|405|4.9|4.9|5|8
4.6|96.4|946|405|4.9|4.9|5|8
4.7|96.4|946|405|4.9|4.9|5|8
4.8|96.31|943|405|4.9|4.9|5|8
4.9|96.25|943|404|4.9|4.9|5|8
5|96.32|943|404|4.9|4.9|5|8
5.1|96.32|943|404|4.9|4.9|5|8
5.2|96.35|943|404|4.9|4.9|5|8
5.3|96.37|943|404|4.9|4.9|2|8
5.4|96.09|943|404|5|5|2|8
5.5|96.1|943|404|4.9|4.9|2|8
5.6|95.53|943|404|5|4.9|2|8
5.7|94.9|1041|404|5|5|2|8
5.8|94.44|1709|405|5|5|3|8
5.9|94.21|1773|405|5|5|3|8
6|93.97|1791|406|5|5|3|8
6.1|93.96|1799|406|5|5|3|8
6.2|93.92|1802|407|5|5|3|8
6.3|93.92|1802|406|5|5|3|8
6.4|93.93|1804|406|5|5|3|8
6.5|93.92|1807|406|5|5|3|8
6.6|93.9|1807|406|5|5|3|8
6.7|93.96|1809|406|5|5|3|8
6.8|93.92|1812|406|5|5|3|8
6.9|93.89|1812|406|5|5|3|8
7|93.93|1814|406|5|5|3|8
7.1|93.89|1817|407|5|5|3|8
7.2|93.88|1817|406|5|5|3|8
7.3|93.9|1817|407|5|5|3|8
7.4|93.93|1820|407|5|5|3|8
7.5|93.92|1822|406|5|5|3|8
7.6|93.92|1822|406|5|5|3|8
7.7|93.9|1825|406|5|5|3|8
7.8|93.9|1825|407|5|5|4|8
7.9|94.15|1822|407|5|5|4|8
8|94.32|1812|407|5|5|4|8
8.1|94.55|1791|407|5|5|4|8
8.2|95.22|1036|407|5|5|5|8
8.3|95.69|969|406|5|5|5|8
8.4|95.86|961|405|5|5|5|8
8.5|95.98|961|405|5|5|5|8
8.6|96|959|405|5|5|5|8
8.7|96.09|956|405|5|5|5|8
8.8|96.04|956|405|5|5|5|8
8.9|96.05|956|405|5|5|5|8
9|96.02|956|404|5|5|5|8
9.1|96.01|954|404|5|5|5|8
9.2|96.04|954|404|5.1|5.1|5|8
9.3|96.02|954|404|5.1|5.1|5|8
9.4|96.04|951|404|5.1|5.1|5|8
9.5|96.01|951|404|5.1|5.1|5|8
9.6|96.02|951|404|5.1|5.1|5|8
9.7|95.96|954|404|5.1|5.1|5|8
9.8|96.04|951|404|5.1|5.1|5|8
9.9|96.08|951|404|5.1|5.1|5|8
10|96.02|951|404|5.1|5.1|5|8
10.1|96.01|951|403|5.1|5.1|5|8
10.2|96.05|954|402|5.1|5.1|2|8
10.3|95.92|956|394|5.1|5.1|2|8
10.4|95.84|956|390|5.1|5.1|2|8
10.5|95.61|956|389|5.1|5.1|2|8
10.6|94.86|961|388|5.1|5.1|2|8
10.7|94.4|1665|389|5.1|5.1|3|8
10.8|94|1809|389|5.1|5.1|3|8
10.9|93.85|1832|389|5.1|5.1|3|8
11|93.72|1838|389|5.1|5.1|3|8
11.1|93.58|1840|389|5.1|5.1|3|8
11.2|93.77|1843|389|5.1|5.1|3|8
11.3|93.7|1843|389|5.1|5.1|3|8
11.4|93.65|1845|389|5.1|5.1|3|8
11.5|93.6|1845|388|5.1|5.1|3|8
11.6|93.69|1848|389|5.1|5.1|3|8
11.7|93.7|1848|389|5.1|5.1|3|8
11.8|93.62|1851|389|5.1|5.1|3|8
11.9|93.64|1853|389|5.1|5.1|3|8
12|93.66|1856|389|5.1|5.1|3|8
12.1|93.6|1856|389|5.1|5.1|3|8
12.2|93.65|1858|389|5.1|5.1|3|8
12.3|93.64|1858|390|5.1|5.1|3|8
12.4|93.68|1856|390|5.1|5.1|3|8
12.5|93.62|1856|389|5.1|5.1|3|8
12.6|93.68|1858|390|5.1|5.1|3|8
12.7|93.57|1858|390|5.1|5.1|4|8
12.8|93.8|1858|389|5.1|5.1|4|8
12.9|94.04|1853|389|5.1|5.1|4|8
13|94.12|1845|390|5.1|5.1|4|8
13.1|94.68|1178|390|5.1|5.1|5|8
13.2|95.25|979|390|5.1|5.1|5|8
13.3|95.5|969|389|5.1|5.1|5|8
13.4|95.61|966|389|5.1|5.1|5|8
13.5|95.62|966|389|5.1|5.1|5|8
13.6|95.73|966|388|5.1|5.1|5|8
13.7|95.69|964|388|5.1|5.1|5|8
13.8|95.61|964|388|5.1|5.1|5|8
13.9|95.66|964|388|5.1|5.1|5|8
14|95.68|964|388|5.1|5.1|5|8
14.1|95.7|961|388|5.1|5.1|5|8
14.2|95.7|961|388|5.1|5.1|5|8
14.3|95.61|961|388|5.1|5.1|5|8
14.4|95.69|964|388|5.1|5.1|5|8
14.5|95.68|961|388|5.1|5.1|5|8
14.6|95.72|961|388|5.1|5.1|5|8
14.7|95.68|961|388|5.1|5.1|5|8
14.8|95.66|961|388|5.1|5.1|5|8
14.9|95.65|964|388|5.1|5.1|5|8
15|95.69|961|388|5.1|5.1|5|8
15.1|95.69|961|388|5.1|5.1|2|8
15.2|95.68|961|388|5.1|5.1|2|8
15.3|95.46|961|388|5.1|5.1|2|8
15.4|95.39|961|388|5.1|5.1|2|8
15.5|94.72|964|388|5.1|5.1|2|8
15.6|94.09|1714|388|5.1|5.1|3|8
15.7|93.9|1822|388|5.1|5.1|3|8
15.8|93.55|1843|388|5.1|5.1|3|8
15.9|93.53|1853|388|5.1|5.1|3|8
16|93.53|1858|388|5.1|5.1|3|8
16.1|93.58|1863|388|5.1|5.1|3|8
16.2|93.49|1863|388|5.1|5.1|3|8
16.3|93.43|1863|388|5.1|5.1|3|8
16.4|93.49|1866|388|5.2|5.1|3|8
16.5|93.55|1866|388|5.1|5.1|3|8
16.6|93.38|1863|388|5.2|5.1|3|8
16.7|93.53|1866|388|5.2|5.1|3|8
16.8|93.43|1866|388|5.2|5.2|3|8
16.9|93.51|1869|388|5.1|5.2|3|8
17|93.49|1869|388|5.2|5.1|3|8
17.1|93.46|1869|388|5.2|5.2|3|8
17.2|93.51|1869|388|5.2|5.1|3|8
17.3|93.35|1869|388|5.2|5.2|3|8
17.4|93.54|1869|388|5.2|5.2|3|8
17.5|93.43|1869|388|5.2|5.2|3|8
17.6|93.45|1869|388|5.2|5.2|4|8
17.7|93.47|1869|388|5.2|5.2|4|8
17.8|93.86|1856|388|5.2|5.2|4|8
17.9|93.9|1856|388|5.2|5.2|4|8
18|94.64|1361|388|5.2|5.2|4|8
18.1|95.19|987|388|5.2|5.2|5|8
18.2|95.42|979|388|5.2|5.2|5|8
18.3|95.57|977|388|5.2|5.2|5|8
18.4|95.55|974|388|5.2|5.2|5|8
18.5|95.61|972|387|5.2|5.2|5|8
18.6|95.57|969|387|5.2|5.2|5|8
18.7|95.61|966|387|5.2|5.2|5|8
18.8|95.61|966|387|5.2|5.2|5|8
18.9|95.65|966|386|5.2|5.2|5|8
19|95.65|966|386|5.2|5.2|5|8
19.1|95.63|964|386|5.2|5.2|5|8
19.2|95.55|964|386|5.2|5.2|5|8
19.3|95.59|964|386|5.2|5.2|5|8
19.4|95.63|966|387|5.2|5.2|5|8
19.5|95.69|966|386|5.2|5.2|5|8
19.6|95.65|966|386|5.2|5.2|5|8
19.7|95.59|966|386|5.2|5.2|5|8
19.8|95.59|964|386|5.2|5.2|5|8
19.9|95.62|964|386|5.2|5.2|5|8
20|95.62|964|386|5.2|5.2|5|8
20.1|95.65|964|386|5.2|5.2|2|8
20.2|95.43|964|386|5.2|5.2|2|8
20.3|95.39|964|386|5.2|5.2|2|8
20.4|94.82|964|386|5.2|5.2|2|8
20.5|94.13|1508|387|5.2|5.2|3|8
20.6|93.73|1809|387|5.2|5.2|3|8
20.7|93.54|1843|387|5.2|5.2|3|8
20.8|93.5|1858|387|5.2|5.2|3|8
20.9|93.39|1866|387|5.2|5.2|3|8
21|93.46|1871|387|5.2|5.2|3|8
21.1|93.35|1876|387|5.2|5.2|3|8
21.2|93.38|1879|386|5.2|5.2|3|8
21.3|93.43|1881|386|5.2|5.2|3|8
21.4|93.35|1881|386|5.2|5.2|3|8
21.5|93.41|1881|386|5.2|5.2|3|8
21.6|93.34|1884|386|5.2|5.2|3|8
21.7|93.37|1884|386|5.2|5.2|3|8
21.8|93.38|1884|386|5.2|5.2|3|8
21.9|93.31|1884|386|5.2|5.2|3|8
22|93.38|1884|386|5.2|5.2|3|8
22.1|93.31|1887|386|5.2|5.2|3|8
22.2|93.34|1887|386|5.2|5.2|3|8
22.3|93.34|1887|386|5.2|5.2|3|8
22.4|93.35|1889|386|5.2|5.2|3|8
22.5|93.34|1889|386|5.2|5.2|4|8
22.6|93.35|1889|386|5.2|5.2|4|8
22.7|93.55|1881|386|5.2|5.2|4|8
22.8|93.77|1879|386|5.2|5.2|4|8
22.9|94.41|1593|387|5.2|5.2|4|8
23|95|992|387|5.2|5.2|5|8
23.1|95.22|979|387|5.2|5.2|5|8
23.2|95.31|979|386|5.2|5.2|5|8
23.3|95.43|974|386|5.2|5.2|5|8
23.4|95.45|974|386|5.2|5.2|5|8
23.5|95.39|972|386|5.2|5.2|5|8
23.6|95.45|972|386|5.2|5.2|5|8
23.7|95.38|972|386|5.2|5.2|5|8
23.8|95.43|969|386|5.2|5.2|5|8
23.9|95.42|969|386|5.2|5.2|5|8
24|95.42|969|386|5.2|5.2|5|8
24.1|95.42|969|386|5.2|5.2|5|8
24.2|95.41|969|386|5.2|5.2|5|8
24.3|95.42|969|386|5.2|5.2|5|8
24.4|95.42|969|386|5.2|5.2|5|8
24.5|95.38|966|386|5.2|5.2|5|8
24.6|95.37|969|386|5.2|5.2|5|8
24.7|95.39|969|386|5.2|5.2|5|8
24.8|95.43|969|386|5.2|5.2|5|8
24.9|95.46|966|386|5.2|5.2|5|8
25|95.45|966|386|5.2|5.2|2|8
25.1|95.21|964|386|5.2|5.2|2|8
25.2|95.19|966|386|5.2|5.2|2|8
25.3|94.67|969|386|5.2|5.2|2|8
25.4|93.97|1387|386|5.2|5.2|2|8
25.5|93.57|1812|386|5.2|5.2|3|8
25.6|93.38|1853|386|5.2|5.2|3|8
25.7|93.14|1871|386|5.2|5.2|3|8
25.8|93.15|1876|386|5.2|5.2|3|8
25.9|93.21|1881|386|5.2|5.2|3|8
26|93.1|1887|386|5.2|5.2|3|8
26.1|93.13|1889|386|5.2|5.2|3|8
26.2|93.18|1889|386|5.2|5.2|3|8
26.3|93.15|1889|386|5.2|5.2|3|8
26.4|93.13|1889|386|5.2|5.2|3|8
26.5|93.19|1892|386|5.2|5.2|3|8
26.6|93.15|1894|386|5.2|5.2|3|8
26.7|93.1|1894|386|5.2|5.2|3|8
26.8|93.15|1894|386|5.2|5.2|3|8
26.9|93.17|1897|386|5.2|5.2|3|8
27|93.1|1897|386|5.2|5.2|3|8
27.1|93.19|1897|386|5.2|5.2|3|8
27.2|93.1|1897|386|5.2|5.2|3|8
27.3|93.18|1897|386|5.2|5.2|3|8
27.4|93.11|1899|386|5.2|5.2|3|8
27.5|93.26|1899|387|5.2|5.2|4|8
27.6|93.47|1897|386|5.2|5.2|4|8
27.7|93.51|1892|387|5.2|5.2|4|8
27.8|94.12|1668|387|5.2|5.2|4|8
27.9|94.7|997|388|5.2|5.2|5|8
28|95.08|982|387|5.2|5.2|5|8
28.1|95.11|979|386|5.2|5.2|5|8
28.2|95.12|977|386|5.2|5.2|5|8
28.3|95.22|977|386|5.2|5.2|5|8
28.4|95.23|974|386|5.2|5.2|5|8
28.5|95.21|974|386|5.2|5.2|5|8
28.6|95.18|972|386|5.2|5.2|5|8
28.7|95.22|972|386|5.2|5.2|5|8
28.8|95.22|969|386|5.2|5.2|5|8
28.9|95.23|969|386|5.2|5.2|5|8
29|95.26|969|386|5.2|5.2|5|8
29.1|95.18|969|386|5.2|5.2|5|8
29.2|95.25|969|386|5.2|5.2|5|8
29.3|95.22|969|386|5.2|5.2|5|8
29.4|95.21|969|386|5.2|5.2|5|8
29.5|95.22|969|386|5.2|5.2|5|8
29.6|95.23|966|386|5.2|5.2|5|8
29.7|95.27|966|386|5.2|5.2|5|8
29.8|95.18|966|386|5.2|5.2|5|8
29.9|95.23|966|386|5.2|5.2|2|8
30|95.11|966|386|5.2|5.2|2|8
30.1|94.99|966|386|5.2|5.2|2|8
30.2|94.52|966|386|5.2|5.2|2|8
30.3|93.85|1446|387|5.2|5.2|2|8
30.4|93.45|1825|386|5.2|5.2|3|8
30.5|93.27|1856|386|5.2|5.2|3|8
30.6|93.04|1871|387|5.2|5.2|3|8
30.7|93.06|1884|387|5.2|5.2|3|8
30.8|93.04|1887|387|5.2|5.2|3|8
30.9|93.06|1889|387|5.2|5.2|3|8
31|93.03|1892|387|5.2|5.2|3|8
31.1|92.92|1894|387|5.2|5.2|3|8
31.2|92.98|1894|387|5.2|5.2|3|8
31.3|92.99|1892|386|5.2|5.2|3|8
31.4|92.98|1892|386|5.2|5.2|3|8
31.5|92.99|1894|386|5.2|5.2|3|8
31.6|92.99|1892|386|5.2|5.2|3|8
31.7|93|1894|386|5.2|5.2|3|8
31.8|93|1894|386|5.2|5.2|3|8
31.9|93|1897|386|5.2|5.2|3|8
32|92.96|1897|386|5.2|5.2|3|8
32.1|92.94|1897|387|5.2|5.2|3|8
32.2|92.96|1899|387|5.2|5.2|3|8
32.3|93|1897|387|5.2|5.2|3|8
32.4|93.04|1899|387|5.2|5.2|4|8
32.5|93.23|1897|387|5.2|5.2|4|8
32.6|93.31|1897|387|5.2|5.2|4|8
32.7|94.04|1361|388|5.2|5.2|4|8
32.8|94.63|990|388|5.2|5.2|5|8
32.9|94.76|982|387|5.2|5.2|5|8
33|94.91|979|387|5.2|5.2|5|8
33.1|95|977|387|5.2|5.2|5|8
33.2|94.94|974|387|5.2|5.2|5|8
33.3|94.99|974|387|5.2|5.2|5|8
33.4|95.03|974|387|5.2|5.2|5|8
33.5|94.91|974|387|5.2|5.2|5|8
33.6|94.98|972|386|5.2|5.2|5|8
33.7|95.02|969|386|5.2|5.2|5|8
33.8|94.91|969|386|5.2|5.2|5|8
33.9|94.99|969|386|5.2|5.2|5|8
34|95|969|386|5.2|5.2|5|8
34.1|94.92|969|386|5.2|5.2|5|8
34.2|95|969|386|5.2|5.2|5|8
34.3|94.95|969|386|5.2|5.2|5|8
34.4|94.98|966|386|5.2|5.2|5|8
34.5|95|966|386|5.2|5.2|5|8
34.6|94.94|969|386|5.2|5.2|5|8
34.7|95|969|386|5.2|5.2|5|8
34.8|94.96|969|386|5.2|5.2|2|8
34.9|94.78|969|386|5.2|5.2|2|8
35|94.78|969|386|5.2|5.2|2|8
35.1|94.08|969|386|5.2|5.2|2|8
35.2|93.47|1670|386|5.2|5.2|3|8
35.3|93.11|1832|387|5.2|5.2|3|8
35.4|93.02|1856|387|5.2|5.2|3|8
35.5|92.95|1874|387|5.2|5.2|3|8
35.6|92.79|1884|387|5.2|5.2|3|8
35.7|92.79|1889|387|5.2|5.2|3|8
35.8|92.79|1892|387|5.2|5.2|3|8
35.9|92.72|1897|387|5.2|5.2|3|8
36|92.74|1897|387|5.2|5.2|3|8
36.1|92.74|1897|387|5.2|5.2|3|8
36.2|92.86|1899|387|5.2|5.2|3|8
36.3|92.75|1899|387|5.2|5.2|3|8
36.4|92.79|1899|387|5.2|5.2|3|8
36.5|92.8|1899|387|5.2|5.2|3|8
36.6|92.72|1899|386|5.2|5.2|3|8
36.7|92.83|1899|386|5.2|5.2|3|8
36.8|92.75|1899|387|5.2|5.2|3|8
36.9|92.8|1902|387|5.2|5.2|3|8
37|92.8|1899|387|5.2|5.2|3|8
37.1|92.74|1899|387|5.2|5.2|3|8
37.2|92.83|1899|387|5.2|5.2|4|8
37.3|92.87|1902|387|5.2|5.2|4|8
37.4|93|1897|387|5.2|5.2|4|8
37.5|93.27|1879|387|5.2|5.2|4|8
37.6|94.06|1325|388|5.2|5.2|4|8
37.7|94.45|987|388|5.2|5.2|2|8
37.8|94.51|982|388|5.2|5.2|2|8
37.9|94.47|979|388|5.2|5.2|2|8
38|94.52|977|388|5.2|5.2|2|8
38.1|94.43|974|387|5.2|5.2|2|8
38.2|94.43|974|387|5.2|5.2|2|8
38.3|94.29|974|387|5.2|5.2|2|8
38.4|94.23|974|387|5.2|5.2|2|8
38.5|94.25|972|387|5.2|5.2|2|8
38.6|94.19|972|387|5.2|5.2|2|8
38.7|94.2|972|386|5.2|5.2|2|8
38.8|94.2|972|386|5.2|5.2|2|8
38.9|94.12|972|387|5.2|5.2|2|8
39|93.98|972|387|5.2|5.2|2|8
39.1|93.88|974|387|5.2|5.2|2|8
39.2|93.7|982|387|5.2|5.2|2|8
39.3|93.69|1015|386|5.2|5.2|2|8
39.4|93.53|1064|388|5.2|5.2|2|8
39.5|93.49|979|388|5.2|5.2|2|8
39.6|93.45|979|387|5.2|5.2|2|8
39.7|93.55|1137|388|5.2|5.2|2|8
39.8|93.45|1235|388|5.2|5.2|2|8
39.9|93.19|1191|388|5.2|5.2|2|8
40|93.1|1010|388|5.2|5.2|2|8
40.1|93.15|977|387|5.2|5.2|2|8
40.2|93.18|1544|388|5.2|5.2|2|8
40.3|93.09|1763|388|5.2|5.2|2|8
40.4|93.11|1644|388|5.2|5.2|2|8
40.5|93.34|990|388|5.2|5.2|2|8
40.6|93.53|977|387|5.2|5.2|2|8
40.7|93.41|972|387|5.2|5.2|2|8
40.8|93.41|972|386|5.2|5.2|2|8
40.9|93.37|969|386|5.2|5.2|2|8
41|93.17|969|386|5.2|5.2|2|8
41.1|93.19|969|386|5.2|5.2|2|8
41.2|93.19|969|386|5.2|5.2|2|8
41.3|93.18|1198|386|5.2|5.2|2|8
41.4|92.99|1719|388|5.2|5.2|2|8
41.5|93.13|1722|388|5.2|5.2|2|8
41.6|93.37|1724|388|5.2|5.2|2|8
41.7|93.47|1593|388|5.2|5.2|2|8
41.8|93.53|1000|388|5.2|5.2|2|8
41.9|93.51|979|387|5.2|5.2|2|8
42|93.53|974|386|5.2|5.2|2|8
42.1|93.45|974|386|5.2|5.2|2|8
42.2|93.47|972|386|5.2|5.2|2|8
42.3|93.6|969|386|5.2|5.2|2|8
42.4|93.62|969|386|5.2|5.2|2|8
42.5|93.6|972|386|5.2|5.2|2|8
42.6|93.58|969|386|5.2|5.2|2|8
42.7|93.53|969|386|5.2|5.2|2|8
42.8|93.43|1085|387|5.2|5.2|2|8
42.9|93.21|1149|388|5.2|5.2|2|8
43|93.21|1227|387|5.2|5.2|2|8
43.1|93|1438|388|5.2|5.2|2|8
43.2|93.13|1039|388|5.2|5.2|2|8
43.3|93.14|974|387|5.2|5.2|2|8
43.4|93.07|969|387|5.2|5.2|2|8
43.5|93.14|969|386|5.2|5.2|2|8
43.6|93.27|969|386|5.2|5.2|2|8
43.7|93.03|1059|386|5.2|5.2|2|8
43.8|93.04|1229|388|5.2|5.2|2|8
43.9|92.91|1134|387|5.2|5.2|2|8
44|92.95|1034|387|5.2|5.2|2|8
44.1|92.83|1003|388|5.2|5.2|2|8
44.2|92.66|1088|387|5.2|5.2|2|8
44.3|92.68|982|386|5.2|5.2|2|8
44.4|92.64|1046|388|5.2|5.2|2|8
44.5|92.55|1062|388|5.2|5.2|2|8
44.6|92.37|1039|387|5.2|5.2|2|8
44.7|92.37|995|386|5.2|5.2|2|8
44.8|92.32|1003|386|5.2|5.2|2|8
44.9|92.33|1129|386|5.2|5.2|2|8
45|92.16|1101|386|5.2|5.2|2|8
45.1|92.13|1013|386|5.2|5.2|2|8
45.2|92.08|997|386|5.2|5.2|2|8
45.3|91.97|997|386|5.2|5.2|2|8
45.4|91.92|1075|386|5.2|5.2|2|8
45.5|91.9|1157|386|5.2|5.2|2|8
45.6|91.73|1155|387|5.2|5.2|2|8
45.7|91.62|1062|387|5.2|5.2|2|8
45.8|91.58|1072|387|5.2|5.2|2|8
45.9|91.54|1028|388|5.2|5.2|2|8
46|91.54|1015|387|5.2|5.2|2|8
46.1|91.42|1142|387|5.2|5.2|2|8
46.2|91.27|1049|387|5.2|5.2|2|8
46.3|91.26|1209|388|5.2|5.2|2|8
46.4|90.96|1134|388|5.2|5.2|2|8
46.5|91.07|977|386|5.2|5.2|2|8
46.6|91|977|386|5.2|5.2|2|8
46.7|91.03|1201|387|5.2|5.2|2|8
46.8|90.88|982|387|5.2|5.2|2|8
46.9|90.92|1049|387|5.2|5.2|2|8
47|90.74|1090|387|5.2|5.2|2|8
47.1|90.74|1080|388|5.2|5.2|2|8
47.2|90.59|1005|387|5.2|5.2|2|8
47.3|90.59|1090|387|5.2|5.2|2|8
47.4|90.58|1113|388|5.2|5.2|2|8
47.5|90.45|1034|388|5.2|5.2|2|8
47.6|90.39|1054|386|5.2|5.2|2|8
47.7|90.39|1028|388|5.2|5.2|2|8
47.8|90.25|1088|388|5.2|5.2|2|8
47.9|90.13|1168|388|5.2|5.2|2|8
48|90.09|1044|387|5.2|5.2|2|8
48.1|89.99|1008|388|5.2|5.2|2|8
48.2|89.89|1124|388|5.2|5.2|2|8
48.3|89.88|1064|388|5.2|5.2|2|8
48.4|89.78|992|387|5.2|5.2|2|8
48.5|89.69|979|387|5.2|5.2|2|8
48.6|89.8|1041|387|5.2|5.2|2|8
48.7|89.56|1080|387|5.2|5.2|2|8
48.8|89.46|1070|387|5.2|5.2|2|8
48.9|89.42|1108|387|5.2|5.2|2|8
49|89.27|1155|388|5.2|5.2|2|8
49.1|89.18|1142|388|5.2|5.2|2|8
49.2|89.17|1044|388|5.2|5.2|2|8
49.3|89.06|1080|387|5.2|5.2|2|8
49.4|88.95|1041|387|5.2|5.2|2|8
49.5|88.88|997|387|5.2|5.2|2|8
49.6|88.76|1044|387|5.2|5.2|2|8
49.7|88.71|1085|387|5.2|5.2|2|8
49.8|88.56|1082|387|5.2|5.2|2|8
49.9|88.52|1111|388|5.2|5.2|2|8
50|88.36|1021|387|5.2|5.2|2|8
50.1|88.24|1013|387|5.2|5.2|2|8
50.2|88.21|1126|386|5.2|5.2|2|8
50.3|88.04|1041|386|5.2|5.2|2|8
50.4|88|997|386|5.2|5.2|2|8
50.5|87.82|1072|388|5.2|5.2|2|8
50.6|87.73|1175|388|5.2|5.2|2|8
50.7|87.62|1080|387|5.2|5.2|2|8
50.8|87.62|1028|387|5.2|5.2|2|8
50.9|87.39|1124|388|5.2|5.2|2|8
51|87.31|1036|387|5.2|5.2|2|8
51.1|87.11|1031|388|5.2|5.2|2|8
51.2|87.13|1095|388|5.2|5.2|2|8
51.3|86.93|1036|387|5.2|5.2|2|8
51.4|86.76|1031|386|5.2|5.2|2|8
51.5|86.7|1129|388|5.2|5.2|2|8
51.6|86.59|1124|388|5.2|5.2|2|8
51.7|86.46|1090|387|5.2|5.2|2|8
51.8|86.21|1186|387|5.2|5.2|2|8
51.9|86.23|1129|388|5.2|5.2|2|8
52|86.05|1186|387|5.2|5.2|2|8
52.1|85.89|1070|388|5.2|5.2|2|8
52.2|85.76|1193|388|5.2|5.2|2|8
52.3|85.61|1077|388|5.2|5.2|2|8
52.4|85.48|1088|388|5.2|5.2|2|8
52.5|85.33|1082|388|5.2|5.2|2|8
52.6|85.17|1052|388|5.2|5.2|2|8
52.7|85.01|1023|388|5.2|5.2|2|8
52.8|84.9|1101|388|5.2|5.2|2|8
52.9|84.8|1284|389|5.2|5.2|2|8
53|84.56|1036|388|5.2|5.2|2|8
53.1|84.4|1142|388|5.2|5.2|2|8
53.2|84.24|1057|387|5.2|5.2|2|8
53.3|84.15|1139|388|5.2|5.2|2|8
53.4|83.91|1113|388|5.2|5.2|2|8
53.5|83.8|1072|388|5.2|5.2|2|8
53.6|83.58|1160|388|5.2|5.2|2|8
53.7|83.44|1054|388|5.2|5.2|2|8
53.8|83.21|1098|388|5.2|5.2|2|8
53.9|83.11|1258|388|5.2|5.2|2|8
54|82.87|1149|388|5.2|5.2|2|8
54.1|82.67|1088|388|5.2|5.2|2|8
54.2|82.5|1062|388|5.2|5.2|2|8
54.3|82.35|1082|388|5.2|5.2|2|8
54.4|82.15|1142|388|5.2|5.2|2|8
54.5|81.92|1247|388|5.2|5.2|6|8
54.6|80.4|1881|388|5.2|5.2|6|8
54.7|77.44|1938|388|5.2|5.2|6|8
54.8|74.27|39|386|5.2|5.2|7|8
54.9|72.32|0|384|5.2|5.2|7|8
55|71.64|0|384|5.2|5.2|7|8
55.1|71.4|0|384|5.2|5.2|7|8
55.2|71.18|0|384|5.2|5.2|7|8
55.3|71.17|0|384|5.2|5.2|7|8
55.4|71.12|0|384|5.2|5.2|7|8
55.5|71.06|0|384|5.2|5.2|7|8
55.6|71.08|0|384|5.2|5.2|7|8
55.7|71.12|0|384|5.2|5.2|7|8
55.8|71.12|0|384|5.2|5.2|7|8
55.9|71.12|0|384|5.2|5.2|7|8
56|71.12|0|384|5.2|5.2|7|8
56.1|71.09|0|384|5.2|5.2|7|8
56.2|71.1|0|384|5.2|5.2|7|8
56.3|71.13|0|384|5.2|5.2|7|8
56.4|71.16|0|384|5.2|5.2|7|8
56.5|71.21|0|384|5.2|5.2|7|8
56.6|71.17|0|384|5.2|5.2|7|8
56.7|71.09|0|384|5.2|5.2|7|8
56.8|71.1|0|384|5.2|5.2|7|8
56.9|71.12|0|384|5.2|5.2|7|8
57|71.1|0|384|5.2|5.2|7|8
57.1|71.12|0|384|5.2|5.2|7|8
57.2|71.13|0|384|5.2|5.2|7|8
57.3|71.18|0|384|5.2|5.2|7|8
57.4|71.13|0|384|5.2|5.2|7|8
57.5|71.12|0|384|5.2|5.2|7|8
57.6|71.09|0|384|5.2|5.2|7|8
57.7|71.06|0|384|5.2|5.2|7|8
57.8|71.18|0|384|5.2|5.2|7|8
57.9|71.13|0|384|5.2|5.2|7|8
58|71.08|0|384|5.2|5.2|7|8
58.1|71.1|0|384|5.2|5.2|7|8
58.2|71.1|0|384|5.2|5.2|7|8
58.3|71.12|0|384|5.2|5.2|7|8
58.4|71.18|0|384|5.2|5.2|7|8
58.5|71.13|0|384|5.2|5.2|7|8
58.6|71.1|0|384|5.2|5.2|7|8
58.7|71.06|0|384|5.2|5.2|7|8
58.8|71.09|0|384|5.2|5.2|7|8
58.9|71.1|0|384|5.2|5.2|7|8
59|71.09|0|384|5.2|5.2|7|8
59.1|71.1|0|384|5.2|5.2|7|8
59.2|71.12|0|384|5.2|5.2|7|8
59.3|71.18|0|384|5.2|5.2|7|8
59.4|71.12|0|384|5.2|5.2|7|8
59.5|71.06|0|384|5.2|5.2|7|8
59.6|71.1|0|384|5.2|5.2|7|8
59.7|71.14|0|384|5.2|5.2|7|8
59.8|71.12|0|384|5.2|5.2|7|8
59.9|71.13|0|384|5.2|5.2|7|8
60|71.06|0|384|5.2|5.2|7|8
60.1|71.09|0|384|5.2|5.2|7|8
60.2|71.12|0|384|5.2|5.2|7|8
60.3|71.13|0|384|5.2|5.2|7|8
60.4|71.09|0|384|5.2|5.2|7|8
60.5|71.06|0|384|5.2|5.2|7|8
60.6|71.16|0|384|5.2|5.2|7|8
60.7|71.1|0|384|5.2|5.2|7|8
60.8|71.05|0|384|5.2|5.2|7|8
60.9|71.09|0|384|5.2|5.2|7|8
61|71.1|0|384|5.2|5.2|7|8
61.1|71.17|0|384|5.2|5.2|7|8
61.2|71.08|0|384|5.2|5.2|7|8
61.3|71.05|0|384|5.2|5.2|7|8
61.4|71.13|0|384|5.2|5.2|7|8
61.5|71.09|0|384|5.2|5.2|7|8
61.6|71.08|0|384|5.2|5.2|7|8
61.7|71.08|0|384|5.2|5.2|7|8
61.8|71.09|0|384|5.2|5.2|7|8
61.9|71.12|0|384|5.2|5.2|7|8
62|71.12|0|384|5.2|5.2|7|8
62.1|71.12|0|384|5.2|5.2|7|8
62.2|71.1|0|384|5.2|5.2|7|8
62.3|71.1|0|384|5.2|5.2|7|8
62.4|71.1|0|384|5.2|5.2|7|8
62.5|71.1|0|384|5.2|5.2|7|8
62.6|71.1|0|384|5.2|5.2|7|8
62.7|71.1|0|384|5.2|5.2|7|8
62.8|71.09|0|384|5.2|5.2|7|8
62.9|71.1|0|384|5.2|5.2|7|8
63|71.1|0|384|5.2|5.2|7|8
63.1|71.08|0|384|5.2|5.2|7|8
63.2|71.05|0|384|5.2|5.2|7|8
63.3|71.08|0|384|5.2|5.2|7|8
63.4|71.08|0|384|5.2|5.2|7|8
63.5|71.09|0|384|5.2|5.2|7|8
63.6|71.09|0|384|5.2|5.2|7|8
63.7|71.09|0|384|5.2|5.2|7|8
63.8|71.09|0|384|5.2|5.2|7|8
63.9|71.09|0|384|5.2|5.2|7|8
64|71.08|0|384|5.2|5.2|7|8
64.1|71.08|0|384|5.2|5.2|7|8
64.2|71.13|0|384|5.2|5.2|7|8
64.3|71.13|0|384|5.2|5.2|7|8
64.4|71.09|0|384|5.2|5.2|7|8
64.5|71.05|0|384|5.2|5.2|7|8
64.6|71.08|0|384|5.2|5.2|7|8
64.7|71.17|0|384|5.2|5.2|7|8
64.8|71.1|0|384|5.2|5.2|7|8
64.9|71.1|0|384|5.2|5.2|7|8
65|71.05|0|384|5.2|5.2|7|8
65.1|71.04|0|384|5.2|5.2|7|8
65.2|71.1|0|386|5.2|5.2|7|8
65.3|71.12|0|398|5.2|5.2|7|8
65.4|71.1|0|402|5.2|5.2|7|8
65.5|71.09|0|404|5.2|5.2|7|8
65.6|71.09|0|404|5.2|5.2|7|8
65.7|71.1|0|404|5.2|5.2|7|8
65.8|71.09|0|404|5.2|5.2|7|8
65.9|71.06|0|404|5.2|5.2|7|8
66|71.04|0|404|5.2|5.2|7|8
66.1|71.09|0|404|5.2|5.2|7|8
66.2|71.18|0|404|5.2|5.2|7|8
66.3|71.09|0|404|5.2|5.2|7|8
66.4|71.06|0|404|5.2|5.2|7|8
66.5|71.05|0|404|5.2|5.2|7|8
66.6|71.14|0|404|5.2|5.2|7|8
66.7|71.12|0|404|5.2|5.2|7|8
66.8|71.09|0|404|5.2|5.2|7|8
66.9|71.09|0|404|5.2|5.2|7|8
67|71.09|0|404|5.2|5.2|7|8
67.1|71.09|0|404|5.2|5.2|7|8
67.2|71.09|0|404|5.2|5.2|7|8
67.3|71.09|0|404|5.2|5.2|7|8
67.4|71.08|0|404|5.2|5.2|7|8
67.5|71.09|0|404|5.2|5.2|7|8
67.6|71.09|0|404|5.2|5.2|7|8
67.7|71.09|0|403|5.2|5.2|7|8
67.8|71.09|0|403|5.2|5.2|8|8
67.9|71.05|0|404|5.2|5.2|8|8
68|70.98|0|404|5.2|5.2|8|8
68.1|70.98|0|403|5.2|5.2|8|8
68.2|71.02|0|403|5.2|5.2|8|8
68.3|71.04|0|403|5.2|5.2|8|8
68.4|71.05|0|403|5.2|5.2|8|8
68.5|71.02|0|404|5.2|5.2|8|8
68.6|71.01|0|404|5.2|5.2|8|8
68.7|71.02|0|403|5.2|5.2|8|8
68.8|71.02|0|404|5.1|5.1|8|8
68.9|71.02|0|404|5.1|5.1|8|8
69|71.02|0|404|5.1|5.1|8|8
69.1|71.01|0|404|5.1|5.1|8|8
69.2|71.01|0|404|5.1|5.1|8|8
69.3|70.98|0|404|5.1|5.1|8|8
69.4|70.98|0|404|5.1|5.1|8|8
69.5|71.01|0|404|5|5|8|8
69.6|71.04|0|404|5|5|8|8
69.7|71.09|0|404|5|5|8|8
69.8|72.27|0|403|5|5|8|8
69.9|75.24|0|403|5|5|8|8
70|78.23|0|403|5|5|8|8
70.1|81.15|0|403|5|5|8|8
70.2|84.09|0|403|5|5|8|8
70.3|86.97|0|403|5|5|8|8
70.4|89.88|0|404|5|5|8|8
70.5|92.78|0|404|5|5|8|8
70.6|94.74|0|404|5|5|8|8
70.7|95.53|0|404|5|5|8|8
