0|96.08|884|412|4.9|4.9|1|8
0.1|96.04|1015|415|4.9|4.9|1|8
0.2|96.04|1023|416|4.9|4.9|1|8
0.3|96.04|1023|416|4.9|4.9|1|8
0.4|96.01|1026|416|4.9|4.9|1|8
0.5|96.05|1026|416|4.9|4.9|2|8
0.6|95.76|1028|416|4.9|4.9|2|8
0.7|95.31|1028|416|4.9|4.9|2|8
0.8|94.88|1072|416|4.9|4.9|2|8
0.9|94.44|1214|417|4.9|4.9|2|8
1|93.93|1510|418|4.9|4.9|2|8
1.1|93.58|1629|418|4.9|4.9|3|8
1.2|93.41|1662|420|4.9|4.9|3|8
1.3|93.21|1686|420|4.9|4.9|3|8
1.4|93.25|1698|420|4.9|4.9|3|8
1.5|93.13|1709|420|4.9|4.9|3|8
1.6|93.09|1711|420|4.9|4.9|3|8
1.7|93.13|1716|420|4.9|4.9|3|8
1.8|93.17|1722|420|4.9|4.9|3|8
1.9|93.14|1724|420|4.9|4.9|3|8
2|93.13|1727|420|4.9|4.9|3|8
2.1|93.1|1729|420|4.9|4.9|3|8
2.2|93.1|1732|420|4.9|4.9|3|8
2.3|93.11|1732|420|4.9|4.9|3|8
2.4|93.07|1735|420|4.9|4.9|3|8
2.5|93.14|1740|420|5|5|3|8
2.6|93.11|1742|420|5|5|3|8
2.7|93.14|1745|420|5|5|3|8
2.8|93.11|1745|420|5|5|3|8
2.9|93.11|1750|420|5|5|3|8
3|93.11|1753|420|5|5|3|8
3.1|93.17|1755|420|5|5|4|8
3.2|93.43|1750|420|5|5|4|8
3.3|93.84|1693|420|5|5|4|8
3.4|94.33|1608|420|5|5|4|8
3.5|94.84|1358|419|5|5|5|8
3.6|95.15|1072|418|5|5|5|8
3.7|95.35|1064|416|5|5|5|8
3.8|95.43|1062|416|5|5|5|8
3.9|95.42|1059|416|5|5|5|8
4|95.45|1059|416|5|5|5|8
4.1|95.45|1057|416|5|5|5|8
4.2|95.46|1057|416|5|5|5|8
4.3|95.47|1057|416|5|5|5|8
4.4|95.47|1057|416|5|5|5|8
4.5|95.47|1057|416|5|5|5|8
4.6|95.47|1057|416|5|5|5|8
4.7|95.46|1057|416|5|5|5|8
4.8|95.47|1057|416|5|5|5|8
4.9|95.46|1059|416|5|5|5|8
5|95.47|1059|416|5|5|5|8
5.1|95.46|1059|416|5|5|5|8
5.2|95.46|1059|416|5|5|5|8
5.3|95.47|1059|416|5|5|5|8
5.4|95.46|1059|416|5|5|5|8
5.5|95.47|1059|416|5|5|2|8
5.6|95.41|1059|416|5|5|2|8
5.7|95.11|1059|416|5|5|2|8
5.8|94.71|1064|416|5|5|2|8
5.9|94.25|1106|416|5|5|2|8
6|93.77|1186|416|5.1|5|2|8
6.1|93.29|1644|417|5.1|5.1|3|8
6.2|92.98|1745|418|5.1|5.1|3|8
6.3|92.82|1763|419|5.1|5.1|3|8
6.4|92.7|1773|420|5.1|5.1|3|8
6.5|92.67|1778|420|5.1|5.1|3|8
6.6|92.64|1781|420|5.1|5.1|3|8
6.7|92.67|1786|420|5.1|5.1|3|8
6.8|92.68|1791|420|5.1|5.1|3|8
6.9|92.67|1794|420|5.1|5.1|3|8
7|92.62|1796|420|5.1|5.1|3|8
7.1|92.64|1799|420|5.1|5.1|3|8
7.2|92.68|1802|420|5.1|5.1|3|8
7.3|92.63|1802|420|5.1|5.1|3|8
7.4|92.64|1804|420|5.1|5.1|3|8
7.5|92.67|1804|420|5.1|5.1|3|8
7.6|92.63|1804|420|5.1|5.1|3|8
7.7|92.66|1807|420|5.1|5.1|3|8
7.8|92.66|1807|420|5.1|5.1|3|8
7.9|92.66|1809|420|5.1|5.1|3|8
8|92.63|1809|420|5.1|5.1|3|8
8.1|92.63|1812|420|5.1|5.1|4|8
8.2|92.7|1812|420|5.1|5.1|4|8
8.3|93|1799|420|5.1|5.1|4|8
8.4|93.38|1771|420|5.1|5.1|4|8
8.5|93.96|1675|420|5.1|5.1|4|8
8.6|94.49|1106|418|5.1|5.1|5|8
8.7|94.72|1080|416|5.1|5.1|5|8
8.8|94.82|1077|416|5.1|5.1|5|8
8.9|94.88|1077|416|5.1|5.1|5|8
9|94.95|1075|416|5.1|5.1|5|8
9.1|94.94|1075|416|5.1|5.1|5|8
9.2|94.84|1075|416|5.1|5.1|5|8
9.3|94.91|1075|416|5.1|5.1|5|8
9.4|94.92|1075|416|5.1|5.1|5|8
9.5|94.92|1075|416|5.1|5.1|5|8
9.6|94.91|1075|416|5.1|5.1|5|8
9.7|94.9|1075|416|5.2|5.2|5|8
9.8|94.92|1075|416|5.2|5.2|5|8
9.9|94.9|1075|416|5.2|5.2|5|8
10|94.91|1075|416|5.2|5.2|5|8
10.1|94.98|1075|416|5.2|5.2|5|8
10.2|94.87|1075|416|5.2|5.2|5|8
10.3|94.91|1075|416|5.2|5.2|5|8
10.4|94.9|1077|416|5.2|5.2|5|8
10.5|94.95|1075|416|5.2|5.2|5|8
10.6|94.9|1075|416|5.2|5.2|2|8
10.7|94.79|1075|416|5.2|5.2|2|8
10.8|94.39|1075|416|5.2|5.2|2|8
10.9|93.98|1101|416|5.2|5.2|2|8
11|93.53|1448|416|5.2|5.2|2|8
11.1|93.1|1755|401|5.2|5.2|3|8
11.2|92.9|1789|396|5.2|5.2|3|8
11.3|92.79|1807|393|5.2|5.2|3|8
11.4|92.71|1817|392|5.2|5.2|3|8
11.5|92.7|1822|392|5.2|5.2|3|8
11.6|92.72|1827|392|5.2|5.2|3|8
11.7|92.71|1830|392|5.2|5.2|3|8
11.8|92.67|1835|392|5.2|5.2|3|8
11.9|92.7|1835|392|5.2|5.2|3|8
12|92.7|1838|392|5.2|5.2|3|8
12.1|92.7|1843|392|5.2|5.2|3|8
12.2|92.68|1843|392|5.2|5.2|3|8
12.3|92.71|1845|392|5.2|5.2|3|8
12.4|92.7|1845|392|5.2|5.2|3|8
12.5|92.67|1848|392|5.2|5.2|3|8
12.6|92.66|1848|392|5.2|5.2|3|8
12.7|92.68|1848|392|5.2|5.2|3|8
12.8|92.71|1848|392|5.2|5.2|3|8
12.9|92.7|1851|392|5.2|5.2|3|8
13|92.71|1851|392|5.2|5.2|3|8
13.1|92.7|1851|392|5.2|5.2|4|8
13.2|92.94|1845|392|5.2|5.2|4|8
13.3|93.26|1822|392|5.2|5.2|4|8
13.4|93.69|1786|392|5.2|5.2|4|8
13.5|94.28|1142|392|5.2|5.2|5|8
13.6|94.6|1098|392|5.2|5.2|5|8
13.7|94.71|1095|391|5.2|5.2|5|8
13.8|94.78|1095|391|5.2|5.2|5|8
13.9|94.75|1093|391|5.2|5.2|5|8
14|94.8|1090|391|5.2|5.2|5|8
14.1|94.82|1090|391|5.2|5.2|5|8
14.2|94.86|1088|392|5.2|5.2|5|8
14.3|94.8|1088|392|5.2|5.2|5|8
14.4|94.79|1088|391|5.2|5.2|5|8
14.5|94.8|1088|391|5.2|5.2|5|8
14.6|94.8|1088|391|5.2|5.2|5|8
14.7|94.8|1088|391|5.2|5.2|5|8
14.8|94.82|1088|391|5.2|5.2|5|8
14.9|94.82|1088|391|5.2|5.2|5|8
15|94.82|1088|391|5.2|5.2|5|8
15.1|94.8|1088|391|5.2|5.2|5|8
15.2|94.82|1088|391|5.2|5.2|5|8
15.3|94.82|1088|391|5.2|5.2|5|8
15.4|94.82|1085|391|5.2|5.2|5|8
15.5|94.82|1085|391|5.2|5.2|2|8
15.6|94.71|1085|391|5.2|5.2|2|8
15.7|94.36|1085|391|5.2|5.2|2|8
15.8|93.96|1085|391|5.2|5.2|2|8
15.9|93.57|1425|391|5.2|5.2|2|8
16|93.1|1768|391|5.2|5.2|3|8
16.1|92.88|1809|391|5.3|5.2|3|8
16.2|92.72|1825|392|5.3|5.2|3|8
16.3|92.68|1835|392|5.3|5.3|3|8
16.4|92.66|1843|392|5.3|5.3|3|8
16.5|92.68|1848|392|5.3|5.3|3|8
16.6|92.68|1845|392|5.3|5.3|3|8
16.7|92.64|1851|392|5.3|5.3|3|8
16.8|92.62|1851|391|5.3|5.3|3|8
16.9|92.64|1853|391|5.3|5.3|3|8
17|92.66|1856|391|5.3|5.3|3|8
17.1|92.66|1856|391|5.3|5.3|3|8
17.2|92.66|1856|391|5.3|5.3|3|8
17.3|92.63|1856|391|5.3|5.3|3|8
17.4|92.63|1856|391|5.3|5.3|3|8
17.5|92.66|1856|391|5.3|5.3|3|8
17.6|92.64|1856|391|5.3|5.3|3|8
17.7|92.64|1856|391|5.3|5.3|3|8
17.8|92.64|1858|391|5.3|5.3|3|8
17.9|92.62|1858|391|5.3|5.3|3|8
18|92.63|1858|391|5.3|5.3|4|8
18.1|92.91|1856|391|5.3|5.3|4|8
18.2|93.17|1832|392|5.3|5.3|4|8
18.3|93.49|1804|392|5.3|5.3|4|8
18.4|94.12|1701|392|5.3|5.3|4|8
18.5|94.72|1124|392|5.3|5.3|5|8
18.6|94.94|1098|392|5.3|5.3|5|8
18.7|95.06|1095|391|5.3|5.3|5|8
18.8|95.14|1093|391|5.3|5.3|5|8
18.9|95.12|1093|391|5.3|5.3|5|8
19|95.08|1093|391|5.3|5.3|5|8
19.1|95.14|1090|390|5.3|5.3|5|8
19.2|95.12|1090|390|5.3|5.3|5|8
19.3|95.14|1088|390|5.3|5.3|5|8
19.4|95.15|1088|391|5.3|5.3|5|8
19.5|95.15|1088|391|5.3|5.3|5|8
19.6|95.15|1088|391|5.3|5.3|5|8
19.7|95.17|1088|391|5.3|5.3|5|8
19.8|95.18|1088|391|5.3|5.3|5|8
19.9|95.15|1088|390|5.3|5.3|5|8
20|95.12|1088|391|5.3|5.3|5|8
20.1|95.14|1088|390|5.3|5.3|5|8
20.2|95.15|1088|390|5.3|5.3|5|8
20.3|95.17|1088|391|5.3|5.3|5|8
20.4|95.19|1088|390|5.3|5.3|5|8
20.5|95.15|1088|390|5.3|5.3|2|8
20.6|95|1088|391|5.3|5.3|2|8
20.7|94.63|1088|391|5.3|5.3|2|8
20.8|94.24|1088|391|5.3|5.3|2|8
20.9|93.88|1175|391|5.3|5.3|2|8
21|93.45|1624|392|5.3|5.3|3|8
21.1|93.03|1794|391|5.3|5.3|3|8
21.2|92.75|1827|391|5.3|5.3|3|8
21.3|92.64|1843|391|5.3|5.3|3|8
21.4|92.63|1851|391|5.3|5.3|3|8
21.5|92.56|1856|391|5.3|5.3|3|8
21.6|92.6|1856|391|5.3|5.3|3|8
21.7|92.63|1861|391|5.3|5.3|3|8
21.8|92.47|1863|391|5.3|5.3|3|8
21.9|92.59|1863|391|5.3|5.3|3|8
22|92.52|1863|391|5.3|5.3|3|8
22.1|92.59|1863|391|5.3|5.3|3|8
22.2|92.52|1863|391|5.3|5.3|3|8
22.3|92.58|1866|391|5.3|5.3|3|8
22.4|92.51|1866|391|5.3|5.3|3|8
22.5|92.55|1866|391|5.3|5.3|3|8
22.6|92.56|1866|391|5.3|5.3|3|8
22.7|92.52|1869|391|5.3|5.3|3|8
22.8|92.52|1866|391|5.3|5.3|3|8
22.9|92.56|1869|391|5.3|5.3|3|8
23|92.51|1869|391|5.3|5.3|4|8
23.1|92.53|1866|391|5.3|5.3|4|8
23.2|92.84|1858|391|5.3|5.3|4|8
23.3|93.09|1840|391|5.3|5.3|4|8
23.4|93.23|1840|391|5.3|5.3|4|8
23.5|94.01|1820|391|5.3|5.3|4|8
23.6|94.78|1219|392|5.3|5.3|5|8
23.7|95.15|1103|392|5.3|5.3|5|8
23.8|95.35|1098|391|5.3|5.3|5|8
23.9|95.41|1095|391|5.3|5.3|5|8
24|95.46|1095|391|5.3|5.3|5|8
24.1|95.46|1090|391|5.3|5.3|5|8
24.2|95.46|1090|391|5.3|5.3|5|8
24.3|95.46|1090|391|5.3|5.3|5|8
24.4|95.38|1090|391|5.3|5.3|5|8
24.5|95.45|1090|391|5.3|5.3|5|8
24.6|95.46|1088|391|5.3|5.3|5|8
24.7|95.45|1088|391|5.3|5.3|5|8
24.8|95.43|1088|391|5.3|5.3|5|8
24.9|95.45|1088|391|5.3|5.3|5|8
25|95.45|1088|391|5.3|5.3|5|8
25.1|95.45|1088|391|5.3|5.3|5|8
25.2|95.45|1088|391|5.3|5.3|5|8
25.3|95.45|1088|391|5.3|5.3|5|8
25.4|95.41|1088|391|5.3|5.3|5|8
25.5|95.43|1088|391|5.3|5.3|5|8
25.6|95.45|1085|391|5.3|5.3|2|8
25.7|95.41|1085|391|5.3|5.3|2|8
25.8|95.1|1085|391|5.3|5.3|2|8
25.9|94.74|1085|391|5.3|5.3|2|8
26|94.31|1168|391|5.3|5.3|2|8
26.1|93.92|1258|391|5.3|5.3|2|8
26.2|93.61|1582|392|5.3|5.3|3|8
26.3|93.13|1789|392|5.3|5.3|3|8
26.4|92.83|1814|391|5.3|5.3|3|8
26.5|92.67|1835|391|5.3|5.3|3|8
26.6|92.64|1845|392|5.3|5.3|3|8
26.7|92.64|1853|392|5.3|5.3|3|8
26.8|92.63|1858|391|5.3|5.3|3|8
26.9|92.58|1861|391|5.3|5.3|3|8
27|92.58|1863|391|5.3|5.3|3|8
27.1|92.59|1863|391|5.3|5.3|3|8
27.2|92.58|1863|392|5.3|5.3|3|8
27.3|92.56|1866|391|5.3|5.3|3|8
27.4|92.58|1866|391|5.3|5.3|3|8
27.5|92.6|1866|391|5.3|5.3|3|8
27.6|92.6|1866|391|5.3|5.3|3|8
27.7|92.56|1869|391|5.3|5.3|3|8
27.8|92.56|1869|391|5.3|5.3|3|8
27.9|92.59|1869|391|5.3|5.3|3|8
28|92.62|1869|392|5.3|5.3|3|8
28.1|92.59|1869|391|5.3|5.3|3|8
28.2|92.59|1869|391|5.3|5.3|4|8
28.3|92.6|1869|391|5.3|5.3|4|8
28.4|92.92|1861|391|5.3|5.3|4|8
28.5|93.1|1851|392|5.3|5.3|4|8
28.6|93.29|1845|392|5.3|5.3|4|8
28.7|94.09|1830|392|5.3|5.3|4|8
28.8|94.76|1809|392|5.3|5.3|4|8
28.9|95.37|1737|392|5.3|5.3|4|8
29|95.94|1286|392|5.3|5.3|5|8
29.1|96.33|1101|392|5.3|5.3|5|8
29.2|96.48|1098|392|5.3|5.3|5|8
29.3|96.48|1095|392|5.3|5.3|5|8
29.4|96.48|1095|392|5.3|5.3|5|8
29.5|96.57|1093|392|5.3|5.3|5|8
29.6|96.56|1093|392|5.3|5.3|5|8
29.7|96.52|1090|391|5.3|5.3|5|8
29.8|96.55|1090|391|5.3|5.3|5|8
29.9|96.55|1090|391|5.3|5.3|5|8
30|96.55|1090|391|5.3|5.3|5|8
30.1|96.55|1090|391|5.3|5.3|5|8
30.2|96.53|1090|391|5.3|5.3|5|8
30.3|96.55|1088|391|5.3|5.3|5|8
30.4|96.53|1088|391|5.3|5.3|5|8
30.5|96.53|1088|392|5.3|5.3|5|8
30.6|96.55|1088|391|5.3|5.3|5|8
30.7|96.53|1088|391|5.3|5.3|5|8
30.8|96.55|1088|391|5.3|5.3|5|8
30.9|96.56|1088|391|5.3|5.3|5|8
31|96.53|1088|391|5.3|5.3|2|8
31.1|96.56|1085|391|5.3|5.3|2|8
31.2|96.19|1088|391|5.3|5.3|2|8
31.3|95.81|1085|391|5.3|5.3|2|8
31.4|95.33|1126|391|5.3|5.3|2|8
31.5|94.92|1214|392|5.3|5.3|2|8
31.6|94.59|1222|392|5.3|5.3|2|8
31.7|94.27|1389|392|5.3|5.3|2|8
31.8|93.64|1760|391|5.3|5.3|3|8
31.9|93.23|1817|391|5.3|5.3|3|8
32|93.03|1827|392|5.3|5.3|3|8
32.1|92.88|1843|391|5.3|5.3|3|8
32.2|92.92|1851|391|5.3|5.3|3|8
32.3|92.83|1856|391|5.3|5.3|3|8
32.4|92.9|1861|391|5.3|5.3|3|8
32.5|92.87|1863|391|5.3|5.3|3|8
32.6|92.86|1869|391|5.3|5.3|3|8
32.7|92.86|1871|391|5.3|5.3|3|8
32.8|92.87|1874|391|5.3|5.3|3|8
32.9|92.86|1874|391|5.3|5.3|3|8
33|92.87|1876|391|5.3|5.3|3|8
33.1|92.87|1876|392|5.3|5.3|3|8
33.2|92.87|1879|392|5.3|5.3|3|8
33.3|92.86|1879|392|5.3|5.3|3|8
33.4|92.86|1881|392|5.3|5.3|3|8
33.5|92.88|1881|391|5.3|5.3|3|8
33.6|92.86|1884|392|5.3|5.3|3|8
33.7|92.87|1884|392|5.3|5.3|3|8
33.8|92.87|1884|391|5.3|5.3|4|8
33.9|92.96|1884|391|5.3|5.3|4|8
34|93.19|1871|392|5.3|5.3|4|8
34.1|93.72|1848|392|5.3|5.3|4|8
34.2|94.32|1180|392|5.3|5.3|5|8
34.3|94.7|1103|392|5.3|5.3|5|8
34.4|94.78|1101|392|5.3|5.3|5|8
34.5|94.82|1098|392|5.3|5.3|5|8
34.6|94.91|1095|392|5.3|5.3|5|8
34.7|94.94|1095|392|5.3|5.3|5|8
34.8|94.87|1093|392|5.3|5.3|5|8
34.9|94.92|1093|392|5.3|5.3|5|8
35|94.9|1093|392|5.3|5.3|5|8
35.1|94.92|1090|391|5.3|5.3|5|8
35.2|94.92|1090|391|5.3|5.3|5|8
35.3|94.91|1090|391|5.3|5.3|5|8
35.4|94.98|1090|391|5.3|5.3|5|8
35.5|94.87|1090|391|5.3|5.3|5|8
35.6|94.91|1090|391|5.3|5.3|5|8
35.7|94.9|1090|391|5.3|5.3|5|8
35.8|94.91|1088|391|5.3|5.3|5|8
35.9|94.91|1088|391|5.3|5.3|5|8
36|94.98|1088|391|5.3|5.3|5|8
36.1|94.84|1088|391|5.3|5.3|5|8
36.2|94.92|1088|391|5.3|5.3|2|8
36.3|94.82|1088|391|5.3|5.3|2|8
36.4|94.47|1088|391|5.3|5.3|2|8
36.5|94.1|1085|391|5.3|5.3|2|8
36.6|93.69|1348|392|5.3|5.3|2|8
36.7|93.29|1786|391|5.3|5.3|3|8
36.8|93.04|1825|391|5.3|5.3|3|8
36.9|92.87|1843|391|5.3|5.3|3|8
37|92.82|1856|391|5.3|5.3|3|8
37.1|92.74|1861|391|5.3|5.3|3|8
37.2|92.76|1866|391|5.3|5.3|3|8
37.3|92.78|1869|391|5.3|5.3|3|8
37.4|92.78|1871|391|5.3|5.3|3|8
37.5|92.79|1874|391|5.3|5.3|3|8
37.6|92.75|1876|391|5.3|5.3|3|8
37.7|92.75|1876|391|5.3|5.3|3|8
37.8|92.78|1879|391|5.3|5.3|3|8
37.9|92.78|1879|391|5.3|5.3|3|8
38|92.78|1881|391|5.3|5.3|3|8
38.1|92.76|1881|391|5.3|5.3|3|8
38.2|92.76|1884|391|5.3|5.3|3|8
38.3|92.76|1884|391|5.3|5.3|3|8
38.4|92.76|1887|391|5.3|5.3|3|8
38.5|92.76|1887|391|5.3|5.3|3|8
38.6|92.78|1887|391|5.3|5.3|3|8
38.7|92.78|1887|391|5.3|5.3|4|8
38.8|92.95|1884|392|5.3|5.3|4|8
38.9|93.18|1871|392|5.3|5.3|4|8
39|93.8|1740|392|5.3|5.3|4|8
39.1|94.29|1126|392|5.3|5.3|2|8
39.2|94.39|1098|392|5.3|5.3|2|8
39.3|94.35|1098|392|5.3|5.3|2|8
39.4|94.25|1095|392|5.3|5.3|2|8
39.5|94.24|1093|392|5.3|5.3|2|8
39.6|94.19|1093|392|5.3|5.3|2|8
39.7|94.04|1093|392|5.3|5.3|2|8
39.8|94.05|1090|392|5.3|5.3|2|8
39.9|93.97|1103|391|5.3|5.3|2|8
40|93.93|1090|392|5.3|5.3|2|8
40.1|93.86|1103|391|5.3|5.3|2|8
40.2|93.85|1088|391|5.3|5.3|2|8
40.3|93.72|1186|391|5.3|5.3|2|8
40.4|93.68|1090|392|5.3|5.3|2|8
40.5|93.57|1180|392|5.3|5.3|2|8
40.6|93.6|1129|392|5.3|5.3|2|8
40.7|93.57|1242|392|5.3|5.3|2|8
40.8|93.45|1325|392|5.3|5.3|2|8
40.9|93.37|1753|392|5.3|5.3|2|8
41|93.46|1771|392|5.3|5.3|2|8
41.1|93.55|1763|392|5.3|5.3|2|8
41.2|93.78|1464|392|5.3|5.3|2|8
41.3|93.88|1101|392|5.3|5.3|2|8
41.4|94|1093|392|5.3|5.3|2|8
41.5|93.98|1093|392|5.3|5.3|2|8
41.6|93.93|1090|392|5.3|5.3|2|8
41.7|93.85|1095|392|5.3|5.3|2|8
41.8|93.86|1090|392|5.3|5.3|2|8
41.9|93.7|1222|392|5.3|5.3|2|8
42|93.66|1116|392|5.3|5.3|2|8
42.1|93.55|1237|392|5.3|5.3|2|8
42.2|93.6|1129|392|5.3|5.3|2|8
42.3|93.57|1139|392|5.3|5.3|2|8
42.4|93.43|1157|392|5.3|5.3|2|8
42.5|93.35|1211|392|5.3|5.3|2|8
42.6|93.27|1384|392|5.3|5.3|2|8
42.7|93.19|1134|392|5.3|5.3|2|8
42.8|93.27|1170|392|5.3|5.3|2|8
42.9|93.11|1430|392|5.3|5.3|2|8
43|93.04|1224|392|5.3|5.3|2|8
43.1|92.99|1276|392|5.3|5.3|2|8
43.2|92.88|1211|392|5.3|5.3|2|8
43.3|92.88|1209|392|5.3|5.3|2|8
43.4|92.74|1178|392|5.3|5.3|2|8
43.5|92.67|1193|392|5.3|5.3|2|8
43.6|92.64|1376|392|5.3|5.3|2|8
43.7|92.6|1253|392|5.3|5.3|2|8
43.8|92.52|1304|392|5.3|5.3|2|8
43.9|92.41|1240|392|5.3|5.3|2|8
44|92.37|1250|392|5.3|5.3|2|8
44.1|92.23|1206|392|5.3|5.3|2|8
44.2|92.19|1253|392|5.3|5.3|2|8
44.3|92.08|1229|392|5.3|5.3|2|8
44.4|92.02|1180|392|5.3|5.3|2|8
44.5|91.94|1263|392|5.3|5.3|2|8
44.6|91.92|1276|392|5.3|5.3|2|8
44.7|91.84|1353|392|5.3|5.3|2|8
44.8|91.74|1276|392|5.3|5.3|2|8
44.9|91.61|1206|392|5.3|5.3|2|8
45|91.56|1309|392|5.3|5.3|2|8
45.1|91.49|1271|392|5.3|5.3|2|8
45.2|91.41|1325|392|5.3|5.3|2|8
45.3|91.25|1232|392|5.3|5.3|2|8
45.4|91.23|1232|392|5.3|5.3|2|8
45.5|91.18|1265|392|5.3|5.3|2|8
45.6|91.05|1201|392|5.3|5.3|2|8
45.7|90.95|1286|392|5.3|5.3|2|8
45.8|90.84|1291|392|5.3|5.3|2|8
45.9|90.79|1284|392|5.3|5.3|2|8
46|90.67|1302|392|5.3|5.3|2|8
46.1|90.55|1268|392|5.3|5.3|2|8
46.2|90.51|1155|392|5.3|5.3|2|8
46.3|90.36|1173|392|5.3|5.3|2|8
46.4|90.32|1124|392|5.3|5.3|2|8
46.5|90.2|1235|392|5.3|5.3|2|8
46.6|90.09|1356|392|5.3|5.3|2|8
46.7|90.01|1121|393|5.3|5.3|2|8
46.8|89.9|1147|392|5.3|5.3|2|8
46.9|89.8|1260|393|5.3|5.3|2|8
47|89.73|1343|392|5.3|5.3|2|8
47.1|89.56|1376|393|5.3|5.3|2|8
47.2|89.5|1260|392|5.3|5.3|2|8
47.3|89.38|1263|393|5.3|5.3|2|8
47.4|89.27|1119|393|5.3|5.3|2|8
47.5|89.17|1178|393|5.3|5.3|2|8
47.6|89.07|1211|394|5.3|5.3|2|8
47.7|88.98|1320|394|5.3|5.3|2|8
47.8|88.88|1101|393|5.3|5.3|2|8
47.9|88.72|1216|392|5.3|5.3|2|8
48|88.6|1165|392|5.3|5.3|2|8
48.1|88.54|1335|392|5.3|5.3|2|8
48.2|88.4|1209|392|5.3|5.3|2|8
48.3|88.23|1265|392|5.3|5.3|2|8
48.4|88.16|1229|392|5.3|5.3|2|8
48.5|88.04|1356|392|5.3|5.3|2|8
48.6|87.92|1278|392|5.3|5.3|2|8
48.7|87.8|1348|392|5.3|5.3|2|8
48.8|87.65|1302|392|5.3|5.3|2|8
48.9|87.57|1113|392|5.3|5.3|2|8
49|87.42|1168|392|5.3|5.3|2|8
49.1|87.26|1235|392|5.3|5.3|2|8
49.2|87.19|1232|392|5.3|5.3|2|8
49.3|87.05|1175|393|5.3|5.3|2|8
49.4|86.91|1430|392|5.3|5.3|2|8
49.5|86.82|1242|392|5.3|5.3|2|8
49.6|86.71|1137|392|5.3|5.3|2|8
49.7|86.68|1186|392|5.3|5.3|2|8
49.8|86.62|1126|392|5.3|5.3|2|8
49.9|86.55|1157|392|5.3|5.3|2|8
50|86.44|1224|392|5.3|5.3|2|8
50.1|86.42|1147|392|5.3|5.3|2|8
50.2|86.33|1369|392|5.3|5.3|2|8
50.3|86.27|1106|392|5.3|5.3|2|8
50.4|86.19|1178|392|5.3|5.3|2|8
50.5|86.13|1253|392|5.3|5.3|2|8
50.6|86.05|1204|392|5.3|5.3|2|8
50.7|85.93|1175|392|5.3|5.3|2|8
50.8|85.92|1237|392|5.3|5.3|2|8
50.9|85.76|1142|392|5.3|5.3|2|8
51|85.74|1216|392|5.3|5.3|2|8
51.1|85.58|1314|392|5.3|5.3|2|8
51.2|85.54|1149|392|5.3|5.3|2|8
51.3|85.46|1170|392|5.3|5.3|2|8
51.4|85.34|1142|392|5.3|5.3|2|8
51.5|85.22|1144|392|5.3|5.3|2|8
51.6|85.18|1307|392|5.3|5.3|2|8
51.7|85.06|1157|392|5.3|5.3|2|8
51.8|84.97|1204|392|5.3|5.3|2|8
51.9|84.87|1289|392|5.3|5.3|2|8
52|84.78|1245|392|5.3|5.3|2|8
52.1|84.59|1242|392|5.3|5.3|2|8
52.2|84.51|1191|392|5.3|5.3|2|8
52.3|84.38|1265|392|5.3|5.3|2|8
52.4|84.29|1263|392|5.3|5.3|2|8
52.5|84.24|1186|392|5.3|5.3|2|8
52.6|84.09|1369|393|5.3|5.3|2|8
52.7|83.93|1227|393|5.3|5.3|2|8
52.8|83.83|1384|392|5.3|5.3|2|8
52.9|83.68|1139|392|5.3|5.3|2|8
53|83.57|1258|392|5.3|5.3|2|8
53.1|83.44|1232|392|5.3|5.3|2|8
53.2|83.28|1289|392|5.3|5.3|2|8
53.3|83.11|1255|392|5.3|5.3|2|8
53.4|82.99|1240|392|5.3|5.3|2|8
53.5|82.83|1314|392|5.3|5.3|2|8
53.6|82.71|1263|392|5.3|5.3|2|8
53.7|82.55|1253|392|5.3|5.3|2|8
53.8|82.38|1369|392|5.3|5.3|2|8
53.9|82.17|1214|392|5.3|5.3|2|8
54|82.05|1286|392|5.3|5.3|2|8
54.1|81.88|1173|392|5.3|5.3|2|8
54.2|81.73|1389|392|5.3|5.3|2|8
54.3|81.5|1351|392|5.3|5.3|2|8
54.4|81.3|1281|392|5.3|5.3|2|8
54.5|81.17|1253|392|5.3|5.3|2|8
54.6|80.98|1307|392|5.3|5.3|2|8
54.7|80.42|1691|392|5.3|5.3|6|8
54.8|78.09|1915|392|5.3|5.3|6|8
54.9|75.2|327|392|5.3|5.3|7|8
55|72.65|0|390|5.3|5.3|7|8
55.1|71.2|0|390|5.3|5.3|7|8
55.2|70.53|0|390|5.3|5.3|7|8
55.3|70.23|0|390|5.3|5.3|7|8
55.4|70.12|0|390|5.3|5.3|7|8
55.5|70.02|0|390|5.3|5.3|7|8
55.6|70.06|0|390|5.3|5.3|7|8
55.7|70.07|0|390|5.3|5.3|7|8
55.8|69.98|0|389|5.3|5.3|7|8
55.9|69.95|0|388|5.3|5.3|7|8
56|69.92|0|388|5.3|5.3|7|8
56.1|69.98|0|388|5.3|5.3|7|8
56.2|69.94|0|388|5.3|5.3|7|8
56.3|69.98|0|388|5.3|5.3|7|8
56.4|69.99|0|388|5.3|5.3|7|8
56.5|70.04|0|388|5.3|5.3|7|8
56.6|70.04|0|388|5.3|5.3|7|8
56.7|69.99|0|388|5.3|5.3|7|8
56.8|69.98|0|388|5.3|5.3|7|8
56.9|69.95|0|388|5.3|5.3|7|8
57|69.92|0|388|5.3|5.3|7|8
57.1|69.92|0|388|5.3|5.3|7|8
57.2|69.95|0|388|5.3|5.3|7|8
57.3|69.98|0|388|5.3|5.3|7|8
57.4|70.02|0|388|5.3|5.3|7|8
57.5|69.99|0|388|5.3|5.3|7|8
57.6|69.96|0|388|5.3|5.3|7|8
57.7|69.94|0|388|5.3|5.3|7|8
57.8|69.88|0|388|5.3|5.3|7|8
57.9|69.94|0|388|5.3|5.3|7|8
58|69.98|0|388|5.3|5.3|7|8
58.1|70.02|0|388|5.3|5.3|7|8
58.2|69.99|0|388|5.3|5.3|7|8
58.3|69.94|0|388|5.3|5.3|7|8
58.4|69.9|0|388|5.3|5.3|7|8
58.5|69.92|0|388|5.3|5.3|7|8
58.6|69.99|0|388|5.3|5.3|7|8
58.7|70.04|0|388|5.3|5.3|7|8
58.8|69.98|0|388|5.3|5.3|7|8
58.9|69.98|0|388|5.3|5.3|7|8
59|69.95|0|388|5.3|5.3|7|8
59.1|69.95|0|388|5.3|5.3|7|8
59.2|69.95|0|388|5.3|5.3|7|8
59.3|69.88|0|388|5.3|5.3|7|8
59.4|69.92|0|388|5.3|5.3|7|8
59.5|69.95|0|388|5.3|5.3|7|8
59.6|69.95|0|388|5.3|5.3|7|8
59.7|69.95|0|388|5.3|5.3|7|8
59.8|69.98|0|388|5.3|5.3|7|8
59.9|70|0|388|5.3|5.3|7|8
60|69.99|0|388|5.3|5.3|7|8
60.1|69.95|0|388|5.3|5.3|7|8
60.2|69.94|0|388|5.3|5.3|7|8
60.3|69.88|0|388|5.3|5.3|7|8
60.4|69.94|0|388|5.3|5.3|7|8
60.5|69.96|0|388|5.3|5.3|7|8
60.6|70.04|0|388|5.3|5.3|7|8
60.7|69.99|0|388|5.3|5.3|7|8
60.8|69.95|0|388|5.3|5.3|7|8
60.9|69.96|0|388|5.3|5.3|7|8
61|69.95|0|388|5.3|5.3|7|8
61.1|69.94|0|388|5.3|5.3|7|8
61.2|69.92|0|388|5.3|5.3|7|8
61.3|69.88|0|388|5.3|5.3|7|8
61.4|69.94|0|388|5.3|5.3|7|8
61.5|69.92|0|388|5.3|5.3|7|8
61.6|69.94|0|388|5.3|5.3|7|8
61.7|69.96|0|388|5.3|5.3|7|8
61.8|69.99|0|388|5.3|5.3|7|8
61.9|69.99|0|388|5.3|5.3|7|8
62|69.96|0|388|5.3|5.3|7|8
62.1|69.95|0|388|5.3|5.3|7|8
62.2|69.95|0|388|5.3|5.3|7|8
62.3|69.96|0|388|5.3|5.3|7|8
62.4|69.92|0|388|5.3|5.3|7|8
62.5|69.9|0|388|5.3|5.3|7|8
62.6|69.92|0|388|5.3|5.3|7|8
62.7|69.94|0|388|5.3|5.3|7|8
62.8|69.95|0|388|5.3|5.3|7|8
62.9|70|0|388|5.3|5.3|7|8
63|69.98|0|388|5.3|5.3|7|8
63.1|69.96|0|388|5.3|5.3|7|8
63.2|69.94|0|388|5.3|5.3|7|8
63.3|69.92|0|388|5.3|5.3|7|8
63.4|69.9|0|388|5.3|5.3|7|8
63.5|69.92|0|388|5.3|5.3|7|8
63.6|69.94|0|388|5.3|5.3|7|8
63.7|69.95|0|388|5.3|5.3|7|8
63.8|69.99|0|388|5.3|5.3|7|8
63.9|69.99|0|388|5.3|5.3|7|8
64|69.94|0|388|5.3|5.3|7|8
64.1|69.94|0|388|5.3|5.3|7|8
64.2|69.94|0|388|5.3|5.3|7|8
64.3|69.94|0|388|5.3|5.3|7|8
64.4|69.9|0|388|5.3|5.3|7|8
64.5|69.92|0|388|5.3|5.3|7|8
64.6|69.94|0|388|5.3|5.3|7|8
64.7|69.95|0|388|5.3|5.3|7|8
64.8|69.99|0|388|5.3|5.3|7|8
64.9|69.96|0|388|5.3|5.3|7|8
65|69.92|0|388|5.3|5.3|7|8
65.1|69.91|0|396|5.3|5.3|7|8
65.2|69.9|0|398|5.3|5.3|7|8
65.3|69.92|0|399|5.3|5.3|7|8
65.4|69.94|0|400|5.3|5.3|7|8
65.5|69.92|0|400|5.3|5.3|7|8
65.6|69.94|0|400|5.3|5.3|7|8
65.7|69.94|0|400|5.3|5.3|7|8
65.8|69.95|0|400|5.3|5.3|7|8
65.9|69.98|0|400|5.3|5.3|7|8
66|69.92|0|400|5.3|5.3|7|8
66.1|69.92|0|400|5.3|5.3|7|8
66.2|69.91|0|400|5.3|5.3|7|8
66.3|69.9|0|400|5.3|5.3|7|8
66.4|69.92|0|400|5.3|5.3|7|8
66.5|69.92|0|400|5.3|5.3|7|8
66.6|69.94|0|400|5.3|5.3|7|8
66.7|69.96|0|400|5.3|5.3|7|8
66.8|70|0|400|5.3|5.3|7|8
66.9|69.91|0|400|5.3|5.3|7|8
67|69.9|0|400|5.3|5.3|7|8
67.1|69.91|0|400|5.3|5.3|7|8
67.2|69.92|0|400|5.3|5.3|7|8
67.3|69.94|0|400|5.3|5.3|7|8
67.4|69.99|0|400|5.3|5.3|7|8
67.5|69.94|0|400|5.3|5.3|7|8
67.6|69.92|0|400|5.3|5.3|7|8
67.7|69.92|0|400|5.3|5.3|7|8
67.8|69.92|0|400|5.3|5.3|7|8
67.9|69.91|0|400|5.3|5.3|8|8
68|69.91|0|400|5.2|5.2|8|8
68.1|69.9|0|400|5.3|5.3|8|8
68.2|69.9|0|400|5.3|5.3|8|8
68.3|69.87|0|400|5.3|5.3|8|8
68.4|69.84|0|400|5.3|5.3|8|8
68.5|69.86|0|400|5.3|5.3|8|8
68.6|69.86|0|400|5.3|5.3|8|8
68.7|69.84|0|400|5.3|5.3|8|8
68.8|69.86|0|400|5.3|5.2|8|8
68.9|69.88|0|400|5.2|5.2|8|8
69|69.9|0|400|5.2|5.2|8|8
69.1|69.9|0|401|5.2|5.2|8|8
69.2|69.88|0|401|5.2|5.2|8|8
69.3|69.88|0|401|5.2|5.2|8|8
69.4|69.88|0|401|5.1|5.1|8|8
69.5|69.87|0|401|5.2|5.2|8|8
69.6|69.9|0|401|5.1|5.1|8|8
69.7|69.9|0|401|5.1|5.1|8|8
69.8|69.9|0|401|5.1|5.1|8|8
69.9|69.9|0|401|5.1|5.1|8|8
70|72.04|0|401|5.1|5.1|8|8
70.1|75.05|0|401|5.1|5.1|8|8
70.2|78.08|0|401|5.1|5.1|8|8
70.3|81.06|0|401|5.1|5.1|8|8
70.4|84.01|0|401|5.1|5.1|8|8
70.5|86.91|0|401|5.1|5.1|8|8
70.6|89.84|0|401|5.1|5.1|8|8
70.7|92.78|0|401|5.1|5.1|8|8
70.8|94.72|0|401|5.1|5.1|8|8
70.9|95.53|0|401|5.1|5.1|8|8
