0|96.04|902|466|3.9|3.9|1|8
0.1|96.02|997|465|3.9|3.9|1|8
0.2|96.06|1003|465|3.9|3.9|1|8
0.3|96.06|1005|464|3.9|3.9|1|8
0.4|96.04|1008|464|3.9|3.9|1|8
0.5|96|1008|464|3.9|3.9|2|8
0.6|95.74|1010|464|3.9|3.9|2|8
0.7|95.37|1008|465|3.9|3.9|2|8
0.8|94.94|1010|465|3.9|3.9|2|8
0.9|94.48|1013|465|3.9|3.9|2|8
1|93.97|1013|465|3.9|3.9|2|8
1.1|93.43|1018|466|3.9|3.9|2|8
1.2|92.96|1108|464|3.9|3.9|2|8
1.3|92.51|1675|463|3.9|3.9|3|8
1.4|92.17|1776|463|3.9|3.9|3|8
1.5|92.11|1794|463|3.9|3.9|3|8
1.6|91.98|1812|463|3.9|3.9|3|8
1.7|91.93|1825|463|3.9|3.9|3|8
1.8|91.9|1827|463|3.9|3.9|3|8
1.9|91.93|1832|463|3.9|3.9|3|8
2|91.89|1835|462|3.9|3.9|3|8
2.1|91.89|1840|462|3.9|3.9|3|8
2.2|91.85|1843|462|3.9|3.9|3|8
2.3|91.86|1845|462|3.9|3.9|3|8
2.4|91.88|1848|463|3.9|3.9|3|8
2.5|91.89|1851|463|3.9|3.9|3|8
2.6|91.88|1853|463|3.9|3.9|3|8
2.7|91.88|1853|463|3.9|3.9|3|8
2.8|91.89|1856|463|3.9|3.9|3|8
2.9|91.85|1858|463|3.9|3.9|3|8
3|91.86|1858|463|3.9|3.9|3|8
3.1|91.88|1861|463|3.9|3.9|3|8
3.2|91.86|1863|463|3.9|3.9|3|8
3.3|91.84|1863|462|3.9|3.9|4|8
3.4|91.92|1863|462|3.9|3.9|4|8
3.5|92.28|1832|462|3.9|3.9|4|8
3.6|92.75|1219|463|3.9|3.9|5|8
3.7|93.11|1052|464|3.9|3.9|5|8
3.8|93.26|1046|464|3.9|3.9|5|8
3.9|93.31|1044|464|3.9|3.9|5|8
4|93.38|1041|464|3.9|3.9|5|8
4.1|93.39|1041|464|3.9|3.9|5|8
4.2|93.42|1039|464|3.9|3.9|5|8
4.3|93.45|1039|464|3.9|3.9|5|8
4.4|93.38|1039|464|3.9|3.9|5|8
4.5|93.33|1034|464|3.9|3.9|5|8
4.6|93.39|1039|464|3.9|3.9|5|8
4.7|93.39|1039|465|3.9|3.9|5|8
4.8|93.42|1039|465|3.9|3.9|5|8
4.9|93.41|1039|465|3.9|3.9|5|8
5|93.39|1036|465|3.9|3.9|5|8
5.1|93.33|1036|464|3.9|3.9|5|8
5.2|93.38|1036|465|3.9|3.9|5|8
5.3|93.38|1036|465|3.9|3.9|5|8
5.4|93.39|1036|465|3.9|3.9|5|8
5.5|93.41|1036|464|3.9|3.9|5|8
5.6|93.38|1036|464|3.9|3.9|2|8
5.7|93.39|1036|464|3.9|3.9|2|8
5.8|93.04|1036|464|3.9|3.9|2|8
5.9|92.66|1036|464|3.9|3.9|2|8
6|92.13|1562|464|3.9|3.9|2|8
6.1|91.85|1817|463|3.9|3.9|3|8
6.2|91.58|1843|462|3.9|3.9|3|8
6.3|91.57|1853|462|3.9|3.9|3|8
6.4|91.56|1861|462|3.9|3.9|3|8
6.5|91.49|1869|462|3.9|3.9|3|8
6.6|91.45|1874|462|3.9|3.9|3|8
6.7|91.39|1874|462|3.9|3.9|3|8
6.8|91.42|1876|462|4|3.9|3|8
6.9|91.42|1879|463|3.9|3.9|3|8
7|91.42|1881|463|3.9|3.9|3|8
7.1|91.41|1884|463|4|3.9|3|8
7.2|91.41|1887|462|4|3.9|3|8
7.3|91.47|1889|462|3.9|3.9|3|8
7.4|91.46|1889|462|3.9|3.9|3|8
7.5|91.41|1892|462|4|3.9|3|8
7.6|91.41|1892|462|4|3.9|3|8
7.7|91.39|1894|462|4|4|3|8
7.8|91.41|1897|462|3.9|3.9|3|8
7.9|91.41|1899|462|4|3.9|3|8
8|91.42|1902|462|4|4|3|8
8.1|91.42|1902|462|3.9|3.9|4|8
8.2|91.6|1899|462|4|3.9|4|8
8.3|92.07|1686|462|4|3.9|4|8
8.4|92.58|1085|463|4|4|5|8
8.5|92.78|1054|465|4|4|5|8
8.6|92.9|1052|465|4|4|5|8
8.7|92.9|1049|465|4|4|5|8
8.8|92.92|1046|465|4|4|5|8
8.9|92.92|1046|465|4|4|5|8
9|92.95|1046|465|4|4|5|8
9.1|92.98|1046|465|4|4|5|8
9.2|92.98|1044|465|4|4|5|8
9.3|92.92|1044|465|4|4|5|8
9.4|92.9|1044|465|4|4|5|8
9.5|92.92|1044|465|4|4|5|8
9.6|92.94|1044|465|4|4|5|8
9.7|92.92|1044|465|4|4|5|8
9.8|92.95|1044|465|4|4|5|8
9.9|92.98|1044|465|4|4|5|8
10|92.96|1044|466|4|4|5|8
10.1|92.92|1044|466|4|4|5|8
10.2|92.94|1044|466|4|4|5|8
10.3|92.94|1046|466|4|4|5|8
10.4|92.94|1046|466|4|4|2|8
10.5|92.68|1046|465|4|4|2|8
10.6|92.33|1059|448|4|4|2|8
10.7|91.89|1247|440|4|4|2|8
10.8|91.56|1840|436|4|4|3|8
10.9|91.35|1879|434|4|4|3|8
11|91.25|1897|433|4|4|3|8
11.1|91.18|1907|433|4|4|3|8
11.2|91.02|1915|432|4|4|3|8
11.3|91.13|1918|433|4|4|3|8
11.4|91.06|1925|433|4|4|3|8
11.5|91.09|1925|433|4|4|3|8
11.6|91.11|1930|433|4|4|3|8
11.7|91.05|1930|433|4|4|3|8
11.8|91.09|1930|433|4|4|3|8
11.9|91.11|1941|434|4|4|3|8
12|91.07|1943|434|4|4|3|8
12.1|91.06|1943|434|4|4|3|8
12.2|91.07|1946|434|4|4|3|8
12.3|91.07|1948|434|4|4|3|8
12.4|91.07|1951|433|4|4|3|8
12.5|91.1|1954|434|4|4|3|8
12.6|91.03|1954|434|4|4|3|8
12.7|91.1|1956|433|4|4|3|8
12.8|91.15|1956|434|4|4|4|8
12.9|91.22|1956|433|4|4|4|8
13|91.58|1879|433|4|4|4|8
13.1|92.08|1106|436|4|4|5|8
13.2|92.35|1075|436|4|4|5|8
13.3|92.48|1070|436|4|4|5|8
13.4|92.56|1070|436|4|4|5|8
13.5|92.53|1072|436|4|4|5|8
13.6|92.47|1070|436|4|4|5|8
13.7|92.55|1070|436|4|4|5|8
13.8|92.58|1067|436|4|4|5|8
13.9|92.55|1067|435|4|4|5|8
14|92.47|1067|435|4|4|5|8
14.1|92.59|1067|435|4|4|5|8
14.2|92.53|1064|435|4|4|5|8
14.3|92.44|1067|435|4|4|5|8
14.4|92.59|1067|435|4|4|5|8
14.5|92.51|1067|435|4|4|5|8
14.6|92.56|1067|434|4|4|5|8
14.7|92.58|1067|434|4|4|5|8
14.8|92.47|1064|434|4|4|5|8
14.9|92.58|1067|434|4|4|5|8
15|92.51|1067|434|4|4|5|8
15.1|92.51|1067|434|4|4|2|8
15.2|92.36|1067|434|4|4|2|8
15.3|91.96|1067|434|4|4|2|8
15.4|91.53|1492|433|4|4|2|8
15.5|91.29|1879|432|4|4|3|8
15.6|91.05|1915|432|4|4|3|8
15.7|90.95|1930|432|4|4|3|8
15.8|90.91|1941|432|4|4|3|8
15.9|90.8|1948|432|4|4|3|8
16|90.83|1954|432|4|4|3|8
16.1|90.84|1956|432|4|4|3|8
16.2|90.86|1959|432|4|4|3|8
16.3|90.82|1961|432|4|4|3|8
16.4|90.83|1964|432|4|4|3|8
16.5|90.84|1966|432|4|4|3|8
16.6|90.82|1966|432|4|4|3|8
16.7|90.86|1972|432|4|4|3|8
16.8|90.84|1972|432|4|4|3|8
16.9|90.83|1972|432|4|4|3|8
17|90.83|1974|432|4|4|3|8
17.1|90.82|1972|432|4|4|3|8
17.2|90.83|1974|432|4|4|3|8
17.3|90.84|1974|432|4|4|3|8
17.4|90.83|1977|432|4|4|3|8
17.5|90.86|1977|432|4|4|4|8
17.6|91.11|1974|432|4|4|4|8
17.7|91.47|1848|433|4|4|4|8
17.8|91.98|1119|436|4|4|5|8
17.9|92.29|1082|436|4|4|5|8
18|92.37|1080|436|4|4|5|8
18.1|92.35|1077|436|4|4|5|8
18.2|92.48|1075|435|4|4|5|8
18.3|92.39|1075|434|4|4|5|8
18.4|92.45|1075|434|4|4|5|8
18.5|92.4|1075|434|4|4|5|8
18.6|92.4|1075|434|4|4|5|8
18.7|92.49|1075|434|4|4|5|8
18.8|92.36|1075|434|4|4|5|8
18.9|92.52|1075|434|4|4|5|8
19|92.39|1075|434|4|4|5|8
19.1|92.48|1072|434|4|4|5|8
19.2|92.4|1072|434|4|4|5|8
19.3|92.45|1072|434|4|4|5|8
19.4|92.41|1072|433|4|4|5|8
19.5|92.4|1072|433|4|4|5|8
19.6|92.47|1072|433|4|4|5|8
19.7|92.36|1072|433|4|4|5|8
19.8|92.49|1072|433|4|4|2|8
19.9|92.25|1072|433|4|4|2|8
20|91.9|1072|433|4|4|2|8
20.1|91.47|1263|434|4|4|2|8
20.2|91.13|1876|432|4|4|3|8
20.3|90.94|1920|432|4|4|3|8
20.4|90.79|1941|431|4|4|3|8
20.5|90.76|1956|430|4|4|3|8
20.6|90.74|1992|412|4|4|3|8
20.7|90.67|1997|405|4|4|3|8
20.8|90.68|2003|402|4|4|3|8
20.9|90.71|2005|402|4|4|3|8
21|90.68|2008|402|4|4|3|8
21.1|90.71|2010|402|4|4|3|8
21.2|90.68|2013|401|4|4|3|8
21.3|90.7|2013|401|4|4|3|8
21.4|90.7|2015|401|4|4|3|8
21.5|90.68|2015|401|4|4|3|8
21.6|90.68|2015|401|4|4|3|8
21.7|90.68|2018|401|4|4|3|8
21.8|90.6|2018|401|4|4|3|8
21.9|90.71|2018|401|4|4|3|8
22|90.63|2018|402|4|4|3|8
22.1|90.68|2018|402|4|4|3|8
22.2|90.71|2018|402|4|4|4|8
22.3|90.87|2018|402|4|4|4|8
22.4|91.22|1995|402|4|4|4|8
22.5|91.74|1191|403|4|4|5|8
22.6|92.04|1101|402|4|4|5|8
22.7|92.33|1098|402|4|4|5|8
22.8|92.32|1093|402|4|4|5|8
22.9|92.33|1093|401|4|4|5|8
23|92.33|1093|401|4|4|5|8
23.1|92.39|1090|401|4|4|5|8
23.2|92.31|1093|401|4|4|5|8
23.3|92.35|1090|400|4|4|5|8
23.4|92.33|1088|400|4|4|5|8
23.5|92.28|1088|400|4|4|5|8
23.6|92.36|1088|400|4|4|5|8
23.7|92.31|1085|400|4|4|5|8
23.8|92.35|1085|400|4|4|5|8
23.9|92.37|1085|400|4|4|5|8
24|92.28|1085|400|4|4|5|8
24.1|92.36|1085|400|4|4|5|8
24.2|92.35|1085|400|4|4|5|8
24.3|92.29|1085|400|4|4|5|8
24.4|92.35|1082|400|4|4|5|8
24.5|92.36|1085|400|4|4|2|8
24.6|92.12|1082|400|4|4|2|8
24.7|91.89|1082|400|4|4|2|8
24.8|91.51|1085|400|4|4|2|8
24.9|91.09|1879|400|4|4|3|8
25|90.86|1951|400|4|4|3|8
25.1|90.72|1979|400|4|4|3|8
25.2|90.66|1995|400|4|4|3|8
25.3|90.58|2003|400|4|4|3|8
25.4|90.58|2005|400|4|4|3|8
25.5|90.59|2010|400|4|4|3|8
25.6|90.58|2013|400|4|4|3|8
25.7|90.59|2015|400|4|4|3|8
25.8|90.58|2018|400|4|4|3|8
25.9|90.56|2021|400|4|4|3|8
26|90.58|2023|400|4|4|3|8
26.1|90.59|2026|401|4|4|3|8
26.2|90.59|2026|401|4|4|3|8
26.3|90.59|2028|401|4|4|3|8
26.4|90.56|2026|401|4|4|3|8
26.5|90.58|2026|401|4|4|3|8
26.6|90.58|2026|401|4|4|3|8
26.7|90.62|2028|401|4|4|3|8
26.8|90.56|2026|400|4|4|3|8
26.9|90.56|2023|400|4|4|4|8
27|90.72|2028|401|4|4|4|8
27.1|91|2018|401|4|4|4|8
27.2|91.46|1820|401|4|4|4|8
27.3|92|1111|402|4|4|5|8
27.4|92.25|1098|402|4|4|5|8
27.5|92.37|1095|402|4|4|5|8
27.6|92.39|1093|401|4|4|5|8
27.7|92.37|1090|401|4|4|5|8
27.8|92.37|1090|401|4|4|5|8
27.9|92.37|1090|400|4|4|5|8
28|92.37|1090|400|4|4|5|8
28.1|92.39|1090|400|4|4|5|8
28.2|92.43|1088|400|4|4|5|8
28.3|92.35|1088|400|4|4|5|8
28.4|92.39|1088|400|4|4|5|8
28.5|92.41|1088|400|4|4|5|8
28.6|92.36|1088|400|4|4|5|8
28.7|92.39|1085|400|4|4|5|8
28.8|92.37|1085|400|4|4|5|8
28.9|92.41|1085|400|4|4|5|8
29|92.39|1085|400|4|4|5|8
29.1|92.36|1085|400|4|4|5|8
29.2|92.37|1082|400|4|4|5|8
29.3|92.37|1082|400|4|4|2|8
29.4|92.12|1082|400|4|4|2|8
29.5|91.74|1082|400|4|4|2|8
29.6|91.35|1227|400|4|4|2|8
29.7|90.99|1907|401|4|4|3|8
29.8|90.8|1959|401|4|4|3|8
29.9|90.67|1979|401|4|4|3|8
30|90.62|1992|401|4|4|3|8
30.1|90.56|2003|401|4|4|3|8
30.2|90.58|2005|401|4|4|3|8
30.3|90.56|2010|401|4|4|3|8
30.4|90.58|2015|401|4|4|3|8
30.5|90.58|2021|401|4|4|3|8
30.6|90.58|2023|399|4|4|3|8
30.7|90.59|2028|398|4|4|3|8
30.8|90.59|2028|398|4|4|3|8
30.9|90.58|2031|398|4|4|3|8
31|90.58|2031|398|4|4|3|8
31.1|90.58|2031|398|4|4|3|8
31.2|90.58|2039|398|4|4|3|8
31.3|90.59|2034|398|4|4|3|8
31.4|90.55|2034|398|4|4|3|8
31.5|90.58|2031|398|4|4|3|8
31.6|90.58|2031|398|4|4|3|8
31.7|90.6|2031|398|4|4|4|8
31.8|90.76|2034|398|4|4|4|8
31.9|91.18|2010|398|4|4|4|8
32|91.58|1314|400|4|4|5|8
32.1|92.02|1101|400|4|4|5|8
32.2|92.25|1093|400|4|4|5|8
32.3|92.39|1093|399|4|4|5|8
32.4|92.28|1090|399|4|4|5|8
32.5|92.36|1088|399|4|4|5|8
32.6|92.31|1088|398|4|4|5|8
32.7|92.33|1085|398|4|4|5|8
32.8|92.36|1085|398|4|4|5|8
32.9|92.27|1082|398|4|4|5|8
33|92.36|1082|398|4|4|5|8
33.1|92.29|1082|398|4|4|5|8
33.2|92.35|1082|398|4|4|5|8
33.3|92.35|1082|398|4|4|5|8
33.4|92.29|1080|398|4|4|5|8
33.5|92.37|1082|398|4|4|5|8
33.6|92.27|1080|398|4|4|5|8
33.7|92.37|1082|398|4|4|5|8
33.8|92.27|1080|398|4|4|5|8
33.9|92.35|1082|398|4|4|5|8
34|92.32|1082|398|4|4|2|8
34.1|92.2|1080|398|4|4|2|8
34.2|91.97|1082|398|4|4|2|8
34.3|91.57|1080|397|4|4|2|8
34.4|91.18|1765|397|4|4|3|8
34.5|90.84|1946|398|4|4|3|8
34.6|90.75|1972|398|4|4|3|8
34.7|90.64|1990|398|4|4|3|8
34.8|90.56|2000|398|4|4|3|8
34.9|90.56|2008|398|4|4|3|8
35|90.59|2013|398|4|4|3|8
35.1|90.58|2018|398|4|4|3|8
35.2|90.56|2021|398|4|4|3|8
35.3|90.56|2026|398|4|4|3|8
35.4|90.58|2028|398|4|4|3|8
35.5|90.59|2031|398|4|4|3|8
35.6|90.64|2034|398|4|4|3|8
35.7|90.6|2036|398|4|4|3|8
35.8|90.54|2036|398|4|4|3|8
35.9|90.55|2039|398|4|4|3|8
36|90.58|2036|398|4|4|3|8
36.1|90.58|2039|398|4|4|3|8
36.2|90.56|2039|398|4|4|3|8
36.3|90.55|2039|398|4|4|3|8
36.4|90.56|2039|398|4|4|4|8
36.5|90.62|2039|398|4|4|4|8
36.6|90.95|2028|398|4|4|4|8
36.7|91.3|1982|398|4|4|4|8
36.8|91.89|1224|400|4|4|2|8
36.9|92.05|1095|400|4|4|2|8
37|92.13|1093|400|4|4|2|8
37.1|92.12|1093|399|4|4|2|8
37.2|92.12|1090|399|4|4|2|8
37.3|92.08|1090|398|4|4|2|8
37.4|91.97|1088|398|4|4|2|8
37.5|91.92|1085|398|4|4|2|8
37.6|91.88|1085|398|4|4|2|8
37.7|91.77|1085|398|4|4|2|8
37.8|91.68|1082|398|4|4|2|8
37.9|91.68|1080|398|4|4|2|8
38|91.56|1080|398|4|4|2|8
38.1|91.53|1095|398|4|4|2|8
38.2|91.54|1082|398|4|4|2|8
38.3|91.46|1160|398|4|4|2|8
38.4|91.37|1149|398|4|4|2|8
38.5|91.29|1253|398|4|4|2|8
38.6|91.23|1351|398|4|4|2|8
38.7|91.22|1691|398|4|4|2|8
38.8|91.17|1394|400|4|4|2|8
38.9|91.19|1088|398|4|4|2|8
39|91.25|1082|398|4|4|2|8
39.1|91.31|1082|398|4|4|2|8
39.2|91.23|1080|397|4|4|2|8
39.3|91.23|1080|397|4|4|2|8
39.4|91.05|1804|398|4|4|2|8
39.5|91.18|1840|398|4|4|2|8
39.6|91.23|1786|398|4|4|2|8
39.7|91.46|1119|398|4|4|2|8
39.8|91.56|1085|397|4|4|2|8
39.9|91.6|1082|397|4|4|2|8
40|91.56|1082|397|4|4|2|8
40.1|91.49|1082|397|4|4|2|8
40.2|91.33|1080|397|4|4|2|8
40.3|91.34|1080|398|4|4|2|8
40.4|91.33|1080|398|4|4|2|8
40.5|91.25|1121|398|4|4|2|8
40.6|91.23|1134|398|4|4|2|8
40.7|91.06|1686|398|4|4|2|8
40.8|91.15|1157|398|4|4|2|8
40.9|91.18|1082|398|4|4|2|8
41|91.21|1080|397|4|4|2|8
41.1|91.05|1263|397|4|4|2|8
41.2|91.05|1387|398|4|4|2|8
41.3|91.06|1088|398|4|4|2|8
41.4|91.06|1080|397|4|4|2|8
41.5|91.06|1539|398|4|4|2|8
41.6|90.99|1497|398|4|4|2|8
41.7|91.15|1088|398|4|4|2|8
41.8|91.21|1080|398|4|4|2|8
41.9|91.11|1077|397|4|4|2|8
42|91.03|1077|397|4|4|2|8
42.1|91.03|1077|397|4|4|2|8
42.2|90.98|1376|398|4|4|2|8
42.3|90.96|1366|398|4|4|2|8
42.4|90.92|1366|398|4|4|2|8
42.5|90.82|1178|398|4|4|2|8
42.6|90.8|1428|398|4|4|2|8
42.7|90.71|1338|398|4|4|2|8
42.8|90.67|1142|398|4|4|2|8
42.9|90.63|1193|399|4|4|2|8
43|90.51|1381|398|4|4|2|8
43.1|90.47|1245|399|4|4|2|8
43.2|90.43|1281|398|4|4|2|8
43.3|90.37|1196|398|4|4|2|8
43.4|90.28|1369|397|4|4|2|8
43.5|90.27|1258|398|4|4|2|8
43.6|90.13|1327|398|4|4|2|8
43.7|90.08|1088|398|4|4|2|8
43.8|90.01|1302|398|4|4|2|8
43.9|89.93|1250|398|4|4|2|8
44|89.86|1247|400|4|4|2|8
44.1|89.77|1265|398|4|4|2|8
44.2|89.77|1116|398|4|4|2|8
44.3|89.65|1196|398|4|4|2|8
44.4|89.49|1175|397|4|4|2|8
44.5|89.57|1149|397|4|4|2|8
44.6|89.46|1224|398|4|4|2|8
44.7|89.31|1211|397|4|4|2|8
44.8|89.23|1186|397|4|4|2|8
44.9|89.18|1193|397|4|4|2|8
45|89.1|1268|396|4|4|2|8
45.1|89.05|1211|398|4|4|2|8
45.2|88.92|1237|398|4|4|2|8
45.3|88.86|1116|398|4|4|2|8
45.4|88.76|1227|398|4|4|2|8
45.5|88.74|1276|398|4|4|2|8
45.6|88.62|1155|397|4|4|2|8
45.7|88.51|1113|398|4|4|2|8
45.8|88.46|1124|398|4|4|2|8
45.9|88.35|1193|398|4|4|2|8
46|88.29|1229|398|4|4|2|8
46.1|88.11|1183|398|4|4|2|8
46.2|88.09|1180|398|4|4|2|8
46.3|87.99|1237|398|4|4|2|8
46.4|87.86|1263|398|4|4|2|8
46.5|87.78|1201|398|4|4|2|8
46.6|87.65|1116|398|4|4|2|8
46.7|87.64|1168|398|4|4|2|8
46.8|87.41|1278|398|4|4|2|8
46.9|87.39|1173|398|4|4|2|8
47|87.19|1101|398|4|4|2|8
47.1|87.21|1173|398|4|4|2|8
47.2|87.01|1325|398|4|4|2|8
47.3|86.99|1129|398|4|4|2|8
47.4|86.86|1224|398|4|4|2|8
47.5|86.82|1253|398|4|4|2|8
47.6|86.62|1211|398|4|4|2|8
47.7|86.54|1206|398|4|4|2|8
47.8|86.42|1309|397|4|4|2|8
47.9|86.25|1312|397|4|4|2|8
48|86.21|1188|397|4|4|2|8
48.1|86.07|1126|396|4|4|2|8
48.2|85.96|1155|396|4|4|2|8
48.3|85.8|1392|398|4|4|2|8
48.4|85.66|1214|398|4|4|2|8
48.5|85.56|1119|397|4|4|2|8
48.6|85.48|1144|397|4|4|2|8
48.7|85.27|1139|397|4|4|2|8
48.8|85.19|1211|398|4|4|2|8
48.9|85.06|1338|397|4|4|2|8
49|84.97|1304|398|4|4|2|8
49.1|84.82|1317|398|4|4|2|8
49.2|84.64|1129|398|4|4|2|8
49.3|84.5|1263|398|4|4|2|8
49.4|84.35|1276|398|4|4|2|8
49.5|84.2|1284|398|4|4|2|8
49.6|84.16|1173|398|4|4|2|8
49.7|83.87|1335|398|4|4|2|8
49.8|83.87|1235|398|4|4|2|8
49.9|83.69|1216|398|4|4|2|8
50|83.49|1245|398|4|4|2|8
50.1|83.37|1366|398|4|4|2|8
50.2|83.18|1124|398|4|4|2|8
50.3|83.1|1098|398|4|4|2|8
50.4|82.9|1188|398|4|4|2|8
50.5|82.75|1193|398|4|4|2|8
50.6|82.58|1211|398|4|4|2|8
50.7|82.38|1330|398|4|4|2|8
50.8|82.19|1284|398|4|4|2|8
50.9|82.09|1317|398|4|4|2|8
51|81.95|1237|398|4|4|2|8
51.1|81.72|1369|398|4|4|2|8
51.2|81.5|1157|398|4|4|2|8
51.3|81.45|1317|399|4|4|2|8
51.4|81.25|1232|400|4|4|2|8
51.5|81.03|1278|399|4|4|2|8
51.6|80.86|1448|400|4|4|2|8
51.7|80.66|1237|400|4|4|2|8
51.8|80.5|1399|399|4|4|2|8
51.9|80.35|1521|399|4|4|2|8
52|80.07|1351|400|4|4|2|8
52.1|79.85|1268|400|4|4|2|8
52.2|79.68|1247|398|4|4|2|8
52.3|78.89|1840|398|4|4|6|8
52.4|76.44|2049|398|4|4|6|8
52.5|73.75|111|396|4|4|7|8
52.6|71.33|0|394|4|4|7|8
52.7|70.03|0|393|4|4|7|8
52.8|69.36|0|392|4|4|7|8
52.9|69.06|0|392|4|4|7|8
53|68.94|0|392|4|4|7|8
53.1|68.82|0|392|4|4|7|8
53.2|68.84|0|392|4|4|7|8
53.3|68.79|0|392|4|4|7|8
53.4|68.79|0|392|4|4|7|8
53.5|68.75|0|392|4|4|7|8
53.6|68.74|0|392|4|4|7|8
53.7|68.75|0|392|4|4|7|8
53.8|68.77|0|392|4|4|7|8
53.9|68.77|0|392|4|4|7|8
54|68.77|0|392|4|4|7|8
54.1|68.77|0|392|4|4|7|8
54.2|68.75|0|392|4|4|7|8
54.3|68.75|0|392|4|4|7|8
54.4|68.75|0|392|4|4|7|8
54.5|68.75|0|392|4|4|7|8
54.6|68.75|0|392|4|4|7|8
54.7|68.75|0|392|4|4|7|8
54.8|68.75|0|392|4|4|7|8
54.9|68.74|0|392|4|4|7|8
55|68.74|0|392|4|4|7|8
55.1|68.74|0|392|4|4|7|8
55.2|68.74|0|392|4|4|7|8
55.3|68.74|0|392|4|4|7|8
55.4|68.75|0|392|4|4|7|8
55.5|68.73|0|392|4|4|7|8
55.6|68.7|0|392|4|4|7|8
55.7|68.73|0|392|4|4|7|8
55.8|68.73|0|392|4|4|7|8
55.9|68.74|0|392|4|4|7|8
56|68.73|0|392|4|4|7|8
56.1|68.73|0|392|4|4|7|8
56.2|68.73|0|392|4|4|7|8
56.3|68.73|0|392|4|4|7|8
56.4|68.73|0|392|4|4|7|8
56.5|68.74|0|392|4|4|7|8
56.6|68.74|0|392|4|4|7|8
56.7|68.74|0|392|4|4|7|8
56.8|68.73|0|392|4|4|7|8
56.9|68.73|0|392|4|4|7|8
57|68.73|0|392|4|4|7|8
57.1|68.73|0|392|4|4|7|8
57.2|68.74|0|392|4|4|7|8
57.3|68.73|0|392|4|4|7|8
57.4|68.73|0|392|4|4|7|8
57.5|68.73|0|392|4|4|7|8
57.6|68.73|0|392|4|4|7|8
57.7|68.73|0|392|4|4|7|8
57.8|68.73|0|392|4|4|7|8
57.9|68.73|0|392|4|4|7|8
58|68.73|0|392|4|4|7|8
58.1|68.73|0|392|4|4|7|8
58.2|68.73|0|392|4|4|7|8
58.3|68.73|0|392|4|4|7|8
58.4|68.71|0|392|4|4|7|8
58.5|68.73|0|392|4|4|7|8
58.6|68.73|0|392|4|4|7|8
58.7|68.71|0|392|4|4|7|8
58.8|68.71|0|392|4|4|7|8
58.9|68.71|0|392|4|4|7|8
59|68.73|0|392|4|4|7|8
59.1|68.71|0|392|4|4|7|8
59.2|68.73|0|392|4|4|7|8
59.3|68.71|0|392|4|4|7|8
59.4|68.71|0|392|4|4|7|8
59.5|68.73|0|392|4|4|7|8
59.6|68.73|0|392|4|4|7|8
59.7|68.71|0|392|4|4|7|8
59.8|68.73|0|392|4|4|7|8
59.9|68.71|0|392|4|4|7|8
60|68.71|0|392|4|4|7|8
60.1|68.71|0|392|4|4|7|8
60.2|68.71|0|392|4|4|7|8
60.3|68.71|0|392|4|4|7|8
60.4|68.71|0|392|4|4|7|8
60.5|68.71|0|392|4|4|7|8
60.6|68.71|0|392|4|4|7|8
60.7|68.71|0|392|4|4|7|8
60.8|68.71|0|392|4|4|7|8
60.9|68.71|0|392|4|4|7|8
61|68.71|0|392|4|4|7|8
61.1|68.71|0|392|4|4|7|8
61.2|68.71|0|392|4|4|7|8
61.3|68.71|0|392|4|4|7|8
61.4|68.71|0|392|4|4|7|8
61.5|68.71|0|392|4|4|7|8
61.6|68.71|0|392|4|4|7|8
61.7|68.71|0|392|4|4|7|8
61.8|68.71|0|392|4|4|7|8
61.9|68.71|0|392|4|4|7|8
62|68.71|0|392|4|4|7|8
62.1|68.71|0|392|4|4|7|8
62.2|68.71|0|392|4|4|7|8
62.3|68.71|0|392|4|4|7|8
62.4|68.71|0|392|4|4|7|8
62.5|68.71|0|392|4|4|7|8
62.6|68.71|0|392|4|4|7|8
62.7|68.71|0|392|4|4|7|8
62.8|68.71|0|392|4|4|7|8
62.9|68.71|0|392|4|4|7|8
63|68.7|0|392|4|4|7|8
63.1|68.7|0|392|4|4|7|8
63.2|68.7|0|392|4|4|7|8
63.3|68.71|0|392|4|4|7|8
63.4|68.7|0|392|4|4|7|8
63.5|68.71|0|393|4|4|7|8
63.6|68.71|0|403|4|4|7|8
63.7|68.7|0|408|4|4|7|8
63.8|68.7|0|409|4|4|7|8
63.9|68.7|0|410|4|4|7|8
64|68.71|0|410|4|4|7|8
64.1|68.71|0|410|4|4|7|8
64.2|68.7|0|411|4|4|7|8
64.3|68.7|0|411|4|4|7|8
64.4|68.71|0|411|4|4|7|8
64.5|68.7|0|411|4|4|7|8
64.6|68.71|0|411|4|4|7|8
64.7|68.7|0|411|4|4|7|8
64.8|68.7|0|411|4|4|7|8
64.9|68.7|0|411|4|4|7|8
65|68.7|0|410|4|4|7|8
65.1|68.7|0|411|4|4|7|8
65.2|68.7|0|411|4|4|7|8
65.3|68.7|0|411|4|4|7|8
65.4|68.7|0|411|4|4|7|8
65.5|68.69|0|411|4|4|8|8
65.6|68.7|0|411|4|4|8|8
65.7|68.66|0|411|4|4|8|8
65.8|68.53|0|411|4|4|8|8
65.9|68.58|0|411|4|4|8|8
66|68.62|0|411|4|4|8|8
66.1|68.66|0|411|4|4|8|8
66.2|68.71|0|411|4|4|8|8
66.3|68.66|0|411|4|4|8|8
66.4|68.61|0|411|4|4|8|8
66.5|68.66|0|411|4|4|8|8
66.6|68.65|0|411|4|4|8|8
66.7|68.65|0|410|4|4|8|8
66.8|68.65|0|410|4|4|8|8
66.9|68.65|0|410|4|4|8|8
67|68.66|0|409|4|4|8|8
67.1|68.73|0|409|4|4|8|8
67.2|68.69|0|409|4|4|8|8
67.3|68.61|0|409|4|4|8|8
67.4|68.63|0|409|4|4|8|8
67.5|68.69|0|409|4|4|8|8
67.6|71|0|409|4|4|8|8
67.7|73.96|0|409|4|4|8|8
67.8|76.93|0|409|4|4|8|8
67.9|79.91|0|409|4|4|8|8
68|82.83|0|409|4|4|8|8
68.1|85.73|0|409|4|4|8|8
68.2|88.59|0|409|4|4|8|8
68.3|91.5|0|409|4|4|8|8
68.4|94.04|0|409|4|4|8|8
68.5|95.21|0|409|4|4|8|8
68.6|95.68|0|409|4|4|8|8
