0|96.08|1348|396|5.1|5.1|1|8
0.1|96.08|1593|400|5.1|5.1|1|8
0.2|96.1|1616|401|5.1|5.1|1|8
0.3|96.06|1631|402|5.1|5.1|1|8
0.4|96.1|1644|402|5.1|5.1|1|8
0.5|96.06|1655|402|5.1|5.1|3|8
0.6|96.08|1662|402|5.1|5.1|3|8
0.7|96.02|1668|402|5.1|5.1|3|8
0.8|96.06|1673|402|5.1|5.1|3|8
0.9|96.06|1678|402|5.1|5.1|3|8
1|96.05|1680|402|5.1|5.1|3|8
1.1|96.08|1683|402|5.1|5.1|3|8
1.2|96.05|1686|402|5.1|5.1|3|8
1.3|96.06|1688|402|5.1|5.1|3|8
1.4|96.06|1691|402|5.1|5.1|3|8
1.5|96.01|1693|402|5.1|5.1|3|8
1.6|96.02|1696|402|5.1|5.1|3|8
1.7|96.02|1696|402|5.1|5.1|3|8
1.8|96.04|1698|402|5.1|5.1|3|8
1.9|96.04|1698|402|5.1|5.1|3|8
2|96.02|1698|402|5.1|5.1|3|8
2.1|96.04|1704|403|5.1|5.1|3|8
2.2|96.04|1709|402|5.1|5.1|3|8
2.3|96.02|1711|402|5.1|5.1|3|8
2.4|96.04|1714|403|5.1|5.1|3|8
2.5|96.04|1716|402|5.1|5.1|4|8
2.6|96.32|1706|402|5.1|5.1|4|8
2.7|96.68|1675|402|5.1|5.1|4|8
2.8|97.22|1454|402|5.1|5.1|4|8
2.9|97.62|1052|401|5.1|5.1|5|8
3|97.86|1044|400|5.1|5.1|5|8
3.1|97.84|1041|400|5.2|5.1|5|8
3.2|97.89|1039|400|5.2|5.1|5|8
3.3|97.89|1039|400|5.2|5.2|5|8
3.4|97.89|1039|400|5.2|5.2|5|8
3.5|97.9|1039|400|5.2|5.2|5|8
3.6|97.89|1036|400|5.2|5.2|5|8
3.7|97.89|1039|400|5.2|5.2|5|8
3.8|97.89|1036|400|5.2|5.2|5|8
3.9|97.89|1036|400|5.2|5.2|5|8
4|97.88|1036|400|5.2|5.2|5|8
4.1|97.93|1036|400|5.2|5.2|5|8
4.2|97.96|1036|400|5.2|5.2|5|8
4.3|97.86|1036|400|5.2|5.2|5|8
4.4|97.93|1036|400|5.2|5.2|5|8
4.5|97.8|1036|400|5.2|5.2|5|8
4.6|97.97|1036|400|5.2|5.2|5|8
4.7|97.92|1036|400|5.2|5.2|5|8
4.8|97.88|1036|400|5.2|5.2|5|8
4.9|97.85|1036|400|5.2|5.2|2|8
5|97.57|1036|400|5.2|5.2|2|8
5.1|97.15|1039|400|5.2|5.2|2|8
5.2|96.71|1106|400|5.2|5.2|2|8
5.3|96.28|1263|400|5.2|5.2|2|8
5.4|95.77|1278|401|5.2|5.2|2|8
5.5|95.23|1188|401|5.2|5.2|2|8
5.6|94.75|1384|402|5.2|5.2|2|8
5.7|94.37|1683|402|5.2|5.2|3|8
5.8|94.06|1740|402|5.2|5.2|3|8
5.9|93.98|1750|403|5.2|5.2|3|8
6|93.96|1753|403|5.2|5.2|3|8
6.1|93.94|1758|403|5.2|5.2|3|8
6.2|93.96|1760|404|5.2|5.2|3|8
6.3|93.94|1763|404|5.2|5.2|3|8
6.4|93.94|1765|403|5.2|5.2|3|8
6.5|93.89|1768|404|5.2|5.2|3|8
6.6|93.89|1768|403|5.2|5.2|3|8
6.7|93.92|1768|404|5.2|5.2|3|8
6.8|93.93|1773|403|5.2|5.2|3|8
6.9|93.92|1773|403|5.2|5.2|3|8
7|93.94|1776|403|5.2|5.2|3|8
7.1|93.93|1778|403|5.2|5.2|3|8
7.2|93.89|1778|403|5.2|5.2|3|8
7.3|93.92|1781|403|5.2|5.2|3|8
7.4|93.9|1781|404|5.2|5.2|3|8
7.5|93.89|1784|403|5.2|5.2|3|8
7.6|93.93|1784|403|5.2|5.2|3|8
7.7|93.92|1784|403|5.2|5.2|4|8
7.8|94.17|1781|403|5.2|5.2|4|8
7.9|94.57|1760|403|5.2|5.2|4|8
8|95.08|1345|404|5.2|5.2|5|8
8.1|95.45|1062|401|5.2|5.2|5|8
8.2|95.61|1057|400|5.2|5.2|5|8
8.3|95.68|1057|400|5.2|5.2|5|8
8.4|95.7|1054|400|5.2|5.2|5|8
8.5|95.76|1054|400|5.2|5.2|5|8
8.6|95.72|1054|400|5.2|5.2|5|8
8.7|95.65|1054|400|5.2|5.2|5|8
8.8|95.65|1054|400|5.2|5.2|5|8
8.9|95.72|1054|400|5.2|5.2|5|8
9|95.74|1054|400|5.2|5.2|5|8
9.1|95.68|1054|400|5.2|5.2|5|8
9.2|95.66|1054|400|5.2|5.2|5|8
9.3|95.72|1054|400|5.2|5.2|5|8
9.4|95.78|1054|400|5.2|5.2|5|8
9.5|95.7|1054|400|5.2|5.2|5|8
9.6|95.65|1054|400|5.2|5.2|5|8
9.7|95.69|1054|400|5.2|5.2|5|8
9.8|95.68|1054|400|5.2|5.2|5|8
9.9|95.68|1054|400|5.2|5.2|5|8
10|95.7|1057|400|5.2|5.2|2|8
10.1|95.72|1057|400|5.2|5.2|2|8
10.2|95.35|1057|400|5.2|5.2|2|8
10.3|94.92|1059|400|5.2|5.2|2|8
10.4|94.51|1214|398|5.2|5.2|2|8
10.5|94.05|1755|391|5.2|5.2|3|8
10.6|93.86|1789|389|5.2|5.2|3|8
10.7|93.72|1796|388|5.2|5.2|3|8
10.8|93.6|1804|388|5.2|5.2|3|8
10.9|93.61|1807|388|5.2|5.2|3|8
11|93.62|1812|388|5.2|5.2|3|8
11.1|93.6|1812|388|5.2|5.2|3|8
11.2|93.61|1812|388|5.2|5.2|3|8
11.3|93.62|1814|388|5.2|5.2|3|8
11.4|93.62|1814|388|5.2|5.2|3|8
11.5|93.65|1817|388|5.2|5.2|3|8
11.6|93.66|1817|388|5.2|5.2|3|8
11.7|93.61|1820|388|5.2|5.2|3|8
11.8|93.58|1820|388|5.2|5.2|3|8
11.9|93.62|1820|388|5.2|5.2|3|8
12|93.65|1820|388|5.2|5.2|3|8
12.1|93.6|1822|387|5.2|5.2|3|8
12.2|93.61|1822|388|5.2|5.2|3|8
12.3|93.66|1825|388|5.2|5.2|3|8
12.4|93.61|1827|388|5.2|5.2|3|8
12.5|93.61|1827|387|5.2|5.2|4|8
12.6|93.82|1827|387|5.2|5.2|4|8
12.7|94.23|1817|387|5.2|5.2|4|8
12.8|94.67|1778|387|5.2|5.2|4|8
12.9|95.23|1106|388|5.2|5.2|5|8
13|95.41|1080|387|5.2|5.2|5|8
13.1|95.49|1080|386|5.2|5.2|5|8
13.2|95.61|1077|386|5.2|5.2|5|8
13.3|95.65|1077|386|5.2|5.2|5|8
13.4|95.61|1077|386|5.2|5.2|5|8
13.5|95.58|1077|386|5.2|5.2|5|8
13.6|95.55|1077|386|5.2|5.2|5|8
13.7|95.58|1077|386|5.2|5.2|5|8
13.8|95.59|1077|386|5.2|5.2|5|8
13.9|95.59|1077|386|5.2|5.2|5|8
14|95.58|1077|386|5.2|5.2|5|8
14.1|95.53|1077|386|5.2|5.2|5|8
14.2|95.63|1077|386|5.2|5.2|5|8
14.3|95.65|1077|386|5.2|5.2|5|8
14.4|95.51|1077|386|5.2|5.2|5|8
14.5|95.61|1077|386|5.2|5.2|5|8
14.6|95.63|1077|386|5.2|5.2|5|8
14.7|95.59|1077|386|5.2|5.2|5|8
14.8|95.53|1077|386|5.2|5.2|5|8
14.9|95.63|1077|386|5.2|5.2|2|8
15|95.43|1077|386|5.2|5.2|2|8
15.1|95.04|1080|387|5.2|5.2|2|8
15.2|94.66|1216|387|5.2|5.2|2|8
15.3|94.24|1750|387|5.2|5.2|3|8
15.4|93.96|1789|387|5.2|5.2|3|8
15.5|93.88|1807|387|5.2|5.2|3|8
15.6|93.7|1817|387|5.2|5.2|3|8
15.7|93.7|1820|387|5.2|5.2|3|8
15.8|93.74|1822|387|5.2|5.2|3|8
15.9|93.72|1825|387|5.2|5.2|3|8
16|93.73|1827|387|5.2|5.2|3|8
16.1|93.73|1830|387|5.2|5.2|3|8
16.2|93.7|1835|387|5.2|5.2|3|8
16.3|93.76|1840|387|5.2|5.2|3|8
16.4|93.68|1843|387|5.2|5.2|3|8
16.5|93.76|1843|387|5.2|5.2|3|8
16.6|93.7|1843|388|5.2|5.2|3|8
16.7|93.7|1843|387|5.2|5.2|3|8
16.8|93.73|1845|387|5.2|5.2|3|8
16.9|93.69|1845|387|5.2|5.2|3|8
17|93.72|1845|387|5.2|5.2|3|8
17.1|93.73|1845|388|5.2|5.2|3|8
17.2|93.7|1848|388|5.2|5.2|3|8
17.3|93.76|1848|388|5.2|5.2|4|8
17.4|93.85|1848|387|5.2|5.2|4|8
17.5|94.29|1830|387|5.2|5.2|4|8
17.6|94.76|1593|388|5.2|5.2|4|8
17.7|95.25|1103|388|5.2|5.2|5|8
17.8|95.43|1093|387|5.2|5.2|5|8
17.9|95.45|1090|387|5.2|5.2|5|8
18|95.49|1090|387|5.2|5.2|5|8
18.1|95.54|1090|387|5.2|5.2|5|8
18.2|95.59|1088|387|5.2|5.2|5|8
18.3|95.57|1088|387|5.2|5.2|5|8
18.4|95.58|1088|387|5.2|5.2|5|8
18.5|95.58|1088|387|5.2|5.2|5|8
18.6|95.54|1088|387|5.2|5.2|5|8
18.7|95.5|1088|387|5.2|5.2|5|8
18.8|95.51|1088|387|5.2|5.2|5|8
18.9|95.5|1088|387|5.2|5.2|5|8
19|95.62|1088|387|5.2|5.2|5|8
19.1|95.57|1088|387|5.2|5.2|5|8
19.2|95.58|1088|387|5.2|5.2|5|8
19.3|95.55|1088|387|5.2|5.2|5|8
19.4|95.54|1088|387|5.2|5.2|5|8
19.5|95.57|1088|387|5.2|5.2|5|8
19.6|95.57|1088|387|5.2|5.2|5|8
19.7|95.51|1088|387|5.2|5.2|2|8
19.8|95.29|1088|387|5.2|5.2|2|8
19.9|94.9|1088|387|5.2|5.2|2|8
20|94.47|1129|387|5.2|5.2|2|8
20.1|94.01|1729|387|5.2|5.2|3|8
20.2|93.7|1822|388|5.2|5.2|3|8
20.3|93.57|1832|388|5.2|5.2|3|8
20.4|93.43|1838|388|5.2|5.2|3|8
20.5|93.41|1843|388|5.2|5.2|3|8
20.6|93.35|1848|388|5.2|5.2|3|8
20.7|93.41|1848|388|5.2|5.2|3|8
20.8|93.42|1851|388|5.2|5.2|3|8
20.9|93.42|1853|388|5.2|5.2|3|8
21|93.43|1856|388|5.2|5.2|3|8
21.1|93.43|1861|388|5.2|5.2|3|8
21.2|93.41|1858|388|5.2|5.2|3|8
21.3|93.41|1858|388|5.2|5.2|3|8
21.4|93.38|1861|388|5.2|5.2|3|8
21.5|93.39|1861|388|5.2|5.2|3|8
21.6|93.42|1861|388|5.2|5.2|3|8
21.7|93.39|1863|388|5.2|5.2|3|8
21.8|93.39|1863|388|5.2|5.2|3|8
21.9|93.39|1863|388|5.2|5.2|3|8
22|93.41|1861|388|5.2|5.2|3|8
22.1|93.41|1866|388|5.2|5.2|4|8
22.2|93.49|1863|388|5.2|5.2|4|8
22.3|93.84|1851|388|5.2|5.2|4|8
22.4|94.35|1296|388|5.2|5.2|5|8
22.5|94.68|1101|388|5.2|5.2|5|8
22.6|94.84|1095|388|5.2|5.2|5|8
22.7|94.98|1093|388|5.2|5.2|5|8
22.8|94.96|1093|388|5.2|5.2|5|8
22.9|94.9|1093|388|5.2|5.2|5|8
23|94.95|1093|388|5.2|5.2|5|8
23.1|94.95|1093|388|5.2|5.2|5|8
23.2|94.99|1093|388|5.2|5.2|5|8
23.3|94.95|1093|388|5.2|5.2|5|8
23.4|94.91|1090|388|5.2|5.2|5|8
23.5|94.95|1090|388|5.2|5.2|5|8
23.6|94.94|1090|388|5.2|5.2|5|8
23.7|95|1090|388|5.2|5.2|5|8
23.8|94.92|1090|388|5.2|5.2|5|8
23.9|94.94|1090|388|5.2|5.2|5|8
24|94.95|1090|388|5.2|5.2|5|8
24.1|94.96|1090|388|5.2|5.2|5|8
24.2|95|1090|388|5.2|5.2|5|8
24.3|94.87|1090|388|5.2|5.2|5|8
24.4|94.95|1090|388|5.2|5.2|2|8
24.5|94.88|1090|388|5.2|5.2|2|8
24.6|94.61|1090|388|5.2|5.2|2|8
24.7|94.23|1101|388|5.2|5.2|2|8
24.8|93.76|1750|388|5.2|5.2|3|8
24.9|93.43|1827|388|5.2|5.2|3|8
25|93.31|1843|388|5.2|5.2|3|8
25.1|93.19|1848|388|5.2|5.2|3|8
25.2|93.19|1853|388|5.2|5.2|3|8
25.3|93.25|1856|388|5.2|5.2|3|8
25.4|93.22|1861|388|5.2|5.2|3|8
25.5|93.21|1863|388|5.2|5.2|3|8
25.6|93.22|1863|388|5.2|5.2|3|8
25.7|93.21|1866|388|5.2|5.2|3|8
25.8|93.22|1866|388|5.2|5.2|3|8
25.9|93.21|1866|388|5.2|5.2|3|8
26|93.22|1869|388|5.2|5.2|3|8
26.1|93.21|1869|388|5.2|5.2|3|8
26.2|93.22|1869|388|5.2|5.2|3|8
26.3|93.19|1871|388|5.2|5.2|3|8
26.4|93.21|1871|388|5.2|5.2|3|8
26.5|93.21|1871|388|5.2|5.2|3|8
26.6|93.21|1874|388|5.2|5.2|3|8
26.7|93.22|1874|388|5.2|5.2|3|8
26.8|93.21|1874|388|5.2|5.2|4|8
26.9|93.34|1871|388|5.2|5.2|4|8
27|93.73|1853|388|5.2|5.2|4|8
27.1|94.23|1235|388|5.2|5.2|5|8
27.2|94.51|1101|388|5.2|5.2|5|8
27.3|94.7|1098|388|5.2|5.2|5|8
27.4|94.63|1095|388|5.2|5.2|5|8
27.5|94.72|1095|388|5.2|5.2|5|8
27.6|94.74|1095|388|5.2|5.2|5|8
27.7|94.71|1093|388|5.2|5.2|5|8
27.8|94.74|1093|388|5.2|5.2|5|8
27.9|94.76|1093|388|5.2|5.2|5|8
28|94.79|1090|388|5.2|5.2|5|8
28.1|94.75|1090|388|5.2|5.2|5|8
28.2|94.74|1090|388|5.2|5.2|5|8
28.3|94.76|1090|388|5.2|5.2|5|8
28.4|94.75|1090|388|5.2|5.2|5|8
28.5|94.75|1090|388|5.2|5.2|5|8
28.6|94.76|1090|388|5.2|5.2|5|8
28.7|94.75|1090|388|5.2|5.2|5|8
28.8|94.78|1090|388|5.2|5.2|5|8
28.9|94.75|1090|388|5.2|5.2|5|8
29|94.78|1090|388|5.2|5.2|5|8
29.1|94.78|1090|388|5.2|5.2|2|8
29.2|94.75|1090|388|5.2|5.2|2|8
29.3|94.4|1090|388|5.2|5.2|2|8
29.4|93.96|1126|388|5.2|5.2|2|8
29.5|93.5|1776|388|5.2|5.2|3|8
29.6|93.25|1840|388|5.2|5.2|3|8
29.7|93.17|1856|388|5.2|5.2|3|8
29.8|92.98|1861|388|5.2|5.2|3|8
29.9|93.02|1863|388|5.2|5.2|3|8
30|93|1869|389|5.2|5.2|3|8
30.1|93.03|1869|389|5.2|5.2|3|8
30.2|92.99|1871|389|5.2|5.2|3|8
30.3|93.03|1871|389|5.2|5.2|3|8
30.4|92.99|1874|389|5.2|5.2|3|8
30.5|93|1876|389|5.2|5.2|3|8
30.6|93.02|1876|389|5.2|5.2|3|8
30.7|93|1876|389|5.2|5.2|3|8
30.8|93.02|1876|389|5.2|5.2|3|8
30.9|93.02|1876|389|5.2|5.2|3|8
31|93|1879|390|5.2|5.2|3|8
31.1|93|1879|389|5.2|5.2|3|8
31.2|93.02|1879|389|5.2|5.2|3|8
31.3|93|1879|389|5.2|5.2|3|8
31.4|93|1879|389|5.2|5.2|3|8
31.5|93.02|1879|390|5.2|5.2|4|8
31.6|93.14|1879|390|5.2|5.2|4|8
31.7|93.54|1851|389|5.2|5.2|4|8
31.8|94.05|1186|390|5.2|5.2|5|8
31.9|94.33|1101|389|5.2|5.2|5|8
32|94.44|1095|389|5.2|5.2|5|8
32.1|94.52|1095|389|5.2|5.2|5|8
32.2|94.51|1095|389|5.2|5.2|5|8
32.3|94.52|1093|389|5.2|5.2|5|8
32.4|94.52|1090|389|5.2|5.2|5|8
32.5|94.53|1090|389|5.2|5.2|5|8
32.6|94.53|1093|389|5.2|5.2|5|8
32.7|94.56|1090|389|5.2|5.2|5|8
32.8|94.55|1090|389|5.2|5.2|5|8
32.9|94.6|1090|389|5.2|5.2|5|8
33|94.59|1090|389|5.2|5.2|5|8
33.1|94.49|1090|389|5.2|5.2|5|8
33.2|94.52|1090|389|5.2|5.2|5|8
33.3|94.52|1090|389|5.2|5.2|5|8
33.4|94.53|1090|389|5.2|5.2|5|8
33.5|94.55|1090|389|5.2|5.2|5|8
33.6|94.55|1090|389|5.2|5.2|5|8
33.7|94.55|1090|389|5.2|5.2|5|8
33.8|94.55|1088|389|5.2|5.2|2|8
33.9|94.48|1088|389|5.2|5.2|2|8
34|94.12|1088|389|5.2|5.2|2|8
34.1|93.7|1201|389|5.2|5.2|2|8
34.2|93.25|1804|389|5.2|5.2|3|8
34.3|93.03|1848|390|5.2|5.2|3|8
34.4|92.99|1858|390|5.2|5.2|3|8
34.5|92.91|1866|390|5.2|5.2|3|8
34.6|92.87|1871|390|5.2|5.2|3|8
34.7|92.84|1874|390|5.2|5.2|3|8
34.8|92.87|1876|390|5.2|5.2|3|8
34.9|92.9|1876|390|5.2|5.2|3|8
35|92.86|1879|390|5.2|5.2|3|8
35.1|92.87|1881|390|5.2|5.2|3|8
35.2|92.87|1881|390|5.2|5.2|3|8
35.3|92.87|1881|390|5.2|5.2|3|8
35.4|92.87|1881|390|5.2|5.2|3|8
35.5|92.86|1884|390|5.2|5.2|3|8
35.6|92.87|1884|390|5.2|5.2|3|8
35.7|92.87|1884|390|5.2|5.2|3|8
35.8|92.84|1884|390|5.2|5.2|3|8
35.9|92.84|1884|390|5.2|5.2|3|8
36|92.87|1887|390|5.2|5.2|3|8
36.1|92.88|1887|390|5.2|5.2|3|8
36.2|92.84|1887|390|5.2|5.2|4|8
36.3|93.06|1884|390|5.2|5.2|4|8
36.4|93.49|1838|390|5.2|5.2|4|8
36.5|93.92|1129|390|5.2|5.2|2|8
36.6|94.1|1098|390|5.2|5.2|2|8
36.7|94.17|1095|390|5.2|5.2|2|8
36.8|94.12|1095|390|5.2|5.2|2|8
36.9|94.05|1093|389|5.2|5.2|2|8
37|94.04|1093|389|5.2|5.2|2|8
37.1|93.97|1093|389|5.2|5.2|2|8
37.2|93.94|1090|389|5.2|5.2|2|8
37.3|93.84|1090|389|5.2|5.2|2|8
37.4|93.84|1090|389|5.2|5.2|2|8
37.5|93.7|1088|389|5.2|5.2|2|8
37.6|93.61|1090|389|5.2|5.2|2|8
37.7|93.6|1095|389|5.2|5.2|2|8
37.8|93.6|1191|390|5.2|5.2|2|8
37.9|93.47|1253|390|5.2|5.2|2|8
38|93.42|1124|390|5.2|5.2|2|8
38.1|93.33|1240|390|5.2|5.2|2|8
38.2|93.22|1175|390|5.2|5.2|2|8
38.3|93.15|1111|390|5.2|5.2|2|8
38.4|93.18|1101|389|5.2|5.2|2|8
38.5|93.17|1595|390|5.2|5.2|2|8
38.6|93.06|1778|390|5.2|5.2|2|8
38.7|93.15|1784|390|5.2|5.2|2|8
38.8|93.34|1696|390|5.2|5.2|2|8
38.9|93.5|1106|390|5.2|5.2|2|8
39|93.53|1093|389|5.2|5.2|2|8
39.1|93.51|1093|389|5.2|5.2|2|8
39.2|93.57|1090|389|5.2|5.2|2|8
39.3|93.45|1090|389|5.2|5.2|2|8
39.4|93.42|1090|389|5.2|5.2|2|8
39.5|93.35|1090|389|5.2|5.2|2|8
39.6|93.21|1134|389|5.2|5.2|2|8
39.7|93.17|1095|389|5.2|5.2|2|8
39.8|93.18|1134|389|5.2|5.2|2|8
39.9|93.17|1286|390|5.2|5.2|2|8
40|92.98|1696|390|5.2|5.2|2|8
40.1|93.1|1747|390|5.2|5.2|2|8
40.2|93.14|1755|390|5.2|5.2|2|8
40.3|93.37|1155|390|5.2|5.2|2|8
40.4|93.46|1093|389|5.2|5.2|2|8
40.5|93.47|1090|389|5.2|5.2|2|8
40.6|93.51|1090|389|5.2|5.2|2|8
40.7|93.42|1090|389|5.2|5.2|2|8
40.8|93.35|1088|389|5.2|5.2|2|8
40.9|93.3|1088|389|5.2|5.2|2|8
41|93.18|1088|388|5.2|5.2|2|8
41.1|93.11|1088|389|5.2|5.2|2|8
41.2|93.22|1160|389|5.2|5.2|2|8
41.3|93.07|1510|390|5.2|5.2|2|8
41.4|92.99|1657|390|5.2|5.2|2|8
41.5|93.15|1675|390|5.2|5.2|2|8
41.6|93.33|1616|390|5.2|5.2|2|8
41.7|93.46|1106|390|5.2|5.2|2|8
41.8|93.53|1090|389|5.2|5.2|2|8
41.9|93.55|1088|389|5.2|5.2|2|8
42|93.53|1088|389|5.2|5.2|2|8
42.1|93.41|1088|389|5.2|5.2|2|8
42.2|93.39|1090|389|5.2|5.2|2|8
42.3|93.37|1088|389|5.2|5.2|2|8
42.4|93.21|1088|389|5.2|5.2|2|8
42.5|93.13|1088|389|5.2|5.2|2|8
42.6|93.23|1085|389|5.2|5.2|2|8
42.7|93.13|1101|388|5.2|5.2|2|8
42.8|93|1338|390|5.2|5.2|2|8
42.9|93.02|1237|390|5.2|5.2|2|8
43|92.94|1291|390|5.2|5.2|2|8
43.1|92.88|1268|390|5.2|5.2|2|8
43.2|92.78|1325|390|5.2|5.2|2|8
43.3|92.75|1214|390|5.2|5.2|2|8
43.4|92.72|1621|390|5.2|5.2|2|8
43.5|92.64|1709|390|5.2|5.2|2|8
43.6|92.72|1709|390|5.2|5.2|2|8
43.7|92.92|1564|390|5.2|5.2|2|8
43.8|93.11|1101|389|5.2|5.2|2|8
43.9|93.14|1090|389|5.2|5.2|2|8
44|93.1|1088|388|5.2|5.2|2|8
44.1|93.15|1088|388|5.2|5.2|2|8
44.2|92.99|1088|388|5.2|5.2|2|8
44.3|93.02|1088|389|5.2|5.2|2|8
44.4|92.98|1088|389|5.2|5.2|2|8
44.5|92.83|1124|388|5.2|5.2|2|8
44.6|92.83|1093|389|5.2|5.2|2|8
44.7|92.78|1165|389|5.2|5.2|2|8
44.8|92.7|1144|389|5.2|5.2|2|8
44.9|92.7|1289|389|5.2|5.2|2|8
45|92.64|1258|389|5.2|5.2|2|8
45.1|92.48|1198|389|5.2|5.2|2|8
45.2|92.4|1191|390|5.2|5.2|2|8
45.3|92.36|1224|389|5.2|5.2|2|8
45.4|92.37|1219|390|5.2|5.2|2|8
45.5|92.17|1255|390|5.2|5.2|2|8
45.6|92.19|1188|390|5.2|5.2|2|8
45.7|92.09|1289|390|5.2|5.2|2|8
45.8|92.02|1340|390|5.2|5.2|2|8
45.9|91.94|1335|390|5.2|5.2|2|8
46|91.94|1263|390|5.2|5.2|2|8
46.1|91.84|1222|390|5.2|5.2|2|8
46.2|91.74|1260|390|5.2|5.2|2|8
46.3|91.6|1327|390|5.2|5.2|2|8
46.4|91.54|1224|389|5.2|5.2|2|8
46.5|91.45|1152|388|5.2|5.2|2|8
46.6|91.47|1260|388|5.2|5.2|2|8
46.7|91.38|1247|390|5.2|5.2|2|8
46.8|91.26|1222|390|5.2|5.2|2|8
46.9|91.23|1307|389|5.2|5.2|2|8
47|91.05|1160|389|5.2|5.2|2|8
47.1|91|1263|388|5.2|5.2|2|8
47.2|90.94|1214|388|5.2|5.2|2|8
47.3|90.79|1418|389|5.2|5.2|2|8
47.4|90.72|1183|389|5.2|5.2|2|8
47.5|90.64|1278|389|5.2|5.2|2|8
47.6|90.59|1201|389|5.2|5.2|2|8
47.7|90.47|1214|388|5.2|5.2|2|8
47.8|90.41|1216|388|5.2|5.2|2|8
47.9|90.32|1227|389|5.2|5.2|2|8
48|90.17|1284|390|5.2|5.2|2|8
48.1|90.07|1209|389|5.2|5.2|2|8
48.2|89.96|1255|389|5.2|5.2|2|8
48.3|89.92|1131|388|5.2|5.2|2|8
48.4|89.74|1188|390|5.2|5.2|2|8
48.5|89.73|1247|389|5.2|5.2|2|8
48.6|89.52|1317|389|5.2|5.2|2|8
48.7|89.49|1180|389|5.2|5.2|2|8
48.8|89.38|1209|389|5.2|5.2|2|8
48.9|89.21|1175|389|5.2|5.2|2|8
49|89.17|1338|389|5.2|5.2|2|8
49.1|88.99|1222|390|5.2|5.2|2|8
49.2|88.84|1263|389|5.2|5.2|2|8
49.3|88.86|1193|389|5.2|5.2|2|8
49.4|88.76|1219|390|5.2|5.2|2|8
49.5|88.58|1198|389|5.2|5.2|2|8
49.6|88.48|1289|388|5.2|5.2|2|8
49.7|88.28|1191|388|5.2|5.2|2|8
49.8|88.23|1330|388|5.2|5.2|2|8
49.9|88.07|1312|388|5.2|5.2|2|8
50|87.96|1253|389|5.2|5.2|2|8
50.1|87.84|1214|389|5.2|5.2|2|8
50.2|87.65|1168|388|5.2|5.2|2|8
50.3|87.61|1245|388|5.2|5.2|2|8
50.4|87.46|1253|388|5.2|5.2|2|8
50.5|87.25|1309|388|5.2|5.2|2|8
50.6|87.15|1131|388|5.2|5.2|2|8
50.7|86.99|1299|388|5.2|5.2|2|8
50.8|86.84|1273|388|5.2|5.2|2|8
50.9|86.7|1289|388|5.2|5.2|2|8
51|86.58|1247|388|5.2|5.2|2|8
51.1|86.44|1255|389|5.2|5.2|2|8
51.2|86.27|1299|389|5.2|5.2|2|8
51.3|86.13|1255|389|5.2|5.2|2|8
51.4|85.93|1289|389|5.2|5.2|2|8
51.5|85.85|1250|389|5.2|5.2|2|8
51.6|85.6|1304|388|5.2|5.2|2|8
51.7|85.48|1299|389|5.2|5.2|2|8
51.8|85.25|1206|388|5.2|5.2|2|8
51.9|85.18|1255|388|5.2|5.2|2|8
52|84.98|1294|388|5.2|5.2|2|8
52.1|84.8|1286|388|5.2|5.2|2|8
52.2|84.62|1201|388|5.2|5.2|2|8
52.3|84.42|1186|389|5.2|5.2|2|8
52.4|84.24|1307|389|5.2|5.2|2|8
52.5|84.13|1371|389|5.2|5.2|2|8
52.6|83.89|1291|389|5.2|5.2|2|8
52.7|83.74|1255|389|5.2|5.2|2|8
52.8|83.58|1361|389|5.2|5.2|2|8
52.9|83.34|1410|389|5.2|5.2|2|8
53|83.13|1441|389|5.2|5.2|2|8
53.1|82.71|1673|389|5.2|5.2|6|8
53.2|80.58|1910|388|5.2|5.2|6|8
53.3|77.87|487|389|5.2|5.2|6|8
53.4|75.28|0|388|5.2|5.2|7|8
53.5|73.68|0|388|5.2|5.2|7|8
53.6|72.93|0|387|5.2|5.2|7|8
53.7|72.57|0|387|5.2|5.2|7|8
53.8|72.4|0|386|5.2|5.2|7|8
53.9|72.34|0|386|5.2|5.2|7|8
54|72.26|0|386|5.2|5.2|7|8
54.1|72.22|0|386|5.2|5.2|7|8
54.2|72.22|0|386|5.2|5.2|7|8
54.3|72.22|0|386|5.2|5.2|7|8
54.4|72.2|0|386|5.2|5.2|7|8
54.5|72.19|0|386|5.2|5.2|7|8
54.6|72.19|0|386|5.2|5.2|7|8
54.7|72.2|0|386|5.2|5.2|7|8
54.8|72.2|0|386|5.2|5.2|7|8
54.9|72.2|0|386|5.2|5.2|7|8
55|72.23|0|386|5.2|5.2|7|8
55.1|72.22|0|386|5.2|5.2|7|8
55.2|72.23|0|386|5.2|5.2|7|8
55.3|72.22|0|386|5.2|5.2|7|8
55.4|72.2|0|386|5.2|5.2|7|8
55.5|72.2|0|386|5.2|5.2|7|8
55.6|72.22|0|386|5.2|5.2|7|8
55.7|72.2|0|386|5.2|5.2|7|8
55.8|72.2|0|386|5.2|5.2|7|8
55.9|72.2|0|386|5.2|5.2|7|8
56|72.2|0|386|5.2|5.2|7|8
56.1|72.2|0|386|5.2|5.2|7|8
56.2|72.2|0|386|5.2|5.2|7|8
56.3|72.19|0|386|5.2|5.2|7|8
56.4|72.19|0|386|5.2|5.2|7|8
56.5|72.19|0|386|5.2|5.2|7|8
56.6|72.18|0|386|5.2|5.2|7|8
56.7|72.18|0|386|5.2|5.2|7|8
56.8|72.18|0|386|5.2|5.2|7|8
56.9|72.18|0|386|5.2|5.2|7|8
57|72.16|0|386|5.2|5.2|7|8
57.1|72.19|0|386|5.2|5.2|7|8
57.2|72.19|0|386|5.2|5.2|7|8
57.3|72.18|0|386|5.2|5.2|7|8
57.4|72.18|0|386|5.2|5.2|7|8
57.5|72.15|0|386|5.2|5.2|7|8
57.6|72.2|0|386|5.2|5.2|7|8
57.7|72.23|0|386|5.2|5.2|7|8
57.8|72.22|0|386|5.2|5.2|7|8
57.9|72.2|0|386|5.2|5.2|7|8
58|72.19|0|386|5.2|5.2|7|8
58.1|72.19|0|386|5.2|5.2|7|8
58.2|72.18|0|386|5.2|5.2|7|8
58.3|72.18|0|386|5.2|5.2|7|8
58.4|72.19|0|386|5.2|5.2|7|8
58.5|72.18|0|386|5.2|5.2|7|8
58.6|72.19|0|386|5.2|5.2|7|8
58.7|72.19|0|386|5.2|5.2|7|8
58.8|72.19|0|386|5.2|5.2|7|8
58.9|72.18|0|386|5.2|5.2|7|8
59|72.19|0|386|5.2|5.2|7|8
59.1|72.19|0|386|5.2|5.2|7|8
59.2|72.19|0|386|5.2|5.2|7|8
59.3|72.18|0|386|5.2|5.2|7|8
59.4|72.18|0|386|5.2|5.2|7|8
59.5|72.18|0|386|5.2|5.2|7|8
59.6|72.18|0|386|5.2|5.2|7|8
59.7|72.16|0|386|5.2|5.2|7|8
59.8|72.18|0|386|5.2|5.2|7|8
59.9|72.18|0|386|5.2|5.2|7|8
60|72.18|0|386|5.2|5.2|7|8
60.1|72.18|0|386|5.2|5.2|7|8
60.2|72.18|0|386|5.2|5.2|7|8
60.3|72.18|0|386|5.2|5.2|7|8
60.4|72.18|0|386|5.2|5.2|7|8
60.5|72.18|0|386|5.2|5.2|7|8
60.6|72.18|0|386|5.2|5.2|7|8
60.7|72.18|0|386|5.2|5.2|7|8
60.8|72.18|0|386|5.2|5.2|7|8
60.9|72.18|0|386|5.2|5.2|7|8
61|72.18|0|386|5.2|5.2|7|8
61.1|72.18|0|386|5.2|5.2|7|8
61.2|72.18|0|386|5.2|5.2|7|8
61.3|72.18|0|386|5.2|5.2|7|8
61.4|72.18|0|386|5.2|5.2|7|8
61.5|72.18|0|386|5.2|5.2|7|8
61.6|72.16|0|386|5.2|5.2|7|8
61.7|72.18|0|386|5.2|5.2|7|8
61.8|72.16|0|386|5.2|5.2|7|8
61.9|72.18|0|386|5.2|5.2|7|8
62|72.18|0|386|5.2|5.2|7|8
62.1|72.18|0|386|5.2|5.2|7|8
62.2|72.18|0|386|5.2|5.2|7|8
62.3|72.18|0|386|5.2|5.2|7|8
62.4|72.18|0|386|5.2|5.2|7|8
62.5|72.16|0|386|5.2|5.2|7|8
62.6|72.16|0|386|5.2|5.2|7|8
62.7|72.16|0|386|5.2|5.2|7|8
62.8|72.16|0|386|5.2|5.2|7|8
62.9|72.16|0|386|5.2|5.2|7|8
63|72.18|0|386|5.2|5.2|7|8
63.1|72.18|0|386|5.2|5.2|7|8
63.2|72.18|0|386|5.2|5.2|7|8
63.3|72.18|0|386|5.2|5.2|7|8
63.4|72.16|0|389|5.2|5.2|7|8
63.5|72.16|0|394|5.2|5.2|7|8
63.6|72.15|0|396|5.2|5.2|7|8
63.7|72.15|0|396|5.2|5.2|7|8
63.8|72.18|0|396|5.2|5.2|7|8
63.9|72.19|0|396|5.2|5.2|7|8
64|72.16|0|396|5.2|5.2|7|8
64.1|72.16|0|396|5.2|5.2|7|8
64.2|72.16|0|396|5.2|5.2|7|8
64.3|72.16|0|396|5.2|5.2|7|8
64.4|72.16|0|396|5.2|5.2|7|8
64.5|72.16|0|396|5.2|5.2|7|8
64.6|72.16|0|396|5.2|5.2|7|8
64.7|72.18|0|396|5.2|5.2|7|8
64.8|72.16|0|396|5.2|5.2|7|8
64.9|72.15|0|396|5.2|5.2|7|8
65|72.15|0|396|5.2|5.2|7|8
65.1|72.15|0|396|5.2|5.2|7|8
65.2|72.18|0|396|5.2|5.2|7|8
65.3|72.19|0|396|5.2|5.2|7|8
65.4|72.15|0|396|5.2|5.2|7|8
65.5|72.15|0|396|5.2|5.2|7|8
65.6|72.16|0|396|5.2|5.2|7|8
65.7|72.16|0|396|5.2|5.2|7|8
65.8|72.16|0|396|5.2|5.2|7|8
65.9|72.16|0|396|5.2|5.2|7|8
66|72.16|0|396|5.2|5.2|7|8
66.1|72.16|0|396|5.2|5.2|7|8
66.2|72.16|0|396|5.2|5.2|7|8
66.3|72.16|0|396|5.2|5.2|7|8
66.4|72.16|0|396|5.2|5.2|8|8
66.5|72.07|0|396|5.2|5.2|8|8
66.6|72|0|396|5.2|5.2|8|8
66.7|72.04|0|396|5.2|5.2|8|8
66.8|72.19|0|396|5.2|5.2|8|8
66.9|72.04|0|396|5.2|5.2|8|8
67|72.11|0|396|5.2|5.2|8|8
67.1|72.1|0|396|5.2|5.2|8|8
67.2|72.1|0|396|5.2|5.2|8|8
67.3|72.11|0|396|5.2|5.2|8|8
67.4|72.14|0|396|5.2|5.2|8|8
67.5|72.08|0|396|5.2|5.2|8|8
67.6|72.08|0|396|5.2|5.2|8|8
67.7|72.15|0|396|5.2|5.2|8|8
67.8|72.08|0|396|5.2|5.2|8|8
67.9|72.08|0|396|5.2|5.2|8|8
68|72.12|0|396|5.2|5.2|8|8
68.1|72.11|0|396|5.2|5.2|8|8
68.2|72.11|0|396|5.2|5.2|8|8
68.3|72.12|0|396|5.2|5.2|8|8
68.4|73.52|0|396|5.2|5.2|8|8
68.5|76.59|0|396|5.2|5.2|8|8
68.6|79.67|0|396|5.2|5.1|8|8
68.7|82.66|0|396|5.1|5.1|8|8
68.8|85.62|0|396|5.1|5.1|8|8
68.9|88.6|0|396|5.1|5.1|8|8
69|91.62|0|396|5.1|5.1|8|8
69.1|94.17|0|396|5.1|5.1|8|8
69.2|95.33|0|396|5.1|5.1|8|8
69.3|95.8|0|396|5.1|5.1|8|8
