0|96.08|887|403|4.3|4.3|1|8
0.1|96.08|987|405|4.3|4.3|1|8
0.2|96.08|990|406|4.4|4.4|1|8
0.3|96.08|990|407|4.4|4.4|1|8
0.4|96.08|990|407|4.4|4.4|1|8
0.5|96.09|990|407|4.4|4.4|2|8
0.6|95.78|990|407|4.4|4.4|2|8
0.7|95.38|992|407|4.4|4.4|2|8
0.8|94.98|992|407|4.4|4.4|2|8
0.9|94.55|995|406|4.4|4.4|2|8
1|94.05|1549|408|4.4|4.4|3|8
1.1|93.73|1662|408|4.4|4.4|3|8
1.2|93.55|1698|408|4.4|4.4|3|8
1.3|93.39|1714|409|4.4|4.4|3|8
1.4|93.39|1722|409|4.4|4.4|3|8
1.5|93.33|1727|409|4.4|4.4|3|8
1.6|93.29|1735|409|4.4|4.4|3|8
1.7|93.34|1737|409|4.4|4.4|3|8
1.8|93.33|1742|409|4.4|4.4|3|8
1.9|93.33|1742|409|4.4|4.4|3|8
2|93.31|1745|409|4.5|4.5|3|8
2.1|93.33|1750|409|4.5|4.5|3|8
2.2|93.33|1750|409|4.5|4.5|3|8
2.3|93.31|1753|409|4.5|4.5|3|8
2.4|93.3|1753|409|4.5|4.5|3|8
2.5|93.33|1755|409|4.5|4.5|3|8
2.6|93.31|1755|409|4.5|4.5|3|8
2.7|93.31|1758|409|4.5|4.5|3|8
2.8|93.31|1758|409|4.5|4.5|3|8
2.9|93.31|1760|409|4.5|4.5|3|8
3|93.31|1760|409|4.5|4.5|4|8
3.1|93.34|1763|409|4.5|4.5|4|8
3.2|93.54|1758|409|4.5|4.5|4|8
3.3|93.92|1735|409|4.5|4.5|4|8
3.4|94.45|1098|409|4.5|4.5|5|8
3.5|94.72|1008|408|4.6|4.6|5|8
3.6|94.96|1005|407|4.6|4.6|5|8
3.7|94.92|1005|407|4.6|4.6|5|8
3.8|94.99|1005|406|4.6|4.6|5|8
3.9|95.02|1005|406|4.6|4.6|5|8
4|95.07|1003|406|4.6|4.6|5|8
4.1|95.1|1005|406|4.6|4.6|5|8
4.2|94.96|1003|406|4.6|4.6|5|8
4.3|95|1003|406|4.6|4.6|5|8
4.4|95.03|1003|407|4.6|4.6|5|8
4.5|95.02|1003|406|4.6|4.6|5|8
4.6|95.03|1003|406|4.6|4.6|5|8
4.7|95.04|1003|407|4.6|4.6|5|8
4.8|95.1|1003|407|4.6|4.6|5|8
4.9|95|1003|407|4.6|4.6|5|8
5|94.98|1003|407|4.7|4.7|5|8
5.1|94.99|1003|407|4.7|4.7|5|8
5.2|95.03|1003|407|4.7|4.7|5|8
5.3|95.07|1003|407|4.7|4.7|5|8
5.4|95.07|1003|407|4.7|4.7|2|8
5.5|94.9|1003|407|4.7|4.7|2|8
5.6|94.61|1003|407|4.7|4.7|2|8
5.7|94.2|1216|407|4.7|4.7|2|8
5.8|93.85|1688|408|4.7|4.7|3|8
5.9|93.53|1732|409|4.7|4.7|3|8
6|93.55|1747|409|4.7|4.7|3|8
6.1|93.39|1755|409|4.7|4.7|3|8
6.2|93.39|1758|409|4.7|4.7|3|8
6.3|93.39|1760|409|4.7|4.7|3|8
6.4|93.37|1763|409|4.7|4.7|3|8
6.5|93.33|1763|409|4.7|4.7|3|8
6.6|93.35|1763|409|4.8|4.8|3|8
6.7|93.38|1765|409|4.8|4.8|3|8
6.8|93.35|1765|409|4.8|4.8|3|8
6.9|93.35|1768|409|4.8|4.8|3|8
7|93.39|1765|409|4.8|4.8|3|8
7.1|93.35|1768|409|4.8|4.8|3|8
7.2|93.34|1771|409|4.8|4.8|3|8
7.3|93.37|1771|409|4.8|4.8|3|8
7.4|93.33|1771|409|4.8|4.8|3|8
7.5|93.35|1771|409|4.8|4.8|3|8
7.6|93.35|1773|410|4.8|4.8|3|8
7.7|93.33|1773|410|4.8|4.8|3|8
7.8|93.35|1776|409|4.8|4.8|4|8
7.9|93.47|1773|409|4.8|4.8|4|8
8|93.82|1760|409|4.8|4.8|4|8
8.1|94.32|1080|409|4.8|4.8|5|8
8.2|94.64|1010|407|4.8|4.8|5|8
8.3|94.7|1008|407|4.8|4.8|5|8
8.4|94.86|1008|407|4.8|4.8|5|8
8.5|94.87|1005|407|4.8|4.8|5|8
8.6|94.82|1005|407|4.9|4.8|5|8
8.7|94.83|1005|407|4.9|4.9|5|8
8.8|94.87|1005|407|4.9|4.9|5|8
8.9|94.88|1005|407|4.9|4.9|5|8
9|94.83|1005|407|4.9|4.9|5|8
9.1|94.9|1005|407|4.9|4.9|5|8
9.2|94.95|1005|407|4.9|4.9|5|8
9.3|94.82|1005|407|4.9|4.9|5|8
9.4|94.86|1005|407|4.9|4.9|5|8
9.5|94.84|1005|406|4.9|4.9|5|8
9.6|94.86|1005|406|4.9|4.9|5|8
9.7|94.84|1005|406|4.9|4.9|5|8
9.8|94.92|1005|407|4.9|4.9|5|8
9.9|94.88|1005|407|4.9|4.9|5|8
10|94.86|1008|407|4.9|4.9|5|8
10.1|94.84|1008|407|4.9|4.9|2|8
10.2|94.78|1008|407|4.9|4.9|2|8
10.3|94.44|1013|405|4.9|4.9|2|8
10.4|94.01|1430|399|4.9|4.9|2|8
10.5|93.72|1737|398|4.9|4.9|3|8
10.6|93.55|1765|398|4.9|4.9|3|8
10.7|93.42|1781|398|4.9|4.9|3|8
10.8|93.34|1786|398|4.9|4.9|3|8
10.9|93.37|1789|398|4.9|4.9|3|8
11|93.31|1791|398|4.9|4.9|3|8
11.1|93.31|1794|398|4.9|4.9|3|8
11.2|93.29|1794|398|4.9|4.9|3|8
11.3|93.29|1796|398|4.9|4.9|3|8
11.4|93.23|1796|398|4.9|4.9|3|8
11.5|93.29|1796|398|4.9|4.9|3|8
11.6|93.27|1799|398|4.9|4.9|3|8
11.7|93.3|1799|398|4.9|4.9|3|8
11.8|93.3|1799|398|4.9|4.9|3|8
11.9|93.29|1802|398|4.9|4.9|3|8
12|93.26|1802|398|5|5|3|8
12.1|93.27|1802|398|5|5|3|8
12.2|93.34|1802|398|5|5|3|8
12.3|93.25|1802|398|5|5|3|8
12.4|93.29|1802|398|5|5|3|8
12.5|93.31|1804|398|5|5|4|8
12.6|93.47|1802|398|5|5|4|8
12.7|93.86|1727|398|5|5|4|8
12.8|94.33|1034|396|5|5|5|8
12.9|94.52|1021|396|5|5|5|8
13|94.63|1018|396|5|5|5|8
13.1|94.7|1018|396|5|5|5|8
13.2|94.72|1018|396|5|5|5|8
13.3|94.74|1018|396|5|5|5|8
13.4|94.71|1018|396|5|5|5|8
13.5|94.67|1018|396|5|5|5|8
13.6|94.71|1018|396|5|5|5|8
13.7|94.68|1018|396|5|5|5|8
13.8|94.72|1021|396|5|5|5|8
13.9|94.75|1018|396|5|5|5|8
14|94.74|1018|396|5|5|5|8
14.1|94.79|1021|396|5|5|5|8
14.2|94.63|1021|396|5|5|5|8
14.3|94.71|1021|396|5|5|5|8
14.4|94.7|1021|396|5|5|5|8
14.5|94.64|1023|396|5|5|5|8
14.6|94.71|1021|396|5|5|5|8
14.7|94.71|1021|396|5|5|5|8
14.8|94.74|1023|396|5|5|2|8
14.9|94.52|1023|396|5|5|2|8
15|94.09|1023|396|5|5|2|8
15.1|93.68|1678|396|5|5|3|8
15.2|93.43|1773|397|5|5|3|8
15.3|93.31|1791|398|5|5|3|8
15.4|93.11|1796|398|5|5|3|8
15.5|93.07|1799|398|5|5|3|8
15.6|93.15|1802|398|5|5.1|3|8
15.7|93.15|1802|398|5.1|5|3|8
15.8|93.1|1804|398|5.1|5.1|3|8
15.9|93.14|1804|398|5.1|5.1|3|8
16|93.1|1807|398|5.1|5.1|3|8
16.1|93.14|1807|398|5.1|5.1|3|8
16.2|93.13|1809|398|5.1|5.1|3|8
16.3|93.1|1809|398|5.1|5.1|3|8
16.4|93.13|1809|398|5.1|5.1|3|8
16.5|93.09|1809|398|5.1|5.1|3|8
16.6|93.13|1809|398|5.1|5.1|3|8
16.7|93.1|1809|398|5.1|5.1|3|8
16.8|93.13|1812|398|5.1|5.1|3|8
16.9|93.1|1812|398|5.1|5.1|3|8
17|93.11|1814|398|5.1|5.1|3|8
17.1|93.09|1814|398|5.1|5.1|4|8
17.2|93.3|1817|398|5.1|5.1|4|8
17.3|93.47|1814|398|5.1|5.1|4|8
17.4|93.92|1304|398|5.1|5.1|5|8
17.5|94.32|1036|396|5.1|5.1|5|8
17.6|94.51|1034|396|5.1|5.1|5|8
17.7|94.52|1034|396|5.1|5.1|5|8
17.8|94.57|1031|396|5.1|5.1|5|8
17.9|94.6|1031|396|5.1|5.1|5|8
18|94.67|1031|396|5.1|5.1|5|8
18.1|94.64|1031|396|5.1|5.1|5|8
18.2|94.61|1031|396|5.1|5.1|5|8
18.3|94.61|1031|396|5.1|5.1|5|8
18.4|94.6|1034|396|5.1|5.1|5|8
18.5|94.61|1034|396|5.1|5.1|5|8
18.6|94.61|1034|396|5.1|5.1|5|8
18.7|94.61|1034|396|5.1|5.1|5|8
18.8|94.61|1034|396|5.1|5.1|5|8
18.9|94.61|1034|396|5.1|5.1|5|8
19|94.61|1034|396|5.1|5.1|5|8
19.1|94.61|1036|396|5.1|5.1|5|8
19.2|94.61|1036|396|5.1|5.1|5|8
19.3|94.61|1036|396|5.1|5.1|5|8
19.4|94.61|1036|396|5.1|5.1|2|8
19.5|94.57|1036|396|5.1|5.1|2|8
19.6|94.29|1036|395|5.1|5.1|2|8
19.7|93.88|1124|395|5.2|5.1|2|8
19.8|93.49|1768|396|5.2|5.2|3|8
19.9|93.31|1809|396|5.2|5.2|3|8
20|93.25|1822|396|5.2|5.2|3|8
20.1|93.15|1830|397|5.2|5.2|3|8
20.2|93.17|1835|397|5.2|5.2|3|8
20.3|93|1838|396|5.2|5.2|3|8
20.4|93.06|1840|395|5.2|5.2|3|8
20.5|93.06|1843|394|5.2|5.2|3|8
20.6|93.07|1843|394|5.2|5.2|3|8
20.7|93.09|1845|394|5.2|5.2|3|8
20.8|93.06|1845|394|5.2|5.2|3|8
20.9|93.04|1845|394|5.2|5.2|3|8
21|93.06|1848|394|5.2|5.2|3|8
21.1|93.07|1848|394|5.2|5.2|3|8
21.2|93.1|1848|394|5.2|5.2|3|8
21.3|93.06|1851|394|5.2|5.2|3|8
21.4|93.06|1851|394|5.2|5.2|3|8
21.5|93.06|1853|394|5.2|5.2|3|8
21.6|93.06|1853|394|5.2|5.2|3|8
21.7|93.06|1853|394|5.2|5.2|3|8
21.8|93.09|1853|394|5.2|5.2|4|8
21.9|93.17|1853|394|5.2|5.2|4|8
22|93.54|1825|394|5.2|5.2|4|8
22.1|94.09|1075|394|5.2|5.2|5|8
22.2|94.31|1049|393|5.2|5.2|5|8
22.3|94.43|1049|392|5.2|5.2|5|8
22.4|94.43|1046|392|5.2|5.2|5|8
22.5|94.52|1044|392|5.2|5.2|5|8
22.6|94.51|1046|392|5.2|5.2|5|8
22.7|94.48|1046|392|5.2|5.2|5|8
22.8|94.51|1046|392|5.2|5.2|5|8
22.9|94.52|1046|392|5.2|5.2|5|8
23|94.49|1046|392|5.2|5.2|5|8
23.1|94.51|1044|392|5.2|5.2|5|8
23.2|94.51|1046|392|5.2|5.2|5|8
23.3|94.51|1046|392|5.2|5.2|5|8
23.4|94.51|1046|392|5.2|5.2|5|8
23.5|94.51|1046|392|5.2|5.2|5|8
23.6|94.51|1046|392|5.2|5.2|5|8
23.7|94.51|1046|392|5.2|5.2|5|8
23.8|94.51|1046|392|5.2|5.2|5|8
23.9|94.49|1046|392|5.2|5.2|5|8
24|94.48|1046|392|5.2|5.2|5|8
24.1|94.52|1046|392|5.2|5.2|2|8
24.2|94.35|1046|392|5.2|5.2|2|8
24.3|93.97|1046|392|5.2|5.2|2|8
24.4|93.55|1593|393|5.2|5.2|3|8
24.5|93.27|1817|394|5.2|5.2|3|8
24.6|93.09|1835|394|5.2|5.2|3|8
24.7|93.02|1843|394|5.2|5.2|3|8
24.8|92.99|1848|394|5.2|5.2|3|8
24.9|92.9|1851|394|5.2|5.2|3|8
25|92.9|1853|394|5.2|5.2|3|8
25.1|92.91|1856|394|5.2|5.2|3|8
25.2|92.95|1856|394|5.2|5.2|3|8
25.3|92.88|1858|394|5.2|5.2|3|8
25.4|92.91|1858|394|5.2|5.2|3|8
25.5|92.96|1858|394|5.3|5.3|3|8
25.6|92.87|1858|394|5.3|5.3|3|8
25.7|92.92|1858|394|5.3|5.3|3|8
25.8|92.91|1861|394|5.3|5.3|3|8
25.9|92.9|1861|394|5.3|5.3|3|8
26|92.86|1861|394|5.3|5.3|3|8
26.1|92.94|1861|394|5.3|5.3|3|8
26.2|92.88|1861|394|5.3|5.3|3|8
26.3|92.88|1861|394|5.3|5.3|3|8
26.4|92.94|1861|394|5.3|5.3|4|8
26.5|92.94|1861|394|5.3|5.3|4|8
26.6|93.13|1856|394|5.3|5.3|4|8
26.7|93.68|1539|394|5.3|5.3|4|8
26.8|94.1|1062|394|5.3|5.3|5|8
26.9|94.28|1054|394|5.3|5.3|5|8
27|94.41|1054|393|5.3|5.3|5|8
27.1|94.44|1052|393|5.3|5.3|5|8
27.2|94.41|1052|393|5.3|5.3|5|8
27.3|94.4|1052|393|5.3|5.3|5|8
27.4|94.39|1052|393|5.3|5.3|5|8
27.5|94.44|1052|393|5.3|5.3|5|8
27.6|94.39|1052|393|5.3|5.3|5|8
27.7|94.36|1052|393|5.3|5.3|5|8
27.8|94.45|1052|393|5.3|5.3|5|8
27.9|94.36|1052|393|5.3|5.3|5|8
28|94.39|1052|393|5.3|5.3|5|8
28.1|94.35|1052|393|5.3|5.3|5|8
28.2|94.32|1052|393|5.3|5.3|5|8
28.3|94.39|1052|393|5.3|5.3|5|8
28.4|94.37|1052|393|5.3|5.3|5|8
28.5|94.35|1049|393|5.3|5.3|5|8
28.6|94.4|1052|393|5.3|5.3|5|8
28.7|94.47|1052|393|5.3|5.3|5|8
28.8|94.39|1052|393|5.3|5.3|2|8
28.9|94.1|1052|393|5.3|5.3|2|8
29|93.74|1052|393|5.3|5.3|2|8
29.1|93.27|1698|394|5.3|5.3|3|8
29.2|93.04|1835|394|5.3|5.3|3|8
29.3|92.88|1848|394|5.3|5.3|3|8
29.4|92.79|1856|394|5.3|5.3|3|8
29.5|92.78|1858|394|5.3|5.3|3|8
29.6|92.76|1861|394|5.3|5.3|3|8
29.7|92.67|1863|394|5.3|5.3|3|8
29.8|92.75|1866|394|5.3|5.3|3|8
29.9|92.7|1866|394|5.3|5.3|3|8
30|92.71|1869|394|5.3|5.3|3|8
30.1|92.75|1869|394|5.3|5.3|3|8
30.2|92.64|1869|394|5.3|5.3|3|8
30.3|92.76|1871|394|5.3|5.3|3|8
30.4|92.67|1876|391|5.3|5.3|3|8
30.5|92.75|1876|390|5.3|5.3|3|8
30.6|92.71|1879|390|5.3|5.3|3|8
30.7|92.64|1879|390|5.3|5.3|3|8
30.8|92.75|1879|390|5.3|5.3|3|8
30.9|92.64|1879|390|5.3|5.3|3|8
31|92.72|1879|390|5.3|5.3|3|8
31.1|92.68|1879|390|5.3|5.3|4|8
31.2|92.74|1879|390|5.3|5.3|4|8
31.3|93.03|1874|390|5.3|5.3|4|8
31.4|93.5|1340|390|5.3|5.3|5|8
31.5|93.88|1064|390|5.3|5.3|5|8
31.6|94.04|1059|390|5.3|5.3|5|8
31.7|94.13|1059|390|5.3|5.3|5|8
31.8|94.08|1059|390|5.3|5.3|5|8
31.9|94.15|1057|390|5.3|5.3|5|8
32|94.16|1057|390|5.3|5.3|5|8
32.1|94.23|1057|390|5.3|5.3|5|8
32.2|94.19|1057|390|5.3|5.3|5|8
32.3|94.13|1057|390|5.3|5.3|5|8
32.4|94.09|1057|390|5.3|5.3|5|8
32.5|94.09|1057|390|5.3|5.3|5|8
32.6|94.15|1057|390|5.3|5.3|5|8
32.7|94.15|1057|390|5.3|5.3|5|8
32.8|94.15|1057|390|5.3|5.3|5|8
32.9|94.15|1057|390|5.3|5.3|5|8
33|94.15|1057|390|5.3|5.3|5|8
33.1|94.16|1057|390|5.3|5.3|5|8
33.2|94.16|1057|390|5.3|5.3|5|8
33.3|94.15|1057|390|5.3|5.3|5|8
33.4|94.19|1057|390|5.3|5.3|2|8
33.5|94.06|1057|390|5.3|5.3|2|8
33.6|93.84|1057|390|5.3|5.3|2|8
33.7|93.41|1124|390|5.3|5.3|2|8
33.8|93.02|1812|390|5.3|5.3|3|8
33.9|92.79|1858|390|5.3|5.3|3|8
34|92.7|1869|390|5.3|5.3|3|8
34.1|92.72|1874|390|5.3|5.3|3|8
34.2|92.7|1876|390|5.3|5.3|3|8
34.3|92.58|1879|390|5.3|5.3|3|8
34.4|92.55|1881|390|5.3|5.3|3|8
34.5|92.52|1881|390|5.3|5.3|3|8
34.6|92.59|1881|390|5.3|5.3|3|8
34.7|92.53|1884|390|5.3|5.3|3|8
34.8|92.55|1884|390|5.3|5.3|3|8
34.9|92.55|1884|390|5.3|5.3|3|8
35|92.56|1884|390|5.3|5.3|3|8
35.1|92.56|1884|390|5.3|5.3|3|8
35.2|92.53|1887|390|5.3|5.3|3|8
35.3|92.56|1887|390|5.3|5.3|3|8
35.4|92.53|1887|390|5.3|5.3|3|8
35.5|92.53|1887|390|5.3|5.3|3|8
35.6|92.56|1887|390|5.3|5.3|3|8
35.7|92.53|1887|390|5.3|5.3|3|8
35.8|92.59|1889|390|5.3|5.3|4|8
35.9|92.62|1892|390|5.3|5.3|4|8
36|92.95|1879|390|5.3|5.3|4|8
36.1|93.51|1137|391|5.3|5.3|2|8
36.2|93.66|1064|390|5.3|5.3|2|8
36.3|93.7|1062|390|5.3|5.3|2|8
36.4|93.69|1062|390|5.3|5.3|2|8
36.5|93.58|1062|390|5.3|5.3|2|8
36.6|93.51|1062|390|5.3|5.3|2|8
36.7|93.58|1059|390|5.3|5.3|2|8
36.8|93.43|1059|390|5.3|5.3|2|8
36.9|93.42|1059|390|5.3|5.3|2|8
37|93.35|1059|390|5.3|5.3|2|8
37.1|93.13|1059|390|5.3|5.3|2|8
37.2|93.19|1057|390|5.3|5.3|2|8
37.3|93.21|1057|390|5.3|5.3|2|8
37.4|93.15|1113|390|5.3|5.3|2|8
37.5|93|1320|391|5.3|5.3|2|8
37.6|93.06|1737|392|5.3|5.3|2|8
37.7|92.94|1802|391|5.3|5.3|2|8
37.8|93.14|1763|391|5.3|5.3|2|8
37.9|93.34|1124|392|5.3|5.3|2|8
38|93.38|1062|391|5.3|5.3|2|8
38.1|93.43|1062|390|5.3|5.3|2|8
38.2|93.42|1059|390|5.3|5.3|2|8
38.3|93.39|1057|390|5.3|5.3|2|8
38.4|93.3|1057|390|5.3|5.3|2|8
38.5|93.13|1057|390|5.3|5.3|2|8
38.6|93.17|1057|390|5.3|5.3|2|8
38.7|93.22|1057|390|5.3|5.3|2|8
38.8|93.15|1235|390|5.3|5.3|2|8
38.9|93|1642|390|5.3|5.3|2|8
39|92.98|1701|392|5.3|5.3|2|8
39.1|93.15|1706|392|5.3|5.3|2|8
39.2|93.34|1696|392|5.3|5.3|2|8
39.3|93.5|1180|392|5.3|5.3|2|8
39.4|93.6|1064|391|5.3|5.3|2|8
39.5|93.58|1062|391|5.3|5.3|2|8
39.6|93.65|1059|390|5.3|5.3|2|8
39.7|93.54|1057|390|5.3|5.3|2|8
39.8|93.55|1057|390|5.3|5.3|2|8
39.9|93.43|1057|390|5.3|5.3|2|8
40|93.42|1070|390|5.3|5.3|2|8
40.1|93.37|1075|390|5.3|5.3|2|8
40.2|93.1|1062|390|5.3|5.3|2|8
40.3|93.13|1057|390|5.3|5.3|2|8
40.4|93.13|1057|390|5.3|5.3|2|8
40.5|93.17|1080|390|5.3|5.3|2|8
40.6|93.02|1265|391|5.3|5.3|2|8
40.7|93.02|1701|392|5.3|5.3|2|8
40.8|92.96|1755|392|5.3|5.3|2|8
40.9|93.17|1765|392|5.3|5.3|2|8
41|93.35|1634|392|5.3|5.3|2|8
41.1|93.49|1072|391|5.3|5.3|2|8
41.2|93.5|1059|391|5.3|5.3|2|8
41.3|93.55|1057|391|5.3|5.3|2|8
41.4|93.53|1057|390|5.3|5.3|2|8
41.5|93.58|1057|391|5.3|5.3|2|8
41.6|93.42|1057|391|5.3|5.3|2|8
41.7|93.37|1062|391|5.3|5.3|2|8
41.8|93.17|1119|391|5.3|5.3|2|8
41.9|93.14|1057|391|5.3|5.3|2|8
42|93.15|1057|390|5.3|5.3|2|8
42.1|93.26|1113|390|5.3|5.3|2|8
42.2|93.1|1144|391|5.3|5.3|2|8
42.3|93|1356|392|5.3|5.3|2|8
42.4|92.95|1603|392|5.3|5.3|2|8
42.5|92.91|1662|392|5.3|5.3|2|8
42.6|93.09|1647|392|5.3|5.3|2|8
42.7|93.25|1351|392|5.3|5.3|2|8
42.8|93.38|1080|391|5.3|5.3|2|8
42.9|93.38|1057|391|5.3|5.3|2|8
43|93.42|1057|391|5.3|5.3|2|8
43.1|93.42|1054|391|5.3|5.3|2|8
43.2|93.34|1054|391|5.3|5.3|2|8
43.3|93.14|1054|391|5.3|5.3|2|8
43.4|93.17|1054|391|5.3|5.3|2|8
43.5|93.26|1062|391|5.3|5.3|2|8
43.6|93.13|1103|392|5.3|5.3|2|8
43.7|93.02|1113|392|5.3|5.3|2|8
43.8|92.98|1265|391|5.3|5.3|2|8
43.9|92.84|1637|392|5.3|5.3|2|8
44|92.94|1701|392|5.3|5.3|2|8
44.1|93.1|1722|392|5.3|5.3|2|8
44.2|93.23|1683|392|5.3|5.3|2|8
44.3|93.45|1088|392|5.3|5.3|2|8
44.4|93.53|1057|392|5.3|5.3|2|8
44.5|93.55|1057|392|5.3|5.3|2|8
44.6|93.55|1054|391|5.3|5.3|2|8
44.7|93.41|1054|391|5.3|5.3|2|8
44.8|93.42|1054|391|5.3|5.3|2|8
44.9|93.37|1062|391|5.3|5.3|2|8
45|93.14|1054|391|5.3|5.3|2|8
45.1|93.15|1054|391|5.3|5.3|2|8
45.2|93.15|1054|391|5.3|5.3|2|8
45.3|93.17|1098|391|5.3|5.3|2|8
45.4|93.02|1296|392|5.3|5.3|2|8
45.5|93.04|1168|392|5.3|5.3|2|8
45.6|92.87|1245|392|5.3|5.3|2|8
45.7|92.82|1106|392|5.3|5.3|2|8
45.8|92.8|1232|392|5.3|5.3|2|8
45.9|92.62|1271|392|5.3|5.3|2|8
46|92.71|1263|392|5.3|5.3|2|8
46.1|92.68|1392|392|5.3|5.3|2|8
46.2|92.48|1294|392|5.3|5.3|2|8
46.3|92.45|1059|392|5.3|5.3|2|8
46.4|92.45|1260|392|5.3|5.3|2|8
46.5|92.39|1147|392|5.3|5.3|2|8
46.6|92.36|1175|392|5.3|5.3|2|8
46.7|92.37|1335|392|5.3|5.3|2|8
46.8|92.17|1392|392|5.3|5.3|2|8
46.9|92.2|1340|392|5.3|5.3|2|8
47|92.11|1371|392|5.3|5.3|2|8
47.1|92.05|1314|392|5.3|5.3|2|8
47.2|92|1137|392|5.3|5.3|2|8
47.3|91.97|1281|392|5.3|5.3|2|8
47.4|91.9|1229|392|5.3|5.3|2|8
47.5|91.9|1260|392|5.3|5.3|2|8
47.6|91.8|1291|394|5.3|5.3|2|8
47.7|91.68|1175|392|5.3|5.3|2|8
47.8|91.57|1085|392|5.3|5.3|2|8
47.9|91.54|1059|391|5.3|5.3|2|8
48|91.58|1144|392|5.3|5.3|2|8
48.1|91.47|1173|392|5.3|5.3|2|8
48.2|91.39|1253|392|5.3|5.3|2|8
48.3|91.3|1139|392|5.3|5.3|2|8
48.4|91.29|1214|392|5.3|5.3|2|8
48.5|91.15|1103|392|5.3|5.3|2|8
48.6|91|1064|392|5.3|5.3|2|8
48.7|91|1067|391|5.3|5.3|2|8
48.8|91.03|1165|392|5.3|5.3|2|8
48.9|90.91|1155|392|5.3|5.3|2|8
49|90.79|1214|392|5.3|5.3|2|8
49.1|90.74|1255|392|5.3|5.3|2|8
49.2|90.63|1227|392|5.3|5.3|2|8
49.3|90.58|1278|392|5.3|5.3|2|8
49.4|90.52|1129|392|5.3|5.3|2|8
49.5|90.41|1214|392|5.3|5.3|2|8
49.6|90.37|1247|393|5.3|5.3|2|8
49.7|90.28|1242|392|5.3|5.3|2|8
49.8|90.16|1216|392|5.3|5.3|2|8
49.9|90.08|1229|393|5.3|5.3|2|8
50|89.99|1216|392|5.3|5.3|2|8
50.1|89.92|1124|392|5.3|5.3|2|8
50.2|89.8|1273|392|5.3|5.3|2|8
50.3|89.69|1131|392|5.3|5.3|2|8
50.4|89.78|1196|392|5.3|5.3|2|8
50.5|89.52|1170|392|5.3|5.3|2|8
50.6|89.5|1289|392|5.3|5.3|2|8
50.7|89.38|1191|392|5.3|5.3|2|8
50.8|89.26|1180|392|5.3|5.3|2|8
50.9|89.22|1157|392|5.3|5.3|2|8
51|89.15|1147|392|5.3|5.3|2|8
51.1|88.95|1162|392|5.3|5.3|2|8
51.2|88.82|1157|392|5.3|5.3|2|8
51.3|88.88|1165|392|5.3|5.3|2|8
51.4|88.75|1240|392|5.3|5.3|2|8
51.5|88.62|1273|392|5.3|5.3|2|8
51.6|88.51|1206|392|5.3|5.3|2|8
51.7|88.39|1168|392|5.3|5.3|2|8
51.8|88.25|1312|392|5.3|5.3|2|8
51.9|88.21|1193|392|5.3|5.3|2|8
52|88.07|1098|392|5.3|5.3|2|8
52.1|88.01|1237|392|5.3|5.3|2|8
52.2|87.86|1317|392|5.3|5.3|2|8
52.3|87.68|1147|392|5.3|5.3|2|8
52.4|87.61|1149|392|5.3|5.3|2|8
52.5|87.53|1229|392|5.3|5.3|2|8
52.6|87.41|1147|392|5.3|5.3|2|8
52.7|87.26|1299|392|5.3|5.3|2|8
52.8|87.18|1191|392|5.3|5.3|2|8
52.9|87.06|1299|392|5.3|5.3|2|8
53|86.98|1258|392|5.3|5.3|2|8
53.1|86.8|1224|392|5.3|5.3|2|8
53.2|86.67|1183|392|5.3|5.3|2|8
53.3|86.58|1201|392|5.3|5.3|2|8
53.4|86.44|1314|392|5.3|5.3|2|8
53.5|86.27|1108|392|5.3|5.3|2|8
53.6|86.16|1193|392|5.3|5.3|2|8
53.7|86.05|1265|392|5.3|5.3|2|8
53.8|85.92|1193|392|5.3|5.3|2|8
53.9|85.77|1286|393|5.3|5.3|2|8
54|85.54|1216|392|5.3|5.3|2|8
54.1|85.49|1235|392|5.3|5.3|2|8
54.2|85.25|1216|392|5.3|5.3|2|8
54.3|85.21|1155|392|5.3|5.3|2|8
54.4|84.99|1170|392|5.3|5.3|2|8
54.5|84.87|1214|393|5.3|5.3|2|8
54.6|84.76|1394|392|5.3|5.3|2|8
54.7|84.5|1229|392|5.3|5.3|2|8
54.8|84.39|1237|392|5.3|5.3|2|8
54.9|84.24|1201|392|5.3|5.3|2|8
55|84.13|1335|392|5.3|5.3|2|8
55.1|83.89|1284|392|5.3|5.3|2|8
55.2|83.81|1317|392|5.3|5.3|2|8
55.3|83.6|1214|392|5.3|5.3|2|8
55.4|83.44|1201|393|5.3|5.3|2|8
55.5|83.25|1224|392|5.3|5.3|2|8
55.6|83.11|1247|392|5.3|5.3|2|8
55.7|82.87|1322|392|5.3|5.3|2|8
55.8|82.72|1240|392|5.3|5.3|2|8
55.9|82.58|1278|392|5.3|5.3|2|8
56|82.4|1374|392|5.3|5.3|2|8
56.1|82.19|1418|392|5.3|5.3|2|8
56.2|82.07|1216|392|5.3|5.3|2|8
56.3|81.85|1374|392|5.3|5.3|2|8
56.4|81.66|1188|392|5.3|5.3|2|8
56.5|81.45|1219|392|5.3|5.3|2|8
56.6|81.22|1325|391|5.3|5.3|2|8
56.7|81.13|1363|392|5.3|5.3|2|8
56.8|80.52|1763|392|5.3|5.3|6|8
56.9|78.26|1943|392|5.3|5.3|6|8
57|75.73|814|392|5.3|5.3|7|8
57.1|73.4|0|390|5.3|5.3|7|8
57.2|71.83|0|389|5.3|5.3|7|8
57.3|71.09|0|388|5.3|5.3|7|8
57.4|70.65|0|388|5.3|5.3|7|8
57.5|70.39|0|388|5.3|5.3|7|8
57.6|70.34|0|388|5.3|5.3|7|8
57.7|70.3|0|388|5.3|5.3|7|8
57.8|70.23|0|388|5.3|5.3|7|8
57.9|70.24|0|388|5.3|5.3|7|8
58|70.2|0|388|5.3|5.3|7|8
58.1|70.15|0|388|5.3|5.3|7|8
58.2|70.2|0|388|5.3|5.3|7|8
58.3|70.23|0|388|5.3|5.3|7|8
58.4|70.19|0|388|5.3|5.3|7|8
58.5|70.16|0|388|5.3|5.3|7|8
58.6|70.19|0|388|5.3|5.3|7|8
58.7|70.2|0|388|5.3|5.3|7|8
58.8|70.2|0|388|5.3|5.3|7|8
58.9|70.23|0|388|5.3|5.3|7|8
59|70.19|0|388|5.3|5.3|7|8
59.1|70.18|0|388|5.3|5.3|7|8
59.2|70.2|0|388|5.3|5.3|7|8
59.3|70.2|0|388|5.3|5.3|7|8
59.4|70.2|0|388|5.3|5.3|7|8
59.5|70.18|0|388|5.3|5.3|7|8
59.6|70.18|0|388|5.3|5.3|7|8
59.7|70.18|0|388|5.3|5.3|7|8
59.8|70.19|0|388|5.3|5.3|7|8
59.9|70.2|0|388|5.3|5.3|7|8
60|70.18|0|388|5.3|5.3|7|8
60.1|70.18|0|388|5.3|5.3|7|8
60.2|70.18|0|388|5.3|5.3|7|8
60.3|70.18|0|388|5.3|5.3|7|8
60.4|70.18|0|388|5.3|5.3|7|8
60.5|70.18|0|388|5.3|5.3|7|8
60.6|70.18|0|388|5.3|5.3|7|8
60.7|70.18|0|388|5.3|5.3|7|8
60.8|70.18|0|388|5.3|5.3|7|8
60.9|70.19|0|388|5.3|5.3|7|8
61|70.18|0|388|5.3|5.3|7|8
61.1|70.19|0|388|5.3|5.3|7|8
61.2|70.19|0|388|5.3|5.3|7|8
61.3|70.19|0|388|5.3|5.3|7|8
61.4|70.19|0|388|5.3|5.3|7|8
61.5|70.18|0|388|5.3|5.3|7|8
61.6|70.18|0|388|5.3|5.3|7|8
61.7|70.16|0|388|5.3|5.3|7|8
61.8|70.15|0|388|5.3|5.3|7|8
61.9|70.11|0|388|5.3|5.3|7|8
62|70.14|0|388|5.3|5.3|7|8
62.1|70.15|0|388|5.3|5.3|7|8
62.2|70.14|0|388|5.3|5.3|7|8
62.3|70.16|0|388|5.3|5.3|7|8
62.4|70.16|0|388|5.3|5.3|7|8
62.5|70.16|0|388|5.3|5.3|7|8
62.6|70.16|0|388|5.3|5.3|7|8
62.7|70.16|0|388|5.3|5.3|7|8
62.8|70.15|0|388|5.3|5.3|7|8
62.9|70.18|0|388|5.3|5.3|7|8
63|70.16|0|388|5.3|5.3|7|8
63.1|70.18|0|388|5.3|5.3|7|8
63.2|70.2|0|388|5.3|5.3|7|8
63.3|70.19|0|388|5.3|5.3|7|8
63.4|70.19|0|388|5.3|5.3|7|8
63.5|70.15|0|388|5.3|5.3|7|8
63.6|70.12|0|388|5.3|5.3|7|8
63.7|70.14|0|388|5.3|5.3|7|8
63.8|70.14|0|388|5.3|5.3|7|8
63.9|70.19|0|388|5.3|5.3|7|8
64|70.23|0|388|5.3|5.3|7|8
64.1|70.22|0|388|5.3|5.3|7|8
64.2|70.16|0|388|5.3|5.3|7|8
64.3|70.18|0|388|5.3|5.3|7|8
64.4|70.16|0|388|5.3|5.3|7|8
64.5|70.16|0|388|5.3|5.3|7|8
64.6|70.16|0|388|5.3|5.3|7|8
64.7|70.16|0|388|5.3|5.3|7|8
64.8|70.16|0|388|5.3|5.3|7|8
64.9|70.16|0|388|5.3|5.3|7|8
65|70.16|0|388|5.3|5.3|7|8
65.1|70.18|0|388|5.3|5.3|7|8
65.2|70.16|0|388|5.3|5.3|7|8
65.3|70.15|0|388|5.3|5.3|7|8
65.4|70.14|0|388|5.3|5.3|7|8
65.5|70.1|0|388|5.3|5.3|7|8
65.6|70.15|0|388|5.3|5.3|7|8
65.7|70.15|0|388|5.3|5.3|7|8
65.8|70.16|0|388|5.3|5.3|7|8
65.9|70.18|0|388|5.3|5.3|7|8
66|70.2|0|388|5.3|5.3|7|8
66.1|70.19|0|388|5.3|5.3|7|8
66.2|70.15|0|388|5.3|5.3|7|8
66.3|70.1|0|388|5.3|5.3|7|8
66.4|70.14|0|388|5.3|5.3|7|8
66.5|70.14|0|388|5.3|5.3|7|8
66.6|70.15|0|388|5.3|5.3|7|8
66.7|70.15|0|388|5.3|5.3|7|8
66.8|70.15|0|388|5.3|5.3|7|8
66.9|70.16|0|388|5.3|5.3|7|8
67|70.19|0|388|5.3|5.3|7|8
67.1|70.2|0|388|5.3|5.3|7|8
67.2|70.15|0|388|5.3|5.3|7|8
67.3|70.14|0|388|5.3|5.3|7|8
67.4|70.1|0|394|5.3|5.3|7|8
67.5|70.15|0|396|5.3|5.3|7|8
67.6|70.15|0|396|5.3|5.3|7|8
67.7|70.15|0|396|5.3|5.3|7|8
67.8|70.15|0|396|5.3|5.3|7|8
67.9|70.15|0|396|5.3|5.3|7|8
68|70.16|0|396|5.3|5.3|7|8
68.1|70.2|0|396|5.3|5.3|7|8
68.2|70.19|0|396|5.3|5.3|7|8
68.3|70.15|0|396|5.3|5.3|7|8
68.4|70.15|0|396|5.3|5.3|7|8
68.5|70.15|0|396|5.3|5.3|7|8
68.6|70.15|0|395|5.3|5.3|7|8
68.7|70.16|0|394|5.3|5.3|7|8
68.8|70.16|0|394|5.3|5.3|7|8
68.9|70.15|0|394|5.3|5.3|7|8
69|70.15|0|394|5.3|5.3|7|8
69.1|70.15|0|394|5.3|5.3|7|8
69.2|70.15|0|394|5.3|5.3|7|8
69.3|70.15|0|395|5.3|5.3|7|8
69.4|70.15|0|395|5.3|5.3|7|8
69.5|70.15|0|395|5.3|5.3|7|8
69.6|70.15|0|396|5.3|5.3|7|8
69.7|70.15|0|396|5.3|5.3|7|8
69.8|70.15|0|396|5.3|5.3|7|8
69.9|70.11|0|396|5.3|5.3|7|8
70|70.1|0|396|5.3|5.3|8|8
70.1|70.08|0|396|5.3|5.3|8|8
70.2|70.15|0|396|5.3|5.3|8|8
70.3|70.11|0|396|5.3|5.3|8|8
70.4|70|0|396|5.3|5.3|8|8
70.5|70.04|0|396|5.3|5.3|8|8
70.6|70.08|0|396|5.3|5.3|8|8
70.7|70.11|0|396|5.3|5.3|8|8
70.8|70.14|0|396|5.3|5.3|8|8
70.9|70|0|396|5.3|5.3|8|8
71|70.06|0|396|5.3|5.3|8|8
71.1|70.04|0|396|5.3|5.3|8|8
71.2|70.07|0|396|5.2|5.2|8|8
71.3|70.14|0|396|5.2|5.2|8|8
71.4|70.12|0|396|5.3|5.3|8|8
71.5|70.07|0|396|5.2|5.2|8|8
71.6|70.02|0|396|5.2|5.2|8|8
71.7|70.07|0|396|5.2|5.2|8|8
71.8|70.06|0|395|5.2|5.2|8|8
71.9|70.07|0|395|5.2|5.2|8|8
72|70.08|0|395|5.2|5.2|8|8
72.1|72.04|0|395|5.2|5.2|8|8
72.2|75.05|0|396|5.2|5.2|8|8
72.3|78.09|0|396|5.2|5.2|8|8
72.4|81.07|0|396|5.2|5.2|8|8
72.5|84.04|0|396|5.2|5.2|8|8
72.6|86.97|0|396|5.2|5.2|8|8
72.7|89.9|0|396|5.2|5.2|8|8
72.8|92.84|0|396|5.2|5.2|8|8
72.9|94.76|0|396|5.2|5.2|8|8
