0|95.98|964|405|5|5|1|8
0.1|96.04|1059|408|5|5|1|8
0.2|96.02|1064|409|5|5|1|8
0.3|96.04|1064|409|5|5|1|8
0.4|96.04|1067|409|5.1|5|1|8
0.5|96.02|1070|410|5.1|5|2|8
0.6|95.73|1075|410|5.1|5|2|8
0.7|95.29|1077|410|5.1|5.1|2|8
0.8|94.87|1085|410|5.1|5.1|2|8
0.9|94.39|1214|411|5.1|5.1|2|8
1|93.94|1662|412|5.1|5.1|3|8
1.1|93.68|1711|412|5.1|5.1|3|8
1.2|93.57|1727|413|5.1|5.1|3|8
1.3|93.41|1735|413|5.1|5.1|3|8
1.4|93.37|1740|413|5.1|5.1|3|8
1.5|93.38|1742|413|5.1|5.1|3|8
1.6|93.39|1745|413|5.1|5.1|3|8
1.7|93.38|1750|413|5.1|5.1|3|8
1.8|93.38|1753|413|5.1|5.1|3|8
1.9|93.38|1755|413|5.1|5.1|3|8
2|93.33|1760|413|5.1|5.1|3|8
2.1|93.38|1763|413|5.1|5.1|3|8
2.2|93.35|1765|413|5.1|5.1|3|8
2.3|93.37|1768|413|5.1|5.1|3|8
2.4|93.37|1768|413|5.1|5.1|3|8
2.5|93.35|1768|413|5.1|5.1|3|8
2.6|93.37|1771|413|5.1|5.1|3|8
2.7|93.38|1773|413|5.1|5.1|3|8
2.8|93.37|1776|413|5.1|5.1|3|8
2.9|93.37|1776|413|5.1|5.1|3|8
3|93.35|1778|413|5.1|5.1|4|8
3.1|93.49|1776|413|5.1|5.1|4|8
3.2|93.85|1732|413|5.1|5.1|4|8
3.3|94.37|1144|412|5.1|5.1|5|8
3.4|94.68|1090|410|5.1|5.1|5|8
3.5|94.76|1090|409|5.1|5.1|5|8
3.6|94.88|1088|409|5.1|5.1|5|8
3.7|94.88|1088|409|5.1|5.1|5|8
3.8|94.8|1088|409|5.1|5.1|5|8
3.9|94.92|1088|409|5.2|5.2|5|8
4|94.82|1088|409|5.2|5.2|5|8
4.1|94.9|1090|409|5.2|5.2|5|8
4.2|94.86|1093|409|5.2|5.2|5|8
4.3|94.88|1093|409|5.2|5.2|5|8
4.4|94.91|1095|409|5.2|5.2|5|8
4.5|94.82|1093|409|5.2|5.2|5|8
4.6|94.9|1093|409|5.2|5.2|5|8
4.7|94.86|1093|409|5.2|5.2|5|8
4.8|94.87|1095|409|5.2|5.2|5|8
4.9|94.88|1080|409|5.2|5.2|5|8
5|94.84|1077|409|5.2|5.2|5|8
5.1|94.86|1075|409|5.2|5.2|5|8
5.2|94.88|1075|409|5.2|5.2|5|8
5.3|94.9|1072|409|5.2|5.2|2|8
5.4|94.78|1072|409|5.2|5.2|2|8
5.5|94.4|1075|409|5.2|5.2|2|8
5.6|93.96|1206|411|5.2|5.2|2|8
5.7|93.58|1701|412|5.2|5.2|3|8
5.8|93.34|1768|412|5.2|5.2|3|8
5.9|93.29|1784|413|5.2|5.2|3|8
6|93.14|1791|413|5.2|5.2|3|8
6.1|93.15|1794|413|5.2|5.2|3|8
6.2|93.04|1799|413|5.2|5.2|3|8
6.3|93.11|1802|413|5.2|5.2|3|8
6.4|93.1|1804|413|5.2|5.2|3|8
6.5|93.09|1804|413|5.2|5.2|3|8
6.6|93.1|1807|413|5.2|5.2|3|8
6.7|93.09|1807|413|5.2|5.2|3|8
6.8|93.09|1809|413|5.2|5.2|3|8
6.9|92.9|1809|413|5.2|5.2|3|8
7|93.07|1812|413|5.2|5.2|3|8
7.1|93.07|1812|413|5.2|5.2|3|8
7.2|93.09|1812|413|5.2|5.2|3|8
7.3|93.09|1814|413|5.2|5.2|3|8
7.4|93.07|1814|413|5.2|5.2|3|8
7.5|93.1|1814|413|5.2|5.2|3|8
7.6|93.09|1817|413|5.2|5.2|3|8
7.7|93.06|1817|413|5.2|5.2|4|8
7.8|93.23|1814|413|5.2|5.2|4|8
7.9|93.62|1722|413|5.2|5.2|4|8
8|94.13|1116|412|5.3|5.2|5|8
8.1|94.29|1090|411|5.3|5.2|5|8
8.2|94.41|1088|411|5.3|5.3|5|8
8.3|94.48|1088|410|5.3|5.3|5|8
8.4|94.51|1088|410|5.3|5.3|5|8
8.5|94.51|1088|410|5.3|5.3|5|8
8.6|94.51|1082|410|5.3|5.3|5|8
8.7|94.51|1082|410|5.3|5.3|5|8
8.8|94.51|1085|410|5.3|5.3|5|8
8.9|94.48|1085|410|5.3|5.3|5|8
9|94.53|1088|409|5.3|5.3|5|8
9.1|94.53|1085|409|5.3|5.3|5|8
9.2|94.53|1082|409|5.3|5.3|5|8
9.3|94.51|1080|410|5.3|5.3|5|8
9.4|94.49|1080|410|5.3|5.3|5|8
9.5|94.49|1080|410|5.3|5.3|5|8
9.6|94.48|1080|410|5.3|5.3|5|8
9.7|94.52|1080|410|5.3|5.3|5|8
9.8|94.55|1080|410|5.3|5.3|5|8
9.9|94.52|1082|410|5.3|5.3|5|8
10|94.52|1085|410|5.3|5.3|2|8
10.1|94.36|1085|410|5.3|5.3|2|8
10.2|93.97|1085|410|5.3|5.3|2|8
10.3|93.55|1515|411|5.3|5.3|2|8
10.4|93.21|1763|412|5.3|5.3|3|8
10.5|93.03|1799|413|5.3|5.3|3|8
10.6|92.9|1812|413|5.3|5.3|3|8
10.7|92.91|1835|401|5.3|5.3|3|8
10.8|92.84|1838|394|5.3|5.3|3|8
10.9|92.8|1840|392|5.3|5.3|3|8
11|92.86|1843|392|5.3|5.3|3|8
11.1|92.86|1845|391|5.3|5.3|3|8
11.2|92.84|1848|391|5.3|5.3|3|8
11.3|92.83|1851|391|5.3|5.3|3|8
11.4|92.84|1851|391|5.3|5.3|3|8
11.5|92.83|1851|391|5.3|5.3|3|8
11.6|92.84|1851|391|5.3|5.3|3|8
11.7|92.83|1851|391|5.3|5.3|3|8
11.8|92.84|1853|391|5.3|5.3|3|8
11.9|92.84|1853|391|5.3|5.3|3|8
12|92.87|1853|391|5.3|5.3|3|8
12.1|92.86|1853|391|5.3|5.3|3|8
12.2|92.88|1856|391|5.3|5.3|3|8
12.3|92.83|1858|391|5.3|5.3|3|8
12.4|92.8|1858|391|5.3|5.3|4|8
12.5|93.09|1851|391|5.3|5.3|4|8
12.6|93.55|1338|391|5.3|5.3|5|8
12.7|93.96|1111|390|5.3|5.3|5|8
12.8|94.13|1106|390|5.3|5.3|5|8
12.9|94.2|1106|390|5.3|5.3|5|8
13|94.17|1103|390|5.3|5.3|5|8
13.1|94.15|1101|390|5.3|5.3|5|8
13.2|94.21|1101|390|5.4|5.3|5|8
13.3|94.21|1098|390|5.4|5.4|5|8
13.4|94.21|1098|390|5.4|5.4|5|8
13.5|94.27|1098|390|5.4|5.4|5|8
13.6|94.16|1095|390|5.4|5.4|5|8
13.7|94.21|1098|390|5.4|5.4|5|8
13.8|94.21|1103|390|5.4|5.4|5|8
13.9|94.23|1103|390|5.4|5.4|5|8
14|94.23|1103|390|5.4|5.4|5|8
14.1|94.21|1098|390|5.4|5.4|5|8
14.2|94.19|1095|390|5.4|5.4|5|8
14.3|94.2|1095|390|5.4|5.4|5|8
14.4|94.2|1095|390|5.4|5.4|5|8
14.5|94.21|1095|390|5.4|5.4|5|8
14.6|94.23|1095|390|5.4|5.4|2|8
14.7|94.21|1101|390|5.4|5.4|2|8
14.8|93.88|1101|390|5.4|5.4|2|8
14.9|93.42|1155|390|5.4|5.4|2|8
15|93.06|1773|390|5.4|5.4|3|8
15.1|92.87|1835|390|5.4|5.4|3|8
15.2|92.67|1853|390|5.4|5.4|3|8
15.3|92.64|1861|390|5.4|5.4|3|8
15.4|92.64|1861|390|5.4|5.4|3|8
15.5|92.63|1863|390|5.4|5.4|3|8
15.6|92.62|1866|390|5.4|5.4|3|8
15.7|92.53|1869|390|5.4|5.4|3|8
15.8|92.59|1869|390|5.4|5.4|3|8
15.9|92.63|1869|390|5.4|5.4|3|8
16|92.62|1869|390|5.4|5.4|3|8
16.1|92.59|1871|390|5.4|5.4|3|8
16.2|92.52|1871|390|5.4|5.4|3|8
16.3|92.59|1871|390|5.4|5.4|3|8
16.4|92.62|1871|390|5.4|5.4|3|8
16.5|92.63|1874|390|5.4|5.4|3|8
16.6|92.59|1874|390|5.4|5.4|3|8
16.7|92.58|1874|390|5.4|5.4|3|8
16.8|92.55|1874|390|5.4|5.4|3|8
16.9|92.59|1874|390|5.4|5.4|3|8
17|92.56|1874|390|5.4|5.4|4|8
17.1|92.72|1874|390|5.4|5.4|4|8
17.2|93.14|1817|390|5.4|5.4|4|8
17.3|93.65|1168|391|5.4|5.4|5|8
17.4|93.89|1113|390|5.4|5.4|5|8
17.5|94.01|1108|390|5.4|5.4|5|8
17.6|94.15|1106|390|5.4|5.4|5|8
17.7|94.13|1103|390|5.4|5.4|5|8
17.8|94.05|1106|390|5.4|5.4|5|8
17.9|94.15|1106|390|5.4|5.4|5|8
18|94.09|1108|390|5.4|5.4|5|8
18.1|94.04|1108|390|5.4|5.4|5|8
18.2|94.09|1103|390|5.4|5.4|5|8
18.3|94.08|1106|390|5.4|5.4|5|8
18.4|94.12|1103|390|5.4|5.4|5|8
18.5|94.17|1106|390|5.4|5.4|5|8
18.6|94.2|1106|390|5.4|5.4|5|8
18.7|94.05|1103|390|5.4|5.4|5|8
18.8|94.09|1106|390|5.4|5.4|5|8
18.9|94.08|1101|390|5.4|5.4|5|8
19|94.13|1098|390|5.4|5.4|5|8
19.1|94.13|1098|390|5.4|5.4|5|8
19.2|94.13|1098|390|5.4|5.4|5|8
19.3|94.01|1098|390|5.4|5.4|2|8
19.4|94.02|1098|390|5.4|5.4|2|8
19.5|93.62|1101|390|5.4|5.4|2|8
19.6|93.22|1268|390|5.4|5.4|2|8
19.7|92.8|1804|390|5.4|5.4|3|8
19.8|92.66|1851|390|5.4|5.4|3|8
19.9|92.55|1866|390|5.4|5.4|3|8
20|92.37|1874|390|5.4|5.4|3|8
20.1|92.33|1876|390|5.4|5.4|3|8
20.2|92.43|1879|390|5.4|5.4|3|8
20.3|92.4|1881|390|5.4|5.4|3|8
20.4|92.39|1881|390|5.4|5.4|3|8
20.5|92.41|1881|390|5.4|5.4|3|8
20.6|92.39|1884|390|5.4|5.4|3|8
20.7|92.4|1884|390|5.4|5.4|3|8
20.8|92.4|1884|390|5.4|5.4|3|8
20.9|92.4|1887|390|5.4|5.4|3|8
21|92.37|1887|390|5.4|5.4|3|8
21.1|92.39|1887|390|5.4|5.4|3|8
21.2|92.4|1887|390|5.4|5.4|3|8
21.3|92.4|1887|390|5.4|5.4|3|8
21.4|92.39|1887|390|5.4|5.4|3|8
21.5|92.37|1887|390|5.4|5.4|3|8
21.6|92.39|1892|390|5.4|5.4|3|8
21.7|92.43|1889|390|5.4|5.4|4|8
21.8|92.56|1889|390|5.4|5.4|4|8
21.9|92.92|1845|390|5.4|5.4|4|8
22|93.49|1289|391|5.4|5.4|5|8
22.1|93.85|1116|390|5.4|5.4|5|8
22.2|93.98|1111|390|5.4|5.4|5|8
22.3|94.04|1108|390|5.4|5.4|5|8
22.4|94.17|1106|390|5.4|5.4|5|8
22.5|94.06|1106|390|5.4|5.4|5|8
22.6|94.09|1103|390|5.4|5.4|5|8
22.7|94.09|1103|390|5.4|5.4|5|8
22.8|94.06|1103|390|5.4|5.4|5|8
22.9|94.15|1101|390|5.4|5.4|5|8
23|94.2|1101|390|5.4|5.4|5|8
23.1|94.04|1101|390|5.4|5.4|5|8
23.2|94.08|1101|390|5.4|5.4|5|8
23.3|94.12|1101|390|5.4|5.4|5|8
23.4|94.16|1101|390|5.4|5.4|5|8
23.5|94.2|1101|390|5.4|5.4|5|8
23.6|94.04|1101|390|5.4|5.4|5|8
23.7|94.06|1098|390|5.4|5.4|5|8
23.8|94.12|1101|390|5.4|5.4|5|8
23.9|94.16|1098|390|5.4|5.4|5|8
24|94.15|1101|390|5.4|5.4|2|8
24.1|94.05|1098|390|5.4|5.4|2|8
24.2|93.74|1098|390|5.4|5.4|2|8
24.3|93.31|1113|390|5.4|5.4|2|8
24.4|92.9|1683|390|5.4|5.4|3|8
24.5|92.62|1840|390|5.4|5.4|3|8
24.6|92.4|1869|390|5.4|5.4|3|8
24.7|92.41|1879|390|5.4|5.4|3|8
24.8|92.35|1884|390|5.4|5.4|3|8
24.9|92.37|1887|390|5.4|5.4|3|8
25|92.28|1889|390|5.4|5.4|3|8
25.1|92.28|1892|390|5.4|5.4|3|8
25.2|92.33|1892|390|5.4|5.4|3|8
25.3|92.29|1894|390|5.4|5.4|3|8
25.4|92.28|1894|390|5.4|5.4|3|8
25.5|92.33|1894|390|5.4|5.4|3|8
25.6|92.29|1894|390|5.4|5.4|3|8
25.7|92.28|1894|390|5.4|5.4|3|8
25.8|92.32|1894|390|5.4|5.4|3|8
25.9|92.31|1897|390|5.4|5.4|3|8
26|92.25|1897|390|5.4|5.4|3|8
26.1|92.32|1897|390|5.4|5.4|3|8
26.2|92.31|1899|390|5.4|5.4|3|8
26.3|92.25|1899|390|5.4|5.4|3|8
26.4|92.32|1899|390|5.4|5.4|4|8
26.5|92.32|1899|390|5.4|5.4|4|8
26.6|92.58|1892|390|5.4|5.4|4|8
26.7|93.13|1503|390|5.4|5.4|4|8
26.8|93.54|1121|390|5.4|5.4|5|8
26.9|93.78|1113|390|5.4|5.4|5|8
27|93.78|1111|390|5.4|5.4|5|8
27.1|93.8|1108|390|5.4|5.4|5|8
27.2|93.85|1108|390|5.4|5.4|5|8
27.3|93.85|1111|390|5.4|5.4|5|8
27.4|93.85|1111|390|5.4|5.4|5|8
27.5|93.86|1106|390|5.4|5.4|5|8
27.6|93.88|1106|390|5.4|5.4|5|8
27.7|93.89|1103|390|5.4|5.4|5|8
27.8|93.89|1103|390|5.4|5.4|5|8
27.9|93.82|1103|390|5.4|5.4|5|8
28|93.81|1106|390|5.4|5.4|5|8
28.1|93.84|1108|390|5.4|5.4|5|8
28.2|93.84|1103|390|5.4|5.4|5|8
28.3|93.82|1103|390|5.4|5.4|5|8
28.4|93.86|1103|390|5.4|5.4|5|8
28.5|93.89|1101|390|5.4|5.4|5|8
28.6|93.93|1101|390|5.4|5.4|5|8
28.7|93.85|1101|390|5.4|5.4|5|8
28.8|93.85|1101|390|5.4|5.4|2|8
28.9|93.6|1103|390|5.4|5.4|2|8
29|93.17|1111|390|5.4|5.4|2|8
29.1|92.71|1678|390|5.4|5.4|3|8
29.2|92.41|1851|390|5.4|5.4|3|8
29.3|92.39|1876|390|5.4|5.4|3|8
29.4|92.25|1889|390|5.4|5.4|3|8
29.5|92.17|1894|390|5.4|5.4|3|8
29.6|92.13|1897|390|5.4|5.4|3|8
29.7|92.09|1899|390|5.4|5.4|3|8
29.8|92.17|1899|390|5.4|5.4|3|8
29.9|92.16|1902|390|5.4|5.4|3|8
30|92.15|1905|390|5.4|5.4|3|8
30.1|92.13|1905|390|5.4|5.4|3|8
30.2|92.11|1907|390|5.4|5.4|3|8
30.3|92.17|1907|390|5.4|5.4|3|8
30.4|92.16|1907|390|5.4|5.4|3|8
30.5|92.13|1910|390|5.4|5.4|3|8
30.6|92.12|1907|390|5.4|5.4|3|8
30.7|92.17|1907|390|5.4|5.4|3|8
30.8|92.16|1907|390|5.4|5.4|3|8
30.9|92.15|1910|390|5.4|5.4|3|8
31|92.11|1910|390|5.4|5.4|3|8
31.1|92.13|1910|390|5.4|5.4|4|8
31.2|92.21|1910|390|5.4|5.4|4|8
31.3|92.53|1902|390|5.4|5.4|4|8
31.4|92.96|1515|390|5.4|5.4|4|8
31.5|93.45|1124|390|5.4|5.4|5|8
31.6|93.55|1116|390|5.4|5.4|5|8
31.7|93.65|1111|390|5.4|5.4|5|8
31.8|93.74|1108|390|5.4|5.4|5|8
31.9|93.69|1108|390|5.4|5.4|5|8
32|93.65|1106|390|5.4|5.4|5|8
32.1|93.73|1106|390|5.4|5.4|5|8
32.2|93.7|1106|390|5.4|5.4|5|8
32.3|93.68|1106|390|5.4|5.4|5|8
32.4|93.73|1103|390|5.4|5.4|5|8
32.5|93.7|1103|390|5.4|5.4|5|8
32.6|93.69|1103|390|5.4|5.4|5|8
32.7|93.7|1103|390|5.4|5.4|5|8
32.8|93.72|1101|390|5.4|5.4|5|8
32.9|93.7|1101|390|5.4|5.4|5|8
33|93.69|1103|390|5.4|5.4|5|8
33.1|93.7|1101|390|5.4|5.4|5|8
33.2|93.7|1101|390|5.4|5.4|5|8
33.3|93.7|1101|390|5.4|5.4|5|8
33.4|93.72|1101|390|5.4|5.4|5|8
33.5|93.69|1103|390|5.4|5.4|2|8
33.6|93.42|1103|390|5.4|5.4|2|8
33.7|93.02|1101|390|5.4|5.4|2|8
33.8|92.64|1735|389|5.4|5.4|3|8
33.9|92.39|1861|389|5.4|5.4|3|8
34|92.19|1884|389|5.4|5.4|3|8
34.1|92.08|1894|389|5.4|5.4|3|8
34.2|92.08|1899|389|5.4|5.4|3|8
34.3|92.09|1905|389|5.4|5.4|3|8
34.4|92.07|1907|389|5.4|5.4|3|8
34.5|92.02|1910|389|5.4|5.4|3|8
34.6|92.02|1910|389|5.4|5.4|3|8
34.7|92.05|1912|389|5.4|5.4|3|8
34.8|92.07|1915|389|5.4|5.4|3|8
34.9|92.05|1915|389|5.4|5.4|3|8
35|92.01|1915|389|5.4|5.4|3|8
35.1|92.02|1918|389|5.4|5.4|3|8
35.2|92.04|1918|389|5.4|5.4|3|8
35.3|92.05|1918|389|5.4|5.4|3|8
35.4|92.05|1918|389|5.4|5.4|3|8
35.5|92.02|1918|389|5.4|5.4|3|8
35.6|92.02|1918|389|5.4|5.4|3|8
35.7|92.02|1918|389|5.4|5.4|3|8
35.8|92.02|1918|389|5.4|5.4|4|8
35.9|92.09|1918|389|5.4|5.4|4|8
36|92.41|1907|389|5.4|5.4|4|8
36.1|92.91|1521|390|5.4|5.4|4|8
36.2|93.27|1124|390|5.4|5.4|2|8
36.3|93.27|1116|390|5.4|5.4|2|8
36.4|93.31|1111|390|5.4|5.4|2|8
36.5|93.21|1111|390|5.4|5.4|2|8
36.6|93.29|1108|390|5.4|5.4|2|8
36.7|93.17|1116|390|5.4|5.4|2|8
36.8|93.03|1113|390|5.4|5.4|2|8
36.9|93.04|1108|390|5.4|5.4|2|8
37|92.98|1106|390|5.4|5.4|2|8
37.1|92.92|1106|390|5.4|5.4|2|8
37.2|92.86|1113|390|5.4|5.4|2|8
37.3|92.75|1139|390|5.4|5.4|2|8
37.4|92.68|1149|389|5.4|5.4|2|8
37.5|92.64|1142|389|5.4|5.4|2|8
37.6|92.63|1229|390|5.4|5.4|2|8
37.7|92.62|1670|390|5.4|5.4|2|8
37.8|92.56|1768|390|5.4|5.4|2|8
37.9|92.59|1781|389|5.4|5.4|2|8
38|92.87|1170|390|5.4|5.4|2|8
38.1|92.94|1108|390|5.4|5.4|2|8
38.2|92.96|1103|389|5.4|5.4|2|8
38.3|93.04|1101|389|5.4|5.4|2|8
38.4|92.9|1101|389|5.4|5.4|2|8
38.5|92.87|1101|389|5.4|5.4|2|8
38.6|92.76|1101|389|5.4|5.4|2|8
38.7|92.72|1152|389|5.4|5.4|2|8
38.8|92.66|1188|389|5.4|5.4|2|8
38.9|92.64|1294|390|5.4|5.4|2|8
39|92.6|1552|390|5.4|5.4|2|8
39.1|92.56|1768|389|5.4|5.4|2|8
39.2|92.56|1784|389|5.4|5.4|2|8
39.3|92.82|1459|390|5.4|5.4|2|8
39.4|92.94|1111|389|5.4|5.4|2|8
39.5|92.98|1103|389|5.4|5.4|2|8
39.6|93.06|1101|389|5.4|5.4|2|8
39.7|92.95|1106|389|5.4|5.4|2|8
39.8|92.9|1098|389|5.4|5.4|2|8
39.9|92.86|1098|389|5.4|5.4|2|8
40|92.74|1098|389|5.4|5.4|2|8
40.1|92.67|1168|389|5.4|5.4|2|8
40.2|92.64|1229|389|5.4|5.4|2|8
40.3|92.6|1356|390|5.4|5.4|2|8
40.4|92.58|1683|389|5.4|5.4|2|8
40.5|92.53|1786|389|5.4|5.4|2|8
40.6|92.58|1781|389|5.4|5.4|2|8
40.7|92.84|1577|390|5.4|5.4|2|8
40.8|92.94|1113|390|5.4|5.4|2|8
40.9|93.04|1103|389|5.4|5.4|2|8
41|93.04|1103|389|5.4|5.4|2|8
41.1|93.03|1101|389|5.4|5.4|2|8
41.2|92.9|1098|389|5.4|5.4|2|8
41.3|92.88|1098|389|5.4|5.4|2|8
41.4|92.8|1119|389|5.4|5.4|2|8
41.5|92.75|1103|389|5.4|5.4|2|8
41.6|92.67|1108|389|5.4|5.4|2|8
41.7|92.64|1144|389|5.4|5.4|2|8
41.8|92.59|1397|389|5.4|5.4|2|8
41.9|92.53|1678|390|5.4|5.4|2|8
42|92.55|1706|390|5.4|5.4|2|8
42.1|92.59|1711|390|5.4|5.4|2|8
42.2|92.88|1716|390|5.4|5.4|2|8
42.3|93.07|1716|390|5.4|5.4|2|8
42.4|93.25|1624|390|5.4|5.4|2|8
42.5|93.45|1129|389|5.4|5.4|2|8
42.6|93.5|1106|389|5.4|5.4|2|8
42.7|93.46|1103|389|5.4|5.4|2|8
42.8|93.43|1101|389|5.4|5.4|2|8
42.9|93.37|1101|389|5.4|5.4|2|8
43|93.33|1098|389|5.4|5.4|2|8
43.1|93.21|1098|389|5.4|5.4|2|8
43.2|93.27|1098|389|5.4|5.4|2|8
43.3|93.15|1098|389|5.4|5.4|2|8
43.4|93|1098|389|5.4|5.4|2|8
43.5|93.04|1098|389|5.4|5.4|2|8
43.6|92.96|1103|389|5.4|5.4|2|8
43.7|92.9|1126|390|5.4|5.4|2|8
43.8|92.86|1101|390|5.4|5.4|2|8
43.9|92.74|1155|390|5.4|5.4|2|8
44|92.67|1098|390|5.4|5.4|2|8
44.1|92.63|1103|390|5.4|5.4|2|8
44.2|92.59|1149|390|5.4|5.4|2|8
44.3|92.55|1433|390|5.4|5.4|2|8
44.4|92.37|1247|390|5.4|5.4|2|8
44.5|92.39|1253|390|5.4|5.4|2|8
44.6|92.37|1487|390|5.4|5.4|2|8
44.7|92.2|1242|390|5.4|5.4|2|8
44.8|92.36|1101|390|5.4|5.4|2|8
44.9|92.25|1098|390|5.4|5.4|2|8
45|92.21|1175|390|5.4|5.4|2|8
45.1|92.21|1374|390|5.4|5.4|2|8
45.2|92.16|1394|390|5.4|5.4|2|8
45.3|92.09|1271|390|5.4|5.4|2|8
45.4|92|1304|390|5.4|5.4|2|8
45.5|91.96|1322|390|5.4|5.4|2|8
45.6|91.92|1389|390|5.4|5.4|2|8
45.7|91.82|1394|390|5.4|5.4|2|8
45.8|91.78|1361|390|5.4|5.4|2|8
45.9|91.72|1307|390|5.4|5.4|2|8
46|91.61|1186|390|5.4|5.4|2|8
46.1|91.6|1216|390|5.4|5.4|2|8
46.2|91.57|1245|390|5.4|5.4|2|8
46.3|91.49|1265|390|5.4|5.4|2|8
46.4|91.41|1294|390|5.4|5.4|2|8
46.5|91.23|1157|390|5.4|5.4|2|8
46.6|91.26|1144|390|5.4|5.4|2|8
46.7|91.23|1255|390|5.4|5.4|2|8
46.8|91.06|1302|390|5.4|5.4|2|8
46.9|91.05|1242|390|5.4|5.4|2|8
47|90.9|1273|390|5.4|5.4|2|8
47.1|90.84|1281|390|5.4|5.4|2|8
47.2|90.8|1216|390|5.4|5.4|2|8
47.3|90.66|1242|390|5.4|5.4|2|8
47.4|90.6|1157|390|5.4|5.4|2|8
47.5|90.56|1206|390|5.4|5.4|2|8
47.6|90.48|1289|390|5.4|5.4|2|8
47.7|90.36|1204|390|5.4|5.4|2|8
47.8|90.33|1232|390|5.4|5.4|2|8
47.9|90.23|1289|390|5.4|5.4|2|8
48|90.19|1211|390|5.4|5.4|2|8
48.1|90.05|1193|390|5.4|5.4|2|8
48.2|89.94|1299|390|5.4|5.4|2|8
48.3|89.9|1229|390|5.4|5.4|2|8
48.4|89.78|1289|390|5.4|5.4|2|8
48.5|89.73|1271|390|5.4|5.4|2|8
48.6|89.58|1235|390|5.4|5.4|2|8
48.7|89.56|1307|390|5.4|5.4|2|8
48.8|89.42|1245|390|5.4|5.4|2|8
48.9|89.41|1201|390|5.4|5.4|2|8
49|89.35|1224|390|5.4|5.4|2|8
49.1|89.27|1245|390|5.4|5.4|2|8
49.2|89.19|1242|390|5.4|5.4|2|8
49.3|89.17|1129|390|5.4|5.4|2|8
49.4|89.13|1201|390|5.4|5.4|2|8
49.5|89.07|1126|390|5.4|5.4|2|8
49.6|89.01|1180|390|5.4|5.4|2|8
49.7|88.88|1180|390|5.4|5.4|2|8
49.8|88.88|1144|390|5.4|5.4|2|8
49.9|88.75|1286|390|5.4|5.4|2|8
50|88.72|1242|390|5.4|5.4|2|8
50.1|88.63|1245|390|5.4|5.4|2|8
50.2|88.59|1180|390|5.4|5.4|2|8
50.3|88.5|1260|390|5.4|5.4|2|8
50.4|88.37|1284|390|5.4|5.4|2|8
50.5|88.31|1131|390|5.4|5.4|2|8
50.6|88.21|1198|390|5.4|5.4|2|8
50.7|88.19|1258|390|5.4|5.4|2|8
50.8|88.11|1196|390|5.4|5.4|2|8
50.9|88.03|1180|390|5.4|5.4|2|8
51|87.93|1302|390|5.4|5.4|2|8
51.1|87.85|1227|390|5.4|5.4|2|8
51.2|87.73|1245|390|5.4|5.4|2|8
51.3|87.66|1281|390|5.4|5.4|2|8
51.4|87.52|1211|390|5.4|5.4|2|8
51.5|87.45|1119|390|5.4|5.4|2|8
51.6|87.41|1165|390|5.4|5.4|2|8
51.7|87.31|1281|390|5.4|5.4|2|8
51.8|87.15|1191|390|5.4|5.4|2|8
51.9|87.15|1183|390|5.4|5.4|2|8
52|87.02|1186|390|5.4|5.4|2|8
52.1|86.95|1224|390|5.4|5.4|2|8
52.2|86.8|1229|390|5.4|5.4|2|8
52.3|86.7|1296|390|5.4|5.4|2|8
52.4|86.62|1317|390|5.4|5.4|2|8
52.5|86.5|1335|390|5.4|5.4|2|8
52.6|86.43|1216|390|5.4|5.4|2|8
52.7|86.27|1180|390|5.4|5.4|2|8
52.8|86.16|1281|390|5.4|5.4|2|8
52.9|86.07|1327|390|5.4|5.4|2|8
53|85.95|1229|390|5.4|5.4|2|8
53.1|85.81|1363|391|5.4|5.4|2|8
53.2|85.73|1273|390|5.4|5.4|2|8
53.3|85.57|1222|390|5.4|5.4|2|8
53.4|85.48|1224|390|5.4|5.4|2|8
53.5|85.26|1209|390|5.4|5.4|2|8
53.6|85.21|1206|390|5.4|5.4|2|8
53.7|85.06|1216|390|5.4|5.4|2|8
53.8|84.99|1247|390|5.4|5.4|2|8
53.9|84.8|1196|390|5.4|5.4|2|8
54|84.6|1284|390|5.4|5.4|2|8
54.1|84.47|1206|390|5.4|5.4|2|8
54.2|84.38|1209|390|5.4|5.4|2|8
54.3|84.23|1198|390|5.4|5.4|2|8
54.4|84.11|1147|390|5.4|5.4|2|8
54.5|83.93|1296|390|5.4|5.4|2|8
54.6|83.8|1327|390|5.4|5.4|2|8
54.7|83.64|1245|390|5.4|5.4|2|8
54.8|83.45|1294|390|5.4|5.4|2|8
54.9|83.33|1420|391|5.4|5.4|2|8
55|83.21|1216|390|5.4|5.4|2|8
55.1|83.15|1214|390|5.4|5.4|2|8
55.2|83.09|1219|390|5.4|5.4|2|8
55.3|82.98|1139|390|5.4|5.4|2|8
55.4|82.89|1186|390|5.4|5.4|2|8
55.5|82.81|1201|390|5.4|5.4|2|8
55.6|82.72|1307|390|5.4|5.4|2|8
55.7|82.66|1250|390|5.4|5.4|2|8
55.8|82.52|1149|390|5.4|5.4|2|8
55.9|82.39|1168|390|5.4|5.4|2|8
56|82.28|1379|390|5.4|5.4|2|8
56.1|82.16|1325|390|5.4|5.4|2|8
56.2|82.04|1340|390|5.4|5.4|2|8
56.3|81.93|1222|389|5.4|5.4|2|8
56.4|81.75|1340|390|5.4|5.4|2|8
56.5|81.57|1338|390|5.4|5.4|2|8
56.6|81.46|1222|390|5.4|5.4|2|8
56.7|81.25|1216|390|5.4|5.4|2|8
56.8|80.94|1577|390|5.4|5.4|6|8
56.9|78.85|1948|390|5.4|5.4|6|8
57|75.95|848|390|5.4|5.4|6|8
57.1|73.22|0|390|5.4|5.4|7|8
57.2|71.52|0|389|5.4|5.4|7|8
57.3|70.82|0|388|5.4|5.4|7|8
57.4|70.42|0|388|5.4|5.4|7|8
57.5|70.3|0|388|5.4|5.4|7|8
57.6|70.26|0|388|5.4|5.4|7|8
57.7|70.27|0|388|5.4|5.4|7|8
57.8|70.22|0|388|5.4|5.4|7|8
57.9|70.23|0|388|5.4|5.4|7|8
58|70.18|0|388|5.4|5.4|7|8
58.1|70.15|0|388|5.4|5.4|7|8
58.2|70.16|0|388|5.4|5.4|7|8
58.3|70.18|0|388|5.4|5.4|7|8
58.4|70.22|0|388|5.4|5.4|7|8
58.5|70.22|0|388|5.4|5.4|7|8
58.6|70.24|0|388|5.4|5.4|7|8
58.7|70.2|0|388|5.4|5.4|7|8
58.8|70.18|0|388|5.4|5.4|7|8
58.9|70.16|0|388|5.4|5.4|7|8
59|70.18|0|388|5.4|5.4|7|8
59.1|70.16|0|388|5.4|5.4|7|8
59.2|70.16|0|388|5.4|5.4|7|8
59.3|70.16|0|388|5.4|5.4|7|8
59.4|70.16|0|388|5.4|5.4|7|8
59.5|70.19|0|388|5.4|5.4|7|8
59.6|70.2|0|388|5.4|5.4|7|8
59.7|70.2|0|388|5.4|5.4|7|8
59.8|70.24|0|388|5.4|5.4|7|8
59.9|70.2|0|388|5.4|5.4|7|8
60|70.19|0|388|5.4|5.4|7|8
60.1|70.18|0|388|5.4|5.4|7|8
60.2|70.18|0|388|5.4|5.4|7|8
60.3|70.19|0|388|5.4|5.4|7|8
60.4|70.18|0|388|5.4|5.4|7|8
60.5|70.19|0|388|5.4|5.4|7|8
60.6|70.19|0|387|5.4|5.4|7|8
60.7|70.18|0|386|5.4|5.4|7|8
60.8|70.18|0|386|5.4|5.4|7|8
60.9|70.18|0|386|5.4|5.4|7|8
61|70.19|0|386|5.4|5.4|7|8
61.1|70.18|0|386|5.4|5.4|7|8
61.2|70.19|0|386|5.4|5.4|7|8
61.3|70.19|0|386|5.4|5.4|7|8
61.4|70.19|0|386|5.4|5.4|7|8
61.5|70.19|0|386|5.4|5.4|7|8
61.6|70.19|0|386|5.4|5.4|7|8
61.7|70.19|0|386|5.4|5.4|7|8
61.8|70.18|0|386|5.4|5.4|7|8
61.9|70.18|0|386|5.4|5.4|7|8
62|70.18|0|386|5.4|5.4|7|8
62.1|70.16|0|386|5.4|5.4|7|8
62.2|70.16|0|386|5.4|5.4|7|8
62.3|70.15|0|386|5.4|5.4|7|8
62.4|70.12|0|386|5.4|5.4|7|8
62.5|70.11|0|386|5.4|5.4|7|8
62.6|70.15|0|386|5.4|5.4|7|8
62.7|70.15|0|386|5.4|5.4|7|8
62.8|70.16|0|386|5.4|5.4|7|8
62.9|70.16|0|386|5.4|5.4|7|8
63|70.16|0|387|5.4|5.4|7|8
63.1|70.18|0|388|5.4|5.4|7|8
63.2|70.23|0|388|5.4|5.4|7|8
63.3|70.19|0|388|5.4|5.4|7|8
63.4|70.19|0|388|5.4|5.4|7|8
63.5|70.16|0|388|5.4|5.4|7|8
63.6|70.15|0|388|5.4|5.4|7|8
63.7|70.12|0|388|5.4|5.4|7|8
63.8|70.12|0|388|5.4|5.4|7|8
63.9|70.15|0|388|5.4|5.4|7|8
64|70.16|0|388|5.4|5.4|7|8
64.1|70.2|0|388|5.4|5.4|7|8
64.2|70.2|0|388|5.4|5.4|7|8
64.3|70.2|0|388|5.4|5.4|7|8
64.4|70.16|0|388|5.4|5.4|7|8
64.5|70.15|0|388|5.4|5.4|7|8
64.6|70.12|0|388|5.4|5.4|7|8
64.7|70.12|0|388|5.4|5.4|7|8
64.8|70.11|0|388|5.4|5.4|7|8
64.9|70.18|0|388|5.4|5.4|7|8
65|70.2|0|388|5.4|5.4|7|8
65.1|70.2|0|388|5.4|5.4|7|8
65.2|70.16|0|388|5.4|5.4|7|8
65.3|70.16|0|388|5.4|5.4|7|8
65.4|70.16|0|388|5.4|5.4|7|8
65.5|70.16|0|388|5.4|5.4|7|8
65.6|70.16|0|388|5.4|5.4|7|8
65.7|70.16|0|388|5.4|5.4|7|8
65.8|70.18|0|388|5.4|5.4|7|8
65.9|70.16|0|388|5.4|5.4|7|8
66|70.18|0|388|5.4|5.4|7|8
66.1|70.15|0|388|5.4|5.4|7|8
66.2|70.15|0|388|5.4|5.4|7|8
66.3|70.16|0|388|5.4|5.4|7|8
66.4|70.16|0|388|5.4|5.4|7|8
66.5|70.18|0|388|5.4|5.4|7|8
66.6|70.18|0|388|5.4|5.4|7|8
66.7|70.18|0|388|5.4|5.4|7|8
66.8|70.16|0|388|5.4|5.4|7|8
66.9|70.16|0|388|5.4|5.4|7|8
67|70.16|0|388|5.4|5.4|7|8
67.1|70.14|0|388|5.4|5.4|7|8
67.2|70.12|0|388|5.4|5.4|7|8
67.3|70.12|0|388|5.4|5.4|7|8
67.4|70.15|0|388|5.4|5.4|7|8
67.5|70.14|0|388|5.4|5.4|7|8
67.6|70.12|0|388|5.4|5.4|7|8
67.7|70.11|0|396|5.4|5.4|7|8
67.8|70.18|0|398|5.4|5.4|7|8
67.9|70.19|0|400|5.4|5.4|7|8
68|70.18|0|400|5.4|5.4|7|8
68.1|70.16|0|400|5.4|5.4|7|8
68.2|70.18|0|400|5.4|5.4|7|8
68.3|70.15|0|400|5.4|5.4|7|8
68.4|70.15|0|400|5.4|5.4|7|8
68.5|70.12|0|400|5.4|5.4|7|8
68.6|70.14|0|400|5.4|5.4|7|8
68.7|70.15|0|400|5.4|5.4|7|8
68.8|70.2|0|400|5.4|5.4|7|8
68.9|70.16|0|400|5.4|5.4|7|8
69|70.16|0|400|5.4|5.4|7|8
69.1|70.15|0|400|5.4|5.4|7|8
69.2|70.14|0|400|5.4|5.4|7|8
69.3|70.16|0|400|5.4|5.4|7|8
69.4|70.16|0|400|5.4|5.4|7|8
69.5|70.15|0|400|5.4|5.4|7|8
69.6|70.15|0|400|5.4|5.4|7|8
69.7|70.15|0|400|5.4|5.4|7|8
69.8|70.14|0|400|5.4|5.4|7|8
69.9|70.11|0|400|5.4|5.4|7|8
70|70.18|0|400|5.4|5.4|7|8
70.1|70.16|0|400|5.4|5.4|8|8
70.2|70.1|0|400|5.4|5.4|8|8
70.3|70.08|0|400|5.4|5.4|8|8
70.4|70.07|0|400|5.4|5.4|8|8
70.5|70.07|0|400|5.4|5.4|8|8
70.6|70.11|0|400|5.4|5.4|8|8
70.7|70.12|0|400|5.4|5.4|8|8
70.8|70.06|0|400|5.4|5.4|8|8
70.9|70.11|0|400|5.4|5.4|8|8
71|70.19|0|400|5.3|5.3|8|8
71.1|70.07|0|400|5.3|5.3|8|8
71.2|70.11|0|400|5.3|5.3|8|8
71.3|70.16|0|400|5.3|5.3|8|8
71.4|70.07|0|400|5.3|5.2|8|8
71.5|70.12|0|400|5.2|5.2|8|8
71.6|70.11|0|400|5.2|5.2|8|8
71.7|70.1|0|400|5.2|5.2|8|8
71.8|70.12|0|400|5.2|5.2|8|8
71.9|70.16|0|400|5.2|5.2|8|8
72|70.03|0|400|5.2|5.2|8|8
72.1|71.68|0|400|5.2|5.2|8|8
72.2|74.7|0|400|5.2|5.2|8|8
72.3|77.68|0|400|5.2|5.2|8|8
72.4|80.7|0|400|5.2|5.2|8|8
72.5|83.7|0|400|5.2|5.2|8|8
72.6|86.58|0|400|5.2|5.2|8|8
72.7|89.49|0|400|5.2|5.2|8|8
72.8|92.45|0|400|5.2|5.2|8|8
72.9|94.59|0|400|5.2|5.2|8|8
73|95.46|0|400|5.2|5.2|8|8
