0|96.02|809|394|5.1|5.1|1|8
0.1|96.04|992|394|5.1|5.1|1|8
0.2|96.01|995|395|5.1|5.1|1|8
0.3|96.05|997|395|5.1|5.1|1|8
0.4|96.02|997|395|5.1|5.1|1|8
0.5|96.08|1000|395|5.1|5.1|2|8
0.6|95.74|1000|395|5.1|5.1|2|8
0.7|95.37|1000|395|5.1|5.1|2|8
0.8|94.83|1013|394|5.1|5.1|2|8
0.9|94.41|1588|396|5.1|5.1|3|8
1|94.1|1665|396|5.1|5.1|3|8
1.1|93.96|1698|396|5.1|5.1|3|8
1.2|93.92|1714|397|5.1|5.1|3|8
1.3|93.92|1727|397|5.1|5.1|3|8
1.4|93.81|1732|397|5.1|5.1|3|8
1.5|93.81|1737|397|5.1|5.1|3|8
1.6|93.89|1737|396|5.1|5.1|3|8
1.7|93.8|1745|396|5.1|5.1|3|8
1.8|93.85|1747|396|5.1|5.1|3|8
1.9|93.88|1750|396|5.1|5.1|3|8
2|93.84|1753|396|5.1|5.1|3|8
2.1|93.84|1758|397|5.1|5.1|3|8
2.2|93.76|1760|397|5.1|5.1|3|8
2.3|93.84|1763|397|5.1|5.1|3|8
2.4|93.89|1765|396|5.1|5.1|3|8
2.5|93.82|1768|397|5.1|5.1|3|8
2.6|93.8|1771|396|5.1|5.1|3|8
2.7|93.84|1771|396|5.1|5.1|3|8
2.8|93.88|1773|396|5.2|5.1|3|8
2.9|93.81|1776|397|5.2|5.1|4|8
3|93.86|1776|397|5.2|5.2|4|8
3.1|94.19|1768|397|5.2|5.2|4|8
3.2|94.66|1284|397|5.2|5.2|5|8
3.3|95.1|1021|396|5.2|5.2|5|8
3.4|95.11|1015|396|5.2|5.2|5|8
3.5|95.21|1015|396|5.2|5.2|5|8
3.6|95.29|1013|396|5.2|5.2|5|8
3.7|95.26|1013|396|5.2|5.2|5|8
3.8|95.3|1013|396|5.2|5.2|5|8
3.9|95.34|1013|396|5.2|5.2|5|8
4|95.34|1010|395|5.2|5.2|5|8
4.1|95.31|1010|395|5.2|5.2|5|8
4.2|95.31|1010|395|5.2|5.2|5|8
4.3|95.33|1010|395|5.2|5.2|5|8
4.4|95.33|1010|395|5.2|5.2|5|8
4.5|95.33|1010|395|5.2|5.2|5|8
4.6|95.33|1010|395|5.2|5.2|5|8
4.7|95.33|1010|396|5.2|5.2|5|8
4.8|95.33|1010|395|5.2|5.2|5|8
4.9|95.33|1010|395|5.2|5.2|5|8
5|95.31|1010|395|5.2|5.2|5|8
5.1|95.31|1010|395|5.2|5.2|5|8
5.2|95.33|1010|396|5.2|5.2|2|8
5.3|95.37|1010|395|5.2|5.2|2|8
5.4|95|1010|396|5.2|5.2|2|8
5.5|94.61|1018|395|5.2|5.2|2|8
5.6|94.2|1691|396|5.2|5.2|3|8
5.7|93.94|1747|396|5.2|5.2|3|8
5.8|93.81|1760|396|5.2|5.2|3|8
5.9|93.72|1768|396|5.2|5.2|3|8
6|93.6|1773|397|5.2|5.2|3|8
6.1|93.72|1776|397|5.2|5.2|3|8
6.2|93.72|1776|397|5.2|5.2|3|8
6.3|93.65|1781|397|5.2|5.2|3|8
6.4|93.8|1781|397|5.2|5.2|3|8
6.5|93.62|1784|397|5.2|5.2|3|8
6.6|93.66|1784|397|5.2|5.2|3|8
6.7|93.77|1786|397|5.2|5.2|3|8
6.8|93.65|1786|397|5.2|5.2|3|8
6.9|93.76|1789|397|5.2|5.2|3|8
7|93.7|1789|397|5.2|5.2|3|8
7.1|93.65|1791|397|5.2|5.2|3|8
7.2|93.77|1791|397|5.2|5.2|3|8
7.3|93.64|1794|397|5.3|5.3|3|8
7.4|93.78|1794|397|5.3|5.3|3|8
7.5|93.6|1799|397|5.3|5.3|3|8
7.6|93.69|1796|397|5.3|5.3|4|8
7.7|93.82|1796|397|5.3|5.3|4|8
7.8|94.13|1789|397|5.3|5.3|4|8
7.9|94.64|1399|397|5.3|5.3|4|8
8|95|1026|396|5.3|5.3|5|8
8.1|95.14|1018|396|5.3|5.3|5|8
8.2|95.11|1018|396|5.3|5.3|5|8
8.3|95.19|1015|396|5.3|5.3|5|8
8.4|95.23|1015|396|5.3|5.3|5|8
8.5|95.33|1015|396|5.3|5.3|5|8
8.6|95.33|1015|396|5.3|5.3|5|8
8.7|95.3|1015|396|5.3|5.3|5|8
8.8|95.29|1015|396|5.3|5.3|5|8
8.9|95.31|1015|396|5.3|5.3|5|8
9|95.41|1015|396|5.3|5.3|5|8
9.1|95.34|1015|396|5.3|5.3|5|8
9.2|95.31|1015|396|5.3|5.3|5|8
9.3|95.31|1015|396|5.3|5.3|5|8
9.4|95.33|1015|396|5.3|5.3|5|8
9.5|95.33|1015|396|5.3|5.3|5|8
9.6|95.33|1015|396|5.3|5.3|5|8
9.7|95.31|1015|396|5.3|5.3|5|8
9.8|95.33|1015|396|5.3|5.3|5|8
9.9|95.33|1015|396|5.3|5.3|5|8
10|95.33|1015|396|5.3|5.3|2|8
10.1|95.11|1015|396|5.3|5.3|2|8
10.2|94.68|1018|396|5.3|5.3|2|8
10.3|94.2|1673|396|5.3|5.3|3|8
10.4|93.96|1765|396|5.3|5.3|3|8
10.5|93.88|1781|397|5.3|5.3|3|8
10.6|93.68|1789|398|5.3|5.3|3|8
10.7|93.54|1789|398|5.3|5.3|3|8
10.8|93.66|1791|398|5.3|5.3|3|8
10.9|93.72|1794|397|5.3|5.3|3|8
11|93.57|1796|397|5.3|5.3|3|8
11.1|93.6|1796|398|5.3|5.3|3|8
11.2|93.64|1799|398|5.3|5.3|3|8
11.3|93.7|1799|398|5.3|5.3|3|8
11.4|93.6|1802|398|5.3|5.3|3|8
11.5|93.57|1804|398|5.3|5.3|3|8
11.6|93.7|1804|398|5.3|5.3|3|8
11.7|93.62|1804|398|5.3|5.3|3|8
11.8|93.55|1804|398|5.3|5.3|3|8
11.9|93.65|1807|397|5.3|5.3|3|8
12|93.7|1807|397|5.3|5.3|3|8
12.1|93.57|1809|398|5.3|5.3|3|8
12.2|93.65|1809|398|5.3|5.3|3|8
12.3|93.73|1809|398|5.3|5.3|4|8
12.4|93.82|1809|398|5.3|5.3|4|8
12.5|93.94|1807|398|5.3|5.3|4|8
12.6|94.45|1652|398|5.3|5.3|4|8
12.7|94.86|1041|397|5.3|5.3|5|8
12.8|95.1|1028|396|5.3|5.3|5|8
12.9|95.14|1028|396|5.3|5.3|5|8
13|95.07|1026|396|5.3|5.3|5|8
13.1|95.19|1028|396|5.3|5.3|5|8
13.2|95.1|1026|396|5.3|5.3|5|8
13.3|95.11|1026|396|5.3|5.3|5|8
13.4|95.27|1026|396|5.3|5.3|5|8
13.5|95.27|1026|396|5.3|5.3|5|8
13.6|95.3|1028|396|5.3|5.3|5|8
13.7|95.23|1026|396|5.3|5.3|5|8
13.8|95.34|1026|396|5.3|5.3|5|8
13.9|95.35|1028|396|5.3|5.3|5|8
14|95.35|1028|396|5.3|5.3|5|8
14.1|95.27|1028|396|5.3|5.3|5|8
14.2|95.3|1028|396|5.3|5.3|5|8
14.3|95.31|1028|396|5.3|5.3|5|8
14.4|95.26|1028|396|5.3|5.3|5|8
14.5|95.26|1028|396|5.3|5.3|5|8
14.6|95.29|1028|396|5.3|5.3|5|8
14.7|95.31|1028|396|5.3|5.3|2|8
14.8|95.17|1028|396|5.3|5.3|2|8
14.9|94.71|1028|396|5.3|5.3|2|8
15|94.21|1564|397|5.3|5.3|2|8
15.1|93.94|1784|397|5.3|5.3|3|8
15.2|93.68|1802|398|5.3|5.3|3|8
15.3|93.47|1807|398|5.3|5.3|3|8
15.4|93.53|1809|398|5.3|5.3|3|8
15.5|93.55|1809|398|5.3|5.3|3|8
15.6|93.45|1814|398|5.3|5.3|3|8
15.7|93.6|1817|398|5.3|5.3|3|8
15.8|93.47|1820|398|5.3|5.3|3|8
15.9|93.54|1822|398|5.3|5.3|3|8
16|93.46|1822|398|5.3|5.3|3|8
16.1|93.6|1822|398|5.3|5.3|3|8
16.2|93.45|1822|398|5.3|5.3|3|8
16.3|93.58|1822|398|5.3|5.3|3|8
16.4|93.45|1825|398|5.3|5.3|3|8
16.5|93.55|1825|398|5.3|5.3|3|8
16.6|93.5|1825|398|5.3|5.3|3|8
16.7|93.49|1825|398|5.3|5.3|3|8
16.8|93.57|1827|398|5.3|5.3|3|8
16.9|93.47|1827|398|5.3|5.3|3|8
17|93.54|1827|398|5.3|5.3|3|8
17.1|93.61|1827|398|5.3|5.3|4|8
17.2|93.82|1827|398|5.3|5.3|4|8
17.3|94.2|1809|398|5.3|5.3|4|8
17.4|94.32|1771|398|5.3|5.3|4|8
17.5|95.14|1054|398|5.3|5.3|5|8
17.6|95.29|1041|397|5.3|5.3|5|8
17.7|95.47|1039|397|5.3|5.3|5|8
17.8|95.49|1039|397|5.3|5.3|5|8
17.9|95.46|1039|397|5.3|5.3|5|8
18|95.58|1036|397|5.3|5.3|5|8
18.1|95.62|1036|397|5.3|5.3|5|8
18.2|95.59|1036|397|5.3|5.3|5|8
18.3|95.55|1036|397|5.3|5.3|5|8
18.4|95.55|1036|397|5.3|5.3|5|8
18.5|95.59|1036|397|5.3|5.3|5|8
18.6|95.55|1036|396|5.3|5.3|5|8
18.7|95.54|1036|397|5.3|5.3|5|8
18.8|95.59|1039|397|5.3|5.3|5|8
18.9|95.59|1036|396|5.3|5.3|5|8
19|95.57|1036|396|5.3|5.3|5|8
19.1|95.57|1036|397|5.3|5.3|5|8
19.2|95.57|1036|397|5.3|5.3|5|8
19.3|95.55|1036|397|5.3|5.3|5|8
19.4|95.55|1036|397|5.3|5.3|5|8
19.5|95.54|1039|397|5.3|5.3|2|8
19.6|95.53|1036|397|5.3|5.3|2|8
19.7|95.23|1036|397|5.3|5.3|2|8
19.8|94.63|1039|397|5.3|5.3|2|8
19.9|94.06|1649|398|5.3|5.3|3|8
20|93.78|1807|398|5.3|5.3|3|8
20.1|93.54|1820|398|5.3|5.3|3|8
20.2|93.62|1825|398|5.3|5.3|3|8
20.3|93.34|1827|398|5.3|5.3|3|8
20.4|93.42|1827|398|5.3|5.3|3|8
20.5|93.43|1830|398|5.3|5.3|3|8
20.6|93.38|1832|398|5.3|5.3|3|8
20.7|93.45|1835|398|5.3|5.3|3|8
20.8|93.42|1835|398|5.3|5.3|3|8
20.9|93.37|1835|398|5.3|5.3|3|8
21|93.46|1835|398|5.3|5.3|3|8
21.1|93.42|1838|398|5.3|5.3|3|8
21.2|93.41|1838|398|5.3|5.3|3|8
21.3|93.38|1838|398|5.3|5.3|3|8
21.4|93.41|1838|398|5.3|5.3|3|8
21.5|93.45|1838|398|5.3|5.3|3|8
21.6|93.38|1838|398|5.3|5.3|3|8
21.7|93.37|1840|398|5.3|5.3|3|8
21.8|93.45|1838|398|5.3|5.3|3|8
21.9|93.39|1840|398|5.3|5.3|4|8
22|93.57|1840|398|5.3|5.3|4|8
22.1|93.77|1838|398|5.3|5.3|4|8
22.2|93.92|1822|398|5.3|5.3|4|8
22.3|94.55|1454|398|5.3|5.3|4|8
22.4|95|1054|398|5.3|5.3|5|8
22.5|95.19|1046|398|5.3|5.3|5|8
22.6|95.26|1046|398|5.3|5.3|5|8
22.7|95.3|1046|398|5.3|5.3|5|8
22.8|95.31|1044|398|5.3|5.3|5|8
22.9|95.34|1044|398|5.3|5.3|5|8
23|95.31|1044|398|5.3|5.3|5|8
23.1|95.35|1044|398|5.3|5.3|5|8
23.2|95.35|1044|398|5.3|5.3|5|8
23.3|95.35|1044|398|5.3|5.3|5|8
23.4|95.35|1044|398|5.3|5.3|5|8
23.5|95.35|1044|398|5.3|5.3|5|8
23.6|95.35|1044|398|5.3|5.3|5|8
23.7|95.37|1044|398|5.3|5.3|5|8
23.8|95.38|1044|398|5.3|5.3|5|8
23.9|95.38|1044|398|5.3|5.3|5|8
24|95.37|1044|398|5.3|5.3|5|8
24.1|95.38|1044|398|5.3|5.3|5|8
24.2|95.37|1044|398|5.3|5.3|5|8
24.3|95.37|1044|398|5.3|5.3|5|8
24.4|95.33|1041|397|5.3|5.3|2|8
24.5|95.31|1041|398|5.3|5.3|2|8
24.6|94.92|1041|398|5.3|5.3|2|8
24.7|94.24|1085|398|5.3|5.3|2|8
24.8|93.77|1778|398|5.3|5.3|3|8
24.9|93.64|1825|398|5.3|5.3|3|8
25|93.35|1832|398|5.3|5.3|3|8
25.1|93.3|1835|398|5.3|5.3|3|8
25.2|93.22|1838|398|5.3|5.3|3|8
25.3|93.27|1840|398|5.3|5.3|3|8
25.4|93.25|1843|398|5.3|5.3|3|8
25.5|93.25|1845|398|5.3|5.3|3|8
25.6|93.23|1845|398|5.3|5.3|3|8
25.7|93.23|1845|398|5.3|5.3|3|8
25.8|93.25|1845|398|5.3|5.3|3|8
25.9|93.33|1848|398|5.3|5.3|3|8
26|93.18|1848|399|5.3|5.3|3|8
26.1|93.27|1848|399|5.3|5.3|3|8
26.2|93.3|1851|399|5.3|5.3|3|8
26.3|93.17|1851|398|5.3|5.3|3|8
26.4|93.27|1851|398|5.3|5.3|3|8
26.5|93.25|1853|398|5.3|5.3|3|8
26.6|93.26|1853|398|5.4|5.3|3|8
26.7|93.25|1853|398|5.4|5.3|3|8
26.8|93.27|1853|398|5.3|5.4|4|8
26.9|93.37|1853|398|5.4|5.3|4|8
27|93.82|1845|398|5.3|5.4|4|8
27.1|93.8|1838|399|5.4|5.4|4|8
27.2|94.64|1206|400|5.3|5.4|5|8
27.3|95.02|1054|399|5.3|5.4|5|8
27.4|95.12|1052|398|5.4|5.4|5|8
27.5|95.25|1052|398|5.4|5.4|5|8
27.6|95.31|1049|398|5.4|5.4|5|8
27.7|95.37|1049|398|5.3|5.4|5|8
27.8|95.26|1049|398|5.4|5.4|5|8
27.9|95.33|1049|398|5.4|5.4|5|8
28|95.33|1049|398|5.4|5.4|5|8
28.1|95.29|1049|398|5.4|5.4|5|8
28.2|95.31|1049|398|5.4|5.4|5|8
28.3|95.3|1049|398|5.4|5.4|5|8
28.4|95.3|1049|398|5.4|5.4|5|8
28.5|95.29|1049|398|5.4|5.4|5|8
28.6|95.34|1049|398|5.4|5.4|5|8
28.7|95.35|1049|398|5.4|5.4|5|8
28.8|95.3|1049|398|5.4|5.4|5|8
28.9|95.27|1049|398|5.4|5.4|5|8
29|95.3|1049|398|5.4|5.4|5|8
29.1|95.33|1049|397|5.4|5.4|5|8
29.2|95.35|1049|397|5.4|5.4|2|8
29.3|95.26|1049|397|5.4|5.4|2|8
29.4|95.29|1046|397|5.4|5.4|2|8
29.5|94.75|1049|397|5.4|5.4|2|8
29.6|94.06|1139|397|5.4|5.4|2|8
29.7|93.61|1786|397|5.4|5.4|3|8
29.8|93.34|1838|397|5.4|5.4|3|8
29.9|93.29|1845|397|5.4|5.4|3|8
30|93.04|1851|397|5.4|5.4|3|8
30.1|93.14|1853|397|5.4|5.4|3|8
30.2|93.09|1856|397|5.4|5.4|3|8
30.3|93.14|1856|397|5.4|5.4|3|8
30.4|93.1|1858|397|5.4|5.4|3|8
30.5|93.06|1861|397|5.4|5.4|3|8
30.6|93.1|1861|397|5.4|5.4|3|8
30.7|93.15|1861|397|5.4|5.4|3|8
30.8|93.17|1863|397|5.4|5.4|3|8
30.9|93.04|1863|397|5.4|5.4|3|8
31|93.09|1863|397|5.4|5.4|3|8
31.1|93.13|1863|397|5.4|5.4|3|8
31.2|93.13|1863|397|5.4|5.4|3|8
31.3|93.09|1866|397|5.4|5.4|3|8
31.4|93.06|1866|397|5.4|5.4|3|8
31.5|93.04|1866|397|5.4|5.4|3|8
31.6|93.09|1866|397|5.4|5.4|3|8
31.7|93.07|1866|397|5.4|5.4|4|8
31.8|93.27|1866|397|5.4|5.4|4|8
31.9|93.57|1866|397|5.4|5.4|4|8
32|93.61|1863|397|5.4|5.4|4|8
32.1|94.44|1160|398|5.4|5.4|5|8
32.2|94.84|1062|398|5.4|5.4|5|8
32.3|95.03|1059|397|5.4|5.4|5|8
32.4|95.08|1057|397|5.4|5.4|5|8
32.5|95.1|1057|397|5.4|5.4|5|8
32.6|95.17|1057|397|5.4|5.4|5|8
32.7|95.1|1057|397|5.4|5.4|5|8
32.8|95.08|1054|397|5.4|5.4|5|8
32.9|95.06|1054|397|5.4|5.4|5|8
33|95.15|1054|397|5.4|5.4|5|8
33.1|95.14|1054|396|5.4|5.4|5|8
33.2|95.06|1054|396|5.4|5.4|5|8
33.3|95.18|1054|397|5.4|5.4|5|8
33.4|95.12|1054|396|5.4|5.4|5|8
33.5|95.04|1054|396|5.4|5.4|5|8
33.6|95.12|1054|396|5.4|5.4|5|8
33.7|95.12|1054|397|5.4|5.4|5|8
33.8|95.11|1054|397|5.4|5.4|5|8
33.9|95.11|1054|397|5.4|5.4|5|8
34|95.11|1054|397|5.4|5.4|5|8
34.1|95.11|1052|397|5.4|5.4|2|8
34.2|95|1054|396|5.4|5.4|2|8
34.3|94.98|1052|396|5.4|5.4|2|8
34.4|94.45|1052|396|5.4|5.4|2|8
34.5|93.86|1198|396|5.4|5.4|2|8
34.6|93.38|1835|396|5.4|5.4|3|8
34.7|93.13|1858|397|5.4|5.4|3|8
34.8|92.98|1866|397|5.4|5.4|3|8
34.9|93.07|1871|397|5.4|5.4|3|8
35|93.02|1874|398|5.4|5.4|3|8
35.1|92.88|1876|398|5.4|5.4|3|8
35.2|92.95|1879|398|5.4|5.4|3|8
35.3|92.96|1879|398|5.4|5.4|3|8
35.4|92.96|1876|397|5.4|5.4|3|8
35.5|92.91|1879|397|5.4|5.4|3|8
35.6|92.94|1879|398|5.4|5.4|3|8
35.7|92.94|1879|398|5.4|5.4|3|8
35.8|92.95|1881|398|5.4|5.4|3|8
35.9|92.99|1881|398|5.4|5.4|3|8
36|92.92|1881|398|5.4|5.4|3|8
36.1|92.92|1881|398|5.4|5.4|3|8
36.2|92.95|1881|398|5.4|5.4|3|8
36.3|92.92|1881|398|5.4|5.4|3|8
36.4|92.94|1884|398|5.4|5.4|3|8
36.5|92.9|1884|398|5.4|5.4|3|8
36.6|92.95|1884|398|5.4|5.4|4|8
36.7|93.11|1884|398|5.4|5.4|4|8
36.8|93.49|1874|398|5.4|5.4|4|8
36.9|93.58|1858|398|5.4|5.4|4|8
37|94.35|1098|399|5.4|5.4|2|8
37.1|94.35|1062|398|5.4|5.4|2|8
37.2|94.43|1059|398|5.4|5.4|2|8
37.3|94.39|1057|398|5.4|5.4|2|8
37.4|94.4|1057|398|5.4|5.4|2|8
37.5|94.4|1054|398|5.4|5.4|2|8
37.6|94.41|1054|398|5.4|5.4|2|8
37.7|94.35|1054|398|5.4|5.4|2|8
37.8|94.13|1057|398|5.4|5.4|2|8
37.9|94.02|1054|398|5.4|5.4|2|8
38|93.93|1054|398|5.4|5.4|2|8
38.1|93.89|1062|398|5.4|5.4|2|8
38.2|93.93|1072|398|5.4|5.4|2|8
38.3|93.76|1124|398|5.4|5.4|2|8
38.4|93.55|1054|398|5.4|5.4|2|8
38.5|93.66|1052|398|5.4|5.4|2|8
38.6|93.51|1129|398|5.4|5.4|2|8
38.7|93.64|1281|398|5.4|5.4|2|8
38.8|93.39|1791|398|5.4|5.4|2|8
38.9|93.6|1822|398|5.4|5.4|2|8
39|93.57|1802|398|5.4|5.4|2|8
39.1|93.86|1296|400|5.4|5.4|2|8
39.2|93.93|1062|398|5.4|5.4|2|8
39.3|93.97|1057|398|5.4|5.4|2|8
39.4|94.01|1057|398|5.4|5.4|2|8
39.5|94.04|1057|398|5.4|5.4|2|8
39.6|93.92|1057|398|5.4|5.4|2|8
39.7|93.93|1054|398|5.4|5.4|2|8
39.8|93.9|1054|397|5.4|5.4|2|8
39.9|93.7|1054|398|5.4|5.4|2|8
40|93.66|1054|398|5.4|5.4|2|8
40.1|93.54|1131|398|5.4|5.4|2|8
40.2|93.47|1714|398|5.4|5.4|2|8
40.3|93.55|1742|398|5.4|5.4|2|8
40.4|93.93|1716|398|5.4|5.4|2|8
40.5|93.86|1665|399|5.4|5.4|2|8
40.6|93.98|1119|398|5.4|5.4|2|8
40.7|94.05|1059|398|5.4|5.4|2|8
40.8|94.05|1057|398|5.4|5.4|2|8
40.9|94.13|1054|398|5.4|5.4|2|8
41|94.2|1054|398|5.4|5.4|2|8
41.1|94.2|1054|398|5.4|5.4|2|8
41.2|94.17|1054|398|5.4|5.4|2|8
41.3|94.23|1052|398|5.4|5.4|2|8
41.4|94.05|1052|398|5.4|5.4|2|8
41.5|93.94|1052|398|5.4|5.4|2|8
41.6|93.9|1057|398|5.4|5.4|2|8
41.7|93.73|1075|398|5.4|5.4|2|8
41.8|93.61|1052|398|5.4|5.4|2|8
41.9|93.68|1070|398|5.4|5.4|2|8
42|93.49|1098|398|5.4|5.4|2|8
42.1|93.46|1219|398|5.4|5.4|2|8
42.2|93.64|1683|398|5.4|5.4|2|8
42.3|93.51|1814|398|5.4|5.4|2|8
42.4|93.55|1822|398|5.4|5.4|2|8
42.5|93.84|1727|399|5.4|5.4|2|8
42.6|93.86|1219|399|5.4|5.4|2|8
42.7|93.96|1059|398|5.4|5.4|2|8
42.8|94.06|1054|398|5.4|5.4|2|8
42.9|94.01|1054|398|5.4|5.4|2|8
43|94|1052|398|5.4|5.4|2|8
43.1|93.97|1052|398|5.4|5.4|2|8
43.2|94.01|1052|398|5.4|5.4|2|8
43.3|93.9|1052|398|5.4|5.4|2|8
43.4|93.93|1057|398|5.4|5.4|2|8
43.5|93.65|1064|398|5.4|5.4|2|8
43.6|93.61|1054|398|5.4|5.4|2|8
43.7|93.62|1183|398|5.4|5.4|2|8
43.8|93.46|1103|398|5.4|5.4|2|8
43.9|93.51|1134|398|5.4|5.4|2|8
44|93.6|1758|398|5.4|5.4|2|8
44.1|93.43|1812|399|5.4|5.4|2|8
44.2|93.5|1814|399|5.4|5.4|2|8
44.3|93.85|1485|400|5.4|5.4|2|8
44.4|93.85|1062|399|5.4|5.4|2|8
44.5|93.92|1054|398|5.4|5.4|2|8
44.6|93.9|1052|398|5.4|5.4|2|8
44.7|93.97|1052|398|5.4|5.4|2|8
44.8|93.92|1052|398|5.4|5.4|2|8
44.9|93.94|1049|398|5.4|5.4|2|8
45|93.61|1080|398|5.4|5.4|2|8
45.1|93.6|1052|398|5.4|5.4|2|8
45.2|93.7|1057|398|5.4|5.4|2|8
45.3|93.46|1369|399|5.4|5.4|2|8
45.4|93.53|1268|400|5.4|5.4|2|8
45.5|93.55|1619|400|5.4|5.4|2|8
45.6|93.33|1722|400|5.4|5.4|2|8
45.7|93.57|1735|400|5.4|5.4|2|8
45.8|93.69|1732|400|5.4|5.4|2|8
45.9|93.88|1740|400|5.4|5.4|2|8
46|93.94|1768|400|5.4|5.4|2|8
46.1|94.06|1776|400|5.4|5.4|2|8
46.2|94.36|1724|400|5.4|5.4|2|8
46.3|94.66|1082|399|5.4|5.4|2|8
46.4|94.78|1057|398|5.4|5.4|2|8
46.5|94.76|1054|398|5.4|5.4|2|8
46.6|94.56|1054|398|5.4|5.4|2|8
46.7|94.63|1052|398|5.4|5.4|2|8
46.8|94.68|1052|398|5.4|5.4|2|8
46.9|94.64|1052|398|5.4|5.4|2|8
47|94.56|1052|398|5.4|5.4|2|8
47.1|94.59|1052|398|5.4|5.4|2|8
47.2|94.56|1052|398|5.4|5.4|2|8
47.3|94.47|1052|398|5.4|5.4|2|8
47.4|94.39|1052|398|5.4|5.4|2|8
47.5|94.2|1064|398|5.4|5.4|2|8
47.6|94.06|1108|398|5.4|5.4|2|8
47.7|94.08|1082|398|5.4|5.4|2|8
47.8|93.94|1072|398|5.4|5.4|2|8
47.9|93.98|1193|399|5.4|5.4|2|8
48|93.92|1082|398|5.4|5.4|2|8
48.1|93.84|1204|398|5.4|5.4|2|8
48.2|93.62|1137|399|5.4|5.4|2|8
48.3|93.57|1054|398|5.4|5.4|2|8
48.4|93.61|1052|398|5.4|5.4|2|8
48.5|93.55|1224|398|5.4|5.4|2|8
48.6|93.55|1441|398|5.4|5.4|2|8
48.7|93.49|1402|399|5.4|5.4|2|8
48.8|93.35|1157|400|5.4|5.4|2|8
48.9|93.35|1168|399|5.4|5.4|2|8
49|93.21|1088|398|5.4|5.4|2|8
49.1|93.29|1052|398|5.4|5.4|2|8
49.2|93.3|1335|400|5.4|5.4|2|8
49.3|93.03|1253|400|5.4|5.4|2|8
49.4|92.98|1085|400|5.4|5.4|2|8
49.5|92.99|1304|400|5.4|5.4|2|8
49.6|93.04|1428|400|5.4|5.4|2|8
49.7|92.98|1358|400|5.4|5.4|2|8
49.8|92.78|1232|400|5.4|5.4|2|8
49.9|92.78|1162|400|5.4|5.4|2|8
50|92.59|1307|398|5.4|5.4|2|8
50.1|92.58|1124|398|5.4|5.4|2|8
50.2|92.56|1291|399|5.4|5.4|2|8
50.3|92.44|1216|400|5.4|5.4|2|8
50.4|92.32|1276|400|5.4|5.4|2|8
50.5|92.29|1204|400|5.5|5.4|2|8
50.6|92.2|1250|400|5.4|5.4|2|8
50.7|92.13|1165|399|5.4|5.4|2|8
50.8|92.11|1178|399|5.5|5.4|2|8
50.9|92.05|1335|400|5.5|5.5|2|8
51|92.02|1240|400|5.5|5.5|2|8
51.1|91.82|1209|400|5.5|5.4|2|8
51.2|91.77|1139|399|5.5|5.5|2|8
51.3|91.58|1082|399|5.5|5.5|2|8
51.4|91.58|1067|398|5.5|5.5|2|8
51.5|91.56|1106|398|5.5|5.5|2|8
51.6|91.56|1178|400|5.5|5.5|2|8
51.7|91.42|1235|399|5.5|5.5|2|8
51.8|91.33|1216|398|5.5|5.5|2|8
51.9|91.25|1235|399|5.5|5.5|2|8
52|91|1302|400|5.5|5.5|2|8
52.1|91|1144|399|5.5|5.5|2|8
52.2|90.96|1219|400|5.5|5.5|2|8
52.3|90.8|1405|400|5.5|5.5|2|8
52.4|90.79|1113|398|5.5|5.5|2|8
52.5|90.62|1124|399|5.5|5.5|2|8
52.6|90.55|1173|398|5.5|5.5|2|8
52.7|90.55|1144|398|5.5|5.5|2|8
52.8|90.44|1211|399|5.5|5.5|2|8
52.9|90.44|1119|398|5.5|5.5|2|8
53|90.17|1260|398|5.5|5.5|2|8
53.1|90.12|1235|400|5.5|5.5|2|8
53.2|89.99|1286|399|5.5|5.5|2|8
53.3|89.88|1183|399|5.5|5.5|2|8
53.4|89.86|1119|400|5.5|5.5|2|8
53.5|89.77|1119|400|5.5|5.5|2|8
53.6|89.61|1219|400|5.5|5.5|2|8
53.7|89.54|1198|400|5.5|5.5|2|8
53.8|89.38|1278|400|5.5|5.5|2|8
53.9|89.27|1204|400|5.5|5.5|2|8
54|89.14|1214|399|5.5|5.5|2|8
54.1|89.19|1170|398|5.5|5.5|2|8
54.2|88.94|1152|398|5.5|5.5|2|8
54.3|88.82|1139|398|5.5|5.5|2|8
54.4|88.78|1173|398|5.5|5.5|2|8
54.5|88.71|1216|398|5.5|5.5|2|8
54.6|88.54|1206|399|5.5|5.5|2|8
54.7|88.36|1235|399|5.5|5.5|2|8
54.8|88.31|1168|398|5.5|5.5|2|8
54.9|88.21|1253|398|5.5|5.5|2|8
55|88.11|1227|398|5.5|5.5|2|8
55.1|87.89|1299|398|5.5|5.5|2|8
55.2|87.73|1294|400|5.5|5.5|2|8
55.3|87.65|1106|399|5.5|5.5|2|8
55.4|87.64|1201|398|5.5|5.5|2|8
55.5|87.44|1253|398|5.5|5.5|2|8
55.6|87.27|1137|399|5.5|5.5|2|8
55.7|87.14|1240|400|5.5|5.5|2|8
55.8|87.03|1193|399|5.5|5.5|2|8
55.9|86.93|1286|400|5.5|5.5|2|8
56|86.79|1307|400|5.5|5.5|2|8
56.1|86.59|1240|399|5.5|5.5|2|8
56.2|86.46|1271|400|5.5|5.5|2|8
56.3|86.29|1247|398|5.5|5.5|2|8
56.4|86.19|1284|400|5.5|5.5|2|8
56.5|86.04|1291|400|5.5|5.5|2|8
56.6|85.93|1160|399|5.5|5.5|2|8
56.7|85.76|1325|400|5.5|5.5|2|8
56.8|85.53|1149|400|5.5|5.5|2|8
56.9|85.52|1173|399|5.5|5.5|2|8
57|85.29|1330|399|5.5|5.5|2|8
57.1|85.19|1193|400|5.5|5.5|2|8
57.2|85.02|1278|399|5.5|5.5|2|8
57.3|84.86|1227|398|5.5|5.5|2|8
57.4|84.66|1229|400|5.5|5.5|2|8
57.5|84.43|1157|399|5.5|5.5|2|8
57.6|84.36|1201|399|5.5|5.5|2|8
57.7|84.2|1209|400|5.5|5.5|2|8
57.8|84.05|1224|399|5.5|5.5|2|8
57.9|83.87|1191|398|5.5|5.5|2|8
58|83.65|1394|400|5.5|5.5|2|8
58.1|83.49|1206|400|5.5|5.5|2|8
58.2|83.29|1201|398|5.5|5.5|2|8
58.3|83.15|1160|398|5.5|5.5|2|8
58.4|82.94|1219|398|5.5|5.5|2|8
58.5|82.74|1284|399|5.5|5.5|2|8
58.6|82.63|1240|399|5.5|5.5|2|8
58.7|82.5|1407|398|5.5|5.5|2|8
58.8|82.2|1281|400|5.5|5.5|2|8
58.9|82.05|1260|399|5.5|5.5|2|8
59|81.85|1464|399|5.5|5.5|2|8
59.1|81.64|1268|399|5.5|5.5|2|8
59.2|80.86|1794|398|5.5|5.5|6|8
59.3|78.11|1938|398|5.5|5.5|6|8
59.4|74.7|320|398|5.5|5.5|7|8
59.5|72.11|0|396|5.5|5.5|7|8
59.6|71.22|0|395|5.5|5.5|7|8
59.7|70.83|0|394|5.5|5.5|7|8
59.8|70.69|0|394|5.5|5.5|7|8
59.9|70.67|0|394|5.5|5.5|7|8
60|70.65|0|394|5.5|5.5|7|8
60.1|70.62|0|394|5.5|5.5|7|8
60.2|70.62|0|394|5.5|5.5|7|8
60.3|70.66|0|394|5.5|5.5|7|8
60.4|70.65|0|394|5.5|5.5|7|8
60.5|70.66|0|394|5.5|5.5|7|8
60.6|70.65|0|394|5.5|5.5|7|8
60.7|70.65|0|394|5.5|5.5|7|8
60.8|70.66|0|394|5.5|5.5|7|8
60.9|70.7|0|394|5.5|5.5|7|8
61|70.65|0|394|5.5|5.5|7|8
61.1|70.67|0|394|5.5|5.5|7|8
61.2|70.66|0|394|5.5|5.5|7|8
61.3|70.73|0|394|5.5|5.5|7|8
61.4|70.69|0|394|5.5|5.5|7|8
61.5|70.69|0|394|5.5|5.5|7|8
61.6|70.61|0|394|5.5|5.5|7|8
61.7|70.55|0|394|5.5|5.5|7|8
61.8|70.63|0|394|5.5|5.5|7|8
61.9|70.62|0|394|5.5|5.5|7|8
62|70.65|0|394|5.5|5.5|7|8
62.1|70.61|0|394|5.5|5.5|7|8
62.2|70.63|0|394|5.5|5.5|7|8
62.3|70.69|0|394|5.5|5.5|7|8
62.4|70.58|0|394|5.5|5.5|7|8
62.5|70.65|0|394|5.5|5.5|7|8
62.6|70.69|0|394|5.5|5.5|7|8
62.7|70.59|0|394|5.5|5.5|7|8
62.8|70.65|0|394|5.5|5.5|7|8
62.9|70.59|0|394|5.5|5.5|7|8
63|70.62|0|394|5.5|5.5|7|8
63.1|70.65|0|394|5.5|5.5|7|8
63.2|70.65|0|394|5.5|5.5|7|8
63.3|70.63|0|394|5.5|5.5|7|8
63.4|70.61|0|394|5.5|5.5|7|8
63.5|70.63|0|394|5.5|5.5|7|8
63.6|70.67|0|394|5.5|5.5|7|8
63.7|70.59|0|394|5.5|5.5|7|8
63.8|70.65|0|394|5.5|5.5|7|8
63.9|70.59|0|394|5.5|5.5|7|8
64|70.63|0|394|5.5|5.5|7|8
64.1|70.62|0|394|5.5|5.5|7|8
64.2|70.63|0|394|5.5|5.5|7|8
64.3|70.62|0|394|5.5|5.5|7|8
64.4|70.63|0|394|5.5|5.5|7|8
64.5|70.62|0|394|5.5|5.5|7|8
64.6|70.62|0|394|5.5|5.5|7|8
64.7|70.62|0|394|5.5|5.5|7|8
64.8|70.62|0|394|5.5|5.5|7|8
64.9|70.63|0|394|5.5|5.5|7|8
65|70.66|0|393|5.5|5.5|7|8
65.1|70.59|0|393|5.5|5.5|7|8
65.2|70.63|0|393|5.5|5.5|7|8
65.3|70.59|0|394|5.5|5.5|7|8
65.4|70.62|0|394|5.5|5.5|7|8
65.5|70.65|0|394|5.5|5.5|7|8
65.6|70.65|0|394|5.5|5.5|7|8
65.7|70.58|0|394|5.5|5.5|7|8
65.8|70.65|0|394|5.5|5.5|7|8
65.9|70.61|0|394|5.5|5.5|7|8
66|70.61|0|394|5.5|5.5|7|8
66.1|70.62|0|394|5.5|5.5|7|8
66.2|70.63|0|394|5.5|5.5|7|8
66.3|70.59|0|394|5.5|5.5|7|8
66.4|70.62|0|394|5.5|5.5|7|8
66.5|70.66|0|394|5.5|5.5|7|8
66.6|70.58|0|394|5.5|5.5|7|8
66.7|70.61|0|394|5.5|5.5|7|8
66.8|70.63|0|394|5.5|5.5|7|8
66.9|70.61|0|394|5.5|5.5|7|8
67|70.58|0|393|5.5|5.5|7|8
67.1|70.63|0|394|5.5|5.5|7|8
67.2|70.62|0|393|5.5|5.5|7|8
67.3|70.62|0|394|5.5|5.5|7|8
67.4|70.65|0|393|5.5|5.5|7|8
67.5|70.61|0|393|5.5|5.5|7|8
67.6|70.61|0|394|5.5|5.5|7|8
67.7|70.62|0|394|5.5|5.5|7|8
67.8|70.63|0|394|5.5|5.5|7|8
67.9|70.63|0|394|5.5|5.5|7|8
68|70.57|0|394|5.5|5.5|7|8
68.1|70.61|0|393|5.5|5.5|7|8
68.2|70.63|0|394|5.5|5.5|7|8
68.3|70.59|0|393|5.5|5.5|7|8
68.4|70.61|0|393|5.5|5.5|7|8
68.5|70.61|0|393|5.5|5.5|7|8
68.6|70.63|0|393|5.5|5.5|7|8
68.7|70.58|0|394|5.5|5.5|7|8
68.8|70.61|0|393|5.5|5.5|7|8
68.9|70.62|0|393|5.5|5.5|7|8
69|70.62|0|393|5.5|5.5|7|8
69.1|70.62|0|394|5.5|5.5|7|8
69.2|70.61|0|394|5.5|5.5|7|8
69.3|70.59|0|394|5.5|5.5|7|8
69.4|70.61|0|394|5.5|5.5|7|8
69.5|70.62|0|394|5.5|5.5|7|8
69.6|70.63|0|393|5.5|5.5|7|8
69.7|70.59|0|393|5.5|5.5|7|8
69.8|70.61|0|393|5.5|5.5|7|8
69.9|70.62|0|394|5.5|5.5|7|8
70|70.65|0|394|5.5|5.5|7|8
70.1|70.59|0|394|5.5|5.5|7|8
70.2|70.58|0|394|5.5|5.5|7|8
70.3|70.61|0|394|5.5|5.5|7|8
70.4|70.61|0|393|5.5|5.5|7|8
70.5|70.63|0|393|5.5|5.5|7|8
70.6|70.63|0|393|5.5|5.5|7|8
70.7|70.59|0|393|5.5|5.5|7|8
70.8|70.61|0|393|5.5|5.5|7|8
70.9|70.61|0|393|5.5|5.5|7|8
71|70.62|0|393|5.5|5.5|7|8
71.1|70.61|0|393|5.5|5.5|7|8
71.2|70.61|0|393|5.5|5.5|7|8
71.3|70.61|0|393|5.5|5.5|7|8
71.4|70.61|0|393|5.5|5.5|7|8
71.5|70.61|0|393|5.5|5.5|7|8
71.6|70.59|0|393|5.5|5.5|7|8
71.7|70.61|0|393|5.5|5.5|7|8
71.8|70.61|0|393|5.5|5.5|7|8
71.9|70.61|0|393|5.5|5.5|7|8
72|70.61|0|393|5.5|5.5|7|8
72.1|70.61|0|393|5.5|5.5|7|8
72.2|70.61|0|393|5.5|5.5|7|8
72.3|70.61|0|393|5.5|5.5|7|8
72.4|70.62|0|393|5.5|5.5|8|8
72.5|70.66|0|393|5.5|5.5|8|8
72.6|70.45|0|393|5.5|5.5|8|8
72.7|70.43|0|393|5.5|5.5|8|8
72.8|70.39|0|393|5.5|5.5|8|8
72.9|70.42|0|393|5.4|5.4|8|8
73|70.41|0|393|5.4|5.4|8|8
73.1|70.41|0|393|5.4|5.4|8|8
73.2|70.53|0|393|5.4|5.4|8|8
73.3|70.53|0|393|5.4|5.4|8|8
73.4|70.5|0|393|5.4|5.4|8|8
73.5|70.59|0|393|5.4|5.4|8|8
73.6|70.62|0|393|5.4|5.4|8|8
73.7|70.61|0|393|5.4|5.4|8|8
73.8|70.61|0|393|5.4|5.4|8|8
73.9|70.62|0|393|5.4|5.4|8|8
74|70.61|0|393|5.4|5.4|8|8
74.1|70.62|0|393|5.4|5.4|8|8
74.2|70.62|0|393|5.4|5.4|8|8
74.3|70.62|0|393|5.4|5.4|8|8
74.4|70.63|0|393|5.4|5.4|8|8
74.5|73.67|0|393|5.4|5.4|8|8
74.6|77.16|0|393|5.4|5.4|8|8
74.7|80.64|0|393|5.4|5.4|8|8
74.8|84.09|0|393|5.4|5.4|8|8
74.9|87.48|0|393|5.4|5.4|8|8
75|90.9|0|393|5.4|5.4|8|8
75.1|94.04|0|393|5.4|5.4|8|8
75.2|95.34|0|393|5.4|5.4|8|8
