0|96.01|941|409|4.9|4.9|1|8
0.1|95.98|1052|412|4.9|4.9|1|8
0.2|96|1067|413|4.9|4.9|1|8
0.3|96.01|1067|413|4.9|4.9|1|8
0.4|96.01|1070|414|4.9|4.9|1|8
0.5|96.01|1088|414|4.9|4.9|2|8
0.6|95.72|1170|414|4.9|4.9|2|8
0.7|95.3|1358|416|4.9|4.9|2|8
0.8|94.95|1688|416|4.9|4.9|3|8
0.9|94.7|1719|417|4.9|4.9|3|8
1|94.57|1747|418|4.9|4.9|3|8
1.1|94.55|1768|418|4.9|4.9|3|8
1.2|94.51|1778|418|4.9|4.9|3|8
1.3|94.49|1784|418|4.9|4.9|3|8
1.4|94.43|1789|418|4.9|4.9|3|8
1.5|94.44|1791|418|4.9|4.9|3|8
1.6|94.43|1794|418|4.9|4.9|3|8
1.7|94.48|1794|418|4.9|4.9|3|8
1.8|94.48|1796|418|4.9|4.9|3|8
1.9|94.44|1796|418|4.9|4.9|3|8
2|94.44|1799|418|4.9|4.9|3|8
2.1|94.44|1799|418|4.9|4.9|3|8
2.2|94.45|1799|418|5|4.9|3|8
2.3|94.45|1804|418|4.9|4.9|3|8
2.4|94.47|1807|418|4.9|4.9|3|8
2.5|94.48|1802|418|5|4.9|3|8
2.6|94.48|1789|418|4.9|4.9|3|8
2.7|94.44|1786|418|5|5|3|8
2.8|94.48|1791|418|5|5|4|8
2.9|94.61|1791|419|5|5|4|8
3|95.03|1778|419|5|5|4|8
3.1|95.54|1338|418|5|5|5|8
3.2|95.9|1103|416|5|5|5|8
3.3|96.09|1098|416|5|5|5|8
3.4|96.09|1095|416|5|5|5|8
3.5|96.16|1095|416|5|5|5|8
3.6|96.17|1095|416|5|5|5|8
3.7|96.16|1095|416|5|5|5|8
3.8|96.17|1095|416|5|5|5|8
3.9|96.16|1098|416|5|5|5|8
4|96.19|1093|416|5|5|5|8
4.1|96.17|1093|416|5|5|5|8
4.2|96.19|1093|416|5|5|5|8
4.3|96.19|1093|416|5|5|5|8
4.4|96.17|1093|416|5|5|5|8
4.5|96.17|1093|416|5|5|5|8
4.6|96.17|1090|416|5|5|5|8
4.7|96.2|1090|416|5|5|5|8
4.8|96.21|1093|416|5|5|5|8
4.9|96.25|1093|416|5|5|5|8
5|96.19|1093|416|5|5|5|8
5.1|96.17|1093|416|5|5|2|8
5.2|96.13|1090|416|5|5|2|8
5.3|95.8|1090|416|5|5|2|8
5.4|95.43|1088|416|5|5|2|8
5.5|94.99|1332|418|5|5|2|8
5.6|94.63|1742|418|5|5|3|8
5.7|94.41|1773|419|5|5|3|8
5.8|94.32|1802|420|5|5|3|8
5.9|94.17|1812|420|5|5|3|8
6|94.17|1817|420|5|5|3|8
6.1|94.17|1820|420|5|5|3|8
6.2|94.17|1822|420|5|5|3|8
6.3|94.17|1827|420|5|5|3|8
6.4|94.17|1830|420|5|5|3|8
6.5|94.16|1830|420|5|5|3|8
6.6|94.17|1832|420|5|5|3|8
6.7|94.17|1832|420|5|5|3|8
6.8|94.16|1832|420|5|5|3|8
6.9|94.16|1835|420|5|5|3|8
7|94.17|1838|420|5|5|3|8
7.1|94.19|1838|420|5|5|3|8
7.2|94.19|1838|420|5|5|3|8
7.3|94.17|1840|420|5|5|3|8
7.4|94.19|1840|420|5|5|3|8
7.5|94.21|1840|420|5|5|3|8
7.6|94.19|1843|420|5|5|4|8
7.7|94.36|1840|421|5|5|4|8
7.8|94.72|1796|421|5|5.1|4|8
7.9|95.27|1237|420|5.1|5.1|5|8
8|95.63|1098|418|5|5|5|8
8.1|95.74|1093|418|5.1|5.1|5|8
8.2|95.85|1090|418|5.1|5.1|5|8
8.3|95.84|1090|418|5.1|5.1|5|8
8.4|95.89|1088|418|5.1|5.1|5|8
8.5|95.92|1088|418|5.1|5.1|5|8
8.6|95.89|1085|418|5.1|5.1|5|8
8.7|95.88|1085|418|5.1|5.1|5|8
8.8|95.86|1085|418|5.1|5.1|5|8
8.9|95.89|1085|418|5.1|5.1|5|8
9|95.89|1085|418|5.1|5.1|5|8
9.1|95.88|1085|418|5.1|5.1|5|8
9.2|95.86|1085|418|5.1|5.1|5|8
9.3|95.88|1085|418|5.1|5.1|5|8
9.4|95.92|1082|418|5.1|5.1|5|8
9.5|95.89|1082|418|5.1|5.1|5|8
9.6|95.86|1082|418|5.1|5.1|5|8
9.7|95.89|1082|418|5.1|5.1|5|8
9.8|95.9|1082|418|5.1|5.1|5|8
9.9|95.89|1082|418|5.1|5.1|2|8
10|95.82|1082|418|5.1|5.1|2|8
10.1|95.51|1082|418|5.1|5.1|2|8
10.2|95.12|1082|418|5.1|5.1|2|8
10.3|94.66|1410|418|5.1|5.1|2|8
10.4|94.29|1763|420|5.1|5.1|3|8
10.5|94.08|1817|418|5.1|5.1|3|8
10.6|93.96|1840|405|5.1|5.1|3|8
10.7|93.92|1848|401|5.1|5.1|3|8
10.8|93.93|1853|400|5.1|5.1|3|8
10.9|93.92|1858|400|5.1|5.1|3|8
11|93.9|1861|399|5.1|5.1|3|8
11.1|93.88|1863|399|5.1|5.1|3|8
11.2|93.85|1866|399|5.1|5.1|3|8
11.3|93.88|1866|399|5.1|5.1|3|8
11.4|93.88|1869|399|5.1|5.1|3|8
11.5|93.89|1869|399|5.1|5.1|3|8
11.6|93.9|1871|400|5.1|5.1|3|8
11.7|93.89|1871|400|5.1|5.1|3|8
11.8|93.9|1874|400|5.1|5.1|3|8
11.9|93.92|1874|400|5.1|5.1|3|8
12|93.82|1874|400|5.1|5.1|3|8
12.1|93.84|1876|400|5.1|5.1|3|8
12.2|93.88|1876|399|5.1|5.1|3|8
12.3|93.9|1876|400|5.1|5.1|3|8
12.4|93.85|1876|400|5.1|5.1|4|8
12.5|94.16|1874|400|5.1|5.1|4|8
12.6|94.49|1827|400|5.1|5.1|4|8
12.7|95.03|1309|400|5.1|5.1|5|8
12.8|95.41|1111|399|5.1|5.1|5|8
12.9|95.59|1101|398|5.1|5.1|5|8
13|95.65|1098|398|5.1|5.1|5|8
13.1|95.65|1095|398|5.1|5.1|5|8
13.2|95.66|1093|398|5.1|5.1|5|8
13.3|95.66|1093|398|5.1|5.1|5|8
13.4|95.66|1093|398|5.1|5.1|5|8
13.5|95.69|1093|398|5.2|5.1|5|8
13.6|95.7|1093|398|5.2|5.1|5|8
13.7|95.76|1090|398|5.2|5.2|5|8
13.8|95.68|1090|398|5.2|5.2|5|8
13.9|95.68|1090|398|5.2|5.2|5|8
14|95.66|1090|398|5.2|5.2|5|8
14.1|95.65|1090|398|5.2|5.2|5|8
14.2|95.66|1090|398|5.2|5.2|5|8
14.3|95.66|1090|398|5.2|5.2|5|8
14.4|95.72|1090|398|5.2|5.2|5|8
14.5|95.74|1090|398|5.2|5.2|5|8
14.6|95.7|1088|398|5.2|5.2|5|8
14.7|95.69|1090|398|5.2|5.2|2|8
14.8|95.66|1090|398|5.2|5.2|2|8
14.9|95.33|1088|398|5.2|5.2|2|8
15|94.92|1088|398|5.2|5.2|2|8
15.1|94.52|1304|399|5.2|5.2|2|8
15.2|94.08|1784|399|5.2|5.2|3|8
15.3|93.93|1835|399|5.2|5.2|3|8
15.4|93.81|1853|400|5.2|5.2|3|8
15.5|93.73|1863|400|5.2|5.2|3|8
15.6|93.73|1869|400|5.2|5.2|3|8
15.7|93.6|1871|400|5.2|5.2|3|8
15.8|93.69|1874|400|5.2|5.2|3|8
15.9|93.76|1876|400|5.2|5.2|3|8
16|93.64|1879|400|5.2|5.2|3|8
16.1|93.6|1879|400|5.2|5.2|3|8
16.2|93.73|1879|400|5.2|5.2|3|8
16.3|93.76|1881|400|5.2|5.2|3|8
16.4|93.61|1881|400|5.2|5.2|3|8
16.5|93.62|1881|400|5.2|5.2|3|8
16.6|93.78|1881|400|5.2|5.2|3|8
16.7|93.73|1884|400|5.2|5.2|3|8
16.8|93.6|1884|400|5.2|5.2|3|8
16.9|93.64|1884|400|5.2|5.2|3|8
17|93.78|1884|399|5.2|5.2|3|8
17.1|93.66|1887|399|5.2|5.2|3|8
17.2|93.7|1887|400|5.2|5.2|4|8
17.3|93.84|1884|400|5.2|5.2|4|8
17.4|94.27|1851|400|5.2|5.2|4|8
17.5|94.74|1693|400|5.2|5.2|4|8
17.6|95.23|1116|400|5.2|5.2|5|8
17.7|95.43|1103|398|5.2|5.2|5|8
17.8|95.58|1098|398|5.2|5.2|5|8
17.9|95.61|1095|398|5.2|5.2|5|8
18|95.61|1093|398|5.2|5.2|5|8
18.1|95.63|1093|398|5.2|5.2|5|8
18.2|95.66|1093|398|5.2|5.2|5|8
18.3|95.66|1090|398|5.2|5.2|5|8
18.4|95.58|1090|398|5.2|5.2|5|8
18.5|95.61|1088|398|5.2|5.2|5|8
18.6|95.61|1088|398|5.2|5.2|5|8
18.7|95.63|1088|398|5.2|5.2|5|8
18.8|95.63|1088|398|5.2|5.2|5|8
18.9|95.69|1088|398|5.2|5.2|5|8
19|95.63|1088|398|5.2|5.2|5|8
19.1|95.62|1088|398|5.2|5.2|5|8
19.2|95.61|1088|398|5.2|5.2|5|8
19.3|95.61|1088|398|5.2|5.2|5|8
19.4|95.63|1088|398|5.2|5.2|5|8
19.5|95.68|1088|398|5.2|5.2|5|8
19.6|95.62|1088|398|5.2|5.2|2|8
19.7|95.38|1088|398|5.2|5.2|2|8
19.8|95.03|1088|398|5.2|5.2|2|8
19.9|94.63|1119|398|5.2|5.2|2|8
20|94.16|1639|398|5.2|5.2|3|8
20.1|93.82|1830|398|5.2|5.2|3|8
20.2|93.66|1856|398|5.2|5.2|3|8
20.3|93.64|1869|399|5.2|5.2|3|8
20.4|93.53|1876|399|5.2|5.2|3|8
20.5|93.53|1881|398|5.2|5.2|3|8
20.6|93.51|1884|397|5.2|5.2|3|8
20.7|93.53|1887|396|5.2|5.2|3|8
20.8|93.55|1889|396|5.2|5.2|3|8
20.9|93.51|1889|396|5.2|5.2|3|8
21|93.54|1892|396|5.2|5.2|3|8
21.1|93.53|1892|396|5.2|5.2|3|8
21.2|93.53|1894|396|5.2|5.2|3|8
21.3|93.53|1894|396|5.3|5.2|3|8
21.4|93.53|1894|396|5.2|5.2|3|8
21.5|93.53|1894|396|5.3|5.2|3|8
21.6|93.53|1897|396|5.3|5.3|3|8
21.7|93.53|1897|396|5.3|5.3|3|8
21.8|93.51|1897|396|5.3|5.3|3|8
21.9|93.53|1899|396|5.3|5.3|3|8
22|93.54|1899|396|5.3|5.3|4|8
22.1|93.6|1899|396|5.3|5.3|4|8
22.2|93.84|1892|396|5.3|5.3|4|8
22.3|94.31|1814|396|5.3|5.3|4|8
22.4|94.84|1155|396|5.3|5.3|5|8
22.5|95.1|1103|396|5.3|5.3|5|8
22.6|95.26|1098|396|5.3|5.3|5|8
22.7|95.33|1095|396|5.3|5.3|5|8
22.8|95.33|1093|396|5.3|5.3|5|8
22.9|95.33|1093|396|5.3|5.3|5|8
23|95.33|1090|396|5.3|5.3|5|8
23.1|95.3|1090|396|5.3|5.3|5|8
23.2|95.27|1090|395|5.3|5.3|5|8
23.3|95.34|1090|395|5.3|5.3|5|8
23.4|95.34|1088|395|5.3|5.3|5|8
23.5|95.31|1088|395|5.3|5.3|5|8
23.6|95.33|1088|395|5.3|5.3|5|8
23.7|95.34|1088|395|5.3|5.3|5|8
23.8|95.33|1088|395|5.3|5.3|5|8
23.9|95.33|1085|395|5.3|5.3|5|8
24|95.33|1088|395|5.3|5.3|5|8
24.1|95.34|1088|395|5.3|5.3|5|8
24.2|95.33|1088|395|5.3|5.3|5|8
24.3|95.33|1088|395|5.3|5.3|5|8
24.4|95.33|1085|395|5.3|5.3|2|8
24.5|95.22|1085|395|5.3|5.3|2|8
24.6|94.87|1088|395|5.3|5.3|2|8
24.7|94.47|1111|395|5.3|5.3|2|8
24.8|93.97|1686|396|5.3|5.3|3|8
24.9|93.69|1840|396|5.3|5.3|3|8
25|93.57|1863|396|5.3|5.3|3|8
25.1|93.46|1876|396|5.3|5.3|3|8
25.2|93.39|1884|396|5.3|5.3|3|8
25.3|93.38|1889|396|5.3|5.3|3|8
25.4|93.35|1894|396|5.3|5.3|3|8
25.5|93.39|1897|396|5.3|5.3|3|8
25.6|93.41|1899|396|5.3|5.3|3|8
25.7|93.35|1902|396|5.3|5.3|3|8
25.8|93.38|1902|396|5.3|5.3|3|8
25.9|93.41|1902|396|5.3|5.3|3|8
26|93.35|1905|396|5.3|5.3|3|8
26.1|93.38|1905|396|5.3|5.3|3|8
26.2|93.38|1905|396|5.3|5.3|3|8
26.3|93.42|1905|396|5.3|5.3|3|8
26.4|93.37|1907|396|5.3|5.3|3|8
26.5|93.34|1907|396|5.3|5.3|3|8
26.6|93.37|1907|396|5.3|5.3|3|8
26.7|93.41|1910|396|5.3|5.3|3|8
26.8|93.35|1907|396|5.3|5.3|4|8
26.9|93.46|1907|396|5.3|5.3|4|8
27|93.73|1899|396|5.3|5.3|4|8
27.1|94.17|1835|396|5.3|5.3|4|8
27.2|94.66|1219|396|5.3|5.3|5|8
27.3|95.06|1101|396|5.3|5.3|5|8
27.4|95.15|1098|395|5.3|5.3|5|8
27.5|95.25|1093|395|5.3|5.3|5|8
27.6|95.27|1093|395|5.3|5.3|5|8
27.7|95.27|1090|395|5.3|5.3|5|8
27.8|95.29|1090|395|5.3|5.3|5|8
27.9|95.25|1088|395|5.3|5.3|5|8
28|95.26|1088|395|5.3|5.3|5|8
28.1|95.26|1088|395|5.3|5.3|5|8
28.2|95.29|1085|394|5.3|5.3|5|8
28.3|95.3|1085|394|5.3|5.3|5|8
28.4|95.27|1085|394|5.3|5.3|5|8
28.5|95.25|1088|394|5.3|5.3|5|8
28.6|95.29|1085|395|5.3|5.3|5|8
28.7|95.29|1085|395|5.3|5.3|5|8
28.8|95.27|1085|395|5.3|5.3|5|8
28.9|95.27|1085|394|5.3|5.3|5|8
29|95.27|1085|394|5.3|5.3|5|8
29.1|95.29|1085|394|5.3|5.3|5|8
29.2|95.27|1082|394|5.3|5.3|2|8
29.3|95.18|1082|394|5.3|5.3|2|8
29.4|94.88|1085|394|5.3|5.3|2|8
29.5|94.51|1085|394|5.3|5.3|2|8
29.6|94.01|1588|395|5.3|5.3|3|8
29.7|93.7|1835|396|5.3|5.3|3|8
29.8|93.55|1871|396|5.3|5.3|3|8
29.9|93.47|1887|396|5.3|5.3|3|8
30|93.35|1894|396|5.3|5.3|3|8
30.1|93.38|1897|396|5.3|5.3|3|8
30.2|93.39|1902|396|5.3|5.3|3|8
30.3|93.35|1907|396|5.3|5.3|3|8
30.4|93.38|1907|396|5.3|5.3|3|8
30.5|93.38|1912|395|5.3|5.3|3|8
30.6|93.35|1918|392|5.3|5.3|3|8
30.7|93.39|1920|391|5.3|5.3|3|8
30.8|93.38|1920|390|5.3|5.3|3|8
30.9|93.38|1920|390|5.3|5.3|3|8
31|93.39|1920|390|5.3|5.3|3|8
31.1|93.38|1923|390|5.3|5.3|3|8
31.2|93.38|1920|390|5.3|5.3|3|8
31.3|93.38|1923|390|5.3|5.3|3|8
31.4|93.38|1923|390|5.3|5.3|3|8
31.5|93.38|1923|390|5.3|5.3|3|8
31.6|93.38|1925|390|5.3|5.3|4|8
31.7|93.43|1925|390|5.3|5.3|4|8
31.8|93.72|1918|390|5.3|5.3|4|8
31.9|94.12|1858|390|5.3|5.3|4|8
32|94.61|1180|391|5.3|5.3|5|8
32.1|94.94|1101|391|5.3|5.3|5|8
32.2|95.07|1098|390|5.3|5.3|5|8
32.3|95.19|1095|390|5.3|5.3|5|8
32.4|95.22|1095|390|5.3|5.3|5|8
32.5|95.15|1093|390|5.3|5.3|5|8
32.6|95.17|1093|390|5.3|5.3|5|8
32.7|95.19|1090|390|5.3|5.3|5|8
32.8|95.21|1090|390|5.3|5.3|5|8
32.9|95.15|1090|390|5.3|5.3|5|8
33|95.17|1088|390|5.3|5.3|5|8
33.1|95.21|1088|390|5.3|5.3|5|8
33.2|95.15|1088|390|5.3|5.3|5|8
33.3|95.15|1090|390|5.3|5.3|5|8
33.4|95.17|1090|390|5.3|5.3|5|8
33.5|95.18|1088|390|5.3|5.3|5|8
33.6|95.18|1088|390|5.3|5.3|5|8
33.7|95.18|1088|390|5.4|5.3|5|8
33.8|95.18|1088|390|5.3|5.3|5|8
33.9|95.22|1088|390|5.3|5.4|5|8
34|95.14|1088|390|5.4|5.3|2|8
34.1|95.03|1088|390|5.3|5.4|2|8
34.2|94.74|1088|390|5.4|5.4|2|8
34.3|94.35|1124|390|5.4|5.3|2|8
34.4|93.9|1747|390|5.4|5.3|3|8
34.5|93.65|1856|390|5.3|5.3|3|8
34.6|93.54|1879|390|5.4|5.3|3|8
34.7|93.54|1892|390|5.3|5.3|3|8
34.8|93.38|1902|390|5.3|5.3|3|8
34.9|93.41|1907|390|5.4|5.4|3|8
35|93.45|1910|390|5.3|5.4|3|8
35.1|93.43|1915|390|5.3|5.3|3|8
35.2|93.38|1918|390|5.4|5.3|3|8
35.3|93.38|1920|390|5.4|5.4|3|8
35.4|93.38|1923|390|5.4|5.4|3|8
35.5|93.42|1923|390|5.4|5.4|3|8
35.6|93.43|1925|390|5.4|5.4|3|8
35.7|93.43|1925|390|5.4|5.4|3|8
35.8|93.39|1928|390|5.4|5.4|3|8
35.9|93.39|1928|390|5.4|5.4|3|8
36|93.41|1925|390|5.4|5.3|3|8
36.1|93.45|1928|390|5.4|5.4|3|8
36.2|93.39|1928|390|5.4|5.4|3|8
36.3|93.38|1928|390|5.4|5.4|3|8
36.4|93.42|1928|390|5.4|5.4|4|8
36.5|93.53|1928|390|5.4|5.4|4|8
36.6|93.85|1912|390|5.4|5.4|4|8
36.7|94.43|1807|390|5.4|5.4|4|8
36.8|94.82|1131|390|5.4|5.4|2|8
36.9|95.06|1101|390|5.4|5.4|2|8
37|94.91|1098|390|5.4|5.4|2|8
37.1|94.82|1095|390|5.4|5.4|2|8
37.2|94.8|1093|390|5.4|5.4|2|8
37.3|94.88|1093|390|5.4|5.4|2|8
37.4|94.76|1093|390|5.4|5.4|2|8
37.5|94.67|1093|390|5.4|5.4|2|8
37.6|94.64|1090|390|5.4|5.4|2|8
37.7|94.59|1090|390|5.4|5.4|2|8
37.8|94.48|1101|390|5.4|5.4|2|8
37.9|94.44|1106|390|5.4|5.4|2|8
38|94.35|1095|390|5.4|5.4|2|8
38.1|94.32|1121|390|5.4|5.4|2|8
38.2|94.2|1170|390|5.4|5.4|2|8
38.3|94.21|1134|390|5.4|5.4|2|8
38.4|94.1|1173|390|5.4|5.4|2|8
38.5|94.02|1116|390|5.4|5.4|2|8
38.6|93.97|1106|390|5.4|5.4|2|8
38.7|93.93|1325|390|5.4|5.4|2|8
38.8|93.92|1737|390|5.4|5.4|2|8
38.9|93.85|1763|390|5.4|5.4|2|8
39|94.06|1755|390|5.4|5.4|2|8
39.1|94.27|1740|390|5.4|5.4|2|8
39.2|94.44|1332|390|5.4|5.4|2|8
39.3|94.59|1116|390|5.4|5.4|2|8
39.4|94.59|1090|390|5.4|5.4|2|8
39.5|94.68|1088|390|5.4|5.4|2|8
39.6|94.57|1085|390|5.4|5.4|2|8
39.7|94.49|1085|390|5.4|5.4|2|8
39.8|94.45|1085|390|5.4|5.4|2|8
39.9|94.37|1085|390|5.4|5.4|2|8
40|94.39|1090|390|5.4|5.4|2|8
40.1|94.23|1095|390|5.4|5.4|2|8
40.2|94.19|1090|390|5.4|5.4|2|8
40.3|94.19|1137|390|5.4|5.4|2|8
40.4|94.05|1131|390|5.4|5.4|2|8
40.5|94.01|1101|390|5.4|5.4|2|8
40.6|93.96|1180|390|5.4|5.4|2|8
40.7|93.93|1466|390|5.4|5.4|2|8
40.8|93.85|1765|390|5.4|5.4|2|8
40.9|93.86|1786|390|5.4|5.4|2|8
41|94.12|1735|390|5.4|5.4|2|8
41.1|94.29|1116|390|5.4|5.4|2|8
41.2|94.31|1090|390|5.4|5.4|2|8
41.3|94.31|1085|390|5.4|5.4|2|8
41.4|94.33|1085|390|5.4|5.4|2|8
41.5|94.31|1085|390|5.4|5.4|2|8
41.6|94.19|1082|390|5.4|5.4|2|8
41.7|94.19|1082|390|5.4|5.4|2|8
41.8|94.05|1085|390|5.4|5.4|2|8
41.9|94.02|1111|390|5.4|5.4|2|8
42|93.96|1165|390|5.4|5.4|2|8
42.1|93.93|1482|390|5.4|5.4|2|8
42.2|93.86|1688|390|5.4|5.4|2|8
42.3|93.89|1698|390|5.4|5.4|2|8
42.4|94.19|1698|390|5.4|5.4|2|8
42.5|94.32|1634|390|5.4|5.4|2|8
42.6|94.48|1111|390|5.4|5.4|2|8
42.7|94.49|1090|390|5.4|5.4|2|8
42.8|94.56|1088|390|5.4|5.4|2|8
42.9|94.56|1088|390|5.4|5.4|2|8
43|94.49|1085|390|5.4|5.4|2|8
43.1|94.39|1085|390|5.4|5.4|2|8
43.2|94.43|1082|390|5.4|5.4|2|8
43.3|94.27|1082|390|5.4|5.4|2|8
43.4|94.2|1157|390|5.4|5.4|2|8
43.5|94.24|1121|390|5.4|5.4|2|8
43.6|94.09|1088|390|5.4|5.4|2|8
43.7|94.02|1170|390|5.4|5.4|2|8
43.8|93.98|1418|390|5.4|5.4|2|8
43.9|93.97|1093|390|5.4|5.4|2|8
44|93.94|1098|390|5.4|5.4|2|8
44.1|93.93|1229|390|5.4|5.4|2|8
44.2|93.82|1309|390|5.4|5.4|2|8
44.3|93.88|1309|390|5.4|5.4|2|8
44.4|93.65|1351|390|5.4|5.4|2|8
44.5|93.65|1227|390|5.4|5.4|2|8
44.6|93.6|1312|390|5.4|5.4|2|8
44.7|93.57|1222|390|5.4|5.4|2|8
44.8|93.5|1322|390|5.4|5.4|2|8
44.9|93.41|1245|390|5.4|5.4|2|8
45|93.34|1265|390|5.4|5.4|2|8
45.1|93.22|1374|390|5.4|5.4|2|8
45.2|93.11|1214|390|5.4|5.4|2|8
45.3|93.17|1103|390|5.4|5.4|2|8
45.4|93.17|1325|390|5.4|5.4|2|8
45.5|93|1227|390|5.4|5.4|2|8
45.6|92.95|1358|391|5.4|5.4|2|8
45.7|92.86|1263|391|5.4|5.4|2|8
45.8|92.8|1224|390|5.4|5.4|2|8
45.9|92.7|1206|390|5.4|5.4|2|8
46|92.63|1255|391|5.4|5.4|2|8
46.1|92.62|1183|390|5.4|5.4|2|8
46.2|92.45|1193|390|5.4|5.4|2|8
46.3|92.39|1124|390|5.4|5.4|2|8
46.4|92.37|1330|390|5.4|5.4|2|8
46.5|92.19|1191|390|5.4|5.4|2|8
46.6|92.15|1219|390|5.4|5.4|2|8
46.7|92.05|1142|390|5.4|5.4|2|8
46.8|92.08|1240|390|5.4|5.4|2|8
46.9|91.97|1160|390|5.4|5.4|2|8
47|91.89|1394|389|5.4|5.4|2|8
47.1|91.78|1245|390|5.4|5.4|2|8
47.2|91.66|1289|390|5.4|5.4|2|8
47.3|91.57|1173|390|5.4|5.4|2|8
47.4|91.5|1188|389|5.4|5.4|2|8
47.5|91.46|1178|389|5.4|5.4|2|8
47.6|91.37|1201|389|5.4|5.4|2|8
47.7|91.25|1294|390|5.4|5.4|2|8
47.8|91.14|1224|390|5.4|5.4|2|8
47.9|91.03|1126|390|5.4|5.4|2|8
48|90.94|1186|389|5.4|5.4|2|8
48.1|90.88|1240|390|5.4|5.4|2|8
48.2|90.75|1191|389|5.4|5.4|2|8
48.3|90.62|1247|390|5.4|5.4|2|8
48.4|90.56|1165|389|5.4|5.4|2|8
48.5|90.47|1276|390|5.4|5.4|2|8
48.6|90.37|1186|389|5.4|5.4|2|8
48.7|90.31|1278|389|5.4|5.4|2|8
48.8|90.19|1330|389|5.4|5.4|2|8
48.9|90.03|1162|388|5.4|5.4|2|8
49|89.92|1121|388|5.4|5.4|2|8
49.1|89.85|1178|388|5.4|5.4|2|8
49.2|89.72|1242|390|5.4|5.4|2|8
49.3|89.7|1312|390|5.4|5.4|2|8
49.4|89.5|1188|389|5.4|5.4|2|8
49.5|89.45|1157|389|5.4|5.4|2|8
49.6|89.3|1338|390|5.4|5.4|2|8
49.7|89.21|1265|389|5.4|5.4|2|8
49.8|89.07|1214|389|5.4|5.4|2|8
49.9|88.97|1325|389|5.4|5.4|2|8
50|88.87|1227|390|5.4|5.4|2|8
50.1|88.74|1183|390|5.4|5.4|2|8
50.2|88.59|1191|390|5.4|5.4|2|8
50.3|88.48|1216|389|5.4|5.4|2|8
50.4|88.33|1206|390|5.4|5.4|2|8
50.5|88.24|1173|389|5.4|5.4|2|8
50.6|88.07|1268|390|5.4|5.4|2|8
50.7|88.01|1229|389|5.4|5.4|2|8
50.8|87.86|1325|389|5.4|5.4|2|8
50.9|87.66|1384|389|5.4|5.4|2|8
51|87.54|1322|390|5.4|5.4|2|8
51.1|87.39|1253|390|5.4|5.4|2|8
51.2|87.29|1245|389|5.4|5.4|2|8
51.3|87.13|1260|389|5.4|5.4|2|8
51.4|87.02|1227|389|5.4|5.4|2|8
51.5|86.9|1387|389|5.4|5.4|2|8
51.6|86.75|1278|390|5.4|5.4|2|8
51.7|86.6|1216|390|5.4|5.4|2|8
51.8|86.42|1356|390|5.4|5.4|2|8
51.9|86.25|1191|390|5.4|5.4|2|8
52|86.17|1317|390|5.4|5.4|2|8
52.1|86.03|1219|390|5.4|5.4|2|8
52.2|85.88|1312|390|5.4|5.4|2|8
52.3|85.73|1327|390|5.4|5.4|2|8
52.4|85.54|1327|390|5.4|5.4|2|8
52.5|85.42|1263|390|5.4|5.4|2|8
52.6|85.22|1211|390|5.4|5.4|2|8
52.7|85.03|1168|390|5.4|5.4|2|8
52.8|84.9|1281|389|5.4|5.4|2|8
52.9|84.76|1338|390|5.4|5.4|2|8
53|84.51|1263|389|5.4|5.4|2|8
53.1|84.38|1327|390|5.4|5.4|2|8
53.2|84.2|1260|390|5.4|5.4|2|8
53.3|84.08|1307|390|5.4|5.4|2|8
53.4|83.89|1358|390|5.4|5.4|2|8
53.5|83.68|1299|390|5.4|5.4|2|8
53.6|83.53|1345|390|5.4|5.4|2|8
53.7|83.34|1284|390|5.4|5.4|2|8
53.8|83.14|1338|390|5.4|5.4|2|8
53.9|82.91|1263|390|5.4|5.4|2|8
54|82.74|1271|390|5.4|5.4|2|8
54.1|82.55|1250|390|5.4|5.4|2|8
54.2|82.36|1348|390|5.4|5.4|2|8
54.3|82.15|1343|390|5.4|5.4|6|8
54.4|81.05|1892|390|5.4|5.4|6|8
54.5|78.56|1985|389|5.3|5.3|6|8
54.6|75.83|191|389|5.3|5.3|7|8
54.7|73.48|0|388|5.3|5.3|7|8
54.8|72.27|0|388|5.3|5.3|7|8
54.9|71.67|0|388|5.3|5.3|7|8
55|71.45|0|388|5.3|5.3|7|8
55.1|71.3|0|388|5.3|5.3|7|8
55.2|71.34|0|388|5.3|5.3|7|8
55.3|71.26|0|388|5.3|5.3|7|8
55.4|71.14|0|388|5.3|5.3|7|8
55.5|71.2|0|388|5.3|5.3|7|8
55.6|71.21|0|388|5.3|5.3|7|8
55.7|71.21|0|388|5.3|5.3|7|8
55.8|71.22|0|388|5.3|5.3|7|8
55.9|71.24|0|388|5.3|5.3|7|8
56|71.22|0|388|5.3|5.3|7|8
56.1|71.18|0|388|5.3|5.3|7|8
56.2|71.18|0|388|5.3|5.3|7|8
56.3|71.2|0|388|5.3|5.3|7|8
56.4|71.21|0|388|5.3|5.3|7|8
56.5|71.22|0|388|5.3|5.3|7|8
56.6|71.25|0|388|5.3|5.3|7|8
56.7|71.18|0|388|5.3|5.3|7|8
56.8|71.17|0|388|5.3|5.3|7|8
56.9|71.22|0|388|5.3|5.3|7|8
57|71.21|0|388|5.3|5.3|7|8
57.1|71.18|0|388|5.3|5.3|7|8
57.2|71.16|0|388|5.3|5.3|7|8
57.3|71.16|0|388|5.3|5.3|7|8
57.4|71.2|0|388|5.3|5.3|7|8
57.5|71.22|0|388|5.3|5.3|7|8
57.6|71.18|0|388|5.3|5.3|7|8
57.7|71.17|0|388|5.3|5.3|7|8
57.8|71.17|0|388|5.3|5.3|7|8
57.9|71.18|0|388|5.3|5.3|7|8
58|71.2|0|388|5.3|5.3|7|8
58.1|71.24|0|388|5.3|5.3|7|8
58.2|71.2|0|388|5.3|5.3|7|8
58.3|71.18|0|388|5.3|5.4|7|8
58.4|71.18|0|388|5.3|5.4|7|8
58.5|71.18|0|388|5.3|5.4|7|8
58.6|71.18|0|388|5.4|5.3|7|8
58.7|71.18|0|388|5.4|5.4|7|8
58.8|71.18|0|388|5.3|5.4|7|8
58.9|71.18|0|388|5.3|5.4|7|8
59|71.17|0|388|5.3|5.3|7|8
59.1|71.17|0|388|5.4|5.3|7|8
59.2|71.18|0|388|5.4|5.3|7|8
59.3|71.18|0|388|5.4|5.4|7|8
59.4|71.21|0|388|5.4|5.4|7|8
59.5|71.2|0|388|5.4|5.4|7|8
59.6|71.2|0|388|5.4|5.4|7|8
59.7|71.18|0|388|5.3|5.4|7|8
59.8|71.18|0|388|5.3|5.4|7|8
59.9|71.16|0|388|5.3|5.4|7|8
60|71.18|0|388|5.4|5.3|7|8
60.1|71.17|0|388|5.4|5.4|7|8
60.2|71.16|0|388|5.4|5.4|7|8
60.3|71.17|0|388|5.4|5.4|7|8
60.4|71.18|0|388|5.4|5.4|7|8
60.5|71.17|0|388|5.4|5.4|7|8
60.6|71.2|0|388|5.4|5.4|7|8
60.7|71.2|0|388|5.4|5.4|7|8
60.8|71.18|0|388|5.4|5.4|7|8
60.9|71.18|0|388|5.4|5.4|7|8
61|71.18|0|387|5.4|5.4|7|8
61.1|71.17|0|388|5.4|5.4|7|8
61.2|71.18|0|388|5.4|5.4|7|8
61.3|71.17|0|388|5.4|5.4|7|8
61.4|71.17|0|387|5.4|5.4|7|8
61.5|71.17|0|387|5.4|5.4|7|8
61.6|71.18|0|387|5.4|5.4|7|8
61.7|71.18|0|387|5.4|5.4|7|8
61.8|71.17|0|387|5.4|5.4|7|8
61.9|71.17|0|388|5.4|5.4|7|8
62|71.17|0|388|5.4|5.4|7|8
62.1|71.17|0|388|5.4|5.4|7|8
62.2|71.17|0|387|5.4|5.4|7|8
62.3|71.18|0|388|5.4|5.4|7|8
62.4|71.17|0|388|5.4|5.4|7|8
62.5|71.21|0|388|5.4|5.4|7|8
62.6|71.16|0|388|5.4|5.4|7|8
62.7|71.14|0|388|5.4|5.4|7|8
62.8|71.13|0|388|5.4|5.4|7|8
62.9|71.16|0|388|5.4|5.4|7|8
63|71.2|0|388|5.4|5.4|7|8
63.1|71.16|0|388|5.4|5.4|7|8
63.2|71.14|0|387|5.4|5.4|7|8
63.3|71.16|0|387|5.4|5.4|7|8
63.4|71.18|0|387|5.4|5.4|7|8
63.5|71.17|0|387|5.4|5.4|7|8
63.6|71.16|0|387|5.4|5.4|7|8
63.7|71.16|0|388|5.4|5.4|7|8
63.8|71.17|0|388|5.4|5.4|7|8
63.9|71.18|0|387|5.4|5.4|7|8
64|71.14|0|387|5.4|5.4|7|8
64.1|71.13|0|387|5.4|5.4|7|8
64.2|71.16|0|387|5.4|5.4|7|8
64.3|71.17|0|387|5.4|5.4|7|8
64.4|71.17|0|387|5.4|5.4|7|8
64.5|71.18|0|387|5.4|5.4|7|8
64.6|71.16|0|387|5.4|5.4|7|8
64.7|71.16|0|387|5.4|5.4|7|8
64.8|71.16|0|387|5.4|5.4|7|8
64.9|71.17|0|387|5.4|5.4|7|8
65|71.2|0|387|5.4|5.4|7|8
65.1|71.16|0|387|5.4|5.4|7|8
65.2|71.13|0|387|5.4|5.4|7|8
65.3|71.17|0|388|5.4|5.4|7|8
65.4|71.2|0|388|5.4|5.4|7|8
65.5|71.16|0|388|5.4|5.4|7|8
65.6|71.14|0|394|5.4|5.4|7|8
65.7|71.16|0|397|5.4|5.4|7|8
65.8|71.17|0|398|5.4|5.4|7|8
65.9|71.18|0|398|5.4|5.4|7|8
66|71.17|0|398|5.4|5.4|7|8
66.1|71.16|0|398|5.4|5.4|7|8
66.2|71.14|0|398|5.4|5.4|7|8
66.3|71.16|0|398|5.4|5.4|7|8
66.4|71.14|0|398|5.4|5.4|7|8
66.5|71.16|0|398|5.4|5.4|7|8
66.6|71.16|0|398|5.4|5.4|7|8
66.7|71.17|0|398|5.4|5.4|7|8
66.8|71.2|0|398|5.4|5.4|7|8
66.9|71.16|0|398|5.4|5.4|7|8
67|71.14|0|398|5.4|5.4|7|8
67.1|71.13|0|398|5.4|5.4|7|8
67.2|71.14|0|398|5.4|5.4|7|8
67.3|71.16|0|398|5.4|5.4|7|8
67.4|71.2|0|398|5.4|5.4|7|8
67.5|71.16|0|398|5.4|5.4|7|8
67.6|71.22|0|398|5.4|5.4|8|8
67.7|71.14|0|398|5.3|5.3|8|8
67.8|71.12|0|398|5.3|5.3|8|8
67.9|71.13|0|398|5.3|5.3|8|8
68|71.06|0|398|5.3|5.3|8|8
68.1|71.08|0|398|5.3|5.3|8|8
68.2|71.08|0|398|5.3|5.3|8|8
68.3|71.12|0|398|5.2|5.2|8|8
68.4|71.14|0|398|5.2|5.2|8|8
68.5|71.17|0|398|5.2|5.2|8|8
68.6|71.08|0|398|5.2|5.2|8|8
68.7|71.08|0|398|5.2|5.2|8|8
68.8|71.06|0|398|5.1|5.1|8|8
68.9|71.09|0|398|5.1|5.1|8|8
69|71.08|0|398|5.1|5.1|8|8
69.1|71.1|0|398|5.1|5.1|8|8
69.2|71.09|0|398|5.1|5.1|8|8
69.3|71.16|0|398|5.1|5.1|8|8
69.4|71.12|0|398|5.1|5.1|8|8
69.5|71.12|0|398|5.1|5.1|8|8
69.6|71.26|0|398|5|5|8|8
69.7|73.92|0|398|5|5|8|8
69.8|76.83|0|398|5|5|8|8
69.9|79.79|0|398|5|5|8|8
70|82.66|0|398|5|5|8|8
70.1|85.54|0|398|5|5|8|8
70.2|88.36|0|398|5|5|8|8
70.3|91.22|0|398|5|5|8|8
70.4|93.81|0|398|5|5|8|8
70.5|95.08|0|398|5|5|8|8
70.6|95.65|0|398|5|5|8|8
