0|96.09|1356|386|3.2|3.2|1|8
0.1|96.09|1585|384|3.2|3.2|1|8
0.2|96.09|1613|384|3.2|3.2|1|8
0.3|96.06|1634|383|3.2|3.2|1|8
0.4|96.12|1647|383|3.2|3.2|1|8
0.5|96.1|1657|382|3.2|3.2|3|8
0.6|96.08|1668|382|3.2|3.2|3|8
0.7|96.01|1673|382|3.2|3.2|3|8
0.8|96|1680|382|3.2|3.2|3|8
0.9|96.08|1686|382|3.2|3.2|3|8
1|96.01|1691|382|3.2|3.2|3|8
1.1|96.05|1696|382|3.2|3.2|3|8
1.2|96.08|1701|382|3.2|3.2|3|8
1.3|96.05|1704|382|3.2|3.3|3|8
1.4|96.06|1709|382|3.3|3.3|3|8
1.5|96.08|1711|382|3.3|3.3|3|8
1.6|96.02|1716|382|3.3|3.3|3|8
1.7|96.04|1719|382|3.3|3.3|3|8
1.8|96.08|1719|382|3.3|3.3|3|8
1.9|96.05|1724|382|3.3|3.3|3|8
2|96.06|1724|382|3.3|3.3|3|8
2.1|96.08|1727|382|3.3|3.3|3|8
2.2|96.06|1732|382|3.3|3.3|3|8
2.3|96.08|1732|382|3.3|3.3|3|8
2.4|96.06|1735|382|3.3|3.3|3|8
2.5|96.09|1735|382|3.3|3.3|4|8
2.6|96.21|1735|382|3.3|3.3|4|8
2.7|96.56|1716|382|3.3|3.3|4|8
2.8|96.98|1064|384|3.3|3.3|5|8
2.9|97.31|1005|384|3.4|3.4|5|8
3|97.49|1000|384|3.4|3.4|5|8
3.1|97.55|997|384|3.4|3.4|5|8
3.2|97.63|995|384|3.4|3.4|5|8
3.3|97.67|995|384|3.4|3.4|5|8
3.4|97.69|995|384|3.4|3.4|5|8
3.5|97.66|997|384|3.4|3.4|5|8
3.6|97.66|1000|384|3.4|3.4|5|8
3.7|97.67|1003|385|3.4|3.4|5|8
3.8|97.69|1005|385|3.4|3.4|5|8
3.9|97.69|1005|385|3.4|3.4|5|8
4|97.67|1005|385|3.4|3.4|5|8
4.1|97.66|1005|385|3.4|3.4|5|8
4.2|97.65|1005|385|3.4|3.5|5|8
4.3|97.69|1005|385|3.5|3.5|5|8
4.4|97.67|995|385|3.5|3.5|5|8
4.5|97.69|997|385|3.5|3.5|5|8
4.6|97.67|997|385|3.5|3.5|5|8
4.7|97.69|995|385|3.5|3.5|5|8
4.8|97.73|995|385|3.5|3.5|2|8
4.9|97.57|992|385|3.5|3.5|2|8
5|97.25|992|385|3.5|3.5|2|8
5.1|96.87|992|385|3.5|3.5|2|8
5.2|96.49|1302|385|3.5|3.5|2|8
5.3|96.12|1706|383|3.5|3.5|3|8
5.4|95.82|1737|382|3.5|3.5|3|8
5.5|95.73|1747|382|3.5|3.5|3|8
5.6|95.68|1753|382|3.5|3.5|3|8
5.7|95.55|1758|382|3.5|3.5|3|8
5.8|95.57|1760|382|3.5|3.5|3|8
5.9|95.57|1760|382|3.5|3.6|3|8
6|95.57|1763|382|3.6|3.6|3|8
6.1|95.58|1768|382|3.6|3.6|3|8
6.2|95.61|1768|382|3.6|3.6|3|8
6.3|95.58|1771|382|3.6|3.6|3|8
6.4|95.54|1776|382|3.6|3.6|3|8
6.5|95.55|1784|381|3.6|3.6|3|8
6.6|95.55|1789|381|3.6|3.6|3|8
6.7|95.57|1791|381|3.6|3.6|3|8
6.8|95.58|1791|381|3.6|3.6|3|8
6.9|95.53|1794|381|3.6|3.6|3|8
7|95.55|1796|381|3.6|3.6|3|8
7.1|95.57|1796|381|3.6|3.6|3|8
7.2|95.55|1799|381|3.6|3.6|3|8
7.3|95.58|1802|381|3.6|3.6|4|8
7.4|95.7|1799|381|3.6|3.6|4|8
7.5|96.08|1786|381|3.6|3.6|4|8
7.6|96.44|1735|382|3.6|3.6|4|8
7.7|96.95|1031|384|3.6|3.6|5|8
7.8|97.29|1003|384|3.7|3.7|5|8
7.9|97.42|1000|384|3.7|3.7|5|8
8|97.45|1000|384|3.7|3.7|5|8
8.1|97.47|997|385|3.7|3.7|5|8
8.2|97.53|997|385|3.7|3.7|5|8
8.3|97.51|997|385|3.7|3.7|5|8
8.4|97.53|997|385|3.7|3.7|5|8
8.5|97.54|997|385|3.7|3.7|5|8
8.6|97.53|997|385|3.7|3.7|5|8
8.7|97.54|1005|387|3.7|3.7|5|8
8.8|97.54|1005|388|3.7|3.7|5|8
8.9|97.5|1005|388|3.7|3.7|5|8
9|97.49|1005|388|3.7|3.7|5|8
9.1|97.5|1005|388|3.7|3.7|5|8
9.2|97.5|1003|388|3.7|3.7|5|8
9.3|97.51|1003|388|3.7|3.7|5|8
9.4|97.54|1003|388|3.8|3.8|5|8
9.5|97.55|1003|388|3.8|3.8|5|8
9.6|97.55|1005|388|3.8|3.8|5|8
9.7|97.54|1005|388|3.8|3.8|2|8
9.8|97.38|1005|388|3.8|3.8|2|8
9.9|97.02|1005|388|3.8|3.8|2|8
10|96.67|1003|388|3.8|3.8|2|8
10.1|96.19|1582|388|3.8|3.8|3|8
10.2|95.81|1755|386|3.8|3.8|3|8
10.3|95.7|1781|385|3.8|3.8|3|8
10.4|95.59|1796|384|3.8|3.8|3|8
10.5|95.55|1807|384|3.8|3.8|3|8
10.6|95.43|1812|384|3.8|3.8|3|8
10.7|95.46|1817|384|3.8|3.8|3|8
10.8|95.46|1820|384|3.8|3.8|3|8
10.9|95.49|1825|384|3.8|3.8|3|8
11|95.47|1827|384|3.8|3.8|3|8
11.1|95.46|1830|384|3.8|3.8|3|8
11.2|95.46|1830|384|3.8|3.9|3|8
11.3|95.47|1832|384|3.9|3.9|3|8
11.4|95.47|1835|384|3.9|3.9|3|8
11.5|95.45|1835|384|3.9|3.9|3|8
11.6|95.46|1838|384|3.9|3.9|3|8
11.7|95.46|1838|384|3.9|3.9|3|8
11.8|95.47|1838|384|3.9|3.9|3|8
11.9|95.43|1840|384|3.9|3.9|3|8
12|95.46|1840|384|3.9|3.9|3|8
12.1|95.45|1843|384|3.9|3.9|4|8
12.2|95.5|1843|384|3.9|3.9|4|8
12.3|95.7|1838|384|3.9|3.9|4|8
12.4|96.08|1812|384|3.9|3.9|4|8
12.5|96.53|1490|385|3.9|3.9|4|8
12.6|96.98|1026|386|3.9|3.9|5|8
12.7|97.23|1018|388|3.9|3.9|5|8
12.8|97.3|1015|388|3.9|3.9|5|8
12.9|97.39|1015|388|3.9|3.9|5|8
13|97.41|1013|388|4|4|5|8
13.1|97.41|1013|388|4|4|5|8
13.2|97.43|1013|388|4|4|5|8
13.3|97.43|1013|388|4|4|5|8
13.4|97.5|1013|388|4|4|5|8
13.5|97.42|1013|388|4|4|5|8
13.6|97.37|1010|388|4|4|5|8
13.7|97.41|1010|388|4|4|5|8
13.8|97.42|1010|388|4|4|5|8
13.9|97.45|1013|388|4|4|5|8
14|97.47|1013|388|4|4|5|8
14.1|97.41|1010|388|4|4|5|8
14.2|97.39|1010|387|4|4|5|8
14.3|97.41|1008|386|4|4|5|8
14.4|97.42|1010|386|4|4|5|8
14.5|97.43|1010|387|4|4|5|8
14.6|97.43|1010|387|4|4|2|8
14.7|97.15|1010|387|4|4|2|8
14.8|96.79|1010|387|4|4|2|8
14.9|96.4|1157|387|4|4|2|8
15|95.97|1727|386|4|4|3|8
15.1|95.74|1786|384|4|4|3|8
15.2|95.62|1804|384|4|4|3|8
15.3|95.55|1814|383|4|4|3|8
15.4|95.49|1822|383|4.1|4.1|3|8
15.5|95.47|1825|383|4.1|4.1|3|8
15.6|95.43|1830|382|4.1|4.1|3|8
15.7|95.45|1832|382|4.1|4.1|3|8
15.8|95.46|1835|382|4.1|4.1|3|8
15.9|95.46|1838|382|4.1|4.1|3|8
16|95.46|1843|382|4.1|4.1|3|8
16.1|95.45|1845|382|4.1|4.1|3|8
16.2|95.47|1845|382|4.1|4.1|3|8
16.3|95.47|1851|382|4.1|4.1|3|8
16.4|95.46|1851|382|4.1|4.1|3|8
16.5|95.45|1853|382|4.1|4.1|3|8
16.6|95.43|1853|382|4.1|4.1|3|8
16.7|95.46|1856|382|4.1|4.1|3|8
16.8|95.46|1853|382|4.1|4.1|3|8
16.9|95.46|1856|382|4.1|4.1|3|8
17|95.43|1858|382|4.1|4.1|4|8
17.1|95.59|1856|382|4.1|4.1|4|8
17.2|95.89|1840|382|4.1|4.1|4|8
17.3|96.31|1786|382|4.1|4.1|4|8
17.4|96.8|1320|384|4.2|4.2|5|8
17.5|97.25|1023|386|4.2|4.2|5|8
17.6|97.45|1018|386|4.2|4.2|5|8
17.7|97.49|1015|386|4.2|4.2|5|8
17.8|97.5|1015|386|4.2|4.2|5|8
17.9|97.55|1015|387|4.2|4.2|5|8
18|97.53|1013|387|4.2|4.2|5|8
18.1|97.58|1013|387|4.2|4.2|5|8
18.2|97.58|1013|387|4.2|4.2|5|8
18.3|97.57|1013|387|4.2|4.2|5|8
18.4|97.57|1013|387|4.2|4.2|5|8
18.5|97.58|1010|386|4.2|4.2|5|8
18.6|97.59|1013|386|4.2|4.2|5|8
18.7|97.58|1018|388|4.2|4.2|5|8
18.8|97.55|1018|388|4.2|4.2|5|8
18.9|97.53|1018|389|4.2|4.2|5|8
19|97.55|1018|389|4.2|4.2|5|8
19.1|97.53|1018|389|4.2|4.2|5|8
19.2|97.57|1018|389|4.2|4.2|5|8
19.3|97.59|1018|389|4.2|4.2|5|8
19.4|97.58|1018|389|4.2|4.2|2|8
19.5|97.54|1018|389|4.2|4.2|2|8
19.6|97.2|1018|389|4.2|4.2|2|8
19.7|96.84|1018|389|4.2|4.2|2|8
19.8|96.45|1325|389|4.2|4.2|2|8
19.9|96.01|1735|388|4.2|4.2|3|8
20|95.77|1799|386|4.2|4.2|3|8
20.1|95.69|1822|386|4.2|4.2|3|8
20.2|95.61|1835|386|4.2|4.2|3|8
20.3|95.55|1840|386|4.2|4.2|3|8
20.4|95.51|1848|386|4.2|4.2|3|8
20.5|95.5|1853|386|4.2|4.2|3|8
20.6|95.55|1856|386|4.2|4.2|3|8
20.7|95.54|1861|386|4.2|4.2|3|8
20.8|95.55|1863|386|4.2|4.2|3|8
20.9|95.53|1866|386|4.2|4.2|3|8
21|95.51|1871|386|4.2|4.2|3|8
21.1|95.53|1874|386|4.3|4.2|3|8
21.2|95.54|1876|386|4.3|4.3|3|8
21.3|95.54|1876|386|4.3|4.3|3|8
21.4|95.54|1879|386|4.3|4.3|3|8
21.5|95.53|1881|386|4.3|4.3|3|8
21.6|95.53|1881|386|4.3|4.3|3|8
21.7|95.54|1881|386|4.3|4.3|3|8
21.8|95.55|1884|386|4.3|4.3|3|8
21.9|95.53|1884|386|4.3|4.3|4|8
22|95.69|1884|386|4.3|4.3|4|8
22.1|96.06|1861|386|4.3|4.3|4|8
22.2|96.45|1789|386|4.3|4.3|4|8
22.3|96.98|1134|388|4.3|4.3|5|8
22.4|97.33|1034|388|4.3|4.3|5|8
22.5|97.5|1031|389|4.3|4.3|5|8
22.6|97.54|1028|389|4.3|4.3|5|8
22.7|97.55|1028|389|4.3|4.3|5|8
22.8|97.59|1028|390|4.3|4.3|5|8
22.9|97.65|1026|389|4.3|4.3|5|8
23|97.65|1026|389|4.3|4.3|5|8
23.1|97.61|1026|389|4.3|4.3|5|8
23.2|97.57|1021|388|4.3|4.3|5|8
23.3|97.61|1023|388|4.3|4.3|5|8
23.4|97.62|1028|388|4.3|4.3|5|8
23.5|97.63|1034|388|4.3|4.3|5|8
23.6|97.63|1028|388|4.3|4.3|5|8
23.7|97.58|1031|388|4.3|4.3|5|8
23.8|97.61|1028|388|4.3|4.3|5|8
23.9|97.63|1026|388|4.3|4.3|5|8
24|97.65|1026|388|4.3|4.3|5|8
24.1|97.65|1031|388|4.3|4.3|5|8
24.2|97.57|1028|388|4.3|4.3|5|8
24.3|97.61|1031|388|4.3|4.3|2|8
24.4|97.57|1031|388|4.3|4.3|2|8
24.5|97.19|1034|388|4.3|4.3|2|8
24.6|96.8|1034|388|4.3|4.3|2|8
24.7|96.4|1307|388|4.3|4.3|2|8
24.8|95.96|1760|387|4.3|4.3|3|8
24.9|95.77|1822|386|4.3|4.3|3|8
25|95.69|1838|385|4.3|4.3|3|8
25.1|95.61|1848|384|4.3|4.3|3|8
25.2|95.53|1856|384|4.3|4.3|3|8
25.3|95.5|1861|384|4.3|4.3|3|8
25.4|95.54|1866|384|4.3|4.3|3|8
25.5|95.55|1871|384|4.3|4.3|3|8
25.6|95.54|1876|384|4.3|4.3|3|8
25.7|95.51|1879|384|4.3|4.3|3|8
25.8|95.51|1881|384|4.3|4.3|3|8
25.9|95.55|1884|384|4.3|4.3|3|8
26|95.54|1889|384|4.3|4.3|3|8
26.1|95.54|1889|384|4.4|4.3|3|8
26.2|95.51|1892|384|4.4|4.4|3|8
26.3|95.51|1892|384|4.4|4.4|3|8
26.4|95.55|1894|384|4.4|4.4|3|8
26.5|95.54|1894|384|4.4|4.4|3|8
26.6|95.51|1897|384|4.4|4.4|3|8
26.7|95.53|1897|384|4.4|4.4|3|8
26.8|95.57|1897|384|4.4|4.4|4|8
26.9|95.7|1894|384|4.4|4.4|4|8
27|96.09|1866|384|4.4|4.4|4|8
27.1|96.53|1655|385|4.4|4.4|4|8
27.2|97|1067|387|4.4|4.4|5|8
27.3|97.26|1036|388|4.4|4.4|5|8
27.4|97.29|1034|388|4.4|4.4|5|8
27.5|97.42|1034|388|4.4|4.4|5|8
27.6|97.46|1031|388|4.4|4.4|5|8
27.7|97.41|1034|388|4.4|4.4|5|8
27.8|97.35|1031|388|4.4|4.4|5|8
27.9|97.43|1031|388|4.4|4.4|5|8
28|97.43|1031|388|4.4|4.4|5|8
28.1|97.38|1034|388|4.4|4.4|5|8
28.2|97.43|1034|388|4.4|4.4|5|8
28.3|97.46|1034|388|4.4|4.4|5|8
28.4|97.41|1036|388|4.4|4.4|5|8
28.5|97.42|1034|388|4.4|4.4|5|8
28.6|97.45|1034|388|4.4|4.4|5|8
28.7|97.41|1039|390|4.4|4.4|5|8
28.8|97.39|1036|390|4.4|4.4|5|8
28.9|97.47|1036|390|4.4|4.4|5|8
29|97.39|1036|390|4.4|4.4|5|8
29.1|97.43|1039|390|4.4|4.4|5|8
29.2|97.39|1039|390|4.4|4.4|2|8
29.3|97.15|1039|390|4.4|4.4|2|8
29.4|96.8|1039|390|4.4|4.4|2|8
29.5|96.41|1232|390|4.4|4.4|2|8
29.6|95.94|1760|388|4.4|4.4|3|8
29.7|95.72|1843|387|4.4|4.4|3|8
29.8|95.57|1866|386|4.4|4.4|3|8
29.9|95.49|1876|386|4.4|4.4|3|8
30|95.46|1887|386|4.4|4.4|3|8
30.1|95.45|1894|386|4.4|4.4|3|8
30.2|95.43|1899|386|4.4|4.4|3|8
30.3|95.45|1902|386|4.4|4.4|3|8
30.4|95.43|1907|386|4.4|4.4|3|8
30.5|95.47|1910|386|4.4|4.4|3|8
30.6|95.49|1912|386|4.4|4.4|3|8
30.7|95.46|1915|386|4.4|4.4|3|8
30.8|95.45|1918|386|4.4|4.4|3|8
30.9|95.45|1918|386|4.4|4.4|3|8
31|95.41|1920|386|4.4|4.4|3|8
31.1|95.41|1923|386|4.4|4.4|3|8
31.2|95.42|1923|386|4.4|4.4|3|8
31.3|95.43|1925|386|4.4|4.4|3|8
31.4|95.42|1925|386|4.4|4.4|3|8
31.5|95.45|1925|386|4.4|4.4|3|8
31.6|95.43|1928|386|4.4|4.4|4|8
31.7|95.49|1925|386|4.4|4.4|4|8
31.8|95.81|1910|386|4.4|4.4|4|8
31.9|96.35|1521|387|4.4|4.4|4|8
32|96.72|1052|389|4.4|4.4|5|8
32.1|96.92|1044|390|4.4|4.4|5|8
32.2|97.06|1041|390|4.4|4.4|5|8
32.3|97.08|1039|390|4.4|4.4|5|8
32.4|97.07|1044|390|4.4|4.4|5|8
32.5|97.12|1049|390|4.4|4.4|5|8
32.6|97.12|1052|390|4.4|4.4|5|8
32.7|97.14|1052|390|4.4|4.4|5|8
32.8|97.1|1052|390|4.4|4.4|5|8
32.9|97.12|1054|390|4.4|4.4|5|8
33|97.16|1054|390|4.4|4.4|5|8
33.1|97.08|1054|390|4.4|4.4|5|8
33.2|97.14|1054|390|4.4|4.4|5|8
33.3|97.11|1044|390|4.4|4.4|5|8
33.4|97.1|1039|390|4.4|4.4|5|8
33.5|97.14|1039|390|4.4|4.4|5|8
33.6|97.14|1039|390|4.4|4.4|5|8
33.7|97.08|1041|390|4.4|4.4|5|8
33.8|97.14|1039|390|4.4|4.4|5|8
33.9|97.14|1041|390|4.4|4.4|5|8
34|97.12|1046|390|4.4|4.4|2|8
34.1|96.87|1052|390|4.4|4.4|2|8
34.2|96.49|1054|390|4.4|4.4|2|8
34.3|96.04|1448|390|4.4|4.4|2|8
34.4|95.68|1835|388|4.4|4.4|3|8
34.5|95.49|1876|386|4.4|4.4|3|8
34.6|95.45|1894|386|4.4|4.4|3|8
34.7|95.34|1905|386|4.4|4.4|3|8
34.8|95.3|1915|386|4.4|4.4|3|8
34.9|95.31|1923|386|4.4|4.4|3|8
35|95.3|1925|386|4.4|4.4|3|8
35.1|95.25|1930|386|4.4|4.4|3|8
35.2|95.29|1933|386|4.4|4.4|3|8
35.3|95.27|1933|386|4.4|4.4|3|8
35.4|95.29|1933|386|4.4|4.4|3|8
35.5|95.3|1936|386|4.4|4.4|3|8
35.6|95.27|1936|386|4.4|4.4|3|8
35.7|95.3|1936|386|4.4|4.4|3|8
35.8|95.3|1938|386|4.4|4.4|3|8
35.9|95.29|1938|386|4.4|4.4|3|8
36|95.31|1938|386|4.4|4.4|3|8
36.1|95.29|1938|386|4.4|4.4|3|8
36.2|95.23|1941|386|4.4|4.4|3|8
36.3|95.29|1941|386|4.4|4.4|3|8
36.4|95.3|1941|386|4.4|4.4|4|8
36.5|95.46|1941|386|4.4|4.4|4|8
36.6|95.84|1905|386|4.4|4.4|4|8
36.7|96.37|1168|388|4.4|4.4|2|8
36.8|96.59|1054|389|4.4|4.4|2|8
36.9|96.61|1049|390|4.4|4.4|2|8
37|96.53|1049|390|4.4|4.4|2|8
37.1|96.49|1046|390|4.4|4.4|2|8
37.2|96.51|1046|390|4.4|4.4|2|8
37.3|96.37|1046|390|4.4|4.4|2|8
37.4|96.33|1049|390|4.4|4.4|2|8
37.5|96.24|1052|390|4.4|4.4|2|8
37.6|96.21|1054|390|4.4|4.4|2|8
37.7|96.12|1116|390|4.4|4.4|2|8
37.8|96.14|1147|390|4.4|4.4|2|8
37.9|96.02|1240|390|4.4|4.4|2|8
38|95.93|1157|390|4.4|4.4|2|8
38.1|95.89|1255|390|4.4|4.4|2|8
38.2|95.84|1737|389|4.4|4.4|2|8
38.3|95.85|1802|388|4.4|4.4|2|8
38.4|96.02|1791|388|4.4|4.4|2|8
38.5|96.1|1719|388|4.4|4.4|2|8
38.6|96.4|1082|386|4.4|4.4|2|8
38.7|96.41|1031|380|4.4|4.4|2|8
38.8|96.39|1031|377|4.4|4.4|2|8
38.9|96.43|1026|376|4.4|4.4|2|8
39|96.33|1023|376|4.4|4.4|2|8
39.1|96.24|1023|376|4.4|4.4|2|8
39.2|96.2|1026|376|4.4|4.4|2|8
39.3|96.12|1111|377|4.4|4.4|2|8
39.4|96.14|1327|378|4.4|4.4|2|8
39.5|96.04|1142|378|4.4|4.4|2|8
39.6|95.89|1430|378|4.4|4.4|2|8
39.7|95.93|1124|378|4.4|4.4|2|8
39.8|95.85|1446|378|4.4|4.4|2|8
39.9|95.72|1479|378|4.4|4.4|2|8
40|95.86|1044|378|4.4|4.4|2|8
40.1|95.88|1057|380|4.4|4.4|2|8
40.2|95.73|1245|380|4.4|4.4|2|8
40.3|95.74|1572|378|4.4|4.4|2|8
40.4|95.76|1647|378|4.4|4.4|2|8
40.5|95.86|1665|377|4.4|4.4|2|8
40.6|96.1|1675|377|4.4|4.4|2|8
40.7|96.23|1595|376|4.4|4.4|2|8
40.8|96.39|1052|378|4.4|4.4|2|8
40.9|96.41|1026|378|4.4|4.4|2|8
41|96.44|1023|379|4.4|4.4|2|8
41.1|96.49|1021|380|4.4|4.4|2|8
41.2|96.49|1018|380|4.4|4.4|2|8
41.3|96.35|1021|380|4.4|4.4|2|8
41.4|96.27|1049|380|4.4|4.4|2|8
41.5|96.17|1064|380|4.4|4.4|2|8
41.6|96.13|1026|380|4.4|4.4|2|8
41.7|96.14|1072|380|4.4|4.4|2|8
41.8|96.02|1134|380|4.4|4.4|2|8
41.9|95.88|1052|380|4.4|4.4|2|8
42|95.9|1018|381|4.4|4.4|2|8
42.1|95.86|1186|381|4.4|4.4|2|8
42.2|95.74|1108|381|4.4|4.4|2|8
42.3|95.78|1219|381|4.4|4.4|2|8
42.4|95.66|1322|380|4.4|4.4|2|8
42.5|95.58|1291|380|4.4|4.4|2|8
42.6|95.53|1204|381|4.4|4.4|2|8
42.7|95.46|1304|380|4.4|4.4|2|8
42.8|95.37|1363|381|4.4|4.4|2|8
42.9|95.33|1420|380|4.4|4.4|2|8
43|95.23|1332|380|4.4|4.4|2|8
43.1|95.17|1253|380|4.4|4.4|2|8
43.2|95.14|1384|380|4.4|4.4|2|8
43.3|95.04|1410|380|4.4|4.4|2|8
43.4|94.94|1487|380|4.4|4.4|2|8
43.5|94.87|1508|380|4.4|4.4|2|8
43.6|94.8|1072|380|4.4|4.4|2|8
43.7|94.87|1046|382|4.4|4.4|2|8
43.8|94.83|1430|382|4.4|4.4|2|8
43.9|94.75|1309|382|4.4|4.4|2|8
44|94.67|1119|382|4.4|4.4|2|8
44.1|94.76|1250|382|4.4|4.4|2|8
44.2|94.6|1412|382|4.4|4.4|2|8
44.3|94.52|1415|382|4.4|4.4|2|8
44.4|94.52|1147|384|4.4|4.4|2|8
44.5|94.36|1322|384|4.4|4.4|2|8
44.6|94.44|1284|386|4.4|4.4|2|8
44.7|94.29|1216|386|4.4|4.4|2|8
44.8|94.25|1098|388|4.4|4.4|2|8
44.9|94.17|1332|389|4.4|4.4|2|8
45|94.02|1204|392|4.4|4.4|2|8
45.1|93.97|1157|394|4.4|4.4|2|8
45.2|93.96|1332|394|4.4|4.4|2|8
45.3|93.89|1191|396|4.4|4.4|2|8
45.4|93.86|1245|397|4.4|4.4|2|8
45.5|93.66|1374|398|4.4|4.4|2|8
45.6|93.65|1113|398|4.4|4.4|2|8
45.7|93.55|1216|399|4.4|4.4|2|8
45.8|93.53|1260|399|4.4|4.4|2|8
45.9|93.43|1222|399|4.4|4.4|2|8
46|93.38|1152|401|4.4|4.4|2|8
46.1|93.21|1108|401|4.4|4.4|2|8
46.2|93.26|1067|401|4.4|4.4|2|8
46.3|93.15|1147|400|4.4|4.5|2|8
46.4|93.04|1170|400|4.5|4.4|2|8
46.5|92.95|1137|400|4.5|4.5|2|8
46.6|92.87|1330|401|4.5|4.5|2|8
46.7|92.75|1240|401|4.5|4.5|2|8
46.8|92.7|1206|401|4.5|4.5|2|8
46.9|92.66|1168|402|4.5|4.5|2|8
47|92.56|1260|402|4.5|4.5|2|8
47.1|92.4|1188|404|4.5|4.5|2|8
47.2|92.4|1183|404|4.4|4.5|2|8
47.3|92.21|1204|405|4.5|4.5|2|8
47.4|92.13|1028|407|4.5|4.5|2|8
47.5|92.07|1325|405|4.5|4.5|2|8
47.6|92.02|1232|405|4.5|4.5|2|8
47.7|91.92|1229|405|4.5|4.5|2|8
47.8|91.82|1211|405|4.5|4.5|2|8
47.9|91.7|1196|405|4.5|4.5|2|8
48|91.62|1157|406|4.5|4.5|2|8
48.1|91.58|1314|406|4.5|4.5|2|8
48.2|91.39|1232|407|4.5|4.5|2|8
48.3|91.31|1245|409|4.5|4.5|2|8
48.4|91.23|1222|410|4.5|4.5|2|8
48.5|91.1|1253|409|4.5|4.5|2|8
48.6|91.02|1160|411|4.5|4.5|2|8
48.7|90.91|1196|411|4.4|4.5|2|8
48.8|90.79|1216|410|4.5|4.5|2|8
48.9|90.63|1188|409|4.5|4.5|2|8
49|90.59|1188|410|4.5|4.5|2|8
49.1|90.45|1240|408|4.5|4.5|2|8
49.2|90.37|1211|409|4.5|4.5|2|8
49.3|90.28|1108|411|4.5|4.5|2|8
49.4|90.11|1356|411|4.5|4.5|2|8
49.5|90.01|1147|412|4.5|4.5|2|8
49.6|89.9|1299|413|4.5|4.5|2|8
49.7|89.77|1144|414|4.5|4.5|2|8
49.8|89.7|1095|415|4.5|4.5|2|8
49.9|89.53|1137|415|4.5|4.5|2|8
50|89.43|1173|415|4.5|4.5|2|8
50.1|89.27|1191|415|4.5|4.5|2|8
50.2|89.15|1343|414|4.5|4.5|2|8
50.3|89.06|1224|414|4.5|4.5|2|8
50.4|88.92|1353|416|4.5|4.5|2|8
50.5|88.82|1289|416|4.5|4.5|2|8
50.6|88.66|1113|416|4.5|4.5|2|8
50.7|88.54|1232|417|4.5|4.5|2|8
50.8|88.37|1247|418|4.5|4.5|2|8
50.9|88.27|1371|417|4.5|4.5|2|8
51|88.09|1312|418|4.5|4.5|2|8
51.1|88.01|1216|418|4.5|4.5|2|8
51.2|87.82|1240|418|4.5|4.5|2|8
51.3|87.66|1358|417|4.5|4.5|2|8
51.4|87.56|1242|418|4.5|4.5|2|8
51.5|87.42|1198|418|4.5|4.5|2|8
51.6|87.25|1165|419|4.5|4.5|2|8
51.7|87.06|1332|418|4.5|4.5|2|8
51.8|86.98|1258|418|4.5|4.5|2|8
51.9|86.8|1237|419|4.5|4.5|2|8
52|86.64|1351|419|4.5|4.5|2|8
52.1|86.51|1286|419|4.5|4.5|2|8
52.2|86.29|1253|420|4.5|4.5|2|8
52.3|86.19|1322|420|4.5|4.5|2|8
52.4|86.04|1397|420|4.5|4.5|2|8
52.5|85.89|1317|419|4.5|4.5|2|8
52.6|85.69|1265|419|4.5|4.5|2|8
52.7|85.48|1193|420|4.5|4.5|2|8
52.8|85.34|1358|419|4.5|4.5|2|8
52.9|85.17|1392|418|4.5|4.5|2|8
53|84.99|1340|420|4.5|4.5|2|8
53.1|84.82|1204|420|4.5|4.5|2|8
53.2|84.63|1253|420|4.5|4.5|2|8
53.3|84.39|1281|420|4.5|4.5|2|8
53.4|84.28|1271|420|4.5|4.5|2|8
53.5|84.13|1237|420|4.5|4.5|2|8
53.6|83.91|1240|420|4.5|4.5|2|8
53.7|83.73|1255|420|4.5|4.5|2|8
53.8|83.53|1281|420|4.5|4.5|2|8
53.9|83.32|1327|419|4.5|4.5|2|8
54|83.15|1196|420|4.5|4.5|2|8
54.1|82.6|1706|419|4.5|4.5|6|8
54.2|80.47|1879|416|4.5|4.5|6|8
54.3|78.04|456|419|4.5|4.5|6|8
54.4|75.85|0|429|4.5|4.5|7|8
54.5|74.24|0|432|4.5|4.5|7|8
54.6|73.34|0|432|4.5|4.5|7|8
54.7|72.78|0|432|4.5|4.5|7|8
54.8|72.55|0|432|4.5|4.5|7|8
54.9|72.45|0|432|4.5|4.5|7|8
55|72.36|0|432|4.5|4.5|7|8
55.1|72.31|0|432|4.5|4.5|7|8
55.2|72.26|0|432|4.5|4.5|7|8
55.3|72.26|0|432|4.5|4.5|7|8
55.4|72.26|0|432|4.5|4.5|7|8
55.5|72.24|0|432|4.5|4.5|7|8
55.6|72.24|0|432|4.5|4.5|7|8
55.7|72.24|0|432|4.5|4.5|7|8
55.8|72.24|0|432|4.5|4.5|7|8
55.9|72.23|0|432|4.5|4.5|7|8
56|72.22|0|432|4.5|4.5|7|8
56.1|72.23|0|432|4.5|4.5|7|8
56.2|72.23|0|432|4.5|4.5|7|8
56.3|72.22|0|432|4.5|4.5|7|8
56.4|72.23|0|432|4.5|4.5|7|8
56.5|72.22|0|432|4.5|4.5|7|8
56.6|72.22|0|432|4.5|4.5|7|8
56.7|72.2|0|432|4.5|4.5|7|8
56.8|72.22|0|432|4.5|4.5|7|8
56.9|72.22|0|432|4.5|4.5|7|8
57|72.22|0|432|4.5|4.5|7|8
57.1|72.2|0|431|4.5|4.5|7|8
57.2|72.22|0|431|4.5|4.5|7|8
57.3|72.22|0|430|4.5|4.5|7|8
57.4|72.2|0|430|4.5|4.5|7|8
57.5|72.2|0|430|4.5|4.5|7|8
57.6|72.22|0|430|4.5|4.5|7|8
57.7|72.23|0|430|4.5|4.5|7|8
57.8|72.23|0|430|4.5|4.5|7|8
57.9|72.27|0|430|4.5|4.5|7|8
58|72.15|0|430|4.5|4.5|7|8
58.1|72.2|0|430|4.5|4.5|7|8
58.2|72.2|0|430|4.5|4.5|7|8
58.3|72.2|0|430|4.5|4.5|7|8
58.4|72.2|0|430|4.5|4.5|7|8
58.5|72.2|0|430|4.5|4.5|7|8
58.6|72.2|0|430|4.5|4.5|7|8
58.7|72.2|0|440|4.5|4.5|7|8
58.8|72.19|0|446|4.5|4.5|7|8
58.9|72.2|0|448|4.5|4.5|7|8
59|72.2|0|450|4.5|4.5|7|8
59.1|72.19|0|450|4.5|4.5|7|8
59.2|72.19|0|450|4.5|4.5|7|8
59.3|72.2|0|450|4.5|4.5|7|8
59.4|72.19|0|450|4.5|4.5|7|8
59.5|72.19|0|450|4.5|4.5|7|8
59.6|72.2|0|450|4.5|4.5|7|8
59.7|72.19|0|450|4.5|4.5|7|8
59.8|72.19|0|450|4.5|4.5|7|8
59.9|72.19|0|450|4.5|4.5|7|8
60|72.19|0|450|4.5|4.5|7|8
60.1|72.19|0|450|4.5|4.5|7|8
60.2|72.19|0|450|4.5|4.5|7|8
60.3|72.19|0|450|4.5|4.5|7|8
60.4|72.19|0|450|4.5|4.5|7|8
60.5|72.19|0|450|4.5|4.5|7|8
60.6|72.19|0|450|4.5|4.5|7|8
60.7|72.19|0|450|4.5|4.5|7|8
60.8|72.19|0|450|4.5|4.5|7|8
60.9|72.19|0|450|4.5|4.5|7|8
61|72.18|0|450|4.5|4.5|7|8
61.1|72.19|0|450|4.5|4.5|7|8
61.2|72.19|0|450|4.5|4.5|7|8
61.3|72.18|0|450|4.5|4.5|7|8
61.4|72.19|0|450|4.5|4.5|7|8
61.5|72.19|0|450|4.5|4.5|7|8
61.6|72.19|0|450|4.5|4.5|7|8
61.7|72.19|0|450|4.5|4.5|7|8
61.8|72.18|0|450|4.5|4.5|7|8
61.9|72.19|0|450|4.5|4.5|7|8
62|72.19|0|450|4.5|4.5|7|8
62.1|72.19|0|449|4.5|4.5|7|8
62.2|72.18|0|450|4.5|4.5|7|8
62.3|72.19|0|450|4.5|4.5|7|8
62.4|72.18|0|450|4.5|4.5|7|8
62.5|72.19|0|449|4.5|4.5|7|8
62.6|72.18|0|449|4.5|4.5|7|8
62.7|72.18|0|449|4.5|4.5|7|8
62.8|72.18|0|449|4.5|4.5|7|8
62.9|72.16|0|449|4.5|4.5|7|8
63|72.16|0|449|4.5|4.5|7|8
63.1|72.18|0|449|4.5|4.5|7|8
63.2|72.18|0|448|4.5|4.5|7|8
63.3|72.16|0|448|4.5|4.5|7|8
63.4|72.18|0|448|4.5|4.5|7|8
63.5|72.18|0|448|4.5|4.5|7|8
63.6|72.18|0|449|4.5|4.5|7|8
63.7|72.18|0|448|4.5|4.5|7|8
63.8|72.18|0|449|4.5|4.5|7|8
63.9|72.18|0|448|4.5|4.5|7|8
64|72.18|0|448|4.5|4.5|7|8
64.1|72.18|0|448|4.5|4.5|7|8
64.2|72.18|0|448|4.5|4.5|7|8
64.3|72.18|0|448|4.5|4.5|7|8
64.4|72.18|0|448|4.5|4.5|7|8
64.5|72.18|0|448|4.5|4.5|7|8
64.6|72.18|0|448|4.5|4.5|7|8
64.7|72.18|0|448|4.5|4.5|7|8
64.8|72.18|0|446|4.5|4.5|7|8
64.9|72.18|0|444|4.5|4.5|7|8
65|72.18|0|443|4.5|4.5|7|8
65.1|72.18|0|443|4.5|4.5|7|8
65.2|72.18|0|443|4.5|4.5|7|8
65.3|72.16|0|443|4.5|4.5|7|8
65.4|72.16|0|443|4.5|4.5|7|8
65.5|72.18|0|443|4.5|4.5|7|8
65.6|72.18|0|443|4.5|4.5|7|8
65.7|72.18|0|443|4.5|4.5|7|8
65.8|72.18|0|443|4.5|4.5|7|8
65.9|72.18|0|443|4.5|4.5|7|8
66|72.16|0|443|4.5|4.5|7|8
66.1|72.16|0|443|4.5|4.5|7|8
66.2|72.18|0|442|4.5|4.5|7|8
66.3|72.18|0|443|4.5|4.5|7|8
66.4|72.16|0|442|4.5|4.5|7|8
66.5|72.16|0|443|4.5|4.5|7|8
66.6|72.16|0|442|4.5|4.5|7|8
66.7|72.16|0|442|4.5|4.5|7|8
66.8|72.18|0|442|4.5|4.5|7|8
66.9|72.16|0|442|4.5|4.5|7|8
67|72.18|0|442|4.5|4.5|7|8
67.1|72.18|0|442|4.5|4.5|7|8
67.2|72.18|0|442|4.5|4.5|7|8
67.3|72.16|0|442|4.5|4.5|7|8
67.4|72.16|0|442|4.5|4.5|8|8
67.5|71.99|0|442|4.5|4.5|8|8
67.6|71.99|0|441|4.5|4.5|8|8
67.7|72.03|0|441|4.5|4.5|8|8
67.8|72.18|0|442|4.5|4.5|8|8
67.9|72.02|0|441|4.5|4.5|8|8
68|72.14|0|441|4.5|4.5|8|8
68.1|72.04|0|441|4.5|4.5|8|8
68.2|72.1|0|441|4.5|4.5|8|8
68.3|72.15|0|441|4.5|4.5|8|8
68.4|72.02|0|441|4.5|4.5|8|8
68.5|72.08|0|441|4.5|4.5|8|8
68.6|72.08|0|440|4.5|4.5|8|8
68.7|72.07|0|458|4.5|4.5|8|8
68.8|72.07|0|471|4.5|4.5|8|8
68.9|72.11|0|476|4.5|4.5|8|8
69|72.12|0|477|4.5|4.5|8|8
69.1|72.12|0|478|4.5|4.5|8|8
69.2|72.14|0|478|4.5|4.5|8|8
69.3|72.07|0|478|4.5|4.5|8|8
69.4|73.72|0|478|4.5|4.4|8|8
69.5|76.7|0|478|4.5|4.5|8|8
69.6|79.72|0|478|4.5|4.5|8|8
69.7|82.68|0|478|4.4|4.4|8|8
69.8|85.66|0|478|4.5|4.4|8|8
69.9|88.6|0|478|4.5|4.4|8|8
70|91.54|0|478|4.5|4.4|8|8
70.1|94.09|0|478|4.5|4.4|8|8
70.2|95.26|0|478|4.5|4.5|8|8
70.3|95.7|0|477|4.5|4.4|8|8
