0|96.06|1258|436|4.9|5|1|8
0.1|96.06|1106|442|5|5|1|8
0.2|96.06|1093|443|5|5|1|8
0.3|96.05|1088|443|5|5|1|8
0.4|96.06|1082|444|5|5|1|8
0.5|96.06|1175|444|5|5|2|8
0.6|95.78|1250|444|5|5|2|8
0.7|95.39|1608|447|5|5|3|8
0.8|95.17|1678|452|5|5|3|8
0.9|94.92|1696|454|5|5|3|8
1|94.84|1706|454|5|5|3|8
1.1|94.78|1711|455|5|5|3|8
1.2|94.84|1716|455|5|5|3|8
1.3|94.82|1722|455|5|5|3|8
1.4|94.8|1724|455|5|5|3|8
1.5|94.83|1727|455|5|5|3|8
1.6|94.82|1729|455|5|5|3|8
1.7|94.83|1732|455|5|5|3|8
1.8|94.82|1735|455|5|5|3|8
1.9|94.83|1740|455|5|5|3|8
2|94.8|1742|456|5|5|3|8
2.1|94.83|1742|456|5|5|3|8
2.2|94.8|1745|456|5|5|3|8
2.3|94.82|1745|456|5|5|3|8
2.4|94.8|1747|456|5|5|3|8
2.5|94.82|1750|456|5|5|3|8
2.6|94.8|1750|456|5|5|3|8
2.7|94.82|1750|456|5|5|4|8
2.8|94.92|1750|456|5|5|4|8
2.9|95.23|1747|456|5|5|4|8
3|95.7|1706|456|5|5|4|8
3.1|96.2|1191|455|5|5|5|8
3.2|96.57|1101|454|5|5|5|8
3.3|96.6|1095|454|5|5|5|8
3.4|96.7|1093|454|5|5|5|8
3.5|96.65|1090|454|5|5|5|8
3.6|96.74|1088|453|5|5|5|8
3.7|96.75|1088|453|5|5|5|8
3.8|96.78|1088|452|5|5|5|8
3.9|96.74|1085|452|5|5|5|8
4|96.75|1085|452|5|5|5|8
4.1|96.75|1082|452|5|5|5|8
4.2|96.75|1082|452|5|5|5|8
4.3|96.74|1082|452|5|5|5|8
4.4|96.74|1082|452|5|5.1|5|8
4.5|96.75|1082|452|5.1|5.1|5|8
4.6|96.75|1082|452|5.1|5.1|5|8
4.7|96.75|1082|452|5.1|5.1|5|8
4.8|96.75|1082|452|5.1|5.1|5|8
4.9|96.75|1082|452|5.1|5.1|5|8
5|96.75|1082|451|5.1|5.1|5|8
5.1|96.75|1082|452|5.1|5.1|2|8
5.2|96.67|1082|452|5.1|5.1|2|8
5.3|96.37|1082|452|5.1|5.1|2|8
5.4|95.9|1098|451|5.1|5.1|2|8
5.5|95.42|1304|451|5.1|5.1|2|8
5.6|95.06|1688|453|5.1|5.1|3|8
5.7|94.78|1722|454|5.1|5.1|3|8
5.8|94.7|1737|455|5.1|5.1|3|8
5.9|94.61|1747|455|5.1|5.1|3|8
6|94.6|1755|455|5.1|5.1|3|8
6.1|94.49|1760|455|5.1|5.1|3|8
6.2|94.51|1763|455|5.1|5.1|3|8
6.3|94.6|1763|455|5.1|5.1|3|8
6.4|94.59|1768|455|5.1|5.1|3|8
6.5|94.61|1771|455|5.1|5.1|3|8
6.6|94.52|1773|455|5.1|5.1|3|8
6.7|94.52|1776|455|5.1|5.1|3|8
6.8|94.52|1776|455|5.1|5.1|3|8
6.9|94.6|1778|455|5.1|5.1|3|8
7|94.6|1778|455|5.1|5.1|3|8
7.1|94.59|1781|455|5.1|5.1|3|8
7.2|94.52|1784|455|5.1|5.1|3|8
7.3|94.53|1784|455|5.1|5.1|3|8
7.4|94.59|1789|455|5.1|5.1|3|8
7.5|94.53|1786|455|5.1|5.1|3|8
7.6|94.52|1791|455|5.1|5.1|4|8
7.7|94.72|1789|455|5.1|5.1|4|8
7.8|95.15|1771|455|5.1|5.1|4|8
7.9|95.66|1714|455|5.1|5.1|4|8
8|96.16|1196|455|5.1|5.1|5|8
8.1|96.45|1103|454|5.1|5.1|5|8
8.2|96.6|1101|453|5.1|5.1|5|8
8.3|96.59|1098|452|5.1|5.1|5|8
8.4|96.67|1095|452|5.1|5.1|5|8
8.5|96.7|1095|451|5.1|5.1|5|8
8.6|96.74|1095|451|5.1|5.1|5|8
8.7|96.7|1095|451|5.1|5.1|5|8
8.8|96.71|1093|451|5.1|5.1|5|8
8.9|96.68|1093|450|5.1|5.1|5|8
9|96.68|1093|450|5.1|5.1|5|8
9.1|96.68|1093|450|5.1|5.1|5|8
9.2|96.7|1093|450|5.1|5.1|5|8
9.3|96.68|1090|450|5.1|5.1|5|8
9.4|96.68|1090|450|5.1|5.1|5|8
9.5|96.68|1090|450|5.1|5.1|5|8
9.6|96.7|1090|450|5.1|5.1|5|8
9.7|96.68|1090|450|5.1|5.1|5|8
9.8|96.7|1090|450|5.1|5.1|5|8
9.9|96.7|1090|450|5.1|5.1|5|8
10|96.7|1090|450|5.1|5.1|2|8
10.1|96.67|1090|450|5.1|5.1|2|8
10.2|96.28|1098|438|5.1|5.1|2|8
10.3|95.84|1111|425|5.1|5.1|2|8
10.4|95.38|1240|421|5.1|5.1|2|8
10.5|94.9|1485|420|5.1|5.1|2|8
10.6|94.51|1763|420|5.1|5.1|3|8
10.7|94.32|1789|421|5.1|5.1|3|8
10.8|94.21|1802|422|5.1|5.1|3|8
10.9|94.01|1807|422|5.1|5.1|3|8
11|94.1|1809|422|5.1|5.1|3|8
11.1|94.16|1812|422|5.1|5.1|3|8
11.2|94.08|1812|422|5.1|5.1|3|8
11.3|94.08|1814|422|5.1|5.1|3|8
11.4|94.1|1817|422|5.1|5.1|3|8
11.5|94.1|1817|422|5.1|5.1|3|8
11.6|94.12|1817|422|5.1|5.1|3|8
11.7|94.12|1822|422|5.1|5.1|3|8
11.8|94.05|1825|422|5.1|5.1|3|8
11.9|94.08|1827|422|5.1|5.1|3|8
12|94.06|1830|422|5.1|5.1|3|8
12.1|94.13|1830|422|5.1|5.1|3|8
12.2|94.09|1832|422|5.1|5.1|3|8
12.3|94.08|1835|422|5.1|5.1|3|8
12.4|94.09|1838|422|5.1|5.1|3|8
12.5|94.1|1838|422|5.1|5.1|3|8
12.6|94.15|1838|422|5.1|5.1|4|8
12.7|94.36|1838|422|5.1|5.1|4|8
12.8|94.84|1657|422|5.1|5.1|4|8
12.9|95.25|1126|420|5.1|5.1|5|8
13|95.45|1116|420|5.1|5.1|5|8
13.1|95.49|1113|418|5.1|5.1|5|8
13.2|95.59|1111|418|5.1|5.1|5|8
13.3|95.59|1111|418|5.1|5.1|5|8
13.4|95.55|1111|418|5.1|5.1|5|8
13.5|95.59|1111|418|5.1|5.1|5|8
13.6|95.63|1108|418|5.1|5.1|5|8
13.7|95.61|1108|418|5.1|5.1|5|8
13.8|95.59|1108|418|5.1|5.1|5|8
13.9|95.59|1108|418|5.1|5.1|5|8
14|95.58|1106|418|5.1|5.1|5|8
14.1|95.55|1106|418|5.1|5.1|5|8
14.2|95.59|1106|417|5.1|5.1|5|8
14.3|95.62|1106|417|5.1|5.1|5|8
14.4|95.62|1103|417|5.1|5.1|5|8
14.5|95.59|1103|417|5.1|5.1|5|8
14.6|95.57|1103|417|5.1|5.1|5|8
14.7|95.58|1103|417|5.1|5.1|5|8
14.8|95.61|1103|417|5.1|5.1|5|8
14.9|95.63|1103|417|5.1|5.1|2|8
15|95.38|1101|417|5.1|5.1|2|8
15.1|95|1103|417|5.1|5.1|2|8
15.2|94.55|1343|417|5.1|5.1|2|8
15.3|94.15|1791|418|5.1|5.1|3|8
15.4|93.93|1820|420|5.1|5.1|3|8
15.5|93.84|1830|420|5.1|5.1|3|8
15.6|93.69|1835|420|5.1|5.1|3|8
15.7|93.65|1838|420|5.1|5.1|3|8
15.8|93.74|1840|420|5.1|5.1|3|8
15.9|93.7|1843|420|5.1|5.1|3|8
16|93.69|1845|420|5.1|5.1|3|8
16.1|93.73|1848|420|5.1|5.1|3|8
16.2|93.76|1848|420|5.1|5.1|3|8
16.3|93.65|1851|420|5.1|5.1|3|8
16.4|93.7|1851|420|5.1|5.1|3|8
16.5|93.77|1853|420|5.1|5.1|3|8
16.6|93.68|1858|420|5.1|5.1|3|8
16.7|93.69|1861|420|5.1|5.1|3|8
16.8|93.76|1861|420|5.1|5.1|3|8
16.9|93.68|1863|420|5.1|5.1|3|8
17|93.7|1863|420|5.1|5.1|3|8
17.1|93.76|1863|420|5.1|5.1|3|8
17.2|93.69|1866|420|5.1|5.1|3|8
17.3|93.73|1866|420|5.1|5.1|4|8
17.4|93.89|1863|420|5.1|5.1|4|8
17.5|94.4|1590|420|5.1|5.1|4|8
17.6|94.79|1126|418|5.1|5.1|5|8
17.7|94.95|1119|418|5.1|5.1|5|8
17.8|95.07|1116|418|5.1|5.1|5|8
17.9|95.07|1116|417|5.1|5.1|5|8
18|95.06|1113|417|5.1|5.1|5|8
18.1|95.07|1113|416|5.1|5.1|5|8
18.2|95.1|1113|416|5.1|5.1|5|8
18.3|95.11|1111|416|5.1|5.1|5|8
18.4|95.14|1111|416|5.1|5.1|5|8
18.5|95.12|1111|416|5.1|5.1|5|8
18.6|95.1|1111|416|5.1|5.1|5|8
18.7|95.08|1108|416|5.1|5.1|5|8
18.8|95.07|1108|416|5.2|5.1|5|8
18.9|95.1|1108|416|5.2|5.1|5|8
19|95.1|1108|416|5.1|5.1|5|8
19.1|95.1|1108|416|5.2|5.1|5|8
19.2|95.1|1106|416|5.1|5.1|5|8
19.3|95.11|1106|416|5.1|5.1|5|8
19.4|95.12|1106|416|5.1|5.1|5|8
19.5|95.11|1106|416|5.1|5.1|5|8
19.6|95.12|1106|416|5.1|5.1|2|8
19.7|94.8|1106|416|5.1|5.1|2|8
19.8|94.44|1106|416|5.1|5.1|2|8
19.9|93.98|1716|416|5.1|5.1|3|8
20|93.7|1825|418|5.1|5.1|3|8
20.1|93.58|1843|418|5.1|5.1|3|8
20.2|93.43|1866|412|5.1|5.1|3|8
20.3|93.43|1874|405|5.1|5.1|3|8
20.4|93.45|1881|402|5.1|5.1|3|8
20.5|93.46|1884|401|5.1|5.1|3|8
20.6|93.43|1887|401|5.1|5.1|3|8
20.7|93.39|1889|401|5.1|5.1|3|8
20.8|93.37|1892|401|5.1|5.1|3|8
20.9|93.37|1894|401|5.1|5.1|3|8
21|93.38|1894|401|5.2|5.1|3|8
21.1|93.39|1897|401|5.2|5.1|3|8
21.2|93.42|1897|401|5.1|5.1|3|8
21.3|93.43|1899|401|5.1|5.1|3|8
21.4|93.45|1899|401|5.2|5.1|3|8
21.5|93.42|1899|401|5.1|5.1|3|8
21.6|93.42|1902|401|5.1|5.1|3|8
21.7|93.39|1902|401|5.1|5.1|3|8
21.8|93.35|1902|401|5.1|5.1|3|8
21.9|93.39|1902|401|5.1|5.1|4|8
22|93.49|1902|401|5.1|5.1|4|8
22.1|93.85|1876|401|5.1|5.1|4|8
22.2|94.36|1224|401|5.1|5.1|5|8
22.3|94.67|1129|401|5.1|5.1|5|8
22.4|94.74|1124|400|5.1|5.1|5|8
22.5|94.87|1124|400|5.1|5.1|5|8
22.6|94.9|1121|400|5.1|5.1|5|8
22.7|94.82|1121|400|5.1|5.1|5|8
22.8|94.84|1119|400|5.1|5.1|5|8
22.9|94.84|1119|400|5.1|5.1|5|8
23|94.84|1119|400|5.1|5.1|5|8
23.1|94.82|1119|400|5.1|5.1|5|8
23.2|94.84|1119|400|5.1|5.1|5|8
23.3|94.84|1116|400|5.2|5.1|5|8
23.4|94.84|1116|400|5.1|5.1|5|8
23.5|94.84|1116|400|5.1|5.1|5|8
23.6|94.86|1116|400|5.1|5.1|5|8
23.7|94.86|1116|400|5.2|5.1|5|8
23.8|94.84|1113|400|5.1|5.1|5|8
23.9|94.88|1113|400|5.2|5.1|5|8
24|94.84|1113|400|5.2|5.1|5|8
24.1|94.83|1113|400|5.1|5.1|5|8
24.2|94.84|1116|400|5.1|5.1|2|8
24.3|94.75|1113|400|5.1|5.1|2|8
24.4|94.45|1111|400|5.1|5.1|2|8
24.5|93.98|1180|400|5.1|5.1|2|8
24.6|93.6|1807|400|5.2|5.1|3|8
24.7|93.37|1853|400|5.1|5.1|3|8
24.8|93.14|1874|400|5.1|5.1|3|8
24.9|93.11|1881|400|5.1|5.1|3|8
25|93.17|1884|400|5.1|5.1|3|8
25.1|93.18|1889|400|5.1|5.1|3|8
25.2|93.14|1892|400|5.2|5.1|3|8
25.3|93.15|1897|400|5.1|5.1|3|8
25.4|93.18|1899|400|5.1|5.1|3|8
25.5|93.13|1902|401|5.1|5.1|3|8
25.6|93.17|1905|400|5.1|5.1|3|8
25.7|93.18|1907|400|5.1|5.1|3|8
25.8|93.13|1910|400|5.1|5.1|3|8
25.9|93.17|1910|400|5.1|5.1|3|8
26|93.15|1912|400|5.1|5.1|3|8
26.1|93.14|1912|400|5.1|5.1|3|8
26.2|93.15|1912|400|5.1|5.1|3|8
26.3|93.15|1912|400|5.1|5.1|3|8
26.4|93.13|1912|400|5.1|5.1|3|8
26.5|93.15|1915|400|5.1|5.1|3|8
26.6|93.21|1915|400|5.1|5.1|4|8
26.7|93.39|1915|400|5.1|5.1|4|8
26.8|93.82|1876|400|5.2|5.1|4|8
26.9|94.33|1173|401|5.2|5.1|5|8
27|94.49|1126|400|5.1|5.1|5|8
27.1|94.6|1124|400|5.2|5.1|5|8
27.2|94.68|1124|400|5.2|5.1|5|8
27.3|94.74|1121|400|5.2|5.1|5|8
27.4|94.72|1121|400|5.2|5.1|5|8
27.5|94.72|1119|400|5.2|5.1|5|8
27.6|94.61|1119|400|5.2|5.1|5|8
27.7|94.66|1119|400|5.2|5.2|5|8
27.8|94.68|1116|400|5.2|5.1|5|8
27.9|94.7|1116|400|5.2|5.2|5|8
28|94.7|1116|400|5.1|5.1|5|8
28.1|94.71|1116|400|5.2|5.1|5|8
28.2|94.76|1116|400|5.2|5.1|5|8
28.3|94.7|1116|400|5.2|5.2|5|8
28.4|94.68|1116|400|5.2|5.2|5|8
28.5|94.64|1116|400|5.2|5.1|5|8
28.6|94.68|1113|400|5.2|5.1|5|8
28.7|94.67|1116|400|5.2|5.2|5|8
28.8|94.68|1116|400|5.2|5.1|5|8
28.9|94.64|1116|400|5.2|5.2|2|8
29|94.57|1113|400|5.2|5.2|2|8
29.1|94.27|1113|400|5.2|5.1|2|8
29.2|93.76|1389|400|5.2|5.1|2|8
29.3|93.38|1830|400|5.2|5.1|3|8
29.4|93.17|1866|400|5.2|5.1|3|8
29.5|93|1887|400|5.2|5.1|3|8
29.6|92.95|1894|400|5.2|5.1|3|8
29.7|93.02|1899|400|5.2|5.1|3|8
29.8|93.02|1902|400|5.2|5.1|3|8
29.9|93|1907|400|5.2|5.1|3|8
30|93|1910|400|5.2|5.1|3|8
30.1|93.02|1912|400|5.2|5.1|3|8
30.2|93|1915|400|5.2|5.1|3|8
30.3|93.02|1918|400|5.2|5.1|3|8
30.4|92.99|1918|400|5.2|5.1|3|8
30.5|93|1918|400|5.2|5.1|3|8
30.6|93.02|1918|400|5.2|5.1|3|8
30.7|92.99|1920|400|5.2|5.1|3|8
30.8|93|1920|400|5.2|5.1|3|8
30.9|93.02|1923|400|5.2|5.1|3|8
31|93|1923|400|5.2|5.1|3|8
31.1|93|1923|400|5.2|5.1|3|8
31.2|93|1925|400|5.2|5.1|3|8
31.3|93.09|1925|400|5.2|5.1|4|8
31.4|93.3|1923|400|5.2|5.1|4|8
31.5|93.76|1745|401|5.2|5.2|4|8
31.6|94.21|1134|400|5.2|5.1|5|8
31.7|94.33|1124|400|5.2|5.2|5|8
31.8|94.4|1121|400|5.2|5.1|5|8
31.9|94.41|1121|400|5.2|5.1|5|8
32|94.49|1119|400|5.2|5.2|5|8
32.1|94.51|1119|400|5.2|5.2|5|8
32.2|94.48|1119|400|5.2|5.2|5|8
32.3|94.48|1116|400|5.2|5.2|5|8
32.4|94.48|1116|400|5.2|5.1|5|8
32.5|94.53|1116|400|5.2|5.2|5|8
32.6|94.51|1116|400|5.1|5.1|5|8
32.7|94.49|1113|400|5.2|5.1|5|8
32.8|94.48|1113|400|5.2|5.2|5|8
32.9|94.48|1113|400|5.2|5.1|5|8
33|94.51|1113|400|5.2|5.1|5|8
33.1|94.51|1113|400|5.2|5.2|5|8
33.2|94.47|1111|400|5.1|5.1|5|8
33.3|94.47|1113|400|5.2|5.2|5|8
33.4|94.51|1113|400|5.2|5.1|5|8
33.5|94.51|1111|400|5.2|5.2|5|8
33.6|94.49|1111|400|5.2|5.2|2|8
33.7|94.31|1111|400|5.2|5.2|2|8
33.8|93.86|1116|400|5.2|5.1|2|8
33.9|93.41|1732|400|5.2|5.1|3|8
34|93.1|1848|400|5.2|5.2|3|8
34.1|93.02|1871|400|5.2|5.1|3|8
34.2|92.96|1892|400|5.2|5.2|3|8
34.3|92.84|1899|400|5.2|5.2|3|8
34.4|92.8|1905|400|5.2|5.1|3|8
34.5|92.87|1907|400|5.1|5.1|3|8
34.6|92.88|1915|400|5.1|5.1|3|8
34.7|92.86|1918|400|5.1|5.1|3|8
34.8|92.86|1920|400|5.1|5.1|3|8
34.9|92.86|1920|400|5.1|5.1|3|8
35|92.87|1923|400|5.1|5.1|3|8
35.1|92.88|1925|400|5.1|5.1|3|8
35.2|92.86|1925|400|5.2|5.1|3|8
35.3|92.84|1928|401|5.1|5.1|3|8
35.4|92.86|1928|400|5.1|5.1|3|8
35.5|92.87|1928|401|5.1|5.1|3|8
35.6|92.88|1930|401|5.1|5.1|3|8
35.7|92.87|1930|401|5.1|5.1|3|8
35.8|92.86|1933|401|5.1|5.1|3|8
35.9|92.84|1930|401|5.1|5.1|4|8
36|92.96|1930|400|5.1|5.1|4|8
36.1|93.29|1905|401|5.1|5.1|4|8
36.2|93.81|1296|401|5.1|5.1|5|8
36.3|94.06|1126|400|5.1|5.1|2|8
36.4|94.1|1124|400|5.2|5.1|2|8
36.5|94.16|1121|400|5.1|5.1|2|8
36.6|94.09|1121|400|5.1|5.1|2|8
36.7|93.97|1119|400|5.1|5.1|2|8
36.8|93.97|1119|400|5.1|5.1|2|8
36.9|93.94|1119|400|5.1|5.1|2|8
37|93.84|1116|400|5.2|5.1|2|8
37.1|93.85|1116|400|5.1|5.1|2|8
37.2|93.73|1129|400|5.1|5.1|2|8
37.3|93.66|1119|400|5.2|5.1|2|8
37.4|93.61|1134|400|5.2|5.1|2|8
37.5|93.58|1168|400|5.1|5.1|2|8
37.6|93.51|1260|400|5.1|5.1|2|8
37.7|93.45|1214|400|5.1|5.1|2|8
37.8|93.34|1222|400|5.1|5.1|2|8
37.9|93.21|1147|400|5.1|5.1|2|8
38|93.21|1116|400|5.2|5.1|2|8
38.1|93.19|1157|400|5.2|5.1|2|8
38.2|93.14|1673|400|5.2|5.1|2|8
38.3|93.13|1745|400|5.1|5.1|2|8
38.4|93.14|1758|401|5.1|5.1|2|8
38.5|93.41|1683|401|5.2|5.1|2|8
38.6|93.57|1149|401|5.1|5.1|2|8
38.7|93.64|1119|400|5.1|5.1|2|8
38.8|93.66|1116|400|5.1|5.1|2|8
38.9|93.66|1113|400|5.1|5.1|2|8
39|93.62|1113|400|5.1|5.1|2|8
39.1|93.57|1113|400|5.1|5.1|2|8
39.2|93.49|1113|400|5.1|5.1|2|8
39.3|93.45|1124|400|5.1|5.1|2|8
39.4|93.34|1178|400|5.1|5.1|2|8
39.5|93.22|1229|400|5.1|5.1|2|8
39.6|93.21|1137|400|5.1|5.1|2|8
39.7|93.14|1147|400|5.1|5.1|2|8
39.8|93.21|1376|400|5.1|5.1|2|8
39.9|93.13|1696|400|5.1|5.1|2|8
40|93.11|1732|401|5.1|5.1|2|8
40.1|93.23|1698|401|5.2|5.1|2|8
40.2|93.45|1134|401|5.1|5.1|2|8
40.3|93.51|1111|400|5.1|5.1|2|8
40.4|93.54|1111|400|5.1|5.1|2|8
40.5|93.53|1108|400|5.1|5.1|2|8
40.6|93.43|1108|400|5.1|5.1|2|8
40.7|93.38|1108|400|5.1|5.1|2|8
40.8|93.31|1111|400|5.1|5.1|2|8
40.9|93.21|1108|400|5.1|5.1|2|8
41|93.14|1108|400|5.1|5.1|2|8
41.1|93.22|1119|400|5.1|5.1|2|8
41.2|93.15|1180|400|5.1|5.1|2|8
41.3|93.03|1219|400|5.1|5.1|2|8
41.4|92.98|1302|401|5.1|5.1|2|8
41.5|92.91|1309|401|5.1|5.1|2|8
41.6|92.8|1294|400|5.1|5.1|2|8
41.7|92.76|1327|401|5.1|5.1|2|8
41.8|92.67|1387|400|5.1|5.1|2|8
41.9|92.7|1392|401|5.1|5.1|2|8
42|92.62|1572|401|5.1|5.1|2|8
42.1|92.47|1157|401|5.1|5.1|2|8
42.2|92.55|1108|400|5.1|5.1|2|8
42.3|92.52|1106|400|5.1|5.1|2|8
42.4|92.43|1309|400|5.2|5.1|2|8
42.5|92.41|1260|400|5.1|5.1|2|8
42.6|92.4|1258|401|5.1|5.1|2|8
42.7|92.27|1358|401|5.1|5.1|2|8
42.8|92.19|1165|401|5.1|5.1|2|8
42.9|92.15|1260|400|5.1|5.1|2|8
43|92.08|1170|400|5.1|5.1|2|8
43.1|92.04|1147|401|5.1|5.1|2|8
43.2|91.97|1222|401|5.1|5.1|2|8
43.3|91.93|1193|401|5.2|5.1|2|8
43.4|91.88|1265|401|5.1|5.1|2|8
43.5|91.76|1296|400|5.1|5.1|2|8
43.6|91.64|1260|400|5.1|5.1|2|8
43.7|91.62|1191|401|5.1|5.1|2|8
43.8|91.5|1137|400|5.1|5.1|2|8
43.9|91.5|1204|401|5.1|5.1|2|8
44|91.43|1235|401|5.1|5.1|2|8
44.1|91.35|1255|401|5.1|5.1|2|8
44.2|91.26|1235|401|5.1|5.1|2|8
44.3|91.17|1214|401|5.1|5.1|2|8
44.4|91.09|1237|400|5.1|5.1|2|8
44.5|91.02|1206|400|5.1|5.1|2|8
44.6|90.95|1343|400|5.1|5.1|2|8
44.7|90.82|1193|401|5.1|5.1|2|8
44.8|90.76|1206|400|5.1|5.1|2|8
44.9|90.66|1139|400|5.1|5.1|2|8
45|90.63|1304|401|5.1|5.1|2|8
45.1|90.49|1289|401|5.1|5.1|2|8
45.2|90.48|1191|400|5.1|5.1|2|8
45.3|90.35|1216|400|5.1|5.1|2|8
45.4|90.25|1186|400|5.1|5.1|2|8
45.5|90.17|1232|401|5.1|5.1|2|8
45.6|90.05|1211|401|5.1|5.1|2|8
45.7|89.94|1245|401|5.1|5.1|2|8
45.8|89.9|1206|400|5.1|5.1|2|8
45.9|89.74|1191|401|5.1|5.1|2|8
46|89.73|1188|400|5.2|5.1|2|8
46.1|89.58|1216|400|5.1|5.1|2|8
46.2|89.54|1201|400|5.1|5.1|2|8
46.3|89.43|1242|400|5.1|5.1|2|8
46.4|89.29|1263|400|5.1|5.1|2|8
46.5|89.19|1155|401|5.1|5.1|2|8
46.6|89.05|1157|400|5.1|5.1|2|8
46.7|88.97|1214|401|5.1|5.1|2|8
46.8|88.88|1304|400|5.1|5.1|2|8
46.9|88.74|1312|400|5.1|5.1|2|8
47|88.68|1307|401|5.1|5.1|2|8
47.1|88.52|1363|401|5.1|5.1|2|8
47.2|88.43|1260|400|5.1|5.1|2|8
47.3|88.27|1276|400|5.1|5.1|2|8
47.4|88.24|1173|400|5.1|5.1|2|8
47.5|88.07|1219|400|5.2|5.1|2|8
47.6|87.96|1232|400|5.1|5.1|2|8
47.7|87.84|1289|400|5.1|5.1|2|8
47.8|87.65|1260|400|5.1|5.1|2|8
47.9|87.58|1214|400|5.1|5.1|2|8
48|87.48|1242|400|5.1|5.1|2|8
48.1|87.27|1294|400|5.1|5.1|2|8
48.2|87.17|1271|400|5.1|5.1|2|8
48.3|87.06|1286|400|5.1|5.1|2|8
48.4|86.97|1258|400|5.1|5.1|2|8
48.5|86.76|1255|400|5.1|5.1|2|8
48.6|86.64|1245|401|5.1|5.1|2|8
48.7|86.47|1289|401|5.1|5.1|2|8
48.8|86.33|1286|400|5.1|5.1|2|8
48.9|86.25|1284|400|5.1|5.1|2|8
49|86.05|1322|400|5.1|5.1|2|8
49.1|85.91|1299|400|5.2|5.1|2|8
49.2|85.78|1224|400|5.1|5.1|2|8
49.3|85.57|1286|400|5.2|5.1|2|8
49.4|85.44|1356|400|5.2|5.2|2|8
49.5|85.26|1286|400|5.2|5.2|2|8
49.6|85.19|1209|401|5.2|5.2|2|8
49.7|84.99|1247|401|5.2|5.2|2|8
49.8|84.82|1309|400|5.2|5.2|2|8
49.9|84.62|1265|400|5.2|5.2|2|8
50|84.44|1302|400|5.2|5.2|2|8
50.1|84.31|1340|401|5.2|5.2|2|8
50.2|84.15|1351|401|5.2|5.2|2|8
50.3|83.95|1314|401|5.2|5.2|2|8
50.4|83.8|1232|400|5.2|5.2|2|8
50.5|83.61|1196|400|5.2|5.2|2|8
50.6|83.42|1271|400|5.2|5.2|2|8
50.7|83.23|1351|401|5.2|5.2|2|8
50.8|83.1|1353|401|5.2|5.2|2|8
50.9|82.86|1394|400|5.2|5.2|2|8
51|82.7|1332|401|5.2|5.2|2|8
51.1|82.47|1361|400|5.2|5.2|6|8
51.2|81.4|1856|401|5.2|5.1|6|8
51.3|78.82|1961|401|5.2|5.2|6|8
51.4|75.99|139|400|5.2|5.1|7|8
51.5|73.68|0|399|5.2|5.2|7|8
51.6|72.54|0|398|5.2|5.1|7|8
51.7|72.07|0|398|5.2|5.1|7|8
51.8|71.84|0|398|5.2|5.2|7|8
51.9|71.68|0|398|5.2|5.1|7|8
52|71.6|0|398|5.2|5.1|7|8
52.1|71.59|0|398|5.2|5.1|7|8
52.2|71.57|0|398|5.2|5.1|7|8
52.3|71.6|0|398|5.2|5.2|7|8
52.4|71.63|0|398|5.2|5.2|7|8
52.5|71.64|0|398|5.2|5.2|7|8
52.6|71.61|0|398|5.2|5.2|7|8
52.7|71.61|0|398|5.2|5.2|7|8
52.8|71.6|0|398|5.2|5.1|7|8
52.9|71.64|0|398|5.2|5.2|7|8
53|71.64|0|398|5.2|5.1|7|8
53.1|71.63|0|398|5.2|5.2|7|8
53.2|71.61|0|398|5.2|5.1|7|8
53.3|71.6|0|398|5.2|5.2|7|8
53.4|71.61|0|398|5.2|5.2|7|8
53.5|71.6|0|398|5.2|5.2|7|8
53.6|71.61|0|398|5.2|5.2|7|8
53.7|71.6|0|398|5.2|5.2|7|8
53.8|71.59|0|398|5.2|5.2|7|8
53.9|71.56|0|398|5.2|5.2|7|8
54|71.59|0|398|5.2|5.2|7|8
54.1|71.59|0|398|5.2|5.2|7|8
54.2|71.56|0|398|5.2|5.1|7|8
54.3|71.56|0|398|5.2|5.1|7|8
54.4|71.55|0|398|5.2|5.1|7|8
54.5|71.56|0|398|5.2|5.2|7|8
54.6|71.59|0|398|5.2|5.2|7|8
54.7|71.59|0|398|5.2|5.2|7|8
54.8|71.59|0|398|5.2|5.1|7|8
54.9|71.63|0|398|5.2|5.2|7|8
55|71.63|0|398|5.2|5.2|7|8
55.1|71.57|0|398|5.2|5.2|7|8
55.2|71.55|0|398|5.2|5.2|7|8
55.3|71.56|0|398|5.2|5.2|7|8
55.4|71.56|0|398|5.2|5.2|7|8
55.5|71.57|0|398|5.2|5.2|7|8
55.6|71.57|0|398|5.2|5.2|7|8
55.7|71.57|0|398|5.2|5.2|7|8
55.8|71.59|0|398|5.2|5.2|7|8
55.9|71.61|0|398|5.2|5.2|7|8
56|71.61|0|398|5.2|5.2|7|8
56.1|71.57|0|398|5.2|5.2|7|8
56.2|71.57|0|398|5.2|5.1|7|8
56.3|71.56|0|398|5.2|5.2|7|8
56.4|71.57|0|398|5.2|5.2|7|8
56.5|71.53|0|398|5.2|5.2|7|8
56.6|71.57|0|398|5.2|5.1|7|8
56.7|71.57|0|398|5.2|5.2|7|8
56.8|71.59|0|398|5.2|5.2|7|8
56.9|71.6|0|398|5.2|5.1|7|8
57|71.59|0|398|5.2|5.2|7|8
57.1|71.57|0|398|5.2|5.2|7|8
57.2|71.57|0|398|5.2|5.1|7|8
57.3|71.57|0|398|5.2|5.2|7|8
57.4|71.56|0|398|5.2|5.2|7|8
57.5|71.56|0|398|5.2|5.1|7|8
57.6|71.55|0|398|5.2|5.2|7|8
57.7|71.56|0|398|5.2|5.2|7|8
57.8|71.56|0|398|5.2|5.2|7|8
57.9|71.52|0|398|5.2|5.2|7|8
58|71.57|0|398|5.2|5.2|7|8
58.1|71.59|0|398|5.2|5.2|7|8
58.2|71.6|0|398|5.2|5.2|7|8
58.3|71.57|0|398|5.2|5.2|7|8
58.4|71.56|0|398|5.2|5.2|7|8
58.5|71.56|0|398|5.2|5.2|7|8
58.6|71.56|0|398|5.2|5.2|7|8
58.7|71.55|0|398|5.2|5.2|7|8
58.8|71.57|0|398|5.2|5.2|7|8
58.9|71.59|0|398|5.2|5.2|7|8
59|71.59|0|398|5.2|5.2|7|8
59.1|71.57|0|398|5.2|5.2|7|8
59.2|71.57|0|398|5.2|5.2|7|8
59.3|71.57|0|398|5.2|5.2|7|8
59.4|71.56|0|398|5.2|5.2|7|8
59.5|71.56|0|398|5.2|5.2|7|8
59.6|71.57|0|398|5.2|5.2|7|8
59.7|71.56|0|398|5.2|5.2|7|8
59.8|71.57|0|398|5.2|5.2|7|8
59.9|71.56|0|398|5.2|5.2|7|8
60|71.57|0|398|5.2|5.2|7|8
60.1|71.57|0|398|5.2|5.2|7|8
60.2|71.57|0|398|5.2|5.2|7|8
60.3|71.57|0|398|5.2|5.2|7|8
60.4|71.59|0|398|5.2|5.2|7|8
60.5|71.57|0|398|5.2|5.2|7|8
60.6|71.6|0|398|5.2|5.2|7|8
60.7|71.55|0|398|5.2|5.2|7|8
60.8|71.52|0|398|5.2|5.2|7|8
60.9|71.56|0|398|5.2|5.2|7|8
61|71.56|0|398|5.2|5.2|7|8
61.1|71.56|0|398|5.2|5.2|7|8
61.2|71.56|0|398|5.2|5.2|7|8
61.3|71.56|0|398|5.2|5.2|7|8
61.4|71.55|0|398|5.2|5.2|7|8
61.5|71.56|0|398|5.2|5.2|7|8
61.6|71.55|0|398|5.2|5.2|7|8
61.7|71.55|0|398|5.2|5.2|7|8
61.8|71.55|0|398|5.2|5.2|7|8
61.9|71.56|0|398|5.2|5.2|7|8
62|71.55|0|398|5.2|5.2|7|8
62.1|71.57|0|398|5.2|5.2|7|8
62.2|71.56|0|401|5.2|5.2|7|8
62.3|71.57|0|407|5.2|5.2|7|8
62.4|71.6|0|409|5.2|5.2|7|8
62.5|71.53|0|409|5.2|5.2|7|8
62.6|71.53|0|410|5.2|5.2|7|8
62.7|71.56|0|410|5.2|5.2|7|8
62.8|71.56|0|410|5.2|5.2|7|8
62.9|71.56|0|410|5.2|5.2|7|8
63|71.6|0|410|5.2|5.2|7|8
63.1|71.57|0|410|5.2|5.2|7|8
63.2|71.55|0|410|5.2|5.2|7|8
63.3|71.52|0|410|5.2|5.2|7|8
63.4|71.55|0|410|5.2|5.2|7|8
63.5|71.55|0|410|5.2|5.2|7|8
63.6|71.57|0|410|5.2|5.2|7|8
63.7|71.59|0|410|5.2|5.2|7|8
63.8|71.57|0|410|5.2|5.2|7|8
63.9|71.56|0|409|5.2|5.2|7|8
64|71.52|0|409|5.2|5.2|7|8
64.1|71.53|0|409|5.2|5.2|7|8
64.2|71.55|0|409|5.2|5.2|7|8
64.3|71.56|0|409|5.2|5.2|7|8
64.4|71.73|0|409|5.2|5.2|8|8
64.5|71.53|0|409|5.2|5.2|8|8
64.6|71.4|0|409|5.2|5.2|8|8
64.7|71.41|0|409|5.2|5.2|8|8
64.8|71.53|0|409|5.2|5.1|8|8
64.9|71.48|0|409|5.1|5.1|8|8
65|71.49|0|409|5.1|5.1|8|8
65.1|71.51|0|409|5.1|5.1|8|8
65.2|71.53|0|409|5.1|5.1|8|8
65.3|71.56|0|409|5.1|5.1|8|8
65.4|71.45|0|409|5.1|5.1|8|8
65.5|71.52|0|409|5.1|5.1|8|8
65.6|71.57|0|409|5.1|5.1|8|8
65.7|71.45|0|409|5.1|5.1|8|8
65.8|71.49|0|409|5.1|5.1|8|8
65.9|71.53|0|408|5.1|5.1|8|8
66|71.57|0|409|5.1|5.1|8|8
66.1|71.45|0|409|5.1|5.1|8|8
66.2|71.51|0|409|5.1|5.1|8|8
66.3|71.57|0|408|5.1|5.1|8|8
66.4|71.77|0|408|5.1|5.1|8|8
66.5|74.65|0|408|5.1|5.1|8|8
66.6|77.72|0|408|5.1|5.1|8|8
66.7|80.79|0|408|5.1|5.1|8|8
66.8|83.8|0|408|5.1|5.1|8|8
66.9|86.76|0|408|5.1|5.1|8|8
67|89.73|0|408|5.1|5.1|8|8
67.1|92.75|0|408|5.1|5.1|8|8
67.2|94.72|0|408|5.1|5.1|8|8
67.3|95.57|0|408|5.1|5.1|8|8
