0|96.05|1021|411|4.9|4.9|1|8
0.1|96.06|1098|416|4.9|4.9|1|8
0.2|96.06|1067|418|4.9|4.9|1|8
0.3|96.06|1052|419|4.9|4.9|1|8
0.4|96.05|1041|420|4.9|4.9|1|8
0.5|96.06|1036|420|4.9|4.9|2|8
0.6|95.77|1034|420|4.9|4.9|2|8
0.7|95.37|1034|420|4.9|4.9|2|8
0.8|94.92|1034|420|4.9|4.9|2|8
0.9|94.45|1077|420|4.9|4.9|2|8
1|93.93|1103|420|4.9|4.9|2|8
1.1|93.46|1245|420|4.9|4.9|2|8
1.2|92.99|1564|422|4.9|4.9|3|8
1.3|92.68|1613|424|4.9|4.9|3|8
1.4|92.51|1631|425|4.9|4.9|3|8
1.5|92.39|1642|426|4.9|4.9|3|8
1.6|92.35|1647|426|4.9|5|3|8
1.7|92.35|1652|426|5|5|3|8
1.8|92.35|1655|426|5|5|3|8
1.9|92.39|1657|426|5|5|3|8
2|92.39|1662|426|5|5|3|8
2.1|92.33|1665|426|5|5|3|8
2.2|92.29|1668|427|5|5|3|8
2.3|92.31|1670|427|5|5|3|8
2.4|92.31|1670|427|5|5|3|8
2.5|92.33|1673|427|5|5|3|8
2.6|92.35|1673|427|5|5|3|8
2.7|92.33|1675|427|5|5|3|8
2.8|92.31|1678|428|5|5|3|8
2.9|92.33|1678|428|5|5|3|8
3|92.35|1678|428|5|5|3|8
3.1|92.33|1680|428|5|5|3|8
3.2|92.31|1683|428|5|5|4|8
3.3|92.37|1683|428|5|5|4|8
3.4|92.68|1670|428|5|5|4|8
3.5|93.19|1554|428|5|5|4|8
3.6|93.72|1240|426|5|5|5|8
3.7|93.9|1057|424|5|5|5|8
3.8|94.1|1052|424|5|5|5|8
3.9|94.1|1052|423|5|5|5|8
4|94.15|1049|423|5|5|5|8
4.1|94.15|1049|422|5|5|5|8
4.2|94.15|1049|422|5|5|5|8
4.3|94.15|1046|422|5|5|5|8
4.4|94.16|1046|422|5|5|5|8
4.5|94.17|1046|422|5|5|5|8
4.6|94.2|1046|422|5|5|5|8
4.7|94.19|1046|422|5|5|5|8
4.8|94.15|1046|422|5|5|5|8
4.9|94.1|1044|422|5|5|5|8
5|94.13|1044|422|5|5|5|8
5.1|94.15|1044|422|5|5|5|8
5.2|94.15|1044|422|5|5|5|8
5.3|94.19|1044|422|5|5|5|8
5.4|94.21|1044|422|5|5|5|8
5.5|94.16|1044|422|5|5|5|8
5.6|94.12|1044|422|5|5|2|8
5.7|93.97|1044|422|5|5|2|8
5.8|93.66|1044|422|5|5|2|8
5.9|93.21|1054|422|5|5|2|8
6|92.75|1389|421|5|5|2|8
6.1|92.4|1652|424|5|5|3|8
6.2|92.17|1670|426|5|5|3|8
6.3|92.02|1678|427|5|5|3|8
6.4|92|1683|428|5|5|3|8
6.5|91.97|1688|428|5|5|3|8
6.6|91.97|1691|428|5|5.1|3|8
6.7|91.89|1693|428|5|5|3|8
6.8|91.94|1696|428|5.1|5.1|3|8
6.9|91.92|1696|428|5.1|5.1|3|8
7|91.97|1698|428|5.1|5.1|3|8
7.1|91.97|1701|428|5.1|5.1|3|8
7.2|92|1701|428|5.1|5.1|3|8
7.3|91.94|1701|428|5.1|5.1|3|8
7.4|91.9|1704|428|5.1|5.1|3|8
7.5|91.93|1706|428|5.1|5.1|3|8
7.6|91.98|1704|428|5.1|5.1|3|8
7.7|91.96|1706|428|5.1|5.1|3|8
7.8|91.93|1706|428|5.1|5.1|3|8
7.9|91.92|1706|428|5.1|5.1|3|8
8|91.96|1709|428|5.1|5.1|3|8
8.1|91.94|1709|428|5.1|5.1|4|8
8.2|92.16|1709|428|5.1|5.1|4|8
8.3|92.58|1686|428|5.1|5.1|4|8
8.4|93.09|1180|428|5.1|5.1|5|8
8.5|93.38|1059|425|5.1|5.1|5|8
8.6|93.51|1054|424|5.1|5.1|5|8
8.7|93.51|1054|424|5.1|5.1|5|8
8.8|93.58|1052|424|5.1|5.1|5|8
8.9|93.58|1052|423|5.1|5.1|5|8
9|93.61|1052|423|5.1|5.1|5|8
9.1|93.58|1049|422|5.1|5.1|5|8
9.2|93.61|1049|422|5.1|5.1|5|8
9.3|93.62|1049|422|5.1|5.1|5|8
9.4|93.6|1049|422|5.1|5.1|5|8
9.5|93.6|1049|422|5.1|5.1|5|8
9.6|93.61|1049|422|5.1|5.1|5|8
9.7|93.61|1049|422|5.1|5.1|5|8
9.8|93.61|1049|422|5.1|5.1|5|8
9.9|93.61|1049|422|5.1|5.1|5|8
10|93.61|1049|422|5.1|5.1|5|8
10.1|93.61|1046|422|5.1|5.1|5|8
10.2|93.61|1054|416|5.1|5.1|5|8
10.3|93.61|1057|404|5.1|5.1|5|8
10.4|93.61|1057|400|5.1|5.1|2|8
10.5|93.57|1057|398|5.1|5.1|2|8
10.6|93.19|1057|398|5.1|5.1|2|8
10.7|92.75|1126|398|5.1|5.1|2|8
10.8|92.37|1642|399|5.1|5.1|3|8
10.9|92.05|1696|400|5.1|5.1|3|8
11|91.97|1709|401|5.1|5.1|3|8
11.1|91.94|1719|401|5.1|5.1|3|8
11.2|91.86|1729|400|5.1|5.1|3|8
11.3|91.85|1732|398|5.1|5.1|3|8
11.4|91.82|1735|397|5.1|5.1|3|8
11.5|91.82|1737|396|5.1|5.1|3|8
11.6|91.82|1740|396|5.1|5.1|3|8
11.7|91.82|1740|396|5.1|5.1|3|8
11.8|91.8|1742|396|5.1|5.1|3|8
11.9|91.77|1742|396|5.1|5.1|3|8
12|91.8|1742|396|5.1|5.1|3|8
12.1|91.8|1742|396|5.1|5.1|3|8
12.2|91.8|1742|396|5.1|5.1|3|8
12.3|91.81|1742|396|5.1|5.1|3|8
12.4|91.8|1745|396|5.1|5.1|3|8
12.5|91.81|1745|396|5.1|5.1|3|8
12.6|91.8|1745|396|5.1|5.1|3|8
12.7|91.81|1745|396|5.1|5.1|3|8
12.8|91.78|1747|396|5.1|5.1|4|8
12.9|91.86|1747|396|5.1|5.1|4|8
13|92.21|1740|396|5.1|5.1|4|8
13.1|92.71|1510|397|5.1|5.1|4|8
13.2|93.14|1080|396|5.1|5.1|5|8
13.3|93.35|1070|395|5.1|5.1|5|8
13.4|93.38|1067|394|5.1|5.1|5|8
13.5|93.43|1064|394|5.1|5.1|5|8
13.6|93.45|1064|394|5.1|5.1|5|8
13.7|93.45|1064|394|5.1|5.1|5|8
13.8|93.45|1064|394|5.1|5.1|5|8
13.9|93.45|1062|394|5.1|5.1|5|8
14|93.49|1062|394|5.1|5.1|5|8
14.1|93.45|1062|394|5.1|5.1|5|8
14.2|93.42|1062|394|5.1|5.1|5|8
14.3|93.43|1062|394|5.1|5.1|5|8
14.4|93.45|1062|394|5.1|5.1|5|8
14.5|93.46|1062|394|5.1|5.1|5|8
14.6|93.47|1059|394|5.1|5.1|5|8
14.7|93.46|1059|394|5.1|5.1|5|8
14.8|93.45|1059|394|5.1|5.1|5|8
14.9|93.45|1059|394|5.1|5.1|5|8
15|93.43|1059|394|5.1|5.1|5|8
15.1|93.42|1059|394|5.1|5.1|5|8
15.2|93.45|1059|394|5.1|5.1|2|8
15.3|93.19|1059|394|5.1|5.1|2|8
15.4|92.78|1059|394|5.1|5.1|2|8
15.5|92.37|1518|394|5.1|5.1|2|8
15.6|91.98|1696|396|5.1|5.1|3|8
15.7|91.88|1719|396|5.1|5.1|3|8
15.8|91.74|1729|396|5.1|5.1|3|8
15.9|91.73|1735|396|5.1|5.1|3|8
16|91.66|1740|396|5.1|5.1|3|8
16.1|91.62|1745|397|5.1|5.1|3|8
16.2|91.64|1745|397|5.1|5.1|3|8
16.3|91.68|1747|397|5.1|5.1|3|8
16.4|91.69|1750|396|5.1|5.1|3|8
16.5|91.68|1750|396|5.1|5.1|3|8
16.6|91.68|1750|397|5.1|5.1|3|8
16.7|91.66|1753|396|5.1|5.1|3|8
16.8|91.65|1750|398|5.1|5.1|3|8
16.9|91.62|1750|400|5.1|5.1|3|8
17|91.65|1750|400|5.1|5.1|3|8
17.1|91.66|1753|400|5.1|5.1|3|8
17.2|91.68|1753|400|5.1|5.1|3|8
17.3|91.69|1753|400|5.1|5.1|3|8
17.4|91.68|1755|400|5.1|5.1|3|8
17.5|91.66|1755|400|5.1|5.1|3|8
17.6|91.7|1755|400|5.1|5.1|4|8
17.7|91.9|1753|400|5.1|5.1|4|8
17.8|92.32|1714|400|5.1|5.1|4|8
17.9|92.87|1474|400|5.1|5.1|4|8
18|93.27|1093|398|5.1|5.1|5|8
18.1|93.43|1070|398|5.1|5.1|5|8
18.2|93.51|1067|397|5.1|5.1|5|8
18.3|93.53|1067|396|5.1|5.1|5|8
18.4|93.51|1067|396|5.1|5.1|5|8
18.5|93.54|1064|396|5.1|5.1|5|8
18.6|93.57|1064|396|5.1|5.1|5|8
18.7|93.57|1062|396|5.1|5.1|5|8
18.8|93.54|1062|396|5.1|5.1|5|8
18.9|93.54|1062|396|5.1|5.1|5|8
19|93.51|1062|396|5.1|5.1|5|8
19.1|93.54|1062|396|5.1|5.1|5|8
19.2|93.53|1062|396|5.1|5.1|5|8
19.3|93.5|1062|396|5.1|5.1|5|8
19.4|93.53|1059|396|5.1|5.1|5|8
19.5|93.55|1059|396|5.1|5.1|5|8
19.6|93.57|1062|396|5.1|5.1|5|8
19.7|93.55|1059|396|5.1|5.1|5|8
19.8|93.53|1062|396|5.1|5.1|5|8
19.9|93.54|1059|396|5.1|5.1|5|8
20|93.57|1059|396|5.1|5.1|2|8
20.1|93.25|1059|396|5.1|5.1|2|8
20.2|92.83|1064|394|5.1|5.1|2|8
20.3|92.41|1443|392|5.1|5.1|2|8
20.4|91.98|1704|392|5.1|5.1|3|8
20.5|91.88|1729|392|5.1|5.1|3|8
20.6|91.76|1742|392|5.1|5.1|3|8
20.7|91.72|1750|392|5.1|5.1|3|8
20.8|91.65|1755|392|5.1|5.1|3|8
20.9|91.62|1758|392|5.1|5.1|3|8
21|91.62|1760|392|5.1|5.1|3|8
21.1|91.65|1763|392|5.1|5.1|3|8
21.2|91.66|1765|392|5.1|5.1|3|8
21.3|91.68|1765|392|5.1|5.1|3|8
21.4|91.68|1768|392|5.1|5.1|3|8
21.5|91.65|1768|392|5.1|5.1|3|8
21.6|91.64|1771|392|5.1|5.1|3|8
21.7|91.62|1771|392|5.1|5.1|3|8
21.8|91.65|1771|391|5.1|5.1|3|8
21.9|91.66|1771|392|5.1|5.1|3|8
22|91.69|1771|392|5.1|5.1|3|8
22.1|91.68|1773|392|5.1|5.1|3|8
22.2|91.66|1773|392|5.1|5.1|3|8
22.3|91.65|1773|392|5.1|5.1|3|8
22.4|91.7|1773|392|5.1|5.1|4|8
22.5|91.86|1773|392|5.1|5.1|4|8
22.6|92.28|1755|392|5.1|5.1|4|8
22.7|92.82|1343|392|5.1|5.1|5|8
22.8|93.14|1077|391|5.1|5.1|5|8
22.9|93.35|1072|390|5.1|5.1|5|8
23|93.39|1070|390|5.1|5.1|5|8
23.1|93.41|1070|390|5.1|5.1|5|8
23.2|93.43|1070|390|5.1|5.1|5|8
23.3|93.43|1067|390|5.1|5.1|5|8
23.4|93.45|1067|390|5.1|5.1|5|8
23.5|93.45|1067|390|5.1|5.1|5|8
23.6|93.45|1067|390|5.1|5.1|5|8
23.7|93.5|1064|390|5.1|5.1|5|8
23.8|93.43|1064|390|5.1|5.1|5|8
23.9|93.43|1064|390|5.1|5.1|5|8
24|93.43|1064|390|5.1|5.1|5|8
24.1|93.42|1064|390|5.1|5.1|5|8
24.2|93.45|1064|390|5.1|5.1|5|8
24.3|93.46|1064|390|5.1|5.1|5|8
24.4|93.46|1064|390|5.1|5.1|5|8
24.5|93.43|1062|390|5.1|5.1|5|8
24.6|93.42|1062|390|5.1|5.1|5|8
24.7|93.42|1064|390|5.1|5.1|2|8
24.8|93.45|1062|390|5.1|5.1|2|8
24.9|93.1|1062|390|5.1|5.1|2|8
25|92.71|1062|390|5.1|5.1|2|8
25.1|92.24|1580|390|5.1|5.1|3|8
25.2|91.94|1719|391|5.1|5.1|3|8
25.3|91.81|1737|392|5.1|5.1|3|8
25.4|91.69|1747|392|5.1|5.1|3|8
25.5|91.62|1755|392|5.1|5.1|3|8
25.6|91.61|1758|392|5.1|5.1|3|8
25.7|91.61|1763|392|5.1|5.1|3|8
25.8|91.64|1765|392|5.1|5.1|3|8
25.9|91.61|1768|392|5.1|5.1|3|8
26|91.61|1768|392|5.1|5.1|3|8
26.1|91.61|1771|392|5.1|5.1|3|8
26.2|91.6|1773|392|5.1|5.1|3|8
26.3|91.6|1773|392|5.1|5.1|3|8
26.4|91.6|1773|392|5.1|5.1|3|8
26.5|91.58|1773|392|5.1|5.1|3|8
26.6|91.58|1773|392|5.1|5.1|3|8
26.7|91.58|1773|392|5.1|5.1|3|8
26.8|91.57|1776|392|5.1|5.1|3|8
26.9|91.61|1776|392|5.1|5.1|3|8
27|91.61|1776|392|5.1|5.1|3|8
27.1|91.61|1776|392|5.1|5.1|4|8
27.2|91.7|1776|392|5.1|5.1|4|8
27.3|91.89|1773|392|5.1|5.1|4|8
27.4|92.31|1750|392|5.1|5.1|4|8
27.5|92.87|1129|392|5.1|5.1|5|8
27.6|93.15|1072|391|5.1|5.1|5|8
27.7|93.27|1070|391|5.1|5.1|5|8
27.8|93.33|1067|391|5.1|5.1|5|8
27.9|93.33|1067|390|5.1|5.1|5|8
28|93.33|1067|390|5.1|5.1|5|8
28.1|93.33|1067|390|5.1|5.1|5|8
28.2|93.34|1064|390|5.1|5.1|5|8
28.3|93.33|1064|391|5.1|5.1|5|8
28.4|93.34|1064|390|5.1|5.1|5|8
28.5|93.34|1064|390|5.1|5.1|5|8
28.6|93.34|1062|390|5.1|5.1|5|8
28.7|93.35|1062|390|5.1|5.1|5|8
28.8|93.38|1062|390|5.1|5.1|5|8
28.9|93.34|1062|390|5.1|5.1|5|8
29|93.34|1059|390|5.1|5.1|5|8
29.1|93.34|1059|390|5.1|5.1|5|8
29.2|93.33|1059|390|5.1|5.1|5|8
29.3|93.34|1059|390|5.1|5.1|5|8
29.4|93.34|1059|390|5.1|5.1|5|8
29.5|93.35|1059|390|5.1|5.1|2|8
29.6|93.23|1059|390|5.1|5.1|2|8
29.7|92.91|1057|390|5.1|5.1|2|8
29.8|92.45|1173|390|5.1|5.1|2|8
29.9|92.01|1693|392|5.1|5.1|3|8
30|91.88|1732|392|5.1|5.1|3|8
30.1|91.77|1747|392|5.1|5.1|3|8
30.2|91.64|1755|392|5.1|5.1|3|8
30.3|91.62|1760|392|5.1|5.1|3|8
30.4|91.61|1765|392|5.1|5.1|3|8
30.5|91.61|1768|392|5.1|5.1|3|8
30.6|91.61|1771|392|5.1|5.1|3|8
30.7|91.6|1773|392|5.1|5.1|3|8
30.8|91.6|1773|392|5.1|5.1|3|8
30.9|91.6|1773|392|5.1|5.1|3|8
31|91.56|1776|392|5.1|5.1|3|8
31.1|91.58|1776|392|5.1|5.1|3|8
31.2|91.6|1776|392|5.1|5.1|3|8
31.3|91.6|1776|393|5.1|5.1|3|8
31.4|91.6|1776|393|5.1|5.1|3|8
31.5|91.6|1778|393|5.1|5.1|3|8
31.6|91.58|1778|393|5.1|5.1|3|8
31.7|91.6|1778|393|5.1|5.1|3|8
31.8|91.6|1778|393|5.1|5.1|3|8
31.9|91.58|1778|393|5.1|5.1|4|8
32|91.78|1778|393|5.1|5.1|4|8
32.1|92.04|1771|393|5.1|5.1|4|8
32.2|92.58|1619|394|5.1|5.1|4|8
32.3|93.09|1080|392|5.1|5.1|5|8
32.4|93.26|1070|392|5.1|5.1|5|8
32.5|93.34|1067|392|5.1|5.1|5|8
32.6|93.35|1067|391|5.1|5.1|5|8
32.7|93.41|1064|391|5.1|5.1|5|8
32.8|93.47|1064|391|5.1|5.1|5|8
32.9|93.38|1062|391|5.1|5.1|5|8
33|93.35|1062|391|5.1|5.1|5|8
33.1|93.35|1062|391|5.1|5.1|5|8
33.2|93.37|1059|391|5.1|5.1|5|8
33.3|93.38|1059|391|5.1|5.1|5|8
33.4|93.39|1059|391|5.1|5.1|5|8
33.5|93.41|1059|391|5.1|5.1|5|8
33.6|93.43|1057|391|5.1|5.1|5|8
33.7|93.46|1057|391|5.1|5.1|5|8
33.8|93.39|1057|391|5.1|5.1|5|8
33.9|93.35|1057|391|5.1|5.1|5|8
34|93.35|1057|391|5.1|5.1|5|8
34.1|93.39|1057|391|5.1|5.1|5|8
34.2|93.37|1054|391|5.1|5.1|5|8
34.3|93.45|1054|391|5.1|5.1|2|8
34.4|93.18|1054|391|5.1|5.1|2|8
34.5|92.75|1054|391|5.1|5.1|2|8
34.6|92.36|1546|392|5.1|5.1|3|8
34.7|91.98|1704|392|5.1|5.1|3|8
34.8|91.88|1732|393|5.1|5.1|3|8
34.9|91.8|1742|394|5.1|5.1|3|8
35|91.74|1753|394|5.1|5.1|3|8
35.1|91.77|1758|394|5.1|5.1|3|8
35.2|91.69|1763|394|5.1|5.1|3|8
35.3|91.65|1768|394|5.1|5.1|3|8
35.4|91.68|1771|394|5.1|5.1|3|8
35.5|91.72|1771|394|5.1|5.1|3|8
35.6|91.69|1773|394|5.1|5.1|3|8
35.7|91.66|1776|394|5.1|5.1|3|8
35.8|91.74|1776|394|5.1|5.1|3|8
35.9|91.69|1776|394|5.1|5.1|3|8
36|91.66|1778|394|5.1|5.1|3|8
36.1|91.72|1778|394|5.1|5.1|3|8
36.2|91.7|1778|394|5.1|5.1|3|8
36.3|91.69|1778|394|5.1|5.1|3|8
36.4|91.68|1778|394|5.1|5.1|3|8
36.5|91.68|1778|394|5.1|5.1|3|8
36.6|91.69|1778|394|5.1|5.1|4|8
36.7|91.76|1778|394|5.1|5.1|4|8
36.8|91.94|1776|394|5.1|5.1|4|8
36.9|92.35|1747|394|5.1|5.1|4|8
37|92.94|1155|394|5.1|5.1|2|8
37.1|93.14|1064|392|5.1|5.1|2|8
37.2|93.15|1062|392|5.1|5.1|2|8
37.3|93.18|1062|392|5.1|5.1|2|8
37.4|93.19|1059|392|5.1|5.1|2|8
37.5|92.99|1059|392|5.1|5.1|2|8
37.6|93|1059|392|5.1|5.1|2|8
37.7|93|1057|392|5.1|5.1|2|8
37.8|92.95|1057|392|5.1|5.1|2|8
37.9|92.87|1057|392|5.1|5.1|2|8
38|92.78|1057|392|5.1|5.1|2|8
38.1|92.68|1057|392|5.1|5.1|2|8
38.2|92.7|1059|392|5.1|5.1|2|8
38.3|92.62|1160|392|5.1|5.1|2|8
38.4|92.52|1206|392|5.1|5.1|2|8
38.5|92.45|1170|393|5.1|5.1|2|8
38.6|92.4|1603|394|5.1|5.1|2|8
38.7|92.41|1634|394|5.1|5.1|2|8
38.8|92.56|1619|394|5.1|5.1|2|8
38.9|92.71|1175|394|5.1|5.1|2|8
39|92.88|1059|394|5.1|5.1|2|8
39.1|92.92|1057|392|5.1|5.1|2|8
39.2|92.86|1054|392|5.1|5.1|2|8
39.3|92.79|1054|392|5.1|5.1|2|8
39.4|92.75|1054|392|5.1|5.1|2|8
39.5|92.67|1054|392|5.1|5.1|2|8
39.6|92.67|1057|392|5.1|5.1|2|8
39.7|92.62|1064|392|5.1|5.1|2|8
39.8|92.52|1098|392|5.1|5.1|2|8
39.9|92.45|1059|392|5.1|5.1|2|8
40|92.4|1090|392|5.1|5.1|2|8
40.1|92.39|1149|393|5.1|5.1|2|8
40.2|92.29|1271|394|5.1|5.1|2|8
40.3|92.19|1415|394|5.1|5.1|2|8
40.4|92.17|1523|394|5.1|5.1|2|8
40.5|92.16|1495|394|5.1|5.1|2|8
40.6|92.31|1072|394|5.1|5.1|2|8
40.7|92.36|1057|393|5.1|5.1|2|8
40.8|92.37|1057|392|5.1|5.1|2|8
40.9|92.28|1054|392|5.1|5.1|2|8
41|92.19|1059|392|5.1|5.1|2|8
41.1|92.19|1142|392|5.1|5.1|2|8
41.2|92.11|1371|394|5.1|5.1|2|8
41.3|92.04|1482|394|5.1|5.1|2|8
41.4|92.02|1451|394|5.1|5.1|2|8
41.5|92.01|1067|394|5.1|5.1|2|8
41.6|92.04|1054|393|5.1|5.1|2|8
41.7|92.04|1054|393|5.1|5.1|2|8
41.8|92|1534|394|5.1|5.1|2|8
41.9|91.92|1549|394|5.1|5.1|2|8
42|92.02|1508|395|5.1|5.1|2|8
42.1|92.21|1106|394|5.1|5.1|2|8
42.2|92.29|1057|394|5.1|5.1|2|8
42.3|92.27|1054|393|5.1|5.1|2|8
42.4|92.19|1054|393|5.1|5.1|2|8
42.5|92.13|1052|393|5.1|5.1|2|8
42.6|92.08|1052|393|5.1|5.1|2|8
42.7|92.05|1077|394|5.1|5.1|2|8
42.8|91.97|1160|394|5.1|5.1|2|8
42.9|91.96|1634|394|5.1|5.1|2|8
43|91.9|1655|395|5.1|5.1|2|8
43.1|92.08|1639|396|5.1|5.1|2|8
43.2|92.31|1361|396|5.1|5.1|2|8
43.3|92.4|1062|394|5.1|5.1|2|8
43.4|92.47|1054|394|5.1|5.1|2|8
43.5|92.47|1054|394|5.1|5.1|2|8
43.6|92.4|1052|394|5.1|5.1|2|8
43.7|92.4|1052|394|5.1|5.1|2|8
43.8|92.29|1052|394|5.1|5.1|2|8
43.9|92.17|1052|394|5.1|5.1|2|8
44|92.17|1062|394|5.1|5.1|2|8
44.1|92.11|1072|394|5.1|5.1|2|8
44.2|92.04|1075|394|5.1|5.1|2|8
44.3|92.01|1088|394|5.1|5.1|2|8
44.4|91.96|1291|394|5.1|5.1|2|8
44.5|91.92|1443|394|5.1|5.1|2|8
44.6|91.84|1485|394|5.1|5.1|2|8
44.7|91.7|1425|396|5.1|5.1|2|8
44.8|91.78|1059|394|5.1|5.1|2|8
44.9|91.8|1052|394|5.1|5.1|2|8
45|91.8|1049|394|5.1|5.1|2|8
45.1|91.76|1477|394|5.1|5.1|2|8
45.2|91.65|1616|396|5.1|5.1|2|8
45.3|91.77|1626|396|5.1|5.1|2|8
45.4|91.89|1642|396|5.1|5.1|2|8
45.5|92.08|1131|396|5.1|5.1|2|8
45.6|92.24|1057|394|5.1|5.1|2|8
45.7|92.24|1054|394|5.1|5.1|2|8
45.8|92.2|1052|394|5.1|5.1|2|8
45.9|92.17|1052|394|5.1|5.1|2|8
46|92.11|1049|394|5.1|5.1|2|8
46.1|92.05|1049|394|5.1|5.1|2|8
46.2|92.01|1049|394|5.1|5.1|2|8
46.3|91.96|1090|394|5.1|5.1|2|8
46.4|91.92|1121|394|5.1|5.1|2|8
46.5|91.84|1062|394|5.1|5.1|2|8
46.6|91.74|1067|394|5.1|5.1|2|8
46.7|91.66|1495|394|5.1|5.1|2|8
46.8|91.61|1536|396|5.1|5.1|2|8
46.9|91.77|1405|396|5.1|5.1|2|8
47|91.84|1057|395|5.1|5.1|2|8
47.1|91.86|1049|394|5.1|5.1|2|8
47.2|91.89|1049|394|5.1|5.1|2|8
47.3|91.85|1046|394|5.1|5.1|2|8
47.4|91.74|1049|394|5.1|5.1|2|8
47.5|91.69|1126|394|5.1|5.1|2|8
47.6|91.62|1335|395|5.1|5.1|2|8
47.7|91.53|1253|396|5.1|5.1|2|8
47.8|91.47|1206|395|5.1|5.1|2|8
47.9|91.49|1268|394|5.1|5.1|2|8
48|91.46|1330|394|5.1|5.1|2|8
48.1|91.37|1418|396|5.1|5.1|2|8
48.2|91.27|1384|394|5.1|5.1|2|8
48.3|91.23|1327|396|5.1|5.1|2|8
48.4|91.13|1317|396|5.1|5.1|2|8
48.5|91.07|1198|395|5.1|5.1|2|8
48.6|91.02|1229|394|5.1|5.1|2|8
48.7|90.96|1209|394|5.1|5.1|2|8
48.8|90.82|1327|394|5.1|5.1|2|8
48.9|90.8|1124|394|5.1|5.1|2|8
49|90.72|1186|395|5.1|5.1|2|8
49.1|90.64|1116|395|5.1|5.1|2|8
49.2|90.62|1139|394|5.1|5.1|2|8
49.3|90.52|1095|394|5.1|5.1|2|8
49.4|90.48|1178|394|5.1|5.1|2|8
49.5|90.36|1209|394|5.1|5.1|2|8
49.6|90.31|1258|394|5.1|5.1|2|8
49.7|90.23|1196|394|5.1|5.1|2|8
49.8|90.17|1216|394|5.1|5.1|2|8
49.9|90.04|1180|394|5.1|5.1|2|8
50|89.94|1227|394|5.1|5.1|2|8
50.1|89.88|1245|394|5.1|5.1|2|8
50.2|89.86|1211|394|5.1|5.1|2|8
50.3|89.7|1183|394|5.1|5.1|2|8
50.4|89.73|1253|394|5.1|5.1|2|8
50.5|89.56|1286|395|5.1|5.1|2|8
50.6|89.52|1157|394|5.1|5.1|2|8
50.7|89.45|1180|394|5.1|5.1|2|8
50.8|89.3|1214|394|5.1|5.1|2|8
50.9|89.18|1180|394|5.1|5.1|2|8
51|89.15|1186|394|5.1|5.1|2|8
51.1|89.03|1227|394|5.1|5.1|2|8
51.2|88.97|1106|394|5.1|5.1|2|8
51.3|88.88|1116|394|5.1|5.1|2|8
51.4|88.72|1242|394|5.1|5.1|2|8
51.5|88.75|1263|394|5.1|5.1|2|8
51.6|88.56|1340|394|5.1|5.1|2|8
51.7|88.5|1247|394|5.1|5.1|2|8
51.8|88.37|1265|394|5.1|5.1|2|8
51.9|88.24|1229|394|5.1|5.1|2|8
52|88.24|1219|394|5.1|5.1|2|8
52.1|88.05|1214|394|5.1|5.1|2|8
52.2|88.03|1216|394|5.1|5.1|2|8
52.3|87.86|1224|394|5.1|5.1|2|8
52.4|87.78|1149|394|5.1|5.1|2|8
52.5|87.62|1191|394|5.1|5.1|2|8
52.6|87.6|1170|394|5.1|5.1|2|8
52.7|87.45|1201|394|5.1|5.1|2|8
52.8|87.3|1235|394|5.1|5.1|2|8
52.9|87.18|1137|394|5.1|5.1|2|8
53|87.15|1276|394|5.1|5.1|2|8
53.1|86.99|1235|394|5.1|5.1|2|8
53.2|86.89|1273|394|5.1|5.1|2|8
53.3|86.76|1108|394|5.1|5.1|2|8
53.4|86.63|1126|394|5.1|5.1|2|8
53.5|86.54|1196|394|5.1|5.1|2|8
53.6|86.43|1247|393|5.1|5.1|2|8
53.7|86.25|1211|395|5.1|5.1|2|8
53.8|86.16|1191|394|5.1|5.1|2|8
53.9|86.03|1361|394|5.1|5.1|2|8
54|85.91|1245|394|5.1|5.1|2|8
54.1|85.78|1312|394|5.1|5.1|2|8
54.2|85.62|1253|394|5.1|5.1|2|8
54.3|85.49|1170|394|5.1|5.1|2|8
54.4|85.41|1201|394|5.1|5.1|2|8
54.5|85.22|1338|396|5.1|5.1|2|8
54.6|85.14|1193|394|5.1|5.1|2|8
54.7|84.98|1186|394|5.1|5.1|2|8
54.8|84.82|1186|393|5.1|5.1|2|8
54.9|84.66|1147|394|5.1|5.1|2|8
55|84.5|1235|394|5.1|5.1|2|8
55.1|84.39|1302|394|5.1|5.1|2|8
55.2|84.25|1178|394|5.1|5.1|2|8
55.3|84.15|1286|394|5.1|5.1|2|8
55.4|83.93|1317|394|5.1|5.1|2|8
55.5|83.84|1227|394|5.1|5.1|2|8
55.6|83.65|1237|394|5.1|5.1|2|8
55.7|83.5|1258|394|5.1|5.1|2|8
55.8|83.34|1224|394|5.1|5.1|2|8
55.9|83.17|1294|394|5.1|5.1|2|8
56|83.05|1258|394|5.1|5.1|2|8
56.1|82.86|1351|394|5.1|5.1|2|8
56.2|82.71|1271|393|5.1|5.1|2|8
56.3|82.51|1304|394|5.1|5.1|2|8
56.4|82.39|1232|394|5.1|5.1|2|8
56.5|82.17|1173|394|5.1|5.1|2|8
56.6|82.04|1304|394|5.1|5.1|2|8
56.7|81.81|1325|394|5.1|5.1|2|8
56.8|81.64|1343|394|5.1|5.1|2|8
56.9|81.46|1397|394|5.1|5.1|2|8
57|81.25|1312|394|5.1|5.1|2|8
57.1|81.11|1371|394|5.1|5.1|2|8
57.2|80.97|1196|394|5.1|5.1|2|8
57.3|80.7|1294|394|5.1|5.1|2|8
57.4|80.55|1335|396|5.1|5.1|2|8
57.5|80.39|1335|395|5.1|5.1|2|8
57.6|80.18|1322|394|5.1|5.1|2|8
57.7|79.56|1657|394|5.1|5.1|6|8
57.8|77.37|1817|395|5.1|5.1|6|8
57.9|74.82|495|395|5.1|5.1|7|8
58|72.54|0|392|5.1|5.1|7|8
58.1|70.92|0|390|5.1|5.1|7|8
58.2|70.12|0|389|5.1|5.1|7|8
58.3|69.75|0|388|5.1|5.1|7|8
58.4|69.44|0|388|5.1|5.1|7|8
58.5|69.32|0|388|5.1|5.1|7|8
58.6|69.22|0|388|5.1|5.1|7|8
58.7|69.24|0|388|5.1|5.1|7|8
58.8|69.24|0|388|5.1|5.1|7|8
58.9|69.24|0|388|5.1|5.1|7|8
59|69.22|0|388|5.1|5.1|7|8
59.1|69.24|0|388|5.1|5.1|7|8
59.2|69.21|0|388|5.1|5.1|7|8
59.3|69.22|0|388|5.1|5.1|7|8
59.4|69.22|0|388|5.1|5.1|7|8
59.5|69.22|0|388|5.1|5.1|7|8
59.6|69.22|0|388|5.1|5.1|7|8
59.7|69.22|0|388|5.1|5.1|7|8
59.8|69.22|0|388|5.1|5.1|7|8
59.9|69.22|0|388|5.1|5.1|7|8
60|69.21|0|388|5.1|5.1|7|8
60.1|69.2|0|388|5.1|5.1|7|8
60.2|69.21|0|388|5.1|5.1|7|8
60.3|69.21|0|388|5.1|5.1|7|8
60.4|69.2|0|388|5.1|5.1|7|8
60.5|69.22|0|388|5.1|5.1|7|8
60.6|69.21|0|388|5.1|5.1|7|8
60.7|69.22|0|388|5.1|5.1|7|8
60.8|69.2|0|388|5.1|5.1|7|8
60.9|69.2|0|388|5.1|5.1|7|8
61|69.21|0|388|5.1|5.1|7|8
61.1|69.21|0|388|5.1|5.1|7|8
61.2|69.21|0|388|5.1|5.1|7|8
61.3|69.2|0|388|5.1|5.1|7|8
61.4|69.2|0|388|5.1|5.1|7|8
61.5|69.21|0|388|5.1|5.1|7|8
61.6|69.22|0|388|5.1|5.1|7|8
61.7|69.18|0|388|5.1|5.1|7|8
61.8|69.18|0|388|5.1|5.1|7|8
61.9|69.21|0|388|5.1|5.1|7|8
62|69.2|0|388|5.1|5.1|7|8
62.1|69.21|0|388|5.1|5.1|7|8
62.2|69.2|0|388|5.1|5.1|7|8
62.3|69.2|0|388|5.1|5.1|7|8
62.4|69.21|0|388|5.1|5.1|7|8
62.5|69.18|0|388|5.1|5.1|7|8
62.6|69.2|0|388|5.1|5.1|7|8
62.7|69.2|0|388|5.1|5.1|7|8
62.8|69.2|0|388|5.1|5.1|7|8
62.9|69.2|0|388|5.1|5.1|7|8
63|69.2|0|388|5.1|5.1|7|8
63.1|69.2|0|388|5.1|5.1|7|8
63.2|69.2|0|388|5.1|5.1|7|8
63.3|69.2|0|388|5.1|5.1|7|8
63.4|69.2|0|388|5.1|5.1|7|8
63.5|69.18|0|388|5.1|5.1|7|8
63.6|69.17|0|388|5.1|5.1|7|8
63.7|69.17|0|388|5.1|5.1|7|8
63.8|69.17|0|388|5.1|5.1|7|8
63.9|69.17|0|388|5.1|5.1|7|8
64|69.2|0|388|5.1|5.1|7|8
64.1|69.2|0|388|5.1|5.1|7|8
64.2|69.18|0|388|5.1|5.1|7|8
64.3|69.2|0|388|5.1|5.1|7|8
64.4|69.2|0|388|5.1|5.1|7|8
64.5|69.17|0|388|5.1|5.1|7|8
64.6|69.17|0|388|5.1|5.1|7|8
64.7|69.17|0|388|5.1|5.1|7|8
64.8|69.2|0|388|5.1|5.1|7|8
64.9|69.2|0|388|5.1|5.1|7|8
65|69.2|0|388|5.1|5.1|7|8
65.1|69.2|0|388|5.1|5.1|7|8
65.2|69.2|0|388|5.1|5.1|7|8
65.3|69.2|0|388|5.1|5.1|7|8
65.4|69.17|0|388|5.1|5.1|7|8
65.5|69.18|0|388|5.1|5.1|7|8
65.6|69.17|0|388|5.1|5.1|7|8
65.7|69.17|0|388|5.1|5.1|7|8
65.8|69.17|0|388|5.1|5.1|7|8
65.9|69.18|0|388|5.1|5.1|7|8
66|69.2|0|388|5.1|5.1|7|8
66.1|69.18|0|388|5.1|5.1|7|8
66.2|69.2|0|388|5.1|5.1|7|8
66.3|69.2|0|388|5.1|5.1|7|8
66.4|69.2|0|388|5.1|5.1|7|8
66.5|69.18|0|388|5.1|5.1|7|8
66.6|69.2|0|388|5.1|5.1|7|8
66.7|69.18|0|388|5.1|5.1|7|8
66.8|69.21|0|388|5.1|5.1|7|8
66.9|69.35|0|388|5.1|5.1|7|8
67|69.28|0|388|5.1|5.1|7|8
67.1|69.26|0|388|5.1|5.1|7|8
67.2|69.2|0|388|5.1|5.1|7|8
67.3|69.18|0|388|5.1|5.1|7|8
67.4|69.16|0|388|5.1|5.1|7|8
67.5|69.17|0|388|5.1|5.1|7|8
67.6|69.2|0|388|5.1|5.1|7|8
67.7|69.2|0|388|5.1|5.1|7|8
67.8|69.17|0|388|5.1|5.1|7|8
67.9|69.18|0|388|5.1|5.1|7|8
68|69.18|0|388|5.1|5.1|7|8
68.1|69.18|0|388|5.1|5.1|7|8
68.2|69.17|0|390|5.1|5.1|7|8
68.3|69.16|0|398|5.1|5.1|7|8
68.4|69.18|0|400|5.1|5.1|7|8
68.5|69.22|0|401|5.1|5.1|7|8
68.6|69.21|0|401|5.1|5.1|7|8
68.7|69.2|0|401|5.1|5.1|7|8
68.8|69.17|0|401|5.1|5.1|7|8
68.9|69.13|0|401|5.1|5.1|7|8
69|69.13|0|401|5.1|5.1|7|8
69.1|69.17|0|401|5.1|5.1|7|8
69.2|69.18|0|401|5.1|5.1|7|8
69.3|69.22|0|401|5.1|5.1|7|8
69.4|69.2|0|401|5.1|5.1|7|8
69.5|69.2|0|401|5.1|5.1|7|8
69.6|69.18|0|401|5.1|5.1|7|8
69.7|69.17|0|401|5.1|5.1|7|8
69.8|69.14|0|401|5.1|5.1|7|8
69.9|69.16|0|401|5.1|5.1|7|8
70|69.17|0|401|5.1|5.1|7|8
70.1|69.22|0|401|5.1|5.1|7|8
70.2|69.17|0|401|5.1|5.1|7|8
70.3|69.1|0|401|5.1|5.1|7|8
70.4|69.18|0|401|5.1|5.1|7|8
70.5|69.18|0|401|5.1|5.1|7|8
70.6|69.26|0|401|5.1|5.1|7|8
70.7|69.12|0|401|5.1|5.1|7|8
70.8|69.16|0|401|5.1|5.1|7|8
70.9|69.21|0|401|5.1|5.1|8|8
71|69.17|0|401|5.1|5.1|8|8
71.1|69.08|0|401|5.1|5.1|8|8
71.2|68.98|0|401|5.1|5.1|8|8
71.3|69.12|0|401|5.1|5.1|8|8
71.4|69.12|0|401|5.1|5.1|8|8
71.5|69.04|0|400|5.1|5.1|8|8
71.6|69.12|0|400|5.1|5.1|8|8
71.7|69.1|0|400|5.1|5.1|8|8
71.8|69.04|0|400|5.1|5.1|8|8
71.9|69.12|0|401|5.1|5.1|8|8
72|69.09|0|401|5.1|5.1|8|8
72.1|69.06|0|401|5|5|8|8
72.2|69.16|0|401|5|5|8|8
72.3|69.05|0|400|5|5|8|8
72.4|69.1|0|400|5|5|8|8
72.5|69.09|0|400|5|5|8|8
72.6|69.13|0|400|5|5|8|8
72.7|69.09|0|400|5|5|8|8
72.8|69.09|0|400|5|5|8|8
72.9|69.13|0|400|5|5|8|8
73|71|0|400|5|5|8|8
73.1|73.99|0|400|5|5|8|8
73.2|76.99|0|400|5|5|8|8
73.3|80.01|0|400|5|5|8|8
73.4|82.98|0|400|5|5|8|8
73.5|85.89|0|400|5|5|8|8
73.6|88.76|0|400|5|4.9|8|8
73.7|91.74|0|400|4.9|4.9|8|8
73.8|94.23|0|400|5|5|8|8
73.9|95.3|0|400|5|5|8|8
74|95.76|0|400|5|5|8|8
