0|96.01|1211|409|5.2|5.2|1|8
0.1|96.02|1384|416|5.2|5.2|1|8
0.2|96.05|1015|416|5.2|5.2|1|8
0.3|96.04|1010|416|5.2|5.2|1|8
0.4|96.04|1008|416|5.2|5.2|1|8
0.5|96.05|1039|416|5.2|5.2|2|8
0.6|95.74|1126|417|5.2|5.2|2|8
0.7|95.35|1534|418|5.2|5.2|3|8
0.8|95.02|1626|420|5.2|5.2|3|8
0.9|94.87|1642|422|5.2|5.2|3|8
1|94.75|1652|422|5.2|5.2|3|8
1.1|94.72|1657|422|5.2|5.2|3|8
1.2|94.68|1660|422|5.2|5.2|3|8
1.3|94.66|1662|422|5.2|5.2|3|8
1.4|94.67|1662|422|5.2|5.2|3|8
1.5|94.67|1665|422|5.2|5.2|3|8
1.6|94.67|1668|422|5.2|5.2|3|8
1.7|94.74|1670|422|5.2|5.2|3|8
1.8|94.71|1673|422|5.2|5.2|3|8
1.9|94.7|1675|422|5.2|5.2|3|8
2|94.68|1678|422|5.2|5.2|3|8
2.1|94.7|1680|422|5.2|5.2|3|8
2.2|94.71|1680|422|5.2|5.2|3|8
2.3|94.68|1683|422|5.2|5.2|3|8
2.4|94.71|1686|422|5.2|5.2|3|8
2.5|94.79|1686|422|5.2|5.2|3|8
2.6|94.67|1686|422|5.2|5.2|3|8
2.7|94.61|1691|422|5.2|5.2|4|8
2.8|94.67|1691|422|5.2|5.2|4|8
2.9|95|1686|422|5.2|5.2|4|8
3|95.41|1649|422|5.2|5.2|4|8
3.1|96.02|1366|421|5.2|5.2|5|8
3.2|96.35|1023|418|5.2|5.2|5|8
3.3|96.45|1018|416|5.2|5.2|5|8
3.4|96.57|1015|415|5.2|5.2|5|8
3.5|96.56|1015|415|5.2|5.2|5|8
3.6|96.6|1015|415|5.3|5.2|5|8
3.7|96.6|1018|415|5.3|5.3|5|8
3.8|96.61|1021|415|5.3|5.3|5|8
3.9|96.63|1018|415|5.3|5.3|5|8
4|96.64|1018|415|5.3|5.3|5|8
4.1|96.64|1018|415|5.3|5.3|5|8
4.2|96.55|1021|415|5.3|5.3|5|8
4.3|96.61|1021|415|5.3|5.3|5|8
4.4|96.64|1021|415|5.3|5.3|5|8
4.5|96.57|1021|414|5.3|5.3|5|8
4.6|96.61|1021|414|5.3|5.3|5|8
4.7|96.64|1018|414|5.3|5.3|5|8
4.8|96.6|1018|414|5.3|5.3|5|8
4.9|96.57|1018|414|5.3|5.3|5|8
5|96.61|1015|414|5.3|5.3|5|8
5.1|96.65|1015|414|5.3|5.3|2|8
5.2|96.55|1015|414|5.3|5.3|2|8
5.3|96.24|1018|415|5.3|5.3|2|8
5.4|95.85|1021|414|5.3|5.3|2|8
5.5|95.37|1126|415|5.3|5.3|2|8
5.6|94.94|1572|416|5.3|5.3|3|8
5.7|94.63|1680|419|5.3|5.3|3|8
5.8|94.4|1691|420|5.3|5.3|3|8
5.9|94.36|1696|421|5.3|5.3|3|8
6|94.27|1701|422|5.3|5.3|3|8
6.1|94.21|1704|422|5.3|5.3|3|8
6.2|94.16|1704|422|5.3|5.3|3|8
6.3|94.21|1704|422|5.3|5.3|3|8
6.4|94.24|1706|422|5.3|5.3|3|8
6.5|94.23|1706|422|5.3|5.3|3|8
6.6|94.24|1709|422|5.3|5.3|3|8
6.7|94.24|1711|422|5.3|5.3|3|8
6.8|94.29|1711|422|5.3|5.3|3|8
6.9|94.17|1711|422|5.3|5.3|3|8
7|94.25|1711|422|5.3|5.3|3|8
7.1|94.23|1711|422|5.3|5.3|3|8
7.2|94.27|1714|422|5.3|5.3|3|8
7.3|94.2|1716|422|5.4|5.3|3|8
7.4|94.24|1716|422|5.4|5.4|3|8
7.5|94.27|1716|422|5.4|5.4|3|8
7.6|94.2|1719|422|5.4|5.4|4|8
7.7|94.29|1719|422|5.4|5.4|4|8
7.8|94.56|1716|422|5.4|5.4|4|8
7.9|95|1670|422|5.4|5.4|4|8
8|95.54|1242|420|5.4|5.4|5|8
8.1|95.89|1028|417|5.4|5.4|5|8
8.2|96.06|1023|415|5.4|5.4|5|8
8.3|96.06|1021|414|5.4|5.4|5|8
8.4|96.13|1021|414|5.4|5.4|5|8
8.5|96.13|1023|414|5.4|5.4|5|8
8.6|96.14|1028|414|5.4|5.4|5|8
8.7|96.08|1028|414|5.4|5.4|5|8
8.8|96.06|1026|414|5.4|5.4|5|8
8.9|96.1|1026|414|5.4|5.4|5|8
9|96.1|1026|414|5.4|5.4|5|8
9.1|96.12|1028|414|5.4|5.4|5|8
9.2|96.12|1026|414|5.4|5.4|5|8
9.3|96.1|1026|414|5.4|5.4|5|8
9.4|96.1|1021|414|5.4|5.4|5|8
9.5|96.1|1021|414|5.4|5.4|5|8
9.6|96.12|1021|414|5.4|5.4|5|8
9.7|96.1|1023|414|5.4|5.4|5|8
9.8|96.1|1023|414|5.4|5.4|5|8
9.9|96.1|1023|414|5.4|5.4|5|8
10|96.13|1023|414|5.4|5.4|2|8
10.1|96.06|1023|414|5.4|5.4|2|8
10.2|95.72|1023|414|5.4|5.4|2|8
10.3|95.29|1031|414|5.4|5.4|2|8
10.4|94.84|1235|415|5.4|5.4|2|8
10.5|94.45|1655|416|5.4|5.4|3|8
10.6|94.05|1737|400|5.4|5.4|3|8
10.7|93.96|1750|394|5.4|5.4|3|8
10.8|93.92|1755|392|5.4|5.4|3|8
10.9|93.88|1755|390|5.4|5.4|3|8
11|93.85|1758|390|5.4|5.4|3|8
11.1|93.78|1760|390|5.4|5.4|3|8
11.2|93.81|1760|390|5.4|5.4|3|8
11.3|93.82|1765|390|5.4|5.4|3|8
11.4|93.84|1765|390|5.4|5.4|3|8
11.5|93.84|1765|390|5.4|5.4|3|8
11.6|93.84|1768|390|5.4|5.4|3|8
11.7|93.88|1768|391|5.4|5.4|3|8
11.8|93.84|1771|391|5.4|5.4|3|8
11.9|93.78|1771|391|5.4|5.4|3|8
12|93.89|1773|391|5.4|5.4|3|8
12.1|93.84|1773|390|5.4|5.4|3|8
12.2|93.85|1776|390|5.4|5.4|3|8
12.3|93.88|1776|390|5.4|5.4|3|8
12.4|93.84|1776|390|5.4|5.4|3|8
12.5|93.77|1778|390|5.4|5.4|4|8
12.6|93.9|1778|390|5.4|5.4|4|8
12.7|94.32|1755|390|5.4|5.4|4|8
12.8|94.8|1680|390|5.4|5.4|4|8
12.9|95.26|1062|390|5.4|5.4|5|8
13|95.45|1044|389|5.4|5.4|5|8
13.1|95.5|1041|388|5.4|5.4|5|8
13.2|95.57|1039|388|5.4|5.4|5|8
13.3|95.62|1039|388|5.4|5.4|5|8
13.4|95.68|1036|388|5.4|5.4|5|8
13.5|95.61|1041|388|5.4|5.4|5|8
13.6|95.58|1041|388|5.4|5.4|5|8
13.7|95.59|1044|388|5.4|5.4|5|8
13.8|95.62|1041|388|5.4|5.4|5|8
13.9|95.65|1041|388|5.4|5.4|5|8
14|95.65|1044|388|5.4|5.4|5|8
14.1|95.66|1041|388|5.4|5.4|5|8
14.2|95.54|1041|388|5.4|5.4|5|8
14.3|95.54|1039|388|5.4|5.5|5|8
14.4|95.59|1036|388|5.5|5.5|5|8
14.5|95.62|1036|388|5.5|5.5|5|8
14.6|95.62|1039|388|5.5|5.5|5|8
14.7|95.68|1039|388|5.5|5.5|5|8
14.8|95.63|1039|388|5.5|5.5|5|8
14.9|95.62|1039|388|5.5|5.5|2|8
15|95.39|1039|388|5.5|5.5|2|8
15.1|95.02|1039|388|5.5|5.5|2|8
15.2|94.6|1206|388|5.5|5.5|2|8
15.3|94.1|1686|390|5.5|5.5|3|8
15.4|93.82|1758|390|5.5|5.5|3|8
15.5|93.66|1773|390|5.5|5.5|3|8
15.6|93.66|1778|390|5.5|5.5|3|8
15.7|93.53|1781|390|5.5|5.5|3|8
15.8|93.54|1781|390|5.5|5.5|3|8
15.9|93.61|1784|390|5.5|5.5|3|8
16|93.58|1784|390|5.5|5.5|3|8
16.1|93.55|1786|390|5.5|5.5|3|8
16.2|93.6|1786|390|5.5|5.5|3|8
16.3|93.6|1789|390|5.5|5.5|3|8
16.4|93.65|1789|390|5.5|5.5|3|8
16.5|93.55|1789|390|5.5|5.5|3|8
16.6|93.55|1789|390|5.5|5.5|3|8
16.7|93.55|1789|390|5.5|5.5|3|8
16.8|93.61|1791|390|5.5|5.5|3|8
16.9|93.58|1791|390|5.5|5.5|3|8
17|93.58|1791|390|5.5|5.5|3|8
17.1|93.57|1794|390|5.5|5.5|3|8
17.2|93.55|1794|390|5.5|5.5|3|8
17.3|93.58|1794|390|5.5|5.5|4|8
17.4|93.78|1791|390|5.5|5.5|4|8
17.5|94.05|1768|390|5.5|5.5|4|8
17.6|94.57|1655|390|5.5|5.5|4|8
17.7|95.02|1064|390|5.5|5.5|5|8
17.8|95.21|1046|388|5.5|5.5|5|8
17.9|95.27|1044|388|5.5|5.5|5|8
18|95.34|1044|388|5.5|5.5|5|8
18.1|95.35|1044|388|5.5|5.5|5|8
18.2|95.35|1046|388|5.5|5.5|5|8
18.3|95.37|1049|388|5.5|5.5|5|8
18.4|95.38|1049|388|5.5|5.5|5|8
18.5|95.37|1046|388|5.5|5.5|5|8
18.6|95.35|1046|388|5.5|5.5|5|8
18.7|95.37|1041|388|5.5|5.5|5|8
18.8|95.38|1041|388|5.5|5.5|5|8
18.9|95.34|1046|388|5.5|5.5|5|8
19|95.37|1044|388|5.5|5.5|5|8
19.1|95.37|1041|388|5.5|5.5|5|8
19.2|95.37|1046|388|5.5|5.5|5|8
19.3|95.37|1046|388|5.5|5.5|5|8
19.4|95.37|1046|388|5.5|5.5|5|8
19.5|95.35|1046|388|5.5|5.5|5|8
19.6|95.35|1049|388|5.5|5.5|5|8
19.7|95.37|1049|388|5.5|5.5|2|8
19.8|95.18|1049|388|5.5|5.5|2|8
19.9|94.79|1049|388|5.5|5.5|2|8
20|94.37|1227|389|5.5|5.5|2|8
20.1|93.86|1716|390|5.5|5.5|3|8
20.2|93.61|1771|390|5.5|5.5|3|8
20.3|93.55|1786|390|5.5|5.5|3|8
20.4|93.43|1794|390|5.5|5.5|3|8
20.5|93.38|1796|390|5.5|5.5|3|8
20.6|93.45|1796|390|5.5|5.5|3|8
20.7|93.47|1799|390|5.5|5.5|3|8
20.8|93.43|1802|390|5.5|5.5|3|8
20.9|93.38|1802|390|5.5|5.5|3|8
21|93.43|1802|390|5.5|5.5|3|8
21.1|93.45|1802|390|5.5|5.5|3|8
21.2|93.45|1804|391|5.5|5.5|3|8
21.3|93.49|1804|390|5.5|5.5|3|8
21.4|93.41|1807|390|5.5|5.5|3|8
21.5|93.43|1807|390|5.5|5.5|3|8
21.6|93.43|1807|390|5.5|5.5|3|8
21.7|93.43|1807|390|5.5|5.5|3|8
21.8|93.47|1807|390|5.5|5.5|3|8
21.9|93.42|1809|390|5.5|5.5|3|8
22|93.41|1809|390|5.5|5.5|3|8
22.1|93.39|1809|390|5.5|5.5|4|8
22.2|93.55|1804|390|5.5|5.5|4|8
22.3|94|1765|390|5.5|5.5|4|8
22.4|94.53|1106|390|5.5|5.5|5|8
22.5|94.75|1052|389|5.5|5.5|5|8
22.6|95|1049|388|5.5|5.5|5|8
22.7|94.92|1046|388|5.5|5.5|5|8
22.8|95.04|1046|388|5.5|5.5|5|8
22.9|94.86|1046|388|5.5|5.5|5|8
23|95.03|1046|388|5.5|5.5|5|8
23.1|95.02|1046|388|5.5|5.5|5|8
23.2|94.88|1046|388|5.5|5.5|5|8
23.3|95.04|1046|388|5.5|5.5|5|8
23.4|94.9|1044|388|5.5|5.5|5|8
23.5|95.02|1046|388|5.5|5.5|5|8
23.6|95|1044|388|5.5|5.5|5|8
23.7|94.92|1044|388|5.5|5.5|5|8
23.8|95.03|1041|388|5.5|5.5|5|8
23.9|94.9|1041|388|5.5|5.5|5|8
24|95.02|1041|388|5.5|5.5|5|8
24.1|94.9|1044|388|5.5|5.5|5|8
24.2|95.02|1046|388|5.5|5.5|5|8
24.3|94.91|1046|388|5.5|5.5|5|8
24.4|95|1044|388|5.5|5.5|2|8
24.5|94.83|1046|388|5.5|5.5|2|8
24.6|94.48|1046|388|5.5|5.5|2|8
24.7|94.02|1348|388|5.5|5.5|2|8
24.8|93.61|1737|389|5.5|5.5|3|8
24.9|93.42|1781|390|5.5|5.5|3|8
25|93.35|1794|390|5.5|5.5|3|8
25.1|93.38|1802|390|5.5|5.5|3|8
25.2|93.21|1804|390|5.5|5.5|3|8
25.3|93.3|1809|390|5.5|5.5|3|8
25.4|93.35|1809|390|5.5|5.5|3|8
25.5|93.22|1812|390|5.5|5.5|3|8
25.6|93.31|1812|390|5.5|5.5|3|8
25.7|93.33|1814|390|5.5|5.5|3|8
25.8|93.22|1814|390|5.5|5.5|3|8
25.9|93.3|1817|390|5.5|5.5|3|8
26|93.35|1817|390|5.5|5.5|3|8
26.1|93.22|1820|390|5.5|5.5|3|8
26.2|93.29|1820|390|5.5|5.5|3|8
26.3|93.34|1820|390|5.5|5.5|3|8
26.4|93.26|1820|390|5.5|5.5|3|8
26.5|93.26|1822|390|5.5|5.5|3|8
26.6|93.29|1822|390|5.5|5.5|3|8
26.7|93.35|1822|390|5.5|5.5|3|8
26.8|93.29|1822|390|5.5|5.5|4|8
26.9|93.49|1814|390|5.5|5.5|4|8
27|93.93|1753|390|5.5|5.5|4|8
27.1|94.44|1080|390|5.5|5.5|5|8
27.2|94.7|1052|388|5.5|5.5|5|8
27.3|94.74|1049|388|5.5|5.5|5|8
27.4|94.75|1052|388|5.5|5.5|5|8
27.5|94.83|1049|388|5.5|5.5|5|8
27.6|94.8|1049|388|5.5|5.5|5|8
27.7|94.8|1049|388|5.5|5.5|5|8
27.8|94.83|1049|388|5.5|5.5|5|8
27.9|94.82|1049|388|5.5|5.5|5|8
28|94.76|1049|388|5.5|5.5|5|8
28.1|94.82|1049|388|5.5|5.5|5|8
28.2|94.82|1049|388|5.5|5.5|5|8
28.3|94.84|1046|388|5.5|5.5|5|8
28.4|94.84|1046|388|5.5|5.5|5|8
28.5|94.82|1044|388|5.5|5.5|5|8
28.6|94.78|1044|388|5.5|5.5|5|8
28.7|94.82|1041|388|5.5|5.5|5|8
28.8|94.83|1044|388|5.5|5.5|5|8
28.9|94.82|1044|388|5.5|5.5|5|8
29|94.82|1041|388|5.5|5.5|5|8
29.1|94.84|1046|388|5.5|5.5|2|8
29.2|94.71|1046|388|5.5|5.5|2|8
29.3|94.31|1044|388|5.5|5.5|2|8
29.4|93.84|1402|388|5.5|5.5|2|8
29.5|93.47|1758|389|5.5|5.5|3|8
29.6|93.19|1794|390|5.5|5.5|3|8
29.7|93.22|1807|390|5.5|5.5|3|8
29.8|93.21|1812|390|5.5|5.5|3|8
29.9|93.11|1814|390|5.5|5.5|3|8
30|93.02|1820|390|5.5|5.5|3|8
30.1|93.09|1820|390|5.5|5.5|3|8
30.2|93.17|1822|390|5.5|5.5|3|8
30.3|93.04|1822|390|5.5|5.5|3|8
30.4|93.09|1825|390|5.5|5.5|3|8
30.5|93.1|1825|390|5.5|5.5|3|8
30.6|93.18|1825|390|5.5|5.5|3|8
30.7|93.04|1827|390|5.5|5.5|3|8
30.8|93.07|1827|390|5.5|5.5|3|8
30.9|93.1|1827|390|5.5|5.5|3|8
31|93.09|1827|389|5.5|5.5|3|8
31.1|93.03|1827|389|5.5|5.5|3|8
31.2|93.09|1827|389|5.5|5.5|3|8
31.3|93.14|1827|389|5.5|5.5|3|8
31.4|93.06|1830|390|5.5|5.5|3|8
31.5|93.09|1830|390|5.5|5.5|4|8
31.6|93.33|1820|390|5.5|5.5|4|8
31.7|93.82|1701|390|5.5|5.5|4|8
31.8|94.31|1064|389|5.5|5.5|5|8
31.9|94.4|1052|388|5.5|5.5|5|8
32|94.45|1049|388|5.5|5.5|5|8
32.1|94.55|1046|388|5.5|5.5|5|8
32.2|94.68|1046|388|5.5|5.5|5|8
32.3|94.52|1052|388|5.5|5.5|5|8
32.4|94.53|1049|388|5.5|5.5|5|8
32.5|94.56|1049|388|5.5|5.5|5|8
32.6|94.67|1049|388|5.5|5.5|5|8
32.7|94.52|1049|388|5.5|5.5|5|8
32.8|94.55|1049|388|5.5|5.5|5|8
32.9|94.55|1046|388|5.5|5.5|5|8
33|94.68|1044|388|5.5|5.5|5|8
33.1|94.52|1041|388|5.5|5.5|5|8
33.2|94.52|1044|388|5.5|5.5|5|8
33.3|94.61|1046|388|5.5|5.5|5|8
33.4|94.57|1044|387|5.5|5.5|5|8
33.5|94.55|1046|387|5.5|5.5|5|8
33.6|94.52|1046|387|5.5|5.5|5|8
33.7|94.6|1046|387|5.5|5.5|5|8
33.8|94.56|1049|387|5.5|5.5|2|8
33.9|94.37|1046|387|5.5|5.5|2|8
34|93.9|1049|387|5.5|5.5|2|8
34.1|93.49|1660|388|5.5|5.5|3|8
34.2|93.19|1778|388|5.5|5.5|3|8
34.3|93.07|1804|388|5.5|5.5|3|8
34.4|92.95|1812|388|5.5|5.5|3|8
34.5|92.83|1817|388|5.5|5.5|3|8
34.6|92.82|1822|388|5.5|5.5|3|8
34.7|92.92|1822|388|5.5|5.5|3|8
34.8|92.84|1825|388|5.5|5.5|3|8
34.9|92.92|1827|388|5.5|5.5|3|8
35|92.88|1832|388|5.5|5.5|3|8
35.1|92.9|1830|388|5.5|5.5|3|8
35.2|92.92|1832|388|5.5|5.5|3|8
35.3|92.84|1832|389|5.5|5.5|3|8
35.4|92.92|1835|389|5.5|5.5|3|8
35.5|92.86|1835|389|5.5|5.5|3|8
35.6|92.91|1835|389|5.5|5.5|3|8
35.7|92.9|1835|389|5.5|5.5|3|8
35.8|92.87|1835|389|5.5|5.5|3|8
35.9|92.94|1835|389|5.5|5.5|3|8
36|92.83|1835|389|5.5|5.5|3|8
36.1|92.91|1838|389|5.5|5.5|4|8
36.2|92.94|1838|389|5.5|5.5|4|8
36.3|93.26|1807|389|5.5|5.5|4|8
36.4|93.8|1307|390|5.5|5.5|5|8
36.5|94.04|1059|388|5.5|5.5|2|8
36.6|94.12|1052|388|5.5|5.5|2|8
36.7|94.08|1052|388|5.5|5.5|2|8
36.8|94.02|1049|388|5.5|5.5|2|8
36.9|94|1049|388|5.5|5.5|2|8
37|93.94|1049|388|5.5|5.5|2|8
37.1|93.88|1052|388|5.5|5.5|2|8
37.2|93.8|1049|388|5.5|5.5|2|8
37.3|93.84|1049|388|5.5|5.5|2|8
37.4|93.65|1049|388|5.5|5.5|2|8
37.5|93.66|1085|388|5.5|5.5|2|8
37.6|93.54|1052|388|5.5|5.5|2|8
37.7|93.58|1204|388|5.5|5.5|2|8
37.8|93.41|1175|388|5.5|5.5|2|8
37.9|93.43|1088|388|5.5|5.5|2|8
38|93.38|1126|389|5.5|5.5|2|8
38.1|93.17|1399|389|5.5|5.5|2|8
38.2|93.19|1428|389|5.5|5.5|2|8
38.3|93.11|1626|389|5.5|5.5|2|8
38.4|93.29|1642|389|5.5|5.5|2|8
38.5|93.41|1624|389|5.5|5.5|2|8
38.6|93.55|1240|389|5.5|5.5|2|8
38.7|93.76|1049|388|5.5|5.5|2|8
38.8|93.77|1049|388|5.5|5.5|2|8
38.9|93.65|1049|388|5.5|5.5|2|8
39|93.68|1049|388|5.5|5.5|2|8
39.1|93.53|1049|388|5.5|5.5|2|8
39.2|93.55|1049|388|5.5|5.5|2|8
39.3|93.54|1075|388|5.5|5.5|2|8
39.4|93.41|1082|388|5.5|5.5|2|8
39.5|93.37|1206|388|5.5|5.5|2|8
39.6|93.21|1160|388|5.5|5.5|2|8
39.7|93.19|1046|388|5.5|5.5|2|8
39.8|93.19|1312|388|5.5|5.5|2|8
39.9|93.18|1549|388|5.5|5.5|2|8
40|93.04|1657|388|5.5|5.5|2|8
40.1|93.17|1647|389|5.5|5.5|2|8
40.2|93.35|1588|390|5.5|5.5|2|8
40.3|93.53|1059|389|5.5|5.5|2|8
40.4|93.55|1041|388|5.5|5.5|2|8
40.5|93.55|1044|388|5.5|5.5|2|8
40.6|93.53|1041|388|5.5|5.5|2|8
40.7|93.58|1044|388|5.5|5.5|2|8
40.8|93.41|1044|388|5.5|5.5|2|8
40.9|93.39|1064|388|5.5|5.5|2|8
41|93.29|1049|388|5.5|5.5|2|8
41.1|93.18|1046|388|5.5|5.5|2|8
41.2|93.15|1049|388|5.5|5.5|2|8
41.3|93.21|1090|388|5.5|5.5|2|8
41.4|92.99|1186|388|5.5|5.5|2|8
41.5|93|1052|388|5.5|5.5|2|8
41.6|92.99|1374|388|5.5|5.5|2|8
41.7|92.9|1129|388|5.5|5.5|2|8
41.8|92.83|1188|388|5.5|5.5|2|8
41.9|92.71|1144|388|5.5|5.5|2|8
42|92.66|1296|388|5.5|5.5|2|8
42.1|92.66|1198|388|5.5|5.5|2|8
42.2|92.66|1219|388|5.5|5.5|2|8
42.3|92.37|1191|388|5.5|5.5|2|8
42.4|92.35|1049|388|5.5|5.5|2|8
42.5|92.41|1131|388|5.5|5.5|2|8
42.6|92.25|1345|389|5.5|5.5|2|8
42.7|92.17|1247|388|5.5|5.5|2|8
42.8|92.11|1276|388|5.5|5.5|2|8
42.9|92|1412|388|5.5|5.5|2|8
43|91.98|1137|388|5.5|5.5|2|8
43.1|91.92|1242|388|5.5|5.5|2|8
43.2|91.81|1222|389|5.5|5.5|2|8
43.3|91.73|1216|389|5.5|5.5|2|8
43.4|91.62|1284|389|5.5|5.5|2|8
43.5|91.54|1152|390|5.5|5.5|2|8
43.6|91.53|1101|388|5.5|5.5|2|8
43.7|91.42|1149|389|5.5|5.5|2|8
43.8|91.27|1247|389|5.5|5.5|2|8
43.9|91.25|1196|388|5.5|5.5|2|8
44|91.13|1265|389|5.5|5.5|2|8
44.1|91.06|1247|390|5.5|5.5|2|8
44.2|90.92|1175|389|5.5|5.5|2|8
44.3|90.87|1113|389|5.5|5.5|2|8
44.4|90.83|1075|388|5.5|5.5|2|8
44.5|90.64|1121|389|5.5|5.5|2|8
44.6|90.59|1162|389|5.5|5.5|2|8
44.7|90.55|1126|389|5.5|5.5|2|8
44.8|90.39|1188|389|5.5|5.5|2|8
44.9|90.35|1209|388|5.5|5.5|2|8
45|90.19|1235|388|5.5|5.5|2|8
45.1|90.19|1286|389|5.5|5.5|2|8
45.2|89.99|1232|389|5.5|5.5|2|8
45.3|89.86|1204|388|5.5|5.5|2|8
45.4|89.81|1206|388|5.5|5.5|2|8
45.5|89.74|1219|388|5.5|5.5|2|8
45.6|89.54|1152|388|5.5|5.5|2|8
45.7|89.54|1193|388|5.5|5.5|2|8
45.8|89.43|1191|388|5.5|5.5|2|8
45.9|89.27|1227|389|5.5|5.5|2|8
46|89.18|1126|389|5.5|5.5|2|8
46.1|89.07|1191|389|5.5|5.5|2|8
46.2|88.87|1180|388|5.5|5.5|2|8
46.3|88.86|1111|389|5.5|5.5|2|8
46.4|88.72|1126|388|5.5|5.5|2|8
46.5|88.59|1214|388|5.5|5.5|2|8
46.6|88.51|1211|388|5.5|5.5|2|8
46.7|88.35|1247|389|5.5|5.5|2|8
46.8|88.24|1152|396|5.5|5.5|2|8
46.9|88.09|1186|394|5.5|5.5|2|8
47|88.03|1299|393|5.5|5.5|2|8
47.1|87.9|1232|393|5.5|5.5|2|8
47.2|87.68|1237|393|5.5|5.5|2|8
47.3|87.56|1206|393|5.5|5.5|2|8
47.4|87.39|1322|393|5.5|5.5|2|8
47.5|87.37|1265|393|5.5|5.5|2|8
47.6|87.13|1188|394|5.5|5.5|2|8
47.7|87.1|1253|394|5.5|5.5|2|8
47.8|86.94|1284|394|5.5|5.5|2|8
47.9|86.8|1296|394|5.5|5.5|2|8
48|86.62|1291|394|5.5|5.5|2|8
48.1|86.51|1250|394|5.5|5.5|2|8
48.2|86.33|1237|394|5.5|5.5|2|8
48.3|86.2|1175|394|5.5|5.5|2|8
48.4|86.08|1193|394|5.5|5.5|2|8
48.5|85.96|1268|394|5.5|5.5|2|8
48.6|85.77|1320|394|5.5|5.5|2|8
48.7|85.61|1353|394|5.5|5.5|2|8
48.8|85.44|1296|394|5.5|5.5|2|8
48.9|85.26|1216|394|5.5|5.5|2|8
49|85.09|1232|394|5.5|5.5|2|8
49.1|85.01|1183|394|5.5|5.5|2|8
49.2|84.83|1304|394|5.5|5.5|2|8
49.3|84.59|1327|394|5.5|5.5|2|8
49.4|84.4|1302|394|5.5|5.5|2|8
49.5|84.24|1399|394|5.5|5.5|2|8
49.6|84.12|1322|394|5.5|5.5|2|8
49.7|83.89|1345|394|5.5|5.5|2|8
49.8|83.77|1327|394|5.5|5.5|2|8
49.9|83.62|1229|394|5.5|5.5|2|8
50|83.38|1387|394|5.5|5.5|2|8
50.1|83.19|1196|394|5.5|5.5|2|8
50.2|83.01|1289|394|5.5|5.5|2|8
50.3|82.79|1307|394|5.5|5.5|2|8
50.4|82.64|1260|394|5.5|5.5|2|8
50.5|82.44|1392|394|5.5|5.5|2|8
50.6|82.04|1668|394|5.5|5.5|6|8
50.7|79.81|1894|392|5.5|5.5|6|8
50.8|76.97|856|392|5.5|5.5|7|8
50.9|74.31|0|394|5.5|5.5|7|8
51|72.73|0|394|5.5|5.5|7|8
51.1|72.07|0|394|5.5|5.5|7|8
51.2|71.65|0|394|5.5|5.5|7|8
51.3|71.64|0|394|5.5|5.5|7|8
51.4|71.45|0|394|5.5|5.5|7|8
51.5|71.45|0|394|5.5|5.5|7|8
51.6|71.45|0|394|5.5|5.5|7|8
51.7|71.45|0|394|5.5|5.5|7|8
51.8|71.44|0|394|5.5|5.5|7|8
51.9|71.44|0|394|5.5|5.5|7|8
52|71.44|0|394|5.5|5.5|7|8
52.1|71.4|0|394|5.5|5.5|7|8
52.2|71.37|0|394|5.5|5.5|7|8
52.3|71.44|0|394|5.5|5.5|7|8
52.4|71.47|0|394|5.5|5.5|7|8
52.5|71.43|0|394|5.5|5.5|7|8
52.6|71.44|0|394|5.5|5.5|7|8
52.7|71.41|0|394|5.5|5.5|7|8
52.8|71.4|0|394|5.5|5.5|7|8
52.9|71.41|0|394|5.5|5.5|7|8
53|71.41|0|394|5.5|5.5|7|8
53.1|71.44|0|394|5.5|5.5|7|8
53.2|71.45|0|394|5.5|5.5|7|8
53.3|71.41|0|394|5.5|5.5|7|8
53.4|71.43|0|394|5.5|5.5|7|8
53.5|71.45|0|394|5.5|5.5|7|8
53.6|71.41|0|394|5.5|5.5|7|8
53.7|71.4|0|394|5.5|5.5|7|8
53.8|71.45|0|394|5.5|5.5|7|8
53.9|71.44|0|394|5.5|5.5|7|8
54|71.48|0|394|5.5|5.5|7|8
54.1|71.43|0|394|5.5|5.5|7|8
54.2|71.43|0|394|5.5|5.5|7|8
54.3|71.4|0|394|5.5|5.5|7|8
54.4|71.38|0|394|5.5|5.5|7|8
54.5|71.38|0|394|5.5|5.5|7|8
54.6|71.38|0|394|5.5|5.5|7|8
54.7|71.43|0|394|5.5|5.5|7|8
54.8|71.43|0|394|5.5|5.5|7|8
54.9|71.49|0|394|5.5|5.5|7|8
55|71.41|0|394|5.5|5.5|7|8
55.1|71.37|0|394|5.5|5.5|7|8
55.2|71.37|0|394|5.5|5.5|7|8
55.3|71.37|0|394|5.5|5.5|7|8
55.4|71.41|0|394|5.5|5.5|7|8
55.5|71.44|0|394|5.5|5.5|7|8
55.6|71.48|0|394|5.5|5.5|7|8
55.7|71.44|0|394|5.5|5.5|7|8
55.8|71.45|0|394|5.5|5.5|7|8
55.9|71.43|0|394|5.5|5.5|7|8
56|71.43|0|394|5.5|5.5|7|8
56.1|71.43|0|394|5.5|5.5|7|8
56.2|71.48|0|394|5.5|5.5|7|8
56.3|71.43|0|394|5.5|5.5|7|8
56.4|71.45|0|394|5.5|5.5|7|8
56.5|71.43|0|394|5.5|5.5|7|8
56.6|71.44|0|394|5.5|5.5|7|8
56.7|71.41|0|394|5.5|5.5|7|8
56.8|71.4|0|394|5.5|5.5|7|8
56.9|71.38|0|394|5.5|5.5|7|8
57|71.38|0|394|5.5|5.5|7|8
57.1|71.41|0|394|5.5|5.5|7|8
57.2|71.44|0|394|5.5|5.5|7|8
57.3|71.41|0|394|5.5|5.5|7|8
57.4|71.4|0|394|5.5|5.5|7|8
57.5|71.41|0|394|5.5|5.5|7|8
57.6|71.41|0|394|5.5|5.5|7|8
57.7|71.41|0|394|5.5|5.5|7|8
57.8|71.41|0|394|5.5|5.5|7|8
57.9|71.41|0|394|5.5|5.5|7|8
58|71.43|0|394|5.5|5.5|7|8
58.1|71.44|0|394|5.5|5.5|7|8
58.2|71.45|0|394|5.5|5.5|7|8
58.3|71.45|0|394|5.5|5.5|7|8
58.4|71.41|0|394|5.5|5.5|7|8
58.5|71.38|0|394|5.5|5.5|7|8
58.6|71.4|0|394|5.5|5.5|7|8
58.7|71.4|0|394|5.5|5.5|7|8
58.8|71.4|0|394|5.5|5.5|7|8
58.9|71.38|0|394|5.5|5.5|7|8
59|71.4|0|394|5.5|5.5|7|8
59.1|71.37|0|394|5.5|5.5|7|8
59.2|71.43|0|394|5.5|5.5|7|8
59.3|71.41|0|394|5.5|5.5|7|8
59.4|71.44|0|394|5.5|5.5|7|8
59.5|71.44|0|394|5.5|5.5|7|8
59.6|71.45|0|394|5.5|5.5|7|8
59.7|71.44|0|394|5.5|5.5|7|8
59.8|71.44|0|394|5.5|5.5|7|8
59.9|71.4|0|394|5.5|5.5|7|8
60|71.37|0|394|5.5|5.5|7|8
60.1|71.38|0|394|5.5|5.5|7|8
60.2|71.37|0|394|5.5|5.5|7|8
60.3|71.41|0|394|5.5|5.5|7|8
60.4|71.38|0|394|5.5|5.5|7|8
60.5|71.43|0|394|5.5|5.5|7|8
60.6|71.43|0|394|5.5|5.5|7|8
60.7|71.4|0|394|5.5|5.5|7|8
60.8|71.38|0|394|5.5|5.5|7|8
60.9|71.4|0|394|5.5|5.5|7|8
61|71.4|0|394|5.5|5.5|7|8
61.1|71.41|0|394|5.5|5.5|7|8
61.2|71.4|0|394|5.5|5.5|7|8
61.3|71.41|0|394|5.5|5.5|7|8
61.4|71.4|0|394|5.5|5.5|7|8
61.5|71.4|0|394|5.5|5.5|7|8
61.6|71.38|0|394|5.5|5.5|7|8
61.7|71.4|0|394|5.5|5.5|7|8
61.8|71.4|0|394|5.5|5.5|7|8
61.9|71.4|0|394|5.5|5.5|7|8
62|71.4|0|394|5.5|5.5|7|8
62.1|71.4|0|394|5.5|5.5|7|8
62.2|71.41|0|394|5.5|5.5|7|8
62.3|71.4|0|394|5.5|5.5|7|8
62.4|71.4|0|394|5.5|5.5|7|8
62.5|71.41|0|394|5.5|5.5|7|8
62.6|71.4|0|394|5.5|5.5|7|8
62.7|71.38|0|394|5.5|5.5|7|8
62.8|71.37|0|394|5.5|5.5|7|8
62.9|71.4|0|394|5.5|5.5|7|8
63|71.4|0|394|5.5|5.5|7|8
63.1|71.4|0|394|5.5|5.5|7|8
63.2|71.38|0|394|5.5|5.5|7|8
63.3|71.38|0|394|5.5|5.5|7|8
63.4|71.38|0|394|5.5|5.5|7|8
63.5|71.4|0|394|5.5|5.5|7|8
63.6|71.4|0|394|5.5|5.5|7|8
63.7|71.4|0|394|5.5|5.5|7|8
63.8|71.4|0|394|5.5|5.5|8|8
63.9|71.4|0|394|5.5|5.5|8|8
64|71.25|0|394|5.5|5.5|8|8
64.1|71.3|0|394|5.5|5.5|8|8
64.2|71.32|0|394|5.5|5.5|8|8
64.3|71.34|0|394|5.5|5.5|8|8
64.4|71.34|0|394|5.5|5.5|8|8
64.5|71.33|0|394|5.5|5.5|8|8
64.6|71.34|0|394|5.5|5.4|8|8
64.7|71.34|0|394|5.4|5.4|8|8
64.8|71.34|0|394|5.4|5.4|8|8
64.9|71.34|0|394|5.4|5.4|8|8
65|71.34|0|394|5.4|5.4|8|8
65.1|71.34|0|394|5.3|5.3|8|8
65.2|71.34|0|394|5.3|5.3|8|8
65.3|71.34|0|394|5.3|5.3|8|8
65.4|71.34|0|394|5.3|5.3|8|8
65.5|71.36|0|395|5.3|5.3|8|8
65.6|71.36|0|394|5.3|5.3|8|8
65.7|71.34|0|395|5.3|5.3|8|8
65.8|71.34|0|395|5.3|5.3|8|8
65.9|73.14|0|395|5.3|5.3|8|8
66|76.2|0|395|5.3|5.3|8|8
66.1|79.25|0|395|5.3|5.3|8|8
66.2|82.26|0|395|5.3|5.3|8|8
66.3|85.29|0|395|5.3|5.3|8|8
66.4|88.21|0|395|5.3|5.3|8|8
66.5|91.18|0|395|5.3|5.3|8|8
66.6|93.92|0|395|5.3|5.3|8|8
66.7|95.21|0|395|5.3|5.3|8|8
66.8|95.74|0|395|5.3|5.3|8|8
