0|96.08|907|397|5|5|1|8
0.1|96.08|1044|400|5|5|1|8
0.2|96.06|1054|401|5|5|1|8
0.3|96.06|1052|402|5|5|1|8
0.4|96.09|1054|402|5|5|1|8
0.5|96.05|1162|402|5|5|2|8
0.6|95.8|1621|404|5|5|3|8
0.7|95.58|1652|405|5|5|3|8
0.8|95.49|1665|405|5|5|3|8
0.9|95.46|1670|405|5|5|3|8
1|95.45|1675|405|5|5|3|8
1.1|95.45|1678|405|5|5|3|8
1.2|95.39|1678|405|5|5|3|8
1.3|95.39|1683|405|5|5|3|8
1.4|95.41|1686|405|5.1|5|3|8
1.5|95.42|1688|405|5.1|5.1|3|8
1.6|95.41|1691|405|5.1|5.1|3|8
1.7|95.43|1696|405|5.1|5.1|3|8
1.8|95.46|1696|405|5.1|5.1|3|8
1.9|95.39|1698|405|5.1|5.1|3|8
2|95.35|1701|405|5.1|5.1|3|8
2.1|95.42|1704|405|5.1|5.1|3|8
2.2|95.38|1706|405|5.1|5.1|3|8
2.3|95.42|1709|405|5.1|5.1|3|8
2.4|95.38|1711|405|5.1|5.1|3|8
2.5|95.39|1714|405|5.1|5.1|3|8
2.6|95.39|1714|405|5.1|5.1|4|8
2.7|95.59|1714|405|5.1|5.1|4|8
2.8|96|1680|406|5.1|5.1|4|8
2.9|96.41|1338|406|5.1|5.1|5|8
3|96.74|1080|404|5.1|5.1|5|8
3.1|96.94|1077|403|5.1|5.1|5|8
3.2|97.02|1075|402|5.1|5.1|5|8
3.3|97.04|1075|402|5.1|5.1|5|8
3.4|97.07|1072|402|5.1|5.1|5|8
3.5|97.06|1072|402|5.1|5.1|5|8
3.6|97.04|1072|402|5.1|5.1|5|8
3.7|97.06|1072|402|5.1|5.1|5|8
3.8|97.06|1072|402|5.1|5.1|5|8
3.9|97.07|1072|402|5.1|5.1|5|8
4|97.07|1070|402|5.1|5.1|5|8
4.1|97.06|1072|402|5.1|5.1|5|8
4.2|97.03|1072|402|5.1|5.1|5|8
4.3|97.07|1072|402|5.1|5.1|5|8
4.4|97.06|1072|402|5.1|5.1|5|8
4.5|97.06|1072|402|5.1|5.1|5|8
4.6|97.06|1072|402|5.1|5.1|5|8
4.7|97.06|1072|402|5.1|5.1|5|8
4.8|97.06|1070|402|5.1|5.1|5|8
4.9|97.06|1072|402|5.1|5.1|2|8
5|97.02|1072|402|5.2|5.1|2|8
5.1|96.7|1072|402|5.1|5.1|2|8
5.2|96.31|1095|402|5.2|5.2|2|8
5.3|95.84|1572|404|5.2|5.2|3|8
5.4|95.49|1704|404|5.2|5.2|3|8
5.5|95.33|1719|405|5.2|5.2|3|8
5.6|95.17|1724|406|5.2|5.2|3|8
5.7|95.12|1727|405|5.2|5.2|3|8
5.8|95.17|1729|406|5.2|5.2|3|8
5.9|95.18|1729|406|5.2|5.2|3|8
6|95.15|1732|405|5.2|5.2|3|8
6.1|95.15|1732|405|5.2|5.2|3|8
6.2|95.15|1735|405|5.2|5.2|3|8
6.3|95.15|1735|405|5.2|5.2|3|8
6.4|95.15|1735|405|5.2|5.2|3|8
6.5|95.18|1735|405|5.2|5.2|3|8
6.6|95.15|1735|406|5.2|5.2|3|8
6.7|95.15|1737|405|5.2|5.2|3|8
6.8|95.14|1737|405|5.2|5.2|3|8
6.9|95.12|1737|405|5.2|5.2|3|8
7|95.12|1737|405|5.2|5.2|3|8
7.1|95.17|1737|405|5.2|5.2|3|8
7.2|95.17|1740|405|5.2|5.2|3|8
7.3|95.14|1742|405|5.2|5.2|4|8
7.4|95.23|1740|405|5.2|5.2|4|8
7.5|95.53|1732|405|5.2|5.2|4|8
7.6|96.01|1716|405|5.2|5.2|4|8
7.7|96.47|1686|405|5.2|5.2|4|8
7.8|96.99|1567|405|5.2|5.2|4|8
7.9|97.38|1093|404|5.2|5.2|5|8
8|97.53|1080|402|5.2|5.2|5|8
8.1|97.66|1080|402|5.2|5.2|5|8
8.2|97.67|1077|402|5.2|5.2|5|8
8.3|97.7|1077|402|5.2|5.2|5|8
8.4|97.7|1077|402|5.2|5.2|5|8
8.5|97.73|1075|402|5.2|5.2|5|8
8.6|97.73|1075|402|5.2|5.2|5|8
8.7|97.69|1077|402|5.2|5.2|5|8
8.8|97.63|1075|402|5.2|5.2|5|8
8.9|97.66|1077|402|5.2|5.2|5|8
9|97.67|1077|402|5.2|5.2|5|8
9.1|97.69|1075|402|5.2|5.2|5|8
9.2|97.7|1077|402|5.2|5.2|5|8
9.3|97.73|1075|402|5.2|5.2|5|8
9.4|97.69|1075|402|5.2|5.2|5|8
9.5|97.69|1075|402|5.2|5.2|5|8
9.6|97.73|1077|402|5.2|5.2|5|8
9.7|97.74|1077|402|5.2|5.2|5|8
9.8|97.69|1077|402|5.2|5.2|5|8
9.9|97.66|1075|402|5.2|5.2|2|8
10|97.41|1077|402|5.2|5.2|2|8
10.1|97.02|1088|402|5.2|5.2|2|8
10.2|96.57|1126|402|5.2|5.2|2|8
10.3|96.14|1204|402|5.2|5.2|2|8
10.4|95.58|1247|402|5.2|5.2|2|8
10.5|95.1|1348|404|5.2|5.2|2|8
10.6|94.61|1314|404|5.2|5.2|2|8
10.7|94.08|1613|404|5.2|5.2|3|8
10.8|93.78|1765|403|5.2|5.2|3|8
10.9|93.61|1789|399|5.2|5.2|3|8
11|93.57|1794|398|5.2|5.2|3|8
11.1|93.54|1799|397|5.2|5.2|3|8
11.2|93.53|1804|397|5.2|5.2|3|8
11.3|93.46|1807|397|5.2|5.2|3|8
11.4|93.43|1809|397|5.2|5.2|3|8
11.5|93.46|1809|397|5.2|5.2|3|8
11.6|93.51|1812|397|5.2|5.2|3|8
11.7|93.45|1812|397|5.2|5.2|3|8
11.8|93.46|1814|397|5.2|5.2|3|8
11.9|93.47|1817|397|5.2|5.2|3|8
12|93.5|1817|397|5.2|5.2|3|8
12.1|93.43|1820|397|5.2|5.2|3|8
12.2|93.49|1820|397|5.2|5.2|3|8
12.3|93.49|1820|397|5.2|5.2|3|8
12.4|93.49|1822|397|5.3|5.2|3|8
12.5|93.45|1822|397|5.2|5.2|3|8
12.6|93.5|1822|397|5.3|5.3|3|8
12.7|93.45|1825|397|5.3|5.3|4|8
12.8|93.49|1825|397|5.3|5.3|4|8
12.9|93.82|1809|397|5.3|5.3|4|8
13|94.32|1773|397|5.3|5.3|4|8
13.1|94.82|1497|398|5.3|5.3|4|8
13.2|95.25|1101|396|5.3|5.3|5|8
13.3|95.43|1093|396|5.3|5.3|5|8
13.4|95.47|1090|395|5.3|5.3|5|8
13.5|95.54|1090|395|5.3|5.3|5|8
13.6|95.57|1090|395|5.3|5.3|5|8
13.7|95.53|1090|395|5.3|5.3|5|8
13.8|95.54|1090|395|5.3|5.3|5|8
13.9|95.55|1090|395|5.3|5.3|5|8
14|95.58|1090|395|5.3|5.3|5|8
14.1|95.49|1090|395|5.3|5.3|5|8
14.2|95.57|1090|395|5.3|5.3|5|8
14.3|95.55|1090|395|5.3|5.3|5|8
14.4|95.53|1090|394|5.3|5.3|5|8
14.5|95.59|1090|395|5.3|5.3|5|8
14.6|95.51|1090|395|5.3|5.3|5|8
14.7|95.57|1090|395|5.3|5.3|5|8
14.8|95.59|1090|395|5.3|5.3|5|8
14.9|95.47|1088|396|5.3|5.3|5|8
15|95.57|1090|395|5.3|5.3|5|8
15.1|95.57|1088|395|5.3|5.3|5|8
15.2|95.55|1090|395|5.3|5.3|2|8
15.3|95.27|1088|395|5.3|5.3|2|8
15.4|94.86|1088|396|5.3|5.3|2|8
15.5|94.45|1144|395|5.3|5.3|2|8
15.6|93.97|1655|396|5.3|5.3|3|8
15.7|93.57|1778|397|5.3|5.3|3|8
15.8|93.45|1804|397|5.3|5.3|3|8
15.9|93.39|1812|398|5.3|5.3|3|8
16|93.41|1820|398|5.3|5.3|3|8
16.1|93.34|1822|398|5.3|5.3|3|8
16.2|93.31|1827|398|5.3|5.3|3|8
16.3|93.3|1830|398|5.3|5.3|3|8
16.4|93.31|1832|398|5.3|5.3|3|8
16.5|93.3|1832|398|5.3|5.3|3|8
16.6|93.35|1835|398|5.3|5.3|3|8
16.7|93.33|1835|398|5.3|5.3|3|8
16.8|93.33|1835|398|5.3|5.3|3|8
16.9|93.35|1835|398|5.3|5.3|3|8
17|93.33|1835|398|5.3|5.3|3|8
17.1|93.33|1838|398|5.3|5.3|3|8
17.2|93.33|1838|398|5.3|5.3|3|8
17.3|93.33|1838|398|5.3|5.3|3|8
17.4|93.33|1838|398|5.3|5.3|3|8
17.5|93.33|1838|398|5.3|5.3|3|8
17.6|93.33|1840|398|5.3|5.3|4|8
17.7|93.37|1840|398|5.3|5.3|4|8
17.8|93.7|1830|398|5.3|5.3|4|8
17.9|94.15|1807|398|5.3|5.3|4|8
18|94.64|1773|398|5.3|5.3|4|8
18.1|95.15|1126|398|5.3|5.3|5|8
18.2|95.41|1101|396|5.3|5.3|5|8
18.3|95.45|1101|396|5.3|5.3|5|8
18.4|95.47|1098|396|5.3|5.3|5|8
18.5|95.57|1098|396|5.3|5.3|5|8
18.6|95.58|1098|396|5.3|5.3|5|8
18.7|95.51|1098|396|5.3|5.3|5|8
18.8|95.55|1098|396|5.3|5.3|5|8
18.9|95.55|1098|396|5.3|5.3|5|8
19|95.57|1098|396|5.3|5.3|5|8
19.1|95.51|1095|396|5.3|5.3|5|8
19.2|95.57|1098|396|5.3|5.3|5|8
19.3|95.54|1095|396|5.3|5.3|5|8
19.4|95.51|1095|396|5.3|5.3|5|8
19.5|95.54|1095|396|5.3|5.3|5|8
19.6|95.55|1098|396|5.3|5.3|5|8
19.7|95.55|1095|396|5.3|5.3|5|8
19.8|95.54|1095|396|5.3|5.3|5|8
19.9|95.51|1095|396|5.3|5.3|5|8
20|95.55|1095|396|5.3|5.3|5|8
20.1|95.57|1095|396|5.3|5.3|2|8
20.2|95.37|1095|396|5.3|5.3|2|8
20.3|94.98|1095|396|5.3|5.3|2|8
20.4|94.6|1191|396|5.3|5.3|2|8
20.5|94.06|1562|397|5.3|5.3|2|8
20.6|93.73|1784|398|5.3|5.3|3|8
20.7|93.55|1807|398|5.3|5.3|3|8
20.8|93.39|1830|397|5.3|5.3|3|8
20.9|93.39|1845|390|5.3|5.3|3|8
21|93.43|1851|388|5.3|5.3|3|8
21.1|93.42|1853|388|5.3|5.3|3|8
21.2|93.37|1858|387|5.3|5.3|3|8
21.3|93.35|1861|387|5.3|5.3|3|8
21.4|93.35|1863|386|5.3|5.3|3|8
21.5|93.35|1863|386|5.3|5.3|3|8
21.6|93.35|1866|386|5.3|5.3|3|8
21.7|93.41|1869|387|5.3|5.3|3|8
21.8|93.37|1869|387|5.3|5.3|3|8
21.9|93.38|1871|386|5.3|5.3|3|8
22|93.38|1871|386|5.3|5.3|3|8
22.1|93.39|1871|386|5.3|5.3|3|8
22.2|93.37|1874|386|5.3|5.3|3|8
22.3|93.33|1874|386|5.3|5.3|3|8
22.4|93.37|1874|386|5.3|5.3|3|8
22.5|93.37|1874|386|5.3|5.3|3|8
22.6|93.35|1876|386|5.3|5.3|4|8
22.7|93.65|1866|386|5.3|5.3|4|8
22.8|94.13|1843|386|5.3|5.3|4|8
22.9|94.6|1822|386|5.3|5.3|4|8
23|95.12|1168|387|5.3|5.3|5|8
23.1|95.43|1113|387|5.3|5.3|5|8
23.2|95.49|1111|386|5.3|5.3|5|8
23.3|95.61|1111|386|5.3|5.3|5|8
23.4|95.61|1108|386|5.3|5.3|5|8
23.5|95.57|1111|386|5.3|5.3|5|8
23.6|95.57|1108|386|5.3|5.3|5|8
23.7|95.57|1108|386|5.3|5.3|5|8
23.8|95.59|1108|386|5.3|5.3|5|8
23.9|95.57|1108|386|5.3|5.3|5|8
24|95.55|1106|386|5.3|5.3|5|8
24.1|95.62|1106|386|5.3|5.3|5|8
24.2|95.59|1106|386|5.3|5.3|5|8
24.3|95.53|1106|386|5.3|5.3|5|8
24.4|95.58|1106|386|5.3|5.3|5|8
24.5|95.61|1106|386|5.3|5.3|5|8
24.6|95.65|1106|386|5.3|5.3|5|8
24.7|95.54|1106|386|5.3|5.3|5|8
24.8|95.59|1103|386|5.3|5.3|5|8
24.9|95.59|1103|386|5.3|5.3|5|8
25|95.63|1103|386|5.3|5.3|2|8
25.1|95.49|1103|386|5.3|5.3|2|8
25.2|95.17|1103|386|5.3|5.3|2|8
25.3|94.71|1142|386|5.3|5.3|2|8
25.4|94.28|1485|386|5.3|5.3|2|8
25.5|93.86|1799|386|5.3|5.3|3|8
25.6|93.57|1825|386|5.3|5.3|3|8
25.7|93.55|1838|386|5.3|5.3|3|8
25.8|93.45|1853|386|5.3|5.3|3|8
25.9|93.39|1861|386|5.3|5.3|3|8
26|93.49|1863|386|5.3|5.3|3|8
26.1|93.47|1869|386|5.3|5.3|3|8
26.2|93.43|1871|386|5.3|5.3|3|8
26.3|93.43|1874|386|5.3|5.3|3|8
26.4|93.51|1876|386|5.3|5.3|3|8
26.5|93.47|1879|386|5.3|5.3|3|8
26.6|93.43|1879|386|5.3|5.3|3|8
26.7|93.47|1881|386|5.3|5.3|3|8
26.8|93.49|1884|386|5.3|5.3|3|8
26.9|93.42|1881|386|5.3|5.3|3|8
27|93.47|1881|386|5.3|5.3|3|8
27.1|93.46|1884|386|5.3|5.3|3|8
27.2|93.42|1884|386|5.3|5.3|3|8
27.3|93.49|1887|386|5.3|5.3|3|8
27.4|93.46|1887|386|5.3|5.3|3|8
27.5|93.45|1887|386|5.3|5.3|4|8
27.6|93.73|1876|386|5.3|5.3|4|8
27.7|94.23|1840|387|5.3|5.3|4|8
27.8|94.67|1211|388|5.3|5.3|5|8
27.9|95.03|1116|387|5.3|5.3|5|8
28|95.17|1113|387|5.3|5.3|5|8
28.1|95.12|1111|386|5.3|5.3|5|8
28.2|95.15|1111|386|5.3|5.3|5|8
28.3|95.18|1111|386|5.3|5.3|5|8
28.4|95.23|1108|386|5.3|5.3|5|8
28.5|95.21|1108|386|5.3|5.3|5|8
28.6|95.19|1108|386|5.3|5.3|5|8
28.7|95.17|1108|386|5.3|5.3|5|8
28.8|95.15|1106|386|5.3|5.3|5|8
28.9|95.21|1106|386|5.3|5.3|5|8
29|95.19|1106|386|5.3|5.3|5|8
29.1|95.19|1106|386|5.3|5.3|5|8
29.2|95.18|1106|386|5.3|5.3|5|8
29.3|95.19|1106|386|5.3|5.3|5|8
29.4|95.21|1106|386|5.3|5.3|5|8
29.5|95.22|1106|386|5.3|5.3|5|8
29.6|95.19|1106|386|5.3|5.3|5|8
29.7|95.17|1106|386|5.3|5.3|5|8
29.8|95.19|1103|386|5.3|5.3|2|8
29.9|95.17|1103|386|5.3|5.3|2|8
30|94.75|1103|386|5.3|5.3|2|8
30.1|94.4|1113|386|5.3|5.3|2|8
30.2|93.89|1714|386|5.3|5.3|3|8
30.3|93.58|1820|386|5.3|5.3|3|8
30.4|93.43|1856|386|5.3|5.3|3|8
30.5|93.3|1869|387|5.3|5.3|3|8
30.6|93.29|1876|387|5.3|5.3|3|8
30.7|93.3|1879|387|5.3|5.3|3|8
30.8|93.31|1881|387|5.3|5.3|3|8
30.9|93.31|1884|387|5.3|5.3|3|8
31|93.31|1884|387|5.3|5.3|3|8
31.1|93.31|1887|387|5.3|5.3|3|8
31.2|93.3|1887|387|5.3|5.3|3|8
31.3|93.31|1889|387|5.3|5.3|3|8
31.4|93.31|1889|387|5.3|5.3|3|8
31.5|93.31|1889|387|5.3|5.3|3|8
31.6|93.34|1889|387|5.3|5.3|3|8
31.7|93.31|1892|387|5.3|5.3|3|8
31.8|93.3|1892|386|5.3|5.3|3|8
31.9|93.29|1892|387|5.3|5.3|3|8
32|93.3|1892|387|5.3|5.3|3|8
32.1|93.3|1892|386|5.3|5.3|3|8
32.2|93.31|1892|387|5.3|5.3|4|8
32.3|93.41|1892|386|5.3|5.3|4|8
32.4|93.77|1861|387|5.3|5.3|4|8
32.5|94.29|1273|388|5.3|5.3|5|8
32.6|94.56|1116|387|5.3|5.3|5|8
32.7|94.66|1111|387|5.3|5.3|5|8
32.8|94.71|1108|387|5.3|5.3|5|8
32.9|94.84|1108|387|5.3|5.3|5|8
33|94.76|1108|387|5.3|5.3|5|8
33.1|94.79|1108|387|5.3|5.3|5|8
33.2|94.79|1106|387|5.3|5.3|5|8
33.3|94.79|1106|387|5.3|5.3|5|8
33.4|94.8|1106|386|5.3|5.3|5|8
33.5|94.82|1106|386|5.3|5.3|5|8
33.6|94.79|1103|386|5.3|5.3|5|8
33.7|94.82|1103|386|5.3|5.3|5|8
33.8|94.82|1103|386|5.3|5.3|5|8
33.9|94.79|1103|386|5.3|5.3|5|8
34|94.79|1103|386|5.3|5.3|5|8
34.1|94.79|1103|386|5.3|5.3|5|8
34.2|94.79|1103|386|5.3|5.3|5|8
34.3|94.82|1103|386|5.3|5.3|5|8
34.4|94.79|1103|386|5.3|5.3|5|8
34.5|94.82|1101|386|5.3|5.3|2|8
34.6|94.74|1103|386|5.3|5.3|2|8
34.7|94.44|1101|387|5.3|5.3|2|8
34.8|94|1111|386|5.3|5.3|2|8
34.9|93.58|1773|387|5.3|5.3|3|8
35|93.23|1853|387|5.3|5.3|3|8
35.1|93.21|1871|387|5.3|5.3|3|8
35.2|93.15|1881|387|5.3|5.3|3|8
35.3|92.98|1884|387|5.3|5.3|3|8
35.4|93.07|1887|387|5.3|5.3|3|8
35.5|93.06|1887|387|5.3|5.3|3|8
35.6|93.07|1889|387|5.3|5.3|3|8
35.7|93.06|1889|388|5.3|5.3|3|8
35.8|93.07|1889|388|5.3|5.3|3|8
35.9|93.1|1892|388|5.3|5.3|3|8
36|93.04|1892|388|5.3|5.3|3|8
36.1|93.06|1892|388|5.3|5.3|3|8
36.2|93.07|1892|388|5.3|5.3|3|8
36.3|93.06|1892|388|5.3|5.3|3|8
36.4|93.06|1892|388|5.3|5.3|3|8
36.5|93.07|1892|388|5.3|5.3|3|8
36.6|93.1|1892|388|5.3|5.3|3|8
36.7|93.04|1894|388|5.3|5.3|3|8
36.8|93.06|1894|388|5.3|5.3|3|8
36.9|93.09|1894|388|5.3|5.3|4|8
37|93.15|1894|388|5.3|5.3|4|8
37.1|93.58|1856|388|5.3|5.3|4|8
37.2|94.15|1178|388|5.3|5.3|2|8
37.3|94.27|1111|388|5.3|5.3|2|8
37.4|94.33|1108|388|5.3|5.3|2|8
37.5|94.35|1106|388|5.3|5.3|2|8
37.6|94.28|1106|388|5.3|5.3|2|8
37.7|94.2|1106|388|5.3|5.3|2|8
37.8|94.09|1106|388|5.3|5.3|2|8
37.9|94|1106|388|5.3|5.3|2|8
38|94.04|1103|388|5.3|5.3|2|8
38.1|94|1103|388|5.3|5.3|2|8
38.2|93.94|1103|388|5.3|5.3|2|8
38.3|93.84|1103|388|5.3|5.3|2|8
38.4|93.82|1162|388|5.3|5.3|2|8
38.5|93.7|1253|388|5.3|5.3|2|8
38.6|93.69|1160|388|5.3|5.3|2|8
38.7|93.55|1134|388|5.3|5.3|2|8
38.8|93.54|1168|388|5.3|5.3|2|8
38.9|93.43|1147|388|5.3|5.3|2|8
39|93.41|1443|388|5.3|5.3|2|8
39.1|93.34|1763|388|5.3|5.3|2|8
39.2|93.37|1778|388|5.3|5.3|2|8
39.3|93.57|1724|388|5.3|5.3|2|8
39.4|93.76|1149|389|5.3|5.3|2|8
39.5|93.82|1106|388|5.3|5.3|2|8
39.6|93.88|1103|388|5.3|5.3|2|8
39.7|93.82|1103|388|5.3|5.3|2|8
39.8|93.78|1101|388|5.3|5.3|2|8
39.9|93.69|1101|388|5.3|5.3|2|8
40|93.68|1101|388|5.3|5.3|2|8
40.1|93.54|1106|388|5.3|5.3|2|8
40.2|93.55|1137|388|5.3|5.3|2|8
40.3|93.46|1307|388|5.3|5.3|2|8
40.4|93.41|1227|388|5.3|5.3|2|8
40.5|93.3|1639|389|5.3|5.3|2|8
40.6|93.35|1742|389|5.3|5.3|2|8
40.7|93.42|1706|389|5.3|5.3|2|8
40.8|93.58|1513|389|5.3|5.3|2|8
40.9|93.77|1111|388|5.3|5.3|2|8
41|93.8|1103|388|5.3|5.3|2|8
41.1|93.85|1103|388|5.3|5.3|2|8
41.2|93.84|1101|388|5.3|5.3|2|8
41.3|93.7|1101|388|5.3|5.3|2|8
41.4|93.68|1101|388|5.3|5.3|2|8
41.5|93.57|1101|388|5.3|5.3|2|8
41.6|93.55|1101|388|5.3|5.3|2|8
41.7|93.55|1134|388|5.3|5.3|2|8
41.8|93.41|1126|388|5.3|5.3|2|8
41.9|93.37|1155|388|5.3|5.3|2|8
42|93.33|1448|389|5.3|5.3|2|8
42.1|93.17|1281|390|5.3|5.3|2|8
42.2|93.1|1224|389|5.3|5.3|2|8
42.3|93.25|1304|389|5.3|5.3|2|8
42.4|93.15|1649|390|5.3|5.3|2|8
42.5|93.09|1454|390|5.3|5.3|2|8
42.6|93.14|1103|389|5.3|5.3|2|8
42.7|93.23|1098|388|5.3|5.3|2|8
42.8|93.29|1098|388|5.3|5.3|2|8
42.9|93.15|1098|388|5.3|5.3|2|8
43|93.21|1095|388|5.3|5.3|2|8
43.1|93.09|1168|388|5.3|5.3|2|8
43.2|92.98|1590|389|5.3|5.3|2|8
43.3|93.07|1204|390|5.3|5.3|2|8
43.4|93.17|1098|389|5.3|5.3|2|8
43.5|93.09|1095|388|5.3|5.3|2|8
43.6|93.13|1095|388|5.3|5.3|2|8
43.7|92.99|1508|390|5.3|5.3|2|8
43.8|93|1580|390|5.3|5.3|2|8
43.9|93.1|1642|390|5.3|5.3|2|8
44|93.22|1320|390|5.3|5.3|2|8
44.1|93.31|1106|389|5.3|5.3|2|8
44.2|93.43|1098|388|5.3|5.3|2|8
44.3|93.33|1098|388|5.3|5.3|2|8
44.4|93.3|1098|388|5.3|5.3|2|8
44.5|93.13|1098|388|5.3|5.3|2|8
44.6|93.13|1095|388|5.3|5.3|2|8
44.7|93.21|1095|388|5.3|5.3|2|8
44.8|93.15|1245|388|5.3|5.3|2|8
44.9|93.04|1219|389|5.3|5.3|2|8
45|92.99|1294|389|5.3|5.3|2|8
45.1|92.87|1253|390|5.3|5.3|2|8
45.2|92.84|1271|389|5.3|5.3|2|8
45.3|92.72|1281|389|5.3|5.3|2|8
45.4|92.72|1186|389|5.3|5.3|2|8
45.5|92.7|1302|389|5.3|5.3|2|8
45.6|92.59|1278|389|5.3|5.3|2|8
45.7|92.47|1232|388|5.3|5.3|2|8
45.8|92.4|1186|389|5.3|5.3|2|8
45.9|92.37|1307|389|5.3|5.3|2|8
46|92.31|1317|388|5.3|5.3|2|8
46.1|92.16|1222|389|5.3|5.3|2|8
46.2|92.17|1235|389|5.3|5.3|2|8
46.3|92.05|1286|389|5.3|5.3|2|8
46.4|91.97|1196|389|5.3|5.3|2|8
46.5|91.93|1253|390|5.3|5.3|2|8
46.6|91.85|1263|390|5.3|5.3|2|8
46.7|91.76|1250|388|5.3|5.3|2|8
46.8|91.66|1198|388|5.3|5.3|2|8
46.9|91.6|1165|388|5.3|5.3|2|8
47|91.51|1240|388|5.3|5.3|2|8
47.1|91.49|1162|388|5.3|5.3|2|8
47.2|91.41|1247|388|5.3|5.3|2|8
47.3|91.3|1276|389|5.3|5.3|2|8
47.4|91.25|1284|389|5.3|5.3|2|8
47.5|91.06|1381|388|5.3|5.3|2|8
47.6|91.02|1302|388|5.3|5.3|2|8
47.7|90.94|1258|388|5.3|5.3|2|8
47.8|90.83|1273|388|5.3|5.3|2|8
47.9|90.78|1139|388|5.3|5.3|2|8
48|90.63|1191|388|5.3|5.3|2|8
48.1|90.59|1268|389|5.3|5.3|2|8
48.2|90.51|1211|388|5.3|5.3|2|8
48.3|90.44|1206|388|5.3|5.3|2|8
48.4|90.35|1327|389|5.3|5.3|2|8
48.5|90.21|1258|389|5.3|5.3|2|8
48.6|90.11|1302|390|5.3|5.3|2|8
48.7|89.97|1294|388|5.3|5.3|2|8
48.8|89.92|1152|388|5.3|5.3|2|8
48.9|89.76|1247|388|5.3|5.3|2|8
49|89.7|1149|388|5.3|5.3|2|8
49.1|89.54|1178|388|5.3|5.3|2|8
49.2|89.52|1278|389|5.3|5.3|2|8
49.3|89.39|1222|390|5.3|5.3|2|8
49.4|89.26|1152|389|5.3|5.3|2|8
49.5|89.19|1196|389|5.3|5.3|2|8
49.6|89.02|1412|390|5.3|5.3|2|8
49.7|88.83|1322|389|5.3|5.3|2|8
49.8|88.86|1178|388|5.3|5.3|2|8
49.9|88.75|1235|389|5.3|5.3|2|8
50|88.58|1191|388|5.3|5.3|2|8
50.1|88.5|1229|388|5.3|5.3|2|8
50.2|88.31|1353|388|5.3|5.3|2|8
50.3|88.23|1284|389|5.3|5.3|2|8
50.4|88.04|1325|390|5.3|5.3|2|8
50.5|88|1284|389|5.3|5.3|2|8
50.6|87.85|1307|389|5.3|5.3|2|8
50.7|87.66|1219|389|5.3|5.3|2|8
50.8|87.58|1224|390|5.3|5.3|2|8
50.9|87.44|1268|389|5.3|5.3|2|8
51|87.27|1307|389|5.3|5.3|2|8
51.1|87.17|1265|389|5.3|5.3|2|8
51.2|87.02|1242|389|5.3|5.3|2|8
51.3|86.9|1381|388|5.3|5.3|2|8
51.4|86.74|1186|388|5.3|5.3|2|8
51.5|86.6|1296|388|5.3|5.3|2|8
51.6|86.43|1263|388|5.3|5.3|2|8
51.7|86.25|1294|388|5.3|5.3|2|8
51.8|86.15|1309|388|5.3|5.3|2|8
51.9|85.99|1222|388|5.3|5.3|2|8
52|85.91|1294|388|5.3|5.3|2|8
52.1|85.66|1332|389|5.3|5.3|2|8
52.2|85.5|1247|389|5.3|5.3|2|8
52.3|85.34|1273|389|5.3|5.3|2|8
52.4|85.21|1229|388|5.3|5.3|2|8
52.5|85.01|1255|388|5.3|5.3|2|8
52.6|84.85|1291|388|5.3|5.3|2|8
52.7|84.66|1265|389|5.3|5.3|2|8
52.8|84.44|1229|389|5.3|5.3|2|8
52.9|84.31|1271|389|5.3|5.3|2|8
53|84.19|1309|390|5.3|5.3|2|8
53.1|83.96|1389|390|5.3|5.3|2|8
53.2|83.83|1237|390|5.3|5.3|2|8
53.3|83.58|1201|388|5.3|5.3|2|8
53.4|83.41|1335|390|5.3|5.3|2|8
53.5|83.21|1436|390|5.3|5.3|2|8
53.6|83.06|1345|388|5.3|5.3|2|8
53.7|82.79|1379|389|5.3|5.3|6|8
53.8|81.15|1899|388|5.3|5.3|6|8
53.9|78.55|1905|389|5.3|5.3|6|8
54|76.06|36|388|5.3|5.3|7|8
54.1|74.07|0|387|5.3|5.3|7|8
54.2|73.02|0|386|5.3|5.3|7|8
54.3|72.46|0|386|5.3|5.3|7|8
54.4|72.23|0|386|5.3|5.3|7|8
54.5|72.08|0|386|5.3|5.3|7|8
54.6|72.07|0|386|5.3|5.3|7|8
54.7|71.99|0|386|5.3|5.3|7|8
54.8|71.92|0|386|5.3|5.3|7|8
54.9|72|0|386|5.3|5.3|7|8
55|72.08|0|386|5.3|5.3|7|8
55.1|72.04|0|386|5.3|5.3|7|8
55.2|72|0|386|5.3|5.3|7|8
55.3|71.96|0|386|5.3|5.3|7|8
55.4|72|0|386|5.3|5.3|7|8
55.5|71.99|0|386|5.3|5.3|7|8
55.6|72.06|0|386|5.3|5.3|7|8
55.7|72.06|0|386|5.3|5.3|7|8
55.8|71.99|0|386|5.3|5.3|7|8
55.9|71.98|0|386|5.3|5.3|7|8
56|71.95|0|386|5.3|5.3|7|8
56.1|71.99|0|386|5.3|5.3|7|8
56.2|72.06|0|386|5.3|5.3|7|8
56.3|72.06|0|386|5.3|5.3|7|8
56.4|72.02|0|386|5.3|5.3|7|8
56.5|72|0|386|5.3|5.3|7|8
56.6|72.04|0|386|5.3|5.3|7|8
56.7|71.98|0|386|5.3|5.3|7|8
56.8|71.94|0|386|5.3|5.3|7|8
56.9|71.91|0|386|5.3|5.3|7|8
57|71.96|0|386|5.3|5.3|7|8
57.1|72.04|0|386|5.3|5.3|7|8
57.2|71.99|0|386|5.3|5.3|7|8
57.3|71.96|0|386|5.3|5.3|7|8
57.4|71.96|0|386|5.3|5.3|7|8
57.5|71.95|0|386|5.3|5.3|7|8
57.6|71.91|0|386|5.3|5.3|7|8
57.7|71.96|0|386|5.3|5.3|7|8
57.8|71.96|0|386|5.3|5.3|7|8
57.9|71.98|0|386|5.3|5.3|7|8
58|71.99|0|386|5.3|5.3|7|8
58.1|72.06|0|386|5.3|5.3|7|8
58.2|71.98|0|386|5.3|5.3|7|8
58.3|71.99|0|386|5.3|5.3|7|8
58.4|71.98|0|386|5.3|5.3|7|8
58.5|71.98|0|386|5.3|5.3|7|8
58.6|71.98|0|386|5.3|5.3|7|8
58.7|71.98|0|386|5.3|5.3|7|8
58.8|71.96|0|386|5.3|5.3|7|8
58.9|71.98|0|386|5.3|5.3|7|8
59|71.96|0|386|5.3|5.3|7|8
59.1|71.98|0|386|5.3|5.3|7|8
59.2|71.96|0|386|5.3|5.3|7|8
59.3|71.96|0|386|5.3|5.3|7|8
59.4|71.94|0|386|5.3|5.3|7|8
59.5|71.94|0|386|5.3|5.3|7|8
59.6|71.99|0|386|5.3|5.3|7|8
59.7|72.04|0|386|5.3|5.3|7|8
59.8|71.98|0|386|5.3|5.3|7|8
59.9|71.95|0|386|5.3|5.3|7|8
60|71.92|0|386|5.3|5.3|7|8
60.1|71.92|0|386|5.3|5.3|7|8
60.2|71.99|0|386|5.3|5.3|7|8
60.3|72.02|0|386|5.3|5.3|7|8
60.4|71.98|0|386|5.3|5.3|7|8
60.5|71.96|0|386|5.3|5.3|7|8
60.6|71.95|0|386|5.3|5.3|7|8
60.7|71.89|0|386|5.3|5.3|7|8
60.8|71.95|0|386|5.3|5.3|7|8
60.9|72.02|0|386|5.3|5.3|7|8
61|71.99|0|386|5.3|5.3|7|8
61.1|71.95|0|386|5.3|5.3|7|8
61.2|71.95|0|386|5.3|5.3|7|8
61.3|71.95|0|386|5.3|5.3|7|8
61.4|71.89|0|386|5.3|5.3|7|8
61.5|71.96|0|386|5.3|5.3|7|8
61.6|72.03|0|386|5.3|5.3|7|8
61.7|71.96|0|386|5.3|5.3|7|8
61.8|71.95|0|386|5.3|5.3|7|8
61.9|71.95|0|386|5.3|5.3|7|8
62|71.91|0|386|5.3|5.3|7|8
62.1|71.94|0|386|5.3|5.3|7|8
62.2|72.03|0|386|5.3|5.3|7|8
62.3|71.98|0|386|5.3|5.3|7|8
62.4|71.95|0|386|5.3|5.3|7|8
62.5|71.95|0|386|5.3|5.3|7|8
62.6|71.95|0|386|5.3|5.3|7|8
62.7|71.96|0|386|5.3|5.3|7|8
62.8|71.96|0|386|5.3|5.3|7|8
62.9|71.96|0|386|5.3|5.3|7|8
63|71.96|0|386|5.3|5.3|7|8
63.1|71.96|0|386|5.3|5.3|7|8
63.2|72|0|386|5.3|5.3|7|8
63.3|71.95|0|386|5.3|5.3|7|8
63.4|71.91|0|386|5.3|5.3|7|8
63.5|71.94|0|386|5.3|5.3|7|8
63.6|71.89|0|386|5.3|5.3|7|8
63.7|71.88|0|386|5.3|5.3|7|8
63.8|72|0|386|5.3|5.3|7|8
63.9|71.99|0|386|5.3|5.3|7|8
64|71.96|0|386|5.3|5.3|7|8
64.1|71.96|0|386|5.3|5.3|7|8
64.2|72|0|386|5.3|5.3|7|8
64.3|71.95|0|386|5.3|5.3|7|8
64.4|71.91|0|386|5.3|5.3|7|8
64.5|71.92|0|386|5.3|5.3|7|8
64.6|71.88|0|386|5.3|5.3|7|8
64.7|71.95|0|386|5.3|5.3|7|8
64.8|72.04|0|386|5.3|5.3|7|8
64.9|71.95|0|390|5.3|5.3|7|8
65|71.96|0|392|5.3|5.3|7|8
65.1|71.95|0|392|5.3|5.3|7|8
65.2|71.99|0|392|5.3|5.3|7|8
65.3|71.94|0|393|5.3|5.3|7|8
65.4|71.89|0|393|5.3|5.3|7|8
65.5|71.94|0|393|5.3|5.3|7|8
65.6|71.89|0|392|5.3|5.3|7|8
65.7|71.88|0|393|5.3|5.3|7|8
65.8|71.98|0|393|5.3|5.3|7|8
65.9|71.98|0|393|5.3|5.3|7|8
66|71.95|0|393|5.3|5.3|7|8
66.1|71.95|0|392|5.3|5.3|7|8
66.2|71.96|0|393|5.3|5.3|7|8
66.3|71.99|0|393|5.3|5.3|7|8
66.4|71.92|0|393|5.3|5.3|7|8
66.5|71.94|0|392|5.3|5.3|7|8
66.6|71.91|0|393|5.3|5.3|7|8
66.7|71.88|0|392|5.3|5.3|7|8
66.8|71.95|0|392|5.3|5.3|7|8
66.9|72|0|392|5.3|5.3|7|8
67|71.96|0|393|5.3|5.3|8|8
67.1|71.79|0|392|5.3|5.3|8|8
67.2|71.81|0|392|5.3|5.3|8|8
67.3|71.89|0|392|5.3|5.3|8|8
67.4|71.89|0|392|5.3|5.3|8|8
67.5|71.88|0|392|5.3|5.3|8|8
67.6|71.85|0|393|5.3|5.3|8|8
67.7|71.92|0|392|5.3|5.3|8|8
67.8|71.85|0|392|5.3|5.3|8|8
67.9|71.88|0|392|5.3|5.3|8|8
68|71.89|0|393|5.3|5.3|8|8
68.1|71.89|0|393|5.2|5.2|8|8
68.2|71.88|0|392|5.2|5.2|8|8
68.3|71.85|0|392|5.2|5.2|8|8
68.4|71.91|0|392|5.2|5.2|8|8
68.5|71.87|0|392|5.2|5.2|8|8
68.6|71.91|0|393|5.2|5.2|8|8
68.7|71.89|0|392|5.2|5.2|8|8
68.8|71.89|0|392|5.2|5.2|8|8
68.9|71.89|0|392|5.2|5.2|8|8
69|72.62|0|392|5.2|5.2|8|8
69.1|75.65|0|392|5.2|5.2|8|8
69.2|78.67|0|392|5.2|5.2|8|8
69.3|81.65|0|392|5.2|5.2|8|8
69.4|84.7|0|392|5.2|5.2|8|8
69.5|87.65|0|392|5.2|5.2|8|8
69.6|90.59|0|392|5.2|5.2|8|8
69.7|93.47|0|392|5.2|5.2|8|8
69.8|95.04|0|392|5.2|5.2|8|8
69.9|95.69|0|392|5.2|5.2|8|8
