0|96.02|1338|421|4.8|4.8|1|8
0.1|96.02|1575|426|4.8|4.8|1|8
0.2|96|1606|429|4.8|4.8|1|8
0.3|96.01|1626|430|4.8|4.8|1|8
0.4|96|1644|430|4.8|4.8|1|8
0.5|96|1657|431|4.8|4.8|3|8
0.6|96|1673|431|4.8|4.8|3|8
0.7|95.96|1680|432|4.8|4.8|3|8
0.8|95.96|1686|432|4.8|4.8|3|8
0.9|95.98|1693|432|4.8|4.8|3|8
1|95.96|1698|432|4.8|4.8|3|8
1.1|96|1704|432|4.8|4.9|3|8
1.2|95.97|1706|432|4.9|4.9|3|8
1.3|95.97|1714|432|4.9|4.9|3|8
1.4|95.96|1714|432|4.9|4.9|3|8
1.5|95.97|1716|432|4.9|4.9|3|8
1.6|95.97|1719|432|4.9|4.9|3|8
1.7|95.98|1722|432|4.9|4.9|3|8
1.8|96.01|1722|432|4.9|4.9|3|8
1.9|95.98|1724|432|4.9|4.9|3|8
2|95.92|1727|432|4.9|4.9|3|8
2.1|95.97|1729|432|4.9|4.9|3|8
2.2|95.94|1729|432|4.9|4.9|3|8
2.3|95.97|1737|432|4.9|4.9|3|8
2.4|95.94|1735|432|4.9|4.9|3|8
2.5|95.98|1735|432|4.9|4.9|4|8
2.6|96.25|1722|432|4.9|4.9|4|8
2.7|96.63|1678|432|4.9|4.9|4|8
2.8|97.1|1289|432|4.9|4.9|5|8
2.9|97.49|1054|430|4.9|4.9|5|8
3|97.73|1046|429|4.9|4.9|5|8
3.1|97.74|1044|429|4.9|4.9|5|8
3.2|97.73|1044|428|4.9|4.9|5|8
3.3|97.78|1041|428|4.9|4.9|5|8
3.4|97.78|1041|428|4.9|4.9|5|8
3.5|97.77|1039|428|4.9|4.9|5|8
3.6|97.77|1039|428|4.9|4.9|5|8
3.7|97.77|1036|428|4.9|4.9|5|8
3.8|97.77|1036|428|4.9|4.9|5|8
3.9|97.78|1036|428|4.9|4.9|5|8
4|97.77|1036|428|4.9|4.9|5|8
4.1|97.77|1036|428|4.9|5|5|8
4.2|97.78|1036|428|5|5|5|8
4.3|97.77|1036|428|5|5|5|8
4.4|97.77|1036|428|5|5|5|8
4.5|97.77|1036|428|5|5|5|8
4.6|97.78|1036|429|5|5|5|8
4.7|97.78|1036|428|5|5|5|8
4.8|97.78|1036|428|5|5|2|8
4.9|97.81|1036|428|5|5|2|8
5|97.41|1036|428|5|5|2|8
5.1|97.03|1041|428|5|5|2|8
5.2|96.57|1111|429|5|5|2|8
5.3|96.12|1178|430|5|5|2|8
5.4|95.59|1209|430|5|5|2|8
5.5|95.12|1552|430|5|5|3|8
5.6|94.72|1753|432|5|5|3|8
5.7|94.67|1768|432|5|5|3|8
5.8|94.52|1778|433|5|5|3|8
5.9|94.47|1784|433|5|5|3|8
6|94.45|1789|433|5|5|3|8
6.1|94.45|1791|433|5|5|3|8
6.2|94.4|1794|433|5|5|3|8
6.3|94.41|1796|433|5|5|3|8
6.4|94.44|1799|433|5|5|3|8
6.5|94.43|1802|433|5|5|3|8
6.6|94.41|1802|433|5|5|3|8
6.7|94.44|1804|433|5|5|3|8
6.8|94.43|1807|433|5|5|3|8
6.9|94.4|1809|433|5|5|3|8
7|94.43|1809|433|5|5|3|8
7.1|94.44|1812|433|5|5|3|8
7.2|94.43|1814|433|5|5|3|8
7.3|94.44|1814|433|5|5|3|8
7.4|94.4|1817|433|5|5|3|8
7.5|94.4|1817|433|5|5|4|8
7.6|94.43|1817|433|5|5|4|8
7.7|94.66|1814|434|5|5|4|8
7.8|95.11|1778|434|5|5|4|8
7.9|95.65|1531|433|5|5|4|8
8|96.08|1057|432|5|5|5|8
8.1|96.32|1049|430|5|5|5|8
8.2|96.36|1046|430|5|5|5|8
8.3|96.35|1044|430|5|5|5|8
8.4|96.41|1044|430|5|5|5|8
8.5|96.43|1044|430|5|5|5|8
8.6|96.45|1044|429|5|5|5|8
8.7|96.48|1041|429|5|5|5|8
8.8|96.41|1041|429|5|5|5|8
8.9|96.39|1041|429|5.1|5|5|8
9|96.41|1041|428|5.1|5.1|5|8
9.1|96.41|1041|428|5.1|5.1|5|8
9.2|96.43|1039|428|5.1|5.1|5|8
9.3|96.41|1039|428|5.1|5.1|5|8
9.4|96.41|1039|428|5.1|5.1|5|8
9.5|96.41|1031|428|5.1|5.1|5|8
9.6|96.43|1031|428|5.1|5.1|5|8
9.7|96.43|1031|428|5.1|5.1|5|8
9.8|96.44|1028|428|5.1|5.1|5|8
9.9|96.48|1028|428|5.1|5.1|5|8
10|96.44|1028|428|5.1|5.1|2|8
10.1|96.14|1028|428|5.1|5.1|2|8
10.2|95.74|1031|428|5.1|5.1|2|8
10.3|95.29|1090|428|5.1|5.1|2|8
10.4|94.83|1454|424|5.1|5.1|2|8
10.5|94.51|1768|414|5.1|5.1|3|8
10.6|94.33|1791|412|5.1|5.1|3|8
10.7|94.21|1802|411|5.1|5.1|3|8
10.8|94.13|1807|410|5.1|5.1|3|8
10.9|94.05|1812|410|5.1|5.1|3|8
11|94.05|1814|410|5.1|5.1|3|8
11.1|94.12|1817|410|5.1|5.1|3|8
11.2|94.09|1820|410|5.1|5.1|3|8
11.3|94.05|1820|410|5.1|5.1|3|8
11.4|94.06|1822|409|5.1|5.1|3|8
11.5|94.06|1822|409|5.1|5.1|3|8
11.6|94.1|1825|409|5.1|5.1|3|8
11.7|94.05|1827|409|5.1|5.1|3|8
11.8|94.08|1827|409|5.1|5.1|3|8
11.9|94.1|1830|409|5.1|5.1|3|8
12|94.06|1832|409|5.1|5.1|3|8
12.1|94.06|1835|409|5.1|5.1|3|8
12.2|94.08|1838|410|5.1|5.1|3|8
12.3|94.06|1838|409|5.1|5.1|3|8
12.4|94.08|1838|409|5.1|5.1|3|8
12.5|94.1|1840|409|5.1|5.1|4|8
12.6|94.29|1840|409|5.1|5.1|4|8
12.7|94.63|1822|409|5.1|5.1|4|8
12.8|95.22|1394|410|5.1|5.1|4|8
12.9|95.63|1057|409|5.1|5.1|5|8
13|95.78|1049|408|5.1|5.1|5|8
13.1|95.84|1046|408|5.1|5.1|5|8
13.2|95.94|1046|408|5.1|5.1|5|8
13.3|95.96|1046|408|5.1|5.1|5|8
13.4|95.94|1044|408|5.1|5.1|5|8
13.5|95.92|1044|408|5.1|5.1|5|8
13.6|95.92|1044|408|5.1|5.1|5|8
13.7|95.93|1044|408|5.1|5.1|5|8
13.8|95.94|1046|408|5.1|5.1|5|8
13.9|95.93|1041|408|5.2|5.1|5|8
14|95.92|1044|408|5.1|5.1|5|8
14.1|95.93|1041|408|5.2|5.2|5|8
14.2|95.93|1041|408|5.2|5.2|5|8
14.3|95.93|1041|408|5.2|5.2|5|8
14.4|95.93|1041|408|5.2|5.2|5|8
14.5|95.94|1041|408|5.2|5.2|5|8
14.6|95.93|1041|408|5.2|5.2|5|8
14.7|95.93|1041|407|5.2|5.2|5|8
14.8|95.93|1041|408|5.2|5.2|5|8
14.9|95.9|1041|408|5.2|5.2|2|8
15|95.66|1041|408|5.2|5.2|2|8
15.1|95.21|1041|408|5.2|5.2|2|8
15.2|94.74|1224|408|5.2|5.2|2|8
15.3|94.37|1753|408|5.2|5.2|3|8
15.4|94.13|1822|409|5.2|5.2|3|8
15.5|93.97|1835|409|5.2|5.2|3|8
15.6|93.93|1843|409|5.2|5.2|3|8
15.7|93.89|1848|409|5.2|5.2|3|8
15.8|93.82|1853|409|5.2|5.2|3|8
15.9|93.78|1856|409|5.2|5.2|3|8
16|93.82|1856|409|5.2|5.2|3|8
16.1|93.84|1858|409|5.2|5.2|3|8
16.2|93.85|1858|409|5.2|5.2|3|8
16.3|93.84|1858|409|5.2|5.2|3|8
16.4|93.82|1861|409|5.2|5.2|3|8
16.5|93.8|1861|410|5.2|5.2|3|8
16.6|93.82|1861|410|5.2|5.2|3|8
16.7|93.82|1861|410|5.2|5.2|3|8
16.8|93.82|1863|410|5.2|5.2|3|8
16.9|93.84|1863|410|5.2|5.2|3|8
17|93.85|1863|409|5.2|5.2|3|8
17.1|93.84|1863|409|5.2|5.2|3|8
17.2|93.82|1863|409|5.2|5.2|3|8
17.3|93.82|1863|409|5.2|5.2|4|8
17.4|93.89|1863|409|5.2|5.2|4|8
17.5|94.29|1853|409|5.2|5.2|4|8
17.6|94.75|1686|410|5.2|5.2|4|8
17.7|95.23|1064|409|5.2|5.2|5|8
17.8|95.42|1054|408|5.2|5.2|5|8
17.9|95.45|1049|408|5.2|5.2|5|8
18|95.57|1049|408|5.2|5.2|5|8
18.1|95.58|1046|408|5.2|5.2|5|8
18.2|95.61|1046|408|5.2|5.2|5|8
18.3|95.59|1046|408|5.2|5.2|5|8
18.4|95.57|1044|408|5.2|5.2|5|8
18.5|95.55|1044|408|5.2|5.2|5|8
18.6|95.57|1044|408|5.2|5.2|5|8
18.7|95.55|1044|407|5.2|5.2|5|8
18.8|95.62|1044|407|5.2|5.2|5|8
18.9|95.61|1044|407|5.2|5.2|5|8
19|95.57|1041|407|5.2|5.2|5|8
19.1|95.55|1041|407|5.2|5.2|5|8
19.2|95.55|1041|407|5.2|5.2|5|8
19.3|95.61|1041|407|5.2|5.2|5|8
19.4|95.59|1041|407|5.2|5.2|5|8
19.5|95.58|1041|407|5.2|5.2|5|8
19.6|95.58|1041|407|5.2|5.2|5|8
19.7|95.57|1041|407|5.2|5.2|2|8
19.8|95.34|1041|407|5.2|5.2|2|8
19.9|94.98|1041|407|5.2|5.2|2|8
20|94.55|1162|408|5.2|5.2|2|8
20.1|94.09|1778|408|5.2|5.2|3|8
20.2|93.89|1832|408|5.2|5.2|3|8
20.3|93.78|1845|409|5.2|5.2|3|8
20.4|93.65|1871|402|5.2|5.2|3|8
20.5|93.64|1879|394|5.2|5.2|3|8
20.6|93.6|1884|390|5.2|5.2|3|8
20.7|93.62|1887|390|5.2|5.2|3|8
20.8|93.64|1889|389|5.2|5.2|3|8
20.9|93.61|1889|389|5.2|5.2|3|8
21|93.62|1889|389|5.2|5.2|3|8
21.1|93.65|1892|388|5.2|5.2|3|8
21.2|93.6|1892|388|5.2|5.2|3|8
21.3|93.61|1892|388|5.2|5.2|3|8
21.4|93.57|1892|388|5.3|5.3|3|8
21.5|93.62|1892|388|5.3|5.3|3|8
21.6|93.6|1894|389|5.3|5.3|3|8
21.7|93.62|1894|388|5.3|5.3|3|8
21.8|93.6|1894|388|5.3|5.3|3|8
21.9|93.6|1894|388|5.3|5.3|3|8
22|93.6|1894|388|5.3|5.3|3|8
22.1|93.61|1897|388|5.3|5.3|4|8
22.2|93.8|1894|388|5.3|5.3|4|8
22.3|94.15|1876|389|5.3|5.3|4|8
22.4|94.63|1296|390|5.3|5.3|5|8
22.5|95.03|1067|389|5.3|5.3|5|8
22.6|95.12|1059|389|5.3|5.3|5|8
22.7|95.26|1057|389|5.3|5.3|5|8
22.8|95.29|1054|388|5.3|5.3|5|8
22.9|95.27|1054|388|5.3|5.3|5|8
23|95.27|1054|388|5.3|5.3|5|8
23.1|95.26|1052|388|5.3|5.3|5|8
23.2|95.29|1052|388|5.3|5.3|5|8
23.3|95.27|1052|388|5.3|5.3|5|8
23.4|95.27|1052|388|5.3|5.3|5|8
23.5|95.25|1049|388|5.3|5.3|5|8
23.6|95.3|1049|388|5.3|5.3|5|8
23.7|95.29|1049|388|5.3|5.3|5|8
23.8|95.25|1049|388|5.3|5.3|5|8
23.9|95.29|1049|388|5.3|5.3|5|8
24|95.31|1049|388|5.3|5.3|5|8
24.1|95.27|1049|388|5.3|5.3|5|8
24.2|95.25|1049|388|5.3|5.3|5|8
24.3|95.29|1049|388|5.3|5.3|5|8
24.4|95.29|1049|388|5.3|5.3|2|8
24.5|95.21|1046|388|5.3|5.3|2|8
24.6|94.94|1049|388|5.3|5.3|2|8
24.7|94.55|1052|388|5.3|5.3|2|8
24.8|94.08|1732|389|5.3|5.3|3|8
24.9|93.85|1840|388|5.3|5.3|3|8
25|93.64|1863|388|5.3|5.3|3|8
25.1|93.58|1874|388|5.3|5.3|3|8
25.2|93.51|1879|388|5.3|5.3|3|8
25.3|93.5|1881|388|5.3|5.3|3|8
25.4|93.51|1884|388|5.3|5.3|3|8
25.5|93.51|1889|388|5.3|5.3|3|8
25.6|93.5|1892|388|5.3|5.3|3|8
25.7|93.5|1892|388|5.3|5.3|3|8
25.8|93.5|1894|388|5.3|5.3|3|8
25.9|93.5|1894|388|5.3|5.3|3|8
26|93.5|1897|388|5.3|5.3|3|8
26.1|93.5|1894|388|5.3|5.3|3|8
26.2|93.5|1897|388|5.3|5.3|3|8
26.3|93.5|1897|388|5.3|5.3|3|8
26.4|93.5|1897|388|5.3|5.3|3|8
26.5|93.49|1897|388|5.3|5.3|3|8
26.6|93.51|1897|388|5.3|5.3|3|8
26.7|93.47|1897|388|5.3|5.3|3|8
26.8|93.53|1897|388|5.3|5.3|4|8
26.9|93.58|1897|388|5.3|5.3|4|8
27|93.88|1884|388|5.3|5.3|4|8
27.1|94.44|1410|389|5.3|5.3|4|8
27.2|94.78|1067|388|5.3|5.3|5|8
27.3|94.92|1059|388|5.3|5.3|5|8
27.4|95.07|1057|388|5.3|5.3|5|8
27.5|95.07|1054|388|5.3|5.3|5|8
27.6|95.08|1054|388|5.3|5.3|5|8
27.7|95.12|1052|388|5.3|5.3|5|8
27.8|95.04|1052|388|5.3|5.3|5|8
27.9|95.07|1049|388|5.3|5.3|5|8
28|95.07|1049|388|5.3|5.3|5|8
28.1|95.07|1049|388|5.3|5.3|5|8
28.2|95.07|1049|388|5.3|5.3|5|8
28.3|95.07|1049|388|5.3|5.3|5|8
28.4|95.08|1052|388|5.3|5.3|5|8
28.5|95.06|1049|388|5.3|5.3|5|8
28.6|95.04|1049|388|5.3|5.3|5|8
28.7|95.07|1049|388|5.3|5.3|5|8
28.8|95.07|1049|388|5.3|5.3|5|8
28.9|95.11|1049|388|5.3|5.3|5|8
29|95.11|1049|388|5.3|5.3|5|8
29.1|95.06|1046|388|5.3|5.3|5|8
29.2|95.08|1046|388|5.3|5.3|2|8
29.3|94.74|1046|388|5.3|5.3|2|8
29.4|94.4|1046|388|5.3|5.3|2|8
29.5|93.93|1668|388|5.3|5.3|3|8
29.6|93.6|1845|388|5.3|5.3|3|8
29.7|93.53|1869|388|5.3|5.3|3|8
29.8|93.42|1876|388|5.3|5.3|3|8
29.9|93.33|1881|388|5.3|5.3|3|8
30|93.34|1887|388|5.3|5.3|3|8
30.1|93.33|1892|388|5.3|5.3|3|8
30.2|93.31|1897|388|5.3|5.3|3|8
30.3|93.26|1899|388|5.3|5.3|3|8
30.4|93.25|1902|388|5.3|5.3|3|8
30.5|93.34|1902|388|5.3|5.3|3|8
30.6|93.27|1905|388|5.3|5.3|3|8
30.7|93.33|1905|388|5.3|5.3|3|8
30.8|93.31|1905|388|5.3|5.3|3|8
30.9|93.27|1905|388|5.3|5.3|3|8
31|93.33|1905|388|5.3|5.3|3|8
31.1|93.34|1907|388|5.3|5.3|3|8
31.2|93.29|1907|388|5.3|5.3|3|8
31.3|93.27|1907|388|5.3|5.3|3|8
31.4|93.35|1907|388|5.3|5.3|3|8
31.5|93.3|1907|388|5.3|5.3|4|8
31.6|93.33|1907|388|5.3|5.3|4|8
31.7|93.66|1889|388|5.3|5.3|4|8
31.8|94.19|1131|388|5.3|5.3|5|8
31.9|94.47|1062|388|5.3|5.3|5|8
32|94.52|1059|388|5.3|5.3|5|8
32.1|94.63|1057|388|5.3|5.3|5|8
32.2|94.63|1054|388|5.3|5.3|5|8
32.3|94.64|1054|388|5.3|5.3|5|8
32.4|94.63|1052|388|5.3|5.3|5|8
32.5|94.63|1052|388|5.4|5.3|5|8
32.6|94.63|1052|388|5.3|5.4|5|8
32.7|94.64|1049|388|5.3|5.4|5|8
32.8|94.64|1049|388|5.3|5.4|5|8
32.9|94.63|1049|388|5.4|5.4|5|8
33|94.66|1049|388|5.4|5.4|5|8
33.1|94.63|1049|388|5.4|5.4|5|8
33.2|94.6|1049|388|5.4|5.4|5|8
33.3|94.63|1049|388|5.4|5.4|5|8
33.4|94.66|1049|388|5.4|5.4|5|8
33.5|94.64|1049|388|5.4|5.4|5|8
33.6|94.63|1049|388|5.4|5.4|5|8
33.7|94.64|1049|388|5.4|5.4|5|8
33.8|94.66|1049|388|5.4|5.4|2|8
33.9|94.51|1046|388|5.4|5.4|2|8
34|94.16|1049|388|5.4|5.4|2|8
34.1|93.7|1508|388|5.4|5.4|2|8
34.2|93.39|1843|388|5.4|5.4|3|8
34.3|93.13|1871|388|5.4|5.4|3|8
34.4|93.22|1884|388|5.4|5.4|3|8
34.5|93.13|1892|388|5.4|5.4|3|8
34.6|92.98|1897|388|5.4|5.4|3|8
34.7|93.02|1899|388|5.4|5.4|3|8
34.8|93.06|1905|388|5.4|5.4|3|8
34.9|93.09|1907|388|5.4|5.4|3|8
35|93.02|1910|388|5.4|5.4|3|8
35.1|93.06|1912|388|5.4|5.4|3|8
35.2|93.06|1912|388|5.4|5.4|3|8
35.3|93.09|1915|388|5.4|5.4|3|8
35.4|93.04|1915|388|5.4|5.4|3|8
35.5|93.06|1915|388|5.4|5.4|3|8
35.6|93.06|1915|388|5.4|5.4|3|8
35.7|93.04|1915|388|5.4|5.4|3|8
35.8|93.07|1918|388|5.4|5.4|3|8
35.9|93.03|1918|388|5.4|5.4|3|8
36|93.06|1918|388|5.4|5.4|3|8
36.1|93.04|1918|388|5.4|5.4|3|8
36.2|93.07|1918|388|5.4|5.4|4|8
36.3|93.31|1910|388|5.4|5.4|4|8
36.4|93.81|1255|388|5.4|5.4|5|8
36.5|94.06|1064|388|5.4|5.4|2|8
36.6|94.09|1059|388|5.4|5.4|2|8
36.7|94.06|1057|388|5.4|5.4|2|8
36.8|94.01|1054|388|5.4|5.4|2|8
36.9|93.96|1052|388|5.4|5.4|2|8
37|93.93|1052|388|5.4|5.4|2|8
37.1|93.85|1052|388|5.4|5.4|2|8
37.2|93.84|1052|388|5.4|5.4|2|8
37.3|93.68|1049|388|5.4|5.4|2|8
37.4|93.66|1067|388|5.4|5.4|2|8
37.5|93.68|1201|388|5.4|5.4|2|8
37.6|93.53|1157|388|5.4|5.4|2|8
37.7|93.53|1268|389|5.4|5.4|2|8
37.8|93.38|1479|390|5.4|5.4|2|8
37.9|93.35|1701|388|5.4|5.4|2|8
38|93.43|1747|388|5.4|5.4|2|8
38.1|93.6|1737|388|5.4|5.4|2|8
38.2|93.81|1665|388|5.4|5.4|2|8
38.3|93.96|1070|388|5.4|5.4|2|8
38.4|94.06|1054|388|5.4|5.4|2|8
38.5|94.06|1052|388|5.4|5.4|2|8
38.6|94|1052|388|5.4|5.4|2|8
38.7|93.97|1049|388|5.4|5.4|2|8
38.8|93.93|1090|388|5.4|5.4|2|8
38.9|93.86|1062|388|5.4|5.4|2|8
39|93.81|1067|388|5.4|5.4|2|8
39.1|93.73|1095|388|5.4|5.4|2|8
39.2|93.68|1049|388|5.4|5.4|2|8
39.3|93.66|1054|388|5.4|5.4|2|8
39.4|93.53|1113|388|5.4|5.4|2|8
39.5|93.5|1247|388|5.4|5.4|2|8
39.6|93.37|1570|388|5.4|5.4|2|8
39.7|93.43|1487|388|5.4|5.4|2|8
39.8|93.49|1057|388|5.4|5.4|2|8
39.9|93.53|1049|388|5.4|5.4|2|8
40|93.54|1049|388|5.4|5.4|2|8
40.1|93.53|1046|388|5.4|5.4|2|8
40.2|93.39|1211|388|5.4|5.4|2|8
40.3|93.37|1448|388|5.4|5.4|2|8
40.4|93.37|1191|388|5.4|5.4|2|8
40.5|93.18|1165|388|5.4|5.4|2|8
40.6|93.17|1049|388|5.4|5.4|2|8
40.7|93.11|1103|388|5.4|5.4|2|8
40.8|93.22|1186|388|5.4|5.4|2|8
40.9|92.96|1394|388|5.4|5.4|2|8
41|93|1126|388|5.4|5.4|2|8
41.1|92.92|1214|388|5.4|5.4|2|8
41.2|92.87|1227|388|5.4|5.4|2|8
41.3|92.79|1149|389|5.4|5.4|2|8
41.4|92.71|1157|388|5.4|5.4|2|8
41.5|92.64|1090|389|5.4|5.4|2|8
41.6|92.62|1155|388|5.4|5.4|2|8
41.7|92.52|1201|388|5.4|5.4|2|8
41.8|92.36|1085|388|5.4|5.4|2|8
41.9|92.41|1286|388|5.4|5.4|2|8
42|92.33|1193|388|5.4|5.4|2|8
42.1|92.17|1085|389|5.4|5.4|2|8
42.2|92.12|1198|388|5.4|5.4|2|8
42.3|92.02|1075|388|5.4|5.4|2|8
42.4|92.02|1144|388|5.4|5.4|2|8
42.5|91.94|1144|389|5.4|5.4|2|8
42.6|91.89|1186|388|5.4|5.4|2|8
42.7|91.77|1247|388|5.4|5.4|2|8
42.8|91.69|1320|389|5.4|5.4|2|8
42.9|91.57|1103|389|5.4|5.4|2|8
43|91.49|1284|389|5.4|5.4|2|8
43.1|91.46|1405|388|5.4|5.4|2|8
43.2|91.37|1271|388|5.4|5.4|2|8
43.3|91.25|1183|388|5.4|5.4|2|8
43.4|91.22|1168|388|5.4|5.4|2|8
43.5|91.05|1108|388|5.4|5.4|2|8
43.6|91|1222|389|5.4|5.4|2|8
43.7|90.91|1131|388|5.4|5.4|2|8
43.8|90.83|1180|388|5.4|5.4|2|8
43.9|90.7|1206|388|5.4|5.4|2|8
44|90.66|1082|388|5.4|5.4|2|8
44.1|90.54|1271|389|5.4|5.4|2|8
44.2|90.44|1173|388|5.4|5.4|2|8
44.3|90.35|1268|388|5.4|5.4|2|8
44.4|90.25|1095|388|5.4|5.4|2|8
44.5|90.16|1268|388|5.4|5.4|2|8
44.6|90.03|1188|388|5.4|5.4|2|8
44.7|89.9|1183|388|5.4|5.4|2|8
44.8|89.8|1067|388|5.4|5.4|2|8
44.9|89.69|1155|388|5.4|5.4|2|8
45|89.62|1173|388|5.4|5.4|2|8
45.1|89.49|1157|388|5.4|5.4|2|8
45.2|89.43|1155|388|5.4|5.4|2|8
45.3|89.29|1296|389|5.4|5.4|2|8
45.4|89.18|1106|389|5.4|5.4|2|8
45.5|89.06|1309|389|5.4|5.4|2|8
45.6|88.94|1139|389|5.4|5.4|2|8
45.7|88.86|1320|389|5.4|5.4|2|8
45.8|88.74|1139|389|5.4|5.4|2|8
45.9|88.59|1186|388|5.4|5.4|2|8
46|88.48|1188|389|5.4|5.4|2|8
46.1|88.33|1258|388|5.4|5.4|2|8
46.2|88.25|1240|389|5.4|5.4|2|8
46.3|88.04|1229|388|5.4|5.4|2|8
46.4|88|1302|389|5.4|5.4|2|8
46.5|87.86|1175|388|5.4|5.4|2|8
46.6|87.66|1090|388|5.4|5.4|2|8
46.7|87.57|1137|388|5.4|5.4|2|8
46.8|87.39|1183|388|5.4|5.4|2|8
46.9|87.26|1139|388|5.4|5.4|2|8
47|87.14|1242|388|5.4|5.4|2|8
47.1|87.03|1142|388|5.4|5.4|2|8
47.2|86.86|1209|388|5.4|5.4|2|8
47.3|86.74|1108|388|5.4|5.4|2|8
47.4|86.56|1214|388|5.4|5.4|2|8
47.5|86.43|1227|388|5.4|5.4|2|8
47.6|86.25|1348|389|5.4|5.4|2|8
47.7|86.12|1204|389|5.4|5.4|2|8
47.8|85.95|1245|389|5.4|5.4|2|8
47.9|85.82|1178|390|5.4|5.4|2|8
48|85.6|1188|390|5.4|5.4|2|8
48.1|85.48|1180|388|5.4|5.4|2|8
48.2|85.27|1232|389|5.4|5.4|2|8
48.3|85.15|1209|388|5.4|5.4|2|8
48.4|84.95|1242|388|5.4|5.4|2|8
48.5|84.79|1307|390|5.4|5.4|2|8
48.6|84.6|1191|389|5.4|5.4|2|8
48.7|84.43|1188|389|5.4|5.4|2|8
48.8|84.23|1245|389|5.4|5.4|2|8
48.9|84.13|1366|389|5.4|5.4|2|8
49|83.87|1173|389|5.4|5.4|2|8
49.1|83.73|1162|388|5.4|5.4|2|8
49.2|83.57|1268|388|5.4|5.4|2|8
49.3|83.36|1338|388|5.4|5.4|2|8
49.4|83.14|1183|388|5.4|5.4|2|8
49.5|82.95|1381|389|5.4|5.4|6|8
49.6|81.89|1838|388|5.4|5.4|6|8
49.7|79.34|1946|388|5.3|5.3|6|8
49.8|76.59|186|388|5.3|5.3|7|8
49.9|74.19|0|387|5.3|5.3|7|8
50|73.01|0|387|5.3|5.3|7|8
50.1|72.47|0|386|5.3|5.3|7|8
50.2|72.24|0|386|5.3|5.3|7|8
50.3|72.04|0|386|5.3|5.3|7|8
50.4|72.03|0|387|5.3|5.3|7|8
50.5|72.02|0|386|5.3|5.3|7|8
50.6|72.03|0|386|5.3|5.3|7|8
50.7|72|0|386|5.3|5.3|7|8
50.8|71.99|0|386|5.3|5.3|7|8
50.9|71.98|0|386|5.3|5.3|7|8
51|71.99|0|386|5.3|5.3|7|8
51.1|72|0|386|5.3|5.3|7|8
51.2|72.06|0|386|5.3|5.3|7|8
51.3|72.03|0|386|5.3|5.3|7|8
51.4|72.03|0|386|5.3|5.3|7|8
51.5|72.02|0|386|5.3|5.3|7|8
51.6|72|0|386|5.3|5.3|7|8
51.7|71.99|0|386|5.3|5.3|7|8
51.8|71.99|0|386|5.3|5.3|7|8
51.9|71.99|0|386|5.3|5.3|7|8
52|71.96|0|387|5.3|5.3|7|8
52.1|71.95|0|387|5.3|5.3|7|8
52.2|71.98|0|386|5.3|5.3|7|8
52.3|71.99|0|387|5.3|5.3|7|8
52.4|71.98|0|386|5.3|5.3|7|8
52.5|72|0|386|5.3|5.3|7|8
52.6|72.02|0|386|5.3|5.3|7|8
52.7|72.02|0|387|5.3|5.3|7|8
52.8|72.03|0|386|5.3|5.3|7|8
52.9|72|0|386|5.3|5.3|7|8
53|72|0|386|5.3|5.3|7|8
53.1|72|0|386|5.3|5.3|7|8
53.2|71.99|0|387|5.3|5.3|7|8
53.3|71.99|0|387|5.3|5.3|7|8
53.4|71.99|0|387|5.3|5.3|7|8
53.5|71.99|0|387|5.3|5.3|7|8
53.6|71.98|0|387|5.3|5.3|7|8
53.7|71.98|0|387|5.3|5.3|7|8
53.8|71.96|0|387|5.3|5.3|7|8
53.9|71.98|0|387|5.3|5.3|7|8
54|71.99|0|387|5.3|5.3|7|8
54.1|72|0|387|5.3|5.3|7|8
54.2|71.99|0|387|5.3|5.3|7|8
54.3|72.02|0|387|5.3|5.3|7|8
54.4|72|0|387|5.3|5.3|7|8
54.5|72.07|0|387|5.3|5.3|7|8
54.6|72.06|0|387|5.3|5.3|7|8
54.7|72.04|0|387|5.3|5.3|7|8
54.8|71.96|0|387|5.3|5.3|7|8
54.9|71.98|0|387|5.3|5.3|7|8
55|71.98|0|387|5.3|5.3|7|8
55.1|71.95|0|387|5.3|5.3|7|8
55.2|71.99|0|387|5.3|5.3|7|8
55.3|72.07|0|387|5.3|5.3|7|8
55.4|72.04|0|387|5.3|5.3|7|8
55.5|71.98|0|387|5.3|5.3|7|8
55.6|71.96|0|387|5.3|5.3|7|8
55.7|71.96|0|387|5.3|5.3|7|8
55.8|71.95|0|387|5.3|5.3|7|8
55.9|71.96|0|387|5.3|5.3|7|8
56|72|0|387|5.3|5.3|7|8
56.1|72.07|0|387|5.3|5.3|7|8
56.2|71.99|0|387|5.3|5.3|7|8
56.3|71.99|0|387|5.3|5.3|7|8
56.4|71.99|0|387|5.3|5.3|7|8
56.5|71.99|0|387|5.3|5.3|7|8
56.6|71.99|0|387|5.3|5.3|7|8
56.7|71.99|0|387|5.3|5.3|7|8
56.8|71.99|0|387|5.3|5.3|7|8
56.9|71.96|0|387|5.3|5.3|7|8
57|71.96|0|386|5.3|5.3|7|8
57.1|71.96|0|387|5.3|5.3|7|8
57.2|71.96|0|387|5.3|5.3|7|8
57.3|71.96|0|387|5.3|5.3|7|8
57.4|71.95|0|387|5.3|5.3|7|8
57.5|71.98|0|387|5.3|5.3|7|8
57.6|71.99|0|387|5.3|5.3|7|8
57.7|72.06|0|387|5.3|5.3|7|8
57.8|71.98|0|387|5.3|5.3|7|8
57.9|71.96|0|387|5.3|5.3|7|8
58|71.96|0|387|5.3|5.3|7|8
58.1|71.96|0|387|5.3|5.3|7|8
58.2|71.96|0|387|5.3|5.3|7|8
58.3|71.98|0|387|5.3|5.3|7|8
58.4|72.02|0|387|5.3|5.3|7|8
58.5|72|0|387|5.3|5.3|7|8
58.6|71.98|0|387|5.3|5.3|7|8
58.7|71.99|0|387|5.3|5.3|7|8
58.8|71.98|0|387|5.3|5.3|7|8
58.9|71.98|0|387|5.3|5.3|7|8
59|71.98|0|387|5.3|5.3|7|8
59.1|71.99|0|387|5.3|5.3|7|8
59.2|71.98|0|387|5.3|5.3|7|8
59.3|71.99|0|387|5.3|5.3|7|8
59.4|71.99|0|387|5.3|5.3|7|8
59.5|71.98|0|386|5.3|5.3|7|8
59.6|71.96|0|387|5.3|5.3|7|8
59.7|71.98|0|386|5.3|5.3|7|8
59.8|71.96|0|387|5.3|5.3|7|8
59.9|71.95|0|387|5.3|5.3|7|8
60|71.95|0|387|5.3|5.3|7|8
60.1|71.96|0|387|5.3|5.3|7|8
60.2|71.95|0|387|5.3|5.3|7|8
60.3|71.98|0|387|5.3|5.3|7|8
60.4|71.99|0|390|5.3|5.3|7|8
60.5|72.02|0|394|5.3|5.3|7|8
60.6|71.95|0|396|5.3|5.3|7|8
60.7|71.96|0|396|5.3|5.3|7|8
60.8|71.95|0|396|5.3|5.3|7|8
60.9|71.95|0|396|5.3|5.3|7|8
61|71.95|0|396|5.3|5.3|7|8
61.1|71.96|0|396|5.3|5.3|7|8
61.2|71.99|0|396|5.3|5.3|7|8
61.3|72.02|0|396|5.3|5.3|7|8
61.4|71.96|0|397|5.3|5.3|7|8
61.5|71.96|0|396|5.3|5.3|7|8
61.6|71.96|0|396|5.3|5.3|7|8
61.7|71.95|0|396|5.3|5.3|7|8
61.8|71.95|0|396|5.3|5.3|7|8
61.9|71.95|0|396|5.3|5.3|7|8
62|71.96|0|396|5.3|5.3|7|8
62.1|71.96|0|396|5.3|5.3|7|8
62.2|71.96|0|396|5.3|5.3|7|8
62.3|71.99|0|396|5.4|5.3|7|8
62.4|71.99|0|396|5.3|5.3|7|8
62.5|71.98|0|396|5.4|5.3|7|8
62.6|71.95|0|396|5.4|5.3|7|8
62.7|71.96|0|396|5.4|5.3|7|8
62.8|72.02|0|396|5.4|5.3|8|8
62.9|71.96|0|396|5.3|5.3|8|8
63|71.87|0|396|5.3|5.3|8|8
63.1|71.88|0|396|5.3|5.3|8|8
63.2|71.91|0|396|5.3|5.3|8|8
63.3|71.91|0|396|5.3|5.3|8|8
63.4|71.91|0|396|5.2|5.2|8|8
63.5|71.91|0|396|5.2|5.2|8|8
63.6|71.91|0|396|5.2|5.2|8|8
63.7|71.91|0|396|5.2|5.2|8|8
63.8|71.91|0|396|5.2|5.2|8|8
63.9|71.91|0|396|5.1|5.1|8|8
64|71.91|0|396|5.1|5.1|8|8
64.1|71.92|0|396|5.1|5.1|8|8
64.2|71.91|0|396|5.1|5.1|8|8
64.3|71.91|0|396|5|5|8|8
64.4|71.91|0|396|5.1|5.1|8|8
64.5|71.92|0|396|5.1|5|8|8
64.6|71.92|0|396|5|5|8|8
64.7|71.92|0|396|5|5|8|8
64.8|72.03|0|396|5|5|8|8
64.9|74.69|0|396|5|5|8|8
65|77.6|0|396|5|5|8|8
65.1|80.51|0|396|5|5|8|8
65.2|83.4|0|396|5|5|8|8
65.3|86.23|0|396|5|5|8|8
65.4|89.03|0|396|5|5|8|8
65.5|91.89|0|396|5|5|8|8
65.6|94.23|0|396|5|5|8|8
65.7|95.3|0|396|5|5|8|8
65.8|95.69|0|396|5|5|8|8
