0|96.04|881|446|5|5|1|8
0.1|96.05|1059|450|5|5|1|8
0.2|96.05|1072|452|5|5|1|8
0.3|96.06|1075|453|5|5|1|8
0.4|96.08|1080|454|5|5|1|8
0.5|96.06|1080|454|5|5|2|8
0.6|95.77|1082|454|5|5|2|8
0.7|95.37|1113|454|5|5|2|8
0.8|94.98|1590|455|5|5|3|8
0.9|94.7|1637|457|5|5|3|8
1|94.48|1660|458|5|5|3|8
1.1|94.43|1686|458|5|5|3|8
1.2|94.4|1693|458|5|5|3|8
1.3|94.4|1701|459|5|5|3|8
1.4|94.39|1709|459|5|5|3|8
1.5|94.36|1711|459|5|5|3|8
1.6|94.33|1714|458|5|5.1|3|8
1.7|94.35|1714|458|5.1|5.1|3|8
1.8|94.36|1714|458|5.1|5.1|3|8
1.9|94.36|1716|458|5.1|5.1|3|8
2|94.39|1716|458|5.1|5.1|3|8
2.1|94.39|1704|458|5.1|5.1|3|8
2.2|94.36|1701|458|5.1|5.1|3|8
2.3|94.36|1704|458|5.1|5.1|3|8
2.4|94.36|1709|458|5.1|5.1|3|8
2.5|94.36|1709|458|5.1|5.1|3|8
2.6|94.37|1709|458|5.1|5.1|3|8
2.7|94.36|1711|458|5.1|5.1|3|8
2.8|94.36|1716|458|5.1|5.1|4|8
2.9|94.45|1714|458|5.1|5.1|4|8
3|94.84|1693|458|5.1|5.1|4|8
3.1|95.29|1131|455|5.1|5.1|5|8
3.2|95.54|1103|452|5.1|5.1|5|8
3.3|95.61|1101|451|5.1|5.1|5|8
3.4|95.66|1101|451|5.1|5.1|5|8
3.5|95.7|1101|451|5.1|5.1|5|8
3.6|95.74|1101|451|5.1|5.1|5|8
3.7|95.76|1101|451|5.1|5.1|5|8
3.8|95.69|1101|451|5.1|5.1|5|8
3.9|95.66|1101|451|5.1|5.1|5|8
4|95.69|1101|451|5.1|5.1|5|8
4.1|95.68|1101|451|5.1|5.1|5|8
4.2|95.7|1101|451|5.1|5.1|5|8
4.3|95.72|1101|450|5.1|5.1|5|8
4.4|95.76|1101|451|5.1|5.1|5|8
4.5|95.76|1101|451|5.1|5.1|5|8
4.6|95.73|1101|451|5.1|5.1|5|8
4.7|95.7|1103|451|5.1|5.1|5|8
4.8|95.7|1103|450|5.1|5.1|5|8
4.9|95.66|1103|450|5.1|5.1|5|8
5|95.68|1103|450|5.1|5.1|5|8
5.1|95.7|1103|450|5.1|5.1|2|8
5.2|95.54|1103|450|5.1|5.1|2|8
5.3|95.19|1103|450|5.1|5.1|2|8
5.4|94.76|1469|451|5.1|5.1|2|8
5.5|94.41|1683|454|5.1|5.1|3|8
5.6|94.24|1727|455|5.1|5.1|3|8
5.7|94.05|1737|455|5.1|5.1|3|8
5.8|93.97|1745|456|5.1|5.1|3|8
5.9|93.94|1747|456|5.1|5.1|3|8
6|93.9|1747|456|5.1|5.1|3|8
6.1|93.98|1753|456|5.1|5.1|3|8
6.2|94|1755|456|5.1|5.1|3|8
6.3|93.98|1758|456|5.1|5.1|3|8
6.4|93.98|1760|456|5.1|5.1|3|8
6.5|93.93|1763|456|5.1|5.1|3|8
6.6|94|1765|455|5.1|5.1|3|8
6.7|93.98|1765|456|5.1|5.1|3|8
6.8|93.98|1768|456|5.1|5.1|3|8
6.9|93.97|1768|456|5.1|5.1|3|8
7|93.97|1768|456|5.1|5.1|3|8
7.1|93.96|1771|455|5.1|5.1|3|8
7.2|93.94|1768|455|5.1|5.1|3|8
7.3|93.96|1771|455|5.1|5.1|3|8
7.4|94|1771|455|5.1|5.1|3|8
7.5|94.02|1771|455|5.1|5.1|4|8
7.6|94.28|1763|455|5.1|5.1|4|8
7.7|94.64|1673|455|5.1|5.1|4|8
7.8|95.11|1124|452|5.1|5.1|5|8
7.9|95.26|1113|450|5.1|5.1|5|8
8|95.39|1113|450|5.1|5.1|5|8
8.1|95.42|1111|450|5.1|5.1|5|8
8.2|95.41|1111|450|5.1|5.1|5|8
8.3|95.42|1111|450|5.1|5.1|5|8
8.4|95.46|1111|450|5.1|5.1|5|8
8.5|95.49|1108|450|5.1|5.1|5|8
8.6|95.47|1108|450|5.1|5.1|5|8
8.7|95.46|1108|450|5.1|5.1|5|8
8.8|95.45|1108|450|5.1|5.1|5|8
8.9|95.45|1108|450|5.1|5.1|5|8
9|95.45|1106|450|5.1|5.1|5|8
9.1|95.41|1106|450|5.1|5.1|5|8
9.2|95.45|1106|450|5.1|5.1|5|8
9.3|95.45|1106|450|5.1|5.1|5|8
9.4|95.46|1106|450|5.1|5.1|5|8
9.5|95.47|1106|450|5.1|5.1|5|8
9.6|95.49|1106|450|5.1|5.1|5|8
9.7|95.46|1106|450|5.1|5.1|5|8
9.8|95.47|1106|450|5.1|5.1|2|8
9.9|95.22|1106|450|5.1|5.1|2|8
10|94.8|1106|450|5.1|5.1|2|8
10.1|94.43|1588|451|5.1|5.1|3|8
10.2|94.06|1716|454|5.1|5.1|3|8
10.3|93.96|1747|455|5.1|5.1|3|8
10.4|93.86|1758|455|5.1|5.1|3|8
10.5|93.84|1763|456|5.1|5.1|3|8
10.6|93.77|1773|456|5.1|5.1|3|8
10.7|93.8|1799|432|5.1|5.1|3|8
10.8|93.85|1804|422|5.1|5.1|3|8
10.9|93.8|1807|418|5.1|5.1|3|8
11|93.8|1809|418|5.1|5.1|3|8
11.1|93.82|1812|417|5.1|5.1|3|8
11.2|93.81|1814|417|5.1|5.1|3|8
11.3|93.7|1814|417|5.1|5.1|3|8
11.4|93.77|1814|417|5.1|5.1|3|8
11.5|93.77|1817|417|5.1|5.1|3|8
11.6|93.74|1817|417|5.1|5.1|3|8
11.7|93.77|1817|418|5.1|5.1|3|8
11.8|93.8|1820|418|5.1|5.1|3|8
11.9|93.77|1820|418|5.1|5.1|3|8
12|93.78|1820|418|5.1|5.1|3|8
12.1|93.81|1820|418|5.1|5.1|4|8
12.2|93.8|1820|417|5.1|5.1|4|8
12.3|94.19|1791|417|5.1|5.1|4|8
12.4|94.61|1575|417|5.1|5.1|4|8
12.5|95.04|1139|415|5.1|5.1|5|8
12.6|95.18|1131|414|5.1|5.1|5|8
12.7|95.26|1129|413|5.1|5.1|5|8
12.8|95.33|1129|413|5.1|5.1|5|8
12.9|95.37|1129|413|5.1|5.1|5|8
13|95.34|1129|413|5.1|5.1|5|8
13.1|95.33|1126|413|5.1|5.1|5|8
13.2|95.34|1126|413|5.1|5.1|5|8
13.3|95.35|1126|413|5.1|5.1|5|8
13.4|95.37|1126|413|5.1|5.1|5|8
13.5|95.35|1124|413|5.1|5.1|5|8
13.6|95.34|1126|413|5.1|5.1|5|8
13.7|95.33|1124|413|5.1|5.1|5|8
13.8|95.35|1126|413|5.1|5.1|5|8
13.9|95.37|1124|413|5.1|5.1|5|8
14|95.35|1124|413|5.1|5.1|5|8
14.1|95.35|1124|413|5.1|5.1|5|8
14.2|95.35|1124|413|5.1|5.1|5|8
14.3|95.33|1124|413|5.1|5.1|5|8
14.4|95.35|1124|413|5.1|5.1|5|8
14.5|95.33|1124|413|5.1|5.1|2|8
14.6|95.14|1124|413|5.1|5.1|2|8
14.7|94.72|1124|413|5.1|5.1|2|8
14.8|94.31|1552|414|5.1|5.1|2|8
14.9|93.89|1760|416|5.1|5.1|3|8
15|93.73|1794|417|5.1|5.1|3|8
15.1|93.66|1804|417|5.1|5.1|3|8
15.2|93.54|1812|418|5.1|5.1|3|8
15.3|93.54|1814|418|5.1|5.1|3|8
15.4|93.57|1817|418|5.1|5.1|3|8
15.5|93.58|1820|418|5.1|5.1|3|8
15.6|93.54|1822|418|5.1|5.1|3|8
15.7|93.53|1825|418|5.1|5.1|3|8
15.8|93.51|1825|418|5.1|5.1|3|8
15.9|93.51|1827|418|5.1|5.1|3|8
16|93.54|1827|418|5.1|5.1|3|8
16.1|93.53|1827|418|5.1|5.1|3|8
16.2|93.53|1832|418|5.1|5.1|3|8
16.3|93.53|1832|418|5.1|5.1|3|8
16.4|93.5|1832|418|5.1|5.1|3|8
16.5|93.53|1832|418|5.1|5.1|3|8
16.6|93.53|1835|418|5.1|5.1|3|8
16.7|93.53|1835|418|5.1|5.1|3|8
16.8|93.55|1835|418|5.1|5.1|3|8
16.9|93.54|1835|418|5.1|5.1|4|8
17|93.82|1827|418|5.1|5.1|4|8
17.1|94.31|1732|418|5.1|5.1|4|8
17.2|94.75|1188|417|5.1|5.1|5|8
17.3|95.04|1137|415|5.1|5.1|5|8
17.4|95.14|1134|414|5.1|5.1|5|8
17.5|95.25|1134|414|5.1|5.1|5|8
17.6|95.26|1131|414|5.1|5.1|5|8
17.7|95.25|1131|414|5.2|5.1|5|8
17.8|95.23|1131|414|5.1|5.1|5|8
17.9|95.23|1129|414|5.1|5.1|5|8
18|95.23|1129|414|5.2|5.1|5|8
18.1|95.17|1129|414|5.2|5.1|5|8
18.2|95.22|1129|413|5.1|5.1|5|8
18.3|95.25|1129|413|5.2|5.1|5|8
18.4|95.26|1129|414|5.2|5.1|5|8
18.5|95.29|1129|414|5.2|5.1|5|8
18.6|95.26|1129|414|5.2|5.1|5|8
18.7|95.26|1129|414|5.2|5.1|5|8
18.8|95.26|1129|414|5.2|5.1|5|8
18.9|95.23|1126|414|5.2|5.1|5|8
19|95.22|1126|414|5.2|5.1|5|8
19.1|95.23|1126|414|5.2|5.1|5|8
19.2|95.26|1126|414|5.2|5.2|2|8
19.3|95.19|1129|414|5.2|5.2|2|8
19.4|94.76|1126|414|5.2|5.2|2|8
19.5|94.4|1168|414|5.2|5.2|2|8
19.6|93.9|1678|415|5.2|5.1|3|8
19.7|93.61|1791|417|5.2|5.1|3|8
19.8|93.54|1812|418|5.2|5.1|3|8
19.9|93.46|1822|418|5.2|5.2|3|8
20|93.33|1830|418|5.2|5.2|3|8
20.1|93.34|1835|418|5.2|5.2|3|8
20.2|93.34|1838|418|5.2|5.2|3|8
20.3|93.34|1840|418|5.2|5.2|3|8
20.4|93.33|1843|418|5.2|5.2|3|8
20.5|93.34|1843|418|5.2|5.2|3|8
20.6|93.33|1845|418|5.2|5.2|3|8
20.7|93.33|1858|407|5.2|5.1|3|8
20.8|93.34|1861|402|5.2|5.2|3|8
20.9|93.34|1861|401|5.2|5.2|3|8
21|93.37|1861|400|5.2|5.2|3|8
21.1|93.34|1863|400|5.2|5.1|3|8
21.2|93.33|1863|400|5.2|5.1|3|8
21.3|93.34|1863|400|5.2|5.2|3|8
21.4|93.34|1866|400|5.2|5.2|3|8
21.5|93.34|1866|400|5.2|5.2|3|8
21.6|93.31|1866|400|5.2|5.2|4|8
21.7|93.39|1863|400|5.2|5.1|4|8
21.8|93.73|1851|400|5.2|5.2|4|8
21.9|94.28|1268|400|5.2|5.2|5|8
22|94.56|1147|400|5.2|5.2|5|8
22.1|94.64|1144|400|5.2|5.2|5|8
22.2|94.74|1142|399|5.2|5.2|5|8
22.3|94.76|1142|400|5.2|5.2|5|8
22.4|94.8|1139|400|5.2|5.2|5|8
22.5|94.8|1139|400|5.2|5.2|5|8
22.6|94.79|1139|400|5.2|5.2|5|8
22.7|94.79|1137|399|5.2|5.2|5|8
22.8|94.8|1139|399|5.2|5.2|5|8
22.9|94.8|1137|399|5.2|5.2|5|8
23|94.8|1137|399|5.2|5.2|5|8
23.1|94.79|1137|400|5.2|5.2|5|8
23.2|94.79|1137|399|5.2|5.2|5|8
23.3|94.8|1137|399|5.2|5.2|5|8
23.4|94.8|1137|399|5.2|5.2|5|8
23.5|94.8|1137|399|5.2|5.2|5|8
23.6|94.8|1137|399|5.2|5.2|5|8
23.7|94.8|1137|399|5.2|5.2|5|8
23.8|94.8|1134|399|5.2|5.2|5|8
23.9|94.8|1134|399|5.2|5.2|2|8
24|94.75|1134|399|5.2|5.2|2|8
24.1|94.44|1134|399|5.2|5.2|2|8
24.2|94|1224|400|5.2|5.2|2|8
24.3|93.61|1776|400|5.2|5.2|3|8
24.4|93.41|1825|400|5.2|5.2|3|8
24.5|93.15|1840|400|5.2|5.2|3|8
24.6|93.11|1845|400|5.2|5.2|3|8
24.7|93.11|1851|400|5.2|5.2|3|8
24.8|93.15|1853|400|5.2|5.2|3|8
24.9|93.13|1856|400|5.2|5.2|3|8
25|93.15|1858|400|5.2|5.2|3|8
25.1|93.15|1861|400|5.2|5.2|3|8
25.2|93.13|1863|400|5.2|5.2|3|8
25.3|93.14|1863|400|5.2|5.2|3|8
25.4|93.14|1866|400|5.2|5.2|3|8
25.5|93.14|1866|400|5.2|5.2|3|8
25.6|93.13|1866|400|5.2|5.2|3|8
25.7|93.13|1866|400|5.2|5.2|3|8
25.8|93.14|1866|400|5.2|5.2|3|8
25.9|93.13|1869|400|5.2|5.2|3|8
26|93.14|1869|400|5.2|5.1|3|8
26.1|93.14|1869|400|5.2|5.2|3|8
26.2|93.14|1869|400|5.2|5.2|3|8
26.3|93.13|1869|400|5.2|5.2|4|8
26.4|93.38|1866|400|5.2|5.1|4|8
26.5|93.68|1851|400|5.2|5.1|4|8
26.6|94.23|1229|400|5.2|5.1|5|8
26.7|94.48|1144|400|5.2|5.2|5|8
26.8|94.57|1142|400|5.2|5.2|5|8
26.9|94.67|1139|400|5.2|5.2|5|8
27|94.7|1139|400|5.2|5.2|5|8
27.1|94.7|1139|400|5.2|5.2|5|8
27.2|94.68|1139|400|5.2|5.2|5|8
27.3|94.67|1139|400|5.2|5.2|5|8
27.4|94.67|1139|400|5.2|5.2|5|8
27.5|94.64|1137|400|5.2|5.2|5|8
27.6|94.7|1137|400|5.2|5.2|5|8
27.7|94.7|1137|400|5.2|5.2|5|8
27.8|94.71|1137|400|5.2|5.2|5|8
27.9|94.7|1137|400|5.2|5.2|5|8
28|94.71|1137|400|5.2|5.2|5|8
28.1|94.7|1137|400|5.2|5.2|5|8
28.2|94.68|1137|400|5.2|5.1|5|8
28.3|94.68|1137|400|5.2|5.2|5|8
28.4|94.68|1137|400|5.2|5.2|5|8
28.5|94.7|1137|400|5.2|5.2|5|8
28.6|94.7|1137|400|5.2|5.2|2|8
28.7|94.7|1134|400|5.2|5.2|2|8
28.8|94.35|1134|400|5.1|5.1|2|8
28.9|93.86|1327|400|5.2|5.2|2|8
29|93.49|1789|400|5.2|5.1|3|8
29.1|93.27|1825|400|5.2|5.1|3|8
29.2|93.23|1840|400|5.2|5.1|3|8
29.3|93.13|1848|400|5.2|5.1|3|8
29.4|93.17|1853|400|5.2|5.1|3|8
29.5|93.06|1858|400|5.2|5.1|3|8
29.6|93.09|1861|400|5.2|5.2|3|8
29.7|93.11|1861|400|5.2|5.2|3|8
29.8|93.11|1866|400|5.2|5.2|3|8
29.9|93.09|1866|400|5.2|5.1|3|8
30|93.07|1869|400|5.2|5.1|3|8
30.1|93.1|1871|400|5.2|5.2|3|8
30.2|93.1|1871|400|5.2|5.1|3|8
30.3|93.1|1871|400|5.2|5.2|3|8
30.4|93.1|1874|400|5.2|5.1|3|8
30.5|93.09|1871|400|5.2|5.1|3|8
30.6|93.1|1871|400|5.2|5.1|3|8
30.7|93.09|1871|400|5.2|5.1|3|8
30.8|93.1|1874|400|5.2|5.1|3|8
30.9|93.1|1874|400|5.2|5.2|3|8
31|93.11|1874|400|5.2|5.1|4|8
31.1|93.3|1874|400|5.2|5.2|4|8
31.2|93.69|1809|400|5.2|5.2|4|8
31.3|94.28|1193|400|5.2|5.2|5|8
31.4|94.48|1144|400|5.2|5.1|5|8
31.5|94.56|1142|400|5.2|5.1|5|8
31.6|94.67|1139|400|5.2|5.1|5|8
31.7|94.68|1139|400|5.2|5.2|5|8
31.8|94.7|1139|400|5.2|5.1|5|8
31.9|94.7|1139|400|5.2|5.1|5|8
32|94.75|1139|400|5.2|5.2|5|8
32.1|94.74|1137|400|5.2|5.2|5|8
32.2|94.66|1139|400|5.2|5.2|5|8
32.3|94.66|1137|400|5.2|5.1|5|8
32.4|94.67|1137|400|5.2|5.2|5|8
32.5|94.68|1137|400|5.2|5.1|5|8
32.6|94.67|1137|400|5.2|5.1|5|8
32.7|94.67|1137|400|5.2|5.1|5|8
32.8|94.7|1137|400|5.2|5.1|5|8
32.9|94.7|1134|400|5.2|5.1|5|8
33|94.7|1134|399|5.2|5.1|5|8
33.1|94.71|1134|400|5.2|5.2|5|8
33.2|94.71|1131|400|5.2|5.1|5|8
33.3|94.67|1131|400|5.2|5.2|2|8
33.4|94.63|1131|400|5.2|5.1|2|8
33.5|94.31|1131|400|5.2|5.1|2|8
33.6|93.81|1260|400|5.1|5.1|2|8
33.7|93.42|1786|400|5.2|5.1|3|8
33.8|93.23|1830|400|5.2|5.1|3|8
33.9|93.18|1843|400|5.2|5.1|3|8
34|92.99|1851|400|5.2|5.1|3|8
34.1|92.96|1856|400|5.2|5.2|3|8
34.2|92.94|1858|400|5.2|5.1|3|8
34.3|92.98|1861|400|5.2|5.1|3|8
34.4|93|1863|400|5.2|5.2|3|8
34.5|93|1866|400|5.2|5.1|3|8
34.6|92.99|1869|400|5.2|5.1|3|8
34.7|93|1871|400|5.2|5.1|3|8
34.8|93|1871|400|5.2|5.1|3|8
34.9|92.98|1874|400|5.2|5.2|3|8
35|92.99|1874|400|5.2|5.1|3|8
35.1|93|1876|400|5.2|5.1|3|8
35.2|92.96|1876|400|5.2|5.2|3|8
35.3|92.98|1876|400|5.2|5.2|3|8
35.4|92.98|1876|400|5.2|5.2|3|8
35.5|92.98|1876|400|5.2|5.1|3|8
35.6|92.99|1879|400|5.2|5.2|3|8
35.7|93.02|1879|400|5.2|5.1|4|8
35.8|93.15|1879|400|5.2|5.1|4|8
35.9|93.55|1851|400|5.2|5.1|4|8
36|94.08|1229|400|5.2|5.1|2|8
36.1|94.21|1142|400|5.2|5.1|2|8
36.2|94.24|1139|400|5.2|5.2|2|8
36.3|94.27|1137|400|5.2|5.2|2|8
36.4|94.25|1137|400|5.2|5.2|2|8
36.5|94.08|1134|400|5.2|5.2|2|8
36.6|94.04|1134|400|5.2|5.2|2|8
36.7|94.01|1134|400|5.2|5.2|2|8
36.8|93.96|1134|400|5.2|5.2|2|8
36.9|93.94|1134|400|5.2|5.2|2|8
37|93.84|1134|400|5.2|5.2|2|8
37.1|93.85|1144|400|5.2|5.2|2|8
37.2|93.72|1204|400|5.2|5.2|2|8
37.3|93.66|1149|400|5.2|5.2|2|8
37.4|93.6|1448|400|5.2|5.2|2|8
37.5|93.51|1688|400|5.2|5.2|2|8
37.6|93.58|1719|400|5.2|5.1|2|8
37.7|93.78|1709|401|5.2|5.2|2|8
37.8|93.94|1644|401|5.2|5.2|2|8
37.9|94.21|1149|400|5.2|5.2|2|8
38|94.24|1134|400|5.2|5.2|2|8
38.1|94.28|1131|400|5.2|5.2|2|8
38.2|94.23|1131|400|5.2|5.2|2|8
38.3|94.1|1131|400|5.2|5.2|2|8
38.4|94.02|1131|400|5.2|5.2|2|8
38.5|94.05|1131|400|5.2|5.1|2|8
38.6|93.97|1131|400|5.2|5.2|2|8
38.7|93.96|1155|400|5.2|5.2|2|8
38.8|93.84|1165|400|5.2|5.2|2|8
38.9|93.84|1139|400|5.2|5.2|2|8
39|93.72|1258|400|5.2|5.2|2|8
39.1|93.68|1219|400|5.2|5.2|2|8
39.2|93.6|1459|401|5.2|5.2|2|8
39.3|93.54|1637|401|5.2|5.2|2|8
39.4|93.58|1601|401|5.2|5.2|2|8
39.5|93.77|1160|401|5.2|5.2|2|8
39.6|93.86|1131|400|5.2|5.2|2|8
39.7|93.84|1129|400|5.2|5.2|2|8
39.8|93.96|1129|400|5.2|5.2|2|8
39.9|93.8|1129|400|5.2|5.2|2|8
40|93.82|1137|400|5.2|5.2|2|8
40.1|93.64|1131|400|5.2|5.2|2|8
40.2|93.66|1222|400|5.2|5.2|2|8
40.3|93.57|1595|401|5.2|5.2|2|8
40.4|93.51|1706|401|5.2|5.2|2|8
40.5|93.62|1714|401|5.2|5.2|2|8
40.6|93.84|1593|401|5.2|5.2|2|8
40.7|94|1149|400|5.2|5.2|2|8
40.8|94.04|1134|400|5.2|5.2|2|8
40.9|94.06|1131|400|5.2|5.2|2|8
41|94.06|1131|400|5.2|5.2|2|8
41.1|93.97|1131|400|5.2|5.2|2|8
41.2|93.96|1129|400|5.2|5.2|2|8
41.3|93.85|1180|400|5.2|5.2|2|8
41.4|93.81|1129|400|5.2|5.2|2|8
41.5|93.77|1157|400|5.2|5.2|2|8
41.6|93.66|1147|400|5.2|5.2|2|8
41.7|93.64|1206|400|5.2|5.2|2|8
41.8|93.57|1397|400|5.2|5.2|2|8
41.9|93.55|1696|400|5.2|5.2|2|8
42|93.51|1709|400|5.2|5.2|2|8
42.1|93.72|1668|400|5.2|5.2|2|8
42.2|93.86|1546|401|5.2|5.2|2|8
42.3|94.04|1142|400|5.2|5.2|2|8
42.4|94.09|1134|400|5.2|5.2|2|8
42.5|94.15|1131|400|5.2|5.2|2|8
42.6|94.09|1131|400|5.2|5.2|2|8
42.7|93.97|1131|400|5.2|5.2|2|8
42.8|93.96|1131|400|5.2|5.2|2|8
42.9|93.96|1131|400|5.2|5.2|2|8
43|93.82|1152|400|5.2|5.2|2|8
43.1|93.8|1149|399|5.2|5.2|2|8
43.2|93.66|1196|400|5.2|5.2|2|8
43.3|93.66|1183|400|5.2|5.2|2|8
43.4|93.57|1490|400|5.2|5.2|2|8
43.5|93.57|1601|400|5.2|5.2|2|8
43.6|93.58|1235|400|5.2|5.2|2|8
43.7|93.77|1134|400|5.2|5.2|2|8
43.8|93.81|1131|400|5.2|5.2|2|8
43.9|93.7|1131|400|5.2|5.2|2|8
44|93.66|1131|399|5.2|5.2|2|8
44.1|93.62|1131|399|5.2|5.2|2|8
44.2|93.57|1490|400|5.2|5.2|2|8
44.3|93.53|1276|400|5.2|5.2|2|8
44.4|93.51|1134|400|5.2|5.2|2|8
44.5|93.54|1131|399|5.2|5.2|2|8
44.6|93.43|1294|400|5.2|5.2|2|8
44.7|93.46|1330|400|5.2|5.2|2|8
44.8|93.35|1307|400|5.2|5.2|2|8
44.9|93.26|1474|400|5.2|5.2|2|8
45|93.15|1229|400|5.2|5.2|2|8
45.1|93.13|1250|399|5.2|5.2|2|8
45.2|93.14|1394|400|5.2|5.2|2|8
45.3|93.02|1433|399|5.2|5.2|2|8
45.4|92.99|1497|400|5.2|5.2|2|8
45.5|92.98|1327|400|5.2|5.2|2|8
45.6|92.87|1286|400|5.2|5.2|2|8
45.7|92.87|1134|400|5.2|5.2|2|8
45.8|92.94|1209|399|5.2|5.2|2|8
45.9|92.8|1415|400|5.2|5.2|2|8
46|92.76|1469|400|5.2|5.2|2|8
46.1|92.64|1317|400|5.2|5.2|2|8
46.2|92.67|1338|400|5.2|5.2|2|8
46.3|92.63|1322|400|5.2|5.2|2|8
46.4|92.47|1345|400|5.2|5.2|2|8
46.5|92.47|1175|399|5.2|5.2|2|8
46.6|92.4|1227|400|5.2|5.2|2|8
46.7|92.4|1173|399|5.2|5.2|2|8
46.8|92.33|1307|399|5.2|5.2|2|8
46.9|92.19|1237|400|5.2|5.2|2|8
47|92.19|1214|399|5.2|5.2|2|8
47.1|92.12|1281|399|5.2|5.2|2|8
47.2|92.05|1214|400|5.2|5.2|2|8
47.3|92|1340|400|5.2|5.2|2|8
47.4|91.96|1302|400|5.2|5.2|2|8
47.5|91.86|1492|400|5.2|5.2|2|8
47.6|91.84|1353|400|5.2|5.2|2|8
47.7|91.77|1139|400|5.2|5.2|2|8
47.8|91.81|1137|400|5.2|5.2|2|8
47.9|91.76|1281|400|5.2|5.2|2|8
48|91.65|1281|399|5.2|5.2|2|8
48.1|91.64|1198|400|5.2|5.2|2|8
48.2|91.54|1211|400|5.2|5.2|2|8
48.3|91.45|1245|400|5.2|5.2|2|8
48.4|91.46|1314|400|5.2|5.2|2|8
48.5|91.41|1273|400|5.2|5.2|2|8
48.6|91.31|1320|400|5.2|5.2|2|8
48.7|91.25|1265|400|5.2|5.2|2|8
48.8|91.22|1286|400|5.2|5.2|2|8
48.9|91.07|1294|400|5.2|5.2|2|8
49|91.06|1229|400|5.2|5.2|2|8
49.1|90.94|1175|400|5.2|5.2|2|8
49.2|90.92|1260|400|5.2|5.2|2|8
49.3|90.79|1196|400|5.2|5.2|2|8
49.4|90.75|1201|400|5.2|5.2|2|8
49.5|90.64|1188|400|5.2|5.2|2|8
49.6|90.63|1173|400|5.2|5.2|2|8
49.7|90.55|1263|400|5.2|5.2|2|8
49.8|90.47|1253|400|5.2|5.2|2|8
49.9|90.36|1268|400|5.2|5.2|2|8
50|90.32|1188|400|5.2|5.2|2|8
50.1|90.21|1245|400|5.2|5.2|2|8
50.2|90.13|1273|400|5.2|5.2|2|8
50.3|90.04|1224|400|5.2|5.2|2|8
50.4|89.93|1255|400|5.2|5.2|2|8
50.5|89.9|1286|400|5.2|5.2|2|8
50.6|89.73|1240|400|5.2|5.2|2|8
50.7|89.7|1276|400|5.2|5.2|2|8
50.8|89.61|1304|400|5.2|5.2|2|8
50.9|89.54|1271|400|5.2|5.2|2|8
51|89.42|1399|400|5.2|5.2|2|8
51.1|89.33|1286|400|5.2|5.2|2|8
51.2|89.19|1250|400|5.2|5.2|2|8
51.3|89.15|1188|400|5.2|5.2|2|8
51.4|89.02|1314|400|5.2|5.2|2|8
51.5|88.95|1286|400|5.2|5.2|2|8
51.6|88.87|1307|400|5.2|5.2|2|8
51.7|88.74|1242|400|5.2|5.2|2|8
51.8|88.67|1265|400|5.2|5.2|2|8
51.9|88.51|1299|400|5.2|5.2|2|8
52|88.43|1235|400|5.2|5.2|2|8
52.1|88.31|1286|400|5.2|5.2|2|8
52.2|88.23|1255|400|5.2|5.2|2|8
52.3|88.07|1247|400|5.2|5.2|2|8
52.4|88.03|1304|400|5.2|5.2|2|8
52.5|87.86|1235|400|5.2|5.2|2|8
52.6|87.74|1312|400|5.2|5.2|2|8
52.7|87.62|1258|400|5.2|5.2|2|8
52.8|87.56|1229|400|5.2|5.2|2|8
52.9|87.39|1255|400|5.2|5.2|2|8
53|87.23|1260|400|5.2|5.2|2|8
53.1|87.15|1229|400|5.2|5.2|2|8
53.2|87.02|1309|400|5.2|5.2|2|8
53.3|86.93|1384|400|5.2|5.2|2|8
53.4|86.78|1371|400|5.2|5.2|2|8
53.5|86.63|1268|400|5.2|5.2|2|8
53.6|86.5|1284|400|5.2|5.2|2|8
53.7|86.35|1374|400|5.2|5.2|2|8
53.8|86.32|1348|401|5.2|5.2|2|8
53.9|86.09|1296|400|5.2|5.2|2|8
54|85.93|1222|400|5.2|5.2|2|8
54.1|85.87|1343|400|5.2|5.2|2|8
54.2|85.66|1412|401|5.2|5.2|2|8
54.3|85.5|1356|401|5.2|5.2|2|8
54.4|85.38|1325|401|5.2|5.2|2|8
54.5|85.22|1242|400|5.2|5.2|2|8
54.6|85.06|1302|400|5.2|5.2|2|8
54.7|84.91|1317|401|5.2|5.2|2|8
54.8|84.79|1374|400|5.2|5.2|2|8
54.9|84.56|1361|400|5.2|5.2|2|8
55|84.42|1191|400|5.2|5.2|2|8
55.1|84.27|1224|400|5.2|5.2|2|8
55.2|84.13|1539|401|5.2|5.2|2|8
55.3|83.91|1232|400|5.2|5.2|2|8
55.4|83.91|1387|400|5.2|5.2|2|8
55.5|83.85|1219|400|5.2|5.2|2|8
55.6|83.76|1338|400|5.2|5.2|2|8
55.7|83.6|1204|400|5.2|5.2|2|8
55.8|83.57|1348|400|5.2|5.2|2|8
55.9|83.48|1307|400|5.2|5.2|2|8
56|83.4|1250|401|5.2|5.2|2|8
56.1|83.25|1206|400|5.2|5.2|2|8
56.2|83.13|1265|400|5.2|5.2|2|8
56.3|83.07|1320|400|5.2|5.2|2|8
56.4|82.87|1312|400|5.2|5.2|2|8
56.5|82.77|1201|400|5.2|5.2|2|8
56.6|82.63|1268|401|5.2|5.2|2|8
56.7|82.47|1307|400|5.2|5.2|2|8
56.8|82.3|1325|400|5.2|5.2|2|8
56.9|82.13|1363|401|5.2|5.2|2|8
57|81.22|1825|401|5.2|5.2|6|8
57.1|78.65|1920|401|5.2|5.2|6|8
57.2|75.77|216|400|5.2|5.2|7|8
57.3|73.4|0|398|5.2|5.2|7|8
57.4|72.27|0|398|5.2|5.2|7|8
57.5|71.67|0|398|5.2|5.2|7|8
57.6|71.45|0|398|5.2|5.2|7|8
57.7|71.3|0|398|5.2|5.2|7|8
57.8|71.29|0|398|5.2|5.2|7|8
57.9|71.26|0|398|5.2|5.2|7|8
58|71.3|0|398|5.2|5.2|7|8
58.1|71.33|0|398|5.2|5.2|7|8
58.2|71.25|0|398|5.2|5.2|7|8
58.3|71.25|0|398|5.2|5.2|7|8
58.4|71.25|0|398|5.2|5.2|7|8
58.5|71.24|0|398|5.2|5.2|7|8
58.6|71.22|0|398|5.2|5.2|7|8
58.7|71.17|0|398|5.2|5.2|7|8
58.8|71.22|0|398|5.2|5.2|7|8
58.9|71.28|0|398|5.2|5.2|7|8
59|71.25|0|398|5.2|5.2|7|8
59.1|71.25|0|398|5.2|5.2|7|8
59.2|71.24|0|398|5.2|5.2|7|8
59.3|71.22|0|398|5.2|5.2|7|8
59.4|71.2|0|398|5.2|5.2|7|8
59.5|71.2|0|398|5.2|5.2|7|8
59.6|71.21|0|398|5.2|5.2|7|8
59.7|71.22|0|398|5.2|5.2|7|8
59.8|71.2|0|398|5.2|5.2|7|8
59.9|71.18|0|398|5.2|5.2|7|8
60|71.25|0|398|5.2|5.2|7|8
60.1|71.28|0|398|5.2|5.2|7|8
60.2|71.26|0|398|5.2|5.2|7|8
60.3|71.22|0|398|5.2|5.2|7|8
60.4|71.2|0|398|5.2|5.2|7|8
60.5|71.21|0|398|5.2|5.2|7|8
60.6|71.18|0|398|5.2|5.2|7|8
60.7|71.22|0|398|5.2|5.2|7|8
60.8|71.22|0|398|5.2|5.2|7|8
60.9|71.3|0|398|5.2|5.2|7|8
61|71.29|0|398|5.2|5.2|7|8
61.1|71.25|0|398|5.2|5.2|7|8
61.2|71.22|0|398|5.2|5.2|7|8
61.3|71.22|0|398|5.2|5.2|7|8
61.4|71.22|0|398|5.2|5.2|7|8
61.5|71.21|0|398|5.2|5.2|7|8
61.6|71.2|0|398|5.2|5.2|7|8
61.7|71.21|0|398|5.2|5.2|7|8
61.8|71.2|0|398|5.2|5.2|7|8
61.9|71.2|0|398|5.2|5.2|7|8
62|71.22|0|398|5.2|5.2|7|8
62.1|71.25|0|398|5.2|5.2|7|8
62.2|71.26|0|398|5.2|5.2|7|8
62.3|71.22|0|398|5.2|5.2|7|8
62.4|71.2|0|398|5.2|5.2|7|8
62.5|71.18|0|398|5.2|5.2|7|8
62.6|71.22|0|398|5.2|5.2|7|8
62.7|71.21|0|398|5.2|5.2|7|8
62.8|71.22|0|398|5.2|5.2|7|8
62.9|71.22|0|398|5.2|5.2|7|8
63|71.22|0|398|5.2|5.2|7|8
63.1|71.24|0|398|5.2|5.2|7|8
63.2|71.21|0|398|5.2|5.2|7|8
63.3|71.18|0|398|5.2|5.2|7|8
63.4|71.21|0|398|5.2|5.2|7|8
63.5|71.22|0|398|5.2|5.2|7|8
63.6|71.21|0|398|5.2|5.2|7|8
63.7|71.21|0|398|5.2|5.2|7|8
63.8|71.21|0|398|5.2|5.2|7|8
63.9|71.21|0|398|5.2|5.2|7|8
64|71.21|0|398|5.2|5.2|7|8
64.1|71.21|0|398|5.2|5.2|7|8
64.2|71.22|0|398|5.2|5.2|7|8
64.3|71.24|0|398|5.2|5.2|7|8
64.4|71.24|0|398|5.2|5.2|7|8
64.5|71.22|0|398|5.2|5.2|7|8
64.6|71.22|0|398|5.2|5.2|7|8
64.7|71.2|0|398|5.2|5.2|7|8
64.8|71.18|0|398|5.2|5.2|7|8
64.9|71.2|0|398|5.2|5.2|7|8
65|71.21|0|398|5.2|5.2|7|8
65.1|71.25|0|398|5.2|5.2|7|8
65.2|71.22|0|398|5.2|5.2|7|8
65.3|71.22|0|398|5.2|5.2|7|8
65.4|71.21|0|398|5.2|5.2|7|8
65.5|71.2|0|398|5.2|5.2|7|8
65.6|71.17|0|398|5.2|5.2|7|8
65.7|71.2|0|398|5.2|5.2|7|8
65.8|71.21|0|398|5.2|5.2|7|8
65.9|71.25|0|398|5.2|5.2|7|8
66|71.22|0|398|5.2|5.2|7|8
66.1|71.22|0|398|5.2|5.2|7|8
66.2|71.2|0|398|5.2|5.2|7|8
66.3|71.21|0|398|5.2|5.2|7|8
66.4|71.21|0|398|5.2|5.2|7|8
66.5|71.21|0|398|5.2|5.2|7|8
66.6|71.2|0|398|5.2|5.2|7|8
66.7|71.2|0|398|5.2|5.2|7|8
66.8|71.2|0|398|5.2|5.2|7|8
66.9|71.14|0|398|5.2|5.2|7|8
67|71.21|0|398|5.2|5.2|7|8
67.1|71.21|0|398|5.2|5.2|7|8
67.2|71.21|0|398|5.2|5.2|7|8
67.3|71.22|0|398|5.2|5.2|7|8
67.4|71.22|0|398|5.2|5.2|7|8
67.5|71.22|0|398|5.2|5.2|7|8
67.6|71.21|0|398|5.2|5.2|7|8
67.7|71.2|0|405|5.2|5.2|7|8
67.8|71.18|0|408|5.2|5.2|7|8
67.9|71.17|0|409|5.2|5.2|7|8
68|71.2|0|410|5.2|5.2|7|8
68.1|71.21|0|410|5.2|5.2|7|8
68.2|71.22|0|410|5.2|5.2|7|8
68.3|71.24|0|410|5.2|5.2|7|8
68.4|71.22|0|410|5.2|5.2|7|8
68.5|71.2|0|410|5.2|5.2|7|8
68.6|71.17|0|410|5.2|5.2|7|8
68.7|71.17|0|410|5.2|5.2|7|8
68.8|71.2|0|411|5.2|5.2|7|8
68.9|71.2|0|410|5.2|5.2|7|8
69|71.2|0|410|5.2|5.2|7|8
69.1|71.2|0|410|5.2|5.2|7|8
69.2|71.2|0|411|5.2|5.2|7|8
69.3|71.2|0|411|5.2|5.2|7|8
69.4|71.2|0|411|5.2|5.2|7|8
69.5|71.2|0|411|5.2|5.2|7|8
69.6|71.2|0|411|5.2|5.2|7|8
69.7|71.2|0|411|5.2|5.2|7|8
69.8|71.21|0|411|5.2|5.2|7|8
69.9|71.24|0|411|5.2|5.2|7|8
70|71.22|0|411|5.2|5.2|7|8
70.1|71.21|0|411|5.2|5.2|7|8
70.2|71.2|0|411|5.2|5.2|8|8
70.3|71.21|0|411|5.2|5.2|8|8
70.4|71.08|0|411|5.2|5.2|8|8
70.5|71.08|0|411|5.2|5.2|8|8
70.6|71.08|0|411|5.1|5.1|8|8
70.7|71.13|0|411|5.1|5.1|8|8
70.8|71.16|0|410|5.1|5.1|8|8
70.9|71.18|0|410|5.1|5.1|8|8
71|71.13|0|411|5.1|5.1|8|8
71.1|71.1|0|411|5.1|5.1|8|8
71.2|71.12|0|411|5.1|5.1|8|8
71.3|71.16|0|411|5.1|5.1|8|8
71.4|71.18|0|411|5.1|5.1|8|8
71.5|71.2|0|410|5.1|5.1|8|8
71.6|71.12|0|410|5.1|5.1|8|8
71.7|71.12|0|410|5.1|5.1|8|8
71.8|71.16|0|411|5.1|5.1|8|8
71.9|71.17|0|410|5.1|5.1|8|8
72|71.18|0|411|5.1|5.1|8|8
72.1|71.17|0|411|5.1|5.1|8|8
72.2|71.34|0|411|5.1|5|8|8
72.3|74.2|0|411|5.1|5.1|8|8
72.4|77.26|0|410|5.1|5.1|8|8
72.5|80.3|0|410|5|5|8|8
72.6|83.3|0|411|5|5|8|8
72.7|86.27|0|411|5|5|8|8
72.8|89.22|0|411|5|5|8|8
72.9|92.21|0|410|5|5|8|8
73|94.45|0|410|5|5|8|8
73.1|95.43|0|410|5|5|8|8
73.2|95.82|0|410|5|5|9|8
