0|96.08|982|402|5.1|5.1|1|8
0.1|96.08|1057|405|5.1|5.1|1|8
0.2|96.02|1062|405|5.1|5.1|1|8
0.3|96.02|1062|406|5.1|5.1|1|8
0.4|96.06|1064|406|5.1|5.1|1|8
0.5|96.09|1062|405|5.1|5.1|2|8
0.6|95.77|1273|406|5.1|5.1|2|8
0.7|95.37|1183|406|5.1|5.1|2|8
0.8|94.92|1338|407|5.1|5.1|2|8
0.9|94.55|1706|408|5.1|5.1|3|8
1|94.32|1750|408|5.1|5.1|3|8
1.1|94.21|1760|408|5.1|5.1|3|8
1.2|94.12|1765|408|5.1|5.1|3|8
1.3|94.02|1771|408|5.1|5.1|3|8
1.4|94.06|1773|408|5.1|5.1|3|8
1.5|94.1|1778|408|5.1|5.1|3|8
1.6|94.04|1778|408|5.1|5.1|3|8
1.7|94.06|1781|408|5.1|5.1|3|8
1.8|94.12|1784|408|5.1|5.1|3|8
1.9|94.02|1784|408|5.1|5.1|3|8
2|94.04|1784|408|5.1|5.1|3|8
2.1|94.12|1791|408|5.1|5.1|3|8
2.2|94.02|1794|408|5.1|5.1|3|8
2.3|94.02|1794|408|5.1|5.1|3|8
2.4|94.09|1799|408|5.1|5.1|3|8
2.5|94.02|1804|408|5.1|5.1|3|8
2.6|94.02|1804|408|5.1|5.1|3|8
2.7|94.08|1809|408|5.2|5.1|3|8
2.8|94.05|1817|408|5.2|5.2|3|8
2.9|94.04|1822|408|5.2|5.2|4|8
3|94.31|1820|408|5.2|5.2|4|8
3.1|94.67|1799|408|5.2|5.2|4|8
3.2|95.17|1740|408|5.2|5.2|4|8
3.3|95.69|1307|408|5.2|5.2|5|8
3.4|96.1|1082|407|5.2|5.2|5|8
3.5|96.19|1077|406|5.2|5.2|5|8
3.6|96.25|1077|406|5.2|5.2|5|8
3.7|96.2|1075|406|5.2|5.2|5|8
3.8|96.35|1075|406|5.2|5.2|5|8
3.9|96.27|1075|405|5.2|5.2|5|8
4|96.29|1075|406|5.2|5.2|5|8
4.1|96.33|1075|405|5.2|5.2|5|8
4.2|96.27|1075|405|5.2|5.2|5|8
4.3|96.29|1072|405|5.2|5.2|5|8
4.4|96.33|1072|405|5.2|5.2|5|8
4.5|96.27|1072|406|5.2|5.2|5|8
4.6|96.29|1072|406|5.2|5.2|5|8
4.7|96.33|1072|406|5.2|5.2|5|8
4.8|96.29|1072|406|5.2|5.2|5|8
4.9|96.31|1072|405|5.2|5.2|5|8
5|96.29|1072|405|5.2|5.2|5|8
5.1|96.29|1072|405|5.2|5.2|5|8
5.2|96.28|1070|405|5.2|5.2|5|8
5.3|96.29|1070|407|5.2|5.2|2|8
5.4|96.27|1070|408|5.2|5.2|2|8
5.5|95.92|1070|408|5.2|5.2|2|8
5.6|95.5|1072|409|5.2|5.2|2|8
5.7|95.07|1224|409|5.2|5.2|2|8
5.8|94.63|1521|411|5.2|5.2|2|8
5.9|94.2|1804|411|5.2|5.2|3|8
6|94|1835|411|5.2|5.2|3|8
6.1|93.96|1845|411|5.2|5.2|3|8
6.2|93.82|1853|411|5.2|5.2|3|8
6.3|93.78|1858|411|5.2|5.2|3|8
6.4|93.81|1861|411|5.2|5.2|3|8
6.5|93.81|1863|411|5.2|5.2|3|8
6.6|93.84|1866|411|5.2|5.2|3|8
6.7|93.85|1869|411|5.2|5.2|3|8
6.8|93.84|1871|411|5.2|5.2|3|8
6.9|93.82|1871|411|5.2|5.2|3|8
7|93.8|1871|411|5.2|5.2|3|8
7.1|93.84|1871|411|5.2|5.2|3|8
7.2|93.82|1871|411|5.2|5.2|3|8
7.3|93.82|1874|411|5.2|5.2|3|8
7.4|93.81|1874|411|5.2|5.2|3|8
7.5|93.8|1874|411|5.2|5.2|3|8
7.6|93.82|1876|410|5.2|5.2|3|8
7.7|93.85|1876|410|5.2|5.2|3|8
7.8|93.84|1876|410|5.2|5.2|3|8
7.9|93.85|1879|410|5.2|5.2|4|8
8|94.13|1871|411|5.2|5.2|4|8
8.1|94.53|1845|411|5.2|5.2|4|8
8.2|95.08|1647|411|5.2|5.2|4|8
8.3|95.5|1101|410|5.3|5.2|5|8
8.4|95.73|1080|409|5.3|5.3|5|8
8.5|95.84|1077|409|5.3|5.3|5|8
8.6|95.86|1077|409|5.3|5.3|5|8
8.7|95.86|1075|409|5.3|5.3|5|8
8.8|95.92|1075|409|5.3|5.3|5|8
8.9|95.94|1075|409|5.3|5.3|5|8
9|95.86|1075|409|5.3|5.3|5|8
9.1|95.89|1075|409|5.3|5.3|5|8
9.2|95.94|1075|409|5.3|5.3|5|8
9.3|95.9|1075|409|5.3|5.3|5|8
9.4|95.89|1072|409|5.3|5.3|5|8
9.5|95.88|1072|409|5.3|5.3|5|8
9.6|95.94|1072|409|5.3|5.3|5|8
9.7|95.9|1072|409|5.3|5.3|5|8
9.8|95.9|1072|409|5.3|5.3|5|8
9.9|95.9|1072|408|5.3|5.3|5|8
10|95.88|1070|409|5.3|5.3|5|8
10.1|95.92|1070|409|5.3|5.3|5|8
10.2|95.96|1070|409|5.3|5.3|5|8
10.3|95.86|1070|408|5.3|5.3|2|8
10.4|95.73|1070|409|5.3|5.3|2|8
10.5|95.3|1075|407|5.3|5.3|2|8
10.6|94.86|1113|399|5.3|5.3|2|8
10.7|94.43|1735|396|5.3|5.3|3|8
10.8|94.06|1843|396|5.3|5.3|3|8
10.9|93.94|1869|396|5.3|5.3|3|8
11|93.93|1879|395|5.3|5.3|3|8
11.1|93.82|1887|395|5.3|5.3|3|8
11.2|93.8|1889|395|5.3|5.3|3|8
11.3|93.84|1894|395|5.3|5.3|3|8
11.4|93.81|1897|395|5.3|5.3|3|8
11.5|93.86|1897|395|5.3|5.3|3|8
11.6|93.86|1899|395|5.3|5.3|3|8
11.7|93.81|1899|395|5.3|5.3|3|8
11.8|93.81|1899|395|5.3|5.3|3|8
11.9|93.82|1899|395|5.3|5.3|3|8
12|93.81|1902|395|5.3|5.3|3|8
12.1|93.84|1902|395|5.3|5.3|3|8
12.2|93.81|1905|395|5.3|5.3|3|8
12.3|93.84|1905|395|5.3|5.3|3|8
12.4|93.84|1905|395|5.3|5.3|3|8
12.5|93.88|1905|395|5.3|5.3|3|8
12.6|93.84|1907|395|5.3|5.3|3|8
12.7|93.8|1907|395|5.3|5.3|4|8
12.8|93.9|1907|395|5.3|5.3|4|8
12.9|94.25|1897|395|5.3|5.3|4|8
13|94.66|1861|395|5.3|5.3|4|8
13.1|95.19|1415|396|5.3|5.3|4|8
13.2|95.59|1090|396|5.3|5.3|5|8
13.3|95.82|1085|395|5.3|5.3|5|8
13.4|95.84|1082|395|5.3|5.3|5|8
13.5|95.88|1082|395|5.3|5.3|5|8
13.6|95.76|1082|395|5.3|5.3|5|8
13.7|95.94|1080|395|5.3|5.3|5|8
13.8|95.85|1080|395|5.3|5.3|5|8
13.9|95.86|1080|395|5.3|5.3|5|8
14|95.92|1080|395|5.3|5.3|5|8
14.1|95.93|1080|395|5.3|5.3|5|8
14.2|95.86|1080|395|5.3|5.3|5|8
14.3|95.9|1080|395|5.3|5.3|5|8
14.4|95.89|1080|395|5.3|5.3|5|8
14.5|95.89|1077|395|5.3|5.3|5|8
14.6|95.89|1080|395|5.3|5.3|5|8
14.7|95.89|1077|395|5.3|5.3|5|8
14.8|95.89|1077|395|5.3|5.3|5|8
14.9|95.94|1077|395|5.3|5.3|5|8
15|95.85|1077|395|5.3|5.3|5|8
15.1|95.86|1077|395|5.3|5.3|5|8
15.2|95.92|1077|395|5.3|5.3|2|8
15.3|95.61|1077|395|5.3|5.3|2|8
15.4|95.22|1077|395|5.3|5.3|2|8
15.5|94.78|1510|395|5.3|5.3|2|8
15.6|94.4|1830|396|5.3|5.3|3|8
15.7|94.19|1866|396|5.3|5.3|3|8
15.8|94.05|1879|396|5.3|5.3|3|8
15.9|93.97|1887|395|5.3|5.3|3|8
16|94.05|1889|395|5.3|5.3|3|8
16.1|93.98|1894|395|5.3|5.3|3|8
16.2|94.02|1897|395|5.3|5.3|3|8
16.3|94.05|1897|395|5.3|5.3|3|8
16.4|94|1899|395|5.3|5.3|3|8
16.5|94|1902|395|5.3|5.3|3|8
16.6|94.02|1902|395|5.3|5.3|3|8
16.7|94.01|1902|395|5.3|5.3|3|8
16.8|94.02|1905|395|5.3|5.3|3|8
16.9|94.01|1905|395|5.3|5.3|3|8
17|94.05|1905|395|5.3|5.3|3|8
17.1|94|1907|395|5.3|5.3|3|8
17.2|94.01|1907|395|5.3|5.3|3|8
17.3|94.01|1907|395|5.3|5.3|3|8
17.4|94|1907|395|5.3|5.3|3|8
17.5|94.05|1910|395|5.3|5.3|3|8
17.6|94.09|1910|395|5.3|5.3|4|8
17.7|94.32|1907|395|5.3|5.3|4|8
17.8|94.72|1879|396|5.3|5.3|4|8
17.9|95.22|1162|396|5.3|5.3|5|8
18|95.55|1085|396|5.3|5.3|5|8
18.1|95.66|1082|396|5.3|5.3|5|8
18.2|95.73|1082|396|5.3|5.3|5|8
18.3|95.81|1080|395|5.3|5.3|5|8
18.4|95.88|1080|395|5.3|5.3|5|8
18.5|95.76|1080|395|5.3|5.3|5|8
18.6|95.78|1080|395|5.3|5.3|5|8
18.7|95.8|1077|395|5.3|5.3|5|8
18.8|95.8|1077|395|5.3|5.3|5|8
18.9|95.81|1077|395|5.3|5.3|5|8
19|95.78|1077|395|5.3|5.3|5|8
19.1|95.74|1077|395|5.3|5.3|5|8
19.2|95.8|1077|395|5.3|5.3|5|8
19.3|95.81|1077|395|5.3|5.3|5|8
19.4|95.81|1075|395|5.3|5.3|5|8
19.5|95.78|1075|395|5.3|5.3|5|8
19.6|95.76|1075|395|5.3|5.3|5|8
19.7|95.8|1075|395|5.3|5.3|5|8
19.8|95.8|1075|395|5.3|5.3|5|8
19.9|95.8|1075|395|5.3|5.3|2|8
20|95.73|1075|395|5.3|5.3|2|8
20.1|95.34|1075|395|5.3|5.3|2|8
20.2|94.92|1088|395|5.3|5.3|2|8
20.3|94.53|1755|395|5.3|5.3|3|8
20.4|94.23|1879|395|5.3|5.3|3|8
20.5|94.02|1897|395|5.3|5.3|3|8
20.6|94|1905|395|5.3|5.3|3|8
20.7|93.94|1907|395|5.3|5.3|3|8
20.8|93.93|1912|395|5.3|5.3|3|8
20.9|93.92|1912|395|5.3|5.3|3|8
21|93.85|1915|395|5.3|5.3|3|8
21.1|93.97|1915|395|5.3|5.3|3|8
21.2|93.92|1915|395|5.3|5.3|3|8
21.3|93.9|1915|395|5.3|5.3|3|8
21.4|93.94|1915|395|5.3|5.3|3|8
21.5|93.94|1915|395|5.3|5.3|3|8
21.6|93.94|1915|395|5.3|5.3|3|8
21.7|93.9|1915|395|5.3|5.3|3|8
21.8|93.9|1915|394|5.3|5.3|3|8
21.9|93.94|1915|395|5.3|5.3|3|8
22|93.92|1918|394|5.3|5.3|3|8
22.1|93.88|1918|394|5.3|5.3|3|8
22.2|93.92|1918|395|5.3|5.3|3|8
22.3|93.93|1918|395|5.3|5.3|4|8
22.4|94|1918|395|5.3|5.3|4|8
22.5|94.33|1912|395|5.3|5.3|4|8
22.6|94.75|1884|395|5.3|5.3|4|8
22.7|95.29|1456|396|5.3|5.3|4|8
22.8|95.7|1093|396|5.3|5.3|5|8
22.9|95.8|1082|395|5.3|5.3|5|8
23|96|1080|395|5.3|5.3|5|8
23.1|96.05|1080|395|5.3|5.3|5|8
23.2|95.97|1077|395|5.3|5.3|5|8
23.3|95.94|1077|395|5.3|5.3|5|8
23.4|96.02|1075|395|5.3|5.3|5|8
23.5|96|1075|395|5.3|5.3|5|8
23.6|95.94|1075|395|5.3|5.3|5|8
23.7|96.04|1075|395|5.3|5.3|5|8
23.8|96.01|1075|394|5.3|5.3|5|8
23.9|95.94|1075|394|5.3|5.3|5|8
24|96.01|1075|394|5.3|5.3|5|8
24.1|96.02|1075|394|5.3|5.3|5|8
24.2|95.98|1075|394|5.3|5.3|5|8
24.3|95.94|1075|394|5.3|5.3|5|8
24.4|96.01|1075|395|5.3|5.3|5|8
24.5|96.02|1075|395|5.3|5.3|5|8
24.6|96|1075|395|5.3|5.3|5|8
24.7|95.94|1075|395|5.3|5.3|5|8
24.8|95.96|1072|394|5.3|5.3|2|8
24.9|95.69|1075|394|5.3|5.3|2|8
25|95.23|1075|394|5.3|5.3|2|8
25.1|94.79|1384|396|5.3|5.3|2|8
25.2|94.43|1851|395|5.3|5.3|3|8
25.3|94.21|1887|395|5.3|5.3|3|8
25.4|94.06|1899|394|5.3|5.3|3|8
25.5|93.97|1907|394|5.3|5.3|3|8
25.6|94|1910|394|5.3|5.3|3|8
25.7|94.05|1912|394|5.3|5.3|3|8
25.8|94|1915|394|5.3|5.3|3|8
25.9|94|1915|394|5.3|5.3|3|8
26|94.02|1918|394|5.3|5.3|3|8
26.1|94|1918|394|5.3|5.3|3|8
26.2|94|1918|394|5.3|5.3|3|8
26.3|94.02|1918|394|5.3|5.3|3|8
26.4|94|1918|394|5.3|5.3|3|8
26.5|94.02|1920|394|5.3|5.3|3|8
26.6|94|1920|394|5.3|5.3|3|8
26.7|94.01|1920|394|5.3|5.3|3|8
26.8|94.02|1920|394|5.3|5.3|3|8
26.9|94.05|1920|394|5.3|5.3|3|8
27|93.98|1923|394|5.3|5.3|3|8
27.1|94.01|1923|394|5.3|5.3|3|8
27.2|94.04|1923|394|5.3|5.3|4|8
27.3|94.31|1920|394|5.3|5.3|4|8
27.4|94.64|1902|394|5.3|5.3|4|8
27.5|95.14|1765|395|5.3|5.3|4|8
27.6|95.65|1108|396|5.3|5.3|5|8
27.7|95.81|1082|395|5.3|5.3|5|8
27.8|96.06|1077|395|5.3|5.3|5|8
27.9|96.05|1077|394|5.3|5.3|5|8
28|96.02|1075|394|5.3|5.3|5|8
28.1|96|1075|394|5.3|5.3|5|8
28.2|96.06|1075|394|5.3|5.3|5|8
28.3|96.06|1075|394|5.3|5.3|5|8
28.4|96.01|1075|394|5.3|5.3|5|8
28.5|96.04|1075|394|5.3|5.3|5|8
28.6|96.04|1075|394|5.3|5.3|5|8
28.7|96.04|1075|394|5.3|5.3|5|8
28.8|96.04|1075|394|5.3|5.3|5|8
28.9|96.04|1075|394|5.3|5.3|5|8
29|96.04|1075|394|5.3|5.3|5|8
29.1|96.04|1075|394|5.3|5.3|5|8
29.2|96.04|1072|394|5.3|5.3|5|8
29.3|96.04|1072|394|5.3|5.3|5|8
29.4|96.04|1072|394|5.3|5.3|5|8
29.5|96.04|1072|394|5.3|5.3|5|8
29.6|96.08|1072|394|5.3|5.3|2|8
29.7|95.82|1072|394|5.3|5.3|2|8
29.8|95.46|1072|394|5.3|5.3|2|8
29.9|95.06|1131|394|5.3|5.3|2|8
30|94.63|1714|394|5.3|5.3|3|8
30.1|94.29|1889|394|5.3|5.3|3|8
30.2|94.16|1910|394|5.3|5.3|3|8
30.3|93.98|1918|394|5.3|5.3|3|8
30.4|93.96|1923|394|5.3|5.3|3|8
30.5|94.02|1923|394|5.3|5.3|3|8
30.6|94.02|1925|394|5.3|5.3|3|8
30.7|93.97|1930|394|5.3|5.3|3|8
30.8|94.01|1928|394|5.3|5.3|3|8
30.9|94|1928|394|5.3|5.3|3|8
31|94.01|1928|394|5.3|5.3|3|8
31.1|94.04|1930|394|5.3|5.3|3|8
31.2|93.98|1928|394|5.3|5.3|3|8
31.3|94|1928|394|5.3|5.3|3|8
31.4|94|1928|394|5.3|5.3|3|8
31.5|94|1928|394|5.3|5.3|3|8
31.6|94.01|1928|394|5.3|5.3|3|8
31.7|94.01|1930|394|5.3|5.3|3|8
31.8|94.04|1930|394|5.3|5.3|3|8
31.9|94|1930|394|5.3|5.3|3|8
32|94|1930|394|5.3|5.3|4|8
32.1|94.15|1930|394|5.3|5.3|4|8
32.2|94.44|1923|394|5.3|5.3|4|8
32.3|94.9|1796|394|5.3|5.3|4|8
32.4|95.38|1106|394|5.3|5.3|5|8
32.5|95.62|1082|394|5.3|5.3|5|8
32.6|95.69|1080|394|5.3|5.3|5|8
32.7|95.72|1080|394|5.3|5.3|5|8
32.8|95.82|1077|394|5.3|5.3|5|8
32.9|95.81|1077|394|5.3|5.3|5|8
33|95.78|1077|394|5.3|5.3|5|8
33.1|95.77|1077|394|5.3|5.3|5|8
33.2|95.8|1077|394|5.3|5.3|5|8
33.3|95.81|1077|394|5.3|5.3|5|8
33.4|95.8|1077|394|5.3|5.3|5|8
33.5|95.74|1077|394|5.3|5.3|5|8
33.6|95.8|1075|394|5.3|5.3|5|8
33.7|95.81|1075|394|5.3|5.3|5|8
33.8|95.78|1075|394|5.3|5.3|5|8
33.9|95.77|1075|394|5.3|5.3|5|8
34|95.8|1075|394|5.3|5.3|5|8
34.1|95.8|1075|394|5.3|5.3|5|8
34.2|95.8|1075|394|5.3|5.3|5|8
34.3|95.8|1075|394|5.3|5.3|5|8
34.4|95.8|1075|394|5.3|5.3|2|8
34.5|95.61|1075|394|5.3|5.3|2|8
34.6|95.21|1075|394|5.3|5.3|2|8
34.7|94.78|1116|394|5.3|5.3|2|8
34.8|94.41|1825|394|5.3|5.3|3|8
34.9|94.05|1910|394|5.3|5.3|3|8
35|93.94|1920|394|5.3|5.3|3|8
35.1|93.85|1928|394|5.3|5.3|3|8
35.2|93.81|1930|394|5.3|5.3|3|8
35.3|93.82|1933|394|5.3|5.3|3|8
35.4|93.84|1936|394|5.3|5.3|3|8
35.5|93.81|1936|394|5.3|5.3|3|8
35.6|93.76|1936|394|5.3|5.3|3|8
35.7|93.78|1938|394|5.3|5.3|3|8
35.8|93.84|1938|394|5.3|5.3|3|8
35.9|93.81|1936|394|5.3|5.3|3|8
36|93.76|1936|394|5.3|5.3|3|8
36.1|93.81|1938|394|5.3|5.3|3|8
36.2|93.85|1938|394|5.3|5.3|3|8
36.3|93.81|1938|394|5.3|5.3|3|8
36.4|93.81|1938|394|5.3|5.3|3|8
36.5|93.81|1938|394|5.3|5.3|3|8
36.6|93.77|1938|394|5.3|5.3|3|8
36.7|93.81|1941|394|5.3|5.3|3|8
36.8|93.82|1938|394|5.3|5.3|4|8
36.9|93.93|1941|394|5.3|5.3|4|8
37|94.28|1928|394|5.3|5.3|4|8
37.1|94.74|1528|395|5.3|5.3|4|8
37.2|95.12|1137|395|5.3|5.3|2|8
37.3|95.15|1085|394|5.3|5.3|2|8
37.4|95.14|1082|394|5.3|5.3|2|8
37.5|95.19|1082|394|5.3|5.3|2|8
37.6|95.1|1080|394|5.3|5.3|2|8
37.7|94.92|1080|394|5.3|5.3|2|8
37.8|94.88|1080|394|5.3|5.3|2|8
37.9|94.92|1080|394|5.3|5.3|2|8
38|95.02|1080|394|5.3|5.3|2|8
38.1|94.83|1077|394|5.3|5.3|2|8
38.2|94.79|1077|394|5.3|5.3|2|8
38.3|94.74|1255|394|5.3|5.3|2|8
38.4|94.66|1296|395|5.3|5.3|2|8
38.5|94.55|1335|396|5.3|5.3|2|8
38.6|94.51|1369|395|5.3|5.3|2|8
38.7|94.4|1278|395|5.3|5.3|2|8
38.8|94.33|1320|395|5.3|5.3|2|8
38.9|94.32|1299|395|5.3|5.3|2|8
39|94.24|1209|395|5.3|5.3|2|8
39.1|94.21|1353|396|5.3|5.3|2|8
39.2|94.06|1314|394|5.3|5.3|2|8
39.3|94.02|1155|394|5.3|5.3|2|8
39.4|94.02|1260|395|5.3|5.3|2|8
39.5|93.97|1317|394|5.3|5.3|2|8
39.6|93.84|1175|394|5.3|5.3|2|8
39.7|93.76|1237|394|5.3|5.3|2|8
39.8|93.64|1098|394|5.3|5.3|2|8
39.9|93.62|1304|394|5.3|5.3|2|8
40|93.49|1157|394|5.3|5.3|2|8
40.1|93.53|1216|394|5.3|5.3|2|8
40.2|93.42|1232|394|5.3|5.3|2|8
40.3|93.35|1332|394|5.3|5.3|2|8
40.4|93.13|1410|394|5.3|5.3|2|8
40.5|93.13|1273|394|5.3|5.3|2|8
40.6|93.22|1232|394|5.3|5.3|2|8
40.7|93|1317|394|5.3|5.3|2|8
40.8|93|1155|395|5.3|5.3|2|8
40.9|92.83|1247|394|5.3|5.3|2|8
41|92.79|1389|394|5.3|5.3|2|8
41.1|92.71|1175|395|5.3|5.3|2|8
41.2|92.67|1196|394|5.3|5.3|2|8
41.3|92.48|1265|394|5.3|5.3|2|8
41.4|92.35|1090|394|5.3|5.3|2|8
41.5|92.39|1242|394|5.3|5.3|2|8
41.6|92.29|1191|394|5.3|5.3|2|8
41.7|92.17|1247|394|5.3|5.3|2|8
41.8|92.12|1206|394|5.3|5.3|2|8
41.9|92.01|1209|394|5.3|5.3|2|8
42|91.94|1237|394|5.3|5.3|2|8
42.1|91.88|1314|394|5.3|5.3|2|8
42.2|91.74|1186|394|5.3|5.3|2|8
42.3|91.54|1121|394|5.3|5.3|2|8
42.4|91.54|1186|394|5.3|5.3|2|8
42.5|91.47|1204|394|5.3|5.3|2|8
42.6|91.39|1302|394|5.3|5.3|2|8
42.7|91.34|1307|394|5.3|5.3|2|8
42.8|91.19|1178|394|5.3|5.3|2|8
42.9|91.02|1101|394|5.3|5.3|2|8
43|90.96|1098|394|5.3|5.3|2|8
43.1|90.91|1155|394|5.3|5.3|2|8
43.2|90.82|1245|394|5.3|5.3|2|8
43.3|90.63|1162|394|5.3|5.3|2|8
43.4|90.58|1113|394|5.3|5.3|2|8
43.5|90.44|1193|394|5.3|5.3|2|8
43.6|90.37|1196|394|5.3|5.3|2|8
43.7|90.28|1281|394|5.3|5.3|2|8
43.8|90.13|1307|394|5.3|5.3|2|8
43.9|90.01|1340|395|5.3|5.3|2|8
44|89.92|1237|395|5.3|5.3|2|8
44.1|89.8|1139|394|5.3|5.3|2|8
44.2|89.74|1157|394|5.3|5.3|2|8
44.3|89.5|1098|394|5.3|5.3|2|8
44.4|89.49|1093|394|5.3|5.3|2|8
44.5|89.37|1232|394|5.3|5.3|2|8
44.6|89.19|1291|395|5.3|5.3|2|8
44.7|89.18|1268|395|5.3|5.3|2|8
44.8|88.95|1144|394|5.3|5.3|2|8
44.9|88.88|1410|396|5.3|5.3|2|8
45|88.7|1240|395|5.3|5.3|2|8
45.1|88.63|1214|395|5.3|5.3|2|8
45.2|88.51|1126|396|5.3|5.3|2|8
45.3|88.37|1188|395|5.3|5.3|2|8
45.4|88.27|1206|394|5.3|5.3|2|8
45.5|88.07|1193|395|5.3|5.3|2|8
45.6|88.04|1284|394|5.3|5.3|2|8
45.7|87.85|1296|396|5.3|5.3|2|8
45.8|87.66|1173|395|5.3|5.3|2|8
45.9|87.56|1165|395|5.3|5.3|2|8
46|87.38|1152|395|5.3|5.3|2|8
46.1|87.33|1353|396|5.3|5.3|2|8
46.2|87.18|1245|396|5.3|5.3|2|8
46.3|87.05|1245|395|5.3|5.3|2|8
46.4|86.89|1198|395|5.3|5.3|2|8
46.5|86.7|1204|396|5.3|5.3|2|8
46.6|86.63|1276|395|5.3|5.3|2|8
46.7|86.47|1356|396|5.3|5.3|2|8
46.8|86.25|1294|396|5.3|5.3|2|8
46.9|86.12|1219|395|5.3|5.3|2|8
47|86.03|1317|396|5.3|5.3|2|8
47.1|85.88|1232|395|5.3|5.3|2|8
47.2|85.68|1235|395|5.3|5.3|2|8
47.3|85.53|1178|394|5.3|5.3|2|8
47.4|85.42|1188|394|5.3|5.3|2|8
47.5|85.18|1307|395|5.3|5.3|2|8
47.6|85.01|1232|394|5.3|5.3|2|8
47.7|84.91|1376|394|5.3|5.3|2|8
47.8|84.79|1258|395|5.3|5.3|2|8
47.9|84.47|1139|395|5.3|5.3|2|8
48|84.39|1268|396|5.3|5.3|2|8
48.1|84.21|1121|395|5.3|5.3|2|8
48.2|84.09|1186|395|5.3|5.3|2|8
48.3|83.88|1312|395|5.3|5.3|2|8
48.4|83.64|1260|395|5.3|5.3|2|8
48.5|83.5|1294|394|5.3|5.3|2|8
48.6|83.29|1309|394|5.3|5.3|2|8
48.7|83.15|1180|395|5.3|5.3|2|8
48.8|82.91|1116|394|5.3|5.3|2|8
48.9|82.75|1361|395|5.3|5.3|2|8
49|82.6|1245|394|5.3|5.3|2|8
49.1|82.38|1214|395|5.3|5.3|2|8
49.2|82.17|1253|395|5.3|5.3|2|8
49.3|82.07|1402|395|5.3|5.3|2|8
49.4|81.79|1237|396|5.3|5.3|2|8
49.5|80.93|1768|396|5.3|5.3|6|8
49.6|78.32|1977|395|5.3|5.3|6|8
49.7|75.48|250|395|5.3|5.3|7|8
49.8|73.08|0|394|5.3|5.3|7|8
49.9|71.84|0|394|5.3|5.3|7|8
50|71.36|0|393|5.3|5.3|7|8
50.1|71.1|0|393|5.3|5.3|7|8
50.2|70.98|0|393|5.3|5.3|7|8
50.3|70.9|0|393|5.3|5.3|7|8
50.4|70.83|0|392|5.3|5.3|7|8
50.5|70.81|0|392|5.3|5.3|7|8
50.6|70.89|0|393|5.3|5.3|7|8
50.7|70.92|0|393|5.3|5.3|7|8
50.8|70.94|0|392|5.3|5.3|7|8
50.9|70.96|0|392|5.3|5.3|7|8
51|70.9|0|392|5.3|5.3|7|8
51.1|70.9|0|393|5.3|5.3|7|8
51.2|70.9|0|392|5.3|5.3|7|8
51.3|70.82|0|393|5.3|5.3|7|8
51.4|70.83|0|392|5.3|5.3|7|8
51.5|70.81|0|392|5.3|5.3|7|8
51.6|70.82|0|392|5.3|5.3|7|8
51.7|70.86|0|392|5.3|5.3|7|8
51.8|70.87|0|392|5.3|5.3|7|8
51.9|70.87|0|393|5.3|5.3|7|8
52|70.89|0|392|5.3|5.3|7|8
52.1|70.89|0|392|5.3|5.3|7|8
52.2|70.96|0|392|5.3|5.3|7|8
52.3|70.93|0|392|5.3|5.3|7|8
52.4|70.87|0|392|5.3|5.3|7|8
52.5|70.83|0|392|5.3|5.3|7|8
52.6|70.79|0|392|5.3|5.3|7|8
52.7|70.83|0|393|5.3|5.3|7|8
52.8|70.89|0|392|5.3|5.3|7|8
52.9|70.94|0|393|5.3|5.3|7|8
53|70.93|0|393|5.3|5.3|7|8
53.1|70.89|0|393|5.3|5.3|7|8
53.2|70.83|0|393|5.3|5.3|7|8
53.3|70.79|0|392|5.3|5.3|7|8
53.4|70.82|0|393|5.3|5.3|7|8
53.5|70.86|0|393|5.3|5.3|7|8
53.6|70.86|0|392|5.3|5.3|7|8
53.7|70.86|0|392|5.3|5.3|7|8
53.8|70.87|0|392|5.3|5.3|7|8
53.9|70.92|0|392|5.3|5.3|7|8
54|70.96|0|392|5.3|5.3|7|8
54.1|70.89|0|393|5.3|5.3|7|8
54.2|70.9|0|392|5.3|5.3|7|8
54.3|70.85|0|392|5.3|5.3|7|8
54.4|70.79|0|392|5.3|5.3|7|8
54.5|70.81|0|392|5.3|5.3|7|8
54.6|70.87|0|392|5.3|5.3|7|8
54.7|70.93|0|392|5.3|5.3|7|8
54.8|70.92|0|392|5.3|5.3|7|8
54.9|70.87|0|392|5.3|5.3|7|8
55|70.79|0|393|5.3|5.3|7|8
55.1|70.82|0|392|5.3|5.3|7|8
55.2|70.85|0|392|5.3|5.3|7|8
55.3|70.93|0|392|5.3|5.3|7|8
55.4|70.93|0|392|5.3|5.3|7|8
55.5|70.89|0|392|5.4|5.3|7|8
55.6|70.87|0|392|5.3|5.4|7|8
55.7|70.89|0|392|5.3|5.3|7|8
55.8|70.82|0|392|5.4|5.3|7|8
55.9|70.79|0|392|5.4|5.4|7|8
56|70.81|0|392|5.4|5.4|7|8
56.1|70.86|0|392|5.4|5.4|7|8
56.2|70.96|0|392|5.4|5.4|7|8
56.3|70.93|0|392|5.4|5.4|7|8
56.4|70.9|0|392|5.4|5.4|7|8
56.5|70.9|0|393|5.4|5.4|7|8
56.6|70.83|0|392|5.4|5.4|7|8
56.7|70.87|0|393|5.4|5.4|7|8
56.8|70.85|0|392|5.4|5.4|7|8
56.9|70.85|0|392|5.3|5.3|7|8
57|70.81|0|393|5.3|5.3|7|8
57.1|70.82|0|393|5.3|5.3|7|8
57.2|70.82|0|392|5.3|5.3|7|8
57.3|70.94|0|392|5.3|5.3|7|8
57.4|70.92|0|392|5.3|5.3|7|8
57.5|70.92|0|392|5.3|5.3|7|8
57.6|70.85|0|392|5.3|5.3|7|8
57.7|70.78|0|392|5.3|5.3|7|8
57.8|70.82|0|392|5.3|5.3|7|8
57.9|70.81|0|393|5.3|5.3|7|8
58|70.81|0|392|5.3|5.3|7|8
58.1|70.86|0|393|5.3|5.3|7|8
58.2|70.94|0|393|5.3|5.3|7|8
58.3|70.92|0|392|5.3|5.3|7|8
58.4|70.82|0|393|5.3|5.3|7|8
58.5|70.83|0|393|5.3|5.3|7|8
58.6|70.82|0|392|5.3|5.3|7|8
58.7|70.81|0|393|5.3|5.3|7|8
58.8|70.79|0|393|5.3|5.3|7|8
58.9|70.87|0|392|5.3|5.3|7|8
59|70.86|0|393|5.3|5.3|7|8
59.1|70.85|0|393|5.3|5.3|7|8
59.2|70.79|0|392|5.3|5.3|7|8
59.3|70.86|0|392|5.3|5.3|7|8
59.4|70.9|0|392|5.3|5.3|7|8
59.5|70.92|0|392|5.3|5.3|7|8
59.6|70.93|0|392|5.3|5.3|7|8
59.7|70.81|0|392|5.3|5.3|7|8
59.8|70.85|0|392|5.3|5.3|7|8
59.9|70.81|0|393|5.3|5.3|7|8
60|70.81|0|392|5.3|5.3|7|8
60.1|70.78|0|392|5.3|5.3|7|8
60.2|70.87|0|393|5.3|5.3|7|8
60.3|70.89|0|393|5.3|5.3|7|8
60.4|70.94|0|392|5.3|5.3|7|8
60.5|70.79|0|394|5.3|5.3|7|8
60.6|70.83|0|403|5.3|5.3|7|8
60.7|70.79|0|406|5.3|5.3|7|8
60.8|70.79|0|407|5.3|5.3|7|8
60.9|70.82|0|408|5.3|5.3|7|8
61|70.96|0|408|5.3|5.3|7|8
61.1|70.92|0|408|5.3|5.3|7|8
61.2|70.9|0|408|5.3|5.3|7|8
61.3|70.79|0|408|5.3|5.3|7|8
61.4|70.82|0|408|5.3|5.3|7|8
61.5|70.81|0|408|5.3|5.3|7|8
61.6|70.78|0|408|5.3|5.3|7|8
61.7|70.86|0|408|5.3|5.3|7|8
61.8|70.9|0|408|5.3|5.3|7|8
61.9|70.94|0|408|5.3|5.3|7|8
62|70.78|0|408|5.3|5.3|7|8
62.1|70.83|0|408|5.3|5.3|7|8
62.2|70.79|0|408|5.3|5.3|7|8
62.3|70.81|0|408|5.3|5.3|7|8
62.4|70.79|0|408|5.3|5.3|7|8
62.5|70.86|0|408|5.3|5.3|7|8
62.6|70.92|0|408|5.3|5.3|7|8
62.7|70.92|0|408|5.3|5.3|8|8
62.8|70.81|0|408|5.3|5.3|8|8
62.9|70.74|0|408|5.3|5.3|8|8
63|70.69|0|408|5.3|5.3|8|8
63.1|70.69|0|408|5.3|5.3|8|8
63.2|70.78|0|408|5.3|5.3|8|8
63.3|70.75|0|408|5.3|5.3|8|8
63.4|70.89|0|408|5.3|5.3|8|8
63.5|70.79|0|408|5.3|5.3|8|8
63.6|70.74|0|408|5.3|5.3|8|8
63.7|70.87|0|408|5.3|5.3|8|8
63.8|70.79|0|408|5.2|5.2|8|8
63.9|70.79|0|408|5.2|5.2|8|8
64|70.81|0|408|5.2|5.2|8|8
64.1|70.73|0|408|5.2|5.2|8|8
64.2|70.86|0|408|5.2|5.2|8|8
64.3|70.75|0|408|5.2|5.2|8|8
64.4|70.82|0|408|5.2|5.2|8|8
64.5|70.92|0|408|5.2|5.2|8|8
64.6|70.75|0|408|5.2|5.2|8|8
64.7|71.09|0|408|5.1|5.1|8|8
64.8|73.8|0|408|5.2|5.2|8|8
64.9|76.77|0|408|5.2|5.2|8|8
65|79.71|0|408|5.2|5.1|8|8
65.1|82.67|0|408|5.1|5.1|8|8
65.2|85.62|0|408|5.1|5.1|8|8
65.3|88.47|0|408|5.1|5.1|8|8
65.4|91.39|0|408|5.1|5.1|8|8
65.5|94|0|408|5.1|5.1|8|8
65.6|95.19|0|408|5.1|5.1|8|8
