0|96.04|928|484|5.2|5.2|1|8
0.1|96.04|1082|481|5.2|5.2|1|8
0.2|96.05|1072|481|5.2|5.2|1|8
0.3|96.02|1067|482|5.2|5.2|1|8
0.4|96.04|1064|482|5.2|5.2|1|8
0.5|96.06|1062|482|5.2|5.2|2|8
0.6|95.74|1062|483|5.2|5.2|2|8
0.7|95.31|1067|483|5.2|5.2|2|8
0.8|94.84|1229|483|5.2|5.2|2|8
0.9|94.45|1629|482|5.2|5.2|3|8
1|94.17|1678|480|5.2|5.2|3|8
1.1|93.93|1693|480|5.2|5.2|3|8
1.2|93.92|1701|480|5.2|5.2|3|8
1.3|93.93|1706|480|5.2|5.2|3|8
1.4|93.89|1714|480|5.2|5.2|3|8
1.5|93.84|1716|480|5.2|5.2|3|8
1.6|93.82|1719|480|5.2|5.2|3|8
1.7|93.8|1722|480|5.2|5.2|3|8
1.8|93.8|1724|480|5.2|5.2|3|8
1.9|93.84|1727|480|5.2|5.2|3|8
2|93.88|1729|480|5.2|5.2|3|8
2.1|93.88|1732|480|5.2|5.2|3|8
2.2|93.85|1732|480|5.2|5.2|3|8
2.3|93.86|1735|480|5.2|5.2|3|8
2.4|93.8|1735|480|5.2|5.2|3|8
2.5|93.84|1735|480|5.2|5.2|3|8
2.6|93.84|1737|480|5.2|5.2|3|8
2.7|93.84|1737|480|5.2|5.2|3|8
2.8|93.9|1737|480|5.2|5.2|3|8
2.9|93.82|1740|480|5.2|5.2|4|8
3|93.89|1737|480|5.2|5.2|4|8
3.1|94.29|1727|480|5.2|5.2|4|8
3.2|94.8|1582|480|5.2|5.2|4|8
3.3|95.25|1093|482|5.2|5.2|5|8
3.4|95.45|1077|483|5.3|5.3|5|8
3.5|95.58|1077|484|5.3|5.3|5|8
3.6|95.65|1075|484|5.3|5.3|5|8
3.7|95.62|1075|484|5.3|5.3|5|8
3.8|95.61|1072|484|5.3|5.3|5|8
3.9|95.59|1072|484|5.3|5.3|5|8
4|95.65|1072|484|5.3|5.3|5|8
4.1|95.62|1075|484|5.3|5.3|5|8
4.2|95.61|1075|484|5.3|5.3|5|8
4.3|95.61|1075|484|5.3|5.3|5|8
4.4|95.63|1075|484|5.3|5.3|5|8
4.5|95.68|1075|485|5.3|5.3|5|8
4.6|95.61|1075|484|5.3|5.3|5|8
4.7|95.61|1077|484|5.3|5.3|5|8
4.8|95.61|1077|484|5.3|5.3|5|8
4.9|95.62|1077|484|5.3|5.3|5|8
5|95.65|1077|484|5.3|5.3|5|8
5.1|95.63|1077|484|5.3|5.3|5|8
5.2|95.62|1077|484|5.3|5.3|5|8
5.3|95.59|1077|484|5.3|5.3|2|8
5.4|95.39|1080|484|5.3|5.3|2|8
5.5|95.06|1080|484|5.3|5.3|2|8
5.6|94.64|1147|484|5.3|5.3|2|8
5.7|94.15|1580|482|5.3|5.3|3|8
5.8|93.82|1735|482|5.3|5.3|3|8
5.9|93.53|1747|481|5.3|5.3|3|8
6|93.57|1753|481|5.3|5.3|3|8
6.1|93.39|1755|481|5.3|5.3|3|8
6.2|93.43|1758|481|5.3|5.3|3|8
6.3|93.47|1760|480|5.3|5.3|3|8
6.4|93.39|1760|480|5.3|5.3|3|8
6.5|93.45|1763|480|5.3|5.3|3|8
6.6|93.45|1763|480|5.3|5.3|3|8
6.7|93.39|1763|481|5.3|5.3|3|8
6.8|93.43|1765|481|5.3|5.3|3|8
6.9|93.43|1765|481|5.3|5.3|3|8
7|93.45|1768|481|5.3|5.3|3|8
7.1|93.39|1768|481|5.3|5.3|3|8
7.2|93.45|1768|481|5.3|5.3|3|8
7.3|93.42|1771|481|5.3|5.3|3|8
7.4|93.39|1768|480|5.3|5.3|3|8
7.5|93.43|1771|480|5.3|5.3|3|8
7.6|93.41|1773|480|5.3|5.3|3|8
7.7|93.39|1773|480|5.3|5.3|4|8
7.8|93.49|1771|480|5.3|5.3|4|8
7.9|93.78|1771|480|5.3|5.4|4|8
8|94.27|1740|480|5.4|5.4|4|8
8.1|94.74|1637|481|5.4|5.4|4|8
8.2|95.22|1119|482|5.4|5.4|5|8
8.3|95.42|1090|484|5.4|5.4|5|8
8.4|95.57|1088|485|5.4|5.4|5|8
8.5|95.63|1088|485|5.4|5.4|5|8
8.6|95.62|1085|485|5.4|5.4|5|8
8.7|95.58|1085|484|5.4|5.4|5|8
8.8|95.62|1085|484|5.4|5.4|5|8
8.9|95.62|1085|484|5.4|5.4|5|8
9|95.65|1085|484|5.4|5.4|5|8
9.1|95.62|1085|484|5.4|5.4|5|8
9.2|95.62|1085|484|5.4|5.4|5|8
9.3|95.59|1085|484|5.4|5.4|5|8
9.4|95.59|1085|484|5.4|5.4|5|8
9.5|95.62|1085|484|5.4|5.4|5|8
9.6|95.63|1085|485|5.4|5.4|5|8
9.7|95.63|1085|484|5.4|5.4|5|8
9.8|95.62|1085|484|5.4|5.4|5|8
9.9|95.59|1085|484|5.4|5.4|5|8
10|95.59|1085|484|5.4|5.4|5|8
10.1|95.61|1085|484|5.4|5.4|5|8
10.2|95.65|1085|484|5.4|5.4|2|8
10.3|95.41|1088|484|5.4|5.4|2|8
10.4|95.1|1093|474|5.4|5.4|2|8
10.5|94.68|1111|468|5.4|5.4|2|8
10.6|94.17|1273|466|5.4|5.4|2|8
10.7|93.66|1657|464|5.4|5.4|3|8
10.8|93.37|1763|463|5.4|5.4|3|8
10.9|93.26|1786|463|5.4|5.4|3|8
11|93.15|1794|463|5.4|5.4|3|8
11.1|93.03|1799|463|5.4|5.4|3|8
11.2|93.1|1799|463|5.4|5.4|3|8
11.3|93.03|1802|463|5.4|5.4|3|8
11.4|93.1|1802|463|5.4|5.4|3|8
11.5|93.04|1804|463|5.4|5.4|3|8
11.6|93.09|1804|463|5.4|5.4|3|8
11.7|93.14|1804|463|5.4|5.4|3|8
11.8|93.06|1807|463|5.4|5.4|3|8
11.9|93.15|1809|463|5.4|5.4|3|8
12|93.03|1809|463|5.4|5.4|3|8
12.1|93.11|1809|463|5.4|5.4|3|8
12.2|93|1809|463|5.4|5.4|3|8
12.3|93.06|1812|463|5.4|5.4|3|8
12.4|93.04|1809|463|5.4|5.4|3|8
12.5|93.14|1812|463|5.4|5.4|3|8
12.6|93.17|1812|463|5.4|5.4|3|8
12.7|93|1812|463|5.4|5.4|4|8
12.8|93.13|1812|463|5.4|5.4|4|8
12.9|93.53|1776|463|5.4|5.4|4|8
13|94.08|1485|464|5.4|5.4|4|8
13.1|94.41|1113|466|5.4|5.4|5|8
13.2|94.61|1108|466|5.4|5.4|5|8
13.3|94.71|1106|466|5.4|5.4|5|8
13.4|94.64|1106|465|5.4|5.4|5|8
13.5|94.7|1106|465|5.4|5.4|5|8
13.6|94.68|1106|464|5.4|5.4|5|8
13.7|94.59|1106|464|5.4|5.4|5|8
13.8|94.74|1103|464|5.4|5.4|5|8
13.9|94.63|1103|464|5.4|5.4|5|8
14|94.7|1103|464|5.4|5.4|5|8
14.1|94.66|1103|464|5.4|5.4|5|8
14.2|94.67|1103|464|5.4|5.4|5|8
14.3|94.75|1101|463|5.4|5.4|5|8
14.4|94.61|1101|463|5.4|5.4|5|8
14.5|94.7|1101|464|5.4|5.4|5|8
14.6|94.64|1101|464|5.4|5.4|5|8
14.7|94.68|1101|464|5.4|5.4|5|8
14.8|94.74|1101|463|5.4|5.4|5|8
14.9|94.61|1101|463|5.4|5.4|5|8
15|94.64|1101|463|5.4|5.4|5|8
15.1|94.66|1101|463|5.4|5.4|2|8
15.2|94.39|1101|463|5.4|5.4|2|8
15.3|93.92|1101|462|5.4|5.4|2|8
15.4|93.47|1410|462|5.4|5.4|2|8
15.5|93.04|1771|462|5.4|5.4|3|8
15.6|92.91|1802|462|5.4|5.4|3|8
15.7|92.82|1809|462|5.4|5.4|3|8
15.8|92.71|1812|462|5.4|5.4|3|8
15.9|92.74|1814|462|5.4|5.4|3|8
16|92.74|1814|462|5.4|5.4|3|8
16.1|92.71|1817|462|5.4|5.4|3|8
16.2|92.74|1817|462|5.4|5.4|3|8
16.3|92.76|1817|462|5.4|5.4|3|8
16.4|92.71|1820|462|5.4|5.4|3|8
16.5|92.75|1820|462|5.4|5.4|3|8
16.6|92.72|1820|462|5.4|5.4|3|8
16.7|92.74|1822|462|5.4|5.4|3|8
16.8|92.72|1822|463|5.4|5.4|3|8
16.9|92.72|1822|463|5.4|5.4|3|8
17|92.72|1822|463|5.4|5.4|3|8
17.1|92.72|1825|463|5.4|5.4|3|8
17.2|92.72|1825|463|5.4|5.4|3|8
17.3|92.74|1825|463|5.4|5.4|3|8
17.4|92.71|1827|463|5.4|5.4|3|8
17.5|92.74|1827|463|5.4|5.4|4|8
17.6|92.98|1814|463|5.4|5.4|4|8
17.7|93.49|1750|463|5.4|5.4|4|8
17.8|93.92|1121|465|5.4|5.4|5|8
17.9|94.2|1108|466|5.4|5.4|5|8
18|94.19|1108|465|5.4|5.4|5|8
18.1|94.28|1106|465|5.4|5.4|5|8
18.2|94.36|1106|464|5.4|5.4|5|8
18.3|94.24|1106|464|5.4|5.4|5|8
18.4|94.24|1106|464|5.4|5.4|5|8
18.5|94.24|1103|465|5.4|5.4|5|8
18.6|94.35|1103|464|5.4|5.4|5|8
18.7|94.27|1103|464|5.4|5.4|5|8
18.8|94.24|1103|464|5.4|5.4|5|8
18.9|94.27|1103|463|5.4|5.4|5|8
19|94.25|1103|464|5.4|5.4|5|8
19.1|94.27|1103|464|5.4|5.4|5|8
19.2|94.28|1103|464|5.4|5.4|5|8
19.3|94.32|1101|463|5.4|5.4|5|8
19.4|94.28|1101|464|5.4|5.4|5|8
19.5|94.23|1101|463|5.4|5.4|5|8
19.6|94.27|1103|463|5.4|5.4|5|8
19.7|94.27|1101|463|5.4|5.4|5|8
19.8|94.32|1101|463|5.4|5.4|2|8
19.9|94.02|1101|463|5.4|5.4|2|8
20|93.65|1101|463|5.4|5.4|2|8
20.1|93.23|1580|463|5.4|5.4|3|8
20.2|92.87|1781|462|5.4|5.4|3|8
20.3|92.67|1814|462|5.4|5.4|3|8
20.4|92.63|1838|444|5.4|5.4|3|8
20.5|92.66|1843|434|5.4|5.4|3|8
20.6|92.51|1845|430|5.4|5.4|3|8
20.7|92.63|1845|429|5.4|5.4|3|8
20.8|92.52|1848|429|5.4|5.4|3|8
20.9|92.62|1848|428|5.4|5.4|3|8
21|92.55|1851|428|5.4|5.4|3|8
21.1|92.59|1851|428|5.4|5.4|3|8
21.2|92.56|1853|428|5.4|5.4|3|8
21.3|92.59|1853|428|5.4|5.4|3|8
21.4|92.56|1853|428|5.4|5.4|3|8
21.5|92.59|1853|428|5.4|5.4|3|8
21.6|92.55|1853|428|5.4|5.4|3|8
21.7|92.62|1856|428|5.4|5.4|3|8
21.8|92.53|1853|428|5.4|5.4|3|8
21.9|92.62|1856|428|5.4|5.4|3|8
22|92.55|1856|428|5.4|5.4|3|8
22.1|92.6|1856|428|5.4|5.4|4|8
22.2|92.58|1856|428|5.4|5.4|4|8
22.3|92.9|1827|428|5.4|5.4|4|8
22.4|93.47|1482|429|5.4|5.4|4|8
22.5|93.81|1131|428|5.4|5.4|5|8
22.6|93.97|1126|428|5.4|5.4|5|8
22.7|94.06|1126|428|5.4|5.4|5|8
22.8|94.08|1124|426|5.4|5.4|5|8
22.9|94.08|1124|426|5.4|5.4|5|8
23|94.1|1124|426|5.4|5.4|5|8
23.1|94.02|1124|426|5.4|5.4|5|8
23.2|94.06|1124|426|5.4|5.4|5|8
23.3|94.05|1124|426|5.4|5.4|5|8
23.4|94.06|1124|426|5.4|5.4|5|8
23.5|94.06|1121|425|5.4|5.4|5|8
23.6|94.08|1121|425|5.4|5.4|5|8
23.7|94.15|1121|425|5.4|5.4|5|8
23.8|94.05|1121|425|5.4|5.4|5|8
23.9|94.04|1121|425|5.4|5.4|5|8
24|94.06|1121|425|5.4|5.4|5|8
24.1|94.09|1119|425|5.4|5.4|5|8
24.2|94.1|1121|424|5.4|5.4|5|8
24.3|94.04|1121|424|5.4|5.4|5|8
24.4|94.05|1121|424|5.4|5.4|5|8
24.5|94.08|1121|424|5.4|5.4|2|8
24.6|93.81|1121|424|5.4|5.4|2|8
24.7|93.33|1131|424|5.4|5.4|2|8
24.8|92.87|1706|424|5.4|5.4|3|8
24.9|92.6|1825|426|5.4|5.4|3|8
25|92.37|1848|426|5.4|5.4|3|8
25.1|92.35|1853|426|5.4|5.4|3|8
25.2|92.39|1856|426|5.4|5.4|3|8
25.3|92.32|1858|426|5.4|5.4|3|8
25.4|92.31|1858|426|5.4|5.4|3|8
25.5|92.33|1858|426|5.4|5.4|3|8
25.6|92.33|1858|426|5.4|5.4|3|8
25.7|92.32|1861|426|5.4|5.4|3|8
25.8|92.33|1861|426|5.4|5.4|3|8
25.9|92.33|1861|426|5.4|5.4|3|8
26|92.33|1861|426|5.4|5.4|3|8
26.1|92.33|1861|427|5.4|5.4|3|8
26.2|92.32|1861|427|5.4|5.4|3|8
26.3|92.33|1861|426|5.4|5.4|3|8
26.4|92.32|1863|426|5.4|5.4|3|8
26.5|92.33|1861|426|5.4|5.4|3|8
26.6|92.35|1863|426|5.4|5.4|3|8
26.7|92.32|1863|427|5.4|5.4|3|8
26.8|92.32|1863|427|5.4|5.4|4|8
26.9|92.48|1863|427|5.4|5.4|4|8
27|92.74|1832|427|5.4|5.4|4|8
27.1|93.27|1299|428|5.4|5.4|5|8
27.2|93.69|1131|427|5.4|5.4|5|8
27.3|93.8|1129|426|5.4|5.4|5|8
27.4|93.81|1126|426|5.4|5.4|5|8
27.5|93.8|1126|426|5.4|5.4|5|8
27.6|93.82|1126|425|5.4|5.4|5|8
27.7|93.88|1124|425|5.4|5.4|5|8
27.8|93.92|1124|425|5.4|5.4|5|8
27.9|93.93|1124|424|5.4|5.4|5|8
28|93.89|1124|424|5.4|5.4|5|8
28.1|93.9|1124|424|5.4|5.4|5|8
28.2|93.88|1124|424|5.4|5.4|5|8
28.3|93.81|1121|424|5.4|5.4|5|8
28.4|93.82|1121|424|5.4|5.4|5|8
28.5|93.85|1121|424|5.4|5.4|5|8
28.6|93.85|1124|424|5.4|5.4|5|8
28.7|93.86|1121|424|5.4|5.4|5|8
28.8|93.86|1124|424|5.4|5.4|5|8
28.9|93.88|1121|424|5.4|5.4|5|8
29|93.89|1121|424|5.4|5.4|5|8
29.1|93.92|1121|424|5.4|5.4|2|8
29.2|93.88|1124|424|5.4|5.4|2|8
29.3|93.53|1121|424|5.4|5.4|2|8
29.4|93.07|1126|424|5.4|5.4|2|8
29.5|92.66|1750|424|5.4|5.4|3|8
29.6|92.35|1843|424|5.4|5.4|3|8
29.7|92.21|1858|425|5.4|5.4|3|8
29.8|92.12|1863|426|5.4|5.4|3|8
29.9|92.12|1869|426|5.4|5.4|3|8
30|92.12|1871|426|5.4|5.4|3|8
30.1|92.15|1871|426|5.4|5.4|3|8
30.2|92.13|1871|426|5.4|5.4|3|8
30.3|92.12|1874|426|5.4|5.4|3|8
30.4|92.13|1899|408|5.4|5.4|3|8
30.5|92.13|1902|399|5.4|5.4|3|8
30.6|92.13|1902|396|5.4|5.4|3|8
30.7|92.13|1905|395|5.4|5.4|3|8
30.8|92.16|1902|394|5.4|5.4|3|8
30.9|92.13|1905|394|5.4|5.4|3|8
31|92.12|1902|394|5.4|5.4|3|8
31.1|92.13|1902|394|5.4|5.4|3|8
31.2|92.12|1905|394|5.4|5.4|3|8
31.3|92.13|1905|394|5.4|5.4|3|8
31.4|92.12|1905|394|5.4|5.4|3|8
31.5|92.13|1902|394|5.4|5.4|4|8
31.6|92.28|1905|394|5.4|5.4|4|8
31.7|92.59|1869|394|5.4|5.4|4|8
31.8|93.11|1258|394|5.4|5.4|5|8
31.9|93.51|1144|394|5.4|5.4|5|8
32|93.6|1139|394|5.4|5.4|5|8
32.1|93.64|1139|394|5.4|5.4|5|8
32.2|93.72|1137|394|5.4|5.4|5|8
32.3|93.69|1137|394|5.4|5.4|5|8
32.4|93.69|1137|393|5.4|5.4|5|8
32.5|93.69|1137|393|5.4|5.4|5|8
32.6|93.61|1134|393|5.4|5.4|5|8
32.7|93.64|1134|393|5.4|5.4|5|8
32.8|93.73|1134|393|5.4|5.4|5|8
32.9|93.66|1134|393|5.4|5.4|5|8
33|93.64|1134|393|5.4|5.4|5|8
33.1|93.72|1134|393|5.4|5.4|5|8
33.2|93.68|1131|393|5.4|5.4|5|8
33.3|93.62|1131|393|5.4|5.4|5|8
33.4|93.73|1131|393|5.4|5.4|5|8
33.5|93.68|1131|393|5.4|5.4|5|8
33.6|93.65|1131|392|5.4|5.4|5|8
33.7|93.69|1131|392|5.4|5.4|5|8
33.8|93.69|1131|393|5.4|5.4|2|8
33.9|93.58|1129|392|5.4|5.4|2|8
34|93.27|1129|392|5.4|5.4|2|8
34.1|92.84|1219|392|5.4|5.4|2|8
34.2|92.39|1807|393|5.4|5.4|3|8
34.3|92.13|1879|393|5.4|5.4|3|8
34.4|92.07|1892|393|5.4|5.4|3|8
34.5|92.05|1897|393|5.4|5.4|3|8
34.6|92|1902|393|5.4|5.4|3|8
34.7|92|1905|393|5.4|5.4|3|8
34.8|91.97|1905|393|5.4|5.4|3|8
34.9|91.93|1905|393|5.4|5.4|3|8
35|91.98|1905|393|5.4|5.4|3|8
35.1|91.97|1907|393|5.4|5.4|3|8
35.2|91.98|1907|393|5.4|5.4|3|8
35.3|92.01|1907|393|5.4|5.4|3|8
35.4|91.96|1910|393|5.4|5.4|3|8
35.5|91.97|1910|394|5.4|5.4|3|8
35.6|92|1910|393|5.4|5.4|3|8
35.7|92.01|1910|393|5.4|5.4|3|8
35.8|91.98|1910|393|5.4|5.4|3|8
35.9|91.94|1910|393|5.4|5.4|3|8
36|91.96|1910|393|5.4|5.4|3|8
36.1|92.02|1910|393|5.4|5.4|3|8
36.2|91.97|1910|393|5.4|5.4|4|8
36.3|92.13|1910|393|5.4|5.4|4|8
36.4|92.56|1861|393|5.4|5.4|4|8
36.5|93.15|1240|394|5.4|5.4|2|8
36.6|93.29|1142|393|5.4|5.4|2|8
36.7|93.31|1139|393|5.4|5.4|2|8
36.8|93.37|1139|392|5.4|5.4|2|8
36.9|93.21|1137|393|5.4|5.4|2|8
37|93.14|1137|392|5.4|5.4|2|8
37.1|93.26|1137|392|5.4|5.4|2|8
37.2|93.11|1134|392|5.4|5.4|2|8
37.3|92.98|1134|392|5.4|5.4|2|8
37.4|93.02|1134|392|5.4|5.4|2|8
37.5|92.84|1134|392|5.4|5.4|2|8
37.6|92.86|1134|392|5.4|5.4|2|8
37.7|92.76|1180|392|5.4|5.4|2|8
37.8|92.7|1219|392|5.4|5.4|2|8
37.9|92.68|1250|392|5.4|5.4|2|8
38|92.59|1214|392|5.4|5.4|2|8
38.1|92.55|1173|392|5.4|5.4|2|8
38.2|92.35|1149|392|5.4|5.4|2|8
38.3|92.35|1168|392|5.4|5.4|2|8
38.4|92.36|1204|392|5.4|5.4|2|8
38.5|92.39|1742|392|5.4|5.4|2|8
38.6|92.27|1822|392|5.4|5.4|2|8
38.7|92.44|1776|393|5.4|5.4|2|8
38.8|92.56|1222|394|5.4|5.4|2|8
38.9|92.74|1137|392|5.4|5.4|2|8
39|92.82|1134|392|5.4|5.4|2|8
39.1|92.75|1134|392|5.4|5.4|2|8
39.2|92.64|1131|392|5.4|5.4|2|8
39.3|92.64|1131|392|5.4|5.4|2|8
39.4|92.56|1129|392|5.4|5.4|2|8
39.5|92.53|1131|392|5.4|5.4|2|8
39.6|92.35|1137|392|5.4|5.4|2|8
39.7|92.35|1131|392|5.4|5.4|2|8
39.8|92.37|1332|392|5.4|5.4|2|8
39.9|92.37|1582|392|5.4|5.4|2|8
40|92.21|1781|392|5.4|5.4|2|8
40.1|92.28|1771|392|5.4|5.4|2|8
40.2|92.53|1691|393|5.4|5.4|2|8
40.3|92.71|1201|393|5.4|5.4|2|8
40.4|92.86|1134|392|5.4|5.4|2|8
40.5|92.92|1134|392|5.4|5.4|2|8
40.6|92.83|1131|392|5.4|5.4|2|8
40.7|92.75|1131|392|5.4|5.4|2|8
40.8|92.68|1131|392|5.4|5.4|2|8
40.9|92.63|1131|392|5.4|5.4|2|8
41|92.66|1131|392|5.4|5.4|2|8
41.1|92.6|1131|392|5.4|5.4|2|8
41.2|92.48|1168|392|5.4|5.4|2|8
41.3|92.36|1523|392|5.4|5.4|2|8
41.4|92.43|1258|392|5.4|5.4|2|8
41.5|92.43|1134|392|5.4|5.4|2|8
41.6|92.48|1131|392|5.4|5.4|2|8
41.7|92.31|1160|392|5.4|5.4|2|8
41.8|92.35|1206|392|5.4|5.4|2|8
41.9|92.28|1601|392|5.4|5.4|2|8
42|92.19|1423|392|5.4|5.4|2|8
42.1|92.29|1137|392|5.4|5.4|2|8
42.2|92.27|1131|392|5.4|5.4|2|8
42.3|92.31|1131|392|5.4|5.4|2|8
42.4|92.33|1131|392|5.4|5.4|2|8
42.5|92.2|1430|392|5.4|5.4|2|8
42.6|92.13|1191|392|5.4|5.4|2|8
42.7|92.12|1374|392|5.4|5.4|2|8
42.8|92.08|1332|394|5.4|5.4|2|8
42.9|92.05|1379|392|5.4|5.4|2|8
43|91.97|1335|392|5.4|5.4|2|8
43.1|91.92|1379|392|5.4|5.4|2|8
43.2|91.85|1294|392|5.4|5.4|2|8
43.3|91.74|1281|392|5.4|5.4|2|8
43.4|91.7|1219|392|5.4|5.4|2|8
43.5|91.61|1237|392|5.4|5.4|2|8
43.6|91.53|1307|392|5.4|5.4|2|8
43.7|91.54|1245|392|5.4|5.4|2|8
43.8|91.53|1327|392|5.4|5.4|2|8
43.9|91.35|1415|392|5.4|5.4|2|8
44|91.34|1165|392|5.4|5.4|2|8
44.1|91.35|1407|392|5.4|5.4|2|8
44.2|91.26|1229|392|5.4|5.4|2|8
44.3|91.25|1265|392|5.4|5.4|2|8
44.4|91.1|1265|392|5.4|5.4|2|8
44.5|91.02|1160|392|5.4|5.4|2|8
44.6|90.99|1227|392|5.4|5.4|2|8
44.7|91.02|1245|392|5.4|5.4|2|8
44.8|90.86|1155|391|5.4|5.4|2|8
44.9|90.8|1273|392|5.4|5.4|2|8
45|90.78|1196|392|5.4|5.4|2|8
45.1|90.68|1253|391|5.4|5.4|2|8
45.2|90.6|1178|391|5.4|5.4|2|8
45.3|90.56|1224|391|5.4|5.4|2|8
45.4|90.52|1250|391|5.4|5.4|2|8
45.5|90.41|1289|392|5.4|5.4|2|8
45.6|90.35|1260|392|5.4|5.4|2|8
45.7|90.31|1242|391|5.4|5.4|2|8
45.8|90.2|1281|391|5.4|5.4|2|8
45.9|90.13|1273|392|5.4|5.4|2|8
46|90.07|1211|392|5.4|5.4|2|8
46.1|89.92|1235|392|5.4|5.4|2|8
46.2|89.88|1165|391|5.4|5.4|2|8
46.3|89.81|1265|391|5.4|5.4|2|8
46.4|89.77|1320|392|5.4|5.4|2|8
46.5|89.61|1281|391|5.4|5.4|2|8
46.6|89.49|1247|392|5.4|5.4|2|8
46.7|89.5|1273|392|5.4|5.4|2|8
46.8|89.42|1361|390|5.4|5.4|2|8
46.9|89.26|1265|392|5.4|5.4|2|8
47|89.15|1219|392|5.4|5.4|2|8
47.1|89.14|1214|392|5.4|5.4|2|8
47.2|89.03|1320|392|5.4|5.4|2|8
47.3|88.88|1247|392|5.4|5.4|2|8
47.4|88.86|1302|392|5.4|5.4|2|8
47.5|88.74|1160|392|5.4|5.4|2|8
47.6|88.64|1304|392|5.4|5.4|2|8
47.7|88.56|1340|392|5.4|5.4|2|8
47.8|88.46|1299|392|5.4|5.4|2|8
47.9|88.31|1250|392|5.4|5.4|2|8
48|88.21|1216|392|5.4|5.4|2|8
48.1|88.11|1399|392|5.4|5.4|2|8
48.2|88.05|1188|391|5.4|5.4|2|8
48.3|87.92|1296|392|5.4|5.4|2|8
48.4|87.82|1371|392|5.4|5.4|2|8
48.5|87.66|1322|392|5.4|5.4|2|8
48.6|87.58|1178|392|5.4|5.4|2|8
48.7|87.45|1273|392|5.4|5.4|2|8
48.8|87.41|1402|392|5.4|5.4|2|8
48.9|87.25|1276|392|5.4|5.4|2|8
49|87.14|1322|392|5.4|5.4|2|8
49.1|87.02|1353|392|5.4|5.4|2|8
49.2|86.87|1338|392|5.4|5.4|2|8
49.3|86.74|1278|392|5.4|5.4|2|8
49.4|86.64|1175|392|5.4|5.4|2|8
49.5|86.59|1253|392|5.4|5.4|2|8
49.6|86.43|1242|393|5.4|5.4|2|8
49.7|86.25|1307|392|5.4|5.4|2|8
49.8|86.12|1209|392|5.4|5.4|2|8
49.9|86.05|1253|392|5.4|5.4|2|8
50|85.89|1371|392|5.4|5.4|2|8
50.1|85.73|1309|392|5.4|5.4|2|8
50.2|85.54|1369|392|5.4|5.4|2|8
50.3|85.44|1201|392|5.4|5.4|2|8
50.4|85.23|1348|392|5.4|5.4|2|8
50.5|85.15|1353|392|5.4|5.4|2|8
50.6|85.01|1281|392|5.4|5.4|2|8
50.7|84.83|1343|392|5.4|5.4|2|8
50.8|84.72|1260|392|5.4|5.4|2|8
50.9|84.51|1335|393|5.4|5.4|2|8
51|84.35|1410|393|5.4|5.4|2|8
51.1|84.17|1204|392|5.4|5.4|2|8
51.2|84.11|1253|392|5.4|5.4|2|8
51.3|83.87|1358|392|5.4|5.4|2|8
51.4|83.76|1485|392|5.4|5.4|2|8
51.5|83.65|1240|392|5.4|5.4|2|8
51.6|83.53|1180|392|5.4|5.4|2|8
51.7|83.34|1299|392|5.4|5.4|2|8
51.8|83.4|1198|392|5.4|5.4|2|8
51.9|83.23|1186|392|5.4|5.4|2|8
52|83.17|1137|392|5.4|5.4|2|8
52.1|83.1|1201|392|5.4|5.4|2|8
52.2|83.01|1353|392|5.4|5.4|2|8
52.3|82.86|1196|392|5.4|5.4|2|8
52.4|82.77|1245|392|5.4|5.4|2|8
52.5|82.7|1456|393|5.4|5.4|2|8
52.6|82.52|1307|393|5.4|5.4|2|8
52.7|82.36|1446|392|5.4|5.4|2|8
52.8|82.26|1281|393|5.4|5.4|2|8
52.9|82.16|1263|392|5.4|5.4|2|8
53|81.97|1312|392|5.4|5.4|2|8
53.1|81.72|1206|392|5.4|5.4|2|8
53.2|81.62|1353|392|5.4|5.4|2|8
53.3|80.7|1835|392|5.4|5.4|6|8
53.4|78.22|1961|392|5.4|5.4|6|8
53.5|75.55|363|392|5.4|5.4|7|8
53.6|73.21|0|390|5.4|5.4|7|8
53.7|71.87|0|389|5.4|5.4|7|8
53.8|71.26|0|388|5.4|5.4|7|8
53.9|70.97|0|388|5.4|5.4|7|8
54|70.79|0|388|5.4|5.4|7|8
54.1|70.74|0|388|5.4|5.4|7|8
54.2|70.78|0|388|5.4|5.4|7|8
54.3|70.71|0|388|5.4|5.4|7|8
54.4|70.7|0|388|5.4|5.4|7|8
54.5|70.71|0|388|5.4|5.4|7|8
54.6|70.71|0|388|5.4|5.4|7|8
54.7|70.71|0|388|5.4|5.4|7|8
54.8|70.69|0|388|5.4|5.4|7|8
54.9|70.67|0|388|5.4|5.4|7|8
55|70.69|0|388|5.4|5.4|7|8
55.1|70.67|0|388|5.4|5.4|7|8
55.2|70.7|0|388|5.4|5.4|7|8
55.3|70.69|0|388|5.4|5.4|7|8
55.4|70.67|0|388|5.4|5.4|7|8
55.5|70.73|0|388|5.4|5.4|7|8
55.6|70.74|0|388|5.4|5.4|7|8
55.7|70.78|0|388|5.4|5.4|7|8
55.8|70.69|0|388|5.4|5.4|7|8
55.9|70.69|0|388|5.4|5.4|7|8
56|70.66|0|388|5.4|5.4|7|8
56.1|70.67|0|388|5.4|5.4|7|8
56.2|70.69|0|388|5.4|5.4|7|8
56.3|70.69|0|388|5.4|5.4|7|8
56.4|70.69|0|388|5.4|5.4|7|8
56.5|70.7|0|388|5.4|5.4|7|8
56.6|70.71|0|388|5.4|5.4|7|8
56.7|70.7|0|388|5.4|5.4|7|8
56.8|70.67|0|388|5.4|5.4|7|8
56.9|70.66|0|388|5.4|5.4|7|8
57|70.66|0|388|5.4|5.4|7|8
57.1|70.69|0|388|5.4|5.4|7|8
57.2|70.69|0|388|5.4|5.4|7|8
57.3|70.73|0|388|5.4|5.4|7|8
57.4|70.69|0|388|5.4|5.4|7|8
57.5|70.69|0|388|5.4|5.4|7|8
57.6|70.69|0|388|5.4|5.4|7|8
57.7|70.69|0|388|5.4|5.4|7|8
57.8|70.69|0|388|5.4|5.4|7|8
57.9|70.69|0|388|5.4|5.4|7|8
58|70.69|0|388|5.4|5.4|7|8
58.1|70.69|0|388|5.4|5.4|7|8
58.2|70.69|0|388|5.4|5.4|7|8
58.3|70.69|0|388|5.4|5.4|7|8
58.4|70.69|0|388|5.4|5.4|7|8
58.5|70.66|0|388|5.4|5.4|7|8
58.6|70.66|0|388|5.4|5.4|7|8
58.7|70.67|0|388|5.4|5.4|7|8
58.8|70.67|0|388|5.4|5.4|7|8
58.9|70.69|0|388|5.4|5.4|7|8
59|70.69|0|388|5.4|5.4|7|8
59.1|70.71|0|388|5.4|5.4|7|8
59.2|70.69|0|388|5.4|5.4|7|8
59.3|70.66|0|388|5.4|5.4|7|8
59.4|70.67|0|388|5.4|5.4|7|8
59.5|70.65|0|388|5.4|5.4|7|8
59.6|70.66|0|388|5.4|5.4|7|8
59.7|70.67|0|388|5.4|5.4|7|8
59.8|70.71|0|388|5.4|5.4|7|8
59.9|70.7|0|388|5.4|5.4|7|8
60|70.65|0|388|5.4|5.4|7|8
60.1|70.66|0|388|5.4|5.4|7|8
60.2|70.66|0|388|5.4|5.4|7|8
60.3|70.66|0|388|5.4|5.4|7|8
60.4|70.69|0|388|5.4|5.4|7|8
60.5|70.71|0|388|5.4|5.4|7|8
60.6|70.67|0|388|5.4|5.4|7|8
60.7|70.63|0|388|5.4|5.4|7|8
60.8|70.66|0|388|5.4|5.4|7|8
60.9|70.65|0|388|5.4|5.4|7|8
61|70.66|0|388|5.4|5.4|7|8
61.1|70.69|0|388|5.4|5.4|7|8
61.2|70.73|0|388|5.4|5.4|7|8
61.3|70.66|0|388|5.4|5.4|7|8
61.4|70.67|0|388|5.4|5.4|7|8
61.5|70.67|0|388|5.4|5.4|7|8
61.6|70.67|0|388|5.4|5.4|7|8
61.7|70.67|0|388|5.4|5.4|7|8
61.8|70.67|0|388|5.4|5.4|7|8
61.9|70.69|0|388|5.4|5.4|7|8
62|70.66|0|388|5.4|5.4|7|8
62.1|70.65|0|388|5.4|5.4|7|8
62.2|70.63|0|388|5.4|5.4|7|8
62.3|70.65|0|388|5.4|5.4|7|8
62.4|70.66|0|388|5.4|5.4|7|8
62.5|70.71|0|388|5.4|5.4|7|8
62.6|70.69|0|388|5.4|5.4|7|8
62.7|70.67|0|388|5.4|5.4|7|8
62.8|70.67|0|388|5.4|5.4|7|8
62.9|70.66|0|388|5.4|5.4|7|8
63|70.65|0|388|5.4|5.4|7|8
63.1|70.63|0|388|5.4|5.4|7|8
63.2|70.65|0|388|5.4|5.4|7|8
63.3|70.67|0|388|5.4|5.4|7|8
63.4|70.69|0|388|5.4|5.4|7|8
63.5|70.69|0|388|5.4|5.4|7|8
63.6|70.66|0|388|5.4|5.4|7|8
63.7|70.67|0|388|5.4|5.4|7|8
63.8|70.66|0|388|5.4|5.4|7|8
63.9|70.67|0|388|5.4|5.4|7|8
64|70.67|0|388|5.4|5.4|7|8
64.1|70.67|0|388|5.4|5.4|7|8
64.2|70.66|0|388|5.4|5.4|7|8
64.3|70.67|0|388|5.4|5.4|7|8
64.4|70.69|0|398|5.4|5.4|7|8
64.5|70.67|0|404|5.4|5.4|7|8
64.6|70.67|0|407|5.4|5.4|7|8
64.7|70.66|0|408|5.4|5.4|7|8
64.8|70.66|0|408|5.4|5.4|7|8
64.9|70.63|0|408|5.4|5.4|7|8
65|70.62|0|408|5.4|5.4|7|8
65.1|70.63|0|408|5.4|5.4|7|8
65.2|70.66|0|408|5.4|5.4|7|8
65.3|70.7|0|408|5.4|5.4|7|8
65.4|70.67|0|408|5.4|5.4|7|8
65.5|70.67|0|408|5.4|5.4|7|8
65.6|70.69|0|408|5.4|5.4|7|8
65.7|70.67|0|408|5.4|5.4|7|8
65.8|70.67|0|408|5.4|5.4|7|8
65.9|70.69|0|408|5.4|5.4|7|8
66|70.71|0|408|5.4|5.4|7|8
66.1|70.74|0|408|5.4|5.4|7|8
66.2|70.63|0|408|5.4|5.4|7|8
66.3|70.62|0|408|5.4|5.4|7|8
66.4|70.63|0|408|5.4|5.4|7|8
66.5|70.66|0|408|5.4|5.4|8|8
66.6|70.69|0|408|5.3|5.3|8|8
66.7|70.55|0|408|5.4|5.4|8|8
66.8|70.46|0|408|5.4|5.4|8|8
66.9|70.51|0|408|5.4|5.4|8|8
67|70.53|0|408|5.4|5.4|8|8
67.1|70.61|0|408|5.4|5.4|8|8
67.2|70.69|0|408|5.4|5.4|8|8
67.3|70.59|0|408|5.4|5.4|8|8
67.4|70.55|0|408|5.4|5.4|8|8
67.5|70.61|0|408|5.4|5.4|8|8
67.6|70.63|0|408|5.3|5.3|8|8
67.7|70.62|0|408|5.3|5.3|8|8
67.8|70.55|0|408|5.3|5.3|8|8
67.9|70.59|0|408|5.3|5.3|8|8
68|70.67|0|408|5.3|5.3|8|8
68.1|70.62|0|408|5.3|5.3|8|8
68.2|70.58|0|408|5.3|5.3|8|8
68.3|70.62|0|408|5.3|5.3|8|8
68.4|70.62|0|408|5.3|5.3|8|8
68.5|70.87|0|408|5.2|5.2|8|8
68.6|73.72|0|408|5.2|5.2|8|8
68.7|76.74|0|408|5.2|5.2|8|8
68.8|79.76|0|408|5.2|5.2|8|8
68.9|82.75|0|409|5.2|5.2|8|8
69|85.72|0|409|5.2|5.2|8|8
69.1|88.6|0|408|5.2|5.2|8|8
69.2|91.57|0|408|5.2|5.2|8|8
69.3|94.16|0|408|5.2|5.2|8|8
69.4|95.31|0|408|5.2|5.2|8|8
69.5|95.77|0|408|5.2|5.2|8|8
