0|96.12|1464|389|5.3|5.3|1|8
0.1|96.04|1696|390|5.3|5.3|1|8
0.2|96.06|1709|392|5.3|5.3|1|8
0.3|96.08|1716|392|5.3|5.3|1|8
0.4|96.04|1719|392|5.3|5.3|1|8
0.5|96.02|1724|392|5.3|5.3|3|8
0.6|96.02|1727|392|5.3|5.3|3|8
0.7|96.02|1732|392|5.3|5.3|3|8
0.8|96.08|1735|392|5.3|5.3|3|8
0.9|96.16|1737|392|5.3|5.3|3|8
1|95.98|1742|392|5.3|5.3|3|8
1.1|96.01|1742|392|5.3|5.3|3|8
1.2|96.02|1742|392|5.3|5.3|3|8
1.3|95.98|1745|392|5.3|5.3|3|8
1.4|96.02|1747|392|5.3|5.3|3|8
1.5|96|1747|392|5.3|5.3|3|8
1.6|96|1750|392|5.3|5.3|3|8
1.7|96.01|1753|392|5.3|5.3|3|8
1.8|96.01|1758|392|5.3|5.3|3|8
1.9|96.02|1758|392|5.3|5.3|3|8
2|96.04|1760|392|5.3|5.3|3|8
2.1|95.96|1760|392|5.3|5.3|3|8
2.2|96.02|1763|392|5.3|5.3|3|8
2.3|95.98|1763|392|5.3|5.3|3|8
2.4|96.01|1765|392|5.3|5.3|3|8
2.5|96.08|1768|392|5.3|5.3|4|8
2.6|96.33|1768|392|5.3|5.3|4|8
2.7|96.64|1714|392|5.3|5.3|4|8
2.8|96.84|1696|392|5.3|5.3|4|8
2.9|97.51|1209|392|5.3|5.3|5|8
3|98.01|1067|391|5.3|5.3|5|8
3.1|98.09|1064|391|5.3|5.3|5|8
3.2|98.17|1064|390|5.3|5.3|5|8
3.3|98.28|1070|390|5.3|5.3|5|8
3.4|98.35|1070|390|5.3|5.3|5|8
3.5|98.25|1070|390|5.3|5.3|5|8
3.6|98.24|1072|389|5.3|5.3|5|8
3.7|98.21|1072|388|5.3|5.3|5|8
3.8|98.25|1070|388|5.3|5.3|5|8
3.9|98.24|1072|388|5.3|5.3|5|8
4|98.25|1072|388|5.4|5.4|5|8
4.1|98.25|1072|388|5.3|5.3|5|8
4.2|98.25|1072|388|5.3|5.4|5|8
4.3|98.25|1075|388|5.3|5.3|5|8
4.4|98.25|1075|389|5.4|5.4|5|8
4.5|98.25|1075|388|5.4|5.4|5|8
4.6|98.25|1075|389|5.4|5.4|5|8
4.7|98.25|1075|389|5.4|5.4|5|8
4.8|98.25|1075|389|5.4|5.4|5|8
4.9|98.25|1075|389|5.4|5.4|2|8
5|98.2|1075|389|5.4|5.4|2|8
5.1|98.04|1075|389|5.4|5.4|2|8
5.2|97.81|1077|389|5.4|5.4|2|8
5.3|97.03|1276|389|5.4|5.4|2|8
5.4|96.63|1719|390|5.4|5.4|3|8
5.5|96.27|1760|390|5.4|5.4|3|8
5.6|96.13|1771|390|5.4|5.4|3|8
5.7|96.05|1776|390|5.4|5.4|3|8
5.8|96.09|1776|390|5.4|5.4|3|8
5.9|96.16|1778|390|5.4|5.4|3|8
6|96.08|1778|390|5.4|5.4|3|8
6.1|96.05|1778|390|5.4|5.4|3|8
6.2|96.09|1778|390|5.4|5.4|3|8
6.3|96.13|1778|390|5.4|5.4|3|8
6.4|96.09|1778|390|5.4|5.4|3|8
6.5|96.09|1778|390|5.4|5.4|3|8
6.6|96.08|1781|390|5.4|5.4|3|8
6.7|96.12|1784|390|5.4|5.4|3|8
6.8|96.09|1784|390|5.4|5.4|3|8
6.9|96.08|1786|390|5.4|5.4|3|8
7|96.06|1786|390|5.4|5.4|3|8
7.1|96.12|1786|390|5.4|5.4|3|8
7.2|96.09|1791|390|5.4|5.4|3|8
7.3|96.05|1794|390|5.4|5.4|3|8
7.4|96.08|1794|390|5.4|5.4|4|8
7.5|96.35|1791|390|5.4|5.4|4|8
7.6|96.48|1786|390|5.4|5.4|4|8
7.7|96.94|1760|390|5.4|5.4|4|8
7.8|97.71|1608|390|5.4|5.4|4|8
7.9|98.16|1095|390|5.4|5.4|5|8
8|98.33|1085|390|5.4|5.4|5|8
8.1|98.52|1080|390|5.4|5.4|5|8
8.2|98.49|1080|390|5.4|5.4|5|8
8.3|98.47|1080|389|5.4|5.4|5|8
8.4|98.51|1080|389|5.4|5.4|5|8
8.5|98.49|1080|389|5.4|5.4|5|8
8.6|98.49|1080|389|5.4|5.4|5|8
8.7|98.48|1080|389|5.4|5.4|5|8
8.8|98.48|1080|389|5.4|5.4|5|8
8.9|98.51|1080|389|5.4|5.4|5|8
9|98.52|1080|389|5.4|5.4|5|8
9.1|98.47|1080|389|5.4|5.4|5|8
9.2|98.53|1080|389|5.4|5.4|5|8
9.3|98.49|1080|389|5.4|5.4|5|8
9.4|98.51|1082|389|5.4|5.4|5|8
9.5|98.51|1082|389|5.4|5.4|5|8
9.6|98.48|1082|389|5.4|5.4|5|8
9.7|98.48|1082|389|5.4|5.4|5|8
9.8|98.51|1082|389|5.4|5.4|5|8
9.9|98.43|1082|389|5.4|5.4|2|8
10|98.29|1082|389|5.4|5.4|2|8
10.1|98.2|1082|389|5.4|5.4|2|8
10.2|97.69|1108|389|5.4|5.4|2|8
10.3|96.95|1229|390|5.4|5.4|2|8
10.4|96.47|1577|390|5.4|5.4|3|8
10.5|96.02|1786|390|5.4|5.4|3|8
10.6|95.88|1799|390|5.4|5.4|3|8
10.7|95.8|1804|390|5.4|5.4|3|8
10.8|95.63|1809|390|5.4|5.4|3|8
10.9|95.84|1809|390|5.4|5.4|3|8
11|95.77|1812|390|5.4|5.4|3|8
11.1|95.74|1812|390|5.4|5.4|3|8
11.2|95.68|1812|390|5.4|5.4|3|8
11.3|95.81|1814|390|5.4|5.4|3|8
11.4|95.77|1814|390|5.4|5.4|3|8
11.5|95.74|1817|390|5.4|5.4|3|8
11.6|95.77|1817|390|5.4|5.4|3|8
11.7|95.73|1817|390|5.4|5.4|3|8
11.8|95.76|1820|390|5.4|5.4|3|8
11.9|95.76|1820|390|5.4|5.4|3|8
12|95.73|1820|390|5.4|5.4|3|8
12.1|95.7|1822|390|5.4|5.4|3|8
12.2|95.69|1822|390|5.4|5.4|3|8
12.3|95.84|1822|390|5.4|5.4|3|8
12.4|95.76|1822|390|5.4|5.4|4|8
12.5|95.8|1822|390|5.4|5.4|4|8
12.6|96.13|1812|390|5.4|5.4|4|8
12.7|96.63|1631|391|5.4|5.4|4|8
12.8|96.86|1101|390|5.4|5.4|5|8
12.9|96.98|1090|390|5.4|5.4|5|8
13|97.23|1090|390|5.4|5.4|5|8
13.1|97.31|1090|390|5.4|5.4|5|8
13.2|97.31|1090|390|5.4|5.4|5|8
13.3|97.33|1090|390|5.4|5.4|5|8
13.4|97.3|1090|390|5.4|5.4|5|8
13.5|97.38|1090|390|5.4|5.4|5|8
13.6|97.38|1090|390|5.4|5.4|5|8
13.7|97.37|1090|390|5.4|5.4|5|8
13.8|97.37|1090|390|5.4|5.4|5|8
13.9|97.37|1090|390|5.4|5.4|5|8
14|97.37|1090|390|5.4|5.4|5|8
14.1|97.35|1090|390|5.4|5.4|5|8
14.2|97.34|1090|390|5.4|5.4|5|8
14.3|97.33|1090|390|5.4|5.4|5|8
14.4|97.39|1090|390|5.4|5.4|5|8
14.5|97.34|1090|390|5.4|5.4|5|8
14.6|97.33|1090|390|5.4|5.4|5|8
14.7|97.39|1090|390|5.4|5.4|5|8
14.8|97.37|1090|390|5.4|5.4|2|8
14.9|97.33|1090|390|5.4|5.4|2|8
15|96.96|1090|390|5.4|5.4|2|8
15.1|96.35|1219|390|5.4|5.4|2|8
15.2|95.85|1776|390|5.4|5.4|3|8
15.3|95.58|1809|390|5.4|5.4|3|8
15.4|95.43|1817|390|5.4|5.4|3|8
15.5|95.41|1820|390|5.4|5.4|3|8
15.6|95.43|1822|390|5.4|5.4|3|8
15.7|95.35|1825|390|5.4|5.4|3|8
15.8|95.38|1825|390|5.4|5.4|3|8
15.9|95.38|1825|390|5.4|5.4|3|8
16|95.38|1827|390|5.4|5.4|3|8
16.1|95.35|1827|390|5.4|5.4|3|8
16.2|95.45|1827|390|5.4|5.4|3|8
16.3|95.49|1830|390|5.4|5.4|3|8
16.4|95.45|1830|390|5.4|5.4|3|8
16.5|95.37|1830|390|5.4|5.4|3|8
16.6|95.42|1832|390|5.4|5.4|3|8
16.7|95.41|1832|390|5.4|5.4|3|8
16.8|95.34|1835|390|5.4|5.4|3|8
16.9|95.31|1835|390|5.4|5.4|3|8
17|95.42|1835|390|5.4|5.4|3|8
17.1|95.39|1835|390|5.4|5.4|3|8
17.2|95.39|1838|390|5.4|5.4|4|8
17.3|95.63|1835|390|5.4|5.4|4|8
17.4|96.13|1745|390|5.4|5.4|4|8
17.5|96.57|1116|390|5.4|5.4|5|8
17.6|96.68|1098|390|5.4|5.4|5|8
17.7|96.61|1095|390|5.4|5.4|5|8
17.8|96.7|1095|390|5.4|5.4|5|8
17.9|96.87|1095|390|5.4|5.4|5|8
18|96.82|1095|390|5.4|5.4|5|8
18.1|96.87|1095|390|5.4|5.4|5|8
18.2|96.92|1095|390|5.4|5.4|5|8
18.3|96.96|1093|390|5.4|5.4|5|8
18.4|96.95|1093|390|5.4|5.4|5|8
18.5|96.95|1095|390|5.4|5.4|5|8
18.6|96.9|1095|390|5.4|5.4|5|8
18.7|96.9|1095|390|5.4|5.4|5|8
18.8|96.92|1095|390|5.4|5.4|5|8
18.9|96.88|1095|390|5.4|5.4|5|8
19|96.9|1095|390|5.4|5.4|5|8
19.1|96.91|1093|390|5.4|5.4|5|8
19.2|96.9|1093|390|5.4|5.4|5|8
19.3|96.92|1093|390|5.4|5.4|5|8
19.4|96.91|1095|390|5.4|5.4|5|8
19.5|96.92|1093|390|5.4|5.4|2|8
19.6|96.92|1093|390|5.4|5.4|2|8
19.7|96.64|1093|390|5.4|5.4|2|8
19.8|95.93|1276|390|5.4|5.4|2|8
19.9|95.47|1799|390|5.4|5.4|3|8
20|95.21|1825|390|5.4|5.4|3|8
20.1|95.21|1830|390|5.4|5.4|3|8
20.2|95.07|1832|390|5.4|5.4|3|8
20.3|95.04|1832|390|5.4|5.4|3|8
20.4|95.12|1835|390|5.4|5.4|3|8
20.5|94.95|1838|390|5.4|5.4|3|8
20.6|95.11|1838|390|5.4|5.4|3|8
20.7|94.99|1840|390|5.4|5.4|3|8
20.8|95.08|1840|390|5.4|5.4|3|8
20.9|95.03|1843|390|5.4|5.4|3|8
21|95.06|1843|390|5.4|5.4|3|8
21.1|95.07|1843|390|5.4|5.4|3|8
21.2|95.06|1843|390|5.4|5.4|3|8
21.3|95.02|1843|390|5.4|5.4|3|8
21.4|95.07|1843|390|5.4|5.4|3|8
21.5|95.03|1845|390|5.4|5.4|3|8
21.6|95.07|1845|390|5.4|5.4|3|8
21.7|95.07|1845|390|5.4|5.4|3|8
21.8|95.08|1848|390|5.4|5.4|3|8
21.9|95.03|1848|390|5.4|5.4|4|8
22|95.22|1848|390|5.4|5.4|4|8
22.1|95.77|1369|391|5.4|5.4|4|8
22.2|96.09|1103|390|5.4|5.4|5|8
22.3|96.25|1101|390|5.4|5.4|5|8
22.4|96.27|1098|390|5.4|5.4|5|8
22.5|96.4|1098|390|5.4|5.4|5|8
22.6|96.37|1098|390|5.4|5.4|5|8
22.7|96.36|1095|390|5.4|5.4|5|8
22.8|96.44|1095|390|5.4|5.4|5|8
22.9|96.43|1095|390|5.4|5.4|5|8
23|96.44|1095|390|5.4|5.4|5|8
23.1|96.28|1095|390|5.4|5.4|5|8
23.2|96.35|1095|390|5.4|5.4|5|8
23.3|96.36|1095|390|5.4|5.4|5|8
23.4|96.36|1095|390|5.4|5.4|5|8
23.5|96.36|1095|390|5.4|5.4|5|8
23.6|96.35|1095|390|5.4|5.4|5|8
23.7|96.36|1095|390|5.4|5.4|5|8
23.8|96.35|1095|390|5.4|5.4|5|8
23.9|96.37|1095|390|5.4|5.4|5|8
24|96.41|1095|390|5.4|5.4|5|8
24.1|96.4|1095|390|5.4|5.4|5|8
24.2|96.27|1095|390|5.4|5.4|2|8
24.3|95.97|1095|390|5.4|5.4|2|8
24.4|95.58|1237|390|5.4|5.4|2|8
24.5|95.19|1791|390|5.4|5.4|3|8
24.6|94.94|1827|390|5.4|5.4|3|8
24.7|94.87|1835|390|5.4|5.4|3|8
24.8|94.71|1840|390|5.4|5.4|3|8
24.9|94.9|1840|390|5.4|5.4|3|8
25|94.74|1843|390|5.4|5.4|3|8
25.1|94.87|1845|390|5.4|5.4|3|8
25.2|94.72|1845|390|5.4|5.4|3|8
25.3|94.86|1848|390|5.4|5.4|3|8
25.4|94.75|1848|390|5.4|5.4|3|8
25.5|94.86|1851|390|5.4|5.4|3|8
25.6|94.75|1851|390|5.4|5.4|3|8
25.7|94.87|1851|390|5.4|5.4|3|8
25.8|94.75|1853|390|5.4|5.4|3|8
25.9|94.87|1853|390|5.4|5.4|3|8
26|94.75|1853|390|5.5|5.4|3|8
26.1|94.87|1853|390|5.4|5.5|3|8
26.2|94.76|1853|390|5.4|5.4|3|8
26.3|94.87|1856|390|5.4|5.4|3|8
26.4|94.78|1856|390|5.4|5.4|3|8
26.5|94.76|1856|390|5.4|5.5|4|8
26.6|95.07|1856|390|5.4|5.4|4|8
26.7|95.17|1845|390|5.5|5.5|4|8
26.8|96.01|1131|390|5.5|5.5|5|8
26.9|96.01|1103|390|5.5|5.5|5|8
27|96.17|1101|390|5.5|5.5|5|8
27.1|96.33|1101|390|5.5|5.5|5|8
27.2|96.29|1101|390|5.5|5.5|5|8
27.3|96.37|1098|390|5.5|5.5|5|8
27.4|96.4|1098|390|5.5|5.5|5|8
27.5|96.4|1098|390|5.5|5.5|5|8
27.6|96.33|1098|390|5.5|5.5|5|8
27.7|96.39|1098|390|5.5|5.5|5|8
27.8|96.39|1098|390|5.5|5.5|5|8
27.9|96.39|1098|390|5.5|5.5|5|8
28|96.37|1098|390|5.5|5.5|5|8
28.1|96.37|1098|390|5.5|5.5|5|8
28.2|96.4|1098|390|5.5|5.5|5|8
28.3|96.39|1098|390|5.5|5.5|5|8
28.4|96.4|1098|390|5.5|5.5|5|8
28.5|96.37|1098|390|5.5|5.5|5|8
28.6|96.37|1098|390|5.5|5.5|5|8
28.7|96.4|1095|390|5.5|5.5|5|8
28.8|96.35|1095|390|5.5|5.5|2|8
28.9|96.4|1095|390|5.5|5.5|2|8
29|95.93|1095|390|5.5|5.5|2|8
29.1|95.39|1250|390|5.5|5.5|2|8
29.2|94.91|1804|390|5.5|5.5|3|8
29.3|94.78|1838|390|5.5|5.5|3|8
29.4|94.67|1845|390|5.5|5.5|3|8
29.5|94.53|1851|390|5.5|5.5|3|8
29.6|94.53|1853|390|5.5|5.5|3|8
29.7|94.48|1856|390|5.5|5.5|3|8
29.8|94.55|1858|390|5.5|5.5|3|8
29.9|94.52|1861|390|5.5|5.5|3|8
30|94.49|1861|390|5.5|5.5|3|8
30.1|94.61|1861|390|5.5|5.5|3|8
30.2|94.57|1863|390|5.5|5.5|3|8
30.3|94.52|1863|390|5.5|5.5|3|8
30.4|94.53|1863|390|5.5|5.5|3|8
30.5|94.52|1866|390|5.5|5.5|3|8
30.6|94.56|1866|390|5.5|5.5|3|8
30.7|94.53|1866|390|5.5|5.5|3|8
30.8|94.55|1866|390|5.5|5.5|3|8
30.9|94.52|1869|390|5.5|5.5|3|8
31|94.56|1869|390|5.5|5.5|3|8
31.1|94.55|1866|390|5.5|5.5|3|8
31.2|94.55|1869|390|5.5|5.5|4|8
31.3|94.67|1866|390|5.5|5.5|4|8
31.4|94.87|1858|391|5.5|5.5|4|8
31.5|95.72|1237|392|5.5|5.5|5|8
31.6|96.01|1106|391|5.5|5.5|5|8
31.7|96.1|1103|391|5.5|5.5|5|8
31.8|96.21|1101|391|5.5|5.5|5|8
31.9|96.23|1101|390|5.5|5.5|5|8
32|96.25|1101|390|5.5|5.5|5|8
32.1|96.21|1098|390|5.5|5.5|5|8
32.2|96.35|1098|390|5.5|5.5|5|8
32.3|96.2|1098|390|5.5|5.5|5|8
32.4|96.23|1098|390|5.5|5.5|5|8
32.5|96.28|1098|390|5.5|5.5|5|8
32.6|96.24|1095|390|5.5|5.5|5|8
32.7|96.2|1095|390|5.5|5.5|5|8
32.8|96.27|1095|390|5.5|5.5|5|8
32.9|96.24|1095|390|5.5|5.5|5|8
33|96.24|1095|390|5.5|5.5|5|8
33.1|96.23|1095|390|5.5|5.5|5|8
33.2|96.31|1095|390|5.5|5.5|5|8
33.3|96.24|1095|390|5.5|5.5|5|8
33.4|96.32|1095|390|5.5|5.5|5|8
33.5|96.25|1095|390|5.5|5.5|2|8
33.6|96.23|1095|390|5.5|5.5|2|8
33.7|96.21|1095|390|5.5|5.5|2|8
33.8|95.54|1095|390|5.5|5.5|2|8
33.9|94.95|1665|390|5.5|5.5|3|8
34|94.68|1825|390|5.5|5.5|3|8
34.1|94.45|1851|390|5.5|5.5|3|8
34.2|94.37|1858|390|5.5|5.5|3|8
34.3|94.33|1863|390|5.5|5.5|3|8
34.4|94.33|1863|390|5.5|5.5|3|8
34.5|94.39|1866|390|5.5|5.5|3|8
34.6|94.36|1869|390|5.5|5.5|3|8
34.7|94.35|1869|390|5.5|5.5|3|8
34.8|94.35|1871|390|5.5|5.5|3|8
34.9|94.29|1871|390|5.5|5.5|3|8
35|94.36|1871|390|5.5|5.5|3|8
35.1|94.35|1871|390|5.5|5.5|3|8
35.2|94.36|1874|390|5.5|5.5|3|8
35.3|94.37|1874|390|5.5|5.5|3|8
35.4|94.28|1876|390|5.5|5.5|3|8
35.5|94.36|1876|390|5.5|5.5|3|8
35.6|94.37|1876|390|5.5|5.5|3|8
35.7|94.36|1876|390|5.5|5.5|3|8
35.8|94.28|1876|390|5.5|5.5|3|8
35.9|94.39|1879|390|5.5|5.5|4|8
36|94.45|1879|391|5.5|5.5|4|8
36.1|94.72|1874|391|5.5|5.5|4|8
36.2|94.83|1861|391|5.5|5.5|4|8
36.3|95.57|1144|392|5.5|5.5|2|8
36.4|95.7|1106|392|5.5|5.5|2|8
36.5|95.81|1103|391|5.5|5.5|2|8
36.6|95.81|1101|391|5.5|5.5|2|8
36.7|95.77|1101|391|5.5|5.5|2|8
36.8|95.78|1101|391|5.5|5.5|2|8
36.9|95.8|1098|391|5.5|5.5|2|8
37|95.63|1098|390|5.5|5.5|2|8
37.1|95.46|1098|390|5.5|5.5|2|8
37.2|95.41|1098|390|5.5|5.5|2|8
37.3|95.3|1098|390|5.5|5.5|2|8
37.4|95.27|1196|390|5.5|5.5|2|8
37.5|95.22|1131|391|5.5|5.5|2|8
37.6|95.17|1219|391|5.5|5.5|2|8
37.7|95.07|1204|391|5.5|5.5|2|8
37.8|94.8|1111|391|5.5|5.5|2|8
37.9|94.84|1098|390|5.5|5.5|2|8
38|94.83|1098|390|5.5|5.5|2|8
38.1|94.9|1232|391|5.5|5.5|2|8
38.2|94.75|1224|391|5.5|5.5|2|8
38.3|94.8|1582|391|5.5|5.5|2|8
38.4|94.57|1732|391|5.5|5.5|2|8
38.5|94.68|1729|391|5.5|5.5|2|8
38.6|94.95|1376|392|5.5|5.5|2|8
38.7|95.15|1106|391|5.5|5.5|2|8
38.8|95.15|1101|390|5.5|5.5|2|8
38.9|95.1|1101|390|5.5|5.5|2|8
39|95.08|1098|390|5.5|5.5|2|8
39.1|94.86|1098|390|5.5|5.5|2|8
39.2|94.82|1098|390|5.5|5.5|2|8
39.3|94.82|1095|390|5.5|5.5|2|8
39.4|94.9|1149|390|5.5|5.5|2|8
39.5|94.71|1412|391|5.5|5.5|2|8
39.6|94.76|1219|391|5.5|5.5|2|8
39.7|94.63|1678|391|5.5|5.5|2|8
39.8|94.67|1747|392|5.5|5.5|2|8
39.9|94.67|1740|392|5.5|5.5|2|8
40|94.96|1588|392|5.5|5.5|2|8
40.1|95.08|1108|392|5.5|5.5|2|8
40.2|95.15|1101|392|5.5|5.5|2|8
40.3|95.19|1098|392|5.5|5.5|2|8
40.4|95.14|1098|392|5.5|5.5|2|8
40.5|95.07|1095|391|5.5|5.5|2|8
40.6|94.82|1095|391|5.5|5.5|2|8
40.7|94.84|1095|391|5.5|5.5|2|8
40.8|94.8|1098|391|5.5|5.5|2|8
40.9|94.91|1095|391|5.5|5.5|2|8
41|94.72|1111|391|5.5|5.5|2|8
41.1|94.78|1149|391|5.5|5.5|2|8
41.2|94.64|1332|392|5.5|5.5|2|8
41.3|94.55|1603|392|5.5|5.5|2|8
41.4|94.57|1420|392|5.5|5.5|2|8
41.5|94.76|1108|392|5.5|5.5|2|8
41.6|94.71|1095|392|5.5|5.5|2|8
41.7|94.66|1095|391|5.5|5.5|2|8
41.8|94.6|1095|391|5.5|5.5|2|8
41.9|94.55|1178|391|5.5|5.5|2|8
42|94.49|1183|392|5.5|5.5|2|8
42.1|94.41|1121|392|5.5|5.5|2|8
42.2|94.37|1206|392|5.5|5.5|2|8
42.3|94.33|1304|392|5.5|5.5|2|8
42.4|94.23|1338|392|5.5|5.5|2|8
42.5|94.28|1162|392|5.5|5.5|2|8
42.6|94.09|1541|392|5.5|5.5|2|8
42.7|94.2|1616|392|5.5|5.5|2|8
42.8|94.27|1162|392|5.5|5.5|2|8
42.9|94.48|1098|392|5.5|5.5|2|8
43|94.35|1095|391|5.5|5.5|2|8
43.1|94.32|1095|391|5.5|5.5|2|8
43.2|94.29|1095|391|5.5|5.5|2|8
43.3|94.08|1119|391|5.5|5.5|2|8
43.4|94.16|1095|391|5.5|5.5|2|8
43.5|94.13|1126|391|5.5|5.5|2|8
43.6|94.05|1376|392|5.5|5.5|2|8
43.7|93.94|1165|392|5.5|5.5|2|8
43.8|93.96|1281|392|5.5|5.5|2|8
43.9|93.9|1304|392|5.5|5.5|2|8
44|93.72|1559|392|5.5|5.5|2|8
44.1|93.78|1131|392|5.5|5.5|2|8
44.2|93.69|1095|392|5.5|5.5|2|8
44.3|93.7|1129|391|5.5|5.5|2|8
44.4|93.72|1278|391|5.5|5.5|2|8
44.5|93.47|1186|391|5.5|5.5|2|8
44.6|93.46|1095|391|5.5|5.5|2|8
44.7|93.43|1129|391|5.5|5.5|2|8
44.8|93.58|1521|392|5.5|5.5|2|8
44.9|93.39|1784|392|5.5|5.5|2|8
45|93.42|1789|392|5.5|5.5|2|8
45.1|93.55|1719|392|5.5|5.5|2|8
45.2|93.85|1142|392|5.5|5.5|2|8
45.3|93.85|1101|391|5.5|5.5|2|8
45.4|93.9|1098|391|5.5|5.5|2|8
45.5|93.94|1095|391|5.5|5.5|2|8
45.6|93.94|1093|390|5.5|5.5|2|8
45.7|93.88|1101|390|5.5|5.5|2|8
45.8|93.73|1093|390|5.5|5.5|2|8
45.9|93.61|1093|390|5.5|5.5|2|8
46|93.6|1093|390|5.5|5.5|2|8
46.1|93.49|1093|390|5.5|5.5|2|8
46.2|93.46|1106|390|5.5|5.5|2|8
46.3|93.61|1376|391|5.5|5.5|2|8
46.4|93.42|1670|392|5.5|5.5|2|8
46.5|93.38|1660|392|5.5|5.5|2|8
46.6|93.51|1613|392|5.5|5.5|2|8
46.7|93.8|1198|392|5.5|5.5|2|8
46.8|93.89|1101|391|5.5|5.5|2|8
46.9|93.89|1098|391|5.5|5.5|2|8
47|93.92|1095|391|5.5|5.5|2|8
47.1|93.88|1095|391|5.5|5.5|2|8
47.2|93.77|1095|391|5.5|5.5|2|8
47.3|93.58|1095|391|5.5|5.5|2|8
47.4|93.6|1095|391|5.5|5.5|2|8
47.5|93.7|1101|391|5.5|5.5|2|8
47.6|93.46|1108|391|5.5|5.5|2|8
47.7|93.57|1155|391|5.5|5.5|2|8
47.8|93.5|1255|392|5.5|5.5|2|8
47.9|93.29|1371|392|5.5|5.5|2|8
48|93.33|1317|392|5.5|5.5|2|8
48.1|93.13|1198|392|5.5|5.5|2|8
48.2|93.25|1098|391|5.5|5.5|2|8
48.3|93.11|1121|390|5.5|5.5|2|8
48.4|93.11|1314|391|5.5|5.5|2|8
48.5|93|1186|392|5.5|5.5|2|8
48.6|93.02|1284|392|5.5|5.5|2|8
48.7|92.91|1240|392|5.5|5.5|2|8
48.8|92.83|1268|392|5.5|5.5|2|8
48.9|92.79|1175|391|5.5|5.5|2|8
49|92.71|1245|392|5.5|5.5|2|8
49.1|92.7|1289|392|5.5|5.5|2|8
49.2|92.66|1216|391|5.5|5.5|2|8
49.3|92.52|1271|391|5.5|5.5|2|8
49.4|92.35|1129|391|5.5|5.5|2|8
49.5|92.32|1124|390|5.5|5.5|2|8
49.6|92.31|1204|390|5.5|5.5|2|8
49.7|92.17|1152|390|5.5|5.5|2|8
49.8|92.13|1178|390|5.5|5.5|2|8
49.9|92.09|1188|390|5.5|5.5|2|8
50|91.96|1309|391|5.5|5.5|2|8
50.1|92.01|1175|391|5.5|5.5|2|8
50.2|91.85|1245|391|5.5|5.5|2|8
50.3|91.72|1242|391|5.5|5.5|2|8
50.4|91.58|1126|390|5.5|5.5|2|8
50.5|91.6|1124|390|5.5|5.5|2|8
50.6|91.45|1175|390|5.5|5.5|2|8
50.7|91.54|1134|390|5.5|5.5|2|8
50.8|91.42|1201|390|5.5|5.5|2|8
50.9|91.29|1237|390|5.5|5.5|2|8
51|91.18|1291|390|5.5|5.5|2|8
51.1|90.95|1173|390|5.5|5.5|2|8
51.2|90.99|1206|390|5.5|5.5|2|8
51.3|90.95|1358|392|5.5|5.5|2|8
51.4|90.79|1325|392|5.5|5.5|2|8
51.5|90.68|1263|392|5.5|5.5|2|8
51.6|90.6|1188|390|5.5|5.5|2|8
51.7|90.56|1253|390|5.5|5.5|2|8
51.8|90.47|1224|391|5.5|5.5|2|8
51.9|90.37|1229|390|5.5|5.5|2|8
52|90.23|1330|391|5.5|5.5|2|8
52.1|90.16|1284|390|5.5|5.5|2|8
52.2|89.97|1235|390|5.5|5.5|2|8
52.3|89.93|1178|390|5.5|5.5|2|8
52.4|89.81|1381|390|5.5|5.5|2|8
52.5|89.74|1155|390|5.5|5.5|2|8
52.6|89.61|1219|390|5.5|5.5|2|8
52.7|89.56|1240|390|5.5|5.5|2|8
52.8|89.41|1389|391|5.5|5.5|2|8
52.9|89.27|1361|390|5.5|5.5|2|8
53|89.21|1139|391|5.5|5.5|2|8
53.1|89.06|1206|391|5.5|5.5|2|8
53.2|88.9|1294|391|5.5|5.5|2|8
53.3|88.87|1173|390|5.5|5.5|2|8
53.4|88.71|1314|391|5.5|5.5|2|8
53.5|88.59|1250|392|5.5|5.5|2|8
53.6|88.52|1162|391|5.5|5.5|2|8
53.7|88.36|1276|390|5.5|5.5|2|8
53.8|88.21|1188|390|5.5|5.5|2|8
53.9|88.07|1314|391|5.5|5.5|2|8
54|87.96|1376|391|5.5|5.5|2|8
54.1|87.84|1235|392|5.5|5.5|2|8
54.2|87.65|1152|391|5.5|5.5|2|8
54.3|87.6|1307|392|5.5|5.5|2|8
54.4|87.44|1314|391|5.5|5.5|2|8
54.5|87.25|1204|391|5.5|5.5|2|8
54.6|87.15|1157|390|5.5|5.5|2|8
54.7|87.01|1260|391|5.5|5.5|2|8
54.8|86.82|1353|391|5.5|5.5|2|8
54.9|86.71|1232|391|5.5|5.5|2|8
55|86.59|1425|390|5.5|5.5|2|8
55.1|86.47|1247|391|5.5|5.5|2|8
55.2|86.28|1258|390|5.5|5.5|2|8
55.3|86.12|1237|390|5.5|5.5|2|8
55.4|85.93|1211|390|5.5|5.5|2|8
55.5|85.8|1299|390|5.5|5.5|2|8
55.6|85.58|1284|391|5.5|5.5|2|8
55.7|85.52|1363|392|5.5|5.5|2|8
55.8|85.27|1351|390|5.5|5.5|2|8
55.9|85.17|1265|390|5.5|5.5|2|8
56|84.99|1186|391|5.5|5.5|2|8
56.1|84.86|1430|390|5.5|5.5|2|8
56.2|84.59|1196|391|5.5|5.5|2|8
56.3|84.43|1302|391|5.5|5.5|2|8
56.4|84.2|1263|392|5.5|5.5|2|8
56.5|84.17|1255|392|5.5|5.5|2|8
56.6|83.91|1302|392|5.5|5.5|2|8
56.7|83.66|1387|392|5.5|5.5|2|8
56.8|83.54|1314|392|5.5|5.5|2|8
56.9|83.29|1312|392|5.5|5.5|2|8
57|83.14|1245|392|5.5|5.5|2|8
57.1|82.9|1415|392|5.5|5.5|6|8
57.2|81.24|1920|390|5.5|5.5|6|8
57.3|78.04|1956|390|5.4|5.4|6|8
57.4|74.63|77|390|5.4|5.4|7|8
57.5|72.87|0|388|5.4|5.4|7|8
57.6|72.36|0|388|5.4|5.4|7|8
57.7|72.27|0|388|5.4|5.4|7|8
57.8|72|0|388|5.4|5.4|7|8
57.9|71.94|0|388|5.4|5.4|7|8
58|72.08|0|388|5.4|5.4|7|8
58.1|72.04|0|388|5.4|5.4|7|8
58.2|72.03|0|388|5.4|5.4|7|8
58.3|71.99|0|388|5.4|5.4|7|8
58.4|72.07|0|388|5.4|5.4|7|8
58.5|72.08|0|388|5.4|5.4|7|8
58.6|72.04|0|388|5.4|5.4|7|8
58.7|72.06|0|388|5.4|5.4|7|8
58.8|72.08|0|388|5.4|5.4|7|8
58.9|72.12|0|388|5.4|5.4|7|8
59|71.99|0|388|5.4|5.4|7|8
59.1|72.07|0|388|5.4|5.4|7|8
59.2|72.03|0|388|5.4|5.4|7|8
59.3|72.03|0|388|5.4|5.4|7|8
59.4|72.03|0|388|5.4|5.4|7|8
59.5|72.06|0|388|5.4|5.4|7|8
59.6|72.12|0|388|5.4|5.4|7|8
59.7|71.99|0|388|5.4|5.4|7|8
59.8|72.04|0|388|5.4|5.4|7|8
59.9|72.03|0|388|5.4|5.4|7|8
60|72.06|0|388|5.4|5.4|7|8
60.1|72.12|0|388|5.4|5.4|7|8
60.2|72.02|0|388|5.4|5.4|7|8
60.3|72.04|0|388|5.4|5.4|7|8
60.4|72.03|0|388|5.4|5.4|7|8
60.5|72.03|0|388|5.4|5.4|7|8
60.6|72.04|0|388|5.4|5.4|7|8
60.7|72.1|0|388|5.4|5.4|7|8
60.8|71.98|0|388|5.4|5.4|7|8
60.9|72.03|0|388|5.4|5.4|7|8
61|72.04|0|388|5.4|5.4|7|8
61.1|72.06|0|388|5.4|5.4|7|8
61.2|72.03|0|388|5.4|5.5|7|8
61.3|72.03|0|388|5.4|5.4|7|8
61.4|72.03|0|388|5.4|5.4|7|8
61.5|72.04|0|388|5.4|5.4|7|8
61.6|72.08|0|388|5.4|5.4|7|8
61.7|72.03|0|388|5.4|5.5|7|8
61.8|71.99|0|388|5.4|5.4|7|8
61.9|72.03|0|388|5.4|5.4|7|8
62|72.03|0|388|5.4|5.4|7|8
62.1|72.03|0|388|5.4|5.5|7|8
62.2|72.03|0|388|5.5|5.4|7|8
62.3|72.08|0|388|5.4|5.5|7|8
62.4|72.03|0|388|5.4|5.5|7|8
62.5|71.99|0|388|5.5|5.5|7|8
62.6|72.03|0|388|5.5|5.5|7|8
62.7|72.04|0|388|5.5|5.5|7|8
62.8|72.08|0|388|5.4|5.4|7|8
62.9|72.02|0|388|5.4|5.4|7|8
63|72|0|388|5.5|5.4|7|8
63.1|72.02|0|388|5.4|5.4|7|8
63.2|72.04|0|388|5.5|5.5|7|8
63.3|72.07|0|388|5.5|5.5|7|8
63.4|72.02|0|388|5.5|5.5|7|8
63.5|72.02|0|388|5.5|5.5|7|8
63.6|72.04|0|388|5.5|5.5|7|8
63.7|72.06|0|388|5.5|5.5|7|8
63.8|72.03|0|388|5.5|5.5|7|8
63.9|72.02|0|388|5.5|5.5|7|8
64|71.98|0|388|5.5|5.5|7|8
64.1|72|0|388|5.5|5.5|7|8
64.2|72.02|0|388|5.5|5.5|7|8
64.3|72.04|0|388|5.5|5.5|7|8
64.4|72.04|0|388|5.5|5.5|7|8
64.5|72.02|0|388|5.5|5.5|7|8
64.6|72|0|388|5.5|5.5|7|8
64.7|72.02|0|388|5.5|5.5|7|8
64.8|72.03|0|388|5.5|5.5|7|8
64.9|72.06|0|388|5.5|5.5|7|8
65|72.02|0|388|5.5|5.5|7|8
65.1|71.98|0|388|5.5|5.5|7|8
65.2|72.04|0|388|5.5|5.5|7|8
65.3|72.07|0|388|5.5|5.5|7|8
65.4|72.03|0|388|5.5|5.5|7|8
65.5|72.03|0|388|5.5|5.5|7|8
65.6|72.03|0|388|5.5|5.5|7|8
65.7|72.03|0|388|5.5|5.5|7|8
65.8|72.03|0|388|5.5|5.5|7|8
65.9|72.03|0|388|5.5|5.5|7|8
66|72.03|0|388|5.5|5.5|7|8
66.1|72.04|0|388|5.5|5.5|7|8
66.2|72|0|388|5.5|5.5|7|8
66.3|71.98|0|388|5.5|5.5|7|8
66.4|72|0|388|5.5|5.5|7|8
66.5|72.04|0|388|5.5|5.5|7|8
66.6|72.03|0|388|5.5|5.5|7|8
66.7|72.02|0|388|5.5|5.5|7|8
66.8|72.02|0|388|5.5|5.5|7|8
66.9|72.03|0|388|5.5|5.5|7|8
67|72.03|0|388|5.5|5.5|7|8
67.1|72.03|0|388|5.5|5.5|7|8
67.2|72.02|0|388|5.5|5.5|7|8
67.3|72.02|0|388|5.5|5.5|7|8
67.4|72.02|0|388|5.5|5.5|7|8
67.5|71.99|0|388|5.5|5.5|7|8
67.6|72|0|388|5.5|5.5|7|8
67.7|72.03|0|388|5.5|5.5|7|8
67.8|72.04|0|388|5.5|5.5|7|8
67.9|72|0|388|5.5|5.5|7|8
68|72.02|0|388|5.5|5.5|7|8
68.1|72|0|388|5.5|5.5|7|8
68.2|72|0|388|5.5|5.5|7|8
68.3|72.04|0|388|5.5|5.5|7|8
68.4|72.03|0|388|5.5|5.5|7|8
68.5|72.02|0|388|5.5|5.5|7|8
68.6|72.02|0|388|5.5|5.5|7|8
68.7|71.98|0|388|5.5|5.5|7|8
68.8|72|0|388|5.5|5.5|7|8
68.9|72.02|0|388|5.5|5.5|7|8
69|72.02|0|388|5.5|5.5|7|8
69.1|72|0|388|5.5|5.5|7|8
69.2|72|0|388|5.5|5.5|7|8
69.3|72.04|0|388|5.5|5.5|7|8
69.4|72.03|0|388|5.5|5.5|7|8
69.5|71.98|0|388|5.5|5.5|7|8
69.6|72|0|388|5.5|5.5|7|8
69.7|72|0|388|5.5|5.5|7|8
69.8|72.02|0|388|5.5|5.5|7|8
69.9|72.04|0|388|5.5|5.5|7|8
70|72.03|0|388|5.5|5.5|7|8
70.1|72.02|0|388|5.5|5.5|7|8
70.2|72.02|0|388|5.5|5.5|7|8
70.3|72.02|0|388|5.5|5.5|7|8
70.4|72.02|0|388|5.5|5.5|8|8
70.5|71.99|0|388|5.4|5.4|8|8
70.6|71.88|0|388|5.4|5.4|8|8
70.7|71.85|0|388|5.4|5.4|8|8
70.8|71.8|0|388|5.4|5.4|8|8
70.9|71.81|0|388|5.4|5.4|8|8
71|71.81|0|388|5.4|5.4|8|8
71.1|71.81|0|388|5.4|5.4|8|8
71.2|71.96|0|388|5.4|5.4|8|8
71.3|71.99|0|388|5.4|5.4|8|8
71.4|72.02|0|388|5.4|5.4|8|8
71.5|72.06|0|388|5.4|5.4|8|8
71.6|72.03|0|388|5.4|5.4|8|8
71.7|72.04|0|388|5.4|5.4|8|8
71.8|72.04|0|388|5.4|5.4|8|8
71.9|72.04|0|388|5.4|5.4|8|8
72|72.03|0|388|5.4|5.4|8|8
72.1|72.03|0|388|5.4|5.4|8|8
72.2|72.04|0|388|5.4|5.4|8|8
72.3|72.03|0|388|5.4|5.4|8|8
72.4|73.21|0|388|5.4|5.4|8|8
72.5|76.63|0|388|5.4|5.4|8|8
72.6|80.15|0|388|5.4|5.4|8|8
72.7|83.61|0|388|5.3|5.3|8|8
72.8|86.95|0|388|5.3|5.3|8|8
72.9|90.33|0|388|5.3|5.3|8|8
73|93.65|0|388|5.3|5.3|8|8
73.1|95.25|0|388|5.3|5.3|8|8
