0|96.05|835|408|3.4|3.4|1|8
0.1|96.05|985|410|3.4|3.4|1|8
0.2|96.04|985|412|3.4|3.4|1|8
0.3|96.04|987|412|3.4|3.4|1|8
0.4|96.05|987|412|3.4|3.4|1|8
0.5|96.05|987|412|3.4|3.4|2|8
0.6|95.77|990|412|3.4|3.4|2|8
0.7|95.39|990|412|3.4|3.4|2|8
0.8|94.99|992|412|3.4|3.4|2|8
0.9|94.49|997|412|3.4|3.4|2|8
1|93.98|1129|412|3.4|3.4|2|8
1.1|93.53|1320|413|3.4|3.4|2|8
1.2|93.07|1647|414|3.5|3.5|3|8
1.3|92.88|1686|415|3.5|3.5|3|8
1.4|92.67|1701|416|3.5|3.5|3|8
1.5|92.63|1709|416|3.5|3.5|3|8
1.6|92.62|1714|416|3.5|3.5|3|8
1.7|92.53|1719|416|3.5|3.5|3|8
1.8|92.44|1722|416|3.5|3.5|3|8
1.9|92.55|1732|416|3.5|3.5|3|8
2|92.49|1737|416|3.5|3.5|3|8
2.1|92.49|1737|416|3.5|3.5|3|8
2.2|92.51|1740|416|3.5|3.5|3|8
2.3|92.48|1745|416|3.5|3.6|3|8
2.4|92.51|1745|416|3.6|3.6|3|8
2.5|92.48|1747|416|3.6|3.6|3|8
2.6|92.48|1750|416|3.6|3.6|3|8
2.7|92.47|1750|416|3.6|3.6|3|8
2.8|92.45|1753|416|3.6|3.6|3|8
2.9|92.48|1755|416|3.6|3.6|3|8
3|92.48|1758|416|3.6|3.6|3|8
3.1|92.48|1758|416|3.6|3.6|3|8
3.2|92.52|1763|416|3.6|3.6|4|8
3.3|92.59|1760|416|3.6|3.6|4|8
3.4|93.03|1729|416|3.6|3.6|4|8
3.5|93.5|1557|416|3.6|3.6|4|8
3.6|93.93|1070|414|3.6|3.6|5|8
3.7|94.2|1023|412|3.6|3.6|5|8
3.8|94.32|1018|412|3.7|3.7|5|8
3.9|94.33|1018|412|3.7|3.7|5|8
4|94.41|1015|412|3.7|3.7|5|8
4.1|94.43|1015|412|3.7|3.7|5|8
4.2|94.43|1015|412|3.7|3.7|5|8
4.3|94.49|1015|412|3.7|3.7|5|8
4.4|94.44|1015|412|3.7|3.7|5|8
4.5|94.44|1015|412|3.7|3.7|5|8
4.6|94.44|1015|412|3.7|3.7|5|8
4.7|94.43|1013|412|3.7|3.7|5|8
4.8|94.4|1013|412|3.7|3.7|5|8
4.9|94.4|1013|412|3.7|3.7|5|8
5|94.43|1015|412|3.7|3.7|5|8
5.1|94.47|1013|412|3.8|3.8|5|8
5.2|94.43|1013|412|3.8|3.8|5|8
5.3|94.39|1013|412|3.8|3.8|5|8
5.4|94.43|1013|411|3.8|3.8|5|8
5.5|94.45|1013|412|3.8|3.8|5|8
5.6|94.45|1013|412|3.8|3.8|2|8
5.7|94.25|1013|412|3.8|3.8|2|8
5.8|93.89|1013|412|3.8|3.8|2|8
5.9|93.49|1028|412|3.8|3.8|2|8
6|92.99|1291|412|3.8|3.8|2|8
6.1|92.6|1724|413|3.8|3.8|3|8
6.2|92.41|1753|414|3.8|3.8|3|8
6.3|92.24|1763|415|3.8|3.8|3|8
6.4|92.16|1768|416|3.8|3.8|3|8
6.5|92.16|1776|416|3.8|3.9|3|8
6.6|92.13|1778|416|3.9|3.9|3|8
6.7|92.11|1781|416|3.9|3.9|3|8
6.8|92.09|1784|416|3.9|3.9|3|8
6.9|92.11|1786|416|3.9|3.9|3|8
7|92.11|1789|416|3.9|3.9|3|8
7.1|92.11|1791|416|3.9|3.9|3|8
7.2|92.13|1794|416|3.9|3.9|3|8
7.3|92.12|1794|416|3.9|3.9|3|8
7.4|92.11|1799|416|3.9|3.9|3|8
7.5|92.09|1799|416|3.9|3.9|3|8
7.6|92.11|1799|416|3.9|3.9|3|8
7.7|92.11|1802|416|3.9|3.9|3|8
7.8|92.09|1804|416|3.9|4|3|8
7.9|92.09|1804|416|4|4|3|8
8|92.09|1804|416|4|4|3|8
8.1|92.09|1807|416|4|4|4|8
8.2|92.29|1804|416|4|4|4|8
8.3|92.56|1786|416|4|4|4|8
8.4|93.14|1327|416|4|4|5|8
8.5|93.5|1036|412|4|4|5|8
8.6|93.76|1031|412|4|4|5|8
8.7|93.78|1028|411|4|4|5|8
8.8|93.81|1028|411|4|4|5|8
8.9|93.84|1028|411|4|4|5|8
9|93.84|1028|411|4|4|5|8
9.1|93.86|1026|411|4|4|5|8
9.2|93.86|1026|411|4|4|5|8
9.3|93.85|1026|411|4|4|5|8
9.4|93.89|1026|411|4|4|5|8
9.5|93.89|1026|411|4.1|4.1|5|8
9.6|93.9|1026|411|4.1|4.1|5|8
9.7|93.9|1026|411|4.1|4.1|5|8
9.8|93.92|1026|411|4.1|4.1|5|8
9.9|93.89|1026|411|4.1|4.1|5|8
10|93.86|1026|411|4.1|4.1|5|8
10.1|93.82|1026|411|4.1|4.1|5|8
10.2|93.84|1026|411|4.1|4.1|5|8
10.3|93.88|1026|411|4.1|4.1|5|8
10.4|93.86|1026|411|4.1|4.1|2|8
10.5|93.89|1026|411|4.1|4.1|2|8
10.6|93.6|1034|401|4.1|4.1|2|8
10.7|93.19|1034|394|4.1|4.1|2|8
10.8|92.7|1188|391|4.1|4.1|2|8
10.9|92.39|1771|390|4.1|4.1|3|8
11|92.08|1812|390|4.1|4.2|3|8
11.1|91.9|1825|390|4.2|4.2|3|8
11.2|91.85|1832|390|4.2|4.2|3|8
11.3|91.82|1838|390|4.2|4.2|3|8
11.4|91.82|1843|390|4.2|4.2|3|8
11.5|91.76|1845|390|4.2|4.2|3|8
11.6|91.77|1848|390|4.2|4.2|3|8
11.7|91.8|1848|390|4.2|4.2|3|8
11.8|91.77|1851|390|4.2|4.2|3|8
11.9|91.74|1853|390|4.2|4.2|3|8
12|91.77|1853|390|4.2|4.2|3|8
12.1|91.78|1853|390|4.2|4.2|3|8
12.2|91.78|1856|390|4.2|4.2|3|8
12.3|91.81|1856|390|4.2|4.2|3|8
12.4|91.77|1856|390|4.3|4.3|3|8
12.5|91.74|1856|390|4.3|4.3|3|8
12.6|91.76|1858|390|4.3|4.3|3|8
12.7|91.76|1858|390|4.3|4.3|3|8
12.8|91.78|1858|390|4.3|4.3|3|8
12.9|91.76|1858|390|4.3|4.3|4|8
13|91.82|1856|390|4.3|4.3|4|8
13.1|92.2|1845|390|4.3|4.3|4|8
13.2|92.53|1809|390|4.3|4.3|4|8
13.3|93.14|1090|390|4.3|4.3|5|8
13.4|93.49|1049|390|4.3|4.3|5|8
13.5|93.6|1046|389|4.3|4.3|5|8
13.6|93.65|1046|389|4.3|4.3|5|8
13.7|93.76|1044|389|4.3|4.3|5|8
13.8|93.7|1046|389|4.3|4.3|5|8
13.9|93.73|1046|389|4.4|4.4|5|8
14|93.74|1044|389|4.4|4.4|5|8
14.1|93.72|1044|389|4.4|4.4|5|8
14.2|93.69|1044|389|4.4|4.4|5|8
14.3|93.74|1044|389|4.4|4.4|5|8
14.4|93.73|1044|389|4.4|4.4|5|8
14.5|93.7|1044|389|4.4|4.4|5|8
14.6|93.73|1044|389|4.4|4.4|5|8
14.7|93.73|1044|390|4.4|4.4|5|8
14.8|93.7|1044|389|4.4|4.4|5|8
14.9|93.7|1044|389|4.4|4.4|5|8
15|93.74|1044|389|4.4|4.4|5|8
15.1|93.72|1044|389|4.4|4.4|5|8
15.2|93.72|1044|390|4.4|4.4|5|8
15.3|93.73|1044|390|4.4|4.4|2|8
15.4|93.58|1044|389|4.4|4.4|2|8
15.5|93.27|1044|389|4.4|4.4|2|8
15.6|92.8|1046|390|4.4|4.4|2|8
15.7|92.41|1477|390|4.4|4.4|2|8
15.8|92.01|1807|390|4.5|4.5|3|8
15.9|91.85|1840|390|4.5|4.5|3|8
16|91.73|1853|390|4.5|4.5|3|8
16.1|91.62|1861|390|4.5|4.5|3|8
16.2|91.61|1861|390|4.5|4.5|3|8
16.3|91.54|1866|390|4.5|4.5|3|8
16.4|91.57|1866|390|4.5|4.5|3|8
16.5|91.58|1869|390|4.5|4.5|3|8
16.6|91.58|1869|390|4.5|4.5|3|8
16.7|91.56|1871|390|4.5|4.5|3|8
16.8|91.58|1871|390|4.5|4.5|3|8
16.9|91.57|1871|390|4.5|4.5|3|8
17|91.57|1874|390|4.5|4.5|3|8
17.1|91.57|1874|390|4.5|4.5|3|8
17.2|91.58|1874|390|4.5|4.5|3|8
17.3|91.57|1874|390|4.6|4.6|3|8
17.4|91.57|1876|390|4.6|4.6|3|8
17.5|91.56|1876|390|4.6|4.6|3|8
17.6|91.54|1874|390|4.6|4.6|3|8
17.7|91.58|1879|390|4.6|4.6|3|8
17.8|91.54|1876|390|4.6|4.6|4|8
17.9|91.77|1874|390|4.6|4.6|4|8
18|92.08|1853|390|4.6|4.6|4|8
18.1|92.39|1830|390|4.6|4.6|4|8
18.2|93.09|1162|390|4.6|4.6|5|8
18.3|93.49|1057|390|4.6|4.6|5|8
18.4|93.61|1054|389|4.6|4.6|5|8
18.5|93.74|1054|389|4.6|4.6|5|8
18.6|93.77|1052|389|4.6|4.6|5|8
18.7|93.82|1054|389|4.6|4.6|5|8
18.8|93.73|1052|389|4.7|4.6|5|8
18.9|93.76|1052|389|4.7|4.7|5|8
19|93.76|1052|389|4.7|4.7|5|8
19.1|93.77|1049|389|4.7|4.7|5|8
19.2|93.77|1049|389|4.7|4.7|5|8
19.3|93.76|1049|389|4.7|4.7|5|8
19.4|93.77|1049|389|4.7|4.7|5|8
19.5|93.77|1049|389|4.7|4.7|5|8
19.6|93.81|1049|389|4.7|4.7|5|8
19.7|93.74|1049|389|4.7|4.7|5|8
19.8|93.76|1049|389|4.7|4.7|5|8
19.9|93.76|1049|389|4.7|4.7|5|8
20|93.77|1049|389|4.7|4.7|5|8
20.1|93.77|1049|389|4.7|4.7|5|8
20.2|93.77|1049|389|4.7|4.7|2|8
20.3|93.64|1049|389|4.7|4.7|2|8
20.4|93.31|1049|389|4.7|4.7|2|8
20.5|92.94|1049|389|4.7|4.7|2|8
20.6|92.52|1214|390|4.7|4.7|2|8
20.7|92.2|1776|390|4.8|4.7|3|8
20.8|91.92|1832|390|4.8|4.8|3|8
20.9|91.81|1856|390|4.8|4.8|3|8
21|91.69|1866|389|4.8|4.8|3|8
21.1|91.62|1871|389|4.8|4.8|3|8
21.2|91.61|1874|390|4.8|4.8|3|8
21.3|91.57|1876|389|4.8|4.8|3|8
21.4|91.62|1876|389|4.8|4.8|3|8
21.5|91.61|1879|389|4.8|4.8|3|8
21.6|91.61|1881|389|4.8|4.8|3|8
21.7|91.61|1881|389|4.8|4.8|3|8
21.8|91.61|1884|390|4.8|4.8|3|8
21.9|91.62|1884|390|4.8|4.8|3|8
22|91.61|1887|389|4.8|4.8|3|8
22.1|91.61|1887|389|4.8|4.8|3|8
22.2|91.62|1887|389|4.8|4.8|3|8
22.3|91.62|1887|389|4.8|4.8|3|8
22.4|91.62|1887|389|4.8|4.8|3|8
22.5|91.61|1889|389|4.8|4.8|3|8
22.6|91.61|1889|389|4.8|4.8|3|8
22.7|91.56|1889|389|4.8|4.8|4|8
22.8|91.77|1887|389|4.8|4.8|4|8
22.9|92.08|1869|389|4.8|4.8|4|8
23|92.32|1853|389|4.8|4.8|4|8
23.1|92.79|1820|389|4.8|4.8|4|8
23.2|93.49|1095|390|4.8|4.8|5|8
23.3|93.85|1059|389|4.9|4.8|5|8
23.4|93.96|1057|389|4.9|4.8|5|8
23.5|94.04|1057|389|4.9|4.9|5|8
23.6|94.15|1057|389|4.9|4.9|5|8
23.7|94.15|1057|389|4.9|4.9|5|8
23.8|94.05|1054|389|4.9|4.9|5|8
23.9|94.09|1054|389|4.9|4.9|5|8
24|94.09|1054|389|4.9|4.9|5|8
24.1|94.1|1052|389|4.9|4.9|5|8
24.2|94.1|1052|388|4.9|4.9|5|8
24.3|94.1|1052|388|4.9|4.9|5|8
24.4|94.1|1052|388|4.9|4.9|5|8
24.5|94.09|1052|389|4.9|4.9|5|8
24.6|94.1|1052|388|4.9|4.9|5|8
24.7|94.05|1052|389|4.9|4.9|5|8
24.8|94.13|1049|389|4.9|4.9|5|8
24.9|94.13|1052|388|4.9|4.9|5|8
25|94.19|1052|389|4.9|4.9|5|8
25.1|94.05|1052|388|4.9|4.9|5|8
25.2|94.12|1049|389|4.9|4.9|2|8
25.3|93.96|1049|389|4.9|4.9|2|8
25.4|93.62|1052|389|4.9|4.9|2|8
25.5|93.21|1052|389|4.9|4.9|2|8
25.6|92.72|1170|388|4.9|4.9|2|8
25.7|92.39|1624|390|4.9|4.9|3|8
25.8|92.2|1747|390|4.9|4.9|3|8
25.9|91.93|1848|389|4.9|4.9|3|8
26|91.82|1869|389|4.9|4.9|3|8
26.1|91.7|1879|389|4.9|4.9|3|8
26.2|91.62|1884|388|4.9|4.9|3|8
26.3|91.61|1887|388|4.9|4.9|3|8
26.4|91.61|1889|388|4.9|4.9|3|8
26.5|91.58|1889|388|4.9|4.9|3|8
26.6|91.56|1892|388|4.9|4.9|3|8
26.7|91.61|1892|388|4.9|4.9|3|8
26.8|91.61|1894|388|4.9|4.9|3|8
26.9|91.6|1894|388|4.9|4.9|3|8
27|91.6|1894|388|4.9|4.9|3|8
27.1|91.58|1894|388|5|5|3|8
27.2|91.62|1897|388|5|5|3|8
27.3|91.61|1897|388|5|5|3|8
27.4|91.61|1897|388|5|5|3|8
27.5|91.61|1897|388|5|5|3|8
27.6|91.61|1899|388|5|5|3|8
27.7|91.61|1899|388|5|5|4|8
27.8|91.69|1899|388|5|5|4|8
27.9|91.88|1892|388|5|5|4|8
28|92.17|1871|388|5|5|4|8
28.1|92.33|1869|388|5|5|4|8
28.2|93.02|1817|388|5|5|4|8
28.3|93.76|1090|389|5|5|5|8
28.4|94.06|1062|389|5|5|5|8
28.5|94.2|1059|388|5|5|5|8
28.6|94.27|1057|388|5|5|5|8
28.7|94.31|1057|388|5|5|5|8
28.8|94.28|1057|388|5|5|5|8
28.9|94.28|1057|388|5|5|5|8
29|94.33|1057|388|5|5|5|8
29.1|94.28|1054|388|5|5|5|8
29.2|94.29|1054|388|5|5|5|8
29.3|94.31|1054|388|5|5|5|8
29.4|94.33|1054|388|5|5|5|8
29.5|94.28|1054|388|5|5|5|8
29.6|94.29|1052|388|5|5|5|8
29.7|94.29|1054|388|5|5|5|8
29.8|94.29|1052|388|5|5|5|8
29.9|94.31|1052|388|5|5|5|8
30|94.31|1052|388|5|5|5|8
30.1|94.32|1054|388|5|5|5|8
30.2|94.35|1052|388|5|5|5|8
30.3|94.32|1052|388|5|5|2|8
30.4|94.1|1052|388|5|5|2|8
30.5|93.78|1052|388|5|5|2|8
30.6|93.31|1052|388|5|5|2|8
30.7|92.91|1152|388|5|5|2|8
30.8|92.47|1655|388|5.1|5|3|8
30.9|92.37|1753|388|5.1|5|3|8
31|92.25|1840|388|5.1|5.1|3|8
31.1|92.01|1861|388|5.1|5.1|3|8
31.2|91.93|1874|388|5.1|5.1|3|8
31.3|91.81|1884|388|5.1|5.1|3|8
31.4|91.84|1889|388|5.1|5.1|3|8
31.5|91.8|1892|388|5.1|5.1|3|8
31.6|91.8|1894|388|5.1|5.1|3|8
31.7|91.8|1897|388|5.1|5.1|3|8
31.8|91.8|1899|388|5.1|5.1|3|8
31.9|91.78|1899|388|5.1|5.1|3|8
32|91.74|1899|388|5.1|5.1|3|8
32.1|91.78|1902|388|5.1|5.1|3|8
32.2|91.81|1902|388|5.1|5.1|3|8
32.3|91.77|1902|388|5.1|5.1|3|8
32.4|91.8|1902|388|5.1|5.1|3|8
32.5|91.78|1905|388|5.1|5.1|3|8
32.6|91.8|1902|388|5.1|5.1|3|8
32.7|91.78|1905|388|5.1|5.1|3|8
32.8|91.76|1905|388|5.1|5.1|4|8
32.9|91.81|1905|388|5.1|5.1|4|8
33|92.11|1889|388|5.1|5.1|4|8
33.1|92.32|1879|388|5.1|5.1|4|8
33.2|92.51|1874|388|5.1|5.1|4|8
33.3|93.41|1791|388|5.1|5.1|4|8
33.4|94.06|1098|389|5.1|5.1|5|8
33.5|94.35|1064|389|5.1|5.1|5|8
33.6|94.49|1062|389|5.1|5.1|5|8
33.7|94.53|1059|389|5.1|5.1|5|8
33.8|94.6|1059|389|5.1|5.1|5|8
33.9|94.63|1057|388|5.1|5.1|5|8
34|94.61|1057|388|5.1|5.1|5|8
34.1|94.63|1057|389|5.1|5.1|5|8
34.2|94.55|1054|388|5.1|5.1|5|8
34.3|94.6|1054|388|5.1|5.1|5|8
34.4|94.63|1054|388|5.1|5.1|5|8
34.5|94.6|1054|388|5.1|5.1|5|8
34.6|94.56|1054|389|5.1|5.1|5|8
34.7|94.59|1054|388|5.2|5.2|5|8
34.8|94.6|1054|388|5.2|5.2|5|8
34.9|94.59|1054|388|5.2|5.2|5|8
35|94.57|1054|388|5.2|5.2|5|8
35.1|94.6|1052|388|5.2|5.2|5|8
35.2|94.6|1054|388|5.2|5.2|5|8
35.3|94.64|1054|388|5.2|5.2|5|8
35.4|94.61|1052|388|5.2|5.2|2|8
35.5|94.41|1052|389|5.2|5.2|2|8
35.6|94.09|1052|389|5.2|5.2|2|8
35.7|93.66|1052|389|5.2|5.2|2|8
35.8|93.26|1180|388|5.2|5.2|2|8
35.9|92.74|1544|390|5.2|5.2|2|8
36|92.62|1817|389|5.2|5.2|3|8
36.1|92.51|1843|389|5.2|5.2|3|8
36.2|92.31|1861|389|5.2|5.2|3|8
36.3|92.11|1871|388|5.2|5.2|3|8
36.4|91.97|1881|388|5.2|5.2|3|8
36.5|91.92|1887|388|5.2|5.2|3|8
36.6|91.94|1889|388|5.2|5.2|3|8
36.7|91.97|1892|389|5.2|5.2|3|8
36.8|91.94|1894|388|5.2|5.2|3|8
36.9|91.96|1894|388|5.2|5.2|3|8
37|91.96|1897|388|5.2|5.2|3|8
37.1|91.97|1897|388|5.2|5.2|3|8
37.2|91.98|1899|388|5.2|5.2|3|8
37.3|91.93|1899|388|5.2|5.2|3|8
37.4|91.94|1899|388|5.2|5.2|3|8
37.5|91.96|1899|389|5.2|5.2|3|8
37.6|91.97|1902|389|5.2|5.2|3|8
37.7|91.98|1902|388|5.2|5.2|3|8
37.8|91.96|1902|388|5.2|5.2|3|8
37.9|91.93|1905|388|5.2|5.2|3|8
38|92.02|1902|388|5.2|5.2|4|8
38.1|92.29|1897|388|5.2|5.2|4|8
38.2|92.44|1887|389|5.2|5.2|4|8
38.3|92.86|1863|389|5.2|5.2|4|8
38.4|93.55|1098|390|5.2|5.2|2|8
38.5|93.62|1064|390|5.2|5.2|2|8
38.6|93.61|1062|390|5.2|5.2|2|8
38.7|93.57|1062|390|5.2|5.2|2|8
38.8|93.57|1059|390|5.2|5.2|2|8
38.9|93.45|1059|389|5.2|5.2|2|8
39|93.37|1059|389|5.2|5.2|2|8
39.1|93.38|1057|389|5.2|5.2|2|8
39.2|93.25|1057|389|5.2|5.2|2|8
39.3|93.22|1057|389|5.2|5.2|2|8
39.4|93.17|1057|389|5.2|5.2|2|8
39.5|93.02|1077|389|5.2|5.2|2|8
39.6|93.03|1062|389|5.2|5.2|2|8
39.7|92.99|1085|390|5.2|5.2|2|8
39.8|92.88|1180|390|5.2|5.2|2|8
39.9|92.84|1085|389|5.3|5.3|2|8
40|92.74|1198|390|5.3|5.3|2|8
40.1|92.68|1131|390|5.3|5.3|2|8
40.2|92.66|1162|390|5.3|5.3|2|8
40.3|92.62|1634|390|5.3|5.3|2|8
40.4|92.53|1693|390|5.3|5.3|2|8
40.5|92.63|1144|390|5.3|5.3|2|8
40.6|92.82|1059|389|5.3|5.3|2|8
40.7|92.82|1057|389|5.3|5.3|2|8
40.8|92.74|1054|389|5.3|5.3|2|8
40.9|92.68|1054|389|5.3|5.3|2|8
41|92.64|1054|389|5.3|5.3|2|8
41.1|92.63|1067|389|5.3|5.3|2|8
41.2|92.62|1204|389|5.3|5.3|2|8
41.3|92.39|1340|390|5.3|5.3|2|8
41.4|92.43|1095|390|5.3|5.3|2|8
41.5|92.39|1309|390|5.3|5.3|2|8
41.6|92.29|1436|390|5.3|5.3|2|8
41.7|92.21|1183|390|5.3|5.3|2|8
41.8|92.16|1286|390|5.3|5.3|2|8
41.9|92.05|1113|390|5.3|5.3|2|8
42|92.01|1235|390|5.3|5.3|2|8
42.1|91.97|1211|390|5.3|5.3|2|8
42.2|91.9|1183|390|5.3|5.3|2|8
42.3|91.84|1278|390|5.3|5.3|2|8
42.4|91.8|1299|390|5.3|5.3|2|8
42.5|91.72|1232|390|5.3|5.3|2|8
42.6|91.62|1253|390|5.3|5.3|2|8
42.7|91.54|1191|389|5.3|5.3|2|8
42.8|91.51|1338|390|5.3|5.3|2|8
42.9|91.39|1219|390|5.3|5.3|2|8
43|91.35|1276|390|5.3|5.3|2|8
43.1|91.25|1204|390|5.3|5.3|2|8
43.2|91.21|1178|390|5.3|5.3|2|8
43.3|91.14|1237|390|5.3|5.3|2|8
43.4|91.05|1175|390|5.3|5.3|2|8
43.5|90.98|1366|390|5.3|5.3|2|8
43.6|90.9|1265|390|5.3|5.3|2|8
43.7|90.82|1240|390|5.3|5.3|2|8
43.8|90.72|1157|390|5.3|5.3|2|8
43.9|90.64|1180|390|5.3|5.3|2|8
44|90.54|1113|390|5.3|5.3|2|8
44.1|90.52|1188|390|5.3|5.3|2|8
44.2|90.4|1142|390|5.3|5.3|2|8
44.3|90.33|1098|390|5.3|5.3|2|8
44.4|90.25|1232|390|5.3|5.3|2|8
44.5|90.19|1235|390|5.3|5.3|2|8
44.6|90.05|1183|390|5.3|5.3|2|8
44.7|89.96|1214|389|5.3|5.3|2|8
44.8|89.89|1198|389|5.3|5.3|2|8
44.9|89.81|1209|390|5.3|5.3|2|8
45|89.73|1302|390|5.3|5.3|2|8
45.1|89.6|1193|390|5.3|5.3|2|8
45.2|89.56|1191|390|5.3|5.3|2|8
45.3|89.42|1180|389|5.3|5.3|2|8
45.4|89.34|1196|389|5.3|5.3|2|8
45.5|89.21|1160|389|5.3|5.3|2|8
45.6|89.14|1250|390|5.3|5.3|2|8
45.7|89.06|1155|390|5.3|5.3|2|8
45.8|88.88|1265|389|5.3|5.3|2|8
45.9|88.88|1253|389|5.3|5.3|2|8
46|88.72|1193|390|5.3|5.3|2|8
46.1|88.63|1085|390|5.3|5.3|2|8
46.2|88.56|1178|389|5.3|5.3|2|8
46.3|88.43|1291|390|5.3|5.3|2|8
46.4|88.29|1206|390|5.3|5.3|2|8
46.5|88.2|1180|390|5.3|5.3|2|8
46.6|88.11|1216|390|5.3|5.3|2|8
46.7|88.03|1191|389|5.3|5.3|2|8
46.8|87.92|1193|389|5.3|5.3|2|8
46.9|87.77|1224|390|5.3|5.3|2|8
47|87.65|1214|389|5.3|5.3|2|8
47.1|87.57|1216|390|5.3|5.3|2|8
47.2|87.38|1196|390|5.3|5.3|2|8
47.3|87.31|1309|390|5.3|5.3|2|8
47.4|87.15|1211|390|5.3|5.3|2|8
47.5|87.07|1204|390|5.3|5.3|2|8
47.6|86.94|1147|389|5.4|5.3|2|8
47.7|86.8|1149|390|5.3|5.3|2|8
47.8|86.68|1338|389|5.3|5.4|2|8
47.9|86.59|1216|390|5.4|5.3|2|8
48|86.39|1307|390|5.4|5.4|2|8
48.1|86.32|1196|390|5.4|5.4|2|8
48.2|86.19|1129|390|5.4|5.4|2|8
48.3|86.07|1242|390|5.4|5.4|2|8
48.4|85.97|1193|390|5.4|5.4|2|8
48.5|85.77|1193|390|5.4|5.4|2|8
48.6|85.65|1289|390|5.4|5.4|2|8
48.7|85.46|1170|390|5.4|5.4|2|8
48.8|85.41|1155|390|5.4|5.4|2|8
48.9|85.22|1175|390|5.4|5.4|2|8
49|85.09|1090|390|5.4|5.4|2|8
49.1|84.97|1247|390|5.4|5.4|2|8
49.2|84.82|1214|390|5.4|5.4|2|8
49.3|84.6|1219|390|5.4|5.4|2|8
49.4|84.46|1131|390|5.4|5.4|2|8
49.5|84.39|1198|390|5.4|5.4|2|8
49.6|84.23|1289|390|5.4|5.4|2|8
49.7|84.09|1338|390|5.4|5.4|2|8
49.8|83.92|1265|390|5.4|5.4|2|8
49.9|83.7|1237|390|5.4|5.4|2|8
50|83.61|1255|390|5.4|5.4|2|8
50.1|83.44|1237|390|5.4|5.4|2|8
50.2|83.22|1369|390|5.4|5.4|2|8
50.3|83.09|1330|390|5.4|5.4|2|8
50.4|82.99|1175|390|5.4|5.4|2|8
50.5|82.93|1168|390|5.4|5.4|2|8
50.6|82.89|1075|390|5.4|5.4|2|8
50.7|82.77|1116|390|5.4|5.4|2|8
50.8|82.74|1070|390|5.4|5.4|2|8
50.9|82.67|1160|390|5.4|5.4|2|8
51|82.55|1142|390|5.4|5.4|2|8
51.1|82.47|1131|390|5.4|5.4|2|8
51.2|82.35|1162|390|5.4|5.4|2|8
51.3|82.28|1165|390|5.4|5.4|2|8
51.4|82.16|1183|390|5.4|5.4|2|8
51.5|82.15|1175|390|5.4|5.4|2|8
51.6|82.03|1204|390|5.4|5.4|2|8
51.7|81.92|1206|390|5.4|5.4|2|8
51.8|81.76|1129|390|5.4|5.4|2|8
51.9|81.68|1170|390|5.4|5.4|2|8
52|81.49|1155|390|5.4|5.4|2|8
52.1|81.41|1175|390|5.4|5.4|2|8
52.2|81.24|1168|390|5.4|5.4|2|8
52.3|81.1|1188|390|5.4|5.4|2|8
52.4|80.94|1258|390|5.4|5.4|2|8
52.5|80.82|1235|390|5.4|5.4|2|8
52.6|80.59|1338|390|5.4|5.4|2|8
52.7|80.43|1258|390|5.4|5.4|2|8
52.8|80.15|1433|390|5.4|5.4|6|8
52.9|78.39|1912|389|5.4|5.4|6|8
53|75.6|1088|390|5.3|5.3|6|8
53.1|72.9|0|388|5.4|5.3|7|8
53.2|71.06|0|388|5.4|5.4|7|8
53.3|70.18|0|388|5.4|5.4|7|8
53.4|69.8|0|388|5.3|5.4|7|8
53.5|69.61|0|388|5.4|5.3|7|8
53.6|69.45|0|388|5.3|5.4|7|8
53.7|69.44|0|388|5.3|5.3|7|8
53.8|69.44|0|388|5.4|5.4|7|8
53.9|69.41|0|388|5.4|5.4|7|8
54|69.4|0|388|5.4|5.4|7|8
54.1|69.41|0|388|5.4|5.4|7|8
54.2|69.39|0|388|5.4|5.4|7|8
54.3|69.36|0|388|5.4|5.4|7|8
54.4|69.39|0|388|5.4|5.4|7|8
54.5|69.37|0|388|5.4|5.4|7|8
54.6|69.41|0|388|5.4|5.4|7|8
54.7|69.41|0|388|5.4|5.4|7|8
54.8|69.43|0|388|5.4|5.4|7|8
54.9|69.48|0|388|5.4|5.4|7|8
55|69.48|0|388|5.4|5.4|7|8
55.1|69.47|0|388|5.4|5.4|7|8
55.2|69.51|0|388|5.4|5.4|7|8
55.3|69.39|0|388|5.4|5.4|7|8
55.4|69.33|0|388|5.4|5.4|7|8
55.5|69.35|0|388|5.4|5.4|7|8
55.6|69.37|0|388|5.4|5.4|7|8
55.7|69.37|0|387|5.4|5.4|7|8
55.8|69.37|0|387|5.4|5.4|7|8
55.9|69.37|0|387|5.4|5.4|7|8
56|69.37|0|387|5.4|5.4|7|8
56.1|69.37|0|387|5.4|5.4|7|8
56.2|69.39|0|387|5.4|5.4|7|8
56.3|69.4|0|387|5.4|5.4|7|8
56.4|69.47|0|387|5.4|5.4|7|8
56.5|69.51|0|387|5.4|5.4|7|8
56.6|69.45|0|387|5.4|5.4|7|8
56.7|69.43|0|387|5.4|5.4|7|8
56.8|69.37|0|387|5.4|5.4|7|8
56.9|69.33|0|387|5.4|5.4|7|8
57|69.32|0|387|5.4|5.4|7|8
57.1|69.35|0|387|5.4|5.4|7|8
57.2|69.36|0|387|5.4|5.4|7|8
57.3|69.37|0|387|5.4|5.4|7|8
57.4|69.37|0|387|5.4|5.4|7|8
57.5|69.37|0|387|5.4|5.4|7|8
57.6|69.39|0|387|5.4|5.4|7|8
57.7|69.4|0|387|5.4|5.4|7|8
57.8|69.49|0|387|5.4|5.4|7|8
57.9|69.41|0|387|5.4|5.4|7|8
58|69.33|0|387|5.4|5.4|7|8
58.1|69.33|0|387|5.4|5.4|7|8
58.2|69.37|0|387|5.4|5.4|7|8
58.3|69.37|0|387|5.4|5.4|7|8
58.4|69.36|0|387|5.4|5.4|7|8
58.5|69.36|0|387|5.4|5.4|7|8
58.6|69.39|0|387|5.4|5.4|7|8
58.7|69.37|0|387|5.4|5.4|7|8
58.8|69.37|0|387|5.4|5.4|7|8
58.9|69.37|0|387|5.4|5.4|7|8
59|69.37|0|387|5.4|5.4|7|8
59.1|69.37|0|387|5.4|5.4|7|8
59.2|69.37|0|387|5.4|5.4|7|8
59.3|69.37|0|387|5.4|5.4|7|8
59.4|69.37|0|387|5.4|5.4|7|8
59.5|69.4|0|387|5.4|5.4|7|8
59.6|69.47|0|387|5.4|5.4|7|8
59.7|69.37|0|387|5.4|5.4|7|8
59.8|69.3|0|387|5.4|5.4|7|8
59.9|69.33|0|387|5.4|5.4|7|8
60|69.37|0|387|5.4|5.4|7|8
60.1|69.37|0|387|5.4|5.4|7|8
60.2|69.37|0|387|5.4|5.4|7|8
60.3|69.39|0|387|5.4|5.4|7|8
60.4|69.51|0|387|5.4|5.4|7|8
60.5|69.37|0|388|5.4|5.4|7|8
60.6|69.36|0|387|5.4|5.4|7|8
60.7|69.29|0|388|5.4|5.4|7|8
60.8|69.32|0|387|5.4|5.4|7|8
60.9|69.37|0|388|5.4|5.4|7|8
61|69.39|0|387|5.4|5.4|7|8
61.1|69.47|0|387|5.4|5.4|7|8
61.2|69.36|0|388|5.4|5.4|7|8
61.3|69.33|0|387|5.4|5.4|7|8
61.4|69.33|0|388|5.4|5.4|7|8
61.5|69.37|0|387|5.4|5.4|7|8
61.6|69.47|0|388|5.4|5.4|7|8
61.7|69.39|0|387|5.4|5.4|7|8
61.8|69.36|0|387|5.4|5.4|7|8
61.9|69.36|0|387|5.4|5.4|7|8
62|69.32|0|387|5.4|5.4|7|8
62.1|69.33|0|387|5.4|5.4|7|8
62.2|69.39|0|387|5.4|5.4|7|8
62.3|69.43|0|387|5.4|5.4|7|8
62.4|69.37|0|387|5.4|5.4|7|8
62.5|69.35|0|387|5.4|5.4|7|8
62.6|69.32|0|387|5.4|5.4|7|8
62.7|69.33|0|387|5.4|5.4|7|8
62.8|69.39|0|388|5.4|5.4|7|8
62.9|69.43|0|388|5.4|5.4|7|8
63|69.37|0|388|5.4|5.4|7|8
63.1|69.33|0|388|5.4|5.4|7|8
63.2|69.32|0|387|5.4|5.4|7|8
63.3|69.35|0|387|5.4|5.4|7|8
63.4|69.37|0|387|5.4|5.4|7|8
63.5|69.43|0|388|5.4|5.4|7|8
63.6|69.37|0|392|5.4|5.4|7|8
63.7|69.36|0|394|5.4|5.4|7|8
63.8|69.36|0|394|5.4|5.4|7|8
63.9|69.33|0|394|5.4|5.4|7|8
64|69.3|0|394|5.4|5.4|7|8
64.1|69.35|0|394|5.4|5.4|7|8
64.2|69.37|0|395|5.4|5.4|7|8
64.3|69.43|0|395|5.4|5.4|7|8
64.4|69.36|0|395|5.4|5.4|7|8
64.5|69.36|0|395|5.4|5.4|7|8
64.6|69.36|0|395|5.4|5.4|7|8
64.7|69.36|0|395|5.4|5.4|7|8
64.8|69.3|0|395|5.4|5.4|7|8
64.9|69.33|0|395|5.4|5.4|7|8
65|69.36|0|395|5.4|5.4|7|8
65.1|69.36|0|395|5.4|5.4|7|8
65.2|69.47|0|395|5.4|5.4|7|8
65.3|69.39|0|395|5.4|5.4|7|8
65.4|69.36|0|395|5.4|5.4|7|8
65.5|69.36|0|395|5.4|5.4|7|8
65.6|69.36|0|395|5.4|5.4|7|8
65.7|69.36|0|395|5.4|5.4|7|8
65.8|69.36|0|395|5.4|5.4|7|8
65.9|69.36|0|395|5.4|5.4|7|8
66|69.36|0|395|5.4|5.4|7|8
66.1|69.36|0|395|5.4|5.4|8|8
66.2|69.28|0|395|5.4|5.4|8|8
66.3|69.26|0|395|5.4|5.4|8|8
66.4|69.25|0|395|5.4|5.4|8|8
66.5|69.24|0|395|5.4|5.4|8|8
66.6|69.3|0|395|5.3|5.3|8|8
66.7|69.3|0|395|5.3|5.3|8|8
66.8|69.35|0|395|5.3|5.3|8|8
66.9|69.3|0|395|5.3|5.3|8|8
67|69.3|0|395|5.3|5.3|8|8
67.1|69.3|0|395|5.3|5.3|8|8
67.2|69.3|0|395|5.2|5.2|8|8
67.3|69.29|0|395|5.2|5.2|8|8
67.4|69.26|0|395|5.2|5.2|8|8
67.5|69.3|0|395|5.2|5.2|8|8
67.6|69.32|0|395|5.2|5.2|8|8
67.7|69.29|0|396|5.2|5.2|8|8
67.8|69.3|0|396|5.2|5.2|8|8
67.9|69.33|0|396|5.2|5.2|8|8
68|69.36|0|396|5.2|5.2|8|8
68.1|70.46|0|396|5.2|5.2|8|8
68.2|73.42|0|396|5.2|5.2|8|8
68.3|76.42|0|396|5.1|5.1|8|8
68.4|79.4|0|395|5.1|5.1|8|8
68.5|82.39|0|395|5.1|5.1|8|8
68.6|85.33|0|395|5.1|5.1|8|8
68.7|88.2|0|395|5.1|5.1|8|8
68.8|91.14|0|395|5.1|5.1|8|8
68.9|93.84|0|395|5.1|5.1|8|8
69|95.14|0|395|5.1|5.1|8|8
69.1|95.7|0|395|5.1|5.1|8|8
