0|96|1387|459|5.2|5.2|1|8
0.1|96.08|1582|461|5.2|5.2|1|8
0.2|96.12|1595|462|5.2|5.2|1|8
0.3|96.05|1611|462|5.2|5.2|1|8
0.4|96|1613|462|5.2|5.2|1|8
0.5|96.1|1624|463|5.2|5.2|3|8
0.6|96.06|1631|463|5.2|5.2|3|8
0.7|96.08|1647|463|5.2|5.2|3|8
0.8|96.04|1649|463|5.2|5.2|3|8
0.9|96.05|1655|463|5.2|5.2|3|8
1|96.08|1657|463|5.2|5.2|3|8
1.1|96.05|1660|463|5.2|5.2|3|8
1.2|95.98|1665|464|5.2|5.2|3|8
1.3|95.97|1668|464|5.2|5.2|3|8
1.4|96.02|1668|464|5.2|5.2|3|8
1.5|96.04|1668|464|5.2|5.2|3|8
1.6|96.02|1673|464|5.2|5.2|3|8
1.7|96|1673|464|5.2|5.2|3|8
1.8|95.96|1675|464|5.2|5.2|3|8
1.9|95.97|1675|465|5.2|5.2|3|8
2|96.04|1675|465|5.2|5.2|3|8
2.1|96.01|1678|466|5.2|5.2|3|8
2.2|96.01|1678|466|5.2|5.2|3|8
2.3|96.01|1678|466|5.2|5.2|3|8
2.4|96.01|1680|466|5.2|5.2|3|8
2.5|96|1683|466|5.2|5.2|4|8
2.6|96.24|1673|466|5.2|5.2|4|8
2.7|96.67|1601|466|5.2|5.2|4|8
2.8|97.18|1106|466|5.2|5.2|5|8
2.9|97.27|1064|468|5.2|5.2|5|8
3|97.45|1062|468|5.2|5.2|5|8
3.1|97.46|1059|468|5.2|5.2|5|8
3.2|97.47|1059|468|5.2|5.2|5|8
3.3|97.46|1057|468|5.2|5.2|5|8
3.4|97.45|1057|468|5.2|5.2|5|8
3.5|97.51|1057|468|5.2|5.2|5|8
3.6|97.49|1057|468|5.2|5.2|5|8
3.7|97.46|1057|469|5.2|5.3|5|8
3.8|97.43|1057|470|5.3|5.3|5|8
3.9|97.5|1054|470|5.3|5.3|5|8
4|97.51|1057|470|5.3|5.3|5|8
4.1|97.47|1054|469|5.3|5.3|5|8
4.2|97.42|1054|469|5.3|5.3|5|8
4.3|97.45|1054|469|5.3|5.3|5|8
4.4|97.51|1054|469|5.3|5.3|5|8
4.5|97.5|1054|469|5.3|5.3|5|8
4.6|97.49|1054|469|5.3|5.3|5|8
4.7|97.5|1054|469|5.3|5.3|5|8
4.8|97.37|1054|469|5.3|5.3|2|8
4.9|97.16|1054|469|5.3|5.3|2|8
5|96.78|1070|469|5.3|5.3|2|8
5.1|96.4|1198|470|5.3|5.3|2|8
5.2|95.89|1289|470|5.3|5.3|2|8
5.3|95.42|1242|470|5.3|5.3|2|8
5.4|94.92|1366|468|5.3|5.3|2|8
5.5|94.51|1675|468|5.3|5.3|3|8
5.6|94.29|1709|468|5.3|5.3|3|8
5.7|94.13|1719|468|5.3|5.3|3|8
5.8|94.04|1724|468|5.3|5.3|3|8
5.9|94.02|1727|468|5.3|5.3|3|8
6|94.05|1729|468|5.3|5.3|3|8
6.1|94.04|1732|468|5.3|5.3|3|8
6.2|94.04|1735|468|5.3|5.3|3|8
6.3|94.04|1735|468|5.3|5.3|3|8
6.4|94.05|1735|468|5.3|5.3|3|8
6.5|94.02|1737|468|5.3|5.3|3|8
6.6|94.05|1737|468|5.3|5.3|3|8
6.7|94.01|1737|468|5.3|5.3|3|8
6.8|94.04|1740|468|5.3|5.3|3|8
6.9|94.04|1737|468|5.3|5.3|3|8
7|94.04|1740|468|5.3|5.3|3|8
7.1|94.04|1742|468|5.3|5.3|3|8
7.2|94.02|1742|468|5.3|5.3|3|8
7.3|94.04|1742|468|5.3|5.3|3|8
7.4|94.02|1742|468|5.3|5.3|3|8
7.5|94.06|1745|468|5.3|5.3|4|8
7.6|94.27|1742|468|5.3|5.3|4|8
7.7|94.61|1732|468|5.3|5.3|4|8
7.8|95.11|1680|468|5.3|5.3|4|8
7.9|95.65|1242|468|5.3|5.3|5|8
8|96.05|1072|470|5.3|5.3|5|8
8.1|96.08|1067|470|5.3|5.4|5|8
8.2|96.17|1067|470|5.3|5.4|5|8
8.3|96.2|1067|470|5.4|5.4|5|8
8.4|96.23|1064|470|5.4|5.4|5|8
8.5|96.25|1064|470|5.4|5.4|5|8
8.6|96.24|1064|470|5.4|5.4|5|8
8.7|96.21|1064|470|5.4|5.4|5|8
8.8|96.21|1062|470|5.4|5.4|5|8
8.9|96.19|1062|470|5.4|5.4|5|8
9|96.21|1062|470|5.4|5.4|5|8
9.1|96.21|1062|470|5.4|5.4|5|8
9.2|96.21|1062|470|5.4|5.4|5|8
9.3|96.23|1062|470|5.4|5.4|5|8
9.4|96.27|1062|470|5.4|5.4|5|8
9.5|96.25|1062|470|5.4|5.4|5|8
9.6|96.23|1062|469|5.4|5.4|5|8
9.7|96.21|1062|469|5.4|5.4|5|8
9.8|96.2|1064|469|5.4|5.4|5|8
9.9|96.2|1062|470|5.4|5.4|2|8
10|96.13|1062|469|5.4|5.4|2|8
10.1|95.82|1062|470|5.4|5.4|2|8
10.2|95.38|1064|469|5.4|5.4|2|8
10.3|94.95|1196|458|5.4|5.4|2|8
10.4|94.48|1662|443|5.4|5.4|3|8
10.5|94.21|1740|438|5.4|5.4|3|8
10.6|93.98|1753|437|5.4|5.4|3|8
10.7|93.92|1755|436|5.4|5.4|3|8
10.8|93.86|1760|436|5.4|5.4|3|8
10.9|93.86|1763|436|5.4|5.4|3|8
11|93.86|1763|436|5.4|5.4|3|8
11.1|93.9|1763|436|5.4|5.4|3|8
11.2|93.88|1765|436|5.4|5.4|3|8
11.3|93.89|1763|436|5.4|5.4|3|8
11.4|93.88|1765|436|5.4|5.4|3|8
11.5|93.89|1768|436|5.4|5.4|3|8
11.6|93.89|1768|436|5.4|5.4|3|8
11.7|93.89|1768|436|5.4|5.4|3|8
11.8|93.88|1771|436|5.4|5.4|3|8
11.9|93.89|1771|436|5.4|5.4|3|8
12|93.89|1771|436|5.4|5.4|3|8
12.1|93.89|1771|436|5.4|5.4|3|8
12.2|93.89|1771|436|5.4|5.4|3|8
12.3|93.85|1773|436|5.4|5.4|3|8
12.4|93.86|1773|436|5.4|5.4|4|8
12.5|94.02|1773|436|5.4|5.4|4|8
12.6|94.28|1768|436|5.4|5.4|4|8
12.7|94.8|1740|436|5.4|5.4|4|8
12.8|95.34|1196|436|5.4|5.4|5|8
12.9|95.63|1088|436|5.4|5.4|5|8
13|95.72|1082|436|5.4|5.4|5|8
13.1|95.8|1082|436|5.4|5.4|5|8
13.2|95.81|1080|436|5.4|5.4|5|8
13.3|95.8|1080|436|5.4|5.4|5|8
13.4|95.82|1080|435|5.4|5.4|5|8
13.5|95.84|1080|435|5.4|5.4|5|8
13.6|95.84|1080|435|5.4|5.4|5|8
13.7|95.85|1080|435|5.4|5.4|5|8
13.8|95.85|1077|434|5.4|5.4|5|8
13.9|95.82|1080|434|5.4|5.4|5|8
14|95.78|1077|434|5.4|5.4|5|8
14.1|95.78|1077|434|5.4|5.4|5|8
14.2|95.8|1077|434|5.4|5.4|5|8
14.3|95.8|1077|434|5.4|5.4|5|8
14.4|95.84|1077|434|5.4|5.4|5|8
14.5|95.84|1077|434|5.4|5.4|5|8
14.6|95.88|1077|434|5.4|5.4|5|8
14.7|95.78|1077|434|5.4|5.4|5|8
14.8|95.81|1077|434|5.4|5.4|2|8
14.9|95.78|1077|434|5.4|5.4|2|8
15|95.38|1077|434|5.4|5.4|2|8
15.1|94.99|1106|434|5.4|5.4|2|8
15.2|94.52|1611|433|5.4|5.4|3|8
15.3|94.15|1740|434|5.4|5.4|3|8
15.4|93.92|1760|434|5.4|5.4|3|8
15.5|93.9|1768|435|5.4|5.4|3|8
15.6|93.85|1771|435|5.4|5.4|3|8
15.7|93.84|1773|435|5.4|5.4|3|8
15.8|93.78|1776|435|5.4|5.4|3|8
15.9|93.82|1773|435|5.4|5.4|3|8
16|93.82|1776|435|5.4|5.4|3|8
16.1|93.82|1776|435|5.4|5.4|3|8
16.2|93.82|1776|435|5.4|5.4|3|8
16.3|93.82|1776|435|5.4|5.4|3|8
16.4|93.81|1776|435|5.4|5.4|3|8
16.5|93.81|1776|435|5.4|5.4|3|8
16.6|93.81|1776|435|5.4|5.4|3|8
16.7|93.82|1778|435|5.4|5.4|3|8
16.8|93.81|1778|435|5.4|5.4|3|8
16.9|93.8|1778|435|5.4|5.4|3|8
17|93.81|1778|435|5.4|5.4|3|8
17.1|93.84|1778|435|5.4|5.4|3|8
17.2|93.82|1778|435|5.4|5.4|4|8
17.3|93.84|1778|435|5.4|5.4|4|8
17.4|94.21|1773|435|5.4|5.4|4|8
17.5|94.67|1701|435|5.4|5.4|4|8
17.6|95.08|1101|436|5.4|5.4|5|8
17.7|95.38|1085|436|5.4|5.4|5|8
17.8|95.43|1082|436|5.4|5.4|5|8
17.9|95.39|1080|435|5.4|5.4|5|8
18|95.43|1080|434|5.4|5.4|5|8
18.1|95.46|1080|434|5.4|5.4|5|8
18.2|95.53|1077|434|5.4|5.4|5|8
18.3|95.42|1077|434|5.4|5.4|5|8
18.4|95.47|1077|434|5.4|5.4|5|8
18.5|95.49|1077|434|5.4|5.4|5|8
18.6|95.46|1077|434|5.4|5.4|5|8
18.7|95.47|1077|434|5.4|5.4|5|8
18.8|95.47|1077|434|5.4|5.4|5|8
18.9|95.47|1077|433|5.4|5.4|5|8
19|95.47|1077|434|5.4|5.4|5|8
19.1|95.47|1077|433|5.4|5.4|5|8
19.2|95.46|1077|433|5.4|5.4|5|8
19.3|95.45|1077|433|5.4|5.4|5|8
19.4|95.47|1077|433|5.4|5.4|5|8
19.5|95.43|1077|433|5.4|5.4|5|8
19.6|95.54|1077|432|5.4|5.4|2|8
19.7|95.23|1077|433|5.4|5.4|2|8
19.8|94.84|1077|433|5.4|5.4|2|8
19.9|94.41|1294|433|5.4|5.4|2|8
20|93.97|1737|433|5.4|5.4|3|8
20.1|93.82|1768|434|5.4|5.4|3|8
20.2|93.66|1773|434|5.4|5.4|3|8
20.3|93.58|1799|425|5.4|5.4|3|8
20.4|93.64|1804|413|5.4|5.4|3|8
20.5|93.64|1807|409|5.4|5.4|3|8
20.6|93.61|1809|408|5.4|5.4|3|8
20.7|93.66|1812|407|5.4|5.4|3|8
20.8|93.61|1812|407|5.4|5.4|3|8
20.9|93.62|1814|407|5.4|5.4|3|8
21|93.65|1814|407|5.4|5.4|3|8
21.1|93.6|1817|407|5.4|5.4|3|8
21.2|93.62|1817|407|5.4|5.4|3|8
21.3|93.62|1817|407|5.4|5.4|3|8
21.4|93.6|1817|407|5.4|5.4|3|8
21.5|93.64|1817|407|5.4|5.4|3|8
21.6|93.61|1817|407|5.4|5.4|3|8
21.7|93.6|1820|407|5.4|5.4|3|8
21.8|93.62|1820|407|5.4|5.4|3|8
21.9|93.61|1820|407|5.4|5.4|3|8
22|93.66|1822|407|5.4|5.4|4|8
22.1|93.82|1817|407|5.4|5.4|4|8
22.2|94.35|1655|407|5.4|5.4|4|8
22.3|94.78|1108|407|5.4|5.4|5|8
22.4|94.92|1095|406|5.4|5.4|5|8
22.5|95.06|1095|405|5.4|5.4|5|8
22.6|95.07|1093|405|5.4|5.4|5|8
22.7|95.07|1093|404|5.4|5.4|5|8
22.8|95.07|1090|404|5.4|5.4|5|8
22.9|95.1|1090|404|5.4|5.4|5|8
23|95.1|1090|404|5.4|5.4|5|8
23.1|95.04|1088|404|5.4|5.4|5|8
23.2|95.04|1088|404|5.4|5.4|5|8
23.3|95.06|1090|404|5.4|5.4|5|8
23.4|95.06|1088|404|5.4|5.4|5|8
23.5|95.08|1088|404|5.4|5.4|5|8
23.6|95.15|1088|404|5.4|5.4|5|8
23.7|95.07|1088|404|5.4|5.4|5|8
23.8|95.06|1088|404|5.4|5.4|5|8
23.9|95.08|1088|404|5.4|5.4|5|8
24|95.08|1088|404|5.4|5.4|5|8
24.1|95.06|1088|404|5.4|5.4|5|8
24.2|95.06|1088|404|5.4|5.4|5|8
24.3|95.12|1088|404|5.4|5.4|2|8
24.4|94.82|1088|404|5.4|5.4|2|8
24.5|94.4|1088|404|5.4|5.4|2|8
24.6|93.96|1675|404|5.4|5.4|3|8
24.7|93.69|1794|405|5.4|5.4|3|8
24.8|93.55|1812|405|5.4|5.4|3|8
24.9|93.39|1817|406|5.4|5.4|3|8
25|93.41|1820|406|5.4|5.4|3|8
25.1|93.37|1822|406|5.4|5.4|3|8
25.2|93.37|1822|406|5.4|5.4|3|8
25.3|93.39|1825|406|5.4|5.4|3|8
25.4|93.39|1827|407|5.4|5.4|3|8
25.5|93.37|1827|407|5.4|5.4|3|8
25.6|93.35|1827|406|5.4|5.4|3|8
25.7|93.37|1830|406|5.4|5.4|3|8
25.8|93.37|1830|406|5.4|5.4|3|8
25.9|93.39|1830|407|5.4|5.4|3|8
26|93.41|1827|407|5.4|5.4|3|8
26.1|93.39|1830|407|5.4|5.4|3|8
26.2|93.37|1830|407|5.4|5.4|3|8
26.3|93.37|1832|407|5.4|5.4|3|8
26.4|93.34|1830|407|5.4|5.4|3|8
26.5|93.39|1832|407|5.4|5.4|3|8
26.6|93.39|1832|407|5.4|5.4|4|8
26.7|93.46|1835|407|5.4|5.4|4|8
26.8|93.76|1825|407|5.4|5.4|4|8
26.9|94.27|1361|407|5.4|5.4|5|8
27|94.64|1103|406|5.4|5.4|5|8
27.1|94.72|1095|405|5.4|5.4|5|8
27.2|94.75|1095|404|5.4|5.4|5|8
27.3|94.83|1093|404|5.4|5.4|5|8
27.4|94.92|1093|404|5.4|5.4|5|8
27.5|94.83|1090|404|5.4|5.4|5|8
27.6|94.87|1090|404|5.4|5.4|5|8
27.7|94.87|1090|404|5.4|5.4|5|8
27.8|94.87|1090|404|5.4|5.4|5|8
27.9|94.94|1088|404|5.4|5.4|5|8
28|94.84|1090|404|5.4|5.4|5|8
28.1|94.87|1088|404|5.4|5.4|5|8
28.2|94.87|1088|404|5.4|5.4|5|8
28.3|94.88|1088|404|5.4|5.4|5|8
28.4|94.86|1088|404|5.4|5.4|5|8
28.5|94.91|1088|404|5.4|5.4|5|8
28.6|94.9|1088|404|5.4|5.4|5|8
28.7|94.83|1088|404|5.4|5.4|5|8
28.8|94.88|1088|404|5.4|5.4|5|8
28.9|94.86|1088|404|5.4|5.4|2|8
29|94.8|1088|404|5.4|5.4|2|8
29.1|94.53|1088|404|5.4|5.4|2|8
29.2|94.09|1126|404|5.4|5.4|2|8
29.3|93.66|1758|404|5.4|5.4|3|8
29.4|93.42|1812|405|5.4|5.4|3|8
29.5|93.37|1825|405|5.4|5.4|3|8
29.6|93.17|1830|406|5.4|5.4|3|8
29.7|93.19|1830|405|5.4|5.4|3|8
29.8|93.3|1832|406|5.4|5.4|3|8
29.9|93.21|1835|406|5.4|5.4|3|8
30|93.21|1835|406|5.4|5.4|3|8
30.1|93.25|1838|406|5.4|5.4|3|8
30.2|93.25|1838|406|5.4|5.4|3|8
30.3|93.21|1848|402|5.4|5.4|3|8
30.4|93.21|1848|397|5.4|5.4|3|8
30.5|93.25|1851|396|5.4|5.4|3|8
30.6|93.19|1851|394|5.4|5.4|3|8
30.7|93.21|1851|394|5.4|5.4|3|8
30.8|93.26|1851|394|5.4|5.4|3|8
30.9|93.23|1851|394|5.4|5.4|3|8
31|93.21|1851|394|5.4|5.4|3|8
31.1|93.21|1853|394|5.4|5.4|3|8
31.2|93.26|1853|394|5.4|5.4|3|8
31.3|93.19|1853|394|5.4|5.4|4|8
31.4|93.42|1853|394|5.4|5.4|4|8
31.5|93.8|1817|395|5.4|5.4|4|8
31.6|94.28|1149|395|5.4|5.4|5|8
31.7|94.56|1106|394|5.4|5.4|5|8
31.8|94.66|1101|394|5.4|5.4|5|8
31.9|94.76|1098|394|5.4|5.4|5|8
32|94.76|1098|394|5.4|5.4|5|8
32.1|94.78|1095|394|5.4|5.4|5|8
32.2|94.78|1095|394|5.4|5.4|5|8
32.3|94.78|1095|394|5.4|5.4|5|8
32.4|94.78|1095|394|5.4|5.4|5|8
32.5|94.76|1093|394|5.4|5.4|5|8
32.6|94.76|1093|394|5.4|5.4|5|8
32.7|94.8|1093|394|5.4|5.4|5|8
32.8|94.79|1093|393|5.4|5.4|5|8
32.9|94.71|1093|393|5.4|5.4|5|8
33|94.75|1093|393|5.4|5.4|5|8
33.1|94.76|1093|393|5.4|5.4|5|8
33.2|94.76|1093|393|5.4|5.4|5|8
33.3|94.78|1093|393|5.4|5.4|5|8
33.4|94.78|1093|393|5.4|5.4|5|8
33.5|94.82|1093|393|5.4|5.4|5|8
33.6|94.76|1090|393|5.4|5.4|2|8
33.7|94.66|1090|393|5.4|5.4|2|8
33.8|94.31|1090|393|5.4|5.4|2|8
33.9|93.86|1296|394|5.4|5.4|2|8
34|93.45|1796|394|5.4|5.4|3|8
34.1|93.23|1832|394|5.4|5.4|3|8
34.2|93.17|1840|394|5.4|5.4|3|8
34.3|92.98|1845|394|5.4|5.4|3|8
34.4|93.04|1851|394|5.4|5.4|3|8
34.5|93|1851|394|5.4|5.4|3|8
34.6|93.02|1853|394|5.4|5.4|3|8
34.7|93.03|1856|394|5.4|5.4|3|8
34.8|93|1856|394|5.4|5.4|3|8
34.9|93.06|1856|394|5.4|5.4|3|8
35|93.02|1858|394|5.4|5.4|3|8
35.1|93.03|1858|394|5.4|5.4|3|8
35.2|93.04|1858|394|5.4|5.4|3|8
35.3|93|1858|394|5.4|5.4|3|8
35.4|93.02|1858|394|5.4|5.4|3|8
35.5|93.03|1858|394|5.4|5.4|3|8
35.6|93.03|1861|394|5.4|5.4|3|8
35.7|93.02|1861|394|5.4|5.4|3|8
35.8|93.03|1861|394|5.4|5.4|3|8
35.9|93.03|1861|394|5.4|5.4|3|8
36|93.04|1861|394|5.4|5.4|4|8
36.1|93.21|1861|394|5.4|5.4|4|8
36.2|93.72|1784|394|5.4|5.4|4|8
36.3|94.09|1116|394|5.4|5.4|2|8
36.4|94.23|1101|394|5.4|5.4|2|8
36.5|94.16|1098|394|5.4|5.4|2|8
36.6|94.06|1098|394|5.4|5.4|2|8
36.7|94.06|1095|394|5.4|5.4|2|8
36.8|94.01|1095|393|5.4|5.4|2|8
36.9|93.9|1093|393|5.4|5.4|2|8
37|93.9|1093|393|5.4|5.4|2|8
37.1|93.86|1093|393|5.4|5.4|2|8
37.2|93.82|1093|393|5.4|5.4|2|8
37.3|93.68|1278|393|5.4|5.4|2|8
37.4|93.62|1103|393|5.4|5.4|2|8
37.5|93.54|1235|392|5.4|5.4|2|8
37.6|93.55|1155|393|5.4|5.4|2|8
37.7|93.51|1418|394|5.4|5.4|2|8
37.8|93.37|1683|394|5.4|5.4|2|8
37.9|93.47|1722|394|5.4|5.4|2|8
38|93.69|1711|394|5.4|5.4|2|8
38.1|93.8|1472|394|5.4|5.4|2|8
38.2|93.94|1108|394|5.4|5.4|2|8
38.3|94.04|1095|393|5.4|5.4|2|8
38.4|94.04|1093|393|5.4|5.4|2|8
38.5|93.94|1093|393|5.4|5.4|2|8
38.6|93.92|1093|393|5.4|5.4|2|8
38.7|93.86|1090|393|5.4|5.4|2|8
38.8|93.82|1090|393|5.4|5.4|2|8
38.9|93.72|1165|392|5.4|5.4|2|8
39|93.61|1119|393|5.4|5.4|2|8
39.1|93.65|1116|392|5.4|5.4|2|8
39.2|93.51|1106|392|5.4|5.4|2|8
39.3|93.51|1180|392|5.4|5.4|2|8
39.4|93.41|1294|394|5.4|5.4|2|8
39.5|93.37|1307|394|5.4|5.4|2|8
39.6|93.27|1294|394|5.4|5.4|2|8
39.7|93.17|1116|394|5.4|5.4|2|8
39.8|93.15|1160|393|5.4|5.4|2|8
39.9|93.17|1314|393|5.4|5.4|2|8
40|93|1250|393|5.4|5.4|2|8
40.1|93.02|1289|394|5.4|5.4|2|8
40.2|92.84|1273|394|5.4|5.4|2|8
40.3|92.83|1271|394|5.4|5.4|2|8
40.4|92.72|1224|393|5.4|5.4|2|8
40.5|92.66|1129|393|5.4|5.4|2|8
40.6|92.63|1204|393|5.4|5.4|2|8
40.7|92.63|1343|394|5.4|5.4|2|8
40.8|92.36|1253|394|5.4|5.4|2|8
40.9|92.39|1253|393|5.4|5.4|2|8
41|92.35|1330|394|5.4|5.4|2|8
41.1|92.2|1335|394|5.4|5.4|2|8
41.2|92.11|1265|394|5.4|5.4|2|8
41.3|92.05|1322|394|5.4|5.4|2|8
41.4|91.97|1289|393|5.4|5.4|2|8
41.5|91.92|1168|394|5.4|5.4|2|8
41.6|91.84|1268|394|5.4|5.4|2|8
41.7|91.7|1186|393|5.4|5.4|2|8
41.8|91.61|1188|394|5.4|5.4|2|8
41.9|91.54|1168|394|5.4|5.4|2|8
42|91.56|1186|393|5.4|5.4|2|8
42.1|91.37|1392|394|5.4|5.4|2|8
42.2|91.25|1340|394|5.4|5.4|2|8
42.3|91.25|1320|394|5.4|5.4|2|8
42.4|91.03|1327|394|5.4|5.4|2|8
42.5|90.99|1142|394|5.4|5.4|2|8
42.6|90.91|1229|394|5.4|5.4|2|8
42.7|90.8|1312|394|5.4|5.4|2|8
42.8|90.7|1263|394|5.4|5.4|2|8
42.9|90.6|1320|394|5.4|5.4|2|8
43|90.56|1271|394|5.4|5.4|2|8
43.1|90.41|1284|394|5.4|5.4|2|8
43.2|90.32|1198|394|5.4|5.4|2|8
43.3|90.27|1286|393|5.4|5.4|2|8
43.4|90.15|1296|393|5.4|5.4|2|8
43.5|89.99|1345|394|5.4|5.4|2|8
43.6|89.86|1255|393|5.4|5.4|2|8
43.7|89.82|1191|394|5.4|5.4|2|8
43.8|89.72|1289|394|5.4|5.4|2|8
43.9|89.53|1258|394|5.4|5.4|2|8
44|89.46|1299|394|5.4|5.4|2|8
44.1|89.38|1276|394|5.4|5.4|2|8
44.2|89.17|1222|394|5.4|5.4|2|8
44.3|89.1|1175|394|5.4|5.4|2|8
44.4|88.99|1521|393|5.4|5.4|2|8
44.5|88.88|1268|393|5.4|5.4|2|8
44.6|88.84|1168|393|5.4|5.4|2|8
44.7|88.71|1147|392|5.4|5.4|2|8
44.8|88.72|1175|392|5.4|5.4|2|8
44.9|88.59|1147|392|5.4|5.4|2|8
45|88.58|1113|392|5.4|5.4|2|8
45.1|88.48|1224|392|5.4|5.4|2|8
45.2|88.36|1191|393|5.4|5.4|2|8
45.3|88.31|1235|392|5.4|5.4|2|8
45.4|88.21|1183|392|5.4|5.4|2|8
45.5|88.2|1209|392|5.4|5.4|2|8
45.6|88.05|1144|392|5.4|5.4|2|8
45.7|88.05|1235|392|5.4|5.4|2|8
45.8|87.96|1291|392|5.4|5.4|2|8
45.9|87.89|1291|392|5.4|5.4|2|8
46|87.74|1227|392|5.4|5.4|2|8
46.1|87.65|1204|392|5.4|5.4|2|8
46.2|87.62|1227|392|5.4|5.4|2|8
46.3|87.56|1222|392|5.4|5.4|2|8
46.4|87.38|1180|392|5.4|5.4|2|8
46.5|87.34|1245|392|5.4|5.4|2|8
46.6|87.25|1237|392|5.4|5.4|2|8
46.7|87.13|1273|392|5.4|5.4|2|8
46.8|87.03|1170|392|5.4|5.4|2|8
46.9|86.94|1242|391|5.4|5.4|2|8
47|86.86|1268|392|5.4|5.4|2|8
47.1|86.74|1157|392|5.4|5.4|2|8
47.2|86.58|1273|392|5.4|5.4|2|8
47.3|86.54|1175|392|5.4|5.4|2|8
47.4|86.43|1340|392|5.4|5.4|2|8
47.5|86.25|1325|392|5.4|5.4|2|8
47.6|86.13|1191|392|5.4|5.4|2|8
47.7|86.05|1255|392|5.4|5.4|2|8
47.8|85.93|1271|393|5.4|5.4|2|8
47.9|85.72|1296|392|5.4|5.4|2|8
48|85.6|1240|392|5.4|5.4|2|8
48.1|85.46|1240|393|5.4|5.4|2|8
48.2|85.41|1235|392|5.4|5.4|2|8
48.3|85.21|1173|392|5.4|5.4|2|8
48.4|85.05|1247|392|5.4|5.4|2|8
48.5|84.94|1317|393|5.4|5.4|2|8
48.6|84.79|1255|392|5.4|5.4|2|8
48.7|84.59|1307|393|5.4|5.4|2|8
48.8|84.43|1253|392|5.4|5.4|2|8
48.9|84.24|1222|394|5.4|5.4|2|8
49|84.15|1265|392|5.4|5.4|2|8
49.1|83.89|1219|392|5.4|5.4|2|8
49.2|83.78|1436|392|5.4|5.4|2|8
49.3|83.6|1397|392|5.4|5.4|2|8
49.4|83.4|1405|393|5.4|5.4|2|8
49.5|83.18|1428|392|5.4|5.4|2|8
49.6|83.07|1441|392|5.4|5.4|2|8
49.7|82.42|1732|392|5.4|5.4|6|8
49.8|80.15|1925|392|5.4|5.4|6|8
49.9|77.37|394|392|5.4|5.4|7|8
50|74.9|0|390|5.4|5.4|7|8
50.1|73.38|0|389|5.4|5.4|7|8
50.2|72.65|0|388|5.4|5.4|7|8
50.3|72.4|0|388|5.4|5.4|7|8
50.4|72.2|0|388|5.4|5.4|7|8
50.5|72.15|0|388|5.4|5.4|7|8
50.6|72.15|0|388|5.4|5.4|7|8
50.7|72.04|0|388|5.4|5.4|7|8
50.8|72.06|0|388|5.4|5.4|7|8
50.9|72.06|0|388|5.4|5.4|7|8
51|72.06|0|388|5.4|5.4|7|8
51.1|72.1|0|388|5.4|5.4|7|8
51.2|72.12|0|388|5.4|5.4|7|8
51.3|72.15|0|388|5.4|5.4|7|8
51.4|72.14|0|388|5.4|5.4|7|8
51.5|72.03|0|388|5.4|5.4|7|8
51.6|72.04|0|388|5.4|5.4|7|8
51.7|72.04|0|388|5.4|5.4|7|8
51.8|72.03|0|388|5.4|5.4|7|8
51.9|72.06|0|388|5.4|5.4|7|8
52|72.07|0|388|5.4|5.4|7|8
52.1|72.11|0|388|5.4|5.4|7|8
52.2|72.11|0|388|5.4|5.4|7|8
52.3|72.12|0|388|5.4|5.4|7|8
52.4|72.02|0|388|5.4|5.4|7|8
52.5|72.04|0|388|5.4|5.4|7|8
52.6|72.07|0|388|5.4|5.4|7|8
52.7|72.15|0|388|5.4|5.4|7|8
52.8|72.03|0|388|5.4|5.4|7|8
52.9|72.02|0|388|5.4|5.4|7|8
53|72.03|0|388|5.4|5.4|7|8
53.1|72.04|0|388|5.4|5.4|7|8
53.2|72.06|0|388|5.4|5.4|7|8
53.3|72.04|0|388|5.4|5.4|7|8
53.4|72.03|0|388|5.4|5.4|7|8
53.5|72.06|0|388|5.4|5.4|7|8
53.6|72.07|0|388|5.4|5.4|7|8
53.7|72.1|0|388|5.4|5.4|7|8
53.8|72.12|0|388|5.4|5.4|7|8
53.9|72.03|0|388|5.4|5.4|7|8
54|72.03|0|388|5.4|5.4|7|8
54.1|72.04|0|388|5.4|5.4|7|8
54.2|72.04|0|388|5.4|5.4|7|8
54.3|72.04|0|388|5.4|5.4|7|8
54.4|72.03|0|388|5.4|5.4|7|8
54.5|72.06|0|388|5.4|5.4|7|8
54.6|72.06|0|388|5.4|5.4|7|8
54.7|72.06|0|388|5.4|5.4|7|8
54.8|72.11|0|388|5.4|5.4|7|8
54.9|72.11|0|388|5.4|5.4|7|8
55|72.11|0|388|5.4|5.4|7|8
55.1|71.99|0|388|5.4|5.4|7|8
55.2|72.04|0|388|5.4|5.4|7|8
55.3|72.03|0|388|5.4|5.4|7|8
55.4|72.04|0|388|5.4|5.4|7|8
55.5|72.06|0|388|5.4|5.4|7|8
55.6|72.07|0|388|5.4|5.4|7|8
55.7|72.15|0|388|5.4|5.4|7|8
55.8|72|0|388|5.4|5.4|7|8
55.9|72.03|0|388|5.4|5.4|7|8
56|72.04|0|388|5.4|5.4|7|8
56.1|72.04|0|388|5.4|5.4|7|8
56.2|72.06|0|388|5.4|5.4|7|8
56.3|72.07|0|388|5.4|5.4|7|8
56.4|72.15|0|388|5.4|5.4|7|8
56.5|71.99|0|388|5.4|5.4|7|8
56.6|72.04|0|388|5.4|5.4|7|8
56.7|72.1|0|388|5.4|5.4|7|8
56.8|72.02|0|388|5.4|5.4|7|8
56.9|72.02|0|388|5.4|5.4|7|8
57|72.1|0|388|5.4|5.4|7|8
57.1|72.02|0|388|5.4|5.4|7|8
57.2|72.02|0|388|5.4|5.4|7|8
57.3|72.07|0|388|5.4|5.4|7|8
57.4|72.04|0|388|5.4|5.4|7|8
57.5|72.03|0|388|5.4|5.4|7|8
57.6|72.02|0|388|5.4|5.4|7|8
57.7|72.06|0|388|5.4|5.4|7|8
57.8|72.12|0|388|5.4|5.4|7|8
57.9|72.02|0|388|5.4|5.4|7|8
58|72.02|0|388|5.4|5.4|7|8
58.1|72.08|0|388|5.4|5.4|7|8
58.2|72.03|0|388|5.4|5.4|7|8
58.3|72|0|388|5.4|5.4|7|8
58.4|72.04|0|388|5.4|5.4|7|8
58.5|72.12|0|388|5.4|5.4|7|8
58.6|72.02|0|388|5.4|5.4|7|8
58.7|72.02|0|388|5.4|5.4|7|8
58.8|72.11|0|388|5.4|5.4|7|8
58.9|72.03|0|388|5.4|5.4|7|8
59|72|0|388|5.4|5.4|7|8
59.1|72.06|0|388|5.4|5.4|7|8
59.2|72.06|0|388|5.4|5.4|7|8
59.3|72.03|0|388|5.4|5.4|7|8
59.4|72.02|0|388|5.4|5.4|7|8
59.5|72.06|0|388|5.4|5.4|7|8
59.6|72.06|0|388|5.4|5.4|7|8
59.7|72.03|0|388|5.4|5.4|7|8
59.8|72|0|388|5.4|5.4|7|8
59.9|72.04|0|388|5.4|5.4|7|8
60|72.1|0|388|5.4|5.4|7|8
60.1|72.04|0|388|5.4|5.4|7|8
60.2|72.04|0|388|5.4|5.4|7|8
60.3|72.04|0|396|5.4|5.4|7|8
60.4|72.04|0|402|5.4|5.4|7|8
60.5|72.04|0|405|5.4|5.4|7|8
60.6|72.03|0|406|5.4|5.4|7|8
60.7|72.02|0|406|5.4|5.4|7|8
60.8|72.03|0|407|5.4|5.4|7|8
60.9|72.06|0|407|5.4|5.4|7|8
61|72.08|0|407|5.4|5.4|7|8
61.1|72.02|0|407|5.4|5.4|7|8
61.2|72|0|407|5.4|5.4|7|8
61.3|72.03|0|407|5.4|5.4|7|8
61.4|72.04|0|407|5.4|5.4|7|8
61.5|72.06|0|407|5.4|5.4|7|8
61.6|72.02|0|407|5.4|5.4|7|8
61.7|72.02|0|407|5.4|5.4|7|8
61.8|72.04|0|407|5.4|5.4|7|8
61.9|72.07|0|407|5.4|5.4|7|8
62|72.03|0|407|5.4|5.4|7|8
62.1|72|0|407|5.4|5.4|7|8
62.2|72.03|0|407|5.4|5.4|7|8
62.3|72.06|0|407|5.4|5.4|7|8
62.4|72.04|0|407|5.4|5.4|7|8
62.5|72.03|0|407|5.4|5.4|7|8
62.6|72|0|407|5.4|5.4|7|8
62.7|72.03|0|407|5.4|5.4|7|8
62.8|72.07|0|407|5.4|5.4|7|8
62.9|72.03|0|407|5.4|5.4|8|8
63|72.03|0|407|5.4|5.4|8|8
63.1|71.98|0|407|5.4|5.4|8|8
63.2|71.91|0|407|5.4|5.4|8|8
63.3|71.96|0|407|5.4|5.4|8|8
63.4|72.03|0|407|5.4|5.4|8|8
63.5|71.96|0|407|5.4|5.4|8|8
63.6|71.92|0|407|5.4|5.4|8|8
63.7|71.95|0|407|5.4|5.4|8|8
63.8|71.95|0|407|5.4|5.4|8|8
63.9|71.96|0|407|5.4|5.4|8|8
64|71.96|0|407|5.3|5.3|8|8
64.1|71.95|0|407|5.3|5.3|8|8
64.2|71.96|0|407|5.3|5.3|8|8
64.3|71.99|0|407|5.3|5.3|8|8
64.4|72.02|0|407|5.3|5.3|8|8
64.5|72.02|0|407|5.3|5.3|8|8
64.6|72|0|407|5.3|5.3|8|8
64.7|72|0|407|5.3|5.3|8|8
64.8|72.02|0|407|5.3|5.3|8|8
64.9|72.06|0|407|5.2|5.2|8|8
65|74.15|0|407|5.2|5.2|8|8
65.1|77.2|0|407|5.2|5.2|8|8
65.2|80.18|0|407|5.2|5.2|8|8
65.3|83.18|0|407|5.2|5.2|8|8
65.4|86.12|0|407|5.2|5.2|8|8
65.5|89.05|0|407|5.2|5.2|8|8
65.6|92.07|0|407|5.2|5.2|8|8
65.7|94.41|0|407|5.2|5.2|8|8
65.8|95.39|0|407|5.2|5.2|8|8
65.9|95.84|0|407|5.2|5.2|9|8
