0|96.06|1448|388|5.1|5.1|1|8
0.1|96.05|1619|392|5.1|5.1|1|8
0.2|96.02|1644|392|5.1|5.1|1|8
0.3|96.02|1652|393|5.1|5.1|1|8
0.4|96.04|1662|394|5.1|5.1|1|8
0.5|96.05|1670|394|5.1|5.1|3|8
0.6|96.04|1644|394|5.1|5.1|3|8
0.7|96.04|1559|394|5.1|5.1|3|8
0.8|95.97|1124|392|5.1|5.1|2|8
0.9|95.76|1119|392|5.1|5.1|2|8
1|95.35|1165|392|5.2|5.2|2|8
1.1|94.9|1229|392|5.2|5.2|2|8
1.2|94.44|1312|392|5.2|5.2|2|8
1.3|93.93|1652|393|5.2|5.2|3|8
1.4|93.57|1773|394|5.2|5.2|3|8
1.5|93.46|1786|394|5.2|5.2|3|8
1.6|93.37|1794|394|5.2|5.2|3|8
1.7|93.29|1799|394|5.2|5.2|3|8
1.8|93.26|1802|394|5.2|5.2|3|8
1.9|93.29|1804|394|5.2|5.2|3|8
2|93.29|1804|394|5.2|5.2|3|8
2.1|93.27|1804|394|5.2|5.2|3|8
2.2|93.26|1807|394|5.2|5.2|3|8
2.3|93.29|1807|394|5.2|5.2|3|8
2.4|93.3|1809|394|5.2|5.2|3|8
2.5|93.31|1809|394|5.2|5.2|3|8
2.6|93.27|1809|394|5.2|5.2|3|8
2.7|93.29|1809|394|5.2|5.2|3|8
2.8|93.31|1812|394|5.2|5.2|3|8
2.9|93.26|1812|394|5.2|5.2|3|8
3|93.27|1812|394|5.2|5.2|3|8
3.1|93.31|1814|394|5.2|5.2|3|8
3.2|93.27|1814|394|5.2|5.2|3|8
3.3|93.27|1817|394|5.2|5.2|4|8
3.4|93.39|1814|394|5.2|5.2|4|8
3.5|93.72|1809|394|5.2|5.2|4|8
3.6|94.17|1771|395|5.2|5.2|4|8
3.7|94.63|1165|396|5.2|5.2|5|8
3.8|94.98|1077|395|5.2|5.2|5|8
3.9|95.03|1070|394|5.2|5.2|5|8
4|95.06|1070|394|5.2|5.2|5|8
4.1|95.17|1070|394|5.2|5.2|5|8
4.2|95.22|1067|394|5.2|5.2|5|8
4.3|95.18|1067|394|5.2|5.2|5|8
4.4|95.18|1064|394|5.2|5.2|5|8
4.5|95.17|1064|394|5.2|5.2|5|8
4.6|95.12|1064|394|5.2|5.2|5|8
4.7|95.19|1064|394|5.2|5.2|5|8
4.8|95.18|1064|394|5.2|5.2|5|8
4.9|95.11|1064|394|5.2|5.2|5|8
5|95.21|1064|394|5.2|5.2|5|8
5.1|95.18|1064|394|5.3|5.3|5|8
5.2|95.15|1064|394|5.3|5.3|5|8
5.3|95.21|1062|394|5.3|5.3|5|8
5.4|95.19|1062|394|5.3|5.3|5|8
5.5|95.18|1064|393|5.3|5.3|5|8
5.6|95.19|1064|394|5.3|5.3|5|8
5.7|95.18|1064|394|5.3|5.3|2|8
5.8|95.14|1062|394|5.3|5.3|2|8
5.9|94.74|1064|394|5.3|5.3|2|8
6|94.36|1070|394|5.3|5.3|2|8
6.1|93.88|1330|394|5.3|5.3|2|8
6.2|93.41|1758|395|5.3|5.3|3|8
6.3|93.19|1804|395|5.3|5.3|3|8
6.4|93.02|1812|395|5.3|5.3|3|8
6.5|92.98|1814|395|5.3|5.3|3|8
6.6|93.02|1817|395|5.3|5.3|3|8
6.7|92.98|1822|395|5.3|5.3|3|8
6.8|92.91|1825|395|5.3|5.3|3|8
6.9|92.94|1825|395|5.3|5.3|3|8
7|92.92|1827|395|5.3|5.3|3|8
7.1|92.95|1832|395|5.3|5.3|3|8
7.2|92.94|1832|395|5.3|5.3|3|8
7.3|92.95|1835|396|5.3|5.3|3|8
7.4|92.92|1835|396|5.3|5.3|3|8
7.5|92.94|1835|396|5.3|5.3|3|8
7.6|92.94|1838|396|5.3|5.3|3|8
7.7|92.92|1838|396|5.3|5.3|3|8
7.8|92.94|1838|396|5.3|5.3|3|8
7.9|92.95|1838|396|5.3|5.3|3|8
8|92.95|1840|396|5.3|5.3|3|8
8.1|92.95|1840|396|5.3|5.3|3|8
8.2|92.92|1840|396|5.3|5.3|4|8
8.3|93.14|1838|396|5.3|5.3|4|8
8.4|93.47|1817|396|5.3|5.3|4|8
8.5|94.02|1552|396|5.3|5.3|4|8
8.6|94.44|1085|396|5.3|5.3|5|8
8.7|94.55|1077|396|5.3|5.3|5|8
8.8|94.67|1075|395|5.3|5.3|5|8
8.9|94.64|1072|395|5.3|5.3|5|8
9|94.72|1075|395|5.3|5.3|5|8
9.1|94.75|1075|395|5.3|5.3|5|8
9.2|94.76|1075|395|5.3|5.3|5|8
9.3|94.71|1075|395|5.3|5.3|5|8
9.4|94.7|1075|394|5.3|5.3|5|8
9.5|94.72|1075|394|5.3|5.3|5|8
9.6|94.75|1077|394|5.4|5.3|5|8
9.7|94.76|1077|394|5.3|5.3|5|8
9.8|94.72|1077|394|5.4|5.4|5|8
9.9|94.7|1072|394|5.4|5.4|5|8
10|94.72|1072|394|5.4|5.4|5|8
10.1|94.75|1072|394|5.4|5.4|5|8
10.2|94.78|1072|394|5.4|5.4|5|8
10.3|94.72|1072|394|5.4|5.4|5|8
10.4|94.7|1072|394|5.4|5.4|5|8
10.5|94.71|1072|394|5.4|5.4|5|8
10.6|94.7|1072|394|5.4|5.4|2|8
10.7|94.49|1075|392|5.4|5.4|2|8
10.8|94.01|1075|391|5.4|5.4|2|8
10.9|93.58|1487|392|5.4|5.4|2|8
11|93.23|1789|392|5.4|5.4|3|8
11.1|93|1820|392|5.4|5.4|3|8
11.2|92.96|1827|392|5.4|5.4|3|8
11.3|92.83|1832|392|5.4|5.4|3|8
11.4|92.9|1838|392|5.4|5.4|3|8
11.5|92.87|1840|392|5.4|5.4|3|8
11.6|92.88|1843|392|5.4|5.4|3|8
11.7|92.91|1845|392|5.4|5.4|3|8
11.8|92.84|1845|392|5.4|5.4|3|8
11.9|92.9|1848|392|5.4|5.4|3|8
12|92.86|1848|392|5.4|5.4|3|8
12.1|92.87|1848|392|5.4|5.4|3|8
12.2|92.88|1851|392|5.4|5.4|3|8
12.3|92.88|1851|392|5.4|5.4|3|8
12.4|92.87|1851|392|5.4|5.4|3|8
12.5|92.88|1851|392|5.4|5.4|3|8
12.6|92.88|1851|392|5.4|5.4|3|8
12.7|92.86|1851|392|5.4|5.4|3|8
12.8|92.9|1853|392|5.4|5.4|3|8
12.9|92.86|1853|392|5.4|5.4|3|8
13|92.94|1853|392|5.4|5.4|4|8
13.1|93.14|1851|392|5.4|5.4|4|8
13.2|93.7|1807|392|5.4|5.4|4|8
13.3|94.21|1186|393|5.4|5.4|5|8
13.4|94.49|1088|392|5.4|5.4|5|8
13.5|94.61|1085|392|5.4|5.4|5|8
13.6|94.6|1082|392|5.4|5.4|5|8
13.7|94.68|1082|392|5.4|5.4|5|8
13.8|94.75|1082|392|5.4|5.4|5|8
13.9|94.61|1082|392|5.4|5.4|5|8
14|94.66|1080|392|5.4|5.4|5|8
14.1|94.68|1080|392|5.4|5.4|5|8
14.2|94.71|1080|392|5.4|5.4|5|8
14.3|94.63|1080|391|5.4|5.4|5|8
14.4|94.66|1080|391|5.4|5.4|5|8
14.5|94.68|1080|391|5.4|5.4|5|8
14.6|94.7|1080|391|5.4|5.4|5|8
14.7|94.71|1080|391|5.4|5.4|5|8
14.8|94.63|1080|391|5.4|5.4|5|8
14.9|94.63|1080|391|5.4|5.4|5|8
15|94.66|1077|391|5.4|5.4|5|8
15.1|94.7|1080|391|5.4|5.4|5|8
15.2|94.75|1080|391|5.4|5.4|5|8
15.3|94.64|1080|391|5.4|5.4|2|8
15.4|94.6|1080|391|5.4|5.4|2|8
15.5|94.28|1080|391|5.4|5.4|2|8
15.6|93.82|1173|391|5.4|5.4|2|8
15.7|93.29|1678|392|5.4|5.4|3|8
15.8|93.04|1822|392|5.4|5.4|3|8
15.9|92.88|1832|392|5.4|5.4|3|8
16|92.86|1838|392|5.4|5.4|3|8
16.1|92.79|1845|392|5.4|5.4|3|8
16.2|92.74|1848|392|5.4|5.4|3|8
16.3|92.78|1851|392|5.4|5.4|3|8
16.4|92.79|1853|392|5.4|5.4|3|8
16.5|92.76|1856|392|5.4|5.4|3|8
16.6|92.75|1858|392|5.4|5.4|3|8
16.7|92.78|1861|392|5.4|5.4|3|8
16.8|92.82|1861|392|5.4|5.4|3|8
16.9|92.76|1863|392|5.4|5.4|3|8
17|92.74|1863|392|5.4|5.4|3|8
17.1|92.78|1863|392|5.4|5.4|3|8
17.2|92.8|1863|392|5.4|5.4|3|8
17.3|92.78|1866|392|5.4|5.4|3|8
17.4|92.76|1866|392|5.4|5.4|3|8
17.5|92.74|1866|392|5.4|5.4|3|8
17.6|92.78|1866|392|5.4|5.4|3|8
17.7|92.8|1869|392|5.4|5.4|4|8
17.8|92.86|1866|392|5.4|5.4|4|8
17.9|93.18|1856|392|5.4|5.4|4|8
18|93.76|1201|393|5.4|5.4|5|8
18.1|94.04|1095|392|5.4|5.4|5|8
18.2|94.2|1093|392|5.4|5.4|5|8
18.3|94.2|1090|392|5.4|5.4|5|8
18.4|94.2|1088|392|5.4|5.4|5|8
18.5|94.21|1088|392|5.4|5.4|5|8
18.6|94.21|1088|392|5.4|5.4|5|8
18.7|94.21|1085|391|5.4|5.4|5|8
18.8|94.21|1085|391|5.4|5.4|5|8
18.9|94.21|1085|391|5.4|5.4|5|8
19|94.23|1085|391|5.4|5.4|5|8
19.1|94.21|1088|391|5.4|5.4|5|8
19.2|94.21|1085|391|5.4|5.4|5|8
19.3|94.23|1082|391|5.4|5.4|5|8
19.4|94.2|1082|391|5.4|5.4|5|8
19.5|94.2|1082|391|5.4|5.4|5|8
19.6|94.23|1082|391|5.4|5.4|5|8
19.7|94.24|1082|391|5.4|5.4|5|8
19.8|94.25|1082|391|5.4|5.4|5|8
19.9|94.27|1082|391|5.4|5.4|5|8
20|94.2|1082|391|5.4|5.4|2|8
20.1|94.1|1082|391|5.4|5.4|2|8
20.2|93.8|1082|391|5.4|5.4|2|8
20.3|93.31|1242|392|5.4|5.4|2|8
20.4|92.94|1809|392|5.4|5.4|3|8
20.5|92.67|1840|392|5.4|5.4|3|8
20.6|92.64|1848|392|5.4|5.4|3|8
20.7|92.62|1856|392|5.4|5.4|3|8
20.8|92.51|1863|392|5.4|5.4|3|8
20.9|92.52|1863|392|5.4|5.4|3|8
21|92.45|1866|392|5.4|5.4|3|8
21.1|92.53|1866|392|5.4|5.4|3|8
21.2|92.52|1869|392|5.4|5.4|3|8
21.3|92.52|1871|392|5.4|5.4|3|8
21.4|92.52|1871|392|5.4|5.4|3|8
21.5|92.53|1871|392|5.4|5.4|3|8
21.6|92.49|1874|392|5.4|5.4|3|8
21.7|92.52|1874|392|5.4|5.4|3|8
21.8|92.51|1874|392|5.4|5.4|3|8
21.9|92.53|1876|392|5.4|5.4|3|8
22|92.48|1876|392|5.4|5.4|3|8
22.1|92.52|1876|392|5.4|5.4|3|8
22.2|92.49|1876|392|5.4|5.4|3|8
22.3|92.52|1876|392|5.4|5.4|3|8
22.4|92.55|1876|392|5.4|5.4|4|8
22.5|92.66|1876|392|5.4|5.4|4|8
22.6|93.18|1778|392|5.4|5.4|4|8
22.7|93.65|1108|392|5.4|5.4|5|8
22.8|93.82|1093|392|5.4|5.4|5|8
22.9|93.85|1090|392|5.4|5.4|5|8
23|93.92|1090|392|5.4|5.4|5|8
23.1|93.98|1088|392|5.4|5.4|5|8
23.2|93.98|1088|392|5.4|5.4|5|8
23.3|94|1088|392|5.4|5.4|5|8
23.4|93.98|1085|391|5.4|5.4|5|8
23.5|93.98|1085|391|5.4|5.4|5|8
23.6|93.9|1088|391|5.4|5.4|5|8
23.7|93.94|1088|391|5.4|5.4|5|8
23.8|93.97|1090|391|5.4|5.4|5|8
23.9|93.98|1090|391|5.4|5.4|5|8
24|94|1082|390|5.4|5.4|5|8
24.1|94|1088|390|5.4|5.4|5|8
24.2|94|1088|390|5.4|5.4|5|8
24.3|93.94|1093|390|5.4|5.4|5|8
24.4|93.92|1093|390|5.4|5.4|5|8
24.5|93.96|1085|390|5.4|5.4|5|8
24.6|93.97|1082|390|5.4|5.4|5|8
24.7|94.01|1082|390|5.4|5.4|2|8
24.8|93.82|1082|390|5.4|5.4|2|8
24.9|93.39|1082|390|5.4|5.4|2|8
25|92.91|1557|391|5.4|5.4|2|8
25.1|92.6|1838|391|5.4|5.4|3|8
25.2|92.35|1856|392|5.4|5.4|3|8
25.3|92.31|1863|392|5.4|5.4|3|8
25.4|92.16|1869|392|5.4|5.4|3|8
25.5|92.23|1869|392|5.4|5.4|3|8
25.6|92.23|1871|392|5.4|5.4|3|8
25.7|92.24|1874|392|5.4|5.4|3|8
25.8|92.23|1876|392|5.4|5.4|3|8
25.9|92.16|1881|392|5.4|5.4|3|8
26|92.21|1881|392|5.4|5.4|3|8
26.1|92.2|1881|392|5.4|5.4|3|8
26.2|92.23|1884|392|5.4|5.4|3|8
26.3|92.24|1884|392|5.4|5.4|3|8
26.4|92.23|1884|392|5.4|5.4|3|8
26.5|92.21|1884|392|5.4|5.4|3|8
26.6|92.21|1887|392|5.4|5.4|3|8
26.7|92.17|1887|392|5.4|5.4|3|8
26.8|92.21|1887|392|5.4|5.4|3|8
26.9|92.23|1887|392|5.4|5.4|3|8
27|92.25|1887|392|5.4|5.4|3|8
27.1|92.25|1887|392|5.4|5.4|4|8
27.2|92.56|1884|392|5.4|5.4|4|8
27.3|93.06|1402|392|5.4|5.4|4|8
27.4|93.43|1101|392|5.4|5.4|5|8
27.5|93.54|1093|392|5.4|5.4|5|8
27.6|93.61|1090|392|5.4|5.4|5|8
27.7|93.69|1090|391|5.4|5.4|5|8
27.8|93.69|1088|391|5.4|5.4|5|8
27.9|93.68|1088|391|5.4|5.4|5|8
28|93.68|1085|391|5.4|5.4|5|8
28.1|93.69|1085|391|5.4|5.4|5|8
28.2|93.68|1085|390|5.4|5.4|5|8
28.3|93.65|1085|390|5.4|5.4|5|8
28.4|93.61|1088|390|5.4|5.4|5|8
28.5|93.69|1090|390|5.4|5.4|5|8
28.6|93.68|1085|390|5.4|5.4|5|8
28.7|93.64|1093|390|5.4|5.4|5|8
28.8|93.69|1088|390|5.4|5.4|5|8
28.9|93.72|1085|390|5.4|5.4|5|8
29|93.66|1085|390|5.4|5.4|5|8
29.1|93.64|1082|390|5.4|5.4|5|8
29.2|93.66|1082|390|5.4|5.4|5|8
29.3|93.68|1082|390|5.4|5.4|5|8
29.4|93.68|1080|390|5.4|5.4|2|8
29.5|93.37|1082|390|5.4|5.4|2|8
29.6|92.92|1088|390|5.4|5.4|2|8
29.7|92.51|1784|390|5.4|5.4|3|8
29.8|92.13|1858|391|5.4|5.4|3|8
29.9|92.05|1869|391|5.4|5.4|3|8
30|91.97|1874|391|5.4|5.4|3|8
30.1|91.97|1879|391|5.4|5.4|3|8
30.2|91.98|1881|391|5.4|5.4|3|8
30.3|91.9|1884|391|5.4|5.4|3|8
30.4|91.94|1887|391|5.4|5.4|3|8
30.5|91.96|1889|391|5.4|5.4|3|8
30.6|91.96|1889|391|5.4|5.4|3|8
30.7|91.96|1892|391|5.4|5.4|3|8
30.8|91.97|1892|391|5.4|5.4|3|8
30.9|91.97|1892|391|5.4|5.4|3|8
31|92|1894|391|5.4|5.4|3|8
31.1|91.97|1894|391|5.4|5.4|3|8
31.2|91.96|1894|391|5.4|5.4|3|8
31.3|91.97|1892|392|5.4|5.4|3|8
31.4|91.94|1894|392|5.4|5.4|3|8
31.5|91.98|1897|392|5.4|5.4|3|8
31.6|91.96|1897|391|5.4|5.4|3|8
31.7|91.94|1897|392|5.4|5.4|4|8
31.8|92.04|1897|392|5.4|5.4|4|8
31.9|92.56|1879|392|5.4|5.4|4|8
32|92.96|1139|392|5.4|5.4|5|8
32.1|93.25|1095|392|5.4|5.4|5|8
32.2|93.33|1093|391|5.4|5.4|5|8
32.3|93.39|1090|391|5.4|5.4|5|8
32.4|93.39|1088|391|5.4|5.4|5|8
32.5|93.42|1088|390|5.4|5.4|5|8
32.6|93.42|1088|390|5.4|5.4|5|8
32.7|93.46|1088|390|5.4|5.4|5|8
32.8|93.41|1085|390|5.4|5.4|5|8
32.9|93.38|1085|390|5.4|5.4|5|8
33|93.42|1085|390|5.4|5.4|5|8
33.1|93.41|1085|390|5.4|5.4|5|8
33.2|93.41|1085|390|5.4|5.4|5|8
33.3|93.41|1082|390|5.4|5.4|5|8
33.4|93.41|1082|390|5.4|5.4|5|8
33.5|93.43|1085|390|5.4|5.4|5|8
33.6|93.46|1085|390|5.4|5.4|5|8
33.7|93.39|1085|390|5.4|5.4|5|8
33.8|93.39|1082|390|5.4|5.4|5|8
33.9|93.41|1082|390|5.4|5.4|5|8
34|93.42|1080|390|5.4|5.4|2|8
34.1|93.3|1082|390|5.4|5.4|2|8
34.2|92.95|1082|390|5.4|5.4|2|8
34.3|92.53|1361|390|5.4|5.4|2|8
34.4|92.08|1845|390|5.4|5.4|3|8
34.5|91.92|1871|390|5.4|5.4|3|8
34.6|91.77|1881|390|5.4|5.4|3|8
34.7|91.74|1884|390|5.4|5.4|3|8
34.8|91.7|1889|390|5.4|5.4|3|8
34.9|91.69|1894|390|5.4|5.4|3|8
35|91.74|1897|390|5.4|5.4|3|8
35.1|91.69|1897|390|5.4|5.4|3|8
35.2|91.73|1899|390|5.4|5.4|3|8
35.3|91.7|1902|390|5.4|5.4|3|8
35.4|91.72|1902|390|5.4|5.4|3|8
35.5|91.7|1905|390|5.4|5.4|3|8
35.6|91.72|1905|390|5.4|5.4|3|8
35.7|91.72|1905|390|5.4|5.4|3|8
35.8|91.72|1907|390|5.4|5.4|3|8
35.9|91.73|1907|390|5.4|5.4|3|8
36|91.72|1907|390|5.4|5.4|3|8
36.1|91.72|1910|390|5.4|5.4|3|8
36.2|91.7|1910|390|5.4|5.4|3|8
36.3|91.7|1910|390|5.4|5.4|3|8
36.4|91.72|1910|390|5.4|5.4|4|8
36.5|91.93|1905|390|5.4|5.4|4|8
36.6|92.51|1784|390|5.4|5.4|4|8
36.7|92.79|1106|391|5.4|5.4|2|8
36.8|92.91|1095|391|5.4|5.4|2|8
36.9|92.87|1090|390|5.4|5.4|2|8
37|92.82|1090|390|5.4|5.4|2|8
37.1|92.83|1090|390|5.4|5.4|2|8
37.2|92.71|1095|390|5.4|5.4|2|8
37.3|92.64|1088|390|5.4|5.4|2|8
37.4|92.64|1088|390|5.4|5.4|2|8
37.5|92.6|1088|390|5.4|5.4|2|8
37.6|92.53|1095|390|5.4|5.4|2|8
37.7|92.36|1240|391|5.4|5.4|2|8
37.8|92.37|1237|390|5.4|5.4|2|8
37.9|92.36|1157|390|5.4|5.4|2|8
38|92.28|1296|390|5.4|5.4|2|8
38.1|92.13|1211|390|5.4|5.4|2|8
38.2|92.09|1101|390|5.4|5.4|2|8
38.3|92.08|1131|390|5.4|5.4|2|8
38.4|92.07|1142|390|5.4|5.4|2|8
38.5|91.96|1196|390|5.4|5.4|2|8
38.6|91.92|1320|390|5.4|5.4|2|8
38.7|91.8|1273|390|5.4|5.4|2|8
38.8|91.7|1168|391|5.4|5.4|2|8
38.9|91.62|1229|390|5.4|5.4|2|8
39|91.57|1106|390|5.4|5.4|2|8
39.1|91.51|1155|390|5.4|5.4|2|8
39.2|91.47|1263|391|5.4|5.4|2|8
39.3|91.37|1232|391|5.4|5.4|2|8
39.4|91.27|1240|392|5.4|5.4|2|8
39.5|91.22|1201|392|5.4|5.4|2|8
39.6|91.09|1273|392|5.4|5.4|2|8
39.7|91|1193|392|5.4|5.4|2|8
39.8|90.99|1232|391|5.4|5.4|2|8
39.9|90.88|1281|390|5.4|5.4|2|8
40|90.8|1302|390|5.4|5.4|2|8
40.1|90.66|1361|391|5.4|5.4|2|8
40.2|90.62|1273|391|5.4|5.4|2|8
40.3|90.55|1286|391|5.4|5.4|2|8
40.4|90.41|1394|390|5.4|5.4|2|8
40.5|90.35|1335|390|5.4|5.4|2|8
40.6|90.29|1276|390|5.4|5.4|2|8
40.7|90.17|1546|391|5.4|5.4|2|8
40.8|90.17|1103|390|5.4|5.4|2|8
40.9|90.17|1082|390|5.4|5.4|2|8
41|90.19|1085|390|5.4|5.4|2|8
41.1|90.05|1289|390|5.4|5.4|2|8
41.2|90.04|1180|390|5.4|5.4|2|8
41.3|90|1193|390|5.4|5.4|2|8
41.4|89.88|1144|390|5.4|5.4|2|8
41.5|89.88|1168|390|5.4|5.4|2|8
41.6|89.82|1198|390|5.4|5.4|2|8
41.7|89.73|1175|390|5.4|5.4|2|8
41.8|89.72|1198|390|5.4|5.4|2|8
41.9|89.5|1216|390|5.4|5.4|2|8
42|89.57|1201|389|5.4|5.4|2|8
42.1|89.48|1253|390|5.4|5.4|2|8
42.2|89.41|1168|390|5.4|5.4|2|8
42.3|89.27|1219|390|5.4|5.4|2|8
42.4|89.18|1175|390|5.4|5.4|2|8
42.5|89.13|1227|390|5.4|5.4|2|8
42.6|89.07|1152|390|5.4|5.4|2|8
42.7|88.99|1273|390|5.4|5.4|2|8
42.8|88.87|1353|390|5.4|5.4|2|8
42.9|88.83|1317|390|5.4|5.4|2|8
43|88.72|1247|390|5.4|5.4|2|8
43.1|88.64|1165|388|5.4|5.4|2|8
43.2|88.56|1209|390|5.4|5.4|2|8
43.3|88.48|1180|390|5.4|5.4|2|8
43.4|88.39|1183|390|5.4|5.4|2|8
43.5|88.29|1294|389|5.4|5.4|2|8
43.6|88.23|1237|389|5.4|5.4|2|8
43.7|88.05|1209|388|5.4|5.4|2|8
43.8|88.01|1229|388|5.4|5.4|2|8
43.9|87.93|1253|390|5.4|5.4|2|8
44|87.78|1330|390|5.4|5.4|2|8
44.1|87.66|1198|390|5.4|5.4|2|8
44.2|87.58|1134|388|5.4|5.4|2|8
44.3|87.48|1260|389|5.4|5.4|2|8
44.4|87.41|1180|389|5.4|5.4|2|8
44.5|87.22|1219|390|5.4|5.4|2|8
44.6|87.15|1263|389|5.4|5.4|2|8
44.7|87.03|1193|390|5.4|5.4|2|8
44.8|86.91|1245|390|5.4|5.4|2|8
44.9|86.78|1209|390|5.4|5.4|2|8
45|86.68|1322|390|5.4|5.4|2|8
45.1|86.58|1312|391|5.4|5.4|2|8
45.2|86.43|1255|391|5.4|5.4|2|8
45.3|86.27|1232|391|5.4|5.4|2|8
45.4|86.15|1284|390|5.4|5.4|2|8
45.5|86.04|1304|390|5.4|5.4|2|8
45.6|85.89|1193|389|5.4|5.4|2|8
45.7|85.73|1224|388|5.4|5.4|2|8
45.8|85.52|1206|390|5.4|5.4|2|8
45.9|85.46|1206|390|5.4|5.4|2|8
46|85.25|1260|390|5.4|5.4|2|8
46.1|85.13|1201|390|5.4|5.4|2|8
46.2|84.98|1227|390|5.4|5.4|2|8
46.3|84.83|1294|390|5.4|5.4|2|8
46.4|84.6|1299|390|5.4|5.4|2|8
46.5|84.46|1271|390|5.4|5.4|2|8
46.6|84.34|1240|389|5.4|5.4|2|8
46.7|84.21|1397|390|5.4|5.4|2|8
46.8|83.95|1356|390|5.4|5.4|2|8
46.9|83.87|1289|390|5.4|5.4|2|8
47|83.64|1307|390|5.4|5.4|2|8
47.1|83.42|1312|390|5.4|5.4|2|8
47.2|83.19|1309|390|5.4|5.4|2|8
47.3|83.06|1247|389|5.4|5.4|2|8
47.4|82.31|1781|390|5.4|5.4|6|8
47.5|79.93|1946|389|5.4|5.4|6|8
47.6|77.18|253|388|5.4|5.4|7|8
47.7|74.78|0|386|5.4|5.4|7|8
47.8|73.33|0|386|5.4|5.4|7|8
47.9|72.65|0|386|5.4|5.4|7|8
48|72.39|0|385|5.4|5.4|7|8
48.1|72.22|0|385|5.4|5.4|7|8
48.2|72.15|0|385|5.4|5.4|7|8
48.3|72.12|0|385|5.4|5.4|7|8
48.4|72.11|0|385|5.4|5.4|7|8
48.5|72.08|0|384|5.4|5.4|7|8
48.6|72.16|0|384|5.4|5.4|7|8
48.7|72.11|0|384|5.4|5.4|7|8
48.8|72.1|0|384|5.4|5.4|7|8
48.9|72.12|0|384|5.4|5.4|7|8
49|72.14|0|385|5.4|5.4|7|8
49.1|72.11|0|384|5.4|5.4|7|8
49.2|72.12|0|385|5.4|5.4|7|8
49.3|72.12|0|385|5.4|5.4|7|8
49.4|72.11|0|384|5.4|5.4|7|8
49.5|72.11|0|384|5.4|5.4|7|8
49.6|72.11|0|385|5.4|5.4|7|8
49.7|72.11|0|384|5.4|5.4|7|8
49.8|72.1|0|384|5.4|5.4|7|8
49.9|72.1|0|384|5.4|5.4|7|8
50|72.11|0|384|5.4|5.4|7|8
50.1|72.1|0|384|5.4|5.4|7|8
50.2|72.11|0|384|5.4|5.4|7|8
50.3|72.11|0|384|5.4|5.4|7|8
50.4|72.11|0|384|5.4|5.4|7|8
50.5|72.12|0|384|5.4|5.4|7|8
50.6|72.14|0|384|5.4|5.4|7|8
50.7|72.14|0|384|5.4|5.4|7|8
50.8|72.14|0|384|5.4|5.4|7|8
50.9|72.12|0|384|5.4|5.4|7|8
51|72.07|0|384|5.4|5.4|7|8
51.1|72.03|0|384|5.4|5.4|7|8
51.2|72.07|0|384|5.4|5.4|7|8
51.3|72.04|0|384|5.4|5.4|7|8
51.4|72.08|0|385|5.4|5.4|7|8
51.5|72.08|0|384|5.4|5.4|7|8
51.6|72.07|0|385|5.4|5.4|7|8
51.7|72.04|0|385|5.4|5.4|7|8
51.8|72.03|0|385|5.4|5.4|7|8
51.9|72.14|0|384|5.4|5.4|7|8
52|72.14|0|385|5.4|5.4|7|8
52.1|72.11|0|385|5.4|5.4|7|8
52.2|72.15|0|385|5.4|5.4|7|8
52.3|72.12|0|384|5.4|5.4|7|8
52.4|72.07|0|384|5.4|5.4|7|8
52.5|72.02|0|384|5.4|5.4|7|8
52.6|72.06|0|384|5.4|5.4|7|8
52.7|72.1|0|384|5.4|5.4|7|8
52.8|72.1|0|384|5.4|5.4|7|8
52.9|72.11|0|384|5.4|5.4|7|8
53|72.14|0|384|5.4|5.4|7|8
53.1|72.08|0|384|5.4|5.4|7|8
53.2|72.07|0|384|5.4|5.4|7|8
53.3|72.07|0|384|5.4|5.4|7|8
53.4|72.07|0|384|5.4|5.4|7|8
53.5|72.07|0|384|5.4|5.4|7|8
53.6|72.06|0|384|5.4|5.4|7|8
53.7|72.03|0|384|5.4|5.4|7|8
53.8|72.06|0|384|5.4|5.4|7|8
53.9|72.03|0|384|5.4|5.4|7|8
54|72.12|0|384|5.4|5.4|7|8
54.1|72.14|0|385|5.4|5.4|7|8
54.2|72.14|0|384|5.4|5.4|7|8
54.3|72.14|0|384|5.4|5.4|7|8
54.4|72.04|0|385|5.4|5.4|7|8
54.5|72.06|0|384|5.4|5.4|7|8
54.6|72.07|0|384|5.4|5.4|7|8
54.7|72.07|0|384|5.4|5.4|7|8
54.8|72.07|0|384|5.4|5.4|7|8
54.9|72.08|0|384|5.4|5.4|7|8
55|72.08|0|385|5.4|5.4|7|8
55.1|72.08|0|385|5.4|5.4|7|8
55.2|72.1|0|385|5.4|5.4|7|8
55.3|72.11|0|385|5.4|5.4|7|8
55.4|72.12|0|385|5.4|5.4|7|8
55.5|72|0|385|5.4|5.4|7|8
55.6|72.06|0|385|5.4|5.4|7|8
55.7|72.07|0|385|5.4|5.4|7|8
55.8|72.07|0|385|5.4|5.4|7|8
55.9|72.08|0|385|5.4|5.4|7|8
56|72.07|0|384|5.4|5.4|7|8
56.1|72.07|0|385|5.4|5.4|7|8
56.2|72.07|0|384|5.4|5.4|7|8
56.3|72.07|0|385|5.4|5.4|7|8
56.4|72.06|0|385|5.4|5.4|7|8
56.5|72.07|0|385|5.4|5.4|7|8
56.6|72.07|0|385|5.4|5.4|7|8
56.7|72.08|0|385|5.4|5.4|7|8
56.8|72.1|0|385|5.4|5.4|7|8
56.9|72.12|0|385|5.4|5.4|7|8
57|72.07|0|385|5.4|5.4|7|8
57.1|72|0|385|5.4|5.4|7|8
57.2|72.07|0|385|5.4|5.4|7|8
57.3|72.12|0|384|5.4|5.4|7|8
57.4|72.08|0|384|5.4|5.4|7|8
57.5|72.06|0|384|5.4|5.4|7|8
57.6|72|0|384|5.4|5.4|7|8
57.7|72.08|0|384|5.4|5.4|7|8
57.8|72.11|0|384|5.4|5.4|7|8
57.9|72.08|0|385|5.4|5.4|7|8
58|72.06|0|385|5.4|5.4|7|8
58.1|72.04|0|385|5.4|5.4|7|8
58.2|72.07|0|385|5.4|5.4|7|8
58.3|72.08|0|385|5.4|5.4|7|8
58.4|72.1|0|385|5.4|5.4|7|8
58.5|72.07|0|385|5.4|5.4|7|8
58.6|72.03|0|385|5.4|5.4|7|8
58.7|72.06|0|385|5.4|5.4|7|8
58.8|72.07|0|385|5.4|5.4|7|8
58.9|72.08|0|385|5.4|5.4|7|8
59|72.11|0|384|5.4|5.4|7|8
59.1|72.08|0|385|5.4|5.4|7|8
59.2|72.04|0|385|5.4|5.4|7|8
59.3|71.98|0|385|5.4|5.4|7|8
59.4|72.06|0|385|5.4|5.4|7|8
59.5|72.06|0|385|5.4|5.4|7|8
59.6|72.07|0|385|5.4|5.4|7|8
59.7|72.1|0|385|5.4|5.4|7|8
59.8|72.11|0|385|5.4|5.4|7|8
59.9|72.06|0|385|5.4|5.4|7|8
60|72.04|0|385|5.4|5.4|7|8
60.1|72.04|0|385|5.4|5.4|7|8
60.2|72.08|0|385|5.4|5.4|7|8
60.3|72.11|0|385|5.4|5.4|7|8
60.4|72.07|0|385|5.4|5.4|7|8
60.5|72.04|0|385|5.4|5.4|7|8
60.6|72.03|0|385|5.4|5.4|8|8
60.7|72.1|0|385|5.3|5.3|8|8
60.8|72.03|0|385|5.4|5.4|8|8
60.9|72.03|0|385|5.4|5.4|8|8
61|72.03|0|385|5.4|5.4|8|8
61.1|72.07|0|385|5.4|5.4|8|8
61.2|72.03|0|385|5.4|5.4|8|8
61.3|71.99|0|385|5.4|5.4|8|8
61.4|71.98|0|385|5.4|5.4|8|8
61.5|71.96|0|385|5.4|5.4|8|8
61.6|71.99|0|385|5.3|5.3|8|8
61.7|71.95|0|385|5.3|5.3|8|8
61.8|72.03|0|385|5.3|5.3|8|8
61.9|72.07|0|385|5.3|5.3|8|8
62|72.06|0|385|5.2|5.2|8|8
62.1|72.04|0|385|5.3|5.3|8|8
62.2|72.03|0|385|5.3|5.3|8|8
62.3|72.02|0|385|5.3|5.3|8|8
62.4|72.02|0|385|5.3|5.3|8|8
62.5|72.03|0|385|5.3|5.3|8|8
62.6|72.03|0|385|5.2|5.2|8|8
62.7|74.32|0|385|5.2|5.2|8|8
62.8|77.37|0|385|5.2|5.2|8|8
62.9|80.39|0|385|5.2|5.2|8|8
63|83.41|0|385|5.2|5.2|8|8
63.1|86.36|0|385|5.2|5.2|8|8
63.2|89.3|0|385|5.2|5.2|8|8
63.3|92.28|0|385|5.2|5.2|8|8
63.4|94.52|0|385|5.2|5.2|8|8
63.5|95.46|0|385|5.2|5.2|8|8
