0|96.05|894|408|4.9|4.9|1|8
0.1|96.04|1000|412|4.9|4.9|1|8
0.2|96.01|1003|413|4.9|4.9|1|8
0.3|96|1005|413|4.9|4.9|1|8
0.4|96.06|1008|413|4.9|4.9|1|8
0.5|96.04|1008|413|4.9|4.9|2|8
0.6|95.74|1052|413|4.9|4.9|2|8
0.7|95.35|1168|416|4.9|4.9|2|8
0.8|94.95|1660|417|4.9|4.9|3|8
0.9|94.78|1706|418|4.9|4.9|3|8
1|94.55|1724|418|4.9|4.9|3|8
1.1|94.47|1737|418|4.9|4.9|3|8
1.2|94.44|1745|418|4.9|4.9|3|8
1.3|94.37|1750|418|4.9|4.9|3|8
1.4|94.39|1758|418|4.9|4.9|3|8
1.5|94.39|1758|418|4.9|4.9|3|8
1.6|94.41|1760|418|4.9|4.9|3|8
1.7|94.4|1765|418|4.9|4.9|3|8
1.8|94.4|1765|418|4.9|4.9|3|8
1.9|94.39|1771|418|4.9|4.9|3|8
2|94.41|1776|418|4.9|4.9|3|8
2.1|94.37|1781|418|4.9|4.9|3|8
2.2|94.39|1781|418|4.9|4.9|3|8
2.3|94.39|1784|418|4.9|4.9|3|8
2.4|94.37|1791|418|4.9|4.9|3|8
2.5|94.39|1789|418|4.9|4.9|3|8
2.6|94.39|1791|418|4.9|4.9|3|8
2.7|94.37|1796|418|4.9|4.9|3|8
2.8|94.39|1799|418|4.9|4.9|4|8
2.9|94.52|1796|418|4.9|4.9|4|8
3|94.88|1781|418|4.9|4.9|4|8
3.1|95.38|1704|418|4.9|4.9|4|8
3.2|95.89|1095|416|4.9|4.9|5|8
3.3|96.19|1044|414|4.9|4.9|5|8
3.4|96.32|1041|413|4.9|4.9|5|8
3.5|96.37|1041|413|4.9|4.9|5|8
3.6|96.37|1039|412|4.9|4.9|5|8
3.7|96.37|1039|412|4.9|4.9|5|8
3.8|96.35|1039|412|4.9|4.9|5|8
3.9|96.4|1039|412|4.9|4.9|5|8
4|96.35|1039|413|4.9|4.9|5|8
4.1|96.36|1039|412|4.9|4.9|5|8
4.2|96.43|1039|412|4.9|4.9|5|8
4.3|96.33|1039|412|4.9|4.9|5|8
4.4|96.41|1039|412|4.9|4.9|5|8
4.5|96.35|1036|412|4.9|4.9|5|8
4.6|96.39|1039|412|4.9|4.9|5|8
4.7|96.36|1036|412|4.9|4.9|5|8
4.8|96.37|1039|412|4.9|4.9|5|8
4.9|96.47|1039|412|4.9|4.9|5|8
5|96.32|1039|412|4.9|4.9|5|8
5.1|96.4|1039|412|4.9|4.9|5|8
5.2|96.36|1039|412|4.9|4.9|2|8
5.3|96.25|1039|412|4.9|4.9|2|8
5.4|95.88|1039|412|4.9|4.9|2|8
5.5|95.47|1054|412|4.9|4.9|2|8
5.6|95|1137|413|5|4.9|2|8
5.7|94.56|1309|414|4.9|4.9|2|8
5.8|94.04|1466|415|5|4.9|2|8
5.9|93.58|1696|416|5|4.9|3|8
6|93.37|1760|416|5|5|3|8
6.1|93.14|1716|417|4.9|4.9|3|8
6.2|93.19|1332|416|5|5|2|8
6.3|93.22|1590|414|5|5|3|8
6.4|93.04|1789|416|5|4.9|3|8
6.5|92.88|1835|416|5|5|3|8
6.6|92.84|1843|417|5|5|3|8
6.7|92.84|1848|417|5|5|3|8
6.8|92.78|1851|417|5|5|3|8
6.9|92.78|1856|417|5|5|3|8
7|92.8|1858|417|5|4.9|3|8
7.1|92.78|1861|417|5|5|3|8
7.2|92.86|1866|417|5|5|3|8
7.3|92.8|1866|417|5|5|3|8
7.4|92.8|1869|417|5|5|3|8
7.5|92.78|1869|416|5|5|3|8
7.6|92.78|1871|417|5|5|3|8
7.7|92.78|1871|416|5|5|3|8
7.8|92.8|1871|417|5|5|3|8
7.9|92.78|1874|416|5|5|3|8
8|92.79|1874|417|5|5|3|8
8.1|92.78|1876|416|5|5|3|8
8.2|92.79|1876|417|5|5|3|8
8.3|92.82|1876|417|5|5|4|8
8.4|92.8|1879|417|5|5|4|8
8.5|93.11|1858|417|5|5|4|8
8.6|93.66|1765|417|5|5|4|8
8.7|94.16|1608|417|5|5|4|8
8.8|94.56|1072|414|5|5|5|8
8.9|94.71|1059|413|5|5|5|8
9|94.83|1057|412|5|5|5|8
9.1|94.92|1054|412|5|5|5|8
9.2|94.9|1054|412|5|5|5|8
9.3|94.91|1052|412|5|5|5|8
9.4|94.86|1052|412|5|5|5|8
9.5|94.88|1052|412|5|5|5|8
9.6|94.88|1052|412|5|5|5|8
9.7|94.9|1052|412|5|5|5|8
9.8|94.9|1052|412|5|5|5|8
9.9|94.88|1052|412|5|5|5|8
10|94.86|1052|412|5|5|5|8
10.1|94.94|1052|412|5|5|5|8
10.2|94.87|1052|412|5|5|5|8
10.3|94.84|1052|412|5|5|5|8
10.4|94.92|1052|412|5|5|5|8
10.5|94.88|1052|412|5|5|5|8
10.6|94.9|1052|412|5|5|5|8
10.7|94.9|1057|407|5|5|5|8
10.8|94.86|1057|396|5|5|2|8
10.9|94.71|1057|392|5|5|2|8
11|94.32|1059|391|5|5|2|8
11.1|93.82|1072|390|5|5|2|8
11.2|93.29|1201|391|5|5|2|8
11.3|92.86|1778|392|5|5|3|8
11.4|92.63|1874|392|5|5|3|8
11.5|92.37|1889|392|5|5|3|8
11.6|92.35|1897|392|5|5|3|8
11.7|92.33|1902|392|5|5|3|8
11.8|92.28|1907|392|5|5|3|8
11.9|92.31|1912|392|5|5|3|8
12|92.29|1915|392|5|5|3|8
12.1|92.31|1918|392|5|5|3|8
12.2|92.31|1920|392|5|5|3|8
12.3|92.29|1923|392|5|5|3|8
12.4|92.32|1923|392|5|5|3|8
12.5|92.28|1925|392|5|5|3|8
12.6|92.32|1925|392|5|5|3|8
12.7|92.28|1925|392|5|5|3|8
12.8|92.32|1928|392|5|5|3|8
12.9|92.27|1928|392|5|5|3|8
13|92.32|1928|392|5|5|3|8
13.1|92.27|1928|392|5|5|3|8
13.2|92.31|1930|392|5|5|3|8
13.3|92.29|1930|392|5|5|4|8
13.4|92.41|1930|392|5|5|4|8
13.5|92.78|1894|392|5|5|4|8
13.6|93.29|1191|392|5|5|5|8
13.7|93.58|1077|392|5|5|5|8
13.8|93.78|1072|391|5|5|5|8
13.9|93.8|1070|391|5|5|5|8
14|93.8|1070|390|5|5|5|8
14.1|93.8|1070|390|5|5|5|8
14.2|93.8|1070|390|5|5|5|8
14.3|93.78|1070|391|5|5|5|8
14.4|93.81|1067|391|5|5|5|8
14.5|93.85|1067|391|5|5|5|8
14.6|93.82|1067|391|5|5|5|8
14.7|93.78|1067|391|5|5|5|8
14.8|93.77|1067|391|5|5|5|8
14.9|93.78|1067|391|5|5|5|8
15|93.78|1067|391|5|5|5|8
15.1|93.77|1067|391|5|5|5|8
15.2|93.81|1067|391|5|5|5|8
15.3|93.85|1067|391|5|5|5|8
15.4|93.82|1064|391|5|5|5|8
15.5|93.82|1064|391|5|5|5|8
15.6|93.74|1064|391|5|5|2|8
15.7|93.65|1064|391|5|5|2|8
15.8|93.29|1064|391|5|5|2|8
15.9|92.91|1209|391|5|5|2|8
16|92.48|1827|392|5|5|3|8
16.1|92.27|1892|392|5|5|3|8
16.2|92.15|1907|392|5|5|3|8
16.3|92.09|1915|392|5|5|3|8
16.4|92.08|1920|392|5|5|3|8
16.5|92.04|1923|392|5|5|3|8
16.6|92.02|1925|392|5|5|3|8
16.7|92.02|1930|392|5|5|3|8
16.8|92.04|1933|392|5|5|3|8
16.9|92.08|1936|392|5|5|3|8
17|92.04|1938|392|5|5|3|8
17.1|92.04|1941|392|5|5|3|8
17.2|92.05|1941|392|5|5|3|8
17.3|92.08|1941|392|5|5|3|8
17.4|92.05|1941|392|5|5|3|8
17.5|92.04|1941|392|5|5|3|8
17.6|92.07|1943|392|5|5|3|8
17.7|92.04|1943|393|5|5|3|8
17.8|92.04|1943|393|5|5|3|8
17.9|92.05|1946|393|5|5|3|8
18|92.04|1946|393|5|5|4|8
18.1|92.27|1943|393|5|5|4|8
18.2|92.64|1899|393|5|5|4|8
18.3|93.1|1134|392|5|5|5|8
18.4|93.43|1080|392|5|5|5|8
18.5|93.5|1075|392|5|5|5|8
18.6|93.58|1072|392|5|5|5|8
18.7|93.58|1072|392|5|5|5|8
18.8|93.58|1070|392|5|5|5|8
18.9|93.58|1070|392|5|5|5|8
19|93.58|1070|392|5|5|5|8
19.1|93.58|1070|392|5|5|5|8
19.2|93.58|1067|392|5|5|5|8
19.3|93.6|1067|392|5|5|5|8
19.4|93.62|1067|392|5|5|5|8
19.5|93.55|1067|392|5|5|5|8
19.6|93.58|1067|392|5|5|5|8
19.7|93.61|1067|392|5|5|5|8
19.8|93.65|1067|392|5|5|5|8
19.9|93.54|1067|392|5|5|5|8
20|93.55|1067|392|5|5|5|8
20.1|93.58|1067|392|5|5|5|8
20.2|93.58|1067|392|5|5|5|8
20.3|93.62|1067|392|5|5|2|8
20.4|93.49|1064|392|5|5|2|8
20.5|93.1|1064|392|5|5|2|8
20.6|92.71|1371|392|5|5|2|8
20.7|92.31|1858|392|5|5|3|8
20.8|92.08|1905|392|5|5|3|8
20.9|92|1918|393|5|5|3|8
21|91.97|1925|393|5|5|3|8
21.1|91.89|1930|393|5|5|3|8
21.2|91.94|1933|393|5|5|3|8
21.3|92|1936|393|5|5|3|8
21.4|91.9|1941|393|5|5|3|8
21.5|91.93|1946|393|5|5|3|8
21.6|92|1948|393|5|5|3|8
21.7|91.9|1951|393|5|5|3|8
21.8|91.94|1951|393|5|5|3|8
21.9|91.98|1954|393|5|5|3|8
22|91.92|1954|393|5|5|3|8
22.1|91.94|1954|393|5|5|3|8
22.2|91.98|1954|393|5|5|3|8
22.3|91.92|1954|393|5|5|3|8
22.4|91.94|1954|393|5|5|3|8
22.5|91.96|1956|393|5|5|3|8
22.6|92|1956|393|5|5|3|8
22.7|92|1956|393|5|5|4|8
22.8|92.24|1951|393|5|5|4|8
22.9|92.7|1825|394|5|5|4|8
23|93.11|1116|394|5|5|5|8
23.1|93.45|1082|393|5|5|5|8
23.2|93.51|1077|392|5|5|5|8
23.3|93.57|1077|392|5|5|5|8
23.4|93.57|1075|392|5|5|5|8
23.5|93.58|1075|392|5|5|5|8
23.6|93.6|1075|392|5|5|5|8
23.7|93.65|1072|392|5|5|5|8
23.8|93.51|1072|392|5|5|5|8
23.9|93.58|1072|392|5|5|5|8
24|93.57|1072|392|5|5|5|8
24.1|93.58|1070|392|5|5|5|8
24.2|93.58|1070|392|5|5|5|8
24.3|93.6|1070|392|5|5|5|8
24.4|93.64|1070|392|5|5|5|8
24.5|93.53|1070|392|5|5|5|8
24.6|93.55|1070|392|5|5|5|8
24.7|93.58|1070|392|5|5|5|8
24.8|93.61|1067|392|5|5|5|8
24.9|93.62|1067|392|5|5|5|8
25|93.57|1067|392|5|5|2|8
25.1|93.42|1067|392|5|5|2|8
25.2|93.07|1067|392|5|5|2|8
25.3|92.67|1157|392|5|5|2|8
25.4|92.17|1848|392|5|5|3|8
25.5|91.94|1910|392|5|5|3|8
25.6|91.88|1925|392|5|5|3|8
25.7|91.78|1933|392|5|5|3|8
25.8|91.76|1938|392|5|5|3|8
25.9|91.7|1943|392|5|5|3|8
26|91.76|1946|392|5|5|3|8
26.1|91.77|1951|392|5|5|3|8
26.2|91.73|1954|392|5|5|3|8
26.3|91.76|1956|392|5|5|3|8
26.4|91.77|1956|392|5|5|3|8
26.5|91.77|1959|392|5|5|3|8
26.6|91.76|1959|393|5|5|3|8
26.7|91.76|1961|392|5|5|3|8
26.8|91.76|1961|392|5|5|3|8
26.9|91.77|1959|392|5|5|3|8
27|91.74|1961|392|5|5|3|8
27.1|91.74|1961|392|5|5|3|8
27.2|91.73|1961|392|5|5|3|8
27.3|91.74|1961|392|5|5|3|8
27.4|91.74|1961|392|5|5|4|8
27.5|91.88|1961|392|5|5|4|8
27.6|92.32|1907|393|5|5|4|8
27.7|92.82|1144|393|5|5|5|8
27.8|93.17|1082|392|5|5|5|8
27.9|93.13|1077|392|5|5|5|8
28|93.26|1077|392|5|5|5|8
28.1|93.29|1075|392|5|5|5|8
28.2|93.38|1072|392|5|5|5|8
28.3|93.29|1072|392|5|5|5|8
28.4|93.26|1072|392|5|5|5|8
28.5|93.26|1070|392|5|5|5|8
28.6|93.27|1070|392|5|5|5|8
28.7|93.29|1070|392|5|5|5|8
28.8|93.37|1070|392|5|5|5|8
28.9|93.31|1067|392|5|5|5|8
29|93.25|1067|392|5|5|5|8
29.1|93.25|1067|392|5|5|5|8
29.2|93.27|1067|392|5|5|5|8
29.3|93.27|1067|392|5|5|5|8
29.4|93.3|1067|392|5|5|5|8
29.5|93.38|1067|392|5|5|5|8
29.6|93.31|1064|392|5|5|5|8
29.7|93.23|1067|392|5|5|2|8
29.8|93.18|1064|392|5|5|2|8
29.9|92.82|1064|392|5|5|2|8
30|92.39|1224|392|5|5|2|8
30.1|91.96|1861|392|5|5|3|8
30.2|91.76|1918|393|5|5|3|8
30.3|91.57|1933|393|5|5|3|8
30.4|91.61|1941|393|5|5|3|8
30.5|91.53|1948|393|5|5|3|8
30.6|91.53|1951|393|5|5|3|8
30.7|91.5|1954|393|5|5|3|8
30.8|91.56|1956|393|5|5|3|8
30.9|91.57|1959|393|5|5|3|8
31|91.51|1964|393|5|5|3|8
31.1|91.57|1964|393|5|5|3|8
31.2|91.6|1966|393|5|5|3|8
31.3|91.54|1969|393|5|5|3|8
31.4|91.53|1969|393|5|5|3|8
31.5|91.56|1969|393|5|5|3|8
31.6|91.57|1972|393|5|5|3|8
31.7|91.54|1972|393|5|5|3|8
31.8|91.53|1972|393|5|5|3|8
31.9|91.5|1972|393|5|5|3|8
32|91.56|1972|393|5|5|3|8
32.1|91.56|1972|393|5|5|4|8
32.2|91.84|1969|393|5|5|4|8
32.3|92.19|1910|393|5|5|4|8
32.4|92.68|1134|394|5|5|5|8
32.5|92.92|1080|394|5|5|5|8
32.6|93.09|1077|393|5|5|5|8
32.7|93.07|1075|393|5|5|5|8
32.8|93.13|1072|392|5|5|5|8
32.9|93.14|1072|392|5|5|5|8
33|93.15|1072|392|5|5|5|8
33.1|93.15|1072|392|5|5|5|8
33.2|93.15|1070|392|5|5|5|8
33.3|93.17|1070|392|5|5|5|8
33.4|93.17|1070|392|5|5|5|8
33.5|93.14|1070|392|5|5|5|8
33.6|93.15|1070|392|5|5|5|8
33.7|93.09|1070|392|5|5|5|8
33.8|93.1|1070|392|5|5|5|8
33.9|93.13|1067|392|5|5|5|8
34|93.14|1067|392|5|5|5|8
34.1|93.14|1067|392|5|5|5|8
34.2|93.15|1067|392|5|5|5|8
34.3|93.11|1067|392|5|5|5|8
34.4|93.11|1067|392|5|5|2|8
34.5|93.04|1067|392|5|5|2|8
34.6|92.7|1067|392|5|5|2|8
34.7|92.21|1245|392|5|5|2|8
34.8|91.82|1876|393|5|5|3|8
34.9|91.54|1925|393|5|5|3|8
35|91.53|1941|393|5|5|3|8
35.1|91.49|1946|393|5|5|3|8
35.2|91.45|1954|393|5|5|3|8
35.3|91.35|1959|393|5|5|3|8
35.4|91.41|1961|394|5|5|3|8
35.5|91.42|1964|393|5|5|3|8
35.6|91.42|1966|393|5|5|3|8
35.7|91.38|1969|394|5|5|3|8
35.8|91.39|1969|394|5|5|3|8
35.9|91.41|1972|394|5|5|3|8
36|91.42|1972|394|5|5|3|8
36.1|91.38|1974|394|5|5|3|8
36.2|91.41|1974|394|5|5|3|8
36.3|91.41|1974|394|5|5|3|8
36.4|91.41|1974|394|5|5|3|8
36.5|91.41|1974|394|5|5|3|8
36.6|91.38|1974|394|5|5|3|8
36.7|91.38|1974|394|5|5|3|8
36.8|91.42|1974|394|5|5|4|8
36.9|91.53|1972|394|5|5|4|8
37|92.02|1804|394|5|5|4|8
37.1|92.53|1119|394|5|5|2|8
37.2|92.64|1077|393|5|5|2|8
37.3|92.53|1072|393|5|5|2|8
37.4|92.48|1072|392|5|5|2|8
37.5|92.55|1070|392|5|5|2|8
37.6|92.39|1070|392|5|5|2|8
37.7|92.36|1070|392|5|5|2|8
37.8|92.37|1070|392|5|5|2|8
37.9|92.28|1070|392|5|5|2|8
38|92.16|1070|392|5|5|2|8
38.1|92.13|1072|392|5|5|2|8
38.2|92.09|1072|392|5|5|2|8
38.3|92.02|1075|392|5|5|2|8
38.4|91.97|1080|392|5|5|2|8
38.5|91.9|1201|392|5|5|2|8
38.6|91.86|1255|392|5|5|2|8
38.7|91.73|1732|394|5|5|2|8
38.8|91.84|1773|394|5|5|2|8
38.9|91.98|1760|394|5|5|2|8
39|92.21|1314|394|5|5|2|8
39.1|92.35|1075|393|5|5|2|8
39.2|92.28|1070|392|5|5|2|8
39.3|92.36|1067|392|5|5|2|8
39.4|92.36|1067|392|5|5|2|8
39.5|92.19|1067|392|5|5|2|8
39.6|92.13|1067|392|5|5|2|8
39.7|92.16|1064|392|5|5|2|8
39.8|92.05|1088|392|5|5|2|8
39.9|91.98|1113|392|5|5|2|8
40|91.93|1134|392|5|5|2|8
40.1|91.94|1183|393|5|5|2|8
40.2|91.8|1539|394|5|5|2|8
40.3|91.74|1763|394|5|5|2|8
40.4|91.84|1691|394|5|5|2|8
40.5|92|1209|394|5|5|2|8
40.6|92.11|1085|393|5|5|2|8
40.7|92.17|1067|392|5|5|2|8
40.8|92.15|1064|392|5|5|2|8
40.9|92.02|1064|392|5|5|2|8
41|92.04|1064|392|5|5|2|8
41.1|91.97|1062|392|5|5|2|8
41.2|91.89|1106|392|5|5|2|8
41.3|91.88|1278|392|5|5|2|8
41.4|91.78|1175|393|5|5|2|8
41.5|91.74|1067|392|5|5|2|8
41.6|91.77|1201|392|5|5|2|8
41.7|91.72|1443|394|5|5|2|8
41.8|91.58|1178|394|5|5|2|8
41.9|91.58|1191|394|5|5|2|8
42|91.51|1116|393|5|5|2|8
42.1|91.47|1229|393|5|5|2|8
42.2|91.41|1366|393|5|5|2|8
42.3|91.33|1149|392|5|5|2|8
42.4|91.26|1160|392|5|5|2|8
42.5|91.23|1180|393|5|5|2|8
42.6|91.03|1129|392|5|5|2|8
42.7|91.05|1085|392|5|5|2|8
42.8|90.99|1229|392|5|5|2|8
42.9|90.95|1144|392|5|5|2|8
43|90.78|1235|392|5|5|2|8
43.1|90.78|1188|392|5|5|2|8
43.2|90.64|1216|393|5|5|2|8
43.3|90.6|1232|393|5|5|2|8
43.4|90.59|1268|393|5|5|2|8
43.5|90.45|1296|394|5|5|2|8
43.6|90.37|1214|392|5|5|2|8
43.7|90.37|1253|392|5|5|2|8
43.8|90.24|1134|392|5|5|2|8
43.9|90.16|1101|392|5|5|2|8
44|90.07|1165|392|5|5|2|8
44.1|89.94|1265|392|5|5|2|8
44.2|89.92|1155|392|5|5|2|8
44.3|89.77|1157|392|5|5|2|8
44.4|89.68|1191|392|5|5|2|8
44.5|89.65|1175|392|5|5|2|8
44.6|89.54|1121|392|5|5|2|8
44.7|89.45|1173|392|5|5|2|8
44.8|89.37|1121|392|5|5|2|8
44.9|89.18|1168|392|5|5|2|8
45|89.21|1103|392|5|5|2|8
45.1|89.06|1211|392|5|5|2|8
45.2|88.98|1126|392|5|5|2|8
45.3|88.9|1134|392|5|5|2|8
45.4|88.74|1198|392|5|5|2|8
45.5|88.71|1173|392|5|5|2|8
45.6|88.55|1180|392|5|5|2|8
45.7|88.5|1152|392|5|5|2|8
45.8|88.35|1095|391|5|5|2|8
45.9|88.21|1235|392|5|5|2|8
46|88.11|1219|392|5|5|2|8
46.1|88.07|1268|392|5|5|2|8
46.2|87.88|1250|392|5|5|2|8
46.3|87.74|1356|392|5|5|2|8
46.4|87.64|1193|392|5|5|2|8
46.5|87.58|1255|392|5|5|2|8
46.6|87.42|1206|392|5|5|2|8
46.7|87.3|1139|392|5|5|2|8
46.8|87.15|1165|392|5|5|2|8
46.9|87.07|1180|392|5|5|2|8
47|86.97|1155|392|5|5|2|8
47.1|86.76|1144|392|5|5|2|8
47.2|86.68|1222|392|5|5|2|8
47.3|86.59|1258|392|5|5|2|8
47.4|86.46|1168|392|5|5|2|8
47.5|86.28|1381|392|5|5|2|8
47.6|86.16|1216|393|5|5|2|8
47.7|86.05|1178|392|5|5|2|8
47.8|85.95|1188|392|5|5|2|8
47.9|85.87|1119|392|5|5|2|8
48|85.89|1242|392|5|5|2|8
48.1|85.76|1113|392|5|5|2|8
48.2|85.7|1124|392|5|5|2|8
48.3|85.53|1101|392|5|5|2|8
48.4|85.53|1101|392|5|5|2|8
48.5|85.48|1240|392|5|5|2|8
48.6|85.38|1139|392|5|5|2|8
48.7|85.22|1095|392|5|5|2|8
48.8|85.19|1121|392|5|5|2|8
48.9|85.05|1157|392|5|5|2|8
49|84.99|1170|392|5|5|2|8
49.1|84.94|1155|392|5|5|2|8
49.2|84.79|1134|392|5|5|2|8
49.3|84.67|1116|392|5|5|2|8
49.4|84.58|1149|392|5|5|2|8
49.5|84.44|1263|392|5|5|2|8
49.6|84.36|1142|392|5|5|2|8
49.7|84.21|1214|392|5|5|2|8
49.8|84.12|1216|393|5|5|2|8
49.9|83.97|1312|392|5|5|2|8
50|83.87|1204|392|5|5|2|8
50.1|83.66|1178|392|5|5|2|8
50.2|83.58|1191|392|5|5|2|8
50.3|83.4|1330|392|5|5|2|8
50.4|83.26|1294|393|5|5|2|8
50.5|83.1|1119|392|5|5|2|8
50.6|82.9|1178|392|5|5|2|8
50.7|82.77|1317|392|5|5|2|8
50.8|82.59|1394|392|5|5|2|8
50.9|82.46|1219|392|5|5|2|8
51|82.21|1265|392|5|5|2|8
51.1|81.65|1758|392|5|5|6|8
51.2|79.33|2005|392|5|5|6|8
51.3|76.55|340|392|5|5|7|8
51.4|73.91|0|390|5|5|7|8
51.5|72.39|0|389|5|5|7|8
51.6|71.72|0|388|5|5|7|8
51.7|71.49|0|388|5|5|7|8
51.8|71.33|0|388|5|5|7|8
51.9|71.29|0|388|5|5|7|8
52|71.28|0|388|5|5|7|8
52.1|71.26|0|388|5|5|7|8
52.2|71.26|0|388|5|5|7|8
52.3|71.26|0|388|5|5|7|8
52.4|71.26|0|388|5|5|7|8
52.5|71.26|0|388|5|5|7|8
52.6|71.24|0|388|5|5|7|8
52.7|71.24|0|388|5|5|7|8
52.8|71.24|0|388|5|5|7|8
52.9|71.24|0|388|5|5|7|8
53|71.2|0|388|5|5|7|8
53.1|71.25|0|388|5|5|7|8
53.2|71.32|0|388|5|5|7|8
53.3|71.29|0|388|5|5|7|8
53.4|71.3|0|388|5|5|7|8
53.5|71.22|0|388|5|5|7|8
53.6|71.2|0|388|5|5|7|8
53.7|71.24|0|388|5|5|7|8
53.8|71.28|0|388|5|5|7|8
53.9|71.25|0|388|5|5|7|8
54|71.18|0|388|5|5|7|8
54.1|71.21|0|388|5|5|7|8
54.2|71.22|0|388|5|5|7|8
54.3|71.26|0|388|5|5|7|8
54.4|71.33|0|388|5|5|7|8
54.5|71.25|0|388|5|5|7|8
54.6|71.22|0|388|5|5|7|8
54.7|71.17|0|388|5|5|7|8
54.8|71.21|0|388|5|5|7|8
54.9|71.26|0|388|5|5|7|8
55|71.32|0|388|5|5|7|8
55.1|71.24|0|388|5|5|7|8
55.2|71.2|0|388|5|5|7|8
55.3|71.2|0|388|5|5|7|8
55.4|71.22|0|388|5|5|7|8
55.5|71.32|0|388|5|5|7|8
55.6|71.26|0|388|5|5|7|8
55.7|71.18|0|388|5|5|7|8
55.8|71.2|0|388|5|5|7|8
55.9|71.21|0|388|5|5|7|8
56|71.28|0|388|5|5|7|8
56.1|71.26|0|388|5|5|7|8
56.2|71.22|0|388|5|5|7|8
56.3|71.17|0|388|5|5|7|8
56.4|71.21|0|388|5|5|7|8
56.5|71.22|0|388|5|5|7|8
56.6|71.24|0|388|5|5|7|8
56.7|71.3|0|388|5|5|7|8
56.8|71.25|0|388|5|5|7|8
56.9|71.21|0|388|5|5|7|8
57|71.16|0|388|5|5|7|8
57.1|71.21|0|388|5|5|7|8
57.2|71.2|0|388|5|5|7|8
57.3|71.26|0|388|5|5|7|8
57.4|71.3|0|388|5|5|7|8
57.5|71.22|0|388|5|5|7|8
57.6|71.22|0|388|5|5|7|8
57.7|71.21|0|388|5|5|7|8
57.8|71.18|0|388|5|5|7|8
57.9|71.22|0|388|5|5|7|8
58|71.21|0|388|5|5|7|8
58.1|71.22|0|388|5|5|7|8
58.2|71.24|0|388|5|5|7|8
58.3|71.3|0|388|5|5|7|8
58.4|71.25|0|388|5|5|7|8
58.5|71.2|0|388|5|5|7|8
58.6|71.16|0|388|5|5|7|8
58.7|71.21|0|388|5|5|7|8
58.8|71.22|0|388|5|5|7|8
58.9|71.24|0|388|5|5|7|8
59|71.25|0|388|5|5|7|8
59.1|71.24|0|388|5|5|7|8
59.2|71.22|0|388|5|5|7|8
59.3|71.2|0|388|5|5|7|8
59.4|71.16|0|388|5|5|7|8
59.5|71.2|0|388|5|5|7|8
59.6|71.21|0|388|5|5|7|8
59.7|71.21|0|388|5|5|7|8
59.8|71.21|0|388|5|5|7|8
59.9|71.22|0|388|5|5|7|8
60|71.28|0|388|5|5|7|8
60.1|71.24|0|388|5|5|7|8
60.2|71.2|0|388|5|5|7|8
60.3|71.18|0|388|5|5|7|8
60.4|71.18|0|388|5|5|7|8
60.5|71.21|0|388|5|5|7|8
60.6|71.21|0|388|5|5|7|8
60.7|71.21|0|388|5|5|7|8
60.8|71.21|0|388|5|5|7|8
60.9|71.22|0|388|5|5|7|8
61|71.26|0|388|5|5|7|8
61.1|71.24|0|388|5|5|7|8
61.2|71.2|0|388|5|5|7|8
61.3|71.16|0|388|5|5|7|8
61.4|71.2|0|388|5|5|7|8
61.5|71.21|0|388|5|5|7|8
61.6|71.2|0|388|5|5|7|8
61.7|71.2|0|388|5|5|7|8
61.8|71.21|0|388|5|5|7|8
61.9|71.24|0|388|5|5|7|8
62|71.26|0|388|5|5|7|8
62.1|71.21|0|389|5|5|7|8
62.2|71.21|0|389|5|5|7|8
62.3|71.21|0|388|5|5|7|8
62.4|71.2|0|389|5|5|7|8
62.5|71.17|0|389|5|5|7|8
62.6|71.2|0|389|5|5|7|8
62.7|71.22|0|394|5|5|7|8
62.8|71.25|0|400|5|5|7|8
62.9|71.2|0|402|5|5|7|8
63|71.2|0|403|5|5|7|8
63.1|71.17|0|404|5|5|7|8
63.2|71.2|0|404|5|5|7|8
63.3|71.22|0|404|5|5|7|8
63.4|71.26|0|404|5|5|7|8
63.5|71.21|0|404|5|5|7|8
63.6|71.21|0|404|5|5|7|8
63.7|71.2|0|404|5|5|7|8
63.8|71.16|0|404|5|5|7|8
63.9|71.2|0|404|5|5|7|8
64|71.21|0|404|5|5|7|8
64.1|71.25|0|404|5|5|7|8
64.2|71.25|0|404|5|5|7|8
64.3|71.21|0|404|5|5|8|8
64.4|71.18|0|404|5|5|8|8
64.5|71.1|0|404|5|5|8|8
64.6|71.06|0|404|5|5|8|8
64.7|71.13|0|404|5|5|8|8
64.8|71.13|0|404|5|5|8|8
64.9|71.17|0|404|5|5|8|8
65|71.18|0|404|5|5|8|8
65.1|71.16|0|404|5|5|8|8
65.2|71.18|0|404|5|5|8|8
65.3|71.18|0|404|5|5|8|8
65.4|71.13|0|404|5|5|8|8
65.5|71.13|0|404|5|5|8|8
65.6|71.16|0|404|5|5|8|8
65.7|71.2|0|404|5|5|8|8
65.8|71.18|0|404|5|5|8|8
65.9|71.14|0|404|5|5|8|8
66|71.13|0|404|5|5|8|8
66.1|71.18|0|404|5|5|8|8
66.2|71.2|0|404|5|5|8|8
66.3|71.14|0|404|5|5|8|8
66.4|73.37|0|404|5|5|8|8
66.5|76.35|0|404|5|5|8|8
66.6|79.37|0|404|5|5|8|8
66.7|82.35|0|404|5|5|8|8
66.8|85.33|0|404|5|5|8|8
66.9|88.23|0|405|5|5|8|8
67|91.22|0|405|5|4.9|8|8
67.1|93.93|0|405|5|5|8|8
67.2|95.21|0|405|5|5|8|8
67.3|95.74|0|405|5|5|8|8
