0|96.01|809|472|5.1|5.1|1|8
0.1|96.02|918|472|5.1|5.1|1|8
0.2|96.02|920|472|5.1|5.1|1|8
0.3|96.02|920|472|5.1|5.1|1|8
0.4|96.04|920|472|5.1|5.1|1|8
0.5|96.01|920|472|5.1|5.1|2|8
0.6|95.72|923|472|5.1|5.1|2|8
0.7|95.3|936|472|5.1|5.1|2|8
0.8|94.84|990|472|5.1|5.1|2|8
0.9|94.41|1106|472|5.1|5.1|2|8
1|93.94|1518|471|5.1|5.1|3|8
1.1|93.58|1580|470|5.1|5.2|3|8
1.2|93.35|1601|470|5.1|5.2|3|8
1.3|93.23|1611|470|5.2|5.2|3|8
1.4|93.14|1616|470|5.2|5.2|3|8
1.5|93.18|1619|470|5.2|5.2|3|8
1.6|93.15|1621|470|5.2|5.2|3|8
1.7|93.14|1626|470|5.2|5.2|3|8
1.8|93.17|1626|470|5.2|5.2|3|8
1.9|93.19|1629|470|5.2|5.2|3|8
2|93.18|1631|470|5.2|5.2|3|8
2.1|93.18|1631|470|5.2|5.2|3|8
2.2|93.17|1634|469|5.2|5.2|3|8
2.3|93.15|1637|469|5.2|5.2|3|8
2.4|93.18|1637|469|5.2|5.2|3|8
2.5|93.19|1639|469|5.2|5.2|3|8
2.6|93.18|1642|469|5.2|5.2|3|8
2.7|93.15|1644|469|5.2|5.2|3|8
2.8|93.17|1644|469|5.2|5.2|3|8
2.9|93.15|1647|469|5.2|5.2|3|8
3|93.15|1647|470|5.2|5.2|4|8
3.1|93.27|1647|469|5.2|5.2|4|8
3.2|93.51|1642|469|5.2|5.2|4|8
3.3|93.92|1626|468|5.2|5.2|4|8
3.4|94.45|1387|469|5.2|5.2|5|8
3.5|94.79|951|470|5.2|5.2|5|8
3.6|94.95|943|470|5.2|5.2|5|8
3.7|95.08|941|470|5.2|5.2|5|8
3.8|95.06|938|471|5.2|5.2|5|8
3.9|95.06|938|470|5.2|5.2|5|8
4|95.06|938|470|5.2|5.2|5|8
4.1|95.1|938|470|5.2|5.2|5|8
4.2|95.11|936|470|5.2|5.2|5|8
4.3|95.17|938|470|5.2|5.2|5|8
4.4|95.17|936|470|5.2|5.2|5|8
4.5|95.11|936|470|5.2|5.2|5|8
4.6|95.11|936|470|5.2|5.2|5|8
4.7|95.14|938|470|5.2|5.2|5|8
4.8|95.07|936|470|5.2|5.2|5|8
4.9|95.1|936|470|5.2|5.2|5|8
5|95.14|936|470|5.2|5.3|5|8
5.1|95.07|936|470|5.3|5.3|5|8
5.2|95.08|936|470|5.3|5.3|5|8
5.3|95.06|936|470|5.3|5.3|5|8
5.4|95.06|936|470|5.3|5.3|2|8
5.5|95.12|936|470|5.3|5.3|2|8
5.6|94.79|936|470|5.3|5.3|2|8
5.7|94.37|936|470|5.3|5.3|2|8
5.8|93.92|1057|470|5.3|5.3|2|8
5.9|93.45|1606|468|5.3|5.3|3|8
6|93.19|1652|468|5.3|5.3|3|8
6.1|93.03|1662|468|5.3|5.3|3|8
6.2|92.91|1665|468|5.3|5.3|3|8
6.3|92.92|1670|468|5.3|5.3|3|8
6.4|92.91|1673|468|5.3|5.3|3|8
6.5|92.87|1675|468|5.3|5.3|3|8
6.6|92.86|1675|468|5.3|5.3|3|8
6.7|92.9|1678|468|5.3|5.3|3|8
6.8|92.87|1680|468|5.3|5.3|3|8
6.9|92.84|1680|468|5.3|5.3|3|8
7|92.9|1683|468|5.3|5.3|3|8
7.1|92.84|1683|468|5.3|5.3|3|8
7.2|92.86|1683|468|5.3|5.3|3|8
7.3|92.9|1686|468|5.3|5.3|3|8
7.4|92.83|1686|468|5.3|5.3|3|8
7.5|92.9|1686|468|5.3|5.3|3|8
7.6|92.82|1691|468|5.3|5.3|3|8
7.7|92.88|1693|468|5.3|5.3|3|8
7.8|92.84|1696|468|5.3|5.3|3|8
7.9|92.83|1696|468|5.3|5.3|4|8
8|92.94|1688|468|5.3|5.3|4|8
8.1|93.3|1680|468|5.3|5.3|4|8
8.2|93.84|1631|468|5.3|5.3|4|8
8.3|94.29|1059|468|5.3|5.3|5|8
8.4|94.59|954|470|5.3|5.3|5|8
8.5|94.7|948|470|5.3|5.3|5|8
8.6|94.75|946|470|5.3|5.3|5|8
8.7|94.79|946|470|5.3|5.3|5|8
8.8|94.79|943|470|5.3|5.3|5|8
8.9|94.79|943|470|5.3|5.3|5|8
9|94.78|943|470|5.3|5.4|5|8
9.1|94.78|943|470|5.4|5.4|5|8
9.2|94.76|943|470|5.4|5.4|5|8
9.3|94.83|943|470|5.4|5.4|5|8
9.4|94.83|943|470|5.4|5.4|5|8
9.5|94.84|943|470|5.4|5.4|5|8
9.6|94.8|943|470|5.4|5.4|5|8
9.7|94.78|943|470|5.4|5.4|5|8
9.8|94.76|946|468|5.4|5.4|5|8
9.9|94.84|948|456|5.4|5.4|5|8
10|94.83|951|452|5.4|5.4|5|8
10.1|94.8|948|451|5.4|5.4|5|8
10.2|94.8|948|450|5.4|5.4|5|8
10.3|94.78|951|450|5.4|5.4|2|8
10.4|94.76|948|450|5.4|5.4|2|8
10.5|94.37|948|450|5.4|5.4|2|8
10.6|93.92|1005|450|5.4|5.4|2|8
10.7|93.43|1155|450|5.4|5.4|2|8
10.8|92.98|1626|450|5.4|5.4|3|8
10.9|92.67|1693|452|5.4|5.4|3|8
11|92.48|1706|452|5.4|5.4|3|8
11.1|92.43|1711|453|5.4|5.4|3|8
11.2|92.39|1716|453|5.4|5.4|3|8
11.3|92.43|1716|453|5.4|5.4|3|8
11.4|92.35|1719|453|5.4|5.4|3|8
11.5|92.37|1722|453|5.4|5.4|3|8
11.6|92.4|1724|453|5.4|5.4|3|8
11.7|92.37|1724|453|5.4|5.4|3|8
11.8|92.37|1727|454|5.4|5.4|3|8
11.9|92.35|1727|454|5.4|5.4|3|8
12|92.37|1729|454|5.4|5.4|3|8
12.1|92.4|1729|453|5.4|5.4|3|8
12.2|92.36|1732|453|5.4|5.4|3|8
12.3|92.35|1735|453|5.4|5.4|3|8
12.4|92.39|1735|453|5.4|5.4|3|8
12.5|92.37|1735|454|5.4|5.4|3|8
12.6|92.35|1737|454|5.4|5.4|3|8
12.7|92.36|1737|454|5.4|5.4|3|8
12.8|92.37|1737|454|5.4|5.4|4|8
12.9|92.49|1737|454|5.4|5.4|4|8
13|92.79|1711|454|5.4|5.4|4|8
13.1|93.3|1595|453|5.4|5.4|4|8
13.2|93.78|985|452|5.4|5.4|5|8
13.3|93.88|966|452|5.4|5.4|5|8
13.4|93.97|964|451|5.4|5.4|5|8
13.5|94.02|961|451|5.4|5.4|5|8
13.6|94.04|961|451|5.4|5.4|5|8
13.7|94.08|959|451|5.4|5.4|5|8
13.8|94.1|959|451|5.4|5.4|5|8
13.9|94.08|959|451|5.4|5.4|5|8
14|94.04|959|451|5.4|5.4|5|8
14.1|94.04|959|451|5.4|5.4|5|8
14.2|94.05|959|451|5.4|5.4|5|8
14.3|94.04|959|451|5.4|5.4|5|8
14.4|94.04|959|451|5.4|5.4|5|8
14.5|94.05|959|451|5.4|5.4|5|8
14.6|94.08|959|451|5.4|5.4|5|8
14.7|94.1|959|451|5.4|5.4|5|8
14.8|94.06|959|451|5.4|5.4|5|8
14.9|94.08|959|451|5.4|5.4|5|8
15|94.05|959|451|5.4|5.5|5|8
15.1|94.02|959|451|5.4|5.5|5|8
15.2|94.05|959|451|5.5|5.5|2|8
15.3|93.89|959|451|5.4|5.5|2|8
15.4|93.42|959|451|5.5|5.5|2|8
15.5|92.98|1168|450|5.5|5.5|2|8
15.6|92.52|1670|451|5.5|5.5|3|8
15.7|92.28|1722|453|5.5|5.5|3|8
15.8|92.15|1732|454|5.5|5.5|3|8
15.9|92.13|1740|454|5.5|5.5|3|8
16|92.01|1742|454|5.5|5.5|3|8
16.1|91.98|1745|454|5.5|5.5|3|8
16.2|91.98|1747|454|5.5|5.5|3|8
16.3|92.02|1750|454|5.5|5.5|3|8
16.4|92.01|1750|454|5.5|5.5|3|8
16.5|92|1753|454|5.5|5.5|3|8
16.6|92.04|1753|454|5.5|5.5|3|8
16.7|92.02|1753|454|5.5|5.5|3|8
16.8|92.02|1755|454|5.5|5.5|3|8
16.9|92.02|1755|454|5.5|5.5|3|8
17|91.98|1755|454|5.5|5.5|3|8
17.1|92.01|1758|454|5.5|5.5|3|8
17.2|92.02|1758|454|5.5|5.5|3|8
17.3|92.02|1758|454|5.5|5.5|3|8
17.4|92.01|1758|454|5.5|5.5|3|8
17.5|92.02|1760|454|5.5|5.5|3|8
17.6|92|1760|454|5.5|5.5|4|8
17.7|92.16|1758|454|5.5|5.5|4|8
17.8|92.56|1719|454|5.5|5.5|4|8
17.9|93.09|1095|454|5.5|5.5|5|8
18|93.35|977|452|5.5|5.5|5|8
18.1|93.49|974|452|5.5|5.5|5|8
18.2|93.55|972|452|5.5|5.5|5|8
18.3|93.57|969|451|5.5|5.5|5|8
18.4|93.6|966|452|5.5|5.5|5|8
18.5|93.53|966|451|5.5|5.5|5|8
18.6|93.55|966|451|5.5|5.5|5|8
18.7|93.54|966|451|5.5|5.5|5|8
18.8|93.55|964|451|5.5|5.5|5|8
18.9|93.55|964|451|5.5|5.5|5|8
19|93.55|964|452|5.5|5.5|5|8
19.1|93.55|966|452|5.5|5.5|5|8
19.2|93.55|964|452|5.5|5.5|5|8
19.3|93.54|964|451|5.5|5.5|5|8
19.4|93.54|964|451|5.5|5.5|5|8
19.5|93.54|964|451|5.5|5.5|5|8
19.6|93.55|964|451|5.5|5.5|5|8
19.7|93.55|964|452|5.5|5.5|5|8
19.8|93.55|969|447|5.5|5.5|5|8
19.9|93.55|974|428|5.5|5.5|2|8
20|93.46|974|422|5.5|5.5|2|8
20.1|93.11|974|419|5.5|5.5|2|8
20.2|92.66|1149|419|5.5|5.5|2|8
20.3|92.25|1688|420|5.5|5.5|3|8
20.4|91.97|1747|422|5.5|5.5|3|8
20.5|91.92|1760|422|5.5|5.5|3|8
20.6|91.82|1765|423|5.5|5.5|3|8
20.7|91.82|1771|423|5.5|5.5|3|8
20.8|91.77|1776|423|5.5|5.5|3|8
20.9|91.76|1778|423|5.5|5.5|3|8
21|91.76|1778|423|5.5|5.5|3|8
21.1|91.77|1781|423|5.5|5.5|3|8
21.2|91.78|1781|423|5.5|5.5|3|8
21.3|91.8|1784|423|5.5|5.5|3|8
21.4|91.77|1784|423|5.5|5.5|3|8
21.5|91.76|1786|423|5.5|5.5|3|8
21.6|91.78|1784|423|5.5|5.5|3|8
21.7|91.78|1786|423|5.5|5.5|3|8
21.8|91.77|1789|423|5.5|5.5|3|8
21.9|91.74|1789|423|5.5|5.5|3|8
22|91.78|1791|423|5.5|5.5|3|8
22.1|91.78|1791|424|5.5|5.5|3|8
22.2|91.77|1794|423|5.5|5.5|3|8
22.3|91.76|1796|424|5.5|5.5|4|8
22.4|91.86|1794|424|5.5|5.5|4|8
22.5|92.31|1745|423|5.5|5.5|4|8
22.6|92.82|1049|422|5.5|5.5|5|8
22.7|93.07|990|420|5.5|5.5|5|8
22.8|93.13|987|418|5.5|5.5|5|8
22.9|93.25|985|418|5.5|5.5|5|8
23|93.18|982|418|5.5|5.5|5|8
23.1|93.22|982|418|5.5|5.5|5|8
23.2|93.26|982|418|5.5|5.5|5|8
23.3|93.19|982|418|5.5|5.5|5|8
23.4|93.23|979|418|5.5|5.5|5|8
23.5|93.22|979|418|5.5|5.5|5|8
23.6|93.17|979|418|5.5|5.5|5|8
23.7|93.25|979|418|5.5|5.5|5|8
23.8|93.18|979|418|5.5|5.5|5|8
23.9|93.21|979|418|5.5|5.5|5|8
24|93.22|979|418|5.5|5.5|5|8
24.1|93.23|977|418|5.5|5.5|5|8
24.2|93.17|977|418|5.5|5.5|5|8
24.3|93.21|977|418|5.5|5.5|5|8
24.4|93.21|977|418|5.5|5.5|5|8
24.5|93.21|977|418|5.5|5.5|5|8
24.6|93.21|977|418|5.5|5.5|2|8
24.7|93.04|977|418|5.5|5.5|2|8
24.8|92.66|977|418|5.5|5.5|2|8
24.9|92.24|1441|419|5.5|5.5|2|8
25|91.86|1735|421|5.5|5.5|3|8
25.1|91.65|1763|422|5.5|5.5|3|8
25.2|91.58|1776|422|5.5|5.5|3|8
25.3|91.58|1781|423|5.5|5.5|3|8
25.4|91.5|1786|423|5.5|5.5|3|8
25.5|91.5|1789|423|5.5|5.5|3|8
25.6|91.45|1791|423|5.5|5.5|3|8
25.7|91.6|1794|423|5.5|5.5|3|8
25.8|91.51|1794|424|5.5|5.5|3|8
25.9|91.45|1796|423|5.5|5.5|3|8
26|91.58|1796|423|5.5|5.5|3|8
26.1|91.47|1796|423|5.5|5.5|3|8
26.2|91.58|1799|423|5.5|5.5|3|8
26.3|91.5|1799|423|5.5|5.5|3|8
26.4|91.53|1799|423|5.5|5.5|3|8
26.5|91.51|1799|423|5.5|5.5|3|8
26.6|91.46|1802|423|5.5|5.5|3|8
26.7|91.56|1802|423|5.5|5.5|3|8
26.8|91.46|1802|423|5.5|5.5|3|8
26.9|91.57|1802|423|5.5|5.5|3|8
27|91.54|1802|423|5.5|5.5|4|8
27.1|91.78|1796|423|5.5|5.5|4|8
27.2|92.29|1716|423|5.5|5.5|4|8
27.3|92.66|1008|421|5.5|5.5|5|8
27.4|92.9|992|420|5.5|5.5|5|8
27.5|92.95|990|418|5.5|5.5|5|8
27.6|92.98|987|418|5.5|5.5|5|8
27.7|92.95|985|418|5.5|5.5|5|8
27.8|92.99|985|418|5.5|5.5|5|8
27.9|92.99|982|418|5.5|5.5|5|8
28|93.02|982|419|5.5|5.5|5|8
28.1|93.04|982|419|5.5|5.5|5|8
28.2|93.07|982|419|5.5|5.5|5|8
28.3|93.03|982|418|5.5|5.5|5|8
28.4|93|982|418|5.5|5.5|5|8
28.5|92.98|982|418|5.5|5.5|5|8
28.6|92.95|982|418|5.5|5.5|5|8
28.7|92.94|979|418|5.5|5.5|5|8
28.8|93|979|419|5.5|5.5|5|8
28.9|92.99|979|418|5.5|5.5|5|8
29|93.04|979|419|5.5|5.5|5|8
29.1|93.07|979|419|5.5|5.5|5|8
29.2|93.02|979|419|5.5|5.5|5|8
29.3|92.98|979|418|5.5|5.5|2|8
29.4|92.68|979|418|5.5|5.5|2|8
29.5|92.37|1036|418|5.5|5.5|2|8
29.6|91.89|1621|420|5.5|5.5|3|8
29.7|91.61|1755|422|5.5|5.5|3|8
29.8|91.5|1796|416|5.5|5.5|3|8
29.9|91.43|1814|400|5.5|5.5|3|8
30|91.37|1820|394|5.5|5.5|3|8
30.1|91.29|1825|393|5.5|5.5|3|8
30.2|91.26|1827|392|5.5|5.5|3|8
30.3|91.33|1830|392|5.5|5.5|3|8
30.4|91.31|1830|392|5.5|5.5|3|8
30.5|91.33|1830|392|5.5|5.5|3|8
30.6|91.33|1832|392|5.5|5.5|3|8
30.7|91.34|1832|392|5.5|5.5|3|8
30.8|91.31|1832|392|5.5|5.5|3|8
30.9|91.3|1832|392|5.5|5.5|3|8
31|91.34|1832|392|5.5|5.5|3|8
31.1|91.31|1832|392|5.5|5.5|3|8
31.2|91.34|1835|392|5.5|5.5|3|8
31.3|91.34|1835|392|5.5|5.5|3|8
31.4|91.27|1838|392|5.5|5.5|3|8
31.5|91.31|1838|392|5.5|5.5|3|8
31.6|91.3|1838|392|5.5|5.5|4|8
31.7|91.38|1838|392|5.5|5.5|4|8
31.8|91.73|1809|392|5.5|5.5|4|8
31.9|92.25|1260|392|5.5|5.5|5|8
32|92.58|1005|392|5.5|5.5|5|8
32.1|92.64|1000|392|5.5|5.5|5|8
32.2|92.8|997|392|5.5|5.5|5|8
32.3|92.79|995|391|5.5|5.5|5|8
32.4|92.8|995|391|5.5|5.5|5|8
32.5|92.79|992|391|5.5|5.5|5|8
32.6|92.82|992|391|5.5|5.5|5|8
32.7|92.87|995|391|5.5|5.5|5|8
32.8|92.8|992|392|5.5|5.5|5|8
32.9|92.75|992|392|5.5|5.5|5|8
33|92.79|990|391|5.5|5.5|5|8
33.1|92.79|990|391|5.5|5.5|5|8
33.2|92.79|990|391|5.5|5.5|5|8
33.3|92.8|992|391|5.5|5.5|5|8
33.4|92.79|990|391|5.5|5.5|5|8
33.5|92.82|990|391|5.5|5.5|5|8
33.6|92.87|990|391|5.5|5.5|5|8
33.7|92.76|990|391|5.5|5.5|5|8
33.8|92.79|990|391|5.5|5.5|5|8
33.9|92.8|987|391|5.5|5.5|2|8
34|92.72|987|391|5.5|5.5|2|8
34.1|92.44|987|391|5.5|5.5|2|8
34.2|92|1085|391|5.5|5.5|2|8
34.3|91.61|1732|392|5.5|5.5|3|8
34.4|91.34|1794|392|5.5|5.5|3|8
34.5|91.25|1809|392|5.5|5.5|3|8
34.6|91.25|1820|392|5.5|5.5|3|8
34.7|91.15|1825|392|5.5|5.5|3|8
34.8|91.11|1827|392|5.5|5.5|3|8
34.9|91.09|1830|392|5.5|5.5|3|8
35|91.09|1832|392|5.5|5.5|3|8
35.1|91.14|1835|392|5.5|5.5|3|8
35.2|91.11|1838|392|5.5|5.5|3|8
35.3|91.15|1838|392|5.5|5.5|3|8
35.4|91.13|1838|392|5.5|5.5|3|8
35.5|91.11|1838|392|5.5|5.5|3|8
35.6|91.11|1838|392|5.5|5.5|3|8
35.7|91.13|1838|392|5.5|5.5|3|8
35.8|91.11|1840|392|5.5|5.5|3|8
35.9|91.13|1840|392|5.5|5.5|3|8
36|91.14|1840|392|5.5|5.5|3|8
36.1|91.11|1840|392|5.5|5.5|3|8
36.2|91.13|1840|392|5.5|5.5|3|8
36.3|91.11|1840|392|5.5|5.5|4|8
36.4|91.21|1840|392|5.5|5.5|4|8
36.5|91.65|1786|392|5.5|5.5|4|8
36.6|92.09|1052|393|5.5|5.5|2|8
36.7|92.19|1005|392|5.5|5.5|2|8
36.8|92.2|1000|392|5.5|5.5|2|8
36.9|92.21|997|392|5.5|5.5|2|8
37|92.13|997|392|5.5|5.5|2|8
37.1|92.11|997|392|5.5|5.5|2|8
37.2|91.94|995|392|5.5|5.5|2|8
37.3|91.97|995|392|5.5|5.5|2|8
37.4|91.93|995|392|5.5|5.5|2|8
37.5|91.84|992|392|5.5|5.5|2|8
37.6|91.77|1201|392|5.5|5.5|2|8
37.7|91.74|1034|392|5.5|5.5|2|8
37.8|91.62|1018|392|5.5|5.5|2|8
37.9|91.57|1039|392|5.5|5.5|2|8
38|91.58|1180|392|5.5|5.5|2|8
38.1|91.46|1619|392|5.5|5.5|2|8
38.2|91.49|1670|393|5.5|5.5|2|8
38.3|91.54|1673|393|5.5|5.5|2|8
38.4|91.78|1642|393|5.5|5.5|2|8
38.5|91.97|1343|393|5.5|5.5|2|8
38.6|92.09|1003|392|5.5|5.5|2|8
38.7|92.12|997|392|5.5|5.5|2|8
38.8|92.16|995|392|5.5|5.5|2|8
38.9|92.12|995|392|5.5|5.5|2|8
39|92.04|992|392|5.5|5.5|2|8
39.1|91.98|992|392|5.5|5.5|2|8
39.2|91.93|992|392|5.5|5.5|2|8
39.3|91.88|992|392|5.5|5.5|2|8
39.4|91.82|1000|392|5.5|5.5|2|8
39.5|91.74|997|392|5.5|5.5|2|8
39.6|91.62|1057|392|5.5|5.5|2|8
39.7|91.61|1052|392|5.5|5.5|2|8
39.8|91.58|1034|392|5.5|5.5|2|8
39.9|91.51|1168|392|5.5|5.5|2|8
40|91.42|1521|392|5.5|5.5|2|8
40.1|91.38|1649|393|5.5|5.5|2|8
40.2|91.49|1660|393|5.5|5.5|2|8
40.3|91.68|1595|394|5.5|5.5|2|8
40.4|91.8|1031|393|5.5|5.5|2|8
40.5|91.86|995|392|5.5|5.5|2|8
40.6|91.93|992|392|5.5|5.5|2|8
40.7|91.85|990|392|5.5|5.5|2|8
40.8|91.78|990|392|5.5|5.5|2|8
40.9|91.73|1010|392|5.5|5.5|2|8
41|91.62|995|392|5.5|5.5|2|8
41.1|91.6|1005|392|5.5|5.5|2|8
41.2|91.57|997|392|5.5|5.5|2|8
41.3|91.47|1005|392|5.5|5.5|2|8
41.4|91.42|1113|391|5.5|5.5|2|8
41.5|91.34|1103|392|5.5|5.5|2|8
41.6|91.26|1005|392|5.5|5.5|2|8
41.7|91.22|1057|392|5.5|5.5|2|8
41.8|91.22|1247|393|5.5|5.5|2|8
41.9|91.06|1111|394|5.5|5.5|2|8
42|91.07|1126|392|5.5|5.5|2|8
42.1|90.96|1124|392|5.5|5.5|2|8
42.2|90.84|1072|392|5.5|5.5|2|8
42.3|90.82|1054|392|5.5|5.5|2|8
42.4|90.75|1152|392|5.5|5.5|2|8
42.5|90.64|1142|392|5.5|5.5|2|8
42.6|90.6|1191|392|5.5|5.5|2|8
42.7|90.54|1361|393|5.5|5.5|2|8
42.8|90.48|1142|392|5.5|5.5|2|8
42.9|90.37|1098|392|5.5|5.5|2|8
43|90.36|1222|393|5.5|5.5|2|8
43.1|90.2|1173|392|5.5|5.5|2|8
43.2|90.17|1134|392|5.5|5.5|2|8
43.3|90.03|1085|393|5.5|5.5|2|8
43.4|90|1211|393|5.5|5.5|2|8
43.5|89.88|1302|394|5.5|5.5|2|8
43.6|89.88|1003|392|5.5|5.5|2|8
43.7|89.86|1103|392|5.5|5.5|2|8
43.8|89.81|1057|392|5.5|5.5|2|8
43.9|89.8|1085|392|5.5|5.5|2|8
44|89.72|1152|392|5.5|5.5|2|8
44.1|89.52|1064|392|5.5|5.5|2|8
44.2|89.53|1034|392|5.5|5.5|2|8
44.3|89.5|1273|392|5.5|5.5|2|8
44.4|89.45|1188|393|5.5|5.5|2|8
44.5|89.34|1116|392|5.5|5.5|2|8
44.6|89.26|1180|392|5.5|5.5|2|8
44.7|89.19|1039|392|5.5|5.5|2|8
44.8|89.17|1162|392|5.5|5.5|2|8
44.9|89.09|1209|392|5.5|5.5|2|8
45|88.99|1034|392|5.5|5.5|2|8
45.1|88.9|1191|392|5.5|5.5|2|8
45.2|88.87|1124|392|5.5|5.5|2|8
45.3|88.78|1139|392|5.5|5.5|2|8
45.4|88.72|1059|392|5.5|5.5|2|8
45.5|88.6|1095|392|5.5|5.5|2|8
45.6|88.55|1098|392|5.5|5.5|2|8
45.7|88.46|1196|392|5.5|5.5|2|8
45.8|88.36|1075|392|5.5|5.5|2|8
45.9|88.29|1085|392|5.5|5.5|2|8
46|88.21|1075|392|5.5|5.5|2|8
46.1|88.09|1160|392|5.5|5.5|2|8
46.2|88.05|1028|392|5.5|5.5|2|8
46.3|87.97|1119|392|5.5|5.5|2|8
46.4|87.9|1116|392|5.5|5.5|2|8
46.5|87.76|1307|393|5.5|5.5|2|8
46.6|87.72|1059|392|5.5|5.5|2|8
46.7|87.56|1157|392|5.5|5.5|2|8
46.8|87.49|1131|392|5.5|5.5|2|8
46.9|87.37|1085|392|5.5|5.5|2|8
47|87.29|1198|392|5.5|5.5|2|8
47.1|87.17|1113|392|5.5|5.5|2|8
47.2|87.14|1101|392|5.5|5.5|2|8
47.3|86.99|1121|392|5.5|5.5|2|8
47.4|86.94|1232|392|5.5|5.5|2|8
47.5|86.79|1077|392|5.5|5.5|2|8
47.6|86.68|1046|392|5.5|5.5|2|8
47.7|86.6|1064|392|5.5|5.5|2|8
47.8|86.43|1093|392|5.5|5.5|2|8
47.9|86.39|1152|392|5.5|5.5|2|8
48|86.27|1168|392|5.5|5.5|2|8
48.1|86.13|1227|393|5.5|5.5|2|8
48.2|86.04|1214|392|5.5|5.5|2|8
48.3|85.95|1263|392|5.5|5.5|2|8
48.4|85.74|1041|392|5.5|5.5|2|8
48.5|85.66|1240|392|5.5|5.5|2|8
48.6|85.48|1139|392|5.5|5.5|2|8
48.7|85.41|1095|392|5.5|5.5|2|8
48.8|85.22|1198|392|5.5|5.5|2|8
48.9|85.17|1198|392|5.5|5.5|2|8
49|85.02|1142|392|5.5|5.5|2|8
49.1|84.87|1291|392|5.5|5.5|2|8
49.2|84.76|1082|392|5.5|5.5|2|8
49.3|84.56|1157|392|5.5|5.5|2|8
49.4|84.39|1142|391|5.5|5.5|2|8
49.5|84.42|1232|391|5.5|5.5|2|8
49.6|84.21|1211|392|5.5|5.5|2|8
49.7|84.09|1211|392|5.5|5.5|2|8
49.8|83.89|1381|392|5.5|5.5|2|8
49.9|83.73|1201|392|5.5|5.5|2|8
50|83.66|1147|391|5.5|5.5|2|8
50.1|83.58|1018|390|5.5|5.5|2|8
50.2|83.46|1080|390|5.5|5.5|2|8
50.3|83.44|1028|392|5.5|5.5|2|8
50.4|83.36|1088|392|5.5|5.5|2|8
50.5|83.29|1101|391|5.5|5.5|2|8
50.6|83.23|1036|391|5.5|5.5|2|8
50.7|83.1|1090|391|5.5|5.5|2|8
50.8|82.99|1188|392|5.5|5.5|2|8
50.9|82.91|1082|391|5.5|5.5|2|8
51|82.82|1113|391|5.5|5.5|2|8
51.1|82.72|1129|392|5.5|5.5|2|8
51.2|82.62|1175|392|5.5|5.5|2|8
51.3|82.52|1147|391|5.5|5.5|2|8
51.4|82.35|1131|391|5.5|5.5|2|8
51.5|82.27|1168|392|5.5|5.5|2|8
51.6|82.17|1235|392|5.5|5.5|2|8
51.7|82|1196|392|5.5|5.5|2|8
51.8|81.8|1070|392|5.5|5.5|2|8
51.9|81.72|1247|392|5.5|5.5|2|8
52|81.5|1126|392|5.5|5.5|2|8
52.1|81.36|1229|392|5.5|5.5|2|8
52.2|81.17|1343|392|5.5|5.5|2|8
52.3|80.98|1343|392|5.5|5.5|2|8
52.4|80.67|1495|392|5.5|5.5|6|8
52.5|78.67|1863|392|5.5|5.5|6|8
52.6|76.04|966|393|5.5|5.5|6|8
52.7|73.61|0|391|5.5|5.5|7|8
52.8|71.83|0|390|5.5|5.5|7|8
52.9|70.92|0|389|5.5|5.5|7|8
53|70.47|0|388|5.5|5.5|7|8
53.1|70.28|0|388|5.5|5.5|7|8
53.2|70.18|0|388|5.5|5.5|7|8
53.3|70.06|0|388|5.5|5.5|7|8
53.4|70.06|0|388|5.5|5.5|7|8
53.5|70.06|0|388|5.5|5.5|7|8
53.6|70.06|0|388|5.5|5.5|7|8
53.7|70.06|0|388|5.5|5.5|7|8
53.8|70.08|0|388|5.5|5.5|7|8
53.9|70.12|0|388|5.5|5.5|7|8
54|70.07|0|388|5.5|5.5|7|8
54.1|70.02|0|388|5.5|5.5|7|8
54.2|70.03|0|388|5.5|5.5|7|8
54.3|70.06|0|387|5.5|5.5|7|8
54.4|70.04|0|388|5.5|5.5|7|8
54.5|70.04|0|388|5.5|5.5|7|8
54.6|70.04|0|388|5.5|5.5|7|8
54.7|70.03|0|388|5.5|5.5|7|8
54.8|70.04|0|388|5.5|5.5|7|8
54.9|70.03|0|388|5.5|5.5|7|8
55|70.03|0|388|5.5|5.5|7|8
55.1|70.04|0|388|5.5|5.5|7|8
55.2|70.03|0|388|5.5|5.5|7|8
55.3|70.04|0|388|5.5|5.5|7|8
55.4|70.06|0|388|5.5|5.5|7|8
55.5|70.02|0|388|5.5|5.5|7|8
55.6|69.99|0|388|5.5|5.5|7|8
55.7|70.03|0|388|5.5|5.5|7|8
55.8|70.02|0|388|5.5|5.5|7|8
55.9|70.02|0|388|5.5|5.5|7|8
56|70.03|0|388|5.5|5.5|7|8
56.1|70.02|0|388|5.5|5.5|7|8
56.2|70|0|388|5.5|5.5|7|8
56.3|70.03|0|388|5.5|5.5|7|8
56.4|70|0|388|5.5|5.5|7|8
56.5|70.03|0|388|5.5|5.5|7|8
56.6|70.02|0|388|5.5|5.5|7|8
56.7|70.02|0|388|5.5|5.5|7|8
56.8|70.02|0|388|5.5|5.5|7|8
56.9|70.02|0|388|5.5|5.5|7|8
57|70.02|0|388|5.5|5.5|7|8
57.1|70.02|0|388|5.5|5.5|7|8
57.2|70.02|0|388|5.5|5.5|7|8
57.3|70.06|0|388|5.5|5.5|7|8
57.4|70.03|0|388|5.5|5.5|7|8
57.5|70|0|388|5.5|5.5|7|8
57.6|69.95|0|388|5.5|5.5|7|8
57.7|69.99|0|388|5.5|5.5|7|8
57.8|70|0|388|5.5|5.5|7|8
57.9|70|0|388|5.5|5.5|7|8
58|70|0|388|5.5|5.5|7|8
58.1|70.02|0|388|5.5|5.5|7|8
58.2|70|0|388|5.5|5.5|7|8
58.3|70.02|0|388|5.5|5.5|7|8
58.4|69.99|0|388|5.5|5.5|7|8
58.5|70|0|388|5.5|5.5|7|8
58.6|70|0|388|5.5|5.5|7|8
58.7|70|0|388|5.5|5.5|7|8
58.8|70.02|0|388|5.5|5.5|7|8
58.9|70.02|0|388|5.5|5.5|7|8
59|70|0|388|5.5|5.5|7|8
59.1|70|0|388|5.5|5.5|7|8
59.2|70|0|388|5.5|5.5|7|8
59.3|70|0|388|5.5|5.5|7|8
59.4|70|0|388|5.5|5.5|7|8
59.5|70|0|388|5.5|5.5|7|8
59.6|70|0|388|5.5|5.5|7|8
59.7|70|0|388|5.5|5.5|7|8
59.8|70|0|388|5.5|5.5|7|8
59.9|70|0|388|5.5|5.5|7|8
60|70|0|388|5.5|5.5|7|8
60.1|70|0|388|5.5|5.5|7|8
60.2|70|0|388|5.5|5.5|7|8
60.3|70|0|388|5.5|5.5|7|8
60.4|70|0|388|5.5|5.5|7|8
60.5|70|0|388|5.5|5.5|7|8
60.6|70|0|388|5.5|5.5|7|8
60.7|70.04|0|388|5.5|5.5|7|8
60.8|70.04|0|388|5.5|5.5|7|8
60.9|70.04|0|388|5.5|5.5|7|8
61|70.07|0|388|5.5|5.5|7|8
61.1|69.95|0|388|5.5|5.5|7|8
61.2|69.98|0|388|5.5|5.5|7|8
61.3|69.98|0|388|5.5|5.5|7|8
61.4|69.96|0|388|5.5|5.5|7|8
61.5|69.94|0|388|5.5|5.5|7|8
61.6|70|0|388|5.5|5.5|7|8
61.7|69.99|0|388|5.5|5.5|7|8
61.8|70|0|388|5.5|5.5|7|8
61.9|70.03|0|388|5.5|5.5|7|8
62|70.02|0|388|5.5|5.5|7|8
62.1|70.06|0|388|5.5|5.5|7|8
62.2|70.1|0|388|5.5|5.5|7|8
62.3|69.98|0|388|5.5|5.5|7|8
62.4|69.96|0|388|5.5|5.5|7|8
62.5|69.98|0|388|5.5|5.5|7|8
62.6|69.98|0|388|5.5|5.5|7|8
62.7|69.98|0|388|5.5|5.5|7|8
62.8|69.94|0|396|5.5|5.5|7|8
62.9|69.99|0|405|5.5|5.5|7|8
63|70|0|408|5.5|5.5|7|8
63.1|70|0|409|5.5|5.5|7|8
63.2|70.02|0|409|5.5|5.5|7|8
63.3|70.03|0|410|5.5|5.5|7|8
63.4|70.06|0|410|5.5|5.5|7|8
63.5|70.06|0|410|5.5|5.5|7|8
63.6|69.94|0|411|5.5|5.5|7|8
63.7|69.95|0|411|5.5|5.5|7|8
63.8|69.98|0|410|5.5|5.5|7|8
63.9|69.98|0|410|5.5|5.5|7|8
64|69.95|0|410|5.5|5.5|7|8
64.1|69.96|0|410|5.5|5.5|7|8
64.2|70.02|0|410|5.5|5.5|7|8
64.3|70.02|0|410|5.5|5.5|7|8
64.4|70.06|0|410|5.5|5.5|7|8
64.5|70.1|0|410|5.5|5.5|7|8
64.6|69.96|0|411|5.5|5.5|7|8
64.7|69.96|0|410|5.5|5.5|7|8
64.8|70|0|410|5.5|5.5|7|8
64.9|70.1|0|410|5.5|5.5|7|8
65|69.94|0|411|5.5|5.5|7|8
65.1|69.95|0|411|5.5|5.5|7|8
65.2|70|0|411|5.5|5.5|7|8
65.3|70.11|0|411|5.5|5.5|7|8
65.4|69.96|0|411|5.5|5.5|7|8
65.5|69.96|0|411|5.5|5.5|7|8
65.6|70|0|410|5.5|5.5|7|8
65.7|70.11|0|411|5.5|5.5|8|8
65.8|69.86|0|411|5.5|5.5|8|8
65.9|69.84|0|411|5.5|5.5|8|8
66|69.88|0|411|5.5|5.5|8|8
66.1|69.86|0|411|5.5|5.5|8|8
66.2|69.91|0|411|5.5|5.4|8|8
66.3|69.9|0|411|5.4|5.4|8|8
66.4|69.95|0|411|5.4|5.4|8|8
66.5|69.96|0|411|5.4|5.4|8|8
66.6|69.9|0|411|5.4|5.4|8|8
66.7|69.91|0|411|5.3|5.3|8|8
66.8|69.91|0|411|5.3|5.3|8|8
66.9|69.96|0|411|5.3|5.3|8|8
67|69.92|0|411|5.3|5.3|8|8
67.1|69.9|0|411|5.3|5.3|8|8
67.2|69.92|0|411|5.3|5.3|8|8
67.3|69.9|0|411|5.2|5.2|8|8
67.4|69.94|0|411|5.2|5.2|8|8
67.5|69.98|0|411|5.2|5.2|8|8
67.6|69.95|0|411|5.2|5.2|8|8
67.7|70.98|0|411|5.2|5.2|8|8
67.8|73.97|0|411|5.2|5.2|8|8
67.9|76.93|0|411|5.2|5.2|8|8
68|79.93|0|411|5.2|5.2|8|8
68.1|82.89|0|411|5.2|5.2|8|8
68.2|85.82|0|411|5.2|5.2|8|8
68.3|88.71|0|411|5.2|5.2|8|8
68.4|91.64|0|411|5.2|5.2|8|8
68.5|94.16|0|411|5.2|5.2|8|8
68.6|95.27|0|411|5.2|5.2|8|8
68.7|95.74|0|411|5.2|5.2|8|8
