0|96.06|1008|409|5.1|5.1|1|8
0.1|96.08|1121|412|5.1|5.1|1|8
0.2|96.06|1093|413|5.1|5.1|1|8
0.3|96.06|1077|414|5.1|5.1|1|8
0.4|96.06|1070|415|5.1|5.1|1|8
0.5|96.02|1064|416|5.1|5.1|2|8
0.6|95.73|1062|416|5.1|5.1|2|8
0.7|95.3|1067|416|5.1|5.1|2|8
0.8|94.87|1124|416|5.1|5.1|2|8
0.9|94.41|1358|416|5.1|5.1|2|8
1|93.94|1680|418|5.1|5.1|3|8
1.1|93.74|1711|419|5.1|5.1|3|8
1.2|93.61|1722|420|5.1|5.1|3|8
1.3|93.55|1727|420|5.2|5.2|3|8
1.4|93.51|1704|420|5.2|5.2|3|8
1.5|93.51|1706|420|5.2|5.2|3|8
1.6|93.58|1709|420|5.2|5.2|3|8
1.7|93.55|1711|420|5.2|5.2|3|8
1.8|93.55|1714|420|5.2|5.2|3|8
1.9|93.54|1716|420|5.2|5.2|3|8
2|93.51|1716|420|5.2|5.2|3|8
2.1|93.53|1716|420|5.2|5.2|3|8
2.2|93.57|1719|420|5.2|5.2|3|8
2.3|93.55|1722|420|5.2|5.2|3|8
2.4|93.54|1727|420|5.2|5.2|3|8
2.5|93.57|1729|420|5.2|5.2|3|8
2.6|93.53|1732|420|5.2|5.2|3|8
2.7|93.5|1735|420|5.2|5.2|3|8
2.8|93.53|1735|421|5.2|5.2|3|8
2.9|93.58|1735|420|5.2|5.2|3|8
3|93.55|1735|420|5.2|5.2|4|8
3.1|93.82|1729|420|5.2|5.2|4|8
3.2|94.27|1688|420|5.2|5.2|4|8
3.3|94.72|1438|420|5.2|5.2|4|8
3.4|95.08|1077|420|5.2|5.2|5|8
3.5|95.26|1070|418|5.2|5.2|5|8
3.6|95.35|1067|418|5.2|5.2|5|8
3.7|95.39|1067|418|5.2|5.2|5|8
3.8|95.41|1064|418|5.2|5.2|5|8
3.9|95.42|1064|418|5.2|5.2|5|8
4|95.39|1064|418|5.2|5.2|5|8
4.1|95.38|1064|418|5.2|5.2|5|8
4.2|95.37|1064|418|5.2|5.2|5|8
4.3|95.39|1064|418|5.2|5.2|5|8
4.4|95.41|1064|417|5.2|5.2|5|8
4.5|95.46|1064|418|5.2|5.2|5|8
4.6|95.39|1064|417|5.2|5.2|5|8
4.7|95.35|1062|417|5.2|5.2|5|8
4.8|95.38|1062|417|5.2|5.2|5|8
4.9|95.38|1062|417|5.2|5.2|5|8
5|95.43|1062|416|5.2|5.2|5|8
5.1|95.42|1062|416|5.2|5.2|5|8
5.2|95.42|1062|416|5.2|5.2|5|8
5.3|95.38|1062|416|5.2|5.2|5|8
5.4|95.37|1062|416|5.2|5.2|2|8
5.5|95.11|1064|416|5.2|5.2|2|8
5.6|94.71|1062|416|5.2|5.2|2|8
5.7|94.28|1152|416|5.3|5.2|2|8
5.8|93.76|1572|416|5.3|5.3|3|8
5.9|93.37|1763|418|5.3|5.3|3|8
6|93.25|1778|419|5.3|5.3|3|8
6.1|93.17|1786|419|5.3|5.3|3|8
6.2|93.02|1789|419|5.3|5.3|3|8
6.3|93.04|1791|419|5.3|5.3|3|8
6.4|93.07|1794|419|5.3|5.3|3|8
6.5|93.06|1794|419|5.3|5.3|3|8
6.6|93.06|1796|419|5.3|5.3|3|8
6.7|93.04|1799|419|5.3|5.3|3|8
6.8|93.06|1802|418|5.3|5.3|3|8
6.9|93.07|1802|418|5.3|5.3|3|8
7|93.03|1802|418|5.3|5.3|3|8
7.1|93.06|1804|418|5.3|5.3|3|8
7.2|93.06|1804|418|5.3|5.3|3|8
7.3|93.06|1807|418|5.3|5.3|3|8
7.4|93.06|1807|418|5.3|5.3|3|8
7.5|93.06|1809|418|5.3|5.3|3|8
7.6|93.04|1812|418|5.3|5.3|3|8
7.7|93.04|1812|418|5.3|5.3|3|8
7.8|93.03|1814|418|5.3|5.3|4|8
7.9|93.15|1809|418|5.3|5.3|4|8
8|93.42|1791|418|5.3|5.3|4|8
8.1|93.85|1729|418|5.3|5.3|4|8
8.2|94.37|1111|418|5.3|5.3|5|8
8.3|94.67|1075|417|5.3|5.3|5|8
8.4|94.7|1075|416|5.3|5.3|5|8
8.5|94.76|1072|416|5.3|5.3|5|8
8.6|94.79|1072|416|5.3|5.3|5|8
8.7|94.78|1070|416|5.3|5.3|5|8
8.8|94.83|1070|416|5.3|5.3|5|8
8.9|94.82|1070|416|5.3|5.3|5|8
9|94.8|1070|416|5.3|5.3|5|8
9.1|94.79|1070|416|5.3|5.3|5|8
9.2|94.8|1070|416|5.3|5.3|5|8
9.3|94.8|1070|416|5.3|5.3|5|8
9.4|94.79|1070|416|5.3|5.3|5|8
9.5|94.76|1070|416|5.3|5.3|5|8
9.6|94.83|1070|416|5.3|5.3|5|8
9.7|94.82|1067|416|5.3|5.3|5|8
9.8|94.82|1070|416|5.3|5.3|5|8
9.9|94.82|1070|416|5.4|5.3|5|8
10|94.8|1070|416|5.4|5.4|5|8
10.1|94.75|1070|416|5.4|5.4|5|8
10.2|94.83|1067|416|5.4|5.4|2|8
10.3|94.68|1070|416|5.4|5.4|2|8
10.4|94.33|1070|416|5.4|5.4|2|8
10.5|93.86|1147|416|5.4|5.4|2|8
10.6|93.38|1657|418|5.4|5.4|3|8
10.7|93.06|1786|418|5.4|5.4|3|8
10.8|92.88|1807|419|5.4|5.4|3|8
10.9|92.83|1827|414|5.4|5.4|3|8
11|92.74|1838|404|5.4|5.4|3|8
11.1|92.74|1838|400|5.4|5.4|3|8
11.2|92.78|1840|400|5.4|5.4|3|8
11.3|92.75|1840|399|5.4|5.4|3|8
11.4|92.75|1843|399|5.4|5.4|3|8
11.5|92.78|1843|399|5.4|5.4|3|8
11.6|92.78|1843|399|5.4|5.4|3|8
11.7|92.75|1845|399|5.4|5.4|3|8
11.8|92.74|1845|399|5.4|5.4|3|8
11.9|92.75|1848|399|5.4|5.4|3|8
12|92.79|1848|399|5.4|5.4|3|8
12.1|92.76|1848|399|5.4|5.4|3|8
12.2|92.76|1848|399|5.4|5.4|3|8
12.3|92.75|1851|399|5.4|5.4|3|8
12.4|92.75|1851|399|5.4|5.4|3|8
12.5|92.75|1851|399|5.4|5.4|3|8
12.6|92.75|1851|399|5.4|5.4|4|8
12.7|92.84|1851|400|5.4|5.4|4|8
12.8|93.15|1820|400|5.4|5.4|4|8
12.9|93.68|1737|400|5.4|5.4|4|8
13|94.15|1101|399|5.4|5.4|5|8
13.1|94.33|1085|398|5.4|5.4|5|8
13.2|94.39|1082|398|5.4|5.4|5|8
13.3|94.45|1080|398|5.4|5.4|5|8
13.4|94.47|1080|398|5.4|5.4|5|8
13.5|94.48|1080|398|5.4|5.4|5|8
13.6|94.44|1080|398|5.4|5.4|5|8
13.7|94.44|1080|398|5.4|5.4|5|8
13.8|94.44|1080|398|5.4|5.4|5|8
13.9|94.44|1080|398|5.4|5.4|5|8
14|94.44|1080|398|5.4|5.4|5|8
14.1|94.44|1080|398|5.4|5.4|5|8
14.2|94.44|1080|398|5.4|5.4|5|8
14.3|94.45|1080|398|5.4|5.4|5|8
14.4|94.44|1080|398|5.4|5.4|5|8
14.5|94.45|1080|398|5.4|5.4|5|8
14.6|94.45|1080|398|5.4|5.4|5|8
14.7|94.44|1080|398|5.4|5.4|5|8
14.8|94.43|1080|398|5.4|5.4|5|8
14.9|94.44|1080|398|5.4|5.4|5|8
15|94.49|1080|398|5.4|5.4|2|8
15.1|94.29|1080|398|5.4|5.4|2|8
15.2|93.86|1080|398|5.4|5.4|2|8
15.3|93.39|1278|399|5.4|5.4|2|8
15.4|92.94|1773|400|5.4|5.4|3|8
15.5|92.7|1830|400|5.4|5.4|3|8
15.6|92.6|1843|400|5.4|5.4|3|8
15.7|92.6|1851|400|5.4|5.4|3|8
15.8|92.53|1853|400|5.4|5.4|3|8
15.9|92.55|1856|400|5.4|5.4|3|8
16|92.58|1858|400|5.4|5.4|3|8
16.1|92.53|1858|400|5.4|5.4|3|8
16.2|92.53|1858|400|5.4|5.4|3|8
16.3|92.59|1861|400|5.4|5.4|3|8
16.4|92.55|1861|400|5.4|5.4|3|8
16.5|92.53|1861|400|5.4|5.4|3|8
16.6|92.56|1863|400|5.4|5.4|3|8
16.7|92.58|1863|400|5.4|5.4|3|8
16.8|92.53|1863|400|5.4|5.4|3|8
16.9|92.53|1863|400|5.4|5.4|3|8
17|92.58|1866|400|5.4|5.4|3|8
17.1|92.56|1866|400|5.4|5.4|3|8
17.2|92.55|1869|400|5.4|5.4|3|8
17.3|92.53|1869|400|5.4|5.4|3|8
17.4|92.55|1869|400|5.4|5.4|4|8
17.5|92.79|1863|400|5.4|5.4|4|8
17.6|93.21|1809|400|5.4|5.4|4|8
17.7|93.72|1160|400|5.4|5.4|5|8
17.8|93.94|1093|400|5.4|5.4|5|8
17.9|94.12|1090|400|5.4|5.4|5|8
18|94.13|1088|399|5.4|5.4|5|8
18.1|94.12|1088|400|5.4|5.4|5|8
18.2|94.16|1088|399|5.4|5.4|5|8
18.3|94.23|1088|400|5.4|5.4|5|8
18.4|94.17|1088|400|5.4|5.4|5|8
18.5|94.1|1088|400|5.4|5.4|5|8
18.6|94.13|1088|399|5.4|5.4|5|8
18.7|94.13|1085|399|5.4|5.4|5|8
18.8|94.13|1085|399|5.4|5.4|5|8
18.9|94.15|1085|399|5.4|5.4|5|8
19|94.15|1085|399|5.4|5.4|5|8
19.1|94.16|1085|399|5.4|5.4|5|8
19.2|94.16|1085|399|5.4|5.4|5|8
19.3|94.23|1085|399|5.4|5.4|5|8
19.4|94.15|1085|399|5.4|5.4|5|8
19.5|94.1|1085|399|5.4|5.4|5|8
19.6|94.13|1085|399|5.4|5.4|5|8
19.7|94.15|1085|399|5.4|5.4|2|8
19.8|94.02|1082|399|5.4|5.4|2|8
19.9|93.64|1082|399|5.4|5.4|2|8
20|93.26|1193|400|5.4|5.4|2|8
20.1|92.76|1778|400|5.4|5.4|3|8
20.2|92.63|1840|400|5.4|5.4|3|8
20.3|92.4|1856|401|5.4|5.4|3|8
20.4|92.39|1861|401|5.4|5.4|3|8
20.5|92.35|1863|401|5.4|5.4|3|8
20.6|92.36|1866|401|5.4|5.4|3|8
20.7|92.36|1869|401|5.4|5.4|3|8
20.8|92.4|1869|401|5.4|5.4|3|8
20.9|92.31|1871|400|5.4|5.4|3|8
21|92.35|1874|398|5.4|5.4|3|8
21.1|92.35|1874|398|5.4|5.4|3|8
21.2|92.36|1876|398|5.4|5.4|3|8
21.3|92.4|1876|398|5.4|5.4|3|8
21.4|92.32|1876|398|5.4|5.4|3|8
21.5|92.36|1876|398|5.4|5.4|3|8
21.6|92.33|1879|398|5.4|5.4|3|8
21.7|92.35|1879|398|5.4|5.4|3|8
21.8|92.36|1879|398|5.4|5.4|3|8
21.9|92.33|1881|398|5.4|5.4|3|8
22|92.37|1879|398|5.4|5.4|3|8
22.1|92.32|1881|398|5.4|5.4|4|8
22.2|92.53|1879|398|5.4|5.4|4|8
22.3|92.94|1827|398|5.4|5.4|4|8
22.4|93.47|1131|398|5.4|5.4|5|8
22.5|93.74|1093|398|5.4|5.4|5|8
22.6|93.77|1090|397|5.4|5.4|5|8
22.7|93.82|1090|397|5.4|5.4|5|8
22.8|93.82|1090|397|5.4|5.4|5|8
22.9|93.84|1088|397|5.4|5.4|5|8
23|93.86|1088|397|5.4|5.4|5|8
23.1|93.9|1088|397|5.4|5.4|5|8
23.2|93.84|1088|397|5.4|5.4|5|8
23.3|93.82|1088|397|5.4|5.4|5|8
23.4|93.82|1085|397|5.4|5.4|5|8
23.5|93.82|1085|396|5.4|5.4|5|8
23.6|93.85|1085|397|5.4|5.4|5|8
23.7|93.86|1085|397|5.4|5.4|5|8
23.8|93.85|1085|397|5.4|5.4|5|8
23.9|93.85|1085|397|5.4|5.4|5|8
24|93.84|1085|397|5.4|5.4|5|8
24.1|93.94|1085|397|5.4|5.4|5|8
24.2|93.86|1085|397|5.4|5.4|5|8
24.3|93.84|1085|397|5.4|5.4|5|8
24.4|93.82|1085|397|5.4|5.4|2|8
24.5|93.73|1082|397|5.4|5.4|2|8
24.6|93.3|1085|397|5.4|5.4|2|8
24.7|92.9|1438|398|5.4|5.4|2|8
24.8|92.52|1820|398|5.4|5.4|3|8
24.9|92.39|1861|398|5.4|5.4|3|8
25|92.21|1871|398|5.4|5.4|3|8
25.1|92.15|1876|398|5.4|5.4|3|8
25.2|92.13|1876|398|5.4|5.4|3|8
25.3|92.13|1879|398|5.4|5.4|3|8
25.4|92.15|1879|398|5.4|5.4|3|8
25.5|92.16|1881|398|5.4|5.4|3|8
25.6|92.15|1881|398|5.4|5.4|3|8
25.7|92.17|1881|398|5.4|5.4|3|8
25.8|92.16|1884|398|5.4|5.4|3|8
25.9|92.17|1887|398|5.4|5.4|3|8
26|92.16|1887|398|5.4|5.4|3|8
26.1|92.16|1887|398|5.4|5.4|3|8
26.2|92.13|1887|398|5.4|5.4|3|8
26.3|92.13|1889|398|5.4|5.4|3|8
26.4|92.13|1887|398|5.4|5.4|3|8
26.5|92.13|1887|398|5.4|5.4|3|8
26.6|92.13|1887|398|5.4|5.4|3|8
26.7|92.15|1887|398|5.4|5.4|3|8
26.8|92.17|1887|398|5.4|5.4|4|8
26.9|92.47|1884|398|5.4|5.4|4|8
27|92.88|1737|398|5.4|5.4|4|8
27.1|93.33|1106|398|5.4|5.4|5|8
27.2|93.5|1093|398|5.4|5.4|5|8
27.3|93.57|1090|398|5.4|5.4|5|8
27.4|93.61|1090|398|5.4|5.4|5|8
27.5|93.64|1090|398|5.4|5.4|5|8
27.6|93.65|1090|398|5.4|5.4|5|8
27.7|93.65|1088|398|5.4|5.4|5|8
27.8|93.64|1088|398|5.4|5.4|5|8
27.9|93.64|1088|398|5.4|5.4|5|8
28|93.65|1088|398|5.4|5.4|5|8
28.1|93.64|1088|398|5.4|5.4|5|8
28.2|93.65|1088|397|5.4|5.4|5|8
28.3|93.64|1088|398|5.4|5.4|5|8
28.4|93.65|1088|397|5.4|5.4|5|8
28.5|93.65|1085|397|5.4|5.4|5|8
28.6|93.66|1085|397|5.4|5.4|5|8
28.7|93.72|1085|397|5.4|5.4|5|8
28.8|93.64|1085|397|5.4|5.4|5|8
28.9|93.64|1085|397|5.4|5.4|5|8
29|93.65|1085|397|5.4|5.4|5|8
29.1|93.66|1085|397|5.4|5.4|2|8
29.2|93.41|1085|397|5.4|5.4|2|8
29.3|93|1085|397|5.4|5.4|2|8
29.4|92.62|1701|398|5.4|5.4|3|8
29.5|92.24|1853|398|5.4|5.4|3|8
29.6|92.11|1876|398|5.4|5.4|3|8
29.7|91.93|1884|398|5.4|5.4|3|8
29.8|91.94|1887|398|5.4|5.4|3|8
29.9|91.94|1889|398|5.4|5.4|3|8
30|91.98|1889|398|5.4|5.4|3|8
30.1|91.93|1892|398|5.4|5.4|3|8
30.2|91.96|1892|398|5.4|5.4|3|8
30.3|91.94|1894|398|5.4|5.4|3|8
30.4|92|1894|398|5.4|5.4|3|8
30.5|91.9|1897|398|5.4|5.4|3|8
30.6|91.97|1897|398|5.4|5.4|3|8
30.7|92|1897|398|5.4|5.4|3|8
30.8|91.9|1897|398|5.4|5.4|3|8
30.9|91.94|1897|398|5.4|5.4|3|8
31|91.97|1897|398|5.4|5.4|3|8
31.1|91.94|1899|398|5.4|5.4|3|8
31.2|91.93|1899|398|5.4|5.4|3|8
31.3|91.94|1899|398|5.4|5.4|3|8
31.4|92|1899|398|5.4|5.4|4|8
31.5|92.05|1899|398|5.4|5.4|4|8
31.6|92.32|1889|398|5.4|5.4|4|8
31.7|92.86|1281|399|5.4|5.4|5|8
31.8|93.18|1098|398|5.4|5.4|5|8
31.9|93.34|1093|398|5.4|5.4|5|8
32|93.47|1090|398|5.4|5.4|5|8
32.1|93.43|1088|398|5.4|5.4|5|8
32.2|93.38|1088|398|5.4|5.4|5|8
32.3|93.47|1088|398|5.4|5.4|5|8
32.4|93.43|1088|398|5.4|5.4|5|8
32.5|93.39|1085|397|5.4|5.4|5|8
32.6|93.47|1085|397|5.4|5.4|5|8
32.7|93.41|1085|397|5.4|5.4|5|8
32.8|93.49|1085|397|5.4|5.4|5|8
32.9|93.42|1085|397|5.4|5.4|5|8
33|93.45|1085|397|5.4|5.4|5|8
33.1|93.47|1085|397|5.4|5.4|5|8
33.2|93.42|1082|397|5.4|5.4|5|8
33.3|93.49|1085|397|5.4|5.4|5|8
33.4|93.43|1082|397|5.4|5.4|5|8
33.5|93.42|1082|397|5.4|5.4|5|8
33.6|93.46|1082|397|5.4|5.4|5|8
33.7|93.43|1082|397|5.4|5.4|2|8
33.8|93.42|1082|397|5.4|5.4|2|8
33.9|93.09|1082|397|5.4|5.4|2|8
34|92.64|1106|397|5.4|5.4|2|8
34.1|92.24|1802|398|5.4|5.4|3|8
34.2|91.94|1874|398|5.4|5.4|3|8
34.3|91.86|1889|398|5.4|5.4|3|8
34.4|91.82|1892|398|5.4|5.4|3|8
34.5|91.8|1894|398|5.4|5.4|3|8
34.6|91.76|1894|398|5.4|5.4|3|8
34.7|91.74|1897|398|5.4|5.4|3|8
34.8|91.77|1899|398|5.4|5.4|3|8
34.9|91.77|1899|398|5.4|5.4|3|8
35|91.74|1902|398|5.4|5.4|3|8
35.1|91.76|1902|398|5.4|5.4|3|8
35.2|91.77|1905|398|5.4|5.4|3|8
35.3|91.73|1905|398|5.4|5.4|3|8
35.4|91.77|1905|398|5.4|5.4|3|8
35.5|91.73|1905|398|5.4|5.4|3|8
35.6|91.74|1905|398|5.4|5.4|3|8
35.7|91.76|1905|398|5.4|5.4|3|8
35.8|91.76|1907|398|5.4|5.4|3|8
35.9|91.73|1907|398|5.4|5.4|3|8
36|91.76|1907|398|5.4|5.4|3|8
36.1|91.76|1907|398|5.4|5.4|4|8
36.2|91.85|1905|398|5.4|5.4|4|8
36.3|92.31|1853|398|5.4|5.4|4|8
36.4|92.76|1116|398|5.4|5.4|2|8
36.5|92.88|1080|398|5.4|5.4|2|8
36.6|92.92|1075|398|5.4|5.4|2|8
36.7|92.91|1072|398|5.4|5.4|2|8
36.8|92.86|1072|398|5.4|5.4|2|8
36.9|92.75|1072|398|5.4|5.4|2|8
37|92.7|1072|398|5.4|5.4|2|8
37.1|92.66|1072|398|5.4|5.4|2|8
37.2|92.62|1072|398|5.4|5.4|2|8
37.3|92.59|1072|397|5.4|5.4|2|8
37.4|92.52|1070|397|5.4|5.4|2|8
37.5|92.35|1085|397|5.4|5.4|2|8
37.6|92.36|1080|397|5.4|5.4|2|8
37.7|92.36|1206|398|5.4|5.4|2|8
37.8|92.25|1131|398|5.4|5.4|2|8
37.9|92.13|1116|398|5.4|5.4|2|8
38|92.13|1405|398|5.4|5.4|2|8
38.1|92.07|1729|398|5.4|5.4|2|8
38.2|92.11|1765|398|5.4|5.4|2|8
38.3|92.31|1737|398|5.4|5.4|2|8
38.4|92.56|1317|398|5.4|5.4|2|8
38.5|92.55|1077|398|5.4|5.4|2|8
38.6|92.62|1070|397|5.4|5.4|2|8
38.7|92.64|1070|397|5.4|5.4|2|8
38.8|92.58|1067|397|5.4|5.4|2|8
38.9|92.55|1067|396|5.4|5.4|2|8
39|92.37|1067|396|5.4|5.4|2|8
39.1|92.37|1067|396|5.4|5.4|2|8
39.2|92.41|1072|397|5.4|5.4|2|8
39.3|92.32|1119|397|5.4|5.4|2|8
39.4|92.17|1162|397|5.4|5.4|2|8
39.5|92.11|1108|398|5.4|5.4|2|8
39.6|92.08|1394|398|5.4|5.4|2|8
39.7|92.07|1742|398|5.4|5.4|2|8
39.8|92.08|1688|398|5.4|5.4|2|8
39.9|92.28|1162|398|5.4|5.4|2|8
40|92.32|1072|398|5.4|5.4|2|8
40.1|92.29|1067|397|5.4|5.4|2|8
40.2|92.36|1067|397|5.4|5.4|2|8
40.3|92.39|1067|397|5.4|5.4|2|8
40.4|92.28|1067|396|5.4|5.4|2|8
40.5|92.15|1072|396|5.4|5.4|2|8
40.6|92.13|1064|396|5.4|5.4|2|8
40.7|92.08|1072|396|5.4|5.4|2|8
40.8|91.98|1284|397|5.4|5.4|2|8
40.9|91.94|1284|397|5.4|5.4|2|8
41|91.92|1258|398|5.4|5.4|2|8
41.1|91.82|1265|397|5.4|5.4|2|8
41.2|91.76|1201|398|5.4|5.4|2|8
41.3|91.69|1211|397|5.4|5.4|2|8
41.4|91.6|1183|397|5.4|5.4|2|8
41.5|91.58|1214|398|5.4|5.4|2|8
41.6|91.57|1193|398|5.4|5.4|2|8
41.7|91.42|1338|398|5.4|5.4|2|8
41.8|91.39|1247|397|5.4|5.4|2|8
41.9|91.21|1098|396|5.4|5.4|2|8
42|91.27|1265|397|5.4|5.4|2|8
42.1|91.22|1291|397|5.4|5.4|2|8
42.2|91.03|1456|397|5.4|5.4|2|8
42.3|91.02|1229|397|5.4|5.4|2|8
42.4|90.9|1216|398|5.4|5.4|2|8
42.5|90.79|1180|397|5.4|5.4|2|8
42.6|90.8|1198|396|5.4|5.4|2|8
42.7|90.64|1168|396|5.4|5.4|2|8
42.8|90.56|1168|396|5.4|5.4|2|8
42.9|90.51|1165|396|5.4|5.4|2|8
43|90.47|1335|398|5.4|5.4|2|8
43.1|90.37|1227|396|5.4|5.4|2|8
43.2|90.32|1320|397|5.4|5.4|2|8
43.3|90.2|1276|398|5.4|5.4|2|8
43.4|90.08|1183|398|5.4|5.4|2|8
43.5|90.04|1183|398|5.4|5.4|2|8
43.6|89.88|1204|398|5.4|5.4|2|8
43.7|89.85|1131|398|5.4|5.4|2|8
43.8|89.73|1142|396|5.4|5.4|2|8
43.9|89.74|1258|396|5.4|5.4|2|8
44|89.5|1314|398|5.4|5.4|2|8
44.1|89.52|1178|397|5.4|5.4|2|8
44.2|89.39|1198|397|5.4|5.4|2|8
44.3|89.29|1265|396|5.4|5.4|2|8
44.4|89.19|1216|396|5.4|5.4|2|8
44.5|89.13|1168|396|5.4|5.4|2|8
44.6|88.99|1289|396|5.4|5.4|2|8
44.7|88.88|1263|397|5.4|5.4|2|8
44.8|88.84|1193|396|5.4|5.4|2|8
44.9|88.74|1188|396|5.4|5.4|2|8
45|88.58|1196|397|5.4|5.4|2|8
45.1|88.5|1276|396|5.4|5.4|2|8
45.2|88.37|1204|397|5.4|5.4|2|8
45.3|88.23|1309|397|5.4|5.4|2|8
45.4|88.2|1162|397|5.4|5.4|2|8
45.5|88.03|1157|396|5.4|5.4|2|8
45.6|87.99|1211|396|5.4|5.4|2|8
45.7|87.85|1222|397|5.4|5.4|2|8
45.8|87.66|1188|396|5.4|5.4|2|8
45.9|87.57|1204|396|5.4|5.4|2|8
46|87.44|1095|396|5.4|5.4|2|8
46.1|87.41|1131|396|5.4|5.4|2|8
46.2|87.22|1232|396|5.4|5.4|2|8
46.3|87.11|1183|396|5.4|5.4|2|8
46.4|86.98|1227|398|5.4|5.4|2|8
46.5|86.87|1219|397|5.4|5.4|2|8
46.6|86.76|1255|398|5.4|5.4|2|8
46.7|86.6|1214|397|5.4|5.4|2|8
46.8|86.47|1245|396|5.4|5.4|2|8
46.9|86.38|1129|397|5.4|5.4|2|8
47|86.2|1211|396|5.4|5.4|2|8
47.1|86.07|1255|396|5.4|5.4|2|8
47.2|85.95|1247|396|5.4|5.4|2|8
47.3|85.77|1284|396|5.4|5.4|2|8
47.4|85.68|1168|396|5.4|5.4|2|8
47.5|85.48|1216|398|5.4|5.4|2|8
47.6|85.41|1247|398|5.4|5.4|2|8
47.7|85.22|1423|398|5.4|5.4|2|8
47.8|85.06|1147|397|5.4|5.4|2|8
47.9|84.95|1263|396|5.4|5.4|2|8
48|84.8|1351|396|5.4|5.4|2|8
48.1|84.63|1204|396|5.4|5.4|2|8
48.2|84.4|1214|396|5.4|5.4|2|8
48.3|84.31|1348|397|5.4|5.4|2|8
48.4|84.19|1170|396|5.4|5.4|2|8
48.5|83.99|1178|396|5.4|5.4|2|8
48.6|83.87|1302|396|5.4|5.4|2|8
48.7|83.66|1281|395|5.4|5.4|2|8
48.8|83.46|1253|395|5.4|5.4|2|8
48.9|83.29|1327|396|5.4|5.4|2|8
49|83.14|1188|396|5.4|5.4|2|8
49.1|82.94|1415|396|5.4|5.4|2|8
49.2|82.75|1240|395|5.4|5.4|2|8
49.3|82.62|1379|396|5.4|5.4|2|8
49.4|82.42|1255|396|5.4|5.4|2|8
49.5|82.23|1253|396|5.4|5.4|2|8
49.6|82.05|1302|396|5.4|5.4|2|8
49.7|81.88|1255|396|5.4|5.4|2|8
49.8|81.7|1268|396|5.4|5.4|2|8
49.9|81.49|1291|396|5.4|5.4|2|8
50|81.25|1327|396|5.4|5.4|6|8
50.1|79.73|1928|396|5.4|5.4|6|8
50.2|77.05|1985|396|5.4|5.4|6|8
50.3|74.1|46|394|5.4|5.4|7|8
50.4|71.92|0|392|5.4|5.4|7|8
50.5|71.09|0|392|5.4|5.4|7|8
50.6|70.73|0|392|5.4|5.4|7|8
50.7|70.61|0|392|5.4|5.4|7|8
50.8|70.53|0|392|5.4|5.4|7|8
50.9|70.45|0|392|5.4|5.4|7|8
51|70.45|0|392|5.4|5.4|7|8
51.1|70.45|0|392|5.4|5.4|7|8
51.2|70.43|0|392|5.4|5.4|7|8
51.3|70.45|0|392|5.4|5.4|7|8
51.4|70.41|0|392|5.4|5.4|7|8
51.5|70.46|0|392|5.4|5.4|7|8
51.6|70.45|0|392|5.4|5.4|7|8
51.7|70.43|0|392|5.4|5.4|7|8
51.8|70.43|0|392|5.4|5.4|7|8
51.9|70.45|0|391|5.4|5.4|7|8
52|70.43|0|391|5.4|5.4|7|8
52.1|70.43|0|392|5.4|5.4|7|8
52.2|70.43|0|392|5.4|5.4|7|8
52.3|70.42|0|392|5.4|5.4|7|8
52.4|70.42|0|392|5.4|5.4|7|8
52.5|70.41|0|391|5.4|5.4|7|8
52.6|70.43|0|391|5.4|5.4|7|8
52.7|70.43|0|391|5.4|5.4|7|8
52.8|70.43|0|391|5.4|5.4|7|8
52.9|70.43|0|391|5.4|5.4|7|8
53|70.45|0|391|5.4|5.4|7|8
53.1|70.43|0|391|5.4|5.4|7|8
53.2|70.42|0|391|5.4|5.4|7|8
53.3|70.41|0|391|5.4|5.4|7|8
53.4|70.41|0|391|5.4|5.4|7|8
53.5|70.41|0|391|5.4|5.4|7|8
53.6|70.42|0|391|5.4|5.4|7|8
53.7|70.42|0|391|5.4|5.4|7|8
53.8|70.42|0|391|5.4|5.4|7|8
53.9|70.45|0|391|5.4|5.4|7|8
54|70.41|0|391|5.4|5.4|7|8
54.1|70.42|0|391|5.4|5.4|7|8
54.2|70.35|0|391|5.4|5.4|7|8
54.3|70.36|0|391|5.4|5.4|7|8
54.4|70.39|0|391|5.4|5.4|7|8
54.5|70.41|0|391|5.4|5.4|7|8
54.6|70.41|0|391|5.4|5.4|7|8
54.7|70.43|0|391|5.4|5.4|7|8
54.8|70.42|0|391|5.4|5.4|7|8
54.9|70.41|0|391|5.4|5.4|7|8
55|70.42|0|391|5.4|5.4|7|8
55.1|70.41|0|391|5.4|5.4|7|8
55.2|70.41|0|391|5.4|5.4|7|8
55.3|70.41|0|391|5.4|5.4|7|8
55.4|70.42|0|391|5.4|5.4|7|8
55.5|70.41|0|391|5.4|5.4|7|8
55.6|70.39|0|391|5.4|5.4|7|8
55.7|70.36|0|391|5.4|5.4|7|8
55.8|70.39|0|391|5.4|5.4|7|8
55.9|70.42|0|390|5.4|5.4|7|8
56|70.45|0|390|5.4|5.4|7|8
56.1|70.39|0|391|5.4|5.4|7|8
56.2|70.38|0|391|5.4|5.4|7|8
56.3|70.39|0|391|5.4|5.4|7|8
56.4|70.39|0|391|5.4|5.4|7|8
56.5|70.39|0|391|5.4|5.4|7|8
56.6|70.41|0|391|5.4|5.4|7|8
56.7|70.42|0|391|5.4|5.4|7|8
56.8|70.41|0|391|5.4|5.4|7|8
56.9|70.39|0|390|5.4|5.4|7|8
57|70.39|0|390|5.4|5.4|7|8
57.1|70.39|0|390|5.4|5.4|7|8
57.2|70.39|0|390|5.4|5.4|7|8
57.3|70.42|0|390|5.4|5.4|7|8
57.4|70.41|0|390|5.4|5.4|7|8
57.5|70.39|0|390|5.4|5.4|7|8
57.6|70.39|0|390|5.4|5.4|7|8
57.7|70.39|0|390|5.4|5.4|7|8
57.8|70.38|0|390|5.4|5.4|7|8
57.9|70.41|0|390|5.4|5.4|7|8
58|70.45|0|390|5.4|5.4|7|8
58.1|70.39|0|390|5.4|5.4|7|8
58.2|70.42|0|390|5.4|5.4|7|8
58.3|70.39|0|390|5.4|5.4|7|8
58.4|70.38|0|390|5.4|5.4|7|8
58.5|70.36|0|390|5.4|5.4|7|8
58.6|70.41|0|390|5.4|5.4|7|8
58.7|70.45|0|390|5.4|5.4|7|8
58.8|70.42|0|390|5.4|5.4|7|8
58.9|70.39|0|390|5.4|5.4|7|8
59|70.35|0|390|5.4|5.4|7|8
59.1|70.36|0|390|5.4|5.4|7|8
59.2|70.41|0|390|5.4|5.4|7|8
59.3|70.43|0|390|5.4|5.4|7|8
59.4|70.42|0|390|5.4|5.4|7|8
59.5|70.36|0|390|5.4|5.4|7|8
59.6|70.38|0|390|5.4|5.4|7|8
59.7|70.38|0|390|5.4|5.4|7|8
59.8|70.39|0|390|5.4|5.4|7|8
59.9|70.39|0|390|5.4|5.4|7|8
60|70.39|0|390|5.4|5.4|7|8
60.1|70.41|0|390|5.4|5.4|7|8
60.2|70.41|0|390|5.4|5.4|7|8
60.3|70.39|0|390|5.4|5.4|7|8
60.4|70.39|0|390|5.4|5.4|7|8
60.5|70.35|0|390|5.4|5.4|7|8
60.6|70.38|0|390|5.4|5.4|7|8
60.7|70.38|0|390|5.4|5.4|7|8
60.8|70.39|0|390|5.4|5.4|7|8
60.9|70.42|0|393|5.4|5.4|7|8
61|70.41|0|397|5.4|5.4|7|8
61.1|70.38|0|398|5.4|5.4|7|8
61.2|70.38|0|399|5.4|5.4|7|8
61.3|70.36|0|400|5.4|5.4|7|8
61.4|70.36|0|400|5.4|5.4|7|8
61.5|70.39|0|400|5.4|5.4|7|8
61.6|70.41|0|400|5.4|5.4|7|8
61.7|70.41|0|400|5.4|5.4|7|8
61.8|70.39|0|399|5.4|5.4|7|8
61.9|70.35|0|399|5.4|5.4|7|8
62|70.38|0|399|5.4|5.4|7|8
62.1|70.38|0|399|5.4|5.4|7|8
62.2|70.39|0|399|5.4|5.4|7|8
62.3|70.39|0|400|5.4|5.4|7|8
62.4|70.38|0|399|5.4|5.4|7|8
62.5|70.39|0|399|5.4|5.4|7|8
62.6|70.39|0|399|5.4|5.4|7|8
62.7|70.38|0|399|5.4|5.4|7|8
62.8|70.39|0|399|5.4|5.4|7|8
62.9|70.39|0|399|5.4|5.4|7|8
63|70.41|0|399|5.4|5.4|7|8
63.1|70.39|0|399|5.4|5.4|7|8
63.2|70.39|0|399|5.4|5.4|7|8
63.3|70.39|0|399|5.4|5.4|8|8
63.4|70.31|0|399|5.4|5.4|8|8
63.5|70.26|0|400|5.4|5.4|8|8
63.6|70.24|0|400|5.4|5.4|8|8
63.7|70.35|0|400|5.4|5.4|8|8
63.8|70.32|0|400|5.4|5.4|8|8
63.9|70.3|0|400|5.4|5.4|8|8
64|70.32|0|400|5.4|5.4|8|8
64.1|70.32|0|400|5.4|5.4|8|8
64.2|70.32|0|400|5.4|5.4|8|8
64.3|70.32|0|400|5.3|5.3|8|8
64.4|70.32|0|400|5.3|5.3|8|8
64.5|70.32|0|400|5.3|5.3|8|8
64.6|70.35|0|400|5.3|5.3|8|8
64.7|70.35|0|400|5.2|5.2|8|8
64.8|70.31|0|400|5.3|5.3|8|8
64.9|70.3|0|400|5.2|5.2|8|8
65|70.34|0|400|5.2|5.2|8|8
65.1|70.34|0|400|5.2|5.2|8|8
65.2|70.35|0|400|5.2|5.2|8|8
65.3|71.01|0|400|5.2|5.2|8|8
65.4|73.95|0|400|5.2|5.2|8|8
65.5|76.95|0|400|5.2|5.2|8|8
65.6|79.95|0|400|5.2|5.2|8|8
65.7|82.91|0|400|5.2|5.2|8|8
65.8|85.84|0|400|5.2|5.2|8|8
65.9|88.76|0|400|5.2|5.2|8|8
66|91.65|0|400|5.2|5.2|8|8
66.1|94.2|0|400|5.2|5.2|8|8
66.2|95.33|0|400|5.2|5.2|8|8
66.3|95.82|0|400|5.2|5.2|8|8
