0|95.97|936|408|5.1|5.1|1|8
0.1|95.97|1039|411|5.1|5.1|1|8
0.2|95.97|1044|411|5.1|5.1|1|8
0.3|96|1046|412|5.1|5.1|1|8
0.4|96|1049|412|5.1|5.1|1|8
0.5|96.02|1052|412|5.1|5.1|2|8
0.6|95.72|1085|412|5.1|5.1|2|8
0.7|95.31|1500|413|5.1|5.1|2|8
0.8|94.98|1665|414|5.1|5.1|3|8
0.9|94.74|1691|414|5.1|5.1|3|8
1|94.67|1706|414|5.1|5.1|3|8
1.1|94.66|1716|414|5.1|5.1|3|8
1.2|94.67|1724|414|5.1|5.1|3|8
1.3|94.61|1729|414|5.1|5.1|3|8
1.4|94.57|1732|414|5.1|5.1|3|8
1.5|94.59|1732|415|5.1|5.1|3|8
1.6|94.6|1737|415|5.1|5.1|3|8
1.7|94.56|1742|415|5.2|5.2|3|8
1.8|94.57|1747|415|5.2|5.2|3|8
1.9|94.6|1747|415|5.2|5.2|3|8
2|94.57|1750|414|5.2|5.2|3|8
2.1|94.57|1753|415|5.2|5.2|3|8
2.2|94.6|1755|415|5.2|5.2|3|8
2.3|94.57|1758|415|5.2|5.2|3|8
2.4|94.59|1760|415|5.2|5.2|3|8
2.5|94.57|1765|415|5.2|5.2|3|8
2.6|94.59|1768|414|5.2|5.2|3|8
2.7|94.61|1771|414|5.2|5.2|3|8
2.8|94.57|1773|414|5.2|5.2|4|8
2.9|94.86|1765|415|5.2|5.2|4|8
3|95.35|1732|415|5.2|5.2|4|8
3.1|95.85|1624|415|5.2|5.2|4|8
3.2|96.28|1077|413|5.2|5.2|5|8
3.3|96.47|1062|412|5.2|5.2|5|8
3.4|96.61|1062|412|5.2|5.2|5|8
3.5|96.7|1059|412|5.2|5.2|5|8
3.6|96.59|1059|412|5.2|5.2|5|8
3.7|96.63|1059|412|5.2|5.2|5|8
3.8|96.63|1057|412|5.2|5.2|5|8
3.9|96.6|1057|412|5.2|5.2|5|8
4|96.6|1057|412|5.2|5.2|5|8
4.1|96.63|1057|412|5.2|5.2|5|8
4.2|96.63|1057|412|5.2|5.2|5|8
4.3|96.6|1057|412|5.2|5.2|5|8
4.4|96.61|1057|412|5.2|5.2|5|8
4.5|96.64|1057|412|5.2|5.2|5|8
4.6|96.61|1057|412|5.2|5.2|5|8
4.7|96.57|1057|412|5.2|5.2|5|8
4.8|96.6|1057|412|5.2|5.2|5|8
4.9|96.6|1057|412|5.2|5.2|5|8
5|96.57|1057|412|5.2|5.2|5|8
5.1|96.59|1059|412|5.2|5.2|5|8
5.2|96.67|1057|412|5.2|5.2|2|8
5.3|96.35|1057|412|5.2|5.2|2|8
5.4|95.98|1059|412|5.2|5.2|2|8
5.5|95.51|1129|412|5.2|5.2|2|8
5.6|95.07|1237|412|5.2|5.2|2|8
5.7|94.63|1668|413|5.2|5.2|3|8
5.8|94.27|1753|414|5.2|5.2|3|8
5.9|94.05|1768|414|5.2|5.2|3|8
6|94.04|1781|414|5.2|5.2|3|8
6.1|93.98|1791|414|5.2|5.2|3|8
6.2|93.94|1799|414|5.2|5.2|3|8
6.3|94|1802|414|5.3|5.3|3|8
6.4|94.01|1804|414|5.3|5.3|3|8
6.5|94.01|1809|414|5.3|5.3|3|8
6.6|93.98|1812|414|5.3|5.3|3|8
6.7|93.96|1817|414|5.3|5.3|3|8
6.8|93.96|1820|414|5.3|5.3|3|8
6.9|93.98|1822|414|5.3|5.3|3|8
7|93.97|1825|414|5.3|5.3|3|8
7.1|94|1825|414|5.3|5.3|3|8
7.2|94|1825|414|5.3|5.3|3|8
7.3|93.98|1830|414|5.3|5.3|3|8
7.4|94|1830|414|5.3|5.3|3|8
7.5|94|1832|414|5.3|5.3|3|8
7.6|93.96|1832|414|5.3|5.3|3|8
7.7|93.94|1835|414|5.3|5.3|4|8
7.8|94.13|1835|414|5.3|5.3|4|8
7.9|94.41|1809|414|5.3|5.3|4|8
8|94.88|1742|414|5.3|5.3|4|8
8.1|95.38|1191|413|5.3|5.3|5|8
8.2|95.72|1077|412|5.3|5.3|5|8
8.3|95.82|1072|411|5.3|5.3|5|8
8.4|95.82|1072|411|5.3|5.3|5|8
8.5|95.94|1070|411|5.3|5.3|5|8
8.6|95.98|1070|411|5.3|5.3|5|8
8.7|95.85|1067|411|5.3|5.3|5|8
8.8|95.93|1067|411|5.3|5.3|5|8
8.9|95.96|1067|411|5.3|5.3|5|8
9|95.86|1070|411|5.3|5.3|5|8
9.1|95.94|1070|411|5.3|5.3|5|8
9.2|95.9|1067|411|5.3|5.3|5|8
9.3|95.92|1067|411|5.3|5.3|5|8
9.4|95.93|1070|411|5.3|5.3|5|8
9.5|95.93|1067|411|5.3|5.3|5|8
9.6|95.89|1067|411|5.3|5.3|5|8
9.7|95.92|1067|411|5.3|5.3|5|8
9.8|95.92|1067|411|5.3|5.3|5|8
9.9|95.92|1067|411|5.3|5.3|5|8
10|95.93|1067|411|5.3|5.3|5|8
10.1|95.94|1067|411|5.3|5.3|2|8
10.2|95.82|1072|411|5.3|5.3|2|8
10.3|95.47|1072|411|5.3|5.3|2|8
10.4|95.07|1072|411|5.3|5.3|2|8
10.5|94.64|1224|412|5.3|5.3|2|8
10.6|94.15|1714|412|5.3|5.3|3|8
10.7|93.84|1817|406|5.3|5.3|3|8
10.8|93.68|1832|400|5.3|5.3|3|8
10.9|93.69|1843|398|5.3|5.3|3|8
11|93.61|1851|397|5.4|5.3|3|8
11.1|93.58|1856|396|5.4|5.3|3|8
11.2|93.55|1858|396|5.4|5.4|3|8
11.3|93.6|1863|396|5.4|5.4|3|8
11.4|93.57|1863|396|5.4|5.4|3|8
11.5|93.58|1866|396|5.4|5.4|3|8
11.6|93.61|1869|396|5.4|5.4|3|8
11.7|93.55|1871|396|5.4|5.4|3|8
11.8|93.6|1871|396|5.4|5.4|3|8
11.9|93.61|1874|396|5.4|5.4|3|8
12|93.6|1874|396|5.4|5.4|3|8
12.1|93.58|1874|396|5.4|5.4|3|8
12.2|93.57|1876|396|5.4|5.4|3|8
12.3|93.6|1876|396|5.4|5.4|3|8
12.4|93.58|1879|396|5.4|5.4|3|8
12.5|93.57|1879|396|5.4|5.4|3|8
12.6|93.6|1879|396|5.4|5.4|4|8
12.7|93.76|1879|396|5.4|5.4|4|8
12.8|94.09|1840|396|5.4|5.4|4|8
12.9|94.59|1644|396|5.4|5.4|4|8
13|95.03|1101|396|5.4|5.4|5|8
13.1|95.17|1088|396|5.4|5.4|5|8
13.2|95.3|1085|396|5.4|5.4|5|8
13.3|95.25|1085|396|5.4|5.4|5|8
13.4|95.29|1082|396|5.4|5.4|5|8
13.5|95.31|1082|396|5.4|5.4|5|8
13.6|95.33|1082|396|5.4|5.4|5|8
13.7|95.33|1082|396|5.4|5.4|5|8
13.8|95.35|1080|396|5.4|5.4|5|8
13.9|95.31|1080|396|5.4|5.4|5|8
14|95.31|1080|396|5.4|5.4|5|8
14.1|95.3|1080|396|5.4|5.4|5|8
14.2|95.31|1080|396|5.4|5.4|5|8
14.3|95.33|1080|396|5.4|5.4|5|8
14.4|95.33|1082|396|5.4|5.4|5|8
14.5|95.33|1080|396|5.4|5.4|5|8
14.6|95.37|1082|396|5.4|5.4|5|8
14.7|95.33|1077|396|5.4|5.4|5|8
14.8|95.31|1080|396|5.4|5.4|5|8
14.9|95.31|1080|396|5.4|5.4|5|8
15|95.33|1082|396|5.4|5.4|2|8
15.1|95.12|1082|396|5.4|5.4|2|8
15.2|94.72|1082|396|5.4|5.4|2|8
15.3|94.29|1320|396|5.4|5.4|2|8
15.4|93.82|1755|396|5.4|5.4|3|8
15.5|93.55|1843|396|5.4|5.4|3|8
15.6|93.41|1856|396|5.4|5.4|3|8
15.7|93.33|1863|396|5.4|5.4|3|8
15.8|93.31|1871|396|5.4|5.4|3|8
15.9|93.31|1876|396|5.4|5.4|3|8
16|93.33|1881|396|5.4|5.4|3|8
16.1|93.22|1887|396|5.4|5.4|3|8
16.2|93.33|1889|396|5.4|5.4|3|8
16.3|93.22|1892|396|5.4|5.4|3|8
16.4|93.39|1894|396|5.4|5.4|3|8
16.5|93.22|1894|396|5.4|5.4|3|8
16.6|93.37|1897|396|5.4|5.4|3|8
16.7|93.29|1897|396|5.4|5.4|3|8
16.8|93.29|1899|396|5.4|5.4|3|8
16.9|93.31|1899|396|5.4|5.4|3|8
17|93.34|1899|396|5.4|5.4|3|8
17.1|93.29|1899|396|5.4|5.4|3|8
17.2|93.26|1899|396|5.4|5.4|3|8
17.3|93.33|1902|396|5.4|5.4|3|8
17.4|93.23|1899|396|5.4|5.4|4|8
17.5|93.43|1902|396|5.4|5.4|4|8
17.6|93.81|1848|396|5.4|5.4|4|8
17.7|94.32|1157|396|5.4|5.4|5|8
17.8|94.57|1098|396|5.4|5.4|5|8
17.9|94.63|1095|396|5.4|5.4|5|8
18|94.74|1093|396|5.4|5.4|5|8
18.1|94.75|1090|396|5.4|5.4|5|8
18.2|94.75|1090|396|5.4|5.4|5|8
18.3|94.79|1088|396|5.4|5.4|5|8
18.4|94.8|1088|396|5.4|5.4|5|8
18.5|94.78|1088|396|5.4|5.4|5|8
18.6|94.75|1088|396|5.4|5.4|5|8
18.7|94.75|1090|396|5.4|5.4|5|8
18.8|94.78|1088|396|5.4|5.4|5|8
18.9|94.79|1085|396|5.4|5.4|5|8
19|94.79|1085|396|5.4|5.4|5|8
19.1|94.78|1085|396|5.4|5.4|5|8
19.2|94.78|1085|396|5.4|5.4|5|8
19.3|94.78|1085|396|5.4|5.4|5|8
19.4|94.75|1085|396|5.4|5.4|5|8
19.5|94.75|1085|396|5.4|5.4|5|8
19.6|94.78|1088|396|5.4|5.4|5|8
19.7|94.78|1085|396|5.4|5.4|2|8
19.8|94.72|1085|396|5.4|5.4|2|8
19.9|94.35|1085|396|5.4|5.4|2|8
20|93.89|1242|396|5.4|5.4|2|8
20.1|93.45|1809|396|5.4|5.4|3|8
20.2|93.13|1866|396|5.4|5.4|3|8
20.3|93.25|1879|396|5.4|5.4|3|8
20.4|93.17|1887|396|5.4|5.4|3|8
20.5|93.03|1892|396|5.4|5.4|3|8
20.6|93.04|1897|396|5.4|5.4|3|8
20.7|93.07|1902|396|5.4|5.4|3|8
20.8|93.04|1902|396|5.4|5.4|3|8
20.9|93.03|1907|396|5.4|5.4|3|8
21|93.02|1910|396|5.4|5.4|3|8
21.1|93.03|1912|396|5.4|5.4|3|8
21.2|93.04|1915|396|5.4|5.4|3|8
21.3|93.06|1915|396|5.4|5.4|3|8
21.4|93.06|1915|396|5.4|5.4|3|8
21.5|93.04|1918|396|5.4|5.4|3|8
21.6|93.06|1918|396|5.4|5.4|3|8
21.7|93.03|1918|396|5.4|5.4|3|8
21.8|93.04|1918|396|5.4|5.4|3|8
21.9|93.04|1920|396|5.4|5.4|3|8
22|93.06|1920|396|5.4|5.4|3|8
22.1|93.06|1920|396|5.4|5.4|4|8
22.2|93.21|1920|396|5.4|5.4|4|8
22.3|93.69|1858|396|5.4|5.4|4|8
22.4|94.21|1149|396|5.4|5.4|5|8
22.5|94.45|1101|396|5.4|5.4|5|8
22.6|94.53|1098|396|5.4|5.4|5|8
22.7|94.61|1095|396|5.4|5.4|5|8
22.8|94.61|1093|396|5.4|5.4|5|8
22.9|94.6|1093|395|5.4|5.4|5|8
23|94.61|1090|395|5.4|5.4|5|8
23.1|94.61|1090|396|5.4|5.4|5|8
23.2|94.64|1090|396|5.4|5.4|5|8
23.3|94.66|1093|396|5.4|5.4|5|8
23.4|94.61|1093|396|5.4|5.4|5|8
23.5|94.6|1093|396|5.4|5.4|5|8
23.6|94.61|1088|396|5.4|5.4|5|8
23.7|94.61|1088|396|5.4|5.4|5|8
23.8|94.64|1088|395|5.4|5.4|5|8
23.9|94.63|1085|395|5.4|5.4|5|8
24|94.61|1085|396|5.4|5.4|5|8
24.1|94.63|1085|396|5.4|5.4|5|8
24.2|94.63|1085|396|5.4|5.4|5|8
24.3|94.64|1085|396|5.4|5.4|5|8
24.4|94.6|1085|396|5.4|5.4|2|8
24.5|94.52|1085|396|5.4|5.4|2|8
24.6|94.15|1082|395|5.4|5.4|2|8
24.7|93.73|1291|396|5.4|5.4|2|8
24.8|93.21|1817|396|5.4|5.4|3|8
24.9|93.15|1866|396|5.4|5.4|3|8
25|92.96|1884|396|5.4|5.4|3|8
25.1|93|1892|396|5.4|5.4|3|8
25.2|93.02|1902|396|5.4|5.4|3|8
25.3|93.04|1907|396|5.4|5.4|3|8
25.4|92.98|1912|396|5.4|5.4|3|8
25.5|92.95|1915|396|5.4|5.4|3|8
25.6|92.92|1918|396|5.4|5.4|3|8
25.7|92.94|1923|396|5.4|5.4|3|8
25.8|92.92|1925|396|5.4|5.4|3|8
25.9|92.95|1928|396|5.4|5.4|3|8
26|92.94|1928|396|5.4|5.4|3|8
26.1|92.96|1928|396|5.4|5.4|3|8
26.2|92.95|1928|396|5.4|5.4|3|8
26.3|92.94|1930|396|5.4|5.4|3|8
26.4|92.96|1930|396|5.4|5.4|3|8
26.5|92.96|1933|396|5.4|5.4|3|8
26.6|92.95|1933|396|5.4|5.4|3|8
26.7|92.98|1933|396|5.4|5.4|3|8
26.8|92.92|1933|396|5.4|5.4|4|8
26.9|93.15|1930|396|5.4|5.4|4|8
27|93.58|1858|396|5.4|5.4|4|8
27.1|94.16|1142|396|5.4|5.4|5|8
27.2|94.32|1098|396|5.4|5.4|5|8
27.3|94.43|1095|396|5.4|5.4|5|8
27.4|94.47|1093|396|5.4|5.4|5|8
27.5|94.51|1093|396|5.4|5.4|5|8
27.6|94.49|1090|395|5.4|5.4|5|8
27.7|94.49|1088|395|5.4|5.4|5|8
27.8|94.51|1088|395|5.4|5.4|5|8
27.9|94.52|1088|395|5.4|5.4|5|8
28|94.57|1085|395|5.4|5.4|5|8
28.1|94.48|1085|395|5.4|5.4|5|8
28.2|94.48|1085|396|5.4|5.4|5|8
28.3|94.55|1085|395|5.4|5.4|5|8
28.4|94.51|1085|395|5.4|5.4|5|8
28.5|94.47|1085|396|5.4|5.4|5|8
28.6|94.52|1082|395|5.4|5.4|5|8
28.7|94.53|1082|395|5.4|5.4|5|8
28.8|94.53|1082|396|5.4|5.4|5|8
28.9|94.47|1082|396|5.4|5.4|5|8
29|94.52|1082|396|5.4|5.4|5|8
29.1|94.56|1082|396|5.4|5.4|2|8
29.2|94.43|1082|396|5.4|5.4|2|8
29.3|93.97|1082|396|5.4|5.4|2|8
29.4|93.58|1366|396|5.4|5.4|2|8
29.5|93.19|1827|396|5.4|5.4|3|8
29.6|93.04|1869|396|5.4|5.4|3|8
29.7|92.9|1887|396|5.4|5.4|3|8
29.8|92.9|1894|396|5.4|5.4|3|8
29.9|92.8|1905|396|5.4|5.4|3|8
30|92.79|1912|396|5.4|5.4|3|8
30.1|92.82|1918|396|5.4|5.4|3|8
30.2|92.82|1923|396|5.4|5.4|3|8
30.3|92.79|1925|396|5.4|5.4|3|8
30.4|92.82|1928|396|5.4|5.4|3|8
30.5|92.79|1930|396|5.4|5.4|3|8
30.6|92.79|1933|396|5.4|5.4|3|8
30.7|92.8|1936|396|5.4|5.4|3|8
30.8|92.79|1936|396|5.4|5.4|3|8
30.9|92.79|1936|396|5.4|5.4|3|8
31|92.79|1938|396|5.4|5.4|3|8
31.1|92.82|1938|396|5.4|5.4|3|8
31.2|92.79|1938|396|5.4|5.4|3|8
31.3|92.79|1938|396|5.4|5.4|3|8
31.4|92.8|1938|396|5.4|5.4|3|8
31.5|92.82|1938|396|5.4|5.4|4|8
31.6|92.99|1936|396|5.4|5.4|4|8
31.7|93.46|1848|396|5.4|5.4|4|8
31.8|93.9|1124|396|5.4|5.4|5|8
31.9|94.21|1098|396|5.4|5.4|5|8
32|94.28|1095|396|5.4|5.4|5|8
32.1|94.31|1093|396|5.4|5.4|5|8
32.2|94.31|1093|396|5.4|5.4|5|8
32.3|94.32|1090|396|5.4|5.4|5|8
32.4|94.32|1090|396|5.4|5.4|5|8
32.5|94.32|1088|396|5.4|5.4|5|8
32.6|94.32|1088|396|5.4|5.4|5|8
32.7|94.33|1085|396|5.4|5.4|5|8
32.8|94.36|1088|396|5.4|5.4|5|8
32.9|94.36|1088|396|5.4|5.4|5|8
33|94.27|1085|396|5.4|5.4|5|8
33.1|94.28|1085|396|5.4|5.4|5|8
33.2|94.31|1082|396|5.4|5.4|5|8
33.3|94.32|1082|396|5.4|5.4|5|8
33.4|94.35|1082|396|5.4|5.4|5|8
33.5|94.29|1082|396|5.4|5.4|5|8
33.6|94.33|1082|396|5.4|5.4|5|8
33.7|94.29|1082|396|5.4|5.4|5|8
33.8|94.31|1082|396|5.4|5.4|2|8
33.9|94.12|1082|396|5.4|5.4|2|8
34|93.77|1082|396|5.4|5.4|2|8
34.1|93.25|1490|396|5.4|5.4|2|8
34.2|93.02|1848|396|5.4|5.4|3|8
34.3|92.82|1881|396|5.4|5.4|3|8
34.4|92.79|1894|396|5.4|5.4|3|8
34.5|92.67|1907|396|5.4|5.4|3|8
34.6|92.66|1912|396|5.4|5.4|3|8
34.7|92.7|1918|396|5.4|5.4|3|8
34.8|92.66|1925|396|5.4|5.4|3|8
34.9|92.66|1930|396|5.4|5.4|3|8
35|92.62|1933|396|5.4|5.4|3|8
35.1|92.64|1936|396|5.4|5.4|3|8
35.2|92.64|1938|396|5.4|5.4|3|8
35.3|92.66|1938|396|5.4|5.4|3|8
35.4|92.66|1941|396|5.4|5.4|3|8
35.5|92.64|1941|396|5.4|5.4|3|8
35.6|92.63|1941|396|5.4|5.4|3|8
35.7|92.62|1943|396|5.4|5.4|3|8
35.8|92.71|1941|396|5.4|5.4|3|8
35.9|92.64|1943|396|5.4|5.4|3|8
36|92.62|1943|396|5.4|5.4|3|8
36.1|92.7|1943|396|5.4|5.4|3|8
36.2|92.68|1943|396|5.4|5.4|4|8
36.3|92.92|1936|396|5.4|5.4|4|8
36.4|93.43|1642|396|5.4|5.4|4|8
36.5|93.78|1106|396|5.4|5.4|2|8
36.6|93.84|1095|396|5.4|5.4|2|8
36.7|93.78|1093|396|5.4|5.4|2|8
36.8|93.62|1090|396|5.4|5.4|2|8
36.9|93.68|1088|396|5.4|5.4|2|8
37|93.68|1088|396|5.4|5.4|2|8
37.1|93.54|1085|396|5.4|5.4|2|8
37.2|93.55|1085|396|5.4|5.4|2|8
37.3|93.39|1085|396|5.4|5.4|2|8
37.4|93.43|1093|396|5.4|5.4|2|8
37.5|93.33|1144|396|5.4|5.4|2|8
37.6|93.21|1160|396|5.4|5.4|2|8
37.7|93.17|1093|396|5.4|5.4|2|8
37.8|93.23|1152|396|5.4|5.4|2|8
37.9|93.15|1611|396|5.4|5.4|2|8
38|93.07|1740|396|5.4|5.4|2|8
38.1|93.17|1768|396|5.4|5.4|2|8
38.2|93.35|1722|396|5.4|5.4|2|8
38.3|93.55|1322|397|5.4|5.4|2|8
38.4|93.73|1095|396|5.4|5.4|2|8
38.5|93.8|1088|396|5.4|5.4|2|8
38.6|93.7|1085|396|5.4|5.4|2|8
38.7|93.68|1085|396|5.4|5.4|2|8
38.8|93.54|1082|396|5.4|5.4|2|8
38.9|93.58|1082|396|5.4|5.4|2|8
39|93.5|1082|396|5.4|5.4|2|8
39.1|93.38|1108|396|5.4|5.4|2|8
39.2|93.38|1134|396|5.4|5.4|2|8
39.3|93.37|1227|396|5.4|5.4|2|8
39.4|93.17|1232|396|5.4|5.4|2|8
39.5|93.14|1149|396|5.4|5.4|2|8
39.6|93.22|1418|397|5.4|5.4|2|8
39.7|93.17|1686|396|5.4|5.4|2|8
39.8|93.09|1724|397|5.4|5.4|2|8
39.9|93.15|1732|397|5.4|5.4|2|8
40|93.45|1626|397|5.4|5.4|2|8
40.1|93.61|1209|396|5.4|5.4|2|8
40.2|93.72|1095|396|5.4|5.4|2|8
40.3|93.69|1090|396|5.4|5.4|2|8
40.4|93.68|1088|396|5.4|5.4|2|8
40.5|93.55|1085|396|5.4|5.4|2|8
40.6|93.55|1082|396|5.4|5.4|2|8
40.7|93.54|1088|396|5.4|5.4|2|8
40.8|93.38|1157|396|5.4|5.4|2|8
40.9|93.43|1106|396|5.4|5.4|2|8
41|93.33|1170|396|5.4|5.4|2|8
41.1|93.21|1245|396|5.4|5.4|2|8
41.2|93.17|1082|396|5.4|5.4|2|8
41.3|93.22|1299|396|5.4|5.4|2|8
41.4|93.14|1701|396|5.4|5.4|2|8
41.5|93.09|1727|396|5.4|5.4|2|8
41.6|93.23|1652|396|5.4|5.4|2|8
41.7|93.46|1098|396|5.4|5.4|2|8
41.8|93.55|1085|396|5.4|5.4|2|8
41.9|93.54|1082|396|5.4|5.4|2|8
42|93.43|1082|396|5.4|5.4|2|8
42.1|93.38|1080|396|5.4|5.4|2|8
42.2|93.41|1080|396|5.4|5.4|2|8
42.3|93.35|1080|396|5.4|5.4|2|8
42.4|93.19|1077|396|5.4|5.4|2|8
42.5|93.17|1077|396|5.4|5.4|2|8
42.6|93.22|1080|396|5.4|5.4|2|8
42.7|93.1|1446|396|5.4|5.4|2|8
42.8|92.95|1531|396|5.4|5.4|2|8
42.9|93.09|1090|396|5.4|5.4|2|8
43|93.15|1077|396|5.4|5.4|2|8
43.1|93.15|1075|396|5.4|5.4|2|8
43.2|92.98|1180|396|5.4|5.4|2|8
43.3|92.99|1116|396|5.4|5.4|2|8
43.4|93.03|1358|396|5.4|5.4|2|8
43.5|92.92|1255|396|5.4|5.4|2|8
43.6|92.79|1296|396|5.4|5.4|2|8
43.7|92.78|1198|397|5.4|5.4|2|8
43.8|92.66|1353|396|5.4|5.4|2|8
43.9|92.66|1284|396|5.4|5.4|2|8
44|92.62|1379|396|5.4|5.4|2|8
44.1|92.51|1351|396|5.4|5.4|2|8
44.2|92.39|1124|396|5.4|5.4|2|8
44.3|92.4|1183|396|5.4|5.4|2|8
44.4|92.37|1229|397|5.4|5.4|2|8
44.5|92.17|1134|397|5.4|5.4|2|8
44.6|92.15|1165|396|5.4|5.4|2|8
44.7|92.11|1131|396|5.4|5.4|2|8
44.8|92.07|1214|396|5.4|5.4|2|8
44.9|91.97|1245|396|5.4|5.4|2|8
45|91.92|1302|396|5.4|5.4|2|8
45.1|91.82|1268|396|5.4|5.4|2|8
45.2|91.76|1309|396|5.4|5.4|2|8
45.3|91.6|1160|396|5.4|5.4|2|8
45.4|91.56|1157|396|5.4|5.4|2|8
45.5|91.5|1216|396|5.4|5.4|2|8
45.6|91.46|1149|396|5.4|5.4|2|8
45.7|91.38|1214|396|5.4|5.4|2|8
45.8|91.26|1242|397|5.4|5.4|2|8
45.9|91.22|1317|397|5.4|5.4|2|8
46|91.05|1265|396|5.4|5.4|2|8
46.1|91.05|1193|396|5.4|5.4|2|8
46.2|90.91|1224|396|5.4|5.4|2|8
46.3|90.82|1196|396|5.4|5.4|2|8
46.4|90.76|1173|396|5.4|5.4|2|8
46.5|90.6|1152|396|5.4|5.4|2|8
46.6|90.56|1137|396|5.4|5.4|2|8
46.7|90.54|1216|396|5.4|5.4|2|8
46.8|90.41|1204|397|5.4|5.4|2|8
46.9|90.33|1242|397|5.4|5.4|2|8
47|90.23|1196|398|5.4|5.4|2|8
47.1|90.12|1250|396|5.4|5.4|2|8
47.2|90.01|1209|396|5.4|5.4|2|8
47.3|89.89|1209|396|5.4|5.4|2|8
47.4|89.82|1160|396|5.4|5.4|2|8
47.5|89.73|1240|396|5.4|5.4|2|8
47.6|89.57|1258|397|5.4|5.4|2|8
47.7|89.48|1175|397|5.4|5.4|2|8
47.8|89.42|1250|396|5.4|5.4|2|8
47.9|89.3|1157|396|5.4|5.4|2|8
48|89.18|1121|396|5.4|5.4|2|8
48.1|89.1|1294|396|5.4|5.4|2|8
48.2|88.97|1247|396|5.4|5.4|2|8
48.3|88.88|1229|396|5.4|5.4|2|8
48.4|88.75|1214|396|5.4|5.4|2|8
48.5|88.64|1255|396|5.4|5.4|2|8
48.6|88.51|1183|396|5.4|5.4|2|8
48.7|88.41|1160|397|5.4|5.4|2|8
48.8|88.23|1289|396|5.4|5.4|2|8
48.9|88.19|1147|396|5.4|5.4|2|8
49|88.05|1204|397|5.4|5.4|2|8
49.1|87.88|1232|397|5.4|5.4|2|8
49.2|87.78|1204|396|5.4|5.4|2|8
49.3|87.64|1170|397|5.4|5.4|2|8
49.4|87.56|1137|396|5.4|5.4|2|8
49.5|87.41|1235|397|5.4|5.4|2|8
49.6|87.26|1309|397|5.4|5.4|2|8
49.7|87.15|1314|398|5.4|5.4|2|8
49.8|87.02|1278|397|5.4|5.4|2|8
49.9|86.87|1485|398|5.4|5.4|2|8
50|86.76|1227|397|5.4|5.4|2|8
50.1|86.6|1211|396|5.4|5.4|2|8
50.2|86.39|1232|396|5.4|5.4|2|8
50.3|86.27|1255|396|5.4|5.4|2|8
50.4|86.17|1242|396|5.4|5.4|2|8
50.5|86.04|1245|396|5.4|5.4|2|8
50.6|85.88|1281|396|5.4|5.4|2|8
50.7|85.73|1296|397|5.4|5.4|2|8
50.8|85.57|1245|396|5.4|5.4|2|8
50.9|85.41|1309|396|5.4|5.4|2|8
51|85.22|1206|396|5.4|5.4|2|8
51.1|85.05|1250|396|5.4|5.4|2|8
51.2|84.91|1260|396|5.4|5.4|2|8
51.3|84.78|1348|397|5.4|5.4|2|8
51.4|84.56|1175|397|5.4|5.4|2|8
51.5|84.39|1289|398|5.4|5.4|2|8
51.6|84.23|1320|398|5.4|5.4|2|8
51.7|84.09|1340|397|5.4|5.4|2|8
51.8|83.87|1198|397|5.4|5.4|2|8
51.9|83.72|1284|397|5.4|5.4|2|8
52|83.58|1327|398|5.4|5.4|2|8
52.1|83.37|1307|398|5.4|5.4|2|8
52.2|83.17|1317|398|5.4|5.4|2|8
52.3|82.99|1281|397|5.4|5.4|2|8
52.4|82.79|1338|397|5.4|5.4|2|8
52.5|82.6|1369|397|5.4|5.4|2|8
52.6|82.36|1222|397|5.4|5.4|2|8
52.7|82.17|1214|397|5.4|5.4|6|8
52.8|80.5|1920|396|5.4|5.4|6|8
52.9|77.67|1972|396|5.4|5.4|6|8
53|75.02|41|396|5.4|5.4|7|8
53.1|72.98|0|394|5.4|5.4|7|8
53.2|72.11|0|394|5.4|5.4|7|8
53.3|71.64|0|394|5.4|5.4|7|8
53.4|71.47|0|394|5.4|5.4|7|8
53.5|71.41|0|394|5.4|5.4|7|8
53.6|71.37|0|394|5.4|5.4|7|8
53.7|71.4|0|394|5.4|5.4|7|8
53.8|71.33|0|394|5.4|5.4|7|8
53.9|71.33|0|394|5.4|5.4|7|8
54|71.32|0|394|5.4|5.4|7|8
54.1|71.28|0|394|5.4|5.4|7|8
54.2|71.3|0|394|5.4|5.4|7|8
54.3|71.32|0|394|5.4|5.4|7|8
54.4|71.32|0|394|5.4|5.4|7|8
54.5|71.32|0|394|5.4|5.4|7|8
54.6|71.33|0|394|5.4|5.4|7|8
54.7|71.32|0|394|5.4|5.4|7|8
54.8|71.32|0|394|5.4|5.4|7|8
54.9|71.34|0|394|5.4|5.4|7|8
55|71.37|0|394|5.4|5.4|7|8
55.1|71.33|0|394|5.4|5.4|7|8
55.2|71.33|0|394|5.4|5.4|7|8
55.3|71.33|0|394|5.4|5.4|7|8
55.4|71.33|0|394|5.4|5.4|7|8
55.5|71.34|0|394|5.4|5.4|7|8
55.6|71.3|0|394|5.4|5.4|7|8
55.7|71.26|0|394|5.4|5.4|7|8
55.8|71.28|0|394|5.4|5.4|7|8
55.9|71.28|0|394|5.4|5.4|7|8
56|71.28|0|394|5.4|5.4|7|8
56.1|71.3|0|394|5.4|5.4|7|8
56.2|71.32|0|394|5.4|5.4|7|8
56.3|71.38|0|394|5.4|5.4|7|8
56.4|71.34|0|394|5.4|5.4|7|8
56.5|71.37|0|394|5.4|5.4|7|8
56.6|71.3|0|394|5.4|5.4|7|8
56.7|71.32|0|394|5.4|5.4|7|8
56.8|71.3|0|394|5.4|5.4|7|8
56.9|71.26|0|394|5.4|5.4|7|8
57|71.28|0|394|5.4|5.4|7|8
57.1|71.28|0|394|5.4|5.4|7|8
57.2|71.34|0|394|5.4|5.4|7|8
57.3|71.34|0|394|5.4|5.4|7|8
57.4|71.34|0|394|5.4|5.4|7|8
57.5|71.3|0|394|5.4|5.4|7|8
57.6|71.3|0|394|5.4|5.4|7|8
57.7|71.29|0|394|5.4|5.4|7|8
57.8|71.28|0|394|5.4|5.4|7|8
57.9|71.26|0|394|5.4|5.4|7|8
58|71.26|0|394|5.4|5.4|7|8
58.1|71.32|0|394|5.4|5.4|7|8
58.2|71.34|0|394|5.4|5.4|7|8
58.3|71.34|0|394|5.4|5.4|7|8
58.4|71.33|0|394|5.4|5.4|7|8
58.5|71.29|0|394|5.4|5.4|7|8
58.6|71.25|0|394|5.4|5.4|7|8
58.7|71.26|0|394|5.4|5.4|7|8
58.8|71.28|0|394|5.4|5.4|7|8
58.9|71.26|0|394|5.4|5.4|7|8
59|71.3|0|394|5.4|5.4|7|8
59.1|71.34|0|394|5.4|5.4|7|8
59.2|71.34|0|394|5.4|5.4|7|8
59.3|71.33|0|394|5.4|5.4|7|8
59.4|71.29|0|394|5.4|5.4|7|8
59.5|71.25|0|394|5.4|5.4|7|8
59.6|71.28|0|394|5.4|5.4|7|8
59.7|71.28|0|394|5.4|5.4|7|8
59.8|71.26|0|394|5.4|5.4|7|8
59.9|71.28|0|394|5.4|5.4|7|8
60|71.32|0|394|5.4|5.4|7|8
60.1|71.34|0|394|5.4|5.4|7|8
60.2|71.33|0|394|5.4|5.4|7|8
60.3|71.3|0|394|5.4|5.4|7|8
60.4|71.26|0|394|5.4|5.4|7|8
60.5|71.28|0|394|5.4|5.4|7|8
60.6|71.25|0|394|5.4|5.4|7|8
60.7|71.28|0|394|5.4|5.4|7|8
60.8|71.25|0|394|5.4|5.4|7|8
60.9|71.28|0|394|5.4|5.4|7|8
61|71.29|0|394|5.4|5.4|7|8
61.1|71.32|0|394|5.4|5.4|7|8
61.2|71.34|0|394|5.4|5.4|7|8
61.3|71.32|0|394|5.4|5.4|7|8
61.4|71.29|0|394|5.4|5.4|7|8
61.5|71.28|0|394|5.4|5.4|7|8
61.6|71.29|0|394|5.4|5.4|7|8
61.7|71.3|0|394|5.4|5.4|7|8
61.8|71.28|0|394|5.4|5.4|7|8
61.9|71.26|0|394|5.4|5.4|7|8
62|71.26|0|394|5.4|5.4|7|8
62.1|71.28|0|394|5.4|5.4|7|8
62.2|71.28|0|394|5.4|5.4|7|8
62.3|71.25|0|394|5.4|5.4|7|8
62.4|71.28|0|394|5.4|5.4|7|8
62.5|71.26|0|394|5.4|5.4|7|8
62.6|71.28|0|394|5.4|5.4|7|8
62.7|71.26|0|394|5.4|5.4|7|8
62.8|71.26|0|394|5.4|5.4|7|8
62.9|71.28|0|394|5.4|5.4|7|8
63|71.3|0|394|5.4|5.4|7|8
63.1|71.34|0|394|5.4|5.4|7|8
63.2|71.32|0|394|5.4|5.4|7|8
63.3|71.29|0|394|5.4|5.4|7|8
63.4|71.3|0|394|5.4|5.4|7|8
63.5|71.29|0|394|5.4|5.4|7|8
63.6|71.29|0|394|5.4|5.4|7|8
63.7|71.29|0|402|5.4|5.4|7|8
63.8|71.29|0|409|5.4|5.4|7|8
63.9|71.25|0|412|5.4|5.4|7|8
64|71.26|0|413|5.4|5.4|7|8
64.1|71.25|0|413|5.4|5.4|7|8
64.2|71.29|0|413|5.4|5.4|7|8
64.3|71.28|0|413|5.4|5.4|7|8
64.4|71.3|0|413|5.4|5.4|7|8
64.5|71.3|0|413|5.4|5.4|7|8
64.6|71.29|0|413|5.4|5.4|7|8
64.7|71.3|0|413|5.4|5.4|7|8
64.8|71.29|0|413|5.4|5.4|7|8
64.9|71.25|0|413|5.4|5.4|7|8
65|71.28|0|413|5.4|5.4|7|8
65.1|71.26|0|413|5.4|5.4|7|8
65.2|71.26|0|413|5.4|5.4|7|8
65.3|71.25|0|413|5.4|5.4|7|8
65.4|71.28|0|413|5.4|5.4|7|8
65.5|71.29|0|413|5.4|5.4|7|8
65.6|71.28|0|412|5.4|5.4|7|8
65.7|71.28|0|412|5.4|5.4|7|8
65.8|71.28|0|412|5.4|5.4|7|8
65.9|71.26|0|412|5.4|5.4|7|8
66|71.28|0|412|5.4|5.4|8|8
66.1|71.32|0|412|5.4|5.4|8|8
66.2|71.22|0|412|5.4|5.4|8|8
66.3|71.18|0|412|5.4|5.4|8|8
66.4|71.21|0|412|5.4|5.4|8|8
66.5|71.25|0|412|5.4|5.4|8|8
66.6|71.32|0|412|5.4|5.4|8|8
66.7|71.22|0|412|5.4|5.4|8|8
66.8|71.21|0|412|5.4|5.4|8|8
66.9|71.17|0|412|5.3|5.3|8|8
67|71.22|0|412|5.3|5.3|8|8
67.1|71.26|0|412|5.3|5.3|8|8
67.2|71.28|0|412|5.3|5.3|8|8
67.3|71.21|0|412|5.3|5.3|8|8
67.4|71.2|0|412|5.3|5.3|8|8
67.5|71.22|0|412|5.2|5.2|8|8
67.6|71.25|0|412|5.2|5.2|8|8
67.7|71.32|0|412|5.2|5.2|8|8
67.8|71.25|0|412|5.2|5.2|8|8
67.9|71.21|0|412|5.2|5.2|8|8
68|72.16|0|412|5.2|5.2|8|8
68.1|75.16|0|412|5.2|5.2|8|8
68.2|78.24|0|412|5.2|5.2|8|8
68.3|81.18|0|412|5.2|5.2|8|8
68.4|84.21|0|412|5.2|5.2|8|8
68.5|87.13|0|412|5.2|5.2|8|8
68.6|90.07|0|412|5.2|5.2|8|8
68.7|93.03|0|412|5.2|5.2|8|8
68.8|94.82|0|412|5.2|5.2|8|8
68.9|95.57|0|412|5.2|5.2|8|8
69|95.86|0|411|5.2|5.2|9|8
