0|96|1402|409|5|5|1|8
0.1|96.01|1619|414|5|5|1|8
0.2|96.02|1639|416|5|5|1|8
0.3|96.01|1655|416|5|5|1|8
0.4|96.01|1668|416|5|5|1|8
0.5|95.97|1675|416|5.1|5|3|8
0.6|96.04|1686|416|5.1|5.1|3|8
0.7|96.01|1691|416|5.1|5.1|3|8
0.8|96|1696|416|5.1|5.1|3|8
0.9|95.97|1698|416|5.1|5.1|3|8
1|95.94|1701|416|5.1|5.1|3|8
1.1|95.9|1701|416|5.1|5.1|3|8
1.2|95.94|1701|416|5.1|5.1|3|8
1.3|95.96|1701|416|5.1|5.1|3|8
1.4|95.98|1701|417|5.1|5.1|3|8
1.5|96|1704|417|5.1|5.1|3|8
1.6|95.98|1709|417|5.1|5.1|3|8
1.7|95.96|1711|417|5.1|5.1|3|8
1.8|95.92|1711|417|5.1|5.1|3|8
1.9|95.9|1711|417|5.1|5.1|3|8
2|95.96|1704|417|5.1|5.1|3|8
2.1|95.96|1698|417|5.1|5.1|3|8
2.2|95.97|1693|417|5.1|5.1|3|8
2.3|96.02|1688|417|5.1|5.1|3|8
2.4|95.94|1673|417|5.1|5.1|3|8
2.5|95.93|1660|417|5.1|5.1|4|8
2.6|96.24|1598|417|5.1|5.1|4|8
2.7|96.63|1121|417|5.1|5.1|5|8
2.8|96.9|1064|416|5.1|5.1|5|8
2.9|97.02|1062|416|5.1|5.1|5|8
3|97.03|1062|415|5.1|5.1|5|8
3.1|97.06|1062|415|5.1|5.1|5|8
3.2|97.04|1059|415|5.1|5.1|5|8
3.3|97.07|1059|415|5.1|5.1|5|8
3.4|97.07|1059|415|5.1|5.1|5|8
3.5|97.06|1059|415|5.1|5.1|5|8
3.6|97.07|1059|415|5.1|5.1|5|8
3.7|97.08|1057|415|5.1|5.1|5|8
3.8|97.07|1057|415|5.1|5.1|5|8
3.9|97.07|1057|415|5.2|5.2|5|8
4|97.07|1057|415|5.2|5.2|5|8
4.1|97.08|1057|415|5.2|5.2|5|8
4.2|97.07|1057|415|5.2|5.2|5|8
4.3|97.07|1057|415|5.2|5.2|5|8
4.4|97.07|1057|415|5.2|5.2|5|8
4.5|97.07|1057|415|5.2|5.2|5|8
4.6|97.07|1057|415|5.2|5.2|5|8
4.7|97.07|1057|414|5.2|5.2|2|8
4.8|96.98|1057|415|5.2|5.2|2|8
4.9|96.64|1057|414|5.2|5.2|2|8
5|96.19|1075|415|5.2|5.2|2|8
5.1|95.69|1142|415|5.2|5.2|2|8
5.2|95.18|1162|416|5.2|5.2|2|8
5.3|94.74|1216|416|5.2|5.2|2|8
5.4|94.27|1652|416|5.2|5.2|3|8
5.5|93.89|1753|416|5.2|5.2|3|8
5.6|93.81|1763|417|5.2|5.2|3|8
5.7|93.66|1768|418|5.2|5.2|3|8
5.8|93.64|1768|418|5.2|5.2|3|8
5.9|93.58|1771|418|5.2|5.2|3|8
6|93.55|1773|418|5.2|5.2|3|8
6.1|93.54|1773|418|5.2|5.2|3|8
6.2|93.55|1773|418|5.2|5.2|3|8
6.3|93.58|1776|418|5.2|5.2|3|8
6.4|93.58|1776|418|5.2|5.2|3|8
6.5|93.62|1776|417|5.2|5.2|3|8
6.6|93.62|1776|418|5.2|5.2|3|8
6.7|93.57|1778|418|5.2|5.2|3|8
6.8|93.6|1778|418|5.2|5.2|3|8
6.9|93.58|1781|418|5.2|5.2|3|8
7|93.55|1781|418|5.2|5.2|3|8
7.1|93.62|1784|418|5.2|5.2|3|8
7.2|93.55|1784|418|5.2|5.2|3|8
7.3|93.6|1786|418|5.2|5.2|3|8
7.4|93.64|1789|418|5.2|5.2|4|8
7.5|93.72|1786|418|5.2|5.2|4|8
7.6|94.01|1776|418|5.2|5.2|4|8
7.7|94.51|1719|418|5.2|5.2|4|8
7.8|95|1124|418|5.2|5.2|5|8
7.9|95.23|1070|416|5.2|5.2|5|8
8|95.42|1067|416|5.2|5.2|5|8
8.1|95.43|1067|416|5.2|5.2|5|8
8.2|95.42|1064|416|5.2|5.2|5|8
8.3|95.46|1064|416|5.2|5.2|5|8
8.4|95.42|1064|416|5.2|5.2|5|8
8.5|95.46|1064|416|5.3|5.2|5|8
8.6|95.54|1064|415|5.3|5.3|5|8
8.7|95.49|1064|415|5.3|5.3|5|8
8.8|95.46|1064|415|5.3|5.3|5|8
8.9|95.43|1064|415|5.3|5.3|5|8
9|95.46|1064|415|5.3|5.3|5|8
9.1|95.51|1064|416|5.3|5.3|5|8
9.2|95.5|1064|415|5.3|5.3|5|8
9.3|95.47|1064|415|5.3|5.3|5|8
9.4|95.43|1064|415|5.3|5.3|5|8
9.5|95.45|1067|415|5.3|5.3|5|8
9.6|95.5|1067|415|5.3|5.3|5|8
9.7|95.49|1067|415|5.3|5.3|5|8
9.8|95.47|1067|415|5.3|5.3|2|8
9.9|95.39|1067|415|5.3|5.3|2|8
10|94.99|1067|415|5.3|5.3|2|8
10.1|94.61|1072|414|5.3|5.3|2|8
10.2|94.12|1307|405|5.3|5.3|2|8
10.3|93.72|1773|399|5.3|5.3|3|8
10.4|93.43|1807|397|5.3|5.3|3|8
10.5|93.33|1817|396|5.3|5.3|3|8
10.6|93.34|1822|396|5.3|5.3|3|8
10.7|93.18|1825|396|5.3|5.3|3|8
10.8|93.17|1827|396|5.3|5.3|3|8
10.9|93.33|1830|396|5.3|5.3|3|8
11|93.17|1830|396|5.3|5.3|3|8
11.1|93.33|1832|396|5.3|5.3|3|8
11.2|93.17|1832|396|5.3|5.3|3|8
11.3|93.33|1835|396|5.3|5.3|3|8
11.4|93.17|1835|396|5.3|5.3|3|8
11.5|93.31|1838|396|5.3|5.3|3|8
11.6|93.19|1838|396|5.3|5.3|3|8
11.7|93.29|1840|396|5.3|5.3|3|8
11.8|93.19|1840|396|5.3|5.3|3|8
11.9|93.27|1840|396|5.3|5.3|3|8
12|93.21|1843|396|5.3|5.3|3|8
12.1|93.27|1843|396|5.3|5.3|3|8
12.2|93.19|1845|396|5.3|5.3|3|8
12.3|93.25|1845|396|5.3|5.3|4|8
12.4|93.49|1843|396|5.3|5.3|4|8
12.5|93.82|1817|396|5.3|5.3|4|8
12.6|94.37|1464|396|5.3|5.3|4|8
12.7|94.75|1095|396|5.3|5.3|5|8
12.8|94.84|1088|396|5.3|5.3|5|8
12.9|94.95|1085|396|5.3|5.3|5|8
13|95.03|1082|396|5.3|5.3|5|8
13.1|95.04|1082|396|5.3|5.3|5|8
13.2|95.02|1080|396|5.3|5.3|5|8
13.3|95|1082|396|5.3|5.3|5|8
13.4|95.03|1082|396|5.3|5.3|5|8
13.5|95.03|1080|396|5.4|5.4|5|8
13.6|95.07|1082|396|5.4|5.4|5|8
13.7|95|1080|396|5.4|5.4|5|8
13.8|95.06|1082|396|5.4|5.4|5|8
13.9|94.99|1082|396|5.4|5.4|5|8
14|95.04|1082|396|5.4|5.4|5|8
14.1|94.96|1082|396|5.4|5.4|5|8
14.2|95.06|1085|396|5.4|5.4|5|8
14.3|94.99|1082|396|5.4|5.4|5|8
14.4|95.03|1082|396|5.4|5.4|5|8
14.5|95.04|1082|396|5.4|5.4|5|8
14.6|95.02|1082|396|5.4|5.4|5|8
14.7|94.96|1082|396|5.4|5.4|2|8
14.8|94.74|1082|396|5.4|5.4|2|8
14.9|94.35|1085|396|5.4|5.4|2|8
15|93.88|1544|396|5.4|5.4|2|8
15.1|93.45|1791|396|5.4|5.4|3|8
15.2|93.22|1820|396|5.4|5.4|3|8
15.3|93.11|1825|396|5.4|5.4|3|8
15.4|93.13|1830|396|5.4|5.4|3|8
15.5|93.17|1832|396|5.4|5.4|3|8
15.6|93.13|1838|396|5.4|5.4|3|8
15.7|93.13|1840|396|5.4|5.4|3|8
15.8|93.17|1843|396|5.4|5.4|3|8
15.9|93.14|1845|396|5.4|5.4|3|8
16|93.15|1845|396|5.4|5.4|3|8
16.1|93.14|1848|396|5.4|5.4|3|8
16.2|93.14|1848|396|5.4|5.4|3|8
16.3|93.14|1851|396|5.4|5.4|3|8
16.4|93.13|1853|396|5.4|5.4|3|8
16.5|93.14|1853|396|5.4|5.4|3|8
16.6|93.14|1853|396|5.4|5.4|3|8
16.7|93.14|1856|396|5.4|5.4|3|8
16.8|93.14|1856|396|5.4|5.4|3|8
16.9|93.13|1856|396|5.4|5.4|3|8
17|93.14|1858|396|5.4|5.4|3|8
17.1|93.21|1858|396|5.4|5.4|4|8
17.2|93.49|1851|396|5.4|5.4|4|8
17.3|93.86|1812|396|5.4|5.4|4|8
17.4|94.43|1165|396|5.4|5.4|5|8
17.5|94.72|1095|396|5.4|5.4|5|8
17.6|94.79|1093|396|5.4|5.4|5|8
17.7|94.95|1090|396|5.4|5.4|5|8
17.8|94.96|1090|396|5.4|5.4|5|8
17.9|94.88|1088|396|5.4|5.4|5|8
18|94.91|1088|396|5.4|5.4|5|8
18.1|94.92|1088|396|5.4|5.4|5|8
18.2|94.94|1088|396|5.4|5.4|5|8
18.3|94.91|1088|396|5.4|5.4|5|8
18.4|94.88|1088|396|5.4|5.4|5|8
18.5|94.91|1088|396|5.4|5.4|5|8
18.6|94.92|1085|396|5.4|5.4|5|8
18.7|94.92|1088|396|5.4|5.4|5|8
18.8|94.92|1088|396|5.4|5.4|5|8
18.9|94.92|1088|396|5.4|5.4|5|8
19|94.92|1088|396|5.4|5.4|5|8
19.1|94.92|1088|396|5.4|5.4|5|8
19.2|94.94|1088|396|5.4|5.4|5|8
19.3|94.96|1088|396|5.4|5.4|5|8
19.4|94.92|1088|396|5.4|5.4|2|8
19.5|94.8|1085|396|5.4|5.4|2|8
19.6|94.51|1088|396|5.4|5.4|2|8
19.7|94.02|1144|396|5.4|5.4|2|8
19.8|93.61|1729|396|5.4|5.4|3|8
19.9|93.26|1822|396|5.4|5.4|3|8
20|93.23|1835|396|5.4|5.4|3|8
20.1|93.17|1843|396|5.4|5.4|3|8
20.2|93.17|1848|396|5.4|5.4|3|8
20.3|93.04|1853|396|5.4|5.4|3|8
20.4|93.1|1856|396|5.4|5.4|3|8
20.5|93.09|1858|396|5.4|5.4|3|8
20.6|93.07|1861|396|5.4|5.4|3|8
20.7|93.1|1863|396|5.4|5.4|3|8
20.8|93.07|1866|396|5.4|5.4|3|8
20.9|93.09|1869|396|5.4|5.4|3|8
21|93.1|1871|396|5.4|5.4|3|8
21.1|93.06|1871|396|5.4|5.4|3|8
21.2|93.09|1871|396|5.4|5.4|3|8
21.3|93.1|1874|396|5.4|5.4|3|8
21.4|93.09|1874|396|5.4|5.4|3|8
21.5|93.07|1874|396|5.4|5.4|3|8
21.6|93.09|1874|396|5.4|5.4|3|8
21.7|93.1|1876|396|5.4|5.4|3|8
21.8|93.07|1876|396|5.4|5.4|4|8
21.9|93.14|1874|396|5.4|5.4|4|8
22|93.54|1843|396|5.4|5.4|4|8
22.1|94.12|1245|396|5.4|5.4|5|8
22.2|94.41|1101|396|5.4|5.4|5|8
22.3|94.51|1095|396|5.4|5.4|5|8
22.4|94.63|1093|396|5.4|5.4|5|8
22.5|94.64|1093|396|5.4|5.4|5|8
22.6|94.61|1093|396|5.4|5.4|5|8
22.7|94.63|1090|396|5.4|5.4|5|8
22.8|94.63|1090|396|5.4|5.4|5|8
22.9|94.61|1090|396|5.4|5.4|5|8
23|94.64|1088|396|5.4|5.4|5|8
23.1|94.64|1088|396|5.4|5.4|5|8
23.2|94.61|1088|396|5.4|5.4|5|8
23.3|94.63|1088|396|5.4|5.4|5|8
23.4|94.63|1088|396|5.4|5.4|5|8
23.5|94.61|1088|396|5.4|5.4|5|8
23.6|94.61|1088|396|5.4|5.4|5|8
23.7|94.64|1088|396|5.4|5.4|5|8
23.8|94.63|1088|396|5.4|5.4|5|8
23.9|94.63|1088|396|5.4|5.4|5|8
24|94.6|1088|396|5.4|5.4|5|8
24.1|94.63|1088|396|5.4|5.4|2|8
24.2|94.55|1088|396|5.4|5.4|2|8
24.3|94.25|1088|396|5.4|5.4|2|8
24.4|93.82|1162|396|5.4|5.4|2|8
24.5|93.29|1758|396|5.4|5.4|3|8
24.6|93.03|1845|396|5.4|5.4|3|8
24.7|92.96|1861|396|5.4|5.4|3|8
24.8|92.87|1869|396|5.4|5.4|3|8
24.9|92.83|1874|396|5.4|5.4|3|8
25|92.83|1879|396|5.4|5.4|3|8
25.1|92.84|1879|396|5.4|5.4|3|8
25.2|92.86|1881|396|5.4|5.4|3|8
25.3|92.84|1884|396|5.4|5.4|3|8
25.4|92.79|1884|396|5.4|5.4|3|8
25.5|92.84|1887|396|5.4|5.4|3|8
25.6|92.8|1887|396|5.4|5.4|3|8
25.7|92.84|1887|396|5.4|5.4|3|8
25.8|92.78|1887|396|5.4|5.4|3|8
25.9|92.87|1889|396|5.4|5.4|3|8
26|92.78|1889|396|5.4|5.4|3|8
26.1|92.83|1889|396|5.4|5.4|3|8
26.2|92.82|1889|396|5.4|5.4|3|8
26.3|92.83|1889|396|5.4|5.4|3|8
26.4|92.83|1889|396|5.4|5.4|3|8
26.5|92.83|1892|396|5.4|5.4|4|8
26.6|92.95|1889|396|5.4|5.4|4|8
26.7|93.31|1848|396|5.4|5.4|4|8
26.8|93.81|1142|396|5.4|5.4|5|8
26.9|94.09|1101|396|5.4|5.4|5|8
27|94.2|1095|396|5.4|5.4|5|8
27.1|94.21|1093|396|5.4|5.4|5|8
27.2|94.2|1093|396|5.4|5.4|5|8
27.3|94.2|1090|396|5.4|5.4|5|8
27.4|94.21|1090|396|5.4|5.4|5|8
27.5|94.16|1090|396|5.4|5.4|5|8
27.6|94.17|1090|396|5.4|5.4|5|8
27.7|94.24|1090|396|5.4|5.4|5|8
27.8|94.25|1088|396|5.4|5.4|5|8
27.9|94.21|1088|396|5.4|5.4|5|8
28|94.19|1088|396|5.4|5.4|5|8
28.1|94.21|1088|396|5.4|5.4|5|8
28.2|94.23|1088|396|5.4|5.4|5|8
28.3|94.23|1088|396|5.4|5.4|5|8
28.4|94.25|1088|396|5.4|5.4|5|8
28.5|94.24|1088|396|5.4|5.4|5|8
28.6|94.24|1088|396|5.4|5.4|5|8
28.7|94.21|1088|396|5.4|5.4|5|8
28.8|94.19|1088|396|5.4|5.4|2|8
28.9|94.05|1088|396|5.4|5.4|2|8
29|93.72|1090|396|5.4|5.4|2|8
29.1|93.25|1503|396|5.4|5.4|2|8
29.2|92.92|1838|396|5.4|5.4|3|8
29.3|92.75|1869|396|5.4|5.4|3|8
29.4|92.67|1881|396|5.4|5.4|3|8
29.5|92.67|1884|396|5.4|5.4|3|8
29.6|92.58|1889|396|5.4|5.4|3|8
29.7|92.55|1892|396|5.4|5.4|3|8
29.8|92.63|1892|396|5.4|5.4|3|8
29.9|92.59|1897|396|5.4|5.4|3|8
30|92.58|1897|396|5.4|5.4|3|8
30.1|92.6|1897|396|5.4|5.4|3|8
30.2|92.59|1899|396|5.4|5.4|3|8
30.3|92.59|1899|396|5.4|5.4|3|8
30.4|92.58|1899|396|5.4|5.4|3|8
30.5|92.58|1899|396|5.4|5.4|3|8
30.6|92.6|1899|396|5.4|5.4|3|8
30.7|92.58|1902|396|5.4|5.4|3|8
30.8|92.6|1902|396|5.4|5.4|3|8
30.9|92.6|1902|396|5.4|5.4|3|8
31|92.58|1902|396|5.4|5.4|3|8
31.1|92.56|1902|396|5.4|5.4|3|8
31.2|92.59|1902|395|5.4|5.4|4|8
31.3|92.9|1892|395|5.4|5.4|4|8
31.4|93.39|1353|396|5.4|5.4|5|8
31.5|93.76|1106|396|5.4|5.4|5|8
31.6|93.85|1098|396|5.4|5.4|5|8
31.7|93.89|1095|396|5.4|5.4|5|8
31.8|93.92|1095|396|5.4|5.4|5|8
31.9|93.97|1093|396|5.4|5.4|5|8
32|94.02|1093|396|5.4|5.4|5|8
32.1|94.01|1090|395|5.4|5.4|5|8
32.2|93.98|1090|396|5.4|5.4|5|8
32.3|93.97|1090|395|5.4|5.4|5|8
32.4|93.97|1090|395|5.4|5.4|5|8
32.5|93.96|1090|395|5.4|5.4|5|8
32.6|93.9|1090|395|5.4|5.4|5|8
32.7|93.93|1090|395|5.4|5.4|5|8
32.8|93.97|1090|395|5.4|5.4|5|8
32.9|94|1090|395|5.4|5.4|5|8
33|94.02|1090|395|5.4|5.4|5|8
33.1|93.98|1090|395|5.4|5.4|5|8
33.2|93.96|1090|395|5.4|5.4|5|8
33.3|93.92|1090|395|5.4|5.4|5|8
33.4|93.93|1090|395|5.4|5.4|2|8
33.5|93.96|1090|395|5.4|5.4|2|8
33.6|93.62|1093|395|5.4|5.4|2|8
33.7|93.21|1111|395|5.4|5.4|2|8
33.8|92.78|1814|395|5.4|5.4|3|8
33.9|92.62|1881|395|5.4|5.4|3|8
34|92.4|1897|395|5.4|5.4|3|8
34.1|92.4|1902|395|5.4|5.4|3|8
34.2|92.39|1905|395|5.4|5.4|3|8
34.3|92.37|1907|395|5.4|5.4|3|8
34.4|92.36|1910|395|5.4|5.4|3|8
34.5|92.35|1912|395|5.4|5.4|3|8
34.6|92.4|1912|395|5.4|5.4|3|8
34.7|92.36|1915|395|5.4|5.4|3|8
34.8|92.28|1915|395|5.4|5.4|3|8
34.9|92.36|1915|395|5.4|5.4|3|8
35|92.36|1915|395|5.4|5.4|3|8
35.1|92.35|1918|395|5.4|5.4|3|8
35.2|92.33|1918|395|5.4|5.4|3|8
35.3|92.36|1918|395|5.4|5.4|3|8
35.4|92.33|1920|395|5.4|5.4|3|8
35.5|92.36|1918|396|5.4|5.4|3|8
35.6|92.32|1920|395|5.4|5.4|3|8
35.7|92.35|1920|396|5.4|5.4|3|8
35.8|92.36|1920|396|5.4|5.4|4|8
35.9|92.51|1915|396|5.4|5.4|4|8
36|92.9|1858|396|5.4|5.4|4|8
36.1|93.34|1129|396|5.4|5.4|2|8
36.2|93.39|1101|396|5.4|5.4|2|8
36.3|93.41|1098|396|5.4|5.4|2|8
36.4|93.43|1095|396|5.4|5.4|2|8
36.5|93.31|1093|396|5.4|5.4|2|8
36.6|93.22|1090|396|5.4|5.4|2|8
36.7|93.17|1090|396|5.4|5.4|2|8
36.8|93.21|1090|396|5.4|5.4|2|8
36.9|93.15|1090|396|5.4|5.4|2|8
37|93.02|1090|396|5.4|5.4|2|8
37.1|93.04|1101|396|5.4|5.4|2|8
37.2|92.9|1265|396|5.4|5.4|2|8
37.3|92.82|1155|396|5.4|5.4|2|8
37.4|92.8|1142|396|5.4|5.4|2|8
37.5|92.75|1247|396|5.4|5.4|2|8
37.6|92.67|1696|396|5.4|5.4|2|8
37.7|92.68|1747|396|5.4|5.4|2|8
37.8|92.82|1740|396|5.4|5.4|2|8
37.9|92.99|1647|396|5.4|5.4|2|8
38|93.14|1119|396|5.4|5.4|2|8
38.1|93.19|1093|396|5.4|5.4|2|8
38.2|93.25|1093|396|5.4|5.4|2|8
38.3|93.19|1090|396|5.4|5.4|2|8
38.4|93.22|1090|396|5.4|5.4|2|8
38.5|93.15|1090|396|5.4|5.4|2|8
38.6|93|1090|396|5.4|5.4|2|8
38.7|93.02|1088|396|5.4|5.4|2|8
38.8|92.94|1149|396|5.4|5.4|2|8
38.9|92.84|1126|396|5.4|5.4|2|8
39|92.79|1106|396|5.4|5.4|2|8
39.1|92.76|1204|396|5.4|5.4|2|8
39.2|92.66|1284|396|5.4|5.4|2|8
39.3|92.66|1701|396|5.4|5.4|2|8
39.4|92.58|1753|396|5.4|5.4|2|8
39.5|92.76|1758|396|5.4|5.4|2|8
39.6|92.92|1737|396|5.4|5.4|2|8
39.7|93.17|1139|396|5.4|5.4|2|8
39.8|93.13|1093|396|5.4|5.4|2|8
39.9|93.21|1090|396|5.4|5.4|2|8
40|93.18|1088|396|5.4|5.4|2|8
40.1|93.25|1088|396|5.4|5.4|2|8
40.2|93.11|1088|396|5.4|5.4|2|8
40.3|93.02|1088|396|5.4|5.4|2|8
40.4|93.03|1085|396|5.4|5.4|2|8
40.5|92.9|1152|396|5.4|5.4|2|8
40.6|92.8|1170|395|5.4|5.4|2|8
40.7|92.8|1088|396|5.4|5.4|2|8
40.8|92.75|1119|396|5.4|5.4|2|8
40.9|92.66|1131|396|5.4|5.4|2|8
41|92.68|1495|396|5.4|5.4|2|8
41.1|92.52|1644|396|5.4|5.4|2|8
41.2|92.58|1675|396|5.4|5.4|2|8
41.3|92.84|1472|396|5.4|5.4|2|8
41.4|92.94|1113|396|5.4|5.4|2|8
41.5|92.96|1090|396|5.4|5.4|2|8
41.6|92.94|1090|396|5.4|5.4|2|8
41.7|93.02|1088|396|5.4|5.4|2|8
41.8|92.96|1088|396|5.4|5.4|2|8
41.9|92.82|1088|396|5.4|5.4|2|8
42|92.75|1113|396|5.4|5.4|2|8
42.1|92.74|1121|396|5.4|5.4|2|8
42.2|92.67|1129|396|5.4|5.4|2|8
42.3|92.68|1206|396|5.4|5.4|2|8
42.4|92.59|1433|396|5.4|5.4|2|8
42.5|92.41|1289|396|5.4|5.4|2|8
42.6|92.4|1209|396|5.4|5.4|2|8
42.7|92.37|1250|396|5.4|5.4|2|8
42.8|92.24|1263|397|5.4|5.4|2|8
42.9|92.2|1263|396|5.4|5.4|2|8
43|92.08|1229|396|5.4|5.4|2|8
43.1|92.09|1245|396|5.4|5.4|2|8
43.2|92.05|1211|396|5.4|5.4|2|8
43.3|91.97|1247|396|5.4|5.4|2|8
43.4|91.9|1263|396|5.4|5.4|2|8
43.5|91.78|1351|396|5.4|5.4|2|8
43.6|91.81|1260|396|5.4|5.4|2|8
43.7|91.58|1214|396|5.4|5.4|2|8
43.8|91.56|1235|397|5.4|5.4|2|8
43.9|91.51|1237|396|5.4|5.4|2|8
44|91.47|1289|397|5.4|5.4|2|8
44.1|91.38|1193|397|5.4|5.4|2|8
44.2|91.27|1265|397|5.4|5.4|2|8
44.3|91.19|1255|397|5.4|5.4|2|8
44.4|91.03|1155|397|5.4|5.4|2|8
44.5|91.05|1175|396|5.4|5.4|2|8
44.6|90.91|1204|396|5.4|5.4|2|8
44.7|90.82|1157|396|5.4|5.4|2|8
44.8|90.74|1183|396|5.4|5.4|2|8
44.9|90.59|1142|396|5.4|5.4|2|8
45|90.58|1284|396|5.4|5.4|2|8
45.1|90.54|1242|396|5.4|5.4|2|8
45.2|90.45|1121|396|5.4|5.4|2|8
45.3|90.44|1183|396|5.4|5.4|2|8
45.4|90.35|1144|396|5.4|5.4|2|8
45.5|90.32|1245|396|5.4|5.4|2|8
45.6|90.25|1327|396|5.4|5.4|2|8
45.7|90.19|1188|397|5.4|5.4|2|8
45.8|90.13|1183|396|5.4|5.4|2|8
45.9|90|1209|396|5.4|5.4|2|8
46|90.01|1121|396|5.4|5.4|2|8
46.1|89.89|1139|396|5.4|5.4|2|8
46.2|89.86|1173|396|5.4|5.4|2|8
46.3|89.78|1175|397|5.4|5.4|2|8
46.4|89.72|1162|397|5.4|5.4|2|8
46.5|89.7|1314|398|5.4|5.4|2|8
46.6|89.5|1173|398|5.4|5.4|2|8
46.7|89.49|1188|397|5.4|5.4|2|8
46.8|89.45|1273|398|5.4|5.4|2|8
46.9|89.31|1219|398|5.4|5.4|2|8
47|89.22|1191|397|5.4|5.4|2|8
47.1|89.19|1155|397|5.4|5.4|2|8
47.2|89.11|1240|396|5.4|5.4|2|8
47.3|88.99|1173|397|5.4|5.4|2|8
47.4|88.87|1222|397|5.4|5.4|2|8
47.5|88.86|1268|398|5.4|5.4|2|8
47.6|88.74|1247|397|5.4|5.4|2|8
47.7|88.67|1183|397|5.4|5.4|2|8
47.8|88.58|1126|396|5.4|5.4|2|8
47.9|88.48|1227|396|5.4|5.4|2|8
48|88.36|1247|397|5.4|5.4|2|8
48.1|88.2|1242|398|5.4|5.4|2|8
48.2|88.21|1160|398|5.4|5.4|2|8
48.3|88.05|1281|397|5.4|5.4|2|8
48.4|87.97|1322|398|5.4|5.4|2|8
48.5|87.88|1302|398|5.4|5.4|2|8
48.6|87.74|1229|397|5.4|5.4|2|8
48.7|87.64|1139|397|5.4|5.4|2|8
48.8|87.56|1216|398|5.4|5.4|2|8
48.9|87.38|1232|398|5.4|5.4|2|8
49|87.27|1160|397|5.4|5.4|2|8
49.1|87.15|1247|398|5.4|5.4|2|8
49.2|87.09|1201|398|5.4|5.4|2|8
49.3|86.97|1276|398|5.4|5.4|2|8
49.4|86.79|1320|397|5.4|5.4|2|8
49.5|86.68|1162|396|5.4|5.4|2|8
49.6|86.56|1296|396|5.4|5.4|2|8
49.7|86.39|1227|397|5.4|5.4|2|8
49.8|86.25|1338|398|5.4|5.4|2|8
49.9|86.17|1299|398|5.4|5.4|2|8
50|86.07|1284|397|5.4|5.4|2|8
50.1|85.87|1379|397|5.4|5.4|2|8
50.2|85.76|1242|397|5.4|5.4|2|8
50.3|85.54|1265|396|5.4|5.4|2|8
50.4|85.45|1273|397|5.4|5.4|2|8
50.5|85.26|1296|398|5.4|5.4|2|8
50.6|85.15|1216|397|5.4|5.4|2|8
50.7|84.95|1407|397|5.4|5.4|2|8
50.8|84.79|1235|398|5.4|5.4|2|8
50.9|84.6|1193|398|5.4|5.4|2|8
51|84.44|1211|398|5.4|5.4|2|8
51.1|84.31|1332|398|5.4|5.4|2|8
51.2|84.17|1376|398|5.4|5.4|2|8
51.3|83.91|1260|398|5.4|5.4|2|8
51.4|83.81|1235|398|5.4|5.4|2|8
51.5|83.61|1307|398|5.4|5.4|2|8
51.6|83.4|1317|398|5.4|5.4|2|8
51.7|83.18|1381|398|5.4|5.4|2|8
51.8|83.06|1361|398|5.4|5.4|2|8
51.9|82.44|1716|398|5.4|5.4|6|8
52|80.2|1930|398|5.4|5.4|6|8
52.1|77.48|348|398|5.4|5.4|7|8
52.2|75.06|0|396|5.4|5.4|7|8
52.3|73.44|0|395|5.4|5.4|7|8
52.4|72.69|0|394|5.4|5.4|7|8
52.5|72.39|0|394|5.4|5.4|7|8
52.6|72.2|0|394|5.4|5.4|7|8
52.7|72.16|0|394|5.4|5.4|7|8
52.8|72|0|394|5.4|5.4|7|8
52.9|72.07|0|394|5.4|5.4|7|8
53|72.14|0|394|5.4|5.4|7|8
53.1|71.98|0|393|5.4|5.4|7|8
53.2|72.08|0|393|5.4|5.4|7|8
53.3|72.14|0|393|5.4|5.4|7|8
53.4|71.99|0|393|5.4|5.4|7|8
53.5|72.07|0|393|5.4|5.4|7|8
53.6|72.12|0|393|5.4|5.4|7|8
53.7|71.99|0|393|5.4|5.4|7|8
53.8|72.04|0|393|5.4|5.4|7|8
53.9|72.06|0|393|5.4|5.4|7|8
54|72.11|0|393|5.4|5.4|7|8
54.1|71.99|0|393|5.4|5.4|7|8
54.2|72.03|0|393|5.4|5.4|7|8
54.3|72.04|0|393|5.4|5.4|7|8
54.4|72.07|0|393|5.4|5.4|7|8
54.5|72|0|393|5.4|5.4|7|8
54.6|72|0|393|5.4|5.4|7|8
54.7|72.04|0|393|5.4|5.4|7|8
54.8|72.06|0|393|5.4|5.4|7|8
54.9|72.03|0|393|5.4|5.4|7|8
55|71.99|0|393|5.4|5.4|7|8
55.1|72.04|0|393|5.4|5.4|7|8
55.2|72.1|0|393|5.4|5.4|7|8
55.3|72|0|393|5.4|5.4|7|8
55.4|71.99|0|393|5.4|5.4|7|8
55.5|72.03|0|393|5.4|5.4|7|8
55.6|72.03|0|393|5.4|5.4|7|8
55.7|72.03|0|393|5.4|5.4|7|8
55.8|72.04|0|393|5.4|5.4|7|8
55.9|72.03|0|393|5.4|5.4|7|8
56|72.02|0|393|5.4|5.4|7|8
56.1|72|0|393|5.4|5.4|7|8
56.2|72.04|0|393|5.4|5.4|7|8
56.3|72.06|0|393|5.4|5.4|7|8
56.4|71.99|0|393|5.4|5.4|7|8
56.5|72.03|0|393|5.4|5.4|7|8
56.6|72.07|0|393|5.4|5.4|7|8
56.7|72.02|0|393|5.4|5.4|7|8
56.8|71.99|0|393|5.4|5.4|7|8
56.9|72.03|0|393|5.4|5.4|7|8
57|72.08|0|393|5.4|5.4|7|8
57.1|72.02|0|393|5.4|5.4|7|8
57.2|71.99|0|393|5.4|5.4|7|8
57.3|72.03|0|393|5.4|5.4|7|8
57.4|72.04|0|393|5.4|5.4|7|8
57.5|72.03|0|393|5.4|5.4|7|8
57.6|72.02|0|393|5.4|5.4|7|8
57.7|71.99|0|393|5.4|5.4|7|8
57.8|72.03|0|393|5.4|5.4|7|8
57.9|72.04|0|393|5.4|5.4|7|8
58|72.04|0|393|5.4|5.4|7|8
58.1|72.02|0|393|5.4|5.4|7|8
58.2|72.02|0|393|5.4|5.4|7|8
58.3|72|0|393|5.4|5.4|7|8
58.4|72.02|0|393|5.4|5.4|7|8
58.5|72.02|0|393|5.4|5.4|7|8
58.6|72.04|0|393|5.4|5.4|7|8
58.7|72.02|0|393|5.4|5.4|7|8
58.8|72|0|393|5.4|5.4|7|8
58.9|72|0|393|5.4|5.4|7|8
59|72.03|0|393|5.4|5.4|7|8
59.1|72.04|0|393|5.4|5.4|7|8
59.2|72.03|0|393|5.4|5.4|7|8
59.3|72.02|0|393|5.4|5.4|7|8
59.4|72.02|0|393|5.4|5.4|7|8
59.5|72.02|0|393|5.4|5.4|7|8
59.6|72.02|0|393|5.4|5.4|7|8
59.7|72.02|0|393|5.4|5.4|7|8
59.8|72.02|0|393|5.4|5.4|7|8
59.9|72.02|0|393|5.4|5.4|7|8
60|72|0|393|5.4|5.4|7|8
60.1|72|0|393|5.4|5.4|7|8
60.2|71.99|0|393|5.4|5.4|7|8
60.3|72.02|0|393|5.4|5.4|7|8
60.4|72.04|0|393|5.4|5.4|7|8
60.5|72.03|0|393|5.4|5.4|7|8
60.6|72.02|0|393|5.4|5.4|7|8
60.7|72|0|393|5.4|5.4|7|8
60.8|71.99|0|393|5.4|5.4|7|8
60.9|72|0|393|5.4|5.4|7|8
61|72.04|0|392|5.4|5.4|7|8
61.1|72.03|0|392|5.4|5.4|7|8
61.2|72.04|0|392|5.4|5.4|7|8
61.3|72.04|0|393|5.4|5.4|7|8
61.4|72.07|0|393|5.4|5.4|7|8
61.5|72.03|0|393|5.4|5.4|7|8
61.6|72.02|0|393|5.4|5.4|7|8
61.7|72.02|0|393|5.4|5.4|7|8
61.8|72.02|0|393|5.4|5.4|7|8
61.9|72.02|0|393|5.4|5.4|7|8
62|72.02|0|393|5.4|5.4|7|8
62.1|72.02|0|393|5.4|5.4|7|8
62.2|72.02|0|393|5.4|5.4|7|8
62.3|72.02|0|393|5.4|5.4|7|8
62.4|72.02|0|392|5.4|5.4|7|8
62.5|72.02|0|393|5.4|5.4|7|8
62.6|72.02|0|393|5.4|5.4|7|8
62.7|72.02|0|393|5.4|5.4|7|8
62.8|72.02|0|393|5.4|5.4|7|8
62.9|72.03|0|393|5.4|5.4|7|8
63|72.02|0|393|5.4|5.4|7|8
63.1|72.02|0|393|5.4|5.4|7|8
63.2|72.02|0|398|5.4|5.4|7|8
63.3|72.02|0|401|5.4|5.4|7|8
63.4|72.02|0|402|5.4|5.4|7|8
63.5|72.02|0|402|5.4|5.4|7|8
63.6|72|0|403|5.4|5.4|7|8
63.7|72.02|0|403|5.4|5.4|7|8
63.8|72.02|0|403|5.4|5.4|7|8
63.9|72|0|403|5.4|5.4|7|8
64|72.02|0|403|5.4|5.4|7|8
64.1|72|0|403|5.4|5.4|7|8
64.2|72.02|0|403|5.4|5.4|7|8
64.3|72.03|0|403|5.4|5.4|7|8
64.4|72.06|0|403|5.4|5.4|7|8
64.5|72.04|0|403|5.4|5.4|7|8
64.6|72.02|0|403|5.4|5.4|7|8
64.7|72.02|0|403|5.4|5.4|7|8
64.8|72.02|0|403|5.4|5.4|7|8
64.9|72.02|0|403|5.4|5.4|7|8
65|72.02|0|403|5.4|5.4|7|8
65.1|72.02|0|403|5.4|5.4|8|8
65.2|72.03|0|403|5.4|5.4|8|8
65.3|71.76|0|403|5.4|5.4|8|8
65.4|71.91|0|403|5.4|5.4|8|8
65.5|71.89|0|403|5.4|5.4|8|8
65.6|72|0|403|5.4|5.4|8|8
65.7|71.94|0|402|5.4|5.4|8|8
65.8|71.91|0|402|5.4|5.4|8|8
65.9|71.96|0|402|5.4|5.4|8|8
66|71.92|0|402|5.3|5.3|8|8
66.1|71.92|0|403|5.3|5.3|8|8
66.2|71.96|0|403|5.3|5.3|8|8
66.3|71.88|0|403|5.3|5.3|8|8
66.4|72.02|0|402|5.2|5.2|8|8
66.5|71.89|0|402|5.3|5.3|8|8
66.6|71.95|0|402|5.2|5.2|8|8
66.7|71.94|0|402|5.2|5.2|8|8
66.8|72|0|402|5.2|5.2|8|8
66.9|71.91|0|402|5.2|5.2|8|8
67|72.02|0|402|5.2|5.2|8|8
67.1|71.92|0|402|5.2|5.2|8|8
67.2|73.96|0|402|5.2|5.2|8|8
67.3|77.05|0|402|5.2|5.2|8|8
67.4|80.07|0|402|5.2|5.2|8|8
67.5|83.05|0|402|5.2|5.2|8|8
67.6|85.99|0|402|5.2|5.2|8|8
67.7|88.88|0|402|5.2|5.2|8|8
67.8|91.86|0|402|5.2|5.2|8|8
67.9|94.31|0|402|5.2|5.2|8|8
68|95.34|0|402|5.2|5.2|8|8
68.1|95.74|0|402|5.2|5.2|8|8
