0|95.98|866|407|5.1|5.1|1|8
0.1|96.05|969|411|5.1|5.1|1|8
0.2|96.05|977|412|5.1|5.1|1|8
0.3|96.02|977|412|5.1|5.1|1|8
0.4|96.02|977|413|5.1|5.1|1|8
0.5|96|979|413|5.1|5.1|2|8
0.6|95.73|979|413|5.1|5.1|2|8
0.7|95.3|982|413|5.1|5.1|2|8
0.8|94.87|985|413|5.1|5.1|2|8
0.9|94.4|1116|413|5.1|5.1|2|8
1|93.9|1546|416|5.1|5.1|3|8
1.1|93.58|1624|416|5.1|5.1|3|8
1.2|93.41|1644|418|5.1|5.1|3|8
1.3|93.37|1655|418|5.1|5.1|3|8
1.4|93.22|1662|418|5.1|5.1|3|8
1.5|93.21|1668|418|5.1|5.1|3|8
1.6|93.26|1670|418|5.1|5.1|3|8
1.7|93.21|1673|418|5.1|5.1|3|8
1.8|93.21|1673|418|5.2|5.2|3|8
1.9|93.21|1675|418|5.2|5.2|3|8
2|93.25|1678|418|5.2|5.2|3|8
2.1|93.23|1680|418|5.2|5.2|3|8
2.2|93.22|1683|418|5.2|5.2|3|8
2.3|93.23|1686|418|5.2|5.2|3|8
2.4|93.25|1686|418|5.2|5.2|3|8
2.5|93.22|1688|418|5.2|5.2|3|8
2.6|93.21|1691|418|5.2|5.2|3|8
2.7|93.23|1693|418|5.2|5.2|3|8
2.8|93.23|1693|418|5.2|5.2|3|8
2.9|93.22|1696|418|5.2|5.2|3|8
3|93.22|1696|418|5.2|5.2|4|8
3.1|93.31|1698|418|5.2|5.2|4|8
3.2|93.6|1683|418|5.2|5.2|4|8
3.3|94.13|1503|418|5.2|5.2|4|8
3.4|94.53|1041|416|5.2|5.2|5|8
3.5|94.7|1015|413|5.2|5.2|5|8
3.6|94.74|1013|413|5.2|5.2|5|8
3.7|94.76|1010|412|5.2|5.2|5|8
3.8|94.83|1010|412|5.2|5.2|5|8
3.9|94.84|1010|412|5.2|5.2|5|8
4|94.82|1010|412|5.2|5.2|5|8
4.1|94.8|1010|412|5.2|5.2|5|8
4.2|94.78|1010|412|5.2|5.2|5|8
4.3|94.83|1008|412|5.2|5.2|5|8
4.4|94.83|1010|412|5.2|5.2|5|8
4.5|94.83|1008|412|5.2|5.2|5|8
4.6|94.83|1010|412|5.2|5.2|5|8
4.7|94.82|1010|412|5.2|5.2|5|8
4.8|94.79|1010|412|5.2|5.2|5|8
4.9|94.83|1010|412|5.2|5.2|5|8
5|94.84|1010|412|5.2|5.2|5|8
5.1|94.82|1008|412|5.2|5.2|5|8
5.2|94.83|1008|412|5.2|5.2|5|8
5.3|94.83|1008|412|5.2|5.2|5|8
5.4|94.8|1008|412|5.2|5.2|2|8
5.5|94.55|1008|412|5.2|5.2|2|8
5.6|94.13|1044|412|5.2|5.2|2|8
5.7|93.66|1250|413|5.2|5.2|2|8
5.8|93.26|1668|415|5.2|5.2|3|8
5.9|93.03|1696|416|5.2|5.2|3|8
6|92.96|1706|417|5.2|5.2|3|8
6.1|92.86|1711|418|5.2|5.2|3|8
6.2|92.86|1714|418|5.3|5.2|3|8
6.3|92.86|1714|418|5.3|5.2|3|8
6.4|92.87|1716|418|5.3|5.3|3|8
6.5|92.88|1716|418|5.3|5.3|3|8
6.6|92.86|1719|418|5.3|5.3|3|8
6.7|92.8|1722|418|5.3|5.3|3|8
6.8|92.88|1722|418|5.3|5.3|3|8
6.9|92.84|1724|418|5.3|5.3|3|8
7|92.83|1724|418|5.3|5.3|3|8
7.1|92.88|1724|418|5.3|5.3|3|8
7.2|92.86|1727|418|5.3|5.3|3|8
7.3|92.84|1727|418|5.3|5.3|3|8
7.4|92.84|1727|418|5.3|5.3|3|8
7.5|92.86|1729|418|5.3|5.3|3|8
7.6|92.86|1729|418|5.3|5.3|3|8
7.7|92.86|1732|418|5.3|5.3|3|8
7.8|92.83|1732|418|5.3|5.3|4|8
7.9|93|1729|418|5.3|5.3|4|8
8|93.38|1704|418|5.3|5.3|4|8
8.1|93.92|1064|416|5.3|5.3|5|8
8.2|94.21|1023|413|5.3|5.3|5|8
8.3|94.27|1021|412|5.3|5.3|5|8
8.4|94.33|1021|412|5.3|5.3|5|8
8.5|94.25|1018|412|5.3|5.3|5|8
8.6|94.35|1021|412|5.3|5.3|5|8
8.7|94.36|1018|412|5.3|5.3|5|8
8.8|94.37|1018|412|5.3|5.3|5|8
8.9|94.37|1018|412|5.3|5.3|5|8
9|94.37|1015|412|5.3|5.3|5|8
9.1|94.37|1015|412|5.3|5.3|5|8
9.2|94.37|1015|412|5.3|5.3|5|8
9.3|94.37|1015|412|5.3|5.3|5|8
9.4|94.36|1015|412|5.3|5.3|5|8
9.5|94.36|1015|412|5.3|5.3|5|8
9.6|94.36|1015|412|5.3|5.3|5|8
9.7|94.35|1015|412|5.3|5.3|5|8
9.8|94.36|1015|412|5.3|5.3|5|8
9.9|94.4|1015|412|5.3|5.3|5|8
10|94.36|1015|412|5.3|5.3|5|8
10.1|94.36|1015|412|5.3|5.3|2|8
10.2|94.28|1015|412|5.3|5.3|2|8
10.3|93.9|1015|412|5.3|5.3|2|8
10.4|93.42|1224|412|5.3|5.3|2|8
10.5|93.06|1683|414|5.3|5.3|3|8
10.6|92.87|1714|416|5.3|5.3|3|8
10.7|92.68|1745|403|5.3|5.3|3|8
10.8|92.66|1753|396|5.3|5.3|3|8
10.9|92.62|1755|394|5.3|5.3|3|8
11|92.63|1758|393|5.3|5.3|3|8
11.1|92.56|1760|392|5.3|5.3|3|8
11.2|92.58|1760|392|5.3|5.3|3|8
11.3|92.6|1763|392|5.3|5.3|3|8
11.4|92.63|1763|392|5.3|5.3|3|8
11.5|92.58|1763|392|5.4|5.3|3|8
11.6|92.59|1765|392|5.4|5.4|3|8
11.7|92.63|1765|392|5.4|5.4|3|8
11.8|92.6|1765|392|5.4|5.4|3|8
11.9|92.62|1765|392|5.4|5.4|3|8
12|92.62|1765|392|5.4|5.4|3|8
12.1|92.55|1765|392|5.4|5.4|3|8
12.2|92.6|1765|392|5.4|5.4|3|8
12.3|92.64|1765|392|5.4|5.4|3|8
12.4|92.58|1768|392|5.4|5.4|3|8
12.5|92.58|1768|392|5.4|5.4|4|8
12.6|92.83|1765|392|5.4|5.4|4|8
12.7|93.15|1750|392|5.4|5.4|4|8
12.8|93.73|1113|392|5.4|5.4|5|8
12.9|93.96|1036|390|5.4|5.4|5|8
13|94.13|1034|390|5.4|5.4|5|8
13.1|94.15|1031|390|5.4|5.4|5|8
13.2|94.15|1031|390|5.4|5.4|5|8
13.3|94.15|1028|390|5.4|5.4|5|8
13.4|94.16|1028|390|5.4|5.4|5|8
13.5|94.16|1026|390|5.4|5.4|5|8
13.6|94.16|1026|390|5.4|5.4|5|8
13.7|94.16|1026|390|5.4|5.4|5|8
13.8|94.16|1023|390|5.4|5.4|5|8
13.9|94.17|1023|390|5.4|5.4|5|8
14|94.16|1023|389|5.4|5.4|5|8
14.1|94.16|1023|389|5.4|5.4|5|8
14.2|94.16|1026|389|5.4|5.4|5|8
14.3|94.17|1026|390|5.4|5.4|5|8
14.4|94.17|1026|390|5.4|5.4|5|8
14.5|94.17|1023|390|5.4|5.4|5|8
14.6|94.2|1026|389|5.4|5.4|5|8
14.7|94.2|1023|389|5.4|5.4|5|8
14.8|94.1|1026|389|5.4|5.4|2|8
14.9|94.04|1023|390|5.4|5.4|2|8
15|93.66|1026|389|5.4|5.4|2|8
15.1|93.27|1240|389|5.4|5.4|2|8
15.2|92.91|1711|390|5.4|5.4|3|8
15.3|92.67|1740|391|5.4|5.4|3|8
15.4|92.58|1750|392|5.4|5.4|3|8
15.5|92.53|1755|391|5.4|5.4|3|8
15.6|92.47|1760|391|5.4|5.4|3|8
15.7|92.43|1763|391|5.4|5.4|3|8
15.8|92.48|1763|391|5.4|5.4|3|8
15.9|92.45|1763|391|5.4|5.4|3|8
16|92.47|1765|391|5.4|5.4|3|8
16.1|92.45|1765|391|5.4|5.4|3|8
16.2|92.47|1765|391|5.4|5.4|3|8
16.3|92.45|1765|391|5.4|5.4|3|8
16.4|92.44|1768|391|5.4|5.4|3|8
16.5|92.45|1768|391|5.4|5.4|3|8
16.6|92.49|1768|391|5.4|5.4|3|8
16.7|92.45|1768|391|5.4|5.4|3|8
16.8|92.47|1771|391|5.4|5.4|3|8
16.9|92.47|1771|391|5.4|5.4|3|8
17|92.45|1771|391|5.4|5.4|3|8
17.1|92.44|1771|391|5.4|5.4|3|8
17.2|92.45|1771|391|5.4|5.4|4|8
17.3|92.55|1771|391|5.4|5.4|4|8
17.4|92.92|1758|391|5.4|5.4|4|8
17.5|93.51|1113|391|5.4|5.4|5|8
17.6|93.81|1039|390|5.4|5.4|5|8
17.7|93.93|1036|390|5.4|5.4|5|8
17.8|93.98|1034|390|5.4|5.4|5|8
17.9|93.96|1034|389|5.4|5.4|5|8
18|94|1031|389|5.4|5.4|5|8
18.1|94|1031|389|5.4|5.4|5|8
18.2|94.01|1031|389|5.4|5.4|5|8
18.3|94.02|1028|389|5.4|5.4|5|8
18.4|94.06|1028|389|5.4|5.4|5|8
18.5|94.05|1028|389|5.4|5.4|5|8
18.6|94.04|1026|389|5.4|5.4|5|8
18.7|94.02|1026|389|5.4|5.4|5|8
18.8|94|1026|389|5.4|5.4|5|8
18.9|93.98|1026|388|5.4|5.4|5|8
19|93.98|1026|389|5.4|5.4|5|8
19.1|93.98|1026|389|5.4|5.4|5|8
19.2|93.97|1026|389|5.4|5.4|5|8
19.3|94.01|1023|388|5.4|5.4|5|8
19.4|94.01|1023|388|5.4|5.4|5|8
19.5|94.04|1023|388|5.4|5.4|2|8
19.6|93.9|1023|388|5.4|5.4|2|8
19.7|93.58|1023|388|5.4|5.4|2|8
19.8|93.1|1322|389|5.4|5.4|2|8
19.9|92.71|1719|390|5.4|5.4|3|8
20|92.63|1747|390|5.4|5.4|3|8
20.1|92.43|1758|390|5.4|5.4|3|8
20.2|92.39|1765|390|5.4|5.4|3|8
20.3|92.37|1768|390|5.4|5.4|3|8
20.4|92.39|1773|390|5.4|5.4|3|8
20.5|92.37|1776|390|5.4|5.4|3|8
20.6|92.33|1778|390|5.4|5.4|3|8
20.7|92.37|1781|390|5.4|5.4|3|8
20.8|92.36|1781|390|5.4|5.4|3|8
20.9|92.36|1784|390|5.4|5.4|3|8
21|92.36|1784|390|5.4|5.4|3|8
21.1|92.36|1784|390|5.4|5.4|3|8
21.2|92.37|1786|390|5.4|5.4|3|8
21.3|92.35|1786|390|5.4|5.4|3|8
21.4|92.36|1786|390|5.4|5.4|3|8
21.5|92.37|1786|390|5.4|5.4|3|8
21.6|92.36|1786|390|5.4|5.4|3|8
21.7|92.36|1786|390|5.4|5.4|3|8
21.8|92.33|1786|390|5.4|5.4|3|8
21.9|92.32|1786|390|5.4|5.4|4|8
22|92.55|1786|390|5.4|5.4|4|8
22.1|92.9|1768|390|5.4|5.4|4|8
22.2|93.47|1222|390|5.4|5.4|5|8
22.3|93.82|1044|390|5.4|5.4|5|8
22.4|93.98|1039|389|5.4|5.4|5|8
22.5|93.97|1039|389|5.4|5.4|5|8
22.6|94.02|1036|388|5.4|5.4|5|8
22.7|94.05|1036|388|5.4|5.4|5|8
22.8|94.05|1036|388|5.4|5.4|5|8
22.9|94.06|1034|388|5.4|5.4|5|8
23|94.08|1034|388|5.4|5.4|5|8
23.1|94.09|1034|388|5.4|5.4|5|8
23.2|94.04|1031|388|5.4|5.4|5|8
23.3|94.04|1031|388|5.4|5.4|5|8
23.4|94.05|1031|388|5.4|5.4|5|8
23.5|94.04|1031|388|5.4|5.4|5|8
23.6|94.06|1031|388|5.4|5.4|5|8
23.7|94.09|1031|388|5.4|5.4|5|8
23.8|94.08|1028|388|5.4|5.4|5|8
23.9|94.02|1028|388|5.4|5.4|5|8
24|94.01|1028|388|5.4|5.4|5|8
24.1|94.08|1028|388|5.4|5.4|5|8
24.2|94.09|1028|388|5.4|5.4|2|8
24.3|94|1028|388|5.4|5.4|2|8
24.4|93.65|1031|388|5.4|5.4|2|8
24.5|93.26|1036|388|5.4|5.4|2|8
24.6|92.82|1683|389|5.4|5.4|3|8
24.7|92.64|1755|390|5.4|5.4|3|8
24.8|92.43|1768|390|5.4|5.4|3|8
24.9|92.43|1778|390|5.4|5.4|3|8
25|92.35|1791|390|5.4|5.4|3|8
25.1|92.37|1796|390|5.4|5.4|3|8
25.2|92.4|1799|390|5.4|5.4|3|8
25.3|92.27|1802|390|5.4|5.4|3|8
25.4|92.32|1807|390|5.4|5.4|3|8
25.5|92.35|1809|390|5.4|5.4|3|8
25.6|92.27|1809|390|5.4|5.4|3|8
25.7|92.33|1809|390|5.4|5.4|3|8
25.8|92.35|1809|390|5.4|5.4|3|8
25.9|92.25|1809|390|5.4|5.4|3|8
26|92.33|1809|390|5.4|5.4|3|8
26.1|92.35|1809|390|5.4|5.4|3|8
26.2|92.25|1812|390|5.4|5.4|3|8
26.3|92.32|1812|390|5.4|5.4|3|8
26.4|92.32|1812|390|5.4|5.4|3|8
26.5|92.25|1812|390|5.4|5.4|3|8
26.6|92.33|1814|390|5.4|5.4|4|8
26.7|92.33|1812|390|5.4|5.4|4|8
26.8|92.64|1804|390|5.4|5.4|4|8
26.9|93.15|1722|390|5.4|5.4|4|8
27|93.74|1101|390|5.4|5.4|5|8
27.1|93.97|1049|389|5.4|5.4|5|8
27.2|94.15|1046|389|5.4|5.4|5|8
27.3|94.13|1044|388|5.4|5.4|5|8
27.4|94.12|1044|388|5.4|5.4|5|8
27.5|94.15|1041|388|5.4|5.4|5|8
27.6|94.17|1039|388|5.4|5.4|5|8
27.7|94.23|1039|388|5.4|5.4|5|8
27.8|94.16|1039|388|5.4|5.4|5|8
27.9|94.16|1039|388|5.4|5.4|5|8
28|94.16|1039|388|5.4|5.4|5|8
28.1|94.16|1036|388|5.4|5.4|5|8
28.2|94.16|1036|388|5.4|5.4|5|8
28.3|94.16|1036|388|5.4|5.4|5|8
28.4|94.15|1036|388|5.4|5.4|5|8
28.5|94.13|1036|388|5.4|5.4|5|8
28.6|94.13|1036|388|5.4|5.4|5|8
28.7|94.13|1036|388|5.4|5.4|5|8
28.8|94.16|1036|388|5.4|5.4|5|8
28.9|94.16|1036|388|5.4|5.4|5|8
29|94.17|1034|388|5.4|5.4|2|8
29.1|93.97|1034|388|5.4|5.4|2|8
29.2|93.62|1034|388|5.4|5.4|2|8
29.3|93.23|1216|388|5.4|5.4|2|8
29.4|92.76|1711|390|5.4|5.4|3|8
29.5|92.62|1768|390|5.4|5.4|3|8
29.6|92.52|1784|390|5.4|5.4|3|8
29.7|92.4|1791|390|5.4|5.4|3|8
29.8|92.39|1796|390|5.4|5.4|3|8
29.9|92.39|1802|390|5.4|5.4|3|8
30|92.39|1804|390|5.4|5.4|3|8
30.1|92.4|1807|390|5.4|5.4|3|8
30.2|92.39|1809|390|5.4|5.4|3|8
30.3|92.39|1809|390|5.4|5.4|3|8
30.4|92.4|1812|390|5.4|5.4|3|8
30.5|92.4|1814|390|5.4|5.4|3|8
30.6|92.41|1817|390|5.4|5.4|3|8
30.7|92.4|1817|390|5.4|5.4|3|8
30.8|92.39|1817|390|5.4|5.4|3|8
30.9|92.4|1817|390|5.4|5.4|3|8
31|92.37|1817|390|5.4|5.4|3|8
31.1|92.37|1817|390|5.4|5.4|3|8
31.2|92.4|1820|390|5.4|5.4|3|8
31.3|92.4|1820|390|5.4|5.4|3|8
31.4|92.4|1817|390|5.4|5.4|4|8
31.5|92.56|1817|390|5.4|5.4|4|8
31.6|92.91|1794|390|5.4|5.4|4|8
31.7|93.41|1711|390|5.4|5.4|4|8
31.8|93.94|1067|390|5.4|5.4|5|8
31.9|94.2|1049|390|5.4|5.4|5|8
32|94.23|1046|390|5.4|5.4|5|8
32.1|94.28|1044|389|5.4|5.4|5|8
32.2|94.29|1044|389|5.4|5.4|5|8
32.3|94.29|1041|389|5.4|5.4|5|8
32.4|94.29|1041|389|5.4|5.4|5|8
32.5|94.29|1041|388|5.4|5.4|5|8
32.6|94.31|1039|388|5.4|5.4|5|8
32.7|94.32|1039|389|5.4|5.4|5|8
32.8|94.39|1039|389|5.4|5.4|5|8
32.9|94.29|1036|389|5.4|5.4|5|8
33|94.27|1036|389|5.4|5.4|5|8
33.1|94.29|1036|389|5.4|5.4|5|8
33.2|94.29|1036|389|5.4|5.4|5|8
33.3|94.29|1034|388|5.4|5.4|5|8
33.4|94.29|1034|388|5.4|5.4|5|8
33.5|94.31|1034|388|5.4|5.4|5|8
33.6|94.29|1034|388|5.4|5.4|5|8
33.7|94.29|1031|388|5.4|5.4|5|8
33.8|94.33|1034|388|5.4|5.4|2|8
33.9|94.09|1031|388|5.4|5.4|2|8
34|93.69|1031|388|5.4|5.4|2|8
34.1|93.27|1371|388|5.4|5.4|2|8
34.2|92.91|1714|390|5.4|5.4|3|8
34.3|92.64|1768|390|5.4|5.4|3|8
34.4|92.59|1789|390|5.4|5.4|3|8
34.5|92.64|1796|390|5.4|5.4|3|8
34.6|92.53|1804|390|5.4|5.4|3|8
34.7|92.51|1809|390|5.4|5.4|3|8
34.8|92.49|1812|390|5.4|5.4|3|8
34.9|92.49|1812|390|5.4|5.4|3|8
35|92.49|1814|390|5.4|5.4|3|8
35.1|92.49|1817|390|5.4|5.4|3|8
35.2|92.49|1817|390|5.4|5.4|3|8
35.3|92.49|1820|390|5.4|5.4|3|8
35.4|92.51|1820|390|5.4|5.4|3|8
35.5|92.49|1820|390|5.4|5.4|3|8
35.6|92.49|1820|390|5.4|5.4|3|8
35.7|92.49|1822|390|5.4|5.4|3|8
35.8|92.48|1822|390|5.4|5.4|3|8
35.9|92.48|1822|390|5.4|5.4|3|8
36|92.48|1822|390|5.4|5.4|3|8
36.1|92.48|1825|390|5.4|5.4|3|8
36.2|92.47|1822|390|5.4|5.4|4|8
36.3|92.6|1820|390|5.4|5.4|4|8
36.4|92.98|1786|390|5.4|5.4|4|8
36.5|93.41|1750|390|5.4|5.4|4|8
36.6|94|1080|390|5.4|5.4|2|8
36.7|94.1|1046|390|5.4|5.4|2|8
36.8|94.13|1044|390|5.4|5.4|2|8
36.9|94.08|1041|390|5.4|5.4|2|8
37|94.05|1039|389|5.4|5.4|2|8
37.1|93.96|1039|389|5.4|5.4|2|8
37.2|93.92|1039|389|5.4|5.4|2|8
37.3|93.88|1039|389|5.4|5.4|2|8
37.4|93.85|1036|389|5.4|5.4|2|8
37.5|93.73|1036|389|5.4|5.4|2|8
37.6|93.64|1036|389|5.4|5.4|2|8
37.7|93.65|1034|389|5.4|5.4|2|8
37.8|93.54|1054|389|5.4|5.4|2|8
37.9|93.54|1155|390|5.4|5.4|2|8
38|93.38|1075|389|5.4|5.4|2|8
38.1|93.38|1152|388|5.4|5.4|2|8
38.2|93.34|1343|388|5.4|5.4|2|8
38.3|93.17|1222|390|5.4|5.4|2|8
38.4|93.21|1137|390|5.4|5.4|2|8
38.5|93.18|1508|390|5.4|5.4|2|8
38.6|93.04|1647|390|5.4|5.4|2|8
38.7|93.19|1649|390|5.4|5.4|2|8
38.8|93.34|1552|390|5.4|5.4|2|8
38.9|93.5|1046|390|5.4|5.4|2|8
39|93.54|1036|389|5.4|5.4|2|8
39.1|93.58|1034|389|5.4|5.4|2|8
39.2|93.51|1034|389|5.4|5.4|2|8
39.3|93.41|1031|389|5.4|5.4|2|8
39.4|93.38|1041|389|5.4|5.4|2|8
39.5|93.37|1034|389|5.4|5.4|2|8
39.6|93.22|1052|389|5.4|5.4|2|8
39.7|93.22|1041|389|5.4|5.4|2|8
39.8|93.18|1070|388|5.4|5.4|2|8
39.9|92.99|1245|390|5.4|5.4|2|8
40|93|1335|390|5.4|5.4|2|8
40.1|93.03|1492|390|5.4|5.4|2|8
40.2|92.92|1629|390|5.4|5.4|2|8
40.3|92.98|1616|390|5.4|5.4|2|8
40.4|93.17|1567|390|5.4|5.4|2|8
40.5|93.35|1077|390|5.4|5.4|2|8
40.6|93.5|1034|390|5.4|5.4|2|8
40.7|93.39|1031|390|5.4|5.4|2|8
40.8|93.42|1031|389|5.4|5.4|2|8
40.9|93.35|1028|389|5.4|5.4|2|8
41|93.26|1031|389|5.4|5.4|2|8
41.1|93.19|1028|389|5.4|5.4|2|8
41.2|93.26|1059|388|5.4|5.4|2|8
41.3|93.15|1041|389|5.4|5.4|2|8
41.4|92.98|1031|389|5.4|5.4|2|8
41.5|93.03|1044|389|5.4|5.4|2|8
41.6|92.96|1183|389|5.4|5.4|2|8
41.7|92.92|1479|390|5.4|5.4|2|8
41.8|92.87|1639|390|5.4|5.4|2|8
41.9|92.87|1611|390|5.4|5.4|2|8
42|93.09|1384|390|5.4|5.4|2|8
42.1|93.17|1039|390|5.4|5.4|2|8
42.2|93.22|1034|389|5.4|5.4|2|8
42.3|93.27|1031|389|5.4|5.4|2|8
42.4|93.23|1028|389|5.4|5.4|2|8
42.5|93.19|1028|389|5.4|5.4|2|8
42.6|93.02|1031|389|5.4|5.4|2|8
42.7|93|1028|389|5.4|5.4|2|8
42.8|93.04|1031|389|5.4|5.4|2|8
42.9|92.87|1039|389|5.4|5.4|2|8
43|92.88|1149|389|5.4|5.4|2|8
43.1|92.76|1557|390|5.4|5.4|2|8
43.2|92.78|1580|390|5.4|5.4|2|8
43.3|92.9|1485|390|5.4|5.4|2|8
43.4|93.07|1067|389|5.4|5.4|2|8
43.5|93.15|1034|389|5.4|5.4|2|8
43.6|93|1031|388|5.4|5.4|2|8
43.7|93.02|1028|388|5.4|5.4|2|8
43.8|93.04|1028|388|5.4|5.4|2|8
43.9|92.87|1031|389|5.4|5.4|2|8
44|92.88|1121|389|5.4|5.4|2|8
44.1|92.76|1588|390|5.4|5.4|2|8
44.2|92.78|1165|390|5.4|5.4|2|8
44.3|92.83|1034|390|5.4|5.4|2|8
44.4|92.86|1031|389|5.4|5.4|2|8
44.5|92.8|1028|389|5.4|5.4|2|8
44.6|92.72|1534|389|5.4|5.4|2|8
44.7|92.68|1647|390|5.4|5.4|2|8
44.8|92.86|1678|390|5.4|5.4|2|8
44.9|92.99|1433|391|5.4|5.4|2|8
45|93.19|1044|390|5.4|5.4|2|8
45.1|93.18|1034|389|5.4|5.4|2|8
45.2|93.27|1034|389|5.4|5.4|2|8
45.3|93.18|1031|388|5.4|5.4|2|8
45.4|92.99|1031|389|5.4|5.4|2|8
45.5|92.98|1031|388|5.4|5.4|2|8
45.6|93.04|1028|388|5.4|5.4|2|8
45.7|92.9|1064|389|5.4|5.4|2|8
45.8|92.88|1059|389|5.4|5.4|2|8
45.9|92.76|1204|390|5.4|5.4|2|8
46|92.71|1425|390|5.4|5.4|2|8
46.1|92.66|1585|390|5.4|5.4|2|8
46.2|92.72|1461|390|5.4|5.4|2|8
46.3|92.83|1039|390|5.4|5.4|2|8
46.4|92.88|1031|389|5.4|5.4|2|8
46.5|92.84|1031|389|5.4|5.4|2|8
46.6|92.72|1028|389|5.4|5.4|2|8
46.7|92.71|1028|388|5.4|5.4|2|8
46.8|92.67|1284|390|5.4|5.4|2|8
46.9|92.64|1399|390|5.4|5.4|2|8
47|92.63|1405|390|5.4|5.4|2|8
47.1|92.45|1405|391|5.4|5.4|2|8
47.2|92.41|1214|390|5.4|5.4|2|8
47.3|92.36|1198|390|5.4|5.4|2|8
47.4|92.31|1281|390|5.4|5.4|2|8
47.5|92.25|1183|390|5.4|5.4|2|8
47.6|92.16|1299|390|5.4|5.4|2|8
47.7|92.04|1186|390|5.4|5.4|2|8
47.8|92|1178|390|5.4|5.4|2|8
47.9|91.96|1157|389|5.4|5.4|2|8
48|91.92|1278|389|5.4|5.4|2|8
48.1|91.84|1302|389|5.4|5.4|2|8
48.2|91.78|1289|390|5.4|5.4|2|8
48.3|91.66|1291|390|5.4|5.4|2|8
48.4|91.6|1057|389|5.4|5.4|2|8
48.5|91.54|1108|389|5.4|5.4|2|8
48.6|91.46|1142|389|5.4|5.4|2|8
48.7|91.41|1186|388|5.4|5.4|2|8
48.8|91.25|1291|390|5.4|5.4|2|8
48.9|91.26|1098|390|5.4|5.4|2|8
49|91.23|1137|390|5.4|5.4|2|8
49.1|91.07|1170|390|5.4|5.4|2|8
49.2|91.05|1134|390|5.4|5.4|2|8
49.3|90.9|1296|390|5.4|5.4|2|8
49.4|90.84|1142|390|5.4|5.4|2|8
49.5|90.8|1271|389|5.4|5.4|2|8
49.6|90.63|1191|390|5.4|5.4|2|8
49.7|90.6|1067|389|5.4|5.4|2|8
49.8|90.56|1183|389|5.4|5.4|2|8
49.9|90.43|1147|390|5.4|5.4|2|8
50|90.35|1129|388|5.4|5.4|2|8
50.1|90.33|1175|388|5.4|5.4|2|8
50.2|90.17|1175|390|5.4|5.4|2|8
50.3|90.03|1090|390|5.4|5.4|2|8
50.4|90.01|1258|389|5.4|5.4|2|8
50.5|89.89|1111|390|5.4|5.4|2|8
50.6|89.8|1160|390|5.4|5.4|2|8
50.7|89.77|1095|390|5.4|5.4|2|8
50.8|89.6|1168|390|5.4|5.4|2|8
50.9|89.57|1242|390|5.4|5.4|2|8
51|89.42|1191|390|5.4|5.4|2|8
51.1|89.34|1299|390|5.4|5.4|2|8
51.2|89.19|1191|390|5.4|5.4|2|8
51.3|89.13|1286|390|5.4|5.4|2|8
51.4|89.03|1240|392|5.4|5.4|2|8
51.5|88.9|1201|390|5.4|5.4|2|8
51.6|88.87|1082|390|5.4|5.4|2|8
51.7|88.75|1131|390|5.4|5.4|2|8
51.8|88.59|1196|389|5.4|5.4|2|8
51.9|88.52|1119|389|5.4|5.4|2|8
52|88.4|1108|389|5.4|5.4|2|8
52.1|88.24|1178|389|5.4|5.4|2|8
52.2|88.19|1090|390|5.4|5.4|2|8
52.3|88.05|1162|389|5.4|5.4|2|8
52.4|88|1211|389|5.4|5.4|2|8
52.5|87.88|1317|390|5.4|5.4|2|8
52.6|87.69|1224|390|5.4|5.4|2|8
52.7|87.56|1116|390|5.4|5.4|2|8
52.8|87.44|1327|390|5.4|5.4|2|8
52.9|87.42|1142|390|5.4|5.4|2|8
53|87.22|1196|389|5.4|5.4|2|8
53.1|87.14|1147|389|5.4|5.4|2|8
53.2|86.98|1294|390|5.4|5.4|2|8
53.3|86.84|1227|390|5.4|5.4|2|8
53.4|86.71|1147|390|5.4|5.4|2|8
53.5|86.62|1276|390|5.4|5.4|2|8
53.6|86.43|1250|389|5.4|5.4|2|8
53.7|86.36|1265|389|5.4|5.4|2|8
53.8|86.19|1278|389|5.4|5.4|2|8
53.9|86.07|1152|389|5.4|5.4|2|8
54|85.96|1250|390|5.4|5.4|2|8
54.1|85.74|1211|390|5.4|5.4|2|8
54.2|85.65|1229|390|5.4|5.4|2|8
54.3|85.45|1116|390|5.4|5.4|2|8
54.4|85.37|1312|390|5.4|5.4|2|8
54.5|85.21|1162|390|5.4|5.4|2|8
54.6|85.06|1433|391|5.4|5.4|2|8
54.7|84.97|1196|390|5.4|5.4|2|8
54.8|84.79|1276|390|5.4|5.4|2|8
54.9|84.6|1155|390|5.4|5.4|2|8
55|84.4|1222|390|5.4|5.4|2|8
55.1|84.27|1216|391|5.4|5.4|2|8
55.2|84.15|1142|390|5.4|5.4|2|8
55.3|83.96|1351|392|5.4|5.4|2|8
55.4|83.84|1237|390|5.4|5.4|2|8
55.5|83.66|1214|390|5.4|5.4|2|8
55.6|83.46|1204|390|5.4|5.4|2|8
55.7|83.32|1309|390|5.4|5.4|2|8
55.8|83.13|1216|390|5.4|5.4|2|8
55.9|82.97|1178|390|5.4|5.4|2|8
56|82.77|1242|390|5.4|5.4|2|8
56.1|82.62|1201|389|5.4|5.4|2|8
56.2|82.42|1309|390|5.4|5.4|2|8
56.3|82.26|1144|390|5.4|5.4|2|8
56.4|82.09|1327|390|5.4|5.4|2|8
56.5|81.95|1235|391|5.4|5.4|2|8
56.6|81.72|1325|390|5.4|5.4|2|8
56.7|81.5|1227|390|5.4|5.4|2|8
56.8|81.29|1454|390|5.4|5.4|2|8
56.9|81.14|1281|390|5.4|5.4|2|8
57|80.94|1384|390|5.4|5.4|6|8
57.1|79.91|1794|390|5.4|5.4|6|8
57.2|77.32|1879|390|5.4|5.4|6|8
57.3|74.63|80|390|5.4|5.4|7|8
57.4|72.34|0|388|5.4|5.4|7|8
57.5|71.13|0|386|5.4|5.4|7|8
57.6|70.51|0|386|5.4|5.4|7|8
57.7|70.26|0|386|5.4|5.4|7|8
57.8|70.19|0|386|5.4|5.4|7|8
57.9|70.08|0|386|5.4|5.4|7|8
58|70.11|0|386|5.4|5.4|7|8
58.1|70.11|0|385|5.4|5.4|7|8
58.2|70.1|0|385|5.4|5.4|7|8
58.3|70.06|0|385|5.4|5.4|7|8
58.4|70.04|0|385|5.4|5.4|7|8
58.5|70.04|0|385|5.4|5.4|7|8
58.6|70.04|0|385|5.4|5.4|7|8
58.7|70.04|0|386|5.4|5.4|7|8
58.8|70.04|0|385|5.4|5.4|7|8
58.9|70.04|0|385|5.4|5.4|7|8
59|70.02|0|385|5.4|5.4|7|8
59.1|70|0|385|5.4|5.4|7|8
59.2|70.02|0|385|5.4|5.4|7|8
59.3|70.04|0|385|5.4|5.4|7|8
59.4|70.04|0|385|5.4|5.4|7|8
59.5|70.08|0|385|5.4|5.4|7|8
59.6|70.04|0|385|5.4|5.4|7|8
59.7|70.04|0|385|5.4|5.4|7|8
59.8|70.02|0|385|5.4|5.4|7|8
59.9|69.99|0|385|5.4|5.4|7|8
60|70.02|0|385|5.4|5.4|7|8
60.1|70.02|0|385|5.4|5.4|7|8
60.2|70.06|0|385|5.4|5.4|7|8
60.3|70.04|0|385|5.4|5.4|7|8
60.4|70.04|0|385|5.4|5.4|7|8
60.5|70.03|0|385|5.4|5.4|7|8
60.6|70.03|0|385|5.4|5.4|7|8
60.7|70.03|0|385|5.4|5.4|7|8
60.8|70.03|0|385|5.4|5.4|7|8
60.9|70.03|0|385|5.4|5.4|7|8
61|70.04|0|385|5.4|5.4|7|8
61.1|70.02|0|385|5.4|5.4|7|8
61.2|70.03|0|385|5.4|5.4|7|8
61.3|70.07|0|385|5.4|5.4|7|8
61.4|70.07|0|385|5.4|5.4|7|8
61.5|70.04|0|385|5.4|5.4|7|8
61.6|70.04|0|385|5.4|5.4|7|8
61.7|70.02|0|385|5.4|5.4|7|8
61.8|69.99|0|385|5.4|5.4|7|8
61.9|69.95|0|385|5.4|5.4|7|8
62|69.98|0|385|5.4|5.4|7|8
62.1|69.98|0|385|5.4|5.4|7|8
62.2|69.95|0|385|5.4|5.4|7|8
62.3|70.02|0|385|5.4|5.4|7|8
62.4|70|0|386|5.4|5.4|7|8
62.5|70|0|386|5.4|5.4|7|8
62.6|70|0|386|5.4|5.4|7|8
62.7|70|0|385|5.4|5.4|7|8
62.8|70|0|385|5.4|5.4|7|8
62.9|70|0|385|5.4|5.4|7|8
63|70|0|385|5.4|5.4|7|8
63.1|70|0|385|5.4|5.4|7|8
63.2|70|0|385|5.4|5.4|7|8
63.3|70.02|0|385|5.4|5.4|7|8
63.4|70.03|0|385|5.4|5.4|7|8
63.5|70.04|0|385|5.4|5.4|7|8
63.6|70.03|0|385|5.4|5.4|7|8
63.7|70.08|0|385|5.4|5.4|7|8
63.8|69.98|0|385|5.4|5.4|7|8
63.9|69.96|0|385|5.4|5.4|7|8
64|69.99|0|385|5.4|5.4|7|8
64.1|69.98|0|386|5.4|5.4|7|8
64.2|69.95|0|386|5.4|5.4|7|8
64.3|69.96|0|386|5.4|5.4|7|8
64.4|70.02|0|386|5.4|5.4|7|8
64.5|70|0|386|5.4|5.4|7|8
64.6|70.07|0|386|5.4|5.4|7|8
64.7|70.04|0|386|5.4|5.4|7|8
64.8|70.1|0|386|5.4|5.4|7|8
64.9|69.99|0|386|5.4|5.4|7|8
65|69.95|0|386|5.4|5.4|7|8
65.1|70.02|0|386|5.4|5.4|7|8
65.2|70.1|0|386|5.4|5.4|7|8
65.3|70|0|386|5.4|5.4|7|8
65.4|69.98|0|386|5.4|5.4|7|8
65.5|69.99|0|386|5.4|5.4|7|8
65.6|70.02|0|386|5.4|5.4|7|8
65.7|70.06|0|386|5.4|5.4|7|8
65.8|69.98|0|386|5.4|5.4|7|8
65.9|69.96|0|386|5.4|5.4|7|8
66|70.03|0|386|5.4|5.4|7|8
66.1|70|0|386|5.4|5.4|7|8
66.2|69.98|0|386|5.4|5.4|7|8
66.3|69.98|0|386|5.4|5.4|7|8
66.4|70.08|0|386|5.4|5.4|7|8
66.5|69.98|0|386|5.4|5.4|7|8
66.6|69.94|0|386|5.4|5.4|7|8
66.7|70.02|0|386|5.4|5.4|7|8
66.8|70.08|0|386|5.4|5.4|7|8
66.9|69.98|0|386|5.4|5.4|7|8
67|69.95|0|386|5.4|5.4|7|8
67.1|70.02|0|386|5.4|5.4|7|8
67.2|70.06|0|386|5.4|5.4|7|8
67.3|69.99|0|386|5.4|5.4|7|8
67.4|69.94|0|386|5.4|5.4|7|8
67.5|70|0|386|5.4|5.4|7|8
67.6|70.07|0|386|5.4|5.4|7|8
67.7|69.98|0|392|5.4|5.4|7|8
67.8|69.94|0|395|5.4|5.4|7|8
67.9|70|0|396|5.4|5.4|7|8
68|70.07|0|396|5.4|5.4|7|8
68.1|69.99|0|396|5.4|5.4|7|8
68.2|69.96|0|397|5.4|5.4|7|8
68.3|70|0|397|5.4|5.4|7|8
68.4|70.02|0|396|5.4|5.4|7|8
68.5|69.99|0|397|5.4|5.4|7|8
68.6|69.98|0|397|5.4|5.4|7|8
68.7|69.94|0|397|5.4|5.4|7|8
68.8|70|0|397|5.4|5.4|7|8
68.9|70|0|397|5.4|5.4|7|8
69|70.07|0|397|5.4|5.4|7|8
69.1|69.98|0|397|5.4|5.4|7|8
69.2|69.99|0|397|5.4|5.4|7|8
69.3|69.98|0|397|5.4|5.4|7|8
69.4|69.99|0|397|5.4|5.4|7|8
69.5|69.99|0|397|5.4|5.4|7|8
69.6|70|0|397|5.4|5.4|7|8
69.7|70|0|397|5.4|5.4|7|8
69.8|69.99|0|397|5.4|5.4|7|8
69.9|69.98|0|398|5.4|5.4|7|8
70|69.99|0|398|5.4|5.4|7|8
70.1|69.99|0|398|5.4|5.4|7|8
70.2|69.99|0|397|5.4|5.4|7|8
70.3|69.92|0|397|5.4|5.4|8|8
70.4|70|0|397|5.4|5.4|8|8
70.5|69.84|0|398|5.4|5.4|8|8
70.6|69.92|0|398|5.4|5.4|8|8
70.7|69.94|0|398|5.4|5.4|8|8
70.8|69.92|0|398|5.4|5.4|8|8
70.9|69.94|0|398|5.4|5.4|8|8
71|69.92|0|398|5.4|5.4|8|8
71.1|69.94|0|397|5.3|5.3|8|8
71.2|69.94|0|398|5.3|5.3|8|8
71.3|69.94|0|398|5.3|5.3|8|8
71.4|69.94|0|398|5.3|5.3|8|8
71.5|69.95|0|398|5.3|5.3|8|8
71.6|69.96|0|398|5.2|5.2|8|8
71.7|69.95|0|398|5.3|5.3|8|8
71.8|69.94|0|397|5.2|5.2|8|8
71.9|69.94|0|397|5.2|5.2|8|8
72|69.92|0|397|5.2|5.2|8|8
72.1|69.88|0|398|5.2|5.2|8|8
72.2|69.9|0|398|5.2|5.2|8|8
72.3|70.23|0|398|5.2|5.2|8|8
72.4|73.05|0|397|5.2|5.2|8|8
72.5|76.04|0|397|5.2|5.2|8|8
72.6|78.99|0|397|5.2|5.2|8|8
72.7|81.96|0|397|5.2|5.2|8|8
72.8|84.9|0|397|5.2|5.1|8|8
72.9|87.78|0|397|5.1|5.1|8|8
73|90.7|0|397|5.1|5.1|8|8
73.1|93.54|0|397|5.1|5.1|8|8
73.2|95|0|397|5.1|5.1|8|8
73.3|95.65|0|397|5.1|5.1|8|8
