0|96.09|1394|408|5|5|1|8
0.1|96.09|1575|412|5|5|1|8
0.2|96.1|1613|413|5|5|1|8
0.3|96.12|1631|414|5|5|1|8
0.4|96.09|1644|414|5|5|1|8
0.5|96.08|1657|414|5|5|3|8
0.6|96.08|1665|414|5|5|3|8
0.7|96.05|1673|414|5|5|3|8
0.8|96.04|1675|414|5|5|3|8
0.9|96.01|1678|414|5|5|3|8
1|96.01|1683|414|5|5|3|8
1.1|96.04|1688|414|5|5|3|8
1.2|96.02|1691|414|5|5|3|8
1.3|96.04|1693|413|5|5|3|8
1.4|96.06|1696|414|5|5|3|8
1.5|96.08|1698|414|5|5|3|8
1.6|96.04|1701|414|5|5|3|8
1.7|96.04|1701|414|5|5|3|8
1.8|96.01|1704|414|5|5|3|8
1.9|96.02|1704|414|5|5|3|8
2|96.04|1709|414|5|5|3|8
2.1|96.02|1706|414|5|5|3|8
2.2|96.05|1704|414|5|5|3|8
2.3|96.04|1704|414|5|5|3|8
2.4|96.06|1698|414|5.1|5|3|8
2.5|96.04|1691|413|5.1|5|4|8
2.6|96.27|1655|413|5.1|5.1|4|8
2.7|96.68|1436|413|5.1|5.1|4|8
2.8|97.08|1052|412|5.1|5.1|5|8
2.9|97.26|1046|411|5.1|5.1|5|8
3|97.29|1044|411|5.1|5.1|5|8
3.1|97.39|1044|411|5.1|5.1|5|8
3.2|97.39|1044|410|5.1|5.1|5|8
3.3|97.39|1044|410|5.1|5.1|5|8
3.4|97.46|1044|411|5.1|5.1|5|8
3.5|97.39|1044|411|5.1|5.1|5|8
3.6|97.35|1044|411|5.1|5.1|5|8
3.7|97.38|1044|411|5.1|5.1|5|8
3.8|97.41|1044|411|5.1|5.1|5|8
3.9|97.39|1044|411|5.1|5.1|5|8
4|97.39|1044|410|5.1|5.1|5|8
4.1|97.41|1044|410|5.1|5.1|5|8
4.2|97.39|1044|410|5.1|5.1|5|8
4.3|97.41|1044|410|5.1|5.1|5|8
4.4|97.41|1044|411|5.1|5.1|5|8
4.5|97.41|1044|411|5.1|5.1|5|8
4.6|97.41|1044|410|5.1|5.1|5|8
4.7|97.39|1044|410|5.1|5.1|5|8
4.8|97.38|1044|410|5.1|5.1|2|8
4.9|97.1|1046|410|5.1|5.1|2|8
5|96.7|1046|411|5.1|5.1|2|8
5.1|96.27|1106|411|5.1|5.1|2|8
5.2|95.77|1175|412|5.1|5.1|2|8
5.3|95.26|1224|412|5.1|5.1|2|8
5.4|94.76|1302|412|5.1|5.1|2|8
5.5|94.35|1642|412|5.1|5.1|3|8
5.6|93.97|1758|413|5.1|5.1|3|8
5.7|93.84|1776|413|5.1|5.1|3|8
5.8|93.82|1784|414|5.1|5.1|3|8
5.9|93.69|1791|414|5.1|5.1|3|8
6|93.64|1794|414|5.1|5.1|3|8
6.1|93.68|1796|414|5.1|5.1|3|8
6.2|93.65|1796|414|5.1|5.1|3|8
6.3|93.65|1799|414|5.1|5.1|3|8
6.4|93.72|1799|414|5.1|5.1|3|8
6.5|93.65|1802|414|5.1|5.1|3|8
6.6|93.72|1802|414|5.1|5.1|3|8
6.7|93.65|1804|414|5.1|5.1|3|8
6.8|93.7|1804|414|5.1|5.1|3|8
6.9|93.66|1807|414|5.1|5.1|3|8
7|93.69|1807|414|5.1|5.1|3|8
7.1|93.68|1809|413|5.1|5.1|3|8
7.2|93.65|1809|413|5.1|5.1|3|8
7.3|93.72|1812|413|5.1|5.1|3|8
7.4|93.69|1814|413|5.1|5.1|3|8
7.5|93.64|1817|414|5.1|5.1|4|8
7.6|93.77|1817|413|5.1|5.1|4|8
7.7|94.1|1799|413|5.1|5.1|4|8
7.8|94.51|1768|413|5.1|5.1|4|8
7.9|95.07|1585|413|5.1|5.1|4|8
8|95.5|1075|412|5.1|5.1|5|8
8.1|95.69|1064|411|5.1|5.1|5|8
8.2|95.8|1062|411|5.1|5.1|5|8
8.3|95.81|1062|410|5.1|5.1|5|8
8.4|95.85|1062|410|5.1|5.1|5|8
8.5|95.86|1062|410|5.1|5.1|5|8
8.6|95.85|1062|410|5.1|5.1|5|8
8.7|95.86|1062|410|5.1|5.1|5|8
8.8|95.86|1059|409|5.1|5.1|5|8
8.9|95.81|1059|410|5.1|5.1|5|8
9|95.85|1059|410|5.1|5.1|5|8
9.1|95.85|1059|410|5.1|5.1|5|8
9.2|95.85|1059|409|5.1|5.1|5|8
9.3|95.86|1059|409|5.1|5.1|5|8
9.4|95.86|1059|409|5.1|5.1|5|8
9.5|95.88|1062|409|5.2|5.1|5|8
9.6|95.86|1062|409|5.2|5.1|5|8
9.7|95.86|1062|410|5.2|5.1|5|8
9.8|95.86|1062|410|5.1|5.1|5|8
9.9|95.85|1062|410|5.2|5.1|5|8
10|95.82|1062|410|5.2|5.1|2|8
10.1|95.65|1062|410|5.2|5.1|2|8
10.2|95.23|1064|410|5.2|5.1|2|8
10.3|94.78|1075|410|5.2|5.1|2|8
10.4|94.37|1258|411|5.1|5.1|2|8
10.5|93.88|1758|412|5.2|5.1|3|8
10.6|93.69|1794|413|5.2|5.1|3|8
10.7|93.6|1809|413|5.2|5.1|3|8
10.8|93.54|1817|413|5.2|5.1|3|8
10.9|93.42|1822|413|5.2|5.1|3|8
11|93.42|1840|404|5.2|5.1|3|8
11.1|93.47|1843|398|5.2|5.1|3|8
11.2|93.43|1845|396|5.2|5.1|3|8
11.3|93.43|1845|395|5.2|5.1|3|8
11.4|93.42|1848|394|5.2|5.1|3|8
11.5|93.42|1848|394|5.2|5.2|3|8
11.6|93.42|1851|394|5.2|5.2|3|8
11.7|93.42|1851|394|5.2|5.2|3|8
11.8|93.38|1856|394|5.2|5.2|3|8
11.9|93.43|1856|394|5.2|5.2|3|8
12|93.46|1856|394|5.2|5.2|3|8
12.1|93.42|1858|394|5.2|5.2|3|8
12.2|93.42|1858|394|5.2|5.2|3|8
12.3|93.41|1861|394|5.2|5.2|3|8
12.4|93.43|1861|394|5.2|5.2|3|8
12.5|93.45|1863|394|5.2|5.2|4|8
12.6|93.58|1861|394|5.2|5.2|4|8
12.7|93.94|1832|394|5.2|5.2|4|8
12.8|94.47|1817|394|5.2|5.2|4|8
12.9|95.03|1175|395|5.2|5.2|5|8
13|95.33|1088|394|5.2|5.2|5|8
13.1|95.45|1082|394|5.2|5.2|5|8
13.2|95.49|1082|394|5.2|5.2|5|8
13.3|95.47|1082|394|5.2|5.2|5|8
13.4|95.57|1082|394|5.2|5.2|5|8
13.5|95.57|1082|394|5.2|5.2|5|8
13.6|95.53|1082|394|5.2|5.2|5|8
13.7|95.54|1080|394|5.2|5.2|5|8
13.8|95.55|1080|394|5.2|5.2|5|8
13.9|95.54|1082|394|5.2|5.2|5|8
14|95.55|1080|394|5.2|5.2|5|8
14.1|95.55|1080|394|5.2|5.2|5|8
14.2|95.55|1080|394|5.2|5.2|5|8
14.3|95.54|1080|394|5.2|5.2|5|8
14.4|95.53|1080|394|5.2|5.2|5|8
14.5|95.54|1080|394|5.2|5.2|5|8
14.6|95.54|1080|394|5.2|5.2|5|8
14.7|95.55|1080|394|5.2|5.2|5|8
14.8|95.57|1080|394|5.2|5.2|5|8
14.9|95.55|1080|394|5.2|5.2|2|8
15|95.49|1080|394|5.2|5.2|2|8
15.1|95.17|1080|394|5.2|5.2|2|8
15.2|94.75|1085|394|5.2|5.2|2|8
15.3|94.31|1526|394|5.2|5.2|2|8
15.4|93.86|1789|394|5.2|5.2|3|8
15.5|93.7|1807|394|5.2|5.2|3|8
15.6|93.57|1830|394|5.2|5.2|3|8
15.7|93.57|1840|394|5.2|5.2|3|8
15.8|93.55|1851|394|5.2|5.2|3|8
15.9|93.57|1856|394|5.2|5.2|3|8
16|93.54|1861|394|5.2|5.2|3|8
16.1|93.5|1861|394|5.2|5.2|3|8
16.2|93.53|1863|394|5.2|5.2|3|8
16.3|93.51|1863|394|5.2|5.2|3|8
16.4|93.51|1866|394|5.2|5.2|3|8
16.5|93.51|1866|394|5.2|5.2|3|8
16.6|93.53|1869|394|5.2|5.2|3|8
16.7|93.51|1869|394|5.2|5.2|3|8
16.8|93.53|1871|394|5.2|5.2|3|8
16.9|93.54|1871|394|5.2|5.2|3|8
17|93.53|1874|394|5.2|5.2|3|8
17.1|93.53|1874|394|5.2|5.2|3|8
17.2|93.54|1874|394|5.2|5.2|3|8
17.3|93.53|1874|394|5.2|5.2|3|8
17.4|93.51|1874|394|5.2|5.2|4|8
17.5|93.76|1866|394|5.2|5.2|4|8
17.6|94.28|1838|394|5.2|5.2|4|8
17.7|94.74|1802|394|5.2|5.2|4|8
17.8|95.22|1139|394|5.2|5.2|5|8
17.9|95.58|1093|394|5.2|5.2|5|8
18|95.65|1090|394|5.2|5.2|5|8
18.1|95.69|1090|394|5.2|5.2|5|8
18.2|95.69|1090|394|5.2|5.2|5|8
18.3|95.78|1090|394|5.2|5.2|5|8
18.4|95.76|1090|394|5.2|5.2|5|8
18.5|95.74|1088|394|5.2|5.2|5|8
18.6|95.74|1088|394|5.2|5.2|5|8
18.7|95.7|1088|394|5.2|5.2|5|8
18.8|95.74|1088|394|5.2|5.2|5|8
18.9|95.74|1088|394|5.2|5.2|5|8
19|95.73|1088|394|5.2|5.2|5|8
19.1|95.74|1088|394|5.2|5.2|5|8
19.2|95.76|1088|394|5.2|5.2|5|8
19.3|95.8|1085|394|5.2|5.2|5|8
19.4|95.76|1085|394|5.2|5.2|5|8
19.5|95.72|1085|394|5.2|5.2|5|8
19.6|95.74|1085|394|5.2|5.2|5|8
19.7|95.73|1085|394|5.2|5.2|5|8
19.8|95.73|1085|394|5.2|5.2|2|8
19.9|95.68|1085|394|5.2|5.2|2|8
20|95.27|1085|394|5.2|5.2|2|8
20.1|94.82|1113|394|5.2|5.2|2|8
20.2|94.44|1320|394|5.2|5.2|2|8
20.3|93.89|1737|394|5.2|5.2|3|8
20.4|93.6|1822|394|5.2|5.2|3|8
20.5|93.49|1848|394|5.2|5.2|3|8
20.6|93.43|1861|394|5.2|5.2|3|8
20.7|93.42|1866|394|5.2|5.2|3|8
20.8|93.37|1869|394|5.2|5.2|3|8
20.9|93.35|1871|394|5.2|5.2|3|8
21|93.37|1876|394|5.2|5.2|3|8
21.1|93.35|1879|394|5.2|5.2|3|8
21.2|93.35|1881|394|5.2|5.2|3|8
21.3|93.35|1881|394|5.2|5.2|3|8
21.4|93.37|1884|394|5.2|5.2|3|8
21.5|93.37|1884|394|5.2|5.2|3|8
21.6|93.37|1884|394|5.2|5.2|3|8
21.7|93.38|1887|394|5.2|5.2|3|8
21.8|93.34|1887|394|5.2|5.2|3|8
21.9|93.37|1889|394|5.2|5.2|3|8
22|93.35|1887|394|5.2|5.2|3|8
22.1|93.37|1889|394|5.2|5.2|3|8
22.2|93.41|1889|394|5.2|5.2|3|8
22.3|93.37|1889|394|5.2|5.2|4|8
22.4|93.49|1889|394|5.2|5.2|4|8
22.5|93.78|1863|394|5.2|5.2|4|8
22.6|94.32|1838|394|5.2|5.2|4|8
22.7|94.86|1204|394|5.2|5.2|5|8
22.8|95.11|1101|394|5.2|5.2|5|8
22.9|95.25|1095|394|5.2|5.2|5|8
23|95.26|1095|394|5.2|5.2|5|8
23.1|95.34|1093|394|5.2|5.2|5|8
23.2|95.34|1093|394|5.2|5.2|5|8
23.3|95.34|1093|394|5.2|5.2|5|8
23.4|95.34|1093|394|5.2|5.2|5|8
23.5|95.35|1093|394|5.2|5.2|5|8
23.6|95.37|1090|394|5.2|5.2|5|8
23.7|95.34|1090|394|5.2|5.2|5|8
23.8|95.33|1090|394|5.2|5.2|5|8
23.9|95.34|1090|394|5.2|5.2|5|8
24|95.33|1090|394|5.2|5.2|5|8
24.1|95.34|1090|394|5.2|5.2|5|8
24.2|95.35|1088|394|5.2|5.2|5|8
24.3|95.35|1090|394|5.2|5.2|5|8
24.4|95.35|1090|394|5.2|5.2|5|8
24.5|95.34|1090|394|5.2|5.2|5|8
24.6|95.34|1088|394|5.2|5.2|5|8
24.7|95.37|1088|394|5.2|5.2|2|8
24.8|95.29|1088|394|5.2|5.2|2|8
24.9|94.92|1088|394|5.2|5.2|2|8
25|94.51|1113|394|5.2|5.2|2|8
25.1|94.04|1399|394|5.2|5.2|2|8
25.2|93.61|1804|394|5.2|5.2|3|8
25.3|93.41|1853|394|5.2|5.2|3|8
25.4|93.25|1869|394|5.2|5.2|3|8
25.5|93.17|1876|394|5.2|5.2|3|8
25.6|93.21|1879|394|5.2|5.2|3|8
25.7|93.22|1881|394|5.2|5.2|3|8
25.8|93.23|1884|394|5.2|5.2|3|8
25.9|93.22|1887|394|5.2|5.2|3|8
26|93.21|1887|394|5.2|5.2|3|8
26.1|93.23|1889|394|5.2|5.2|3|8
26.2|93.21|1892|394|5.2|5.2|3|8
26.3|93.19|1892|394|5.2|5.2|3|8
26.4|93.21|1894|394|5.2|5.2|3|8
26.5|93.21|1894|394|5.2|5.2|3|8
26.6|93.22|1897|394|5.2|5.2|3|8
26.7|93.19|1897|394|5.2|5.2|3|8
26.8|93.22|1899|394|5.2|5.2|3|8
26.9|93.22|1899|394|5.2|5.2|3|8
27|93.23|1899|394|5.2|5.2|3|8
27.1|93.22|1899|394|5.2|5.2|3|8
27.2|93.23|1899|394|5.2|5.2|4|8
27.3|93.49|1899|394|5.2|5.2|4|8
27.4|93.85|1856|394|5.2|5.2|4|8
27.5|94.39|1162|394|5.2|5.2|5|8
27.6|94.66|1101|394|5.2|5.2|5|8
27.7|94.72|1098|394|5.2|5.2|5|8
27.8|94.86|1098|394|5.2|5.2|5|8
27.9|94.94|1095|394|5.2|5.2|5|8
28|94.8|1095|394|5.2|5.2|5|8
28.1|94.86|1095|394|5.2|5.2|5|8
28.2|94.84|1095|394|5.2|5.2|5|8
28.3|94.84|1095|394|5.2|5.2|5|8
28.4|94.84|1093|394|5.2|5.2|5|8
28.5|94.84|1093|394|5.2|5.2|5|8
28.6|94.84|1093|394|5.2|5.2|5|8
28.7|94.86|1093|394|5.2|5.2|5|8
28.8|94.86|1093|394|5.2|5.2|5|8
28.9|94.86|1093|394|5.2|5.2|5|8
29|94.87|1093|394|5.2|5.2|5|8
29.1|94.82|1093|394|5.2|5.2|5|8
29.2|94.84|1093|394|5.2|5.2|5|8
29.3|94.84|1093|394|5.2|5.2|5|8
29.4|94.84|1093|394|5.2|5.2|5|8
29.5|94.86|1093|394|5.2|5.2|2|8
29.6|94.75|1093|394|5.2|5.2|2|8
29.7|94.43|1093|394|5.2|5.2|2|8
29.8|93.96|1196|394|5.2|5.2|2|8
29.9|93.55|1799|394|5.2|5.2|3|8
30|93.18|1866|394|5.2|5.2|3|8
30.1|93.21|1879|394|5.2|5.2|3|8
30.2|93.17|1887|394|5.2|5.2|3|8
30.3|93.04|1892|394|5.2|5.2|3|8
30.4|93.06|1892|394|5.2|5.2|3|8
30.5|93.07|1894|394|5.2|5.2|3|8
30.6|93.07|1897|394|5.2|5.2|3|8
30.7|93.09|1899|394|5.2|5.2|3|8
30.8|93.09|1899|394|5.2|5.2|3|8
30.9|93.07|1902|394|5.2|5.2|3|8
31|93.06|1905|394|5.2|5.2|3|8
31.1|93.07|1905|394|5.2|5.2|3|8
31.2|93.07|1905|394|5.2|5.2|3|8
31.3|93.07|1902|394|5.2|5.2|3|8
31.4|93.07|1905|394|5.2|5.2|3|8
31.5|93.07|1905|393|5.2|5.2|3|8
31.6|93.07|1907|394|5.2|5.2|3|8
31.7|93.07|1907|394|5.2|5.2|3|8
31.8|93.09|1907|394|5.2|5.2|3|8
31.9|93.09|1907|394|5.2|5.2|4|8
32|93.21|1907|394|5.2|5.2|4|8
32.1|93.64|1871|394|5.2|5.2|4|8
32.2|94.17|1183|394|5.2|5.2|5|8
32.3|94.41|1106|394|5.2|5.2|5|8
32.4|94.55|1101|394|5.2|5.2|5|8
32.5|94.61|1101|394|5.2|5.2|5|8
32.6|94.63|1098|394|5.2|5.2|5|8
32.7|94.64|1098|394|5.2|5.2|5|8
32.8|94.68|1098|394|5.2|5.2|5|8
32.9|94.64|1095|394|5.2|5.2|5|8
33|94.66|1093|394|5.2|5.2|5|8
33.1|94.74|1093|394|5.2|5.2|5|8
33.2|94.63|1093|394|5.2|5.2|5|8
33.3|94.56|1090|394|5.2|5.2|5|8
33.4|94.63|1090|394|5.2|5.2|5|8
33.5|94.74|1093|394|5.2|5.2|5|8
33.6|94.56|1093|394|5.2|5.2|5|8
33.7|94.66|1093|394|5.2|5.2|5|8
33.8|94.74|1093|394|5.2|5.2|5|8
33.9|94.6|1090|394|5.2|5.2|5|8
34|94.64|1090|394|5.2|5.2|5|8
34.1|94.61|1090|394|5.2|5.2|5|8
34.2|94.66|1090|394|5.2|5.2|2|8
34.3|94.57|1090|394|5.2|5.2|2|8
34.4|94.28|1090|394|5.2|5.2|2|8
34.5|93.81|1186|394|5.2|5.2|2|8
34.6|93.38|1807|394|5.2|5.2|3|8
34.7|93.18|1866|394|5.2|5.2|3|8
34.8|92.99|1881|394|5.2|5.2|3|8
34.9|93.06|1889|394|5.2|5.2|3|8
35|93.06|1892|394|5.2|5.2|3|8
35.1|92.99|1897|394|5.2|5.2|3|8
35.2|92.99|1899|394|5.2|5.2|3|8
35.3|92.98|1902|394|5.2|5.2|3|8
35.4|92.91|1905|394|5.2|5.2|3|8
35.5|92.96|1907|394|5.2|5.2|3|8
35.6|92.96|1907|394|5.2|5.2|3|8
35.7|92.96|1907|394|5.2|5.2|3|8
35.8|92.98|1910|394|5.2|5.2|3|8
35.9|92.98|1910|394|5.2|5.2|3|8
36|92.96|1910|394|5.2|5.2|3|8
36.1|92.98|1910|394|5.2|5.2|3|8
36.2|92.95|1910|394|5.2|5.2|3|8
36.3|92.98|1912|394|5.2|5.2|3|8
36.4|93|1912|394|5.2|5.2|3|8
36.5|93|1912|394|5.2|5.2|3|8
36.6|92.95|1912|394|5.2|5.2|4|8
36.7|93.11|1912|394|5.2|5.2|4|8
36.8|93.57|1863|394|5.2|5.2|4|8
36.9|94.05|1131|395|5.2|5.2|2|8
37|94.19|1101|394|5.2|5.2|2|8
37.1|94.17|1098|394|5.2|5.2|2|8
37.2|94.23|1098|394|5.2|5.2|2|8
37.3|94.06|1095|394|5.2|5.2|2|8
37.4|94.04|1095|394|5.2|5.2|2|8
37.5|93.97|1093|394|5.2|5.2|2|8
37.6|93.96|1093|394|5.2|5.2|2|8
37.7|93.93|1093|394|5.2|5.2|2|8
37.8|93.82|1093|394|5.2|5.2|2|8
37.9|93.82|1093|394|5.2|5.2|2|8
38|93.72|1126|394|5.2|5.2|2|8
38.1|93.66|1124|394|5.2|5.2|2|8
38.2|93.57|1175|395|5.2|5.2|2|8
38.3|93.58|1160|394|5.2|5.2|2|8
38.4|93.43|1147|395|5.2|5.2|2|8
38.5|93.41|1247|395|5.2|5.2|2|8
38.6|93.34|1665|395|5.2|5.2|2|8
38.7|93.37|1719|395|5.2|5.2|2|8
38.8|93.53|1727|394|5.2|5.2|2|8
38.9|93.69|1634|395|5.2|5.2|2|8
39|93.85|1103|394|5.2|5.2|2|8
39.1|93.89|1093|394|5.2|5.2|2|8
39.2|93.89|1088|394|5.2|5.2|2|8
39.3|93.97|1090|394|5.2|5.2|2|8
39.4|93.86|1088|394|5.2|5.2|2|8
39.5|93.84|1088|394|5.2|5.2|2|8
39.6|93.72|1085|394|5.2|5.2|2|8
39.7|93.68|1085|394|5.2|5.2|2|8
39.8|93.6|1111|394|5.2|5.2|2|8
39.9|93.58|1088|394|5.2|5.2|2|8
40|93.47|1149|394|5.2|5.2|2|8
40.1|93.43|1155|394|5.2|5.2|2|8
40.2|93.34|1438|394|5.2|5.2|2|8
40.3|93.25|1719|394|5.2|5.2|2|8
40.4|93.37|1755|394|5.2|5.2|2|8
40.5|93.53|1438|395|5.2|5.2|2|8
40.6|93.6|1095|394|5.2|5.2|2|8
40.7|93.78|1088|394|5.2|5.2|2|8
40.8|93.7|1088|394|5.2|5.2|2|8
40.9|93.68|1085|394|5.2|5.2|2|8
41|93.6|1085|394|5.2|5.2|2|8
41.1|93.58|1085|394|5.2|5.2|2|8
41.2|93.47|1095|394|5.2|5.2|2|8
41.3|93.45|1095|394|5.2|5.2|2|8
41.4|93.33|1119|394|5.2|5.2|2|8
41.5|93.29|1503|394|5.2|5.2|2|8
41.6|93.22|1644|394|5.2|5.2|2|8
41.7|93.37|1637|395|5.2|5.2|2|8
41.8|93.53|1198|395|5.2|5.2|2|8
41.9|93.61|1088|394|5.2|5.2|2|8
42|93.61|1085|394|5.2|5.2|2|8
42.1|93.68|1085|394|5.2|5.2|2|8
42.2|93.58|1085|394|5.2|5.2|2|8
42.3|93.57|1082|394|5.2|5.2|2|8
42.4|93.43|1085|394|5.2|5.2|2|8
42.5|93.37|1147|394|5.2|5.2|2|8
42.6|93.34|1258|394|5.2|5.2|2|8
42.7|93.19|1198|394|5.2|5.2|2|8
42.8|93.19|1085|394|5.2|5.2|2|8
42.9|93.14|1119|394|5.2|5.2|2|8
43|93.21|1229|394|5.2|5.2|2|8
43.1|93.15|1410|395|5.2|5.2|2|8
43.2|93.07|1448|394|5.2|5.2|2|8
43.3|92.98|1482|395|5.2|5.2|2|8
43.4|92.86|1387|395|5.2|5.2|2|8
43.5|92.79|1353|394|5.2|5.2|2|8
43.6|92.75|1188|395|5.2|5.2|2|8
43.7|92.7|1325|394|5.2|5.2|2|8
43.8|92.7|1348|394|5.2|5.2|2|8
43.9|92.62|1369|394|5.2|5.2|2|8
44|92.48|1299|394|5.2|5.2|2|8
44.1|92.43|1165|394|5.2|5.2|2|8
44.2|92.37|1196|394|5.2|5.2|2|8
44.3|92.27|1260|395|5.2|5.2|2|8
44.4|92.17|1149|394|5.2|5.2|2|8
44.5|92.12|1286|394|5.2|5.2|2|8
44.6|92.05|1186|395|5.2|5.2|2|8
44.7|91.97|1162|395|5.2|5.2|2|8
44.8|91.93|1273|394|5.2|5.2|2|8
44.9|91.89|1139|395|5.2|5.2|2|8
45|91.76|1149|395|5.2|5.2|2|8
45.1|91.64|1129|395|5.2|5.2|2|8
45.2|91.56|1144|394|5.2|5.2|2|8
45.3|91.49|1286|394|5.2|5.2|2|8
45.4|91.49|1294|394|5.2|5.2|2|8
45.5|91.38|1296|395|5.2|5.2|2|8
45.6|91.27|1273|395|5.2|5.2|2|8
45.7|91.19|1235|396|5.2|5.2|2|8
45.8|91.07|1216|394|5.2|5.2|2|8
45.9|91|1216|394|5.2|5.2|2|8
46|90.92|1381|394|5.2|5.2|2|8
46.1|90.82|1183|394|5.2|5.2|2|8
46.2|90.7|1188|394|5.2|5.2|2|8
46.3|90.62|1278|394|5.2|5.2|2|8
46.4|90.59|1157|394|5.2|5.2|2|8
46.5|90.47|1263|394|5.2|5.2|2|8
46.6|90.36|1186|395|5.2|5.2|2|8
46.7|90.25|1121|394|5.2|5.2|2|8
46.8|90.16|1299|394|5.2|5.2|2|8
46.9|90.04|1204|395|5.2|5.2|2|8
47|89.89|1201|395|5.2|5.2|2|8
47.1|89.85|1178|395|5.2|5.2|2|8
47.2|89.72|1160|394|5.2|5.2|2|8
47.3|89.61|1206|394|5.2|5.2|2|8
47.4|89.54|1314|395|5.2|5.2|2|8
47.5|89.43|1206|395|5.2|5.2|2|8
47.6|89.29|1304|396|5.2|5.2|2|8
47.7|89.21|1168|396|5.2|5.2|2|8
47.8|89.05|1314|396|5.2|5.2|2|8
47.9|88.97|1214|396|5.2|5.2|2|8
48|88.87|1278|396|5.2|5.2|2|8
48.1|88.75|1271|395|5.2|5.2|2|8
48.2|88.59|1224|395|5.2|5.2|2|8
48.3|88.5|1183|394|5.2|5.2|2|8
48.4|88.35|1142|394|5.2|5.2|2|8
48.5|88.24|1235|395|5.2|5.2|2|8
48.6|88.08|1165|394|5.2|5.2|2|8
48.7|88.05|1206|394|5.2|5.2|2|8
48.8|87.85|1224|394|5.2|5.2|2|8
48.9|87.65|1265|394|5.2|5.2|2|8
49|87.6|1281|395|5.2|5.2|2|8
49.1|87.46|1284|395|5.2|5.2|2|8
49.2|87.25|1273|395|5.2|5.2|2|8
49.3|87.15|1255|395|5.2|5.2|2|8
49.4|87.02|1222|394|5.2|5.2|2|8
49.5|86.87|1160|394|5.2|5.2|2|8
49.6|86.72|1232|394|5.2|5.2|2|8
49.7|86.58|1258|394|5.2|5.2|2|8
49.8|86.44|1281|395|5.2|5.2|2|8
49.9|86.27|1263|395|5.2|5.2|2|8
50|86.13|1260|395|5.2|5.2|2|8
50.1|85.95|1162|394|5.2|5.2|2|8
50.2|85.85|1214|395|5.2|5.2|2|8
50.3|85.61|1235|395|5.2|5.2|2|8
50.4|85.46|1327|395|5.2|5.2|2|8
50.5|85.26|1258|395|5.2|5.2|2|8
50.6|85.18|1216|396|5.2|5.2|2|8
50.7|84.99|1374|396|5.2|5.2|2|8
50.8|84.79|1317|396|5.2|5.2|2|8
50.9|84.62|1291|395|5.2|5.2|2|8
51|84.43|1237|395|5.2|5.2|2|8
51.1|84.25|1351|396|5.2|5.2|2|8
51.2|84.15|1441|396|5.2|5.2|2|8
51.3|83.91|1327|396|5.2|5.2|2|8
51.4|83.73|1366|395|5.2|5.2|2|8
51.5|83.58|1237|395|5.2|5.2|2|8
51.6|83.36|1265|396|5.2|5.2|2|8
51.7|83.14|1327|396|5.2|5.2|2|8
51.8|82.87|1320|396|5.2|5.2|6|8
51.9|81.22|1918|395|5.2|5.2|6|8
52|78.42|1497|394|5.2|5.2|6|8
52.1|75.72|0|394|5.2|5.2|7|8
52.2|73.81|0|394|5.2|5.2|7|8
52.3|72.94|0|393|5.2|5.2|7|8
52.4|72.54|0|393|5.2|5.2|7|8
52.5|72.4|0|393|5.2|5.2|7|8
52.6|72.32|0|393|5.2|5.2|7|8
52.7|72.26|0|393|5.2|5.2|7|8
52.8|72.23|0|393|5.2|5.2|7|8
52.9|72.2|0|393|5.2|5.2|7|8
53|72.2|0|392|5.2|5.2|7|8
53.1|72.19|0|393|5.2|5.2|7|8
53.2|72.15|0|392|5.2|5.2|7|8
53.3|72.18|0|392|5.2|5.2|7|8
53.4|72.2|0|392|5.2|5.2|7|8
53.5|72.27|0|392|5.2|5.2|7|8
53.6|72.24|0|392|5.2|5.2|7|8
53.7|72.22|0|392|5.2|5.2|7|8
53.8|72.2|0|392|5.2|5.2|7|8
53.9|72.19|0|393|5.2|5.2|7|8
54|72.19|0|393|5.2|5.2|7|8
54.1|72.19|0|392|5.2|5.2|7|8
54.2|72.19|0|392|5.2|5.2|7|8
54.3|72.19|0|392|5.2|5.2|7|8
54.4|72.19|0|393|5.2|5.2|7|8
54.5|72.19|0|392|5.2|5.2|7|8
54.6|72.19|0|392|5.2|5.2|7|8
54.7|72.18|0|393|5.2|5.2|7|8
54.8|72.16|0|392|5.2|5.2|7|8
54.9|72.15|0|392|5.2|5.2|7|8
55|72.18|0|392|5.2|5.2|7|8
55.1|72.18|0|392|5.2|5.2|7|8
55.2|72.15|0|392|5.2|5.2|7|8
55.3|72.15|0|392|5.2|5.2|7|8
55.4|72.16|0|393|5.2|5.2|7|8
55.5|72.18|0|393|5.2|5.2|7|8
55.6|72.22|0|393|5.2|5.2|7|8
55.7|72.19|0|393|5.2|5.2|7|8
55.8|72.18|0|393|5.2|5.2|7|8
55.9|72.18|0|393|5.2|5.2|7|8
56|72.19|0|393|5.2|5.2|7|8
56.1|72.16|0|393|5.2|5.2|7|8
56.2|72.18|0|392|5.2|5.2|7|8
56.3|72.18|0|393|5.2|5.2|7|8
56.4|72.18|0|393|5.2|5.2|7|8
56.5|72.18|0|393|5.2|5.2|7|8
56.6|72.18|0|392|5.2|5.2|7|8
56.7|72.18|0|392|5.2|5.2|7|8
56.8|72.18|0|392|5.2|5.2|7|8
56.9|72.18|0|393|5.2|5.2|7|8
57|72.18|0|393|5.2|5.2|7|8
57.1|72.16|0|393|5.2|5.2|7|8
57.2|72.16|0|393|5.2|5.2|7|8
57.3|72.19|0|393|5.2|5.2|7|8
57.4|72.16|0|393|5.2|5.2|7|8
57.5|72.16|0|393|5.2|5.2|7|8
57.6|72.16|0|393|5.2|5.2|7|8
57.7|72.18|0|393|5.2|5.2|7|8
57.8|72.16|0|393|5.2|5.2|7|8
57.9|72.18|0|393|5.2|5.2|7|8
58|72.16|0|393|5.2|5.2|7|8
58.1|72.16|0|393|5.2|5.2|7|8
58.2|72.16|0|393|5.2|5.2|7|8
58.3|72.16|0|393|5.2|5.2|7|8
58.4|72.16|0|393|5.2|5.2|7|8
58.5|72.16|0|393|5.2|5.2|7|8
58.6|72.16|0|393|5.2|5.2|7|8
58.7|72.16|0|393|5.2|5.2|7|8
58.8|72.16|0|393|5.2|5.2|7|8
58.9|72.16|0|393|5.2|5.2|7|8
59|72.16|0|393|5.2|5.2|7|8
59.1|72.16|0|393|5.2|5.2|7|8
59.2|72.16|0|393|5.2|5.2|7|8
59.3|72.16|0|393|5.2|5.2|7|8
59.4|72.16|0|392|5.2|5.2|7|8
59.5|72.16|0|392|5.2|5.2|7|8
59.6|72.15|0|392|5.2|5.2|7|8
59.7|72.16|0|392|5.2|5.2|7|8
59.8|72.16|0|392|5.2|5.2|7|8
59.9|72.16|0|392|5.2|5.2|7|8
60|72.16|0|392|5.2|5.2|7|8
60.1|72.16|0|392|5.2|5.2|7|8
60.2|72.16|0|392|5.2|5.2|7|8
60.3|72.14|0|392|5.2|5.2|7|8
60.4|72.16|0|392|5.2|5.2|7|8
60.5|72.15|0|392|5.2|5.2|7|8
60.6|72.16|0|392|5.2|5.2|7|8
60.7|72.15|0|392|5.2|5.2|7|8
60.8|72.16|0|392|5.2|5.2|7|8
60.9|72.16|0|392|5.2|5.2|7|8
61|72.15|0|392|5.2|5.2|7|8
61.1|72.15|0|392|5.2|5.2|7|8
61.2|72.15|0|392|5.2|5.2|7|8
61.3|72.16|0|392|5.2|5.2|7|8
61.4|72.15|0|392|5.2|5.2|7|8
61.5|72.15|0|392|5.2|5.2|7|8
61.6|72.15|0|392|5.2|5.2|7|8
61.7|72.15|0|392|5.2|5.2|7|8
61.8|72.15|0|393|5.2|5.2|7|8
61.9|72.16|0|393|5.2|5.2|7|8
62|72.15|0|393|5.2|5.2|7|8
62.1|72.18|0|393|5.2|5.2|7|8
62.2|72.15|0|393|5.2|5.2|7|8
62.3|72.15|0|393|5.2|5.2|7|8
62.4|72.15|0|393|5.2|5.2|7|8
62.5|72.15|0|393|5.2|5.2|7|8
62.6|72.15|0|393|5.2|5.2|7|8
62.7|72.15|0|393|5.2|5.2|7|8
62.8|72.15|0|393|5.2|5.2|7|8
62.9|72.16|0|392|5.2|5.2|7|8
63|72.14|0|399|5.2|5.2|7|8
63.1|72.15|0|402|5.2|5.2|7|8
63.2|72.15|0|404|5.2|5.2|7|8
63.3|72.15|0|404|5.2|5.2|7|8
63.4|72.15|0|404|5.2|5.2|7|8
63.5|72.15|0|404|5.2|5.2|7|8
63.6|72.15|0|404|5.2|5.2|7|8
63.7|72.11|0|404|5.2|5.2|7|8
63.8|72.16|0|404|5.2|5.2|7|8
63.9|72.18|0|404|5.2|5.2|7|8
64|72.14|0|404|5.2|5.2|7|8
64.1|72.15|0|404|5.2|5.2|7|8
64.2|72.15|0|404|5.2|5.2|7|8
64.3|72.14|0|404|5.2|5.2|7|8
64.4|72.15|0|404|5.2|5.2|7|8
64.5|72.14|0|404|5.2|5.2|7|8
64.6|72.14|0|404|5.2|5.2|7|8
64.7|72.14|0|404|5.2|5.2|7|8
64.8|72.15|0|404|5.2|5.2|7|8
64.9|72.16|0|404|5.2|5.2|7|8
65|72.14|0|404|5.2|5.2|7|8
65.1|72.15|0|404|5.2|5.2|8|8
65.2|72.11|0|404|5.2|5.2|8|8
65.3|72.07|0|404|5.2|5.2|8|8
65.4|72.07|0|404|5.2|5.2|8|8
65.5|72.1|0|404|5.2|5.2|8|8
65.6|72.11|0|404|5.2|5.2|8|8
65.7|72.15|0|404|5.2|5.1|8|8
65.8|72.1|0|404|5.1|5.1|8|8
65.9|72.06|0|404|5.1|5.1|8|8
66|72.04|0|404|5.1|5.1|8|8
66.1|72.1|0|404|5.1|5.1|8|8
66.2|72.1|0|404|5.1|5.1|8|8
66.3|72.1|0|404|5.1|5.1|8|8
66.4|72.14|0|404|5.1|5.1|8|8
66.5|72.14|0|404|5.1|5.1|8|8
66.6|72.04|0|404|5.1|5.1|8|8
66.7|72.08|0|404|5.1|5.1|8|8
66.8|72.12|0|404|5.1|5.1|8|8
66.9|72.18|0|404|5.1|5.1|8|8
67|72.12|0|404|5.1|5.1|8|8
67.1|73.09|0|404|5.1|5.1|8|8
67.2|76.15|0|404|5.1|5.1|8|8
67.3|79.18|0|404|5.1|5.1|8|8
67.4|82.23|0|404|5.1|5.1|8|8
67.5|85.25|0|404|5.1|5.1|8|8
67.6|88.19|0|404|5.1|5.1|8|8
67.7|91.25|0|404|5.1|5.1|8|8
67.8|93.92|0|404|5.1|5.1|8|8
67.9|95.21|0|404|5.1|5.1|8|8
68|95.74|0|404|5.1|5.1|8|8
