0|96.02|1240|394|5.4|5.4|1|8
0.1|96.01|1526|397|5.4|5.4|1|8
0.2|96.01|1539|398|5.4|5.4|1|8
0.3|96.01|1461|398|5.4|5.4|1|8
0.4|96.04|1036|398|5.4|5.4|1|8
0.5|96.02|1144|397|5.4|5.4|2|8
0.6|95.73|1534|398|5.4|5.4|3|8
0.7|95.37|1652|398|5.4|5.4|3|8
0.8|95.25|1675|398|5.4|5.4|3|8
0.9|95.15|1683|398|5.4|5.4|3|8
1|95.15|1688|398|5.4|5.4|3|8
1.1|95.07|1691|398|5.4|5.4|3|8
1.2|95.12|1693|398|5.4|5.4|3|8
1.3|95.21|1698|398|5.4|5.4|3|8
1.4|95.15|1701|398|5.4|5.4|3|8
1.5|95.12|1704|398|5.4|5.4|3|8
1.6|95.11|1706|398|5.4|5.4|3|8
1.7|95.12|1709|398|5.4|5.4|3|8
1.8|95.18|1714|398|5.4|5.4|3|8
1.9|95.15|1714|398|5.4|5.4|3|8
2|95.15|1714|398|5.4|5.4|3|8
2.1|95.1|1716|398|5.4|5.4|3|8
2.2|95.11|1716|398|5.4|5.4|3|8
2.3|95.15|1719|398|5.4|5.4|3|8
2.4|95.17|1722|398|5.4|5.4|3|8
2.5|95.14|1724|398|5.4|5.4|3|8
2.6|95.11|1727|398|5.4|5.4|4|8
2.7|95.23|1727|398|5.4|5.4|4|8
2.8|95.49|1716|398|5.4|5.4|4|8
2.9|95.65|1698|398|5.4|5.4|4|8
3|96.39|1601|398|5.4|5.4|4|8
3.1|96.98|1126|398|5.4|5.4|5|8
3.2|97.34|1028|397|5.4|5.4|5|8
3.3|97.33|1026|396|5.4|5.4|5|8
3.4|97.42|1026|396|5.4|5.4|5|8
3.5|97.43|1026|396|5.4|5.4|5|8
3.6|97.43|1026|396|5.4|5.4|5|8
3.7|97.45|1023|396|5.4|5.4|5|8
3.8|97.46|1023|396|5.4|5.4|5|8
3.9|97.49|1023|396|5.4|5.4|5|8
4|97.46|1023|396|5.4|5.4|5|8
4.1|97.49|1023|396|5.4|5.4|5|8
4.2|97.45|1023|396|5.4|5.4|5|8
4.3|97.42|1023|396|5.4|5.4|5|8
4.4|97.42|1023|396|5.4|5.4|5|8
4.5|97.43|1023|396|5.4|5.4|5|8
4.6|97.45|1023|396|5.4|5.4|5|8
4.7|97.47|1023|396|5.4|5.4|5|8
4.8|97.5|1023|396|5.4|5.4|5|8
4.9|97.47|1023|396|5.4|5.4|5|8
5|97.46|1026|396|5.4|5.4|5|8
5.1|97.42|1023|396|5.4|5.4|2|8
5.2|97.41|1023|396|5.4|5.4|2|8
5.3|97.29|1023|396|5.4|5.4|2|8
5.4|96.82|1023|396|5.4|5.4|2|8
5.5|96.17|1075|396|5.4|5.4|2|8
5.6|95.55|1178|397|5.4|5.4|2|8
5.7|95.03|1242|398|5.4|5.4|2|8
5.8|94.55|1601|398|5.4|5.4|3|8
5.9|94.17|1729|398|5.4|5.4|3|8
6|94.01|1737|398|5.4|5.4|3|8
6.1|94.04|1740|398|5.4|5.4|3|8
6.2|93.86|1745|398|5.4|5.4|3|8
6.3|93.92|1753|398|5.4|5.4|3|8
6.4|93.92|1758|398|5.4|5.4|3|8
6.5|93.96|1760|398|5.4|5.4|3|8
6.6|93.92|1763|398|5.4|5.4|3|8
6.7|93.98|1763|398|5.4|5.4|3|8
6.8|93.94|1768|398|5.4|5.4|3|8
6.9|93.97|1771|398|5.4|5.4|3|8
7|93.94|1773|398|5.4|5.4|3|8
7.1|93.92|1776|398|5.4|5.4|3|8
7.2|93.97|1776|398|5.4|5.4|3|8
7.3|93.93|1778|398|5.4|5.4|3|8
7.4|93.93|1781|398|5.4|5.4|3|8
7.5|94.02|1781|398|5.4|5.4|3|8
7.6|93.88|1781|398|5.4|5.4|3|8
7.7|93.92|1784|398|5.4|5.4|3|8
7.8|93.98|1784|398|5.4|5.4|4|8
7.9|94.06|1784|398|5.4|5.4|4|8
8|94.36|1781|398|5.4|5.4|4|8
8.1|94.43|1778|398|5.4|5.4|4|8
8.2|95.26|1606|398|5.4|5.4|4|8
8.3|95.81|1054|398|5.4|5.4|5|8
8.4|96.05|1036|396|5.4|5.4|5|8
8.5|96.17|1036|396|5.4|5.4|5|8
8.6|96.14|1036|396|5.4|5.4|5|8
8.7|96.14|1034|396|5.4|5.4|5|8
8.8|96.14|1034|396|5.4|5.4|5|8
8.9|96.14|1034|396|5.4|5.4|5|8
9|96.16|1034|396|5.4|5.4|5|8
9.1|96.14|1034|396|5.4|5.4|5|8
9.2|96.14|1034|396|5.4|5.4|5|8
9.3|96.16|1034|396|5.4|5.4|5|8
9.4|96.14|1034|396|5.4|5.4|5|8
9.5|96.16|1034|396|5.4|5.4|5|8
9.6|96.16|1034|396|5.4|5.4|5|8
9.7|96.14|1034|396|5.4|5.4|5|8
9.8|96.16|1034|396|5.4|5.4|5|8
9.9|96.16|1034|396|5.4|5.4|5|8
10|96.16|1034|396|5.4|5.4|5|8
10.1|96.16|1034|396|5.4|5.4|5|8
10.2|96.16|1034|396|5.4|5.4|5|8
10.3|96.17|1034|396|5.4|5.4|2|8
10.4|96.17|1034|396|5.4|5.4|2|8
10.5|95.81|1034|396|5.4|5.4|2|8
10.6|95.17|1052|396|5.4|5.4|2|8
10.7|94.64|1430|398|5.4|5.4|2|8
10.8|94.15|1737|398|5.4|5.4|3|8
10.9|93.96|1760|398|5.4|5.4|3|8
11|94.01|1768|398|5.4|5.4|3|8
11.1|93.93|1773|398|5.4|5.4|3|8
11.2|93.89|1781|398|5.4|5.4|3|8
11.3|93.93|1784|398|5.4|5.4|3|8
11.4|93.89|1786|398|5.4|5.4|3|8
11.5|93.77|1789|398|5.4|5.4|3|8
11.6|93.88|1791|398|5.4|5.4|3|8
11.7|93.88|1794|398|5.4|5.4|3|8
11.8|93.82|1796|398|5.4|5.4|3|8
11.9|93.88|1799|398|5.4|5.4|3|8
12|93.89|1802|398|5.4|5.4|3|8
12.1|93.82|1802|398|5.4|5.4|3|8
12.2|93.86|1802|398|5.4|5.4|3|8
12.3|93.85|1804|398|5.4|5.4|3|8
12.4|93.89|1804|398|5.4|5.4|3|8
12.5|93.81|1807|398|5.4|5.4|3|8
12.6|93.86|1807|398|5.4|5.4|3|8
12.7|93.88|1807|398|5.4|5.4|3|8
12.8|93.89|1809|398|5.4|5.4|4|8
12.9|93.97|1809|398|5.4|5.4|4|8
13|94.21|1804|398|5.4|5.4|4|8
13.1|95.26|1103|398|5.4|5.4|5|8
13.2|95.31|1049|397|5.4|5.4|5|8
13.3|95.53|1046|396|5.4|5.4|5|8
13.4|95.55|1044|396|5.4|5.4|5|8
13.5|95.57|1044|396|5.4|5.4|5|8
13.6|95.57|1044|396|5.4|5.4|5|8
13.7|95.53|1044|396|5.4|5.4|5|8
13.8|95.5|1044|396|5.4|5.4|5|8
13.9|95.51|1041|396|5.4|5.4|5|8
14|95.59|1041|396|5.4|5.4|5|8
14.1|95.59|1044|396|5.4|5.4|5|8
14.2|95.61|1041|396|5.4|5.4|5|8
14.3|95.62|1041|396|5.4|5.4|5|8
14.4|95.62|1041|396|5.4|5.4|5|8
14.5|95.59|1041|396|5.4|5.4|5|8
14.6|95.63|1044|396|5.4|5.4|5|8
14.7|95.63|1041|396|5.4|5.4|5|8
14.8|95.59|1044|396|5.4|5.4|5|8
14.9|95.62|1044|396|5.4|5.4|5|8
15|95.61|1044|396|5.4|5.4|5|8
15.1|95.61|1041|396|5.4|5.4|2|8
15.2|95.46|1041|396|5.4|5.4|2|8
15.3|95.03|1041|396|5.4|5.4|2|8
15.4|94.63|1129|396|5.4|5.4|2|8
15.5|94.1|1719|397|5.4|5.4|3|8
15.6|93.93|1763|398|5.4|5.4|3|8
15.7|93.68|1776|398|5.4|5.4|3|8
15.8|93.65|1784|398|5.4|5.4|3|8
15.9|93.64|1789|398|5.4|5.4|3|8
16|93.78|1794|398|5.4|5.4|3|8
16.1|93.72|1802|398|5.4|5.4|3|8
16.2|93.65|1807|398|5.4|5.4|3|8
16.3|93.73|1812|398|5.4|5.4|3|8
16.4|93.7|1817|398|5.4|5.4|3|8
16.5|93.64|1820|398|5.4|5.4|3|8
16.6|93.76|1822|398|5.4|5.4|3|8
16.7|93.66|1825|398|5.4|5.4|3|8
16.8|93.64|1825|398|5.4|5.4|3|8
16.9|93.76|1827|398|5.4|5.4|3|8
17|93.61|1827|398|5.4|5.4|3|8
17.1|93.74|1830|398|5.4|5.4|3|8
17.2|93.72|1830|398|5.4|5.4|3|8
17.3|93.7|1830|398|5.4|5.4|3|8
17.4|93.65|1830|398|5.4|5.4|3|8
17.5|93.74|1832|398|5.4|5.4|4|8
17.6|93.85|1832|398|5.4|5.4|4|8
17.7|94.13|1822|398|5.4|5.4|4|8
17.8|94.79|1080|397|5.4|5.4|5|8
17.9|94.9|1054|396|5.4|5.4|5|8
18|94.9|1052|396|5.4|5.4|5|8
18.1|94.86|1052|396|5.4|5.4|5|8
18.2|94.98|1052|396|5.4|5.5|5|8
18.3|95.07|1049|396|5.4|5.4|5|8
18.4|95.17|1049|396|5.4|5.4|5|8
18.5|95.12|1049|396|5.5|5.5|5|8
18.6|95.12|1049|396|5.5|5.4|5|8
18.7|95.12|1046|396|5.5|5.4|5|8
18.8|95.12|1046|396|5.4|5.5|5|8
18.9|95.14|1046|396|5.5|5.5|5|8
19|95.14|1046|396|5.5|5.5|5|8
19.1|95.11|1046|396|5.5|5.4|5|8
19.2|95.18|1046|396|5.5|5.5|5|8
19.3|95.26|1046|396|5.5|5.5|5|8
19.4|95.14|1046|396|5.5|5.5|5|8
19.5|95.15|1044|396|5.5|5.5|5|8
19.6|95.21|1044|396|5.5|5.5|5|8
19.7|95.19|1044|396|5.5|5.5|5|8
19.8|95.21|1044|396|5.5|5.5|2|8
19.9|94.92|1044|396|5.5|5.5|2|8
20|94.52|1049|396|5.5|5.5|2|8
20.1|94|1619|396|5.5|5.5|3|8
20.2|93.7|1781|397|5.5|5.5|3|8
20.3|93.64|1796|397|5.5|5.5|3|8
20.4|93.45|1812|397|5.5|5.5|3|8
20.5|93.37|1820|397|5.5|5.5|3|8
20.6|93.46|1822|397|5.5|5.5|3|8
20.7|93.49|1827|398|5.5|5.5|3|8
20.8|93.42|1832|397|5.5|5.5|3|8
20.9|93.43|1838|395|5.5|5.5|3|8
21|93.41|1840|394|5.5|5.5|3|8
21.1|93.53|1840|394|5.5|5.5|3|8
21.2|93.45|1843|394|5.5|5.5|3|8
21.3|93.43|1845|394|5.5|5.5|3|8
21.4|93.45|1845|394|5.5|5.5|3|8
21.5|93.45|1845|394|5.5|5.5|3|8
21.6|93.42|1845|394|5.5|5.5|3|8
21.7|93.38|1845|394|5.5|5.5|3|8
21.8|93.42|1845|394|5.5|5.5|3|8
21.9|93.46|1848|394|5.5|5.5|3|8
22|93.53|1848|394|5.5|5.5|3|8
22.1|93.43|1851|394|5.5|5.5|4|8
22.2|93.54|1851|394|5.5|5.5|4|8
22.3|93.6|1848|394|5.5|5.5|4|8
22.4|94.43|1554|394|5.5|5.5|4|8
22.5|94.82|1067|394|5.5|5.5|5|8
22.6|94.79|1057|393|5.5|5.5|5|8
22.7|94.87|1057|393|5.5|5.5|5|8
22.8|95.02|1057|393|5.5|5.5|5|8
22.9|95|1057|393|5.5|5.5|5|8
23|94.99|1054|393|5.5|5.5|5|8
23.1|95.02|1054|393|5.5|5.5|5|8
23.2|95.02|1054|393|5.5|5.5|5|8
23.3|95.03|1054|393|5.5|5.5|5|8
23.4|95.03|1052|393|5.5|5.5|5|8
23.5|95.03|1052|393|5.5|5.5|5|8
23.6|95|1052|393|5.5|5.5|5|8
23.7|94.95|1052|393|5.5|5.5|5|8
23.8|94.98|1052|393|5.5|5.5|5|8
23.9|95.06|1052|393|5.5|5.5|5|8
24|95|1052|393|5.5|5.5|5|8
24.1|94.91|1052|393|5.5|5.5|5|8
24.2|94.98|1052|393|5.5|5.5|5|8
24.3|95|1052|393|5.5|5.5|5|8
24.4|95.04|1052|393|5.5|5.5|5|8
24.5|95.06|1052|393|5.5|5.5|2|8
24.6|94.98|1052|393|5.5|5.5|2|8
24.7|94.44|1052|393|5.5|5.5|2|8
24.8|93.88|1588|394|5.5|5.5|3|8
24.9|93.46|1809|394|5.5|5.5|3|8
25|93.15|1827|394|5.5|5.5|3|8
25.1|93.17|1832|394|5.5|5.5|3|8
25.2|93.11|1838|394|5.5|5.5|3|8
25.3|93.29|1843|394|5.5|5.5|3|8
25.4|93.21|1845|394|5.5|5.5|3|8
25.5|93.11|1848|394|5.5|5.5|3|8
25.6|93.27|1853|394|5.5|5.5|3|8
25.7|93.22|1853|394|5.5|5.5|3|8
25.8|93.06|1856|394|5.5|5.5|3|8
25.9|93.27|1856|394|5.5|5.5|3|8
26|93.26|1858|394|5.5|5.5|3|8
26.1|93.07|1858|394|5.5|5.5|3|8
26.2|93.29|1858|394|5.5|5.5|3|8
26.3|93.17|1858|394|5.5|5.5|3|8
26.4|93.18|1861|394|5.5|5.5|3|8
26.5|93.18|1861|394|5.5|5.5|3|8
26.6|93.23|1861|394|5.5|5.5|3|8
26.7|93.18|1861|394|5.5|5.5|3|8
26.8|93.21|1863|394|5.5|5.5|4|8
26.9|93.34|1863|394|5.5|5.5|4|8
27|93.6|1863|394|5.5|5.5|4|8
27.1|93.66|1858|394|5.5|5.5|4|8
27.2|94.52|1121|394|5.5|5.5|5|8
27.3|94.87|1064|394|5.5|5.5|5|8
27.4|94.94|1062|393|5.5|5.5|5|8
27.5|95.04|1059|393|5.5|5.5|5|8
27.6|95.02|1057|393|5.5|5.5|5|8
27.7|94.98|1057|393|5.5|5.5|5|8
27.8|95.03|1057|393|5.5|5.5|5|8
27.9|95|1057|393|5.5|5.5|5|8
28|94.99|1057|393|5.5|5.5|5|8
28.1|94.99|1057|393|5.5|5.5|5|8
28.2|95|1054|393|5.5|5.5|5|8
28.3|95.02|1054|393|5.5|5.5|5|8
28.4|94.99|1054|393|5.5|5.5|5|8
28.5|95.06|1054|393|5.5|5.5|5|8
28.6|94.99|1054|393|5.5|5.5|5|8
28.7|95.02|1054|393|5.5|5.5|5|8
28.8|95|1054|393|5.5|5.5|5|8
28.9|94.99|1054|393|5.5|5.5|5|8
29|95|1054|393|5.5|5.5|5|8
29.1|94.98|1054|393|5.5|5.5|5|8
29.2|95.02|1054|393|5.5|5.5|2|8
29.3|94.95|1052|393|5.5|5.5|2|8
29.4|94.95|1052|393|5.5|5.5|2|8
29.5|94.21|1070|392|5.5|5.5|2|8
29.6|93.65|1711|393|5.5|5.5|3|8
29.7|93.29|1827|394|5.5|5.5|3|8
29.8|93.07|1840|394|5.5|5.5|3|8
29.9|93.04|1848|394|5.5|5.5|3|8
30|93.07|1856|394|5.5|5.5|3|8
30.1|92.87|1858|394|5.5|5.5|3|8
30.2|93.04|1861|394|5.5|5.5|3|8
30.3|92.95|1866|394|5.5|5.5|3|8
30.4|93.03|1869|394|5.5|5.5|3|8
30.5|92.98|1871|394|5.5|5.5|3|8
30.6|93.03|1871|394|5.5|5.5|3|8
30.7|92.95|1871|394|5.5|5.5|3|8
30.8|93.02|1871|394|5.5|5.5|3|8
30.9|92.99|1871|394|5.5|5.5|3|8
31|92.98|1874|394|5.5|5.5|3|8
31.1|92.99|1874|394|5.5|5.5|3|8
31.2|92.99|1876|394|5.5|5.5|3|8
31.3|92.92|1876|394|5.5|5.5|3|8
31.4|93|1876|394|5.5|5.5|3|8
31.5|93|1876|394|5.5|5.5|3|8
31.6|93.02|1876|394|5.5|5.5|4|8
31.7|92.98|1876|394|5.5|5.5|4|8
31.8|93.15|1876|394|5.5|5.5|4|8
31.9|93.82|1768|394|5.5|5.5|4|8
32|94.37|1077|394|5.5|5.5|5|8
32.1|94.57|1064|393|5.5|5.5|5|8
32.2|94.61|1062|393|5.5|5.5|5|8
32.3|94.66|1059|392|5.5|5.5|5|8
32.4|94.7|1059|392|5.5|5.5|5|8
32.5|94.66|1059|392|5.5|5.5|5|8
32.6|94.64|1057|392|5.5|5.5|5|8
32.7|94.66|1057|392|5.5|5.5|5|8
32.8|94.68|1057|392|5.5|5.5|5|8
32.9|94.7|1057|392|5.5|5.5|5|8
33|94.67|1057|392|5.5|5.5|5|8
33.1|94.66|1057|392|5.5|5.5|5|8
33.2|94.63|1057|392|5.5|5.5|5|8
33.3|94.66|1057|392|5.5|5.5|5|8
33.4|94.68|1057|392|5.5|5.5|5|8
33.5|94.7|1054|392|5.5|5.5|5|8
33.6|94.64|1054|392|5.5|5.5|5|8
33.7|94.64|1054|392|5.5|5.5|5|8
33.8|94.67|1057|392|5.5|5.5|5|8
33.9|94.68|1054|393|5.5|5.5|5|8
34|94.67|1054|392|5.5|5.5|2|8
34.1|94.67|1054|392|5.5|5.5|2|8
34.2|94.17|1054|392|5.5|5.5|2|8
34.3|93.6|1348|393|5.5|5.5|2|8
34.4|93.13|1814|393|5.5|5.5|3|8
34.5|92.94|1843|394|5.5|5.5|3|8
34.6|92.78|1856|394|5.5|5.5|3|8
34.7|92.76|1861|394|5.5|5.5|3|8
34.8|92.72|1866|394|5.5|5.5|3|8
34.9|92.7|1869|394|5.5|5.5|3|8
35|92.75|1871|394|5.5|5.5|3|8
35.1|92.74|1876|394|5.5|5.5|3|8
35.2|92.72|1879|393|5.5|5.5|3|8
35.3|92.71|1881|394|5.5|5.5|3|8
35.4|92.72|1881|394|5.5|5.5|3|8
35.5|92.72|1884|394|5.5|5.5|3|8
35.6|92.78|1884|394|5.5|5.5|3|8
35.7|92.72|1884|394|5.5|5.5|3|8
35.8|92.78|1884|394|5.5|5.5|3|8
35.9|92.74|1884|394|5.5|5.5|3|8
36|92.76|1884|394|5.5|5.5|3|8
36.1|92.74|1884|394|5.5|5.5|3|8
36.2|92.74|1887|394|5.5|5.5|3|8
36.3|92.75|1887|394|5.5|5.5|3|8
36.4|92.75|1887|394|5.5|5.5|4|8
36.5|92.99|1887|394|5.5|5.5|4|8
36.6|93.02|1884|394|5.5|5.5|4|8
36.7|93.88|1191|394|5.5|5.5|2|8
36.8|94.17|1067|393|5.5|5.5|2|8
36.9|94.13|1064|392|5.5|5.5|2|8
37|94.09|1062|392|5.5|5.5|2|8
37.1|94.12|1062|393|5.5|5.5|2|8
37.2|94.09|1062|393|5.5|5.5|2|8
37.3|94.12|1059|393|5.5|5.5|2|8
37.4|94.12|1059|393|5.5|5.5|2|8
37.5|94.08|1059|392|5.5|5.5|2|8
37.6|93.93|1059|392|5.5|5.5|2|8
37.7|93.64|1059|392|5.5|5.5|2|8
37.8|93.69|1057|393|5.5|5.5|2|8
37.9|93.51|1098|393|5.5|5.5|2|8
38|93.62|1106|393|5.5|5.5|2|8
38.1|93.41|1216|394|5.5|5.5|2|8
38.2|93.38|1142|394|5.5|5.5|2|8
38.3|93.35|1247|394|5.5|5.5|2|8
38.4|93.23|1116|394|5.5|5.5|2|8
38.5|93.19|1059|394|5.5|5.5|2|8
38.6|93.25|1137|394|5.5|5.5|2|8
38.7|93.15|1222|394|5.5|5.5|2|8
38.8|93.1|1247|394|5.5|5.5|2|8
38.9|92.96|1701|394|5.5|5.5|2|8
39|92.87|1714|394|5.5|5.5|2|8
39.1|93.02|1271|394|5.5|5.5|2|8
39.2|93.13|1062|394|5.5|5.5|2|8
39.3|93.14|1059|394|5.5|5.5|2|8
39.4|93.25|1057|393|5.5|5.5|2|8
39.5|93.06|1057|393|5.5|5.5|2|8
39.6|93.09|1057|393|5.5|5.5|2|8
39.7|93.15|1057|393|5.5|5.5|2|8
39.8|92.99|1057|393|5.5|5.5|2|8
39.9|92.86|1155|394|5.5|5.5|2|8
40|92.78|1080|394|5.5|5.5|2|8
40.1|92.79|1093|394|5.5|5.5|2|8
40.2|92.72|1206|394|5.5|5.5|2|8
40.3|92.58|1101|394|5.5|5.5|2|8
40.4|92.66|1126|394|5.5|5.5|2|8
40.5|92.52|1209|394|5.5|5.5|2|8
40.6|92.45|1183|394|5.5|5.5|2|8
40.7|92.28|1180|394|5.5|5.5|2|8
40.8|92.28|1093|394|5.5|5.5|2|8
40.9|92.24|1232|394|5.5|5.5|2|8
41|92.19|1278|394|5.5|5.5|2|8
41.1|92.09|1531|394|5.5|5.5|2|8
41.2|92.07|1451|395|5.5|5.5|2|8
41.3|92.04|1095|394|5.5|5.5|2|8
41.4|92.11|1057|394|5.5|5.5|2|8
41.5|92.15|1057|394|5.5|5.5|2|8
41.6|92.12|1057|394|5.5|5.5|2|8
41.7|92.04|1549|394|5.5|5.5|2|8
41.8|91.94|1670|394|5.5|5.5|2|8
41.9|92.04|1693|394|5.5|5.5|2|8
42|92.24|1701|395|5.5|5.5|2|8
42.1|92.51|1716|395|5.5|5.5|2|8
42.2|92.68|1691|395|5.5|5.5|2|8
42.3|92.87|1479|395|5.5|5.5|2|8
42.4|92.98|1070|394|5.5|5.5|2|8
42.5|93|1057|394|5.5|5.5|2|8
42.6|93.03|1057|394|5.5|5.5|2|8
42.7|93.06|1054|394|5.5|5.5|2|8
42.8|92.91|1054|394|5.5|5.5|2|8
42.9|92.82|1054|394|5.5|5.5|2|8
43|92.79|1054|394|5.5|5.5|2|8
43.1|92.76|1054|394|5.5|5.5|2|8
43.2|92.64|1062|394|5.5|5.5|2|8
43.3|92.52|1054|394|5.5|5.5|2|8
43.4|92.52|1052|393|5.5|5.5|2|8
43.5|92.59|1082|393|5.5|5.5|2|8
43.6|92.45|1111|394|5.5|5.5|2|8
43.7|92.29|1057|394|5.5|5.5|2|8
43.8|92.33|1059|394|5.5|5.5|2|8
43.9|92.2|1111|394|5.5|5.5|2|8
44|92.19|1111|394|5.5|5.5|2|8
44.1|92.09|1144|394|5.5|5.5|2|8
44.2|92.01|1268|394|5.5|5.5|2|8
44.3|91.98|1126|394|5.5|5.5|2|8
44.4|91.92|1227|394|5.5|5.5|2|8
44.5|91.77|1178|394|5.5|5.5|2|8
44.6|91.68|1165|394|5.5|5.5|2|8
44.7|91.64|1126|394|5.5|5.5|2|8
44.8|91.57|1134|394|5.5|5.5|2|8
44.9|91.5|1168|394|5.5|5.5|2|8
45|91.45|1312|394|5.5|5.5|2|8
45.1|91.38|1284|394|5.5|5.5|2|8
45.2|91.19|1376|394|5.5|5.5|2|8
45.3|91.18|1198|394|5.5|5.5|2|8
45.4|91|1085|394|5.5|5.5|2|8
45.5|91.07|1111|394|5.5|5.5|2|8
45.6|90.94|1258|394|5.5|5.5|2|8
45.7|90.8|1157|395|5.5|5.5|2|8
45.8|90.75|1245|394|5.5|5.5|2|8
45.9|90.6|1129|395|5.5|5.5|2|8
46|90.56|1093|394|5.5|5.5|2|8
46.1|90.54|1232|394|5.5|5.5|2|8
46.2|90.4|1183|394|5.5|5.5|2|8
46.3|90.4|1253|394|5.5|5.5|2|8
46.4|90.24|1165|395|5.5|5.5|2|8
46.5|90.11|1206|394|5.5|5.5|2|8
46.6|90|1098|394|5.5|5.5|2|8
46.7|89.93|1265|394|5.5|5.5|2|8
46.8|89.78|1222|394|5.5|5.5|2|8
46.9|89.77|1134|394|5.5|5.5|2|8
47|89.6|1175|394|5.5|5.5|2|8
47.1|89.5|1162|394|5.5|5.5|2|8
47.2|89.48|1255|394|5.5|5.5|2|8
47.3|89.27|1245|396|5.5|5.5|2|8
47.4|89.15|1348|394|5.5|5.5|2|8
47.5|89.14|1124|394|5.5|5.5|2|8
47.6|88.98|1170|394|5.5|5.5|2|8
47.7|88.91|1216|394|5.5|5.5|2|8
47.8|88.74|1361|395|5.5|5.5|2|8
47.9|88.68|1286|396|5.5|5.5|2|8
48|88.52|1206|395|5.5|5.5|2|8
48.1|88.4|1191|396|5.5|5.5|2|8
48.2|88.24|1188|395|5.5|5.5|2|8
48.3|88.16|1149|395|5.5|5.5|2|8
48.4|88.08|1224|395|5.5|5.5|2|8
48.5|87.93|1255|394|5.5|5.5|2|8
48.6|87.72|1088|394|5.5|5.5|2|8
48.7|87.68|1106|394|5.5|5.5|2|8
48.8|87.49|1384|396|5.5|5.5|2|8
48.9|87.34|1325|396|5.5|5.5|2|8
49|87.19|1206|394|5.5|5.5|2|8
49.1|87.13|1281|394|5.5|5.5|2|8
49.2|87.05|1281|394|5.5|5.5|2|8
49.3|86.79|1271|396|5.5|5.5|2|8
49.4|86.71|1286|395|5.5|5.5|2|8
49.5|86.56|1281|394|5.5|5.5|2|8
49.6|86.31|1317|394|5.5|5.5|2|8
49.7|86.29|1392|395|5.5|5.5|2|8
49.8|86.09|1173|395|5.5|5.5|2|8
49.9|85.99|1284|394|5.5|5.5|2|8
50|85.8|1309|395|5.5|5.5|2|8
50.1|85.58|1247|395|5.5|5.5|2|8
50.2|85.54|1296|395|5.5|5.5|2|8
50.3|85.3|1253|395|5.5|5.5|2|8
50.4|85.18|1281|395|5.5|5.5|2|8
50.5|85.02|1155|395|5.5|5.5|2|8
50.6|84.87|1294|395|5.5|5.5|2|8
50.7|84.63|1263|395|5.5|5.5|2|8
50.8|84.5|1204|394|5.5|5.5|2|8
50.9|84.25|1211|394|5.5|5.5|2|8
51|84.2|1317|394|5.5|5.5|2|8
51.1|83.89|1173|395|5.5|5.5|2|8
51.2|83.85|1304|395|5.5|5.5|2|8
51.3|83.6|1291|394|5.5|5.5|2|8
51.4|83.38|1322|396|5.5|5.5|2|8
51.5|83.15|1273|395|5.5|5.5|2|8
51.6|83.07|1325|396|5.5|5.5|2|8
51.7|82.78|1196|395|5.5|5.5|2|8
51.8|82.47|1567|395|5.5|5.5|6|8
51.9|80.15|1936|394|5.5|5.5|6|8
52|76.69|634|395|5.5|5.5|7|8
52.1|73.6|0|392|5.5|5.5|7|8
52.2|72.4|0|392|5.5|5.5|7|8
52.3|72.03|0|391|5.5|5.5|7|8
52.4|71.77|0|391|5.5|5.5|7|8
52.5|71.75|0|391|5.5|5.5|7|8
52.6|71.73|0|391|5.5|5.5|7|8
52.7|71.79|0|391|5.5|5.5|7|8
52.8|71.83|0|391|5.5|5.5|7|8
52.9|71.77|0|391|5.5|5.5|7|8
53|71.76|0|391|5.5|5.5|7|8
53.1|71.76|0|391|5.5|5.5|7|8
53.2|71.75|0|391|5.5|5.5|7|8
53.3|71.75|0|391|5.5|5.5|7|8
53.4|71.76|0|391|5.5|5.5|7|8
53.5|71.77|0|391|5.5|5.5|7|8
53.6|71.77|0|391|5.5|5.5|7|8
53.7|71.76|0|391|5.5|5.5|7|8
53.8|71.76|0|391|5.5|5.5|7|8
53.9|71.76|0|391|5.5|5.5|7|8
54|71.76|0|391|5.5|5.5|7|8
54.1|71.76|0|391|5.5|5.5|7|8
54.2|71.77|0|391|5.5|5.5|7|8
54.3|71.76|0|391|5.5|5.5|7|8
54.4|71.76|0|391|5.5|5.5|7|8
54.5|71.76|0|391|5.5|5.5|7|8
54.6|71.77|0|391|5.5|5.5|7|8
54.7|71.76|0|390|5.5|5.5|7|8
54.8|71.76|0|390|5.5|5.5|7|8
54.9|71.77|0|390|5.5|5.5|7|8
55|71.76|0|390|5.5|5.5|7|8
55.1|71.81|0|391|5.5|5.5|7|8
55.2|71.75|0|391|5.5|5.5|7|8
55.3|71.75|0|391|5.5|5.5|7|8
55.4|71.72|0|391|5.5|5.5|7|8
55.5|71.75|0|391|5.5|5.5|7|8
55.6|71.76|0|391|5.5|5.5|7|8
55.7|71.76|0|391|5.5|5.5|7|8
55.8|71.76|0|391|5.5|5.5|7|8
55.9|71.83|0|391|5.5|5.5|7|8
56|71.75|0|391|5.5|5.5|7|8
56.1|71.75|0|391|5.5|5.5|7|8
56.2|71.71|0|391|5.5|5.5|7|8
56.3|71.75|0|390|5.5|5.5|7|8
56.4|71.76|0|390|5.5|5.5|7|8
56.5|71.76|0|390|5.5|5.5|7|8
56.6|71.79|0|390|5.5|5.5|7|8
56.7|71.79|0|391|5.5|5.5|7|8
56.8|71.85|0|391|5.5|5.5|7|8
56.9|71.76|0|391|5.5|5.5|7|8
57|71.73|0|391|5.5|5.5|7|8
57.1|71.72|0|391|5.5|5.5|7|8
57.2|71.72|0|391|5.5|5.5|7|8
57.3|71.75|0|391|5.5|5.5|7|8
57.4|71.75|0|391|5.5|5.5|7|8
57.5|71.75|0|391|5.5|5.5|7|8
57.6|71.75|0|390|5.5|5.5|7|8
57.7|71.76|0|390|5.5|5.5|7|8
57.8|71.76|0|390|5.5|5.5|7|8
57.9|71.77|0|390|5.5|5.5|7|8
58|71.76|0|390|5.5|5.5|7|8
58.1|71.81|0|390|5.5|5.5|7|8
58.2|71.76|0|390|5.5|5.5|7|8
58.3|71.77|0|390|5.5|5.5|7|8
58.4|71.72|0|390|5.5|5.5|7|8
58.5|71.71|0|391|5.5|5.5|7|8
58.6|71.69|0|391|5.5|5.5|7|8
58.7|71.73|0|390|5.5|5.5|7|8
58.8|71.72|0|390|5.5|5.5|7|8
58.9|71.75|0|390|5.5|5.5|7|8
59|71.77|0|390|5.5|5.5|7|8
59.1|71.77|0|390|5.5|5.5|7|8
59.2|71.8|0|390|5.5|5.5|7|8
59.3|71.8|0|390|5.5|5.5|7|8
59.4|71.75|0|390|5.5|5.5|7|8
59.5|71.75|0|390|5.5|5.5|7|8
59.6|71.76|0|390|5.5|5.5|7|8
59.7|71.75|0|390|5.5|5.5|7|8
59.8|71.72|0|390|5.5|5.5|7|8
59.9|71.76|0|390|5.5|5.5|7|8
60|71.76|0|390|5.5|5.5|7|8
60.1|71.72|0|390|5.5|5.5|7|8
60.2|71.71|0|390|5.5|5.5|7|8
60.3|71.69|0|390|5.5|5.5|7|8
60.4|71.72|0|390|5.5|5.5|7|8
60.5|71.73|0|390|5.5|5.5|7|8
60.6|71.71|0|390|5.5|5.5|7|8
60.7|71.75|0|390|5.5|5.5|7|8
60.8|71.76|0|390|5.5|5.5|7|8
60.9|71.77|0|390|5.5|5.5|7|8
61|71.81|0|390|5.5|5.5|7|8
61.1|71.8|0|390|5.5|5.5|7|8
61.2|71.73|0|390|5.5|5.5|7|8
61.3|71.75|0|390|5.5|5.5|7|8
61.4|71.73|0|390|5.5|5.5|7|8
61.5|71.69|0|390|5.5|5.5|7|8
61.6|71.68|0|390|5.5|5.5|7|8
61.7|71.75|0|390|5.5|5.5|7|8
61.8|71.8|0|390|5.5|5.5|7|8
61.9|71.75|0|390|5.5|5.5|7|8
62|71.77|0|390|5.5|5.5|7|8
62.1|71.73|0|390|5.5|5.5|7|8
62.2|71.72|0|390|5.5|5.5|7|8
62.3|71.76|0|391|5.5|5.5|7|8
62.4|71.77|0|390|5.5|5.5|7|8
62.5|71.72|0|390|5.5|5.5|7|8
62.6|71.72|0|390|5.5|5.5|7|8
62.7|71.69|0|390|5.5|5.5|7|8
62.8|71.72|0|390|5.5|5.5|7|8
62.9|71.75|0|390|5.5|5.5|7|8
63|71.83|0|391|5.5|5.5|7|8
63.1|71.77|0|391|5.5|5.5|7|8
63.2|71.77|0|391|5.5|5.5|7|8
63.3|71.73|0|391|5.5|5.5|7|8
63.4|71.73|0|390|5.5|5.5|7|8
63.5|71.68|0|391|5.5|5.5|7|8
63.6|71.68|0|391|5.5|5.5|7|8
63.7|71.71|0|391|5.5|5.5|7|8
63.8|71.71|0|391|5.5|5.5|7|8
63.9|71.76|0|391|5.5|5.5|7|8
64|71.76|0|391|5.5|5.5|7|8
64.1|71.79|0|391|5.5|5.5|7|8
64.2|71.76|0|391|5.5|5.5|7|8
64.3|71.73|0|391|5.5|5.5|7|8
64.4|71.73|0|391|5.5|5.5|7|8
64.5|71.76|0|391|5.5|5.5|7|8
64.6|71.75|0|391|5.5|5.5|7|8
64.7|71.73|0|391|5.5|5.5|7|8
64.8|71.69|0|391|5.5|5.5|7|8
64.9|71.69|0|391|5.5|5.5|7|8
65|71.71|0|391|5.5|5.5|8|8
65.1|71.76|0|391|5.5|5.5|8|8
65.2|71.81|0|391|5.5|5.5|8|8
65.3|71.71|0|390|5.5|5.5|8|8
65.4|71.64|0|391|5.5|5.5|8|8
65.5|71.67|0|391|5.4|5.4|8|8
65.6|71.64|0|391|5.4|5.4|8|8
65.7|71.61|0|391|5.4|5.4|8|8
65.8|71.61|0|391|5.4|5.4|8|8
65.9|71.63|0|391|5.4|5.4|8|8
66|71.6|0|391|5.4|5.4|8|8
66.1|71.6|0|391|5.4|5.4|8|8
66.2|71.61|0|391|5.4|5.4|8|8
66.3|71.61|0|391|5.4|5.4|8|8
66.4|71.6|0|391|5.4|5.4|8|8
66.5|71.6|0|391|5.4|5.4|8|8
66.6|71.73|0|390|5.4|5.4|8|8
66.7|71.77|0|391|5.4|5.4|8|8
66.8|71.79|0|391|5.4|5.4|8|8
66.9|71.77|0|391|5.4|5.4|8|8
67|71.77|0|391|5.4|5.4|8|8
67.1|74.59|0|391|5.4|5.4|8|8
67.2|78.16|0|391|5.4|5.4|8|8
67.3|81.65|0|391|5.4|5.4|8|8
67.4|85.19|0|391|5.4|5.4|8|8
67.5|88.56|0|391|5.4|5.4|8|8
67.6|92.05|0|391|5.4|5.4|8|8
67.7|94.68|0|391|5.4|5.4|8|8
