0|96.13|1441|416|5.1|5.1|1|8
0.1|96.12|1621|422|5.1|5.1|1|8
0.2|96.05|1639|425|5.1|5.1|1|8
0.3|96.05|1649|426|5.1|5.1|1|8
0.4|96.09|1657|426|5.1|5.1|1|8
0.5|96.08|1668|426|5.1|5.1|3|8
0.6|96.06|1675|426|5.1|5.1|3|8
0.7|96.08|1683|427|5.1|5.1|3|8
0.8|96.1|1688|427|5.1|5.1|3|8
0.9|96.08|1696|428|5.1|5.1|3|8
1|96.06|1698|427|5.1|5.1|3|8
1.1|96.01|1704|427|5.1|5.1|3|8
1.2|95.98|1706|428|5.1|5.1|3|8
1.3|95.97|1709|428|5.1|5.1|3|8
1.4|96.05|1711|428|5.1|5.1|3|8
1.5|96.09|1714|428|5.1|5.1|3|8
1.6|96.06|1716|428|5.2|5.1|3|8
1.7|96.04|1719|428|5.2|5.2|3|8
1.8|96.04|1722|428|5.2|5.2|3|8
1.9|96.02|1722|428|5.2|5.2|3|8
2|95.98|1724|428|5.2|5.2|3|8
2.1|95.98|1729|428|5.2|5.2|3|8
2.2|96.01|1729|428|5.2|5.2|3|8
2.3|96.06|1732|428|5.2|5.2|3|8
2.4|96.08|1735|428|5.2|5.2|3|8
2.5|96|1735|428|5.2|5.2|4|8
2.6|96.2|1735|428|5.2|5.2|4|8
2.7|96.65|1637|428|5.2|5.2|4|8
2.8|97.14|1070|426|5.2|5.2|5|8
2.9|97.27|1057|424|5.2|5.2|5|8
3|97.43|1057|424|5.2|5.2|5|8
3.1|97.46|1054|424|5.2|5.2|5|8
3.2|97.46|1054|424|5.2|5.2|5|8
3.3|97.46|1052|423|5.2|5.2|5|8
3.4|97.46|1054|423|5.2|5.2|5|8
3.5|97.43|1054|423|5.2|5.2|5|8
3.6|97.5|1049|423|5.2|5.2|5|8
3.7|97.42|1049|424|5.2|5.2|5|8
3.8|97.51|1049|424|5.2|5.2|5|8
3.9|97.47|1049|424|5.2|5.2|5|8
4|97.41|1049|424|5.2|5.2|5|8
4.1|97.51|1052|424|5.2|5.2|5|8
4.2|97.43|1049|424|5.2|5.2|5|8
4.3|97.46|1049|424|5.2|5.2|5|8
4.4|97.47|1049|424|5.2|5.2|5|8
4.5|97.42|1052|424|5.2|5.2|5|8
4.6|97.55|1052|424|5.2|5.2|5|8
4.7|97.39|1052|424|5.2|5.2|5|8
4.8|97.5|1054|424|5.2|5.2|2|8
4.9|97.25|1054|424|5.2|5.2|2|8
5|96.83|1054|424|5.2|5.2|2|8
5.1|96.44|1490|424|5.2|5.2|2|8
5.2|96.13|1704|427|5.2|5.2|3|8
5.3|95.81|1722|428|5.2|5.2|3|8
5.4|95.73|1729|429|5.2|5.2|3|8
5.5|95.73|1732|429|5.2|5.2|3|8
5.6|95.63|1737|429|5.2|5.2|3|8
5.7|95.69|1742|429|5.2|5.2|3|8
5.8|95.68|1745|429|5.2|5.2|3|8
5.9|95.69|1745|429|5.2|5.2|3|8
6|95.72|1747|430|5.2|5.2|3|8
6.1|95.63|1750|430|5.2|5.2|3|8
6.2|95.69|1753|430|5.3|5.2|3|8
6.3|95.72|1755|430|5.3|5.2|3|8
6.4|95.68|1755|430|5.3|5.3|3|8
6.5|95.63|1758|430|5.3|5.3|3|8
6.6|95.68|1758|430|5.3|5.3|3|8
6.7|95.69|1758|430|5.3|5.3|3|8
6.8|95.68|1758|430|5.3|5.3|3|8
6.9|95.7|1760|430|5.3|5.3|3|8
7|95.61|1760|430|5.3|5.3|3|8
7.1|95.65|1763|430|5.3|5.3|3|8
7.2|95.69|1763|430|5.3|5.3|4|8
7.3|96.02|1763|430|5.3|5.3|4|8
7.4|96.41|1735|430|5.3|5.3|4|8
7.5|96.95|1392|430|5.3|5.3|4|8
7.6|97.35|1075|428|5.3|5.3|5|8
7.7|97.49|1064|426|5.3|5.3|5|8
7.8|97.5|1062|426|5.3|5.3|5|8
7.9|97.58|1062|426|5.3|5.3|5|8
8|97.58|1062|425|5.3|5.3|5|8
8.1|97.65|1059|425|5.3|5.3|5|8
8.2|97.61|1059|425|5.3|5.3|5|8
8.3|97.59|1059|425|5.3|5.3|5|8
8.4|97.59|1059|426|5.3|5.3|5|8
8.5|97.62|1059|426|5.3|5.3|5|8
8.6|97.65|1059|426|5.3|5.3|5|8
8.7|97.62|1059|426|5.3|5.3|5|8
8.8|97.62|1057|426|5.3|5.3|5|8
8.9|97.61|1057|426|5.3|5.3|5|8
9|97.62|1057|426|5.3|5.3|5|8
9.1|97.63|1054|426|5.3|5.3|5|8
9.2|97.65|1054|426|5.3|5.3|5|8
9.3|97.54|1054|426|5.3|5.3|5|8
9.4|97.58|1054|426|5.3|5.3|5|8
9.5|97.62|1052|426|5.3|5.3|5|8
9.6|97.58|1054|426|5.3|5.3|2|8
9.7|97.34|1052|426|5.3|5.3|2|8
9.8|96.87|1054|426|5.3|5.3|2|8
9.9|96.48|1173|427|5.3|5.3|2|8
10|96.01|1634|428|5.3|5.3|3|8
10.1|95.62|1742|421|5.3|5.3|3|8
10.2|95.42|1758|416|5.3|5.3|3|8
10.3|95.42|1765|414|5.3|5.3|3|8
10.4|95.26|1773|413|5.3|5.3|3|8
10.5|95.34|1776|413|5.3|5.3|3|8
10.6|95.3|1778|413|5.3|5.3|3|8
10.7|95.34|1778|413|5.3|5.3|3|8
10.8|95.3|1778|413|5.3|5.3|3|8
10.9|95.33|1778|413|5.3|5.3|3|8
11|95.34|1781|413|5.3|5.3|3|8
11.1|95.3|1791|406|5.3|5.3|3|8
11.2|95.33|1791|402|5.3|5.3|3|8
11.3|95.31|1791|401|5.3|5.3|3|8
11.4|95.33|1794|400|5.3|5.3|3|8
11.5|95.31|1796|400|5.3|5.3|3|8
11.6|95.31|1796|400|5.3|5.3|3|8
11.7|95.31|1799|400|5.3|5.3|3|8
11.8|95.31|1799|400|5.3|5.3|3|8
11.9|95.31|1802|400|5.3|5.3|3|8
12|95.31|1802|400|5.3|5.3|4|8
12.1|95.41|1802|400|5.3|5.3|4|8
12.2|95.7|1791|400|5.3|5.3|4|8
12.3|96.19|1755|400|5.3|5.3|4|8
12.4|96.67|1613|400|5.3|5.3|4|8
12.5|97.15|1085|399|5.3|5.3|5|8
12.6|97.29|1075|398|5.3|5.3|5|8
12.7|97.43|1072|398|5.4|5.3|5|8
12.8|97.45|1072|398|5.3|5.3|5|8
12.9|97.45|1072|398|5.3|5.3|5|8
13|97.45|1072|398|5.4|5.3|5|8
13.1|97.46|1072|398|5.4|5.3|5|8
13.2|97.46|1072|398|5.4|5.4|5|8
13.3|97.47|1070|398|5.4|5.4|5|8
13.4|97.53|1067|398|5.4|5.4|5|8
13.5|97.5|1070|398|5.4|5.4|5|8
13.6|97.46|1070|398|5.4|5.4|5|8
13.7|97.41|1067|398|5.4|5.4|5|8
13.8|97.45|1067|398|5.4|5.4|5|8
13.9|97.46|1067|398|5.4|5.4|5|8
14|97.49|1067|398|5.4|5.4|5|8
14.1|97.54|1067|398|5.4|5.3|5|8
14.2|97.47|1067|398|5.4|5.4|5|8
14.3|97.46|1067|398|5.4|5.4|5|8
14.4|97.45|1070|398|5.4|5.4|5|8
14.5|97.47|1070|398|5.4|5.4|2|8
14.6|97.16|1070|398|5.4|5.4|2|8
14.7|96.8|1067|398|5.4|5.4|2|8
14.8|96.4|1147|398|5.4|5.4|2|8
14.9|95.9|1407|398|5.4|5.4|2|8
15|95.46|1727|400|5.4|5.4|3|8
15.1|95.22|1784|400|5.4|5.4|3|8
15.2|95.1|1796|400|5.4|5.4|3|8
15.3|94.9|1804|400|5.4|5.4|3|8
15.4|95.02|1812|400|5.4|5.4|3|8
15.5|94.92|1814|400|5.4|5.4|3|8
15.6|95|1817|400|5.4|5.4|3|8
15.7|94.95|1822|400|5.4|5.4|3|8
15.8|95|1822|400|5.4|5.4|3|8
15.9|94.96|1822|400|5.4|5.4|3|8
16|95|1825|400|5.4|5.4|3|8
16.1|94.92|1825|400|5.4|5.4|3|8
16.2|94.99|1827|400|5.4|5.4|3|8
16.3|94.99|1827|400|5.4|5.4|3|8
16.4|94.99|1827|400|5.4|5.4|3|8
16.5|95|1830|400|5.4|5.4|3|8
16.6|94.91|1830|400|5.4|5.4|3|8
16.7|94.99|1830|400|5.4|5.4|3|8
16.8|95.03|1832|400|5.4|5.4|3|8
16.9|94.99|1835|400|5.4|5.4|3|8
17|94.98|1835|400|5.4|5.4|4|8
17.1|95.12|1835|400|5.4|5.4|4|8
17.2|95.58|1789|400|5.4|5.4|4|8
17.3|96.08|1358|400|5.4|5.4|5|8
17.4|96.41|1085|399|5.4|5.4|5|8
17.5|96.59|1080|398|5.4|5.4|5|8
17.6|96.56|1077|398|5.4|5.4|5|8
17.7|96.65|1077|398|5.4|5.4|5|8
17.8|96.68|1075|398|5.4|5.4|5|8
17.9|96.67|1075|398|5.4|5.4|5|8
18|96.61|1075|398|5.4|5.4|5|8
18.1|96.65|1075|398|5.4|5.4|5|8
18.2|96.68|1072|398|5.4|5.4|5|8
18.3|96.65|1072|398|5.4|5.4|5|8
18.4|96.65|1072|398|5.4|5.4|5|8
18.5|96.65|1072|398|5.4|5.4|5|8
18.6|96.67|1070|398|5.4|5.4|5|8
18.7|96.68|1070|398|5.4|5.4|5|8
18.8|96.59|1070|398|5.4|5.4|5|8
18.9|96.63|1070|398|5.4|5.4|5|8
19|96.63|1070|398|5.4|5.4|5|8
19.1|96.71|1070|398|5.4|5.4|5|8
19.2|96.68|1067|398|5.4|5.4|5|8
19.3|96.61|1067|398|5.4|5.4|2|8
19.4|96.65|1070|398|5.4|5.4|2|8
19.5|96.37|1070|398|5.4|5.4|2|8
19.6|95.9|1072|398|5.4|5.4|2|8
19.7|95.42|1384|398|5.4|5.4|2|8
19.8|95.03|1784|400|5.4|5.4|3|8
19.9|94.83|1812|400|5.4|5.4|3|8
20|94.71|1822|400|5.4|5.4|3|8
20.1|94.76|1827|400|5.4|5.4|3|8
20.2|94.63|1832|400|5.4|5.4|3|8
20.3|94.68|1838|400|5.4|5.4|3|8
20.4|94.66|1840|400|5.4|5.4|3|8
20.5|94.6|1843|400|5.4|5.4|3|8
20.6|94.68|1843|400|5.4|5.4|3|8
20.7|94.61|1845|400|5.4|5.4|3|8
20.8|94.68|1845|400|5.4|5.4|3|8
20.9|94.6|1845|400|5.4|5.4|3|8
21|94.64|1848|400|5.4|5.4|3|8
21.1|94.68|1851|398|5.4|5.4|3|8
21.2|94.61|1853|398|5.4|5.4|3|8
21.3|94.68|1853|397|5.4|5.4|3|8
21.4|94.63|1853|396|5.4|5.4|3|8
21.5|94.66|1853|396|5.4|5.4|3|8
21.6|94.61|1856|396|5.4|5.4|3|8
21.7|94.67|1856|396|5.4|5.4|3|8
21.8|94.66|1856|396|5.4|5.4|4|8
21.9|94.8|1853|396|5.4|5.4|4|8
22|95.3|1791|397|5.4|5.4|4|8
22.1|95.81|1144|397|5.4|5.4|5|8
22.2|96.09|1082|396|5.4|5.4|5|8
22.3|96.16|1080|396|5.4|5.4|5|8
22.4|96.28|1077|395|5.4|5.4|5|8
22.5|96.28|1075|395|5.4|5.4|5|8
22.6|96.31|1077|395|5.4|5.4|5|8
22.7|96.2|1077|395|5.4|5.4|5|8
22.8|96.24|1077|396|5.4|5.4|5|8
22.9|96.28|1075|396|5.4|5.4|5|8
23|96.28|1075|395|5.4|5.4|5|8
23.1|96.31|1075|395|5.4|5.4|5|8
23.2|96.27|1075|395|5.4|5.4|5|8
23.3|96.23|1075|395|5.4|5.4|5|8
23.4|96.27|1070|395|5.4|5.4|5|8
23.5|96.28|1070|395|5.4|5.4|5|8
23.6|96.28|1070|396|5.4|5.4|5|8
23.7|96.31|1070|396|5.4|5.4|5|8
23.8|96.29|1070|395|5.4|5.4|5|8
23.9|96.23|1070|395|5.4|5.4|5|8
24|96.27|1067|395|5.4|5.4|5|8
24.1|96.27|1067|396|5.4|5.4|2|8
24.2|96.19|1067|395|5.4|5.4|2|8
24.3|95.78|1072|396|5.4|5.4|2|8
24.4|95.35|1131|396|5.4|5.4|2|8
24.5|94.9|1745|396|5.4|5.4|3|8
24.6|94.71|1807|396|5.4|5.4|3|8
24.7|94.53|1825|396|5.4|5.4|3|8
24.8|94.45|1832|396|5.4|5.4|3|8
24.9|94.51|1838|396|5.4|5.4|3|8
25|94.47|1848|396|5.4|5.4|3|8
25.1|94.44|1853|397|5.4|5.4|3|8
25.2|94.4|1856|397|5.4|5.4|3|8
25.3|94.43|1856|397|5.4|5.4|3|8
25.4|94.43|1858|396|5.4|5.4|3|8
25.5|94.44|1858|396|5.4|5.4|3|8
25.6|94.45|1858|396|5.4|5.4|3|8
25.7|94.48|1861|396|5.4|5.4|3|8
25.8|94.47|1861|396|5.4|5.4|3|8
25.9|94.47|1861|396|5.4|5.4|3|8
26|94.45|1861|396|5.4|5.4|3|8
26.1|94.44|1863|396|5.4|5.4|3|8
26.2|94.39|1863|396|5.4|5.4|3|8
26.3|94.43|1863|396|5.4|5.4|3|8
26.4|94.41|1863|396|5.4|5.4|3|8
26.5|94.43|1863|396|5.4|5.4|4|8
26.6|94.6|1863|396|5.4|5.4|4|8
26.7|94.91|1832|396|5.4|5.4|4|8
26.8|95.46|1492|398|5.4|5.4|4|8
26.9|95.88|1090|396|5.4|5.4|5|8
27|96.05|1080|396|5.4|5.4|5|8
27.1|96.14|1077|396|5.4|5.4|5|8
27.2|96.1|1075|395|5.4|5.4|5|8
27.3|96.13|1075|395|5.4|5.4|5|8
27.4|96.21|1075|396|5.4|5.4|5|8
27.5|96.17|1077|396|5.4|5.4|5|8
27.6|96.19|1075|395|5.4|5.4|5|8
27.7|96.14|1075|395|5.4|5.4|5|8
27.8|96.12|1077|395|5.4|5.4|5|8
27.9|96.16|1077|395|5.4|5.4|5|8
28|96.17|1077|395|5.4|5.4|5|8
28.1|96.19|1077|395|5.4|5.4|5|8
28.2|96.16|1067|395|5.4|5.4|5|8
28.3|96.17|1067|395|5.4|5.4|5|8
28.4|96.19|1067|395|5.4|5.4|5|8
28.5|96.14|1067|395|5.4|5.4|5|8
28.6|96.13|1067|395|5.4|5.4|5|8
28.7|96.21|1067|395|5.4|5.4|5|8
28.8|96.16|1067|395|5.4|5.4|5|8
28.9|96.16|1067|395|5.4|5.4|2|8
29|95.88|1070|395|5.4|5.4|2|8
29.1|95.46|1082|395|5.4|5.4|2|8
29.2|95.02|1410|396|5.4|5.4|2|8
29.3|94.71|1784|396|5.4|5.4|3|8
29.4|94.47|1822|396|5.4|5.4|3|8
29.5|94.35|1840|396|5.4|5.4|3|8
29.6|94.47|1851|396|5.4|5.4|3|8
29.7|94.41|1853|396|5.4|5.4|3|8
29.8|94.33|1861|396|5.4|5.4|3|8
29.9|94.33|1863|396|5.4|5.4|3|8
30|94.25|1863|396|5.4|5.4|3|8
30.1|94.25|1866|396|5.4|5.4|3|8
30.2|94.25|1866|396|5.4|5.4|3|8
30.3|94.29|1869|396|5.4|5.4|3|8
30.4|94.33|1869|396|5.4|5.4|3|8
30.5|94.32|1869|396|5.4|5.4|3|8
30.6|94.32|1871|396|5.4|5.4|3|8
30.7|94.31|1871|396|5.4|5.4|3|8
30.8|94.25|1871|396|5.4|5.4|3|8
30.9|94.25|1871|396|5.4|5.4|3|8
31|94.29|1871|396|5.4|5.4|3|8
31.1|94.35|1871|396|5.4|5.4|3|8
31.2|94.32|1871|396|5.4|5.4|3|8
31.3|94.31|1871|396|5.4|5.4|4|8
31.4|94.49|1863|396|5.4|5.4|4|8
31.5|94.99|1799|396|5.4|5.4|4|8
31.6|95.47|1106|396|5.4|5.4|5|8
31.7|95.7|1082|396|5.4|5.4|5|8
31.8|95.82|1077|396|5.4|5.4|5|8
31.9|95.81|1077|396|5.4|5.4|5|8
32|95.89|1075|396|5.4|5.4|5|8
32.1|95.89|1075|395|5.4|5.4|5|8
32.2|95.82|1075|395|5.4|5.4|5|8
32.3|95.86|1075|395|5.4|5.4|5|8
32.4|95.88|1075|395|5.4|5.4|5|8
32.5|95.92|1077|395|5.4|5.4|5|8
32.6|95.85|1077|395|5.4|5.4|5|8
32.7|95.86|1077|395|5.4|5.4|5|8
32.8|95.89|1077|395|5.4|5.4|5|8
32.9|95.92|1072|395|5.4|5.4|5|8
33|95.8|1070|395|5.4|5.4|5|8
33.1|95.86|1070|395|5.4|5.4|5|8
33.2|95.86|1070|395|5.4|5.4|5|8
33.3|95.86|1070|394|5.4|5.4|5|8
33.4|95.89|1070|394|5.4|5.4|5|8
33.5|95.89|1070|394|5.4|5.4|5|8
33.6|95.8|1070|394|5.4|5.4|2|8
33.7|95.74|1070|394|5.4|5.4|2|8
33.8|95.31|1072|395|5.4|5.4|2|8
33.9|94.87|1361|396|5.4|5.4|2|8
34|94.49|1791|396|5.4|5.4|3|8
34.1|94.36|1830|396|5.4|5.4|3|8
34.2|94.17|1845|396|5.4|5.4|3|8
34.3|94.19|1856|396|5.4|5.4|3|8
34.4|94.04|1861|396|5.4|5.4|3|8
34.5|94.04|1863|396|5.4|5.4|3|8
34.6|94.09|1866|396|5.4|5.4|3|8
34.7|94.1|1869|396|5.4|5.4|3|8
34.8|94.09|1869|396|5.4|5.4|3|8
34.9|94.15|1871|396|5.4|5.4|3|8
35|94.08|1871|396|5.4|5.4|3|8
35.1|94.06|1871|396|5.4|5.4|3|8
35.2|94.15|1874|396|5.4|5.4|3|8
35.3|94.05|1874|396|5.4|5.4|3|8
35.4|94.12|1874|396|5.4|5.4|3|8
35.5|94.1|1874|396|5.4|5.4|3|8
35.6|94.06|1874|396|5.4|5.4|3|8
35.7|94.09|1874|396|5.4|5.4|3|8
35.8|94.1|1876|396|5.4|5.4|3|8
35.9|94.1|1876|396|5.4|5.4|3|8
36|94.1|1876|396|5.4|5.4|4|8
36.1|94.32|1871|396|5.4|5.4|4|8
36.2|94.71|1822|396|5.4|5.4|4|8
36.3|95.23|1224|396|5.4|5.4|2|8
36.4|95.45|1085|396|5.4|5.4|2|8
36.5|95.45|1082|396|5.4|5.4|2|8
36.6|95.43|1077|396|5.4|5.4|2|8
36.7|95.42|1077|395|5.4|5.4|2|8
36.8|95.34|1077|395|5.4|5.4|2|8
36.9|95.29|1075|395|5.4|5.4|2|8
37|95.21|1077|395|5.4|5.4|2|8
37.1|95.15|1077|395|5.4|5.4|2|8
37.2|95.14|1080|395|5.4|5.4|2|8
37.3|94.99|1077|395|5.4|5.4|2|8
37.4|94.96|1080|395|5.4|5.4|2|8
37.5|94.99|1082|395|5.4|5.4|2|8
37.6|94.78|1126|395|5.4|5.4|2|8
37.7|94.82|1191|395|5.4|5.4|2|8
37.8|94.72|1178|396|5.4|5.4|2|8
37.9|94.74|1126|396|5.4|5.4|2|8
38|94.64|1446|395|5.4|5.4|2|8
38.1|94.49|1668|396|5.4|5.4|2|8
38.2|94.59|1696|396|5.4|5.4|2|8
38.3|94.74|1693|396|5.4|5.4|2|8
38.4|94.95|1229|396|5.4|5.4|2|8
38.5|95.12|1077|396|5.4|5.4|2|8
38.6|95.21|1072|395|5.4|5.4|2|8
38.7|95.18|1072|395|5.4|5.4|2|8
38.8|95.12|1072|395|5.4|5.4|2|8
38.9|94.95|1070|395|5.4|5.4|2|8
39|94.95|1070|395|5.4|5.4|2|8
39.1|95.04|1067|394|5.4|5.4|2|8
39.2|94.86|1077|395|5.4|5.4|2|8
39.3|94.83|1111|395|5.4|5.4|2|8
39.4|94.74|1131|396|5.4|5.4|2|8
39.5|94.68|1160|395|5.4|5.4|2|8
39.6|94.57|1379|396|5.4|5.4|2|8
39.7|94.53|1590|396|5.4|5.4|2|8
39.8|94.64|1495|396|5.4|5.4|2|8
39.9|94.68|1090|395|5.4|5.4|2|8
40|94.75|1072|394|5.4|5.4|2|8
40.1|94.72|1070|394|5.4|5.4|2|8
40.2|94.82|1070|394|5.4|5.4|2|8
40.3|94.76|1070|394|5.4|5.4|2|8
40.4|94.7|1165|394|5.4|5.4|2|8
40.5|94.55|1180|394|5.4|5.4|2|8
40.6|94.48|1229|394|5.4|5.4|2|8
40.7|94.47|1296|394|5.4|5.4|2|8
40.8|94.36|1265|394|5.4|5.4|2|8
40.9|94.43|1418|395|5.4|5.4|2|8
41|94.27|1330|396|5.4|5.4|2|8
41.1|94.16|1302|396|5.4|5.4|2|8
41.2|94.08|1219|395|5.4|5.4|2|8
41.3|94.01|1075|394|5.4|5.4|2|8
41.4|94.04|1232|394|5.4|5.4|2|8
41.5|93.94|1309|395|5.4|5.4|2|8
41.6|93.92|1286|396|5.4|5.4|2|8
41.7|93.85|1299|396|5.4|5.4|2|8
41.8|93.72|1327|396|5.4|5.4|2|8
41.9|93.69|1320|396|5.4|5.4|2|8
42|93.54|1144|396|5.4|5.4|2|8
42.1|93.6|1139|395|5.4|5.4|2|8
42.2|93.39|1255|394|5.4|5.4|2|8
42.3|93.41|1240|394|5.4|5.4|2|8
42.4|93.37|1235|394|5.4|5.4|2|8
42.5|93.14|1201|394|5.4|5.4|2|8
42.6|93.13|1108|394|5.4|5.4|2|8
42.7|93.21|1443|394|5.4|5.4|2|8
42.8|93|1356|394|5.4|5.4|2|8
42.9|93|1077|394|5.4|5.4|2|8
43|93.07|1072|394|5.4|5.4|2|8
43.1|93.02|1075|394|5.4|5.4|2|8
43.2|92.96|1469|394|5.4|5.4|2|8
43.3|92.88|1268|395|5.4|5.4|2|8
43.4|92.83|1314|394|5.4|5.4|2|8
43.5|92.74|1335|396|5.4|5.4|2|8
43.6|92.66|1191|395|5.4|5.4|2|8
43.7|92.66|1260|394|5.4|5.4|2|8
43.8|92.59|1155|394|5.4|5.4|2|8
43.9|92.48|1198|394|5.4|5.4|2|8
44|92.33|1080|394|5.4|5.4|2|8
44.1|92.33|1072|394|5.4|5.4|2|8
44.2|92.36|1144|394|5.4|5.4|2|8
44.3|92.23|1216|394|5.4|5.4|2|8
44.4|92.12|1152|395|5.4|5.4|2|8
44.5|92.08|1155|395|5.4|5.4|2|8
44.6|91.97|1152|394|5.4|5.4|2|8
44.7|91.98|1222|395|5.4|5.4|2|8
44.8|91.93|1180|395|5.4|5.4|2|8
44.9|91.74|1211|394|5.4|5.4|2|8
45|91.73|1250|394|5.4|5.4|2|8
45.1|91.62|1265|395|5.4|5.4|2|8
45.2|91.57|1139|394|5.4|5.4|2|8
45.3|91.49|1134|395|5.4|5.4|2|8
45.4|91.43|1152|394|5.4|5.4|2|8
45.5|91.27|1193|395|5.4|5.4|2|8
45.6|91.26|1255|395|5.4|5.4|2|8
45.7|91.13|1312|396|5.4|5.4|2|8
45.8|91.03|1119|394|5.4|5.4|2|8
45.9|91|1142|394|5.4|5.4|2|8
46|90.9|1216|394|5.4|5.4|2|8
46.1|90.79|1103|394|5.4|5.4|2|8
46.2|90.66|1255|395|5.4|5.4|2|8
46.3|90.62|1235|394|5.4|5.4|2|8
46.4|90.52|1222|395|5.4|5.4|2|8
46.5|90.44|1253|395|5.4|5.4|2|8
46.6|90.37|1343|396|5.4|5.4|2|8
46.7|90.25|1147|394|5.4|5.4|2|8
46.8|90.15|1216|395|5.4|5.4|2|8
46.9|90.05|1229|394|5.4|5.4|2|8
47|89.89|1302|396|5.4|5.4|2|8
47.1|89.86|1137|394|5.4|5.4|2|8
47.2|89.72|1149|394|5.4|5.4|2|8
47.3|89.66|1147|394|5.4|5.4|2|8
47.4|89.52|1178|394|5.4|5.4|2|8
47.5|89.43|1232|394|5.4|5.4|2|8
47.6|89.33|1188|394|5.4|5.4|2|8
47.7|89.15|1180|394|5.4|5.4|2|8
47.8|89.14|1201|395|5.4|5.4|2|8
47.9|89.03|1278|395|5.4|5.4|2|8
48|88.87|1178|394|5.4|5.4|2|8
48.1|88.74|1253|394|5.4|5.4|2|8
48.2|88.62|1235|395|5.4|5.4|2|8
48.3|88.51|1198|394|5.4|5.4|2|8
48.4|88.36|1260|394|5.4|5.4|2|8
48.5|88.24|1198|394|5.4|5.4|2|8
48.6|88.08|1108|394|5.4|5.4|2|8
48.7|88.04|1160|394|5.4|5.4|2|8
48.8|87.93|1312|395|5.4|5.4|2|8
48.9|87.66|1147|394|5.4|5.4|2|8
49|87.57|1201|394|5.4|5.4|2|8
49.1|87.42|1222|394|5.4|5.4|2|8
49.2|87.31|1222|395|5.4|5.4|2|8
49.3|87.19|1253|395|5.4|5.4|2|8
49.4|87.07|1198|395|5.4|5.4|2|8
49.5|86.91|1204|394|5.4|5.4|2|8
49.6|86.79|1312|395|5.4|5.4|2|8
49.7|86.63|1219|394|5.4|5.4|2|8
49.8|86.43|1178|394|5.4|5.4|2|8
49.9|86.27|1289|394|5.4|5.4|2|8
50|86.16|1284|394|5.4|5.4|2|8
50.1|86.07|1168|394|5.4|5.4|2|8
50.2|85.92|1314|394|5.4|5.4|2|8
50.3|85.74|1366|394|5.4|5.4|2|8
50.4|85.52|1204|394|5.4|5.4|2|8
50.5|85.46|1173|394|5.4|5.4|2|8
50.6|85.22|1162|394|5.4|5.4|2|8
50.7|85.03|1211|394|5.4|5.4|2|8
50.8|84.85|1258|394|5.4|5.4|2|8
50.9|84.72|1286|394|5.4|5.4|2|8
51|84.48|1245|394|5.4|5.4|2|8
51.1|84.43|1196|395|5.4|5.4|2|8
51.2|84.2|1402|394|5.4|5.4|2|8
51.3|84.04|1325|395|5.4|5.4|2|8
51.4|83.84|1219|394|5.4|5.4|2|8
51.5|83.64|1340|394|5.4|5.4|2|8
51.6|83.45|1384|394|5.4|5.4|2|8
51.7|83.19|1358|394|5.4|5.4|2|8
51.8|83.02|1255|394|5.4|5.4|6|8
51.9|81.28|1871|394|5.4|5.4|6|8
52|78.47|1905|394|5.4|5.4|6|8
52.1|75.68|34|393|5.4|5.4|7|8
52.2|73.8|0|392|5.4|5.4|7|8
52.3|72.83|0|392|5.4|5.4|7|8
52.4|72.5|0|392|5.4|5.4|7|8
52.5|72.31|0|392|5.4|5.4|7|8
52.6|72.22|0|391|5.4|5.4|7|8
52.7|72.18|0|391|5.4|5.4|7|8
52.8|72.16|0|391|5.4|5.4|7|8
52.9|72.16|0|391|5.4|5.4|7|8
53|72.18|0|391|5.4|5.4|7|8
53.1|72.18|0|391|5.4|5.4|7|8
53.2|72.19|0|391|5.4|5.4|7|8
53.3|72.19|0|391|5.4|5.4|7|8
53.4|72.16|0|391|5.4|5.4|7|8
53.5|72.18|0|390|5.4|5.4|7|8
53.6|72.24|0|391|5.4|5.4|7|8
53.7|72.04|0|390|5.4|5.4|7|8
53.8|72.1|0|391|5.4|5.4|7|8
53.9|72.08|0|391|5.4|5.4|7|8
54|72.07|0|391|5.4|5.4|7|8
54.1|72.16|0|391|5.4|5.4|7|8
54.2|72.12|0|391|5.4|5.4|7|8
54.3|72.14|0|391|5.4|5.4|7|8
54.4|72.15|0|390|5.4|5.4|7|8
54.5|72.18|0|390|5.4|5.4|7|8
54.6|72.12|0|390|5.4|5.4|7|8
54.7|72.14|0|390|5.4|5.4|7|8
54.8|72.15|0|390|5.4|5.4|7|8
54.9|72.18|0|390|5.4|5.4|7|8
55|72.11|0|390|5.4|5.4|7|8
55.1|72.15|0|390|5.4|5.4|7|8
55.2|72.15|0|390|5.4|5.4|7|8
55.3|72.12|0|390|5.4|5.4|7|8
55.4|72.14|0|390|5.4|5.4|7|8
55.5|72.14|0|390|5.4|5.4|7|8
55.6|72.15|0|390|5.4|5.4|7|8
55.7|72.12|0|390|5.4|5.4|7|8
55.8|72.14|0|390|5.4|5.4|7|8
55.9|72.14|0|390|5.4|5.4|7|8
56|72.12|0|390|5.4|5.4|7|8
56.1|72.14|0|390|5.4|5.4|7|8
56.2|72.14|0|390|5.4|5.4|7|8
56.3|72.15|0|390|5.4|5.4|7|8
56.4|72.12|0|390|5.4|5.4|7|8
56.5|72.14|0|390|5.4|5.4|7|8
56.6|72.15|0|390|5.4|5.4|7|8
56.7|72.14|0|390|5.4|5.4|7|8
56.8|72.16|0|390|5.4|5.4|7|8
56.9|72.15|0|390|5.4|5.4|7|8
57|72.15|0|390|5.4|5.4|7|8
57.1|72.15|0|390|5.4|5.4|7|8
57.2|72.22|0|390|5.4|5.4|7|8
57.3|72.03|0|390|5.4|5.4|7|8
57.4|72.08|0|390|5.4|5.4|7|8
57.5|72.08|0|390|5.4|5.4|7|8
57.6|72.11|0|390|5.4|5.4|7|8
57.7|72.14|0|390|5.4|5.4|7|8
57.8|72.14|0|390|5.4|5.4|7|8
57.9|72.15|0|390|5.4|5.4|7|8
58|72.16|0|391|5.4|5.4|7|8
58.1|72.15|0|391|5.4|5.4|7|8
58.2|72.16|0|390|5.4|5.4|7|8
58.3|72.2|0|390|5.4|5.4|7|8
58.4|72.04|0|390|5.4|5.4|7|8
58.5|72.1|0|390|5.4|5.4|7|8
58.6|72.08|0|390|5.4|5.4|7|8
58.7|72.12|0|390|5.4|5.4|7|8
58.8|72.14|0|390|5.4|5.4|7|8
58.9|72.16|0|390|5.4|5.4|7|8
59|72.15|0|390|5.4|5.4|7|8
59.1|72.15|0|390|5.4|5.4|7|8
59.2|72.19|0|390|5.4|5.4|7|8
59.3|72.11|0|390|5.4|5.4|7|8
59.4|72.08|0|390|5.4|5.4|7|8
59.5|72.1|0|390|5.4|5.4|7|8
59.6|72.08|0|390|5.4|5.4|7|8
59.7|72.1|0|390|5.4|5.4|7|8
59.8|72.15|0|390|5.4|5.4|7|8
59.9|72.15|0|390|5.4|5.4|7|8
60|72.15|0|390|5.4|5.4|7|8
60.1|72.14|0|390|5.4|5.4|7|8
60.2|72.18|0|390|5.4|5.4|7|8
60.3|72.12|0|390|5.4|5.4|7|8
60.4|72.08|0|390|5.4|5.4|7|8
60.5|72.08|0|390|5.4|5.4|7|8
60.6|72.06|0|390|5.4|5.4|7|8
60.7|72.07|0|390|5.4|5.4|7|8
60.8|72.14|0|390|5.4|5.4|7|8
60.9|72.14|0|390|5.4|5.4|7|8
61|72.16|0|390|5.4|5.4|7|8
61.1|72.15|0|390|5.4|5.4|7|8
61.2|72.18|0|390|5.4|5.4|7|8
61.3|72.12|0|390|5.4|5.4|7|8
61.4|72.08|0|390|5.4|5.4|7|8
61.5|72.07|0|390|5.4|5.4|7|8
61.6|72.06|0|390|5.4|5.4|7|8
61.7|72.1|0|390|5.4|5.4|7|8
61.8|72.1|0|390|5.4|5.4|7|8
61.9|72.14|0|390|5.4|5.4|7|8
62|72.14|0|390|5.4|5.4|7|8
62.1|72.16|0|390|5.4|5.4|7|8
62.2|72.14|0|391|5.4|5.4|7|8
62.3|72.19|0|390|5.4|5.4|7|8
62.4|72.08|0|390|5.4|5.4|7|8
62.5|72.1|0|390|5.4|5.4|7|8
62.6|72.1|0|390|5.4|5.4|7|8
62.7|72.08|0|390|5.4|5.4|7|8
62.8|72.1|0|390|5.4|5.4|7|8
62.9|72.08|0|390|5.4|5.4|7|8
63|72.14|0|390|5.4|5.4|7|8
63.1|72.15|0|394|5.4|5.4|7|8
63.2|72.15|0|396|5.4|5.4|7|8
63.3|72.15|0|398|5.4|5.4|7|8
63.4|72.2|0|398|5.4|5.4|7|8
63.5|72.03|0|398|5.4|5.4|7|8
63.6|72.07|0|398|5.4|5.4|7|8
63.7|72.08|0|398|5.4|5.4|7|8
63.8|72.1|0|398|5.4|5.4|7|8
63.9|72.1|0|398|5.4|5.4|7|8
64|72.06|0|398|5.4|5.4|7|8
64.1|72.11|0|398|5.4|5.4|7|8
64.2|72.14|0|398|5.4|5.4|7|8
64.3|72.16|0|398|5.4|5.4|7|8
64.4|72.15|0|398|5.4|5.4|7|8
64.5|72.19|0|398|5.4|5.4|7|8
64.6|72.04|0|398|5.4|5.4|7|8
64.7|72.11|0|398|5.4|5.4|7|8
64.8|72.07|0|398|5.4|5.4|7|8
64.9|72.07|0|398|5.4|5.4|7|8
65|72.08|0|398|5.4|5.4|7|8
65.1|72.08|0|398|5.4|5.4|8|8
65.2|72.12|0|398|5.4|5.4|8|8
65.3|72|0|398|5.4|5.4|8|8
65.4|72.06|0|398|5.4|5.4|8|8
65.5|72.11|0|398|5.4|5.4|8|8
65.6|72.06|0|398|5.4|5.4|8|8
65.7|72.02|0|398|5.4|5.4|8|8
65.8|72.06|0|398|5.4|5.4|8|8
65.9|72.06|0|398|5.3|5.3|8|8
66|72.07|0|398|5.3|5.3|8|8
66.1|72.11|0|398|5.3|5.3|8|8
66.2|72.03|0|398|5.3|5.3|8|8
66.3|72.04|0|398|5.3|5.3|8|8
66.4|72.1|0|398|5.3|5.3|8|8
66.5|72.08|0|398|5.3|5.3|8|8
66.6|72.03|0|398|5.2|5.2|8|8
66.7|72.07|0|398|5.2|5.2|8|8
66.8|72.07|0|398|5.2|5.2|8|8
66.9|72.07|0|398|5.2|5.2|8|8
67|72.12|0|398|5.2|5.2|8|8
67.1|73.2|0|398|5.2|5.2|8|8
67.2|76.27|0|398|5.2|5.2|8|8
67.3|79.26|0|398|5.2|5.2|8|8
67.4|82.28|0|398|5.2|5.2|8|8
67.5|85.3|0|398|5.2|5.2|8|8
67.6|88.23|0|398|5.2|5.2|8|8
67.7|91.21|0|398|5.2|5.2|8|8
67.8|93.93|0|398|5.2|5.2|8|8
67.9|95.22|0|398|5.2|5.2|8|8
68|95.73|0|398|5.2|5.2|8|8
