0|96.1|918|408|5.1|5.1|1|8
0.1|96.08|1044|412|5.1|5.1|1|8
0.2|96.08|1052|412|5.1|5.1|1|8
0.3|96.08|1057|413|5.1|5.1|1|8
0.4|96.08|1057|413|5.1|5.1|1|8
0.5|96.04|1057|413|5.1|5.1|2|8
0.6|95.73|1082|413|5.1|5.1|2|8
0.7|95.35|1544|414|5.1|5.1|3|8
0.8|95.04|1652|415|5.1|5.1|3|8
0.9|94.87|1673|416|5.1|5.1|3|8
1|94.8|1686|416|5.1|5.1|3|8
1.1|94.74|1693|416|5.1|5.1|3|8
1.2|94.72|1701|416|5.1|5.1|3|8
1.3|94.72|1711|416|5.1|5.1|3|8
1.4|94.72|1716|416|5.1|5.1|3|8
1.5|94.74|1719|416|5.1|5.1|3|8
1.6|94.72|1724|416|5.1|5.1|3|8
1.7|94.72|1727|416|5.1|5.1|3|8
1.8|94.68|1729|416|5.1|5.1|3|8
1.9|94.7|1732|416|5.1|5.1|3|8
2|94.7|1732|416|5.1|5.1|3|8
2.1|94.7|1732|416|5.1|5.1|3|8
2.2|94.7|1735|416|5.1|5.1|3|8
2.3|94.7|1737|416|5.1|5.1|3|8
2.4|94.7|1740|416|5.1|5.1|3|8
2.5|94.7|1742|416|5.1|5.1|3|8
2.6|94.68|1740|416|5.1|5.1|3|8
2.7|94.68|1740|416|5.1|5.1|4|8
2.8|94.76|1735|416|5.1|5.1|4|8
2.9|95.04|1722|416|5.1|5.1|4|8
3|95.53|1680|416|5.2|5.2|4|8
3.1|96.04|1198|414|5.2|5.2|5|8
3.2|96.37|1090|413|5.2|5.2|5|8
3.3|96.44|1088|412|5.2|5.2|5|8
3.4|96.48|1085|412|5.2|5.2|5|8
3.5|96.6|1085|412|5.2|5.2|5|8
3.6|96.52|1088|412|5.2|5.2|5|8
3.7|96.57|1088|412|5.2|5.2|5|8
3.8|96.57|1085|412|5.2|5.2|5|8
3.9|96.51|1088|412|5.2|5.2|5|8
4|96.57|1088|412|5.2|5.2|5|8
4.1|96.53|1088|412|5.2|5.2|5|8
4.2|96.56|1088|412|5.2|5.2|5|8
4.3|96.56|1082|412|5.2|5.2|5|8
4.4|96.57|1082|412|5.2|5.2|5|8
4.5|96.51|1085|412|5.2|5.2|5|8
4.6|96.56|1088|412|5.2|5.2|5|8
4.7|96.56|1088|412|5.2|5.2|5|8
4.8|96.53|1088|412|5.2|5.2|5|8
4.9|96.55|1088|412|5.2|5.2|5|8
5|96.56|1088|412|5.2|5.2|5|8
5.1|96.56|1088|412|5.2|5.2|2|8
5.2|96.51|1088|412|5.2|5.2|2|8
5.3|96.13|1090|412|5.2|5.2|2|8
5.4|95.7|1101|412|5.2|5.2|2|8
5.5|95.21|1271|412|5.2|5.2|2|8
5.6|94.79|1284|412|5.2|5.2|2|8
5.7|94.33|1701|413|5.2|5.2|3|8
5.8|93.94|1786|414|5.2|5.2|3|8
5.9|93.82|1796|414|5.2|5.2|3|8
6|93.82|1799|414|5.2|5.2|3|8
6.1|93.69|1804|415|5.2|5.2|3|8
6.2|93.64|1807|415|5.2|5.2|3|8
6.3|93.69|1807|414|5.2|5.2|3|8
6.4|93.7|1809|415|5.2|5.2|3|8
6.5|93.69|1812|414|5.2|5.2|3|8
6.6|93.68|1812|414|5.2|5.2|3|8
6.7|93.69|1814|414|5.2|5.2|3|8
6.8|93.68|1814|414|5.2|5.2|3|8
6.9|93.68|1814|414|5.2|5.2|3|8
7|93.65|1817|414|5.2|5.2|3|8
7.1|93.65|1817|414|5.3|5.2|3|8
7.2|93.66|1817|414|5.3|5.3|3|8
7.3|93.66|1820|414|5.3|5.3|3|8
7.4|93.66|1820|414|5.3|5.3|3|8
7.5|93.69|1820|414|5.3|5.3|3|8
7.6|93.68|1822|414|5.3|5.3|3|8
7.7|93.66|1822|414|5.3|5.3|4|8
7.8|93.76|1822|414|5.3|5.3|4|8
7.9|94.12|1809|414|5.3|5.3|4|8
8|94.52|1776|414|5.3|5.3|4|8
8.1|95.04|1503|414|5.3|5.3|4|8
8.2|95.51|1088|412|5.3|5.3|5|8
8.3|95.66|1077|411|5.3|5.3|5|8
8.4|95.73|1077|411|5.3|5.3|5|8
8.5|95.82|1075|411|5.3|5.3|5|8
8.6|95.84|1075|411|5.3|5.3|5|8
8.7|95.82|1075|411|5.3|5.3|5|8
8.8|95.77|1075|411|5.3|5.3|5|8
8.9|95.82|1075|411|5.3|5.3|5|8
9|95.82|1075|411|5.3|5.3|5|8
9.1|95.8|1075|411|5.3|5.3|5|8
9.2|95.8|1075|411|5.3|5.3|5|8
9.3|95.76|1075|411|5.3|5.3|5|8
9.4|95.82|1075|411|5.3|5.3|5|8
9.5|95.81|1075|411|5.3|5.3|5|8
9.6|95.78|1075|411|5.3|5.3|5|8
9.7|95.82|1072|411|5.3|5.3|5|8
9.8|95.84|1072|410|5.3|5.3|5|8
9.9|95.8|1072|410|5.3|5.3|5|8
10|95.78|1075|410|5.3|5.3|5|8
10.1|95.8|1075|410|5.3|5.3|5|8
10.2|95.81|1080|408|5.3|5.3|2|8
10.3|95.54|1080|399|5.3|5.3|2|8
10.4|95.12|1082|396|5.3|5.3|2|8
10.5|94.7|1235|396|5.3|5.3|2|8
10.6|94.25|1572|395|5.3|5.3|3|8
10.7|93.84|1799|395|5.3|5.3|3|8
10.8|93.66|1825|395|5.3|5.3|3|8
10.9|93.57|1835|395|5.3|5.3|3|8
11|93.53|1843|395|5.3|5.3|3|8
11.1|93.51|1845|395|5.3|5.3|3|8
11.2|93.53|1848|395|5.3|5.3|3|8
11.3|93.51|1851|395|5.3|5.3|3|8
11.4|93.51|1851|395|5.4|5.4|3|8
11.5|93.53|1851|394|5.4|5.4|3|8
11.6|93.51|1853|395|5.4|5.4|3|8
11.7|93.5|1853|395|5.4|5.4|3|8
11.8|93.51|1856|395|5.4|5.4|3|8
11.9|93.53|1856|395|5.4|5.4|3|8
12|93.51|1858|395|5.4|5.4|3|8
12.1|93.54|1858|394|5.4|5.4|3|8
12.2|93.53|1858|395|5.4|5.4|3|8
12.3|93.53|1861|394|5.4|5.4|3|8
12.4|93.51|1858|394|5.4|5.4|3|8
12.5|93.54|1861|394|5.4|5.4|3|8
12.6|93.51|1861|394|5.4|5.4|4|8
12.7|93.58|1861|394|5.4|5.4|4|8
12.8|93.85|1851|394|5.4|5.4|4|8
12.9|94.28|1809|394|5.4|5.4|4|8
13|94.86|1495|394|5.4|5.4|4|8
13.1|95.25|1101|394|5.4|5.4|5|8
13.2|95.43|1095|394|5.4|5.4|5|8
13.3|95.5|1093|394|5.4|5.4|5|8
13.4|95.55|1090|394|5.4|5.4|5|8
13.5|95.57|1090|394|5.4|5.4|5|8
13.6|95.59|1090|394|5.4|5.4|5|8
13.7|95.5|1090|394|5.4|5.4|5|8
13.8|95.53|1090|394|5.4|5.4|5|8
13.9|95.54|1090|394|5.4|5.4|5|8
14|95.54|1090|394|5.4|5.4|5|8
14.1|95.55|1090|394|5.4|5.4|5|8
14.2|95.61|1088|394|5.4|5.4|5|8
14.3|95.54|1088|394|5.4|5.4|5|8
14.4|95.5|1088|394|5.4|5.4|5|8
14.5|95.53|1088|394|5.4|5.4|5|8
14.6|95.54|1088|393|5.4|5.4|5|8
14.7|95.53|1088|393|5.4|5.4|5|8
14.8|95.53|1088|394|5.4|5.4|5|8
14.9|95.51|1088|393|5.4|5.4|5|8
15|95.54|1088|393|5.4|5.4|5|8
15.1|95.61|1088|394|5.4|5.4|2|8
15.2|95.26|1088|394|5.4|5.4|2|8
15.3|94.87|1088|394|5.4|5.4|2|8
15.4|94.4|1276|394|5.4|5.4|2|8
15.5|93.97|1758|394|5.4|5.4|3|8
15.6|93.69|1825|394|5.4|5.4|3|8
15.7|93.55|1845|394|5.4|5.4|3|8
15.8|93.53|1853|394|5.4|5.4|3|8
15.9|93.51|1858|394|5.4|5.4|3|8
16|93.46|1863|394|5.4|5.4|3|8
16.1|93.46|1866|394|5.4|5.4|3|8
16.2|93.47|1871|394|5.4|5.4|3|8
16.3|93.45|1871|394|5.4|5.4|3|8
16.4|93.49|1874|394|5.4|5.4|3|8
16.5|93.45|1874|394|5.4|5.4|3|8
16.6|93.47|1876|394|5.4|5.4|3|8
16.7|93.47|1876|394|5.4|5.4|3|8
16.8|93.46|1879|394|5.4|5.4|3|8
16.9|93.47|1879|394|5.4|5.4|3|8
17|93.45|1879|394|5.4|5.4|3|8
17.1|93.47|1881|394|5.4|5.4|3|8
17.2|93.46|1881|394|5.4|5.4|3|8
17.3|93.46|1881|394|5.4|5.4|3|8
17.4|93.46|1881|394|5.4|5.4|3|8
17.5|93.47|1884|394|5.4|5.4|4|8
17.6|93.55|1881|394|5.4|5.4|4|8
17.7|93.93|1843|394|5.4|5.4|4|8
17.8|94.47|1807|394|5.4|5.4|4|8
17.9|94.96|1139|394|5.4|5.4|5|8
18|95.22|1103|394|5.4|5.4|5|8
18.1|95.34|1101|393|5.4|5.4|5|8
18.2|95.37|1098|393|5.4|5.4|5|8
18.3|95.39|1098|393|5.4|5.4|5|8
18.4|95.41|1095|393|5.4|5.4|5|8
18.5|95.43|1095|393|5.4|5.4|5|8
18.6|95.41|1095|393|5.4|5.4|5|8
18.7|95.39|1095|393|5.4|5.4|5|8
18.8|95.39|1093|393|5.4|5.4|5|8
18.9|95.35|1093|393|5.4|5.4|5|8
19|95.39|1093|393|5.4|5.4|5|8
19.1|95.39|1093|393|5.4|5.4|5|8
19.2|95.38|1093|393|5.4|5.4|5|8
19.3|95.38|1093|393|5.4|5.4|5|8
19.4|95.39|1093|393|5.4|5.4|5|8
19.5|95.38|1093|393|5.4|5.4|5|8
19.6|95.41|1093|393|5.4|5.4|5|8
19.7|95.43|1093|393|5.4|5.4|5|8
19.8|95.46|1090|393|5.4|5.4|5|8
19.9|95.39|1090|393|5.4|5.4|2|8
20|95.22|1090|393|5.4|5.4|2|8
20.1|94.87|1093|393|5.4|5.4|2|8
20.2|94.41|1165|393|5.4|5.4|2|8
20.3|93.98|1716|394|5.4|5.4|3|8
20.4|93.64|1814|394|5.4|5.4|3|8
20.5|93.54|1853|394|5.4|5.4|3|8
20.6|93.39|1863|394|5.4|5.4|3|8
20.7|93.37|1871|394|5.4|5.4|3|8
20.8|93.45|1871|394|5.4|5.4|3|8
20.9|93.38|1876|394|5.4|5.4|3|8
21|93.43|1879|394|5.4|5.4|3|8
21.1|93.39|1881|394|5.4|5.4|3|8
21.2|93.39|1881|394|5.4|5.4|3|8
21.3|93.41|1884|394|5.4|5.4|3|8
21.4|93.39|1884|394|5.4|5.4|3|8
21.5|93.38|1887|394|5.4|5.4|3|8
21.6|93.43|1887|394|5.4|5.4|3|8
21.7|93.39|1887|394|5.4|5.4|3|8
21.8|93.43|1887|394|5.4|5.4|3|8
21.9|93.39|1889|394|5.4|5.4|3|8
22|93.43|1889|394|5.4|5.4|3|8
22.1|93.41|1889|394|5.4|5.4|3|8
22.2|93.42|1889|394|5.4|5.4|3|8
22.3|93.39|1889|394|5.4|5.4|4|8
22.4|93.49|1889|394|5.4|5.4|4|8
22.5|93.82|1863|394|5.4|5.4|4|8
22.6|94.35|1727|394|5.4|5.4|4|8
22.7|94.78|1113|394|5.4|5.4|5|8
22.8|94.94|1103|394|5.4|5.4|5|8
22.9|95.06|1101|394|5.4|5.4|5|8
23|95.02|1098|394|5.4|5.4|5|8
23.1|95.08|1095|394|5.4|5.4|5|8
23.2|95.1|1095|394|5.4|5.4|5|8
23.3|95.08|1093|394|5.4|5.4|5|8
23.4|95.1|1093|394|5.4|5.4|5|8
23.5|95.1|1093|394|5.4|5.4|5|8
23.6|95.1|1093|394|5.4|5.4|5|8
23.7|95.11|1093|394|5.4|5.4|5|8
23.8|95.17|1093|394|5.4|5.4|5|8
23.9|95.08|1090|394|5.4|5.4|5|8
24|95.06|1090|394|5.4|5.4|5|8
24.1|95.1|1090|394|5.4|5.4|5|8
24.2|95.11|1090|394|5.4|5.4|5|8
24.3|95.17|1090|394|5.4|5.4|5|8
24.4|95.12|1090|394|5.4|5.4|5|8
24.5|95.1|1090|394|5.4|5.4|5|8
24.6|95.06|1090|394|5.4|5.4|5|8
24.7|95.12|1090|394|5.4|5.4|2|8
24.8|94.86|1090|394|5.4|5.4|2|8
24.9|94.44|1090|394|5.4|5.4|2|8
25|94|1510|394|5.4|5.4|2|8
25.1|93.58|1812|394|5.4|5.4|3|8
25.2|93.42|1861|394|5.4|5.4|3|8
25.3|93.35|1874|394|5.4|5.4|3|8
25.4|93.34|1879|394|5.4|5.4|3|8
25.5|93.39|1884|394|5.4|5.4|3|8
25.6|93.22|1887|394|5.4|5.4|3|8
25.7|93.29|1887|394|5.4|5.4|3|8
25.8|93.33|1887|394|5.4|5.4|3|8
25.9|93.34|1889|394|5.4|5.4|3|8
26|93.39|1889|394|5.4|5.4|3|8
26.1|93.23|1892|394|5.4|5.4|3|8
26.2|93.3|1892|394|5.4|5.4|3|8
26.3|93.31|1894|394|5.4|5.4|3|8
26.4|93.31|1892|394|5.4|5.4|3|8
26.5|93.3|1892|394|5.4|5.4|3|8
26.6|93.31|1892|394|5.4|5.4|3|8
26.7|93.33|1894|394|5.4|5.4|3|8
26.8|93.38|1894|394|5.4|5.4|3|8
26.9|93.23|1894|394|5.4|5.4|3|8
27|93.29|1894|394|5.4|5.4|3|8
27.1|93.33|1897|394|5.4|5.4|4|8
27.2|93.6|1889|394|5.4|5.4|4|8
27.3|94.15|1466|395|5.4|5.4|4|8
27.4|94.48|1108|394|5.4|5.4|5|8
27.5|94.71|1101|394|5.4|5.4|5|8
27.6|94.68|1098|394|5.4|5.4|5|8
27.7|94.7|1098|394|5.4|5.4|5|8
27.8|94.75|1095|394|5.4|5.4|5|8
27.9|94.78|1095|394|5.4|5.4|5|8
28|94.78|1093|394|5.4|5.4|5|8
28.1|94.76|1093|394|5.4|5.4|5|8
28.2|94.75|1090|394|5.4|5.4|5|8
28.3|94.75|1090|394|5.4|5.4|5|8
28.4|94.75|1090|394|5.4|5.4|5|8
28.5|94.74|1090|394|5.4|5.4|5|8
28.6|94.7|1090|394|5.4|5.4|5|8
28.7|94.75|1090|394|5.4|5.4|5|8
28.8|94.75|1090|394|5.4|5.4|5|8
28.9|94.78|1090|394|5.4|5.4|5|8
29|94.76|1090|394|5.4|5.4|5|8
29.1|94.75|1090|394|5.4|5.4|5|8
29.2|94.75|1088|394|5.4|5.4|5|8
29.3|94.72|1090|394|5.4|5.4|5|8
29.4|94.76|1090|394|5.4|5.4|2|8
29.5|94.41|1090|394|5.4|5.4|2|8
29.6|94|1093|394|5.4|5.4|2|8
29.7|93.6|1760|394|5.4|5.4|3|8
29.8|93.35|1856|394|5.4|5.4|3|8
29.9|93.25|1874|394|5.4|5.4|3|8
30|93.19|1879|394|5.4|5.4|3|8
30.1|93.17|1887|394|5.4|5.4|3|8
30.2|93.04|1892|394|5.4|5.4|3|8
30.3|93.14|1892|394|5.4|5.4|3|8
30.4|93.14|1894|394|5.4|5.4|3|8
30.5|93.11|1897|394|5.4|5.4|3|8
30.6|93.13|1897|394|5.4|5.4|3|8
30.7|93.14|1897|394|5.4|5.4|3|8
30.8|93.09|1897|394|5.4|5.4|3|8
30.9|93.11|1899|394|5.4|5.4|3|8
31|93.11|1899|394|5.4|5.4|3|8
31.1|93.13|1899|394|5.4|5.4|3|8
31.2|93.15|1902|394|5.4|5.4|3|8
31.3|93.09|1902|395|5.4|5.4|3|8
31.4|93.13|1902|394|5.4|5.4|3|8
31.5|93.1|1899|394|5.4|5.4|3|8
31.6|93.13|1902|394|5.4|5.4|3|8
31.7|93.13|1902|394|5.4|5.4|4|8
31.8|93.19|1902|395|5.4|5.4|4|8
31.9|93.66|1845|395|5.4|5.4|4|8
32|94.16|1137|396|5.4|5.4|5|8
32.1|94.36|1101|395|5.4|5.4|5|8
32.2|94.45|1098|395|5.4|5.4|5|8
32.3|94.53|1095|394|5.4|5.4|5|8
32.4|94.55|1095|394|5.4|5.4|5|8
32.5|94.55|1093|394|5.4|5.4|5|8
32.6|94.55|1093|394|5.4|5.4|5|8
32.7|94.63|1093|394|5.4|5.4|5|8
32.8|94.53|1090|394|5.4|5.4|5|8
32.9|94.49|1090|394|5.4|5.4|5|8
33|94.53|1090|394|5.4|5.4|5|8
33.1|94.53|1090|394|5.4|5.4|5|8
33.2|94.55|1090|394|5.4|5.4|5|8
33.3|94.53|1088|394|5.4|5.4|5|8
33.4|94.53|1088|394|5.4|5.4|5|8
33.5|94.52|1088|394|5.4|5.4|5|8
33.6|94.61|1088|394|5.4|5.4|5|8
33.7|94.55|1090|394|5.4|5.4|5|8
33.8|94.51|1088|394|5.4|5.4|5|8
33.9|94.53|1088|394|5.4|5.4|5|8
34|94.55|1088|394|5.4|5.4|2|8
34.1|94.39|1088|394|5.4|5.4|2|8
34.2|94.01|1088|394|5.4|5.4|2|8
34.3|93.6|1536|394|5.4|5.4|2|8
34.4|93.27|1845|394|5.4|5.4|3|8
34.5|93.03|1874|394|5.4|5.4|3|8
34.6|93|1884|394|5.4|5.4|3|8
34.7|92.9|1889|394|5.4|5.4|3|8
34.8|92.92|1892|394|5.4|5.4|3|8
34.9|92.94|1894|394|5.4|5.4|3|8
35|92.9|1897|394|5.4|5.4|3|8
35.1|92.94|1899|394|5.4|5.4|3|8
35.2|92.91|1902|394|5.4|5.4|3|8
35.3|92.91|1905|395|5.4|5.4|3|8
35.4|92.92|1905|395|5.4|5.4|3|8
35.5|92.92|1905|394|5.4|5.4|3|8
35.6|92.92|1907|394|5.4|5.4|3|8
35.7|92.91|1907|395|5.4|5.4|3|8
35.8|92.91|1907|395|5.4|5.4|3|8
35.9|92.91|1907|395|5.4|5.4|3|8
36|92.92|1907|395|5.4|5.4|3|8
36.1|92.91|1907|395|5.4|5.4|3|8
36.2|92.91|1907|395|5.4|5.4|3|8
36.3|92.92|1907|395|5.4|5.4|3|8
36.4|92.94|1910|395|5.4|5.4|4|8
36.5|93.21|1905|395|5.4|5.4|4|8
36.6|93.73|1665|396|5.4|5.4|4|8
36.7|94.1|1108|396|5.4|5.4|2|8
36.8|94.19|1098|395|5.4|5.4|2|8
36.9|94.23|1095|394|5.4|5.4|2|8
37|94.1|1095|394|5.4|5.4|2|8
37.1|94.08|1093|394|5.4|5.4|2|8
37.2|94.06|1093|394|5.4|5.4|2|8
37.3|93.92|1093|394|5.4|5.4|2|8
37.4|93.93|1090|394|5.4|5.4|2|8
37.5|93.85|1090|394|5.4|5.4|2|8
37.6|93.86|1090|394|5.4|5.4|2|8
37.7|93.69|1090|394|5.4|5.4|2|8
37.8|93.62|1090|394|5.4|5.4|2|8
37.9|93.66|1101|394|5.4|5.4|2|8
38|93.54|1204|395|5.4|5.4|2|8
38.1|93.55|1204|396|5.4|5.4|2|8
38.2|93.42|1147|396|5.4|5.4|2|8
38.3|93.34|1619|395|5.4|5.4|2|8
38.4|93.33|1706|396|5.4|5.4|2|8
38.5|93.49|1688|396|5.4|5.4|2|8
38.6|93.62|1402|396|5.4|5.4|2|8
38.7|93.77|1095|395|5.4|5.4|2|8
38.8|93.84|1090|395|5.4|5.4|2|8
38.9|93.81|1090|394|5.4|5.4|2|8
39|93.85|1090|394|5.4|5.4|2|8
39.1|93.64|1088|394|5.4|5.4|2|8
39.2|93.61|1088|394|5.4|5.4|2|8
39.3|93.57|1088|394|5.4|5.4|2|8
39.4|93.57|1090|394|5.4|5.4|2|8
39.5|93.53|1108|394|5.4|5.4|2|8
39.6|93.41|1106|394|5.4|5.4|2|8
39.7|93.33|1454|395|5.4|5.4|2|8
39.8|93.27|1724|395|5.4|5.4|2|8
39.9|93.33|1735|396|5.4|5.4|2|8
40|93.51|1278|396|5.4|5.4|2|8
40.1|93.74|1093|395|5.4|5.4|2|8
40.2|93.72|1090|394|5.4|5.4|2|8
40.3|93.68|1088|394|5.4|5.4|2|8
40.4|93.62|1088|394|5.4|5.4|2|8
40.5|93.57|1088|394|5.4|5.4|2|8
40.6|93.54|1088|394|5.4|5.4|2|8
40.7|93.54|1088|394|5.4|5.4|2|8
40.8|93.39|1095|394|5.4|5.4|2|8
40.9|93.37|1152|394|5.4|5.4|2|8
41|93.3|1567|395|5.4|5.4|2|8
41.1|93.26|1755|396|5.4|5.4|2|8
41.2|93.41|1709|396|5.4|5.4|2|8
41.3|93.54|1361|396|5.4|5.4|2|8
41.4|93.73|1095|395|5.4|5.4|2|8
41.5|93.72|1088|394|5.4|5.4|2|8
41.6|93.62|1088|394|5.4|5.4|2|8
41.7|93.61|1085|394|5.4|5.4|2|8
41.8|93.55|1088|394|5.4|5.4|2|8
41.9|93.54|1098|394|5.4|5.4|2|8
42|93.39|1201|394|5.4|5.4|2|8
42.1|93.43|1121|395|5.4|5.4|2|8
42.2|93.39|1250|395|5.4|5.4|2|8
42.3|93.19|1144|395|5.4|5.4|2|8
42.4|93.19|1258|395|5.4|5.4|2|8
42.5|93.19|1327|396|5.4|5.4|2|8
42.6|93|1709|395|5.4|5.4|2|8
42.7|93.15|1722|396|5.4|5.4|2|8
42.8|93.27|1662|396|5.4|5.4|2|8
42.9|93.47|1103|395|5.4|5.4|2|8
43|93.54|1090|394|5.4|5.4|2|8
43.1|93.57|1088|394|5.4|5.4|2|8
43.2|93.43|1088|394|5.4|5.4|2|8
43.3|93.38|1090|394|5.4|5.4|2|8
43.4|93.43|1085|394|5.4|5.4|2|8
43.5|93.38|1116|394|5.4|5.4|2|8
43.6|93.21|1103|395|5.4|5.4|2|8
43.7|93.21|1085|394|5.4|5.4|2|8
43.8|93.18|1098|394|5.4|5.4|2|8
43.9|93.03|1348|394|5.4|5.4|2|8
44|93.03|1353|396|5.4|5.4|2|8
44.1|92.95|1446|396|5.4|5.4|2|8
44.2|92.92|1332|396|5.4|5.4|2|8
44.3|92.8|1657|396|5.4|5.4|2|8
44.4|92.8|1668|396|5.4|5.4|2|8
44.5|92.94|1191|396|5.4|5.4|2|8
44.6|93.04|1088|395|5.4|5.4|2|8
44.7|93.07|1085|394|5.4|5.4|2|8
44.8|93.02|1082|394|5.4|5.4|2|8
44.9|92.92|1082|394|5.4|5.4|2|8
45|92.91|1088|394|5.4|5.4|2|8
45.1|92.87|1088|395|5.4|5.4|2|8
45.2|92.75|1304|396|5.4|5.4|2|8
45.3|92.7|1286|396|5.4|5.4|2|8
45.4|92.67|1131|396|5.4|5.4|2|8
45.5|92.63|1438|396|5.4|5.4|2|8
45.6|92.63|1348|396|5.4|5.4|2|8
45.7|92.36|1374|396|5.4|5.4|2|8
45.8|92.36|1090|396|5.4|5.4|2|8
45.9|92.41|1219|396|5.4|5.4|2|8
46|92.29|1216|396|5.4|5.4|2|8
46.1|92.17|1206|396|5.4|5.4|2|8
46.2|92.15|1160|395|5.4|5.4|2|8
46.3|92.11|1186|395|5.4|5.4|2|8
46.4|91.94|1196|395|5.4|5.4|2|8
46.5|91.9|1103|396|5.4|5.4|2|8
46.6|91.89|1211|395|5.4|5.4|2|8
46.7|91.8|1188|396|5.4|5.4|2|8
46.8|91.76|1204|396|5.4|5.4|2|8
46.9|91.61|1173|396|5.4|5.4|2|8
47|91.6|1188|396|5.4|5.4|2|8
47.1|91.54|1149|396|5.4|5.4|2|8
47.2|91.39|1232|396|5.4|5.4|2|8
47.3|91.29|1291|396|5.4|5.4|2|8
47.4|91.26|1098|396|5.4|5.4|2|8
47.5|91.23|1186|396|5.4|5.4|2|8
47.6|91.05|1253|396|5.4|5.4|2|8
47.7|91.05|1180|396|5.4|5.4|2|8
47.8|90.91|1160|395|5.4|5.4|2|8
47.9|90.82|1108|395|5.4|5.4|2|8
48|90.74|1196|396|5.4|5.4|2|8
48.1|90.59|1113|396|5.4|5.4|2|8
48.2|90.58|1183|396|5.4|5.4|2|8
48.3|90.52|1196|396|5.4|5.4|2|8
48.4|90.37|1294|396|5.4|5.4|2|8
48.5|90.32|1206|396|5.4|5.4|2|8
48.6|90.2|1278|396|5.4|5.4|2|8
48.7|90.09|1263|396|5.4|5.4|2|8
48.8|90.04|1204|396|5.4|5.4|2|8
48.9|89.86|1271|396|5.4|5.4|2|8
49|89.81|1144|396|5.4|5.4|2|8
49.1|89.78|1204|396|5.4|5.4|2|8
49.2|89.61|1273|396|5.4|5.4|2|8
49.3|89.54|1126|396|5.4|5.4|2|8
49.4|89.42|1170|396|5.4|5.4|2|8
49.5|89.3|1201|396|5.4|5.4|2|8
49.6|89.19|1229|396|5.4|5.4|2|8
49.7|89.11|1191|396|5.4|5.4|2|8
49.8|88.98|1240|396|5.4|5.4|2|8
49.9|88.86|1165|396|5.4|5.4|2|8
50|88.76|1405|396|5.4|5.4|2|8
50.1|88.64|1216|396|5.4|5.4|2|8
50.2|88.54|1149|395|5.4|5.4|2|8
50.3|88.39|1263|395|5.4|5.4|2|8
50.4|88.25|1175|396|5.4|5.4|2|8
50.5|88.2|1299|396|5.4|5.4|2|8
50.6|88.04|1180|396|5.4|5.4|2|8
50.7|87.96|1229|396|5.4|5.4|2|8
50.8|87.84|1198|396|5.4|5.4|2|8
50.9|87.69|1250|395|5.4|5.4|2|8
51|87.54|1188|395|5.4|5.4|2|8
51.1|87.38|1193|396|5.4|5.4|2|8
51.2|87.3|1204|396|5.4|5.4|2|8
51.3|87.15|1209|396|5.4|5.4|2|8
51.4|87.07|1260|396|5.4|5.4|2|8
51.5|86.9|1237|396|5.4|5.4|2|8
51.6|86.79|1134|396|5.4|5.4|2|8
51.7|86.62|1219|396|5.4|5.4|2|8
51.8|86.46|1320|396|5.4|5.4|2|8
51.9|86.32|1250|396|5.4|5.4|2|8
52|86.17|1332|396|5.4|5.4|2|8
52.1|86.05|1214|396|5.4|5.4|2|8
52.2|85.93|1253|396|5.4|5.4|2|8
52.3|85.76|1327|396|5.4|5.4|2|8
52.4|85.56|1211|396|5.4|5.4|2|8
52.5|85.41|1268|397|5.4|5.4|2|8
52.6|85.23|1314|396|5.4|5.4|2|8
52.7|85.09|1299|396|5.4|5.4|2|8
52.8|84.94|1211|396|5.4|5.4|2|8
52.9|84.82|1353|396|5.4|5.4|2|8
53|84.59|1201|396|5.4|5.4|2|8
53.1|84.38|1193|396|5.4|5.4|2|8
53.2|84.24|1348|396|5.4|5.4|2|8
53.3|84.09|1335|397|5.4|5.4|2|8
53.4|83.92|1402|396|5.4|5.4|2|8
53.5|83.73|1309|396|5.4|5.4|2|8
53.6|83.6|1374|396|5.4|5.4|2|8
53.7|83.4|1338|396|5.4|5.4|2|8
53.8|83.21|1240|397|5.4|5.4|2|8
53.9|82.98|1289|397|5.4|5.4|2|8
54|82.79|1204|396|5.4|5.4|2|8
54.1|82.66|1294|396|5.4|5.4|2|8
54.2|82.42|1271|396|5.4|5.4|2|8
54.3|81.68|1758|396|5.4|5.4|6|8
54.4|79.17|1941|396|5.4|5.4|6|8
54.5|76.43|222|396|5.4|5.4|7|8
54.6|73.95|0|394|5.4|5.4|7|8
54.7|72.57|0|394|5.4|5.4|7|8
54.8|71.99|0|393|5.4|5.4|7|8
54.9|71.75|0|392|5.4|5.4|7|8
55|71.64|0|392|5.4|5.4|7|8
55.1|71.59|0|392|5.4|5.4|7|8
55.2|71.52|0|392|5.4|5.4|7|8
55.3|71.49|0|392|5.4|5.4|7|8
55.4|71.43|0|392|5.4|5.4|7|8
55.5|71.51|0|392|5.4|5.4|7|8
55.6|71.51|0|392|5.4|5.4|7|8
55.7|71.52|0|392|5.4|5.4|7|8
55.8|71.57|0|392|5.4|5.4|7|8
55.9|71.51|0|392|5.4|5.4|7|8
56|71.51|0|392|5.4|5.4|7|8
56.1|71.51|0|392|5.4|5.4|7|8
56.2|71.52|0|392|5.4|5.4|7|8
56.3|71.52|0|392|5.4|5.4|7|8
56.4|71.49|0|392|5.4|5.4|7|8
56.5|71.48|0|392|5.4|5.4|7|8
56.6|71.48|0|392|5.4|5.4|7|8
56.7|71.57|0|392|5.4|5.4|7|8
56.8|71.47|0|392|5.4|5.4|7|8
56.9|71.44|0|392|5.4|5.4|7|8
57|71.51|0|392|5.4|5.4|7|8
57.1|71.52|0|392|5.4|5.4|7|8
57.2|71.49|0|392|5.4|5.4|7|8
57.3|71.49|0|392|5.4|5.4|7|8
57.4|71.49|0|392|5.4|5.4|7|8
57.5|71.49|0|392|5.4|5.4|7|8
57.6|71.49|0|392|5.4|5.4|7|8
57.7|71.49|0|392|5.4|5.4|7|8
57.8|71.49|0|392|5.4|5.4|7|8
57.9|71.49|0|392|5.4|5.4|7|8
58|71.49|0|392|5.4|5.4|7|8
58.1|71.49|0|392|5.4|5.4|7|8
58.2|71.47|0|392|5.4|5.4|7|8
58.3|71.48|0|392|5.4|5.4|7|8
58.4|71.52|0|392|5.4|5.4|7|8
58.5|71.48|0|392|5.4|5.4|7|8
58.6|71.48|0|392|5.4|5.4|7|8
58.7|71.47|0|392|5.4|5.4|7|8
58.8|71.48|0|392|5.4|5.4|7|8
58.9|71.56|0|392|5.4|5.4|7|8
59|71.47|0|392|5.4|5.4|7|8
59.1|71.48|0|392|5.4|5.4|7|8
59.2|71.45|0|392|5.4|5.4|7|8
59.3|71.52|0|392|5.4|5.4|7|8
59.4|71.49|0|392|5.4|5.4|7|8
59.5|71.49|0|392|5.4|5.4|7|8
59.6|71.49|0|392|5.4|5.4|7|8
59.7|71.47|0|392|5.4|5.4|7|8
59.8|71.49|0|392|5.4|5.4|7|8
59.9|71.49|0|392|5.4|5.4|7|8
60|71.48|0|392|5.4|5.4|7|8
60.1|71.48|0|392|5.4|5.4|7|8
60.2|71.43|0|392|5.4|5.4|7|8
60.3|71.49|0|392|5.4|5.4|7|8
60.4|71.49|0|392|5.4|5.4|7|8
60.5|71.48|0|392|5.4|5.4|7|8
60.6|71.49|0|392|5.4|5.4|7|8
60.7|71.48|0|392|5.4|5.4|7|8
60.8|71.48|0|392|5.4|5.4|7|8
60.9|71.48|0|392|5.4|5.4|7|8
61|71.48|0|392|5.4|5.4|7|8
61.1|71.48|0|392|5.4|5.4|7|8
61.2|71.48|0|392|5.4|5.4|7|8
61.3|71.48|0|392|5.4|5.4|7|8
61.4|71.48|0|392|5.4|5.4|7|8
61.5|71.48|0|392|5.4|5.4|7|8
61.6|71.48|0|392|5.4|5.4|7|8
61.7|71.48|0|392|5.4|5.4|7|8
61.8|71.48|0|392|5.4|5.4|7|8
61.9|71.48|0|392|5.4|5.4|7|8
62|71.48|0|392|5.4|5.4|7|8
62.1|71.48|0|392|5.4|5.4|7|8
62.2|71.48|0|392|5.4|5.4|7|8
62.3|71.48|0|392|5.4|5.4|7|8
62.4|71.48|0|391|5.4|5.4|7|8
62.5|71.48|0|391|5.4|5.4|7|8
62.6|71.48|0|391|5.4|5.4|7|8
62.7|71.47|0|391|5.4|5.4|7|8
62.8|71.47|0|391|5.4|5.4|7|8
62.9|71.48|0|392|5.4|5.4|7|8
63|71.48|0|392|5.4|5.4|7|8
63.1|71.48|0|392|5.4|5.4|7|8
63.2|71.48|0|392|5.4|5.4|7|8
63.3|71.48|0|392|5.4|5.4|7|8
63.4|71.47|0|392|5.4|5.4|7|8
63.5|71.47|0|392|5.4|5.4|7|8
63.6|71.48|0|392|5.4|5.4|7|8
63.7|71.48|0|392|5.4|5.4|7|8
63.8|71.47|0|392|5.4|5.4|7|8
63.9|71.48|0|392|5.4|5.4|7|8
64|71.47|0|392|5.4|5.4|7|8
64.1|71.47|0|391|5.4|5.4|7|8
64.2|71.47|0|391|5.4|5.4|7|8
64.3|71.47|0|391|5.4|5.4|7|8
64.4|71.48|0|392|5.4|5.4|7|8
64.5|71.48|0|392|5.4|5.4|7|8
64.6|71.47|0|392|5.4|5.4|7|8
64.7|71.47|0|392|5.4|5.4|7|8
64.8|71.48|0|392|5.4|5.4|7|8
64.9|71.47|0|392|5.4|5.4|7|8
65|71.47|0|392|5.4|5.4|7|8
65.1|71.47|0|392|5.4|5.4|7|8
65.2|71.47|0|398|5.4|5.4|7|8
65.3|71.47|0|405|5.4|5.4|7|8
65.4|71.47|0|408|5.4|5.4|7|8
65.5|71.48|0|409|5.4|5.4|7|8
65.6|71.47|0|409|5.4|5.4|7|8
65.7|71.47|0|409|5.5|5.4|7|8
65.8|71.47|0|409|5.4|5.4|7|8
65.9|71.47|0|410|5.4|5.4|7|8
66|71.47|0|410|5.4|5.4|7|8
66.1|71.48|0|410|5.4|5.4|7|8
66.2|71.47|0|410|5.4|5.4|7|8
66.3|71.47|0|410|5.4|5.4|7|8
66.4|71.49|0|410|5.4|5.4|7|8
66.5|71.47|0|410|5.4|5.4|7|8
66.6|71.47|0|410|5.4|5.4|7|8
66.7|71.47|0|410|5.4|5.4|7|8
66.8|71.47|0|410|5.4|5.4|7|8
66.9|71.47|0|411|5.4|5.4|7|8
67|71.45|0|411|5.4|5.4|7|8
67.1|71.47|0|411|5.5|5.4|7|8
67.2|71.47|0|410|5.4|5.4|7|8
67.3|71.47|0|410|5.4|5.4|7|8
67.4|71.47|0|410|5.4|5.4|7|8
67.5|71.47|0|411|5.4|5.4|8|8
67.6|71.44|0|411|5.4|5.4|8|8
67.7|71.37|0|411|5.4|5.4|8|8
67.8|71.38|0|411|5.4|5.4|8|8
67.9|71.41|0|411|5.4|5.4|8|8
68|71.41|0|411|5.4|5.4|8|8
68.1|71.36|0|411|5.4|5.4|8|8
68.2|71.4|0|411|5.4|5.4|8|8
68.3|71.43|0|411|5.4|5.4|8|8
68.4|71.43|0|411|5.4|5.4|8|8
68.5|71.37|0|411|5.4|5.4|8|8
68.6|71.43|0|411|5.4|5.3|8|8
68.7|71.43|0|411|5.3|5.3|8|8
68.8|71.4|0|411|5.3|5.3|8|8
68.9|71.4|0|411|5.3|5.3|8|8
69|71.45|0|411|5.3|5.2|8|8
69.1|71.4|0|411|5.3|5.3|8|8
69.2|71.41|0|411|5.3|5.3|8|8
69.3|71.43|0|411|5.3|5.3|8|8
69.4|71.43|0|411|5.3|5.3|8|8
69.5|71.44|0|411|5.2|5.2|8|8
69.6|73.77|0|411|5.2|5.2|8|8
69.7|76.79|0|411|5.2|5.2|8|8
69.8|79.81|0|411|5.2|5.2|8|8
69.9|82.81|0|411|5.2|5.2|8|8
70|85.77|0|411|5.2|5.2|8|8
70.1|88.66|0|411|5.2|5.2|8|8
70.2|91.61|0|411|5.2|5.2|8|8
70.3|94.19|0|411|5.2|5.2|8|8
70.4|95.33|0|411|5.2|5.2|8|8
70.5|95.82|0|411|5.2|5.2|8|8
