0|96.02|894|412|5.1|5.1|1|8
0.1|96.02|1039|416|5.1|5.1|1|8
0.2|96.04|1044|418|5.1|5.1|1|8
0.3|96.04|1046|418|5.1|5.1|1|8
0.4|96.04|1046|418|5.1|5.1|1|8
0.5|96.08|1049|418|5.1|5.1|2|8
0.6|95.73|1057|418|5.1|5.1|2|8
0.7|95.31|1278|420|5.1|5.1|2|8
0.8|94.96|1611|422|5.1|5.1|3|8
0.9|94.74|1655|422|5.1|5.1|3|8
1|94.53|1670|423|5.1|5.1|3|8
1.1|94.45|1678|424|5.1|5.1|3|8
1.2|94.43|1683|424|5.1|5.1|3|8
1.3|94.4|1688|424|5.1|5.1|3|8
1.4|94.4|1691|424|5.2|5.2|3|8
1.5|94.47|1693|424|5.2|5.2|3|8
1.6|94.45|1698|424|5.2|5.2|3|8
1.7|94.41|1701|424|5.2|5.2|3|8
1.8|94.41|1701|424|5.2|5.2|3|8
1.9|94.43|1704|424|5.2|5.2|3|8
2|94.44|1704|424|5.2|5.2|3|8
2.1|94.44|1706|424|5.2|5.2|3|8
2.2|94.41|1709|424|5.2|5.2|3|8
2.3|94.41|1711|424|5.2|5.2|3|8
2.4|94.43|1714|424|5.2|5.2|3|8
2.5|94.47|1719|424|5.2|5.2|3|8
2.6|94.48|1722|424|5.2|5.2|3|8
2.7|94.45|1724|424|5.2|5.2|3|8
2.8|94.36|1727|424|5.2|5.2|4|8
2.9|94.61|1719|424|5.2|5.2|4|8
3|95|1673|424|5.2|5.2|4|8
3.1|95.49|1603|424|5.2|5.2|4|8
3.2|96.04|1147|422|5.2|5.2|5|8
3.3|96.24|1080|420|5.2|5.2|5|8
3.4|96.36|1077|420|5.2|5.2|5|8
3.5|96.43|1075|420|5.2|5.2|5|8
3.6|96.44|1075|420|5.2|5.2|5|8
3.7|96.43|1075|419|5.2|5.2|5|8
3.8|96.45|1075|419|5.2|5.2|5|8
3.9|96.47|1075|419|5.2|5.2|5|8
4|96.45|1072|420|5.2|5.2|5|8
4.1|96.41|1072|420|5.2|5.2|5|8
4.2|96.52|1072|420|5.2|5.2|5|8
4.3|96.51|1072|420|5.2|5.2|5|8
4.4|96.51|1072|420|5.2|5.2|5|8
4.5|96.45|1072|420|5.2|5.2|5|8
4.6|96.41|1072|420|5.2|5.2|5|8
4.7|96.47|1072|420|5.2|5.2|5|8
4.8|96.51|1072|420|5.2|5.2|5|8
4.9|96.51|1072|420|5.2|5.2|5|8
5|96.55|1072|420|5.2|5.2|5|8
5.1|96.44|1072|420|5.2|5.2|5|8
5.2|96.48|1075|420|5.2|5.2|2|8
5.3|96.33|1072|419|5.2|5.2|2|8
5.4|96|1075|419|5.2|5.2|2|8
5.5|95.54|1082|420|5.2|5.2|2|8
5.6|95.15|1113|420|5.3|5.2|2|8
5.7|94.67|1224|420|5.3|5.2|2|8
5.8|94.2|1701|422|5.3|5.3|3|8
5.9|93.89|1745|423|5.3|5.3|3|8
6|93.73|1753|424|5.3|5.3|3|8
6.1|93.55|1758|424|5.3|5.3|3|8
6.2|93.66|1758|424|5.3|5.3|3|8
6.3|93.64|1760|424|5.3|5.3|3|8
6.4|93.64|1763|424|5.3|5.3|3|8
6.5|93.65|1765|424|5.3|5.3|3|8
6.6|93.61|1765|424|5.3|5.3|3|8
6.7|93.64|1765|424|5.3|5.3|3|8
6.8|93.64|1768|424|5.3|5.3|3|8
6.9|93.62|1768|424|5.3|5.3|3|8
7|93.6|1771|424|5.3|5.3|3|8
7.1|93.62|1771|424|5.3|5.3|3|8
7.2|93.64|1773|424|5.3|5.3|3|8
7.3|93.6|1773|424|5.3|5.3|3|8
7.4|93.62|1773|424|5.3|5.3|3|8
7.5|93.65|1773|424|5.3|5.3|3|8
7.6|93.61|1776|424|5.3|5.3|3|8
7.7|93.6|1776|424|5.3|5.3|3|8
7.8|93.62|1776|424|5.3|5.3|4|8
7.9|93.8|1776|424|5.3|5.3|4|8
8|94.25|1760|424|5.3|5.3|4|8
8.1|94.66|1392|424|5.3|5.3|4|8
8.2|95.06|1095|422|5.3|5.3|5|8
8.3|95.18|1090|422|5.3|5.3|5|8
8.4|95.29|1088|421|5.3|5.3|5|8
8.5|95.26|1088|421|5.3|5.3|5|8
8.6|95.34|1085|420|5.3|5.3|5|8
8.7|95.33|1082|420|5.3|5.3|5|8
8.8|95.34|1082|420|5.3|5.3|5|8
8.9|95.33|1082|420|5.3|5.3|5|8
9|95.31|1082|420|5.3|5.3|5|8
9.1|95.33|1080|420|5.3|5.3|5|8
9.2|95.34|1080|420|5.3|5.3|5|8
9.3|95.31|1080|420|5.3|5.3|5|8
9.4|95.31|1082|420|5.3|5.3|5|8
9.5|95.31|1080|420|5.3|5.3|5|8
9.6|95.33|1082|420|5.3|5.3|5|8
9.7|95.31|1082|420|5.3|5.3|5|8
9.8|95.33|1080|420|5.3|5.3|5|8
9.9|95.33|1080|420|5.3|5.3|5|8
10|95.34|1080|420|5.3|5.3|5|8
10.1|95.33|1082|413|5.4|5.3|5|8
10.2|95.31|1085|411|5.4|5.3|2|8
10.3|95.02|1085|409|5.4|5.4|2|8
10.4|94.64|1085|409|5.4|5.4|2|8
10.5|94.15|1325|408|5.4|5.4|2|8
10.6|93.73|1753|410|5.4|5.4|3|8
10.7|93.53|1776|411|5.4|5.4|3|8
10.8|93.39|1784|412|5.4|5.4|3|8
10.9|93.34|1786|412|5.4|5.4|3|8
11|93.29|1789|412|5.4|5.4|3|8
11.1|93.33|1802|405|5.4|5.4|3|8
11.2|93.35|1804|400|5.4|5.4|3|8
11.3|93.38|1807|399|5.4|5.4|3|8
11.4|93.29|1807|398|5.4|5.4|3|8
11.5|93.3|1807|398|5.4|5.4|3|8
11.6|93.31|1807|398|5.4|5.4|3|8
11.7|93.35|1809|398|5.4|5.4|3|8
11.8|93.34|1809|398|5.4|5.4|3|8
11.9|93.31|1812|398|5.4|5.4|3|8
12|93.3|1814|398|5.4|5.4|3|8
12.1|93.29|1812|398|5.4|5.4|3|8
12.2|93.34|1812|398|5.4|5.4|3|8
12.3|93.35|1814|398|5.4|5.4|3|8
12.4|93.34|1814|398|5.4|5.4|3|8
12.5|93.29|1817|398|5.4|5.4|3|8
12.6|93.33|1817|398|5.4|5.4|4|8
12.7|93.55|1814|398|5.4|5.4|4|8
12.8|94.1|1688|398|5.4|5.4|4|8
12.9|94.45|1113|398|5.4|5.4|5|8
13|94.71|1103|398|5.4|5.4|5|8
13.1|94.7|1103|397|5.4|5.4|5|8
13.2|94.75|1098|397|5.4|5.4|5|8
13.3|94.8|1098|397|5.4|5.4|5|8
13.4|94.82|1095|397|5.4|5.4|5|8
13.5|94.76|1095|397|5.4|5.4|5|8
13.6|94.71|1095|397|5.4|5.4|5|8
13.7|94.79|1095|396|5.4|5.4|5|8
13.8|94.82|1095|396|5.4|5.4|5|8
13.9|94.79|1095|397|5.4|5.4|5|8
14|94.74|1095|397|5.4|5.4|5|8
14.1|94.74|1095|397|5.4|5.4|5|8
14.2|94.83|1095|397|5.4|5.4|5|8
14.3|94.83|1095|397|5.4|5.4|5|8
14.4|94.76|1095|397|5.4|5.4|5|8
14.5|94.74|1095|397|5.4|5.4|5|8
14.6|94.8|1095|397|5.4|5.4|5|8
14.7|94.8|1095|397|5.4|5.4|5|8
14.8|94.78|1093|396|5.4|5.4|5|8
14.9|94.72|1093|396|5.4|5.4|2|8
15|94.53|1093|396|5.4|5.4|2|8
15.1|94.13|1095|396|5.4|5.4|2|8
15.2|93.65|1588|397|5.4|5.4|3|8
15.3|93.33|1791|398|5.4|5.4|3|8
15.4|93.21|1804|398|5.4|5.4|3|8
15.5|92.99|1812|398|5.4|5.4|3|8
15.6|92.99|1814|398|5.4|5.4|3|8
15.7|93.03|1817|398|5.4|5.4|3|8
15.8|93|1820|398|5.4|5.4|3|8
15.9|93.02|1820|398|5.4|5.4|3|8
16|93|1822|398|5.4|5.4|3|8
16.1|93.02|1822|398|5.4|5.4|3|8
16.2|93.06|1822|398|5.4|5.4|3|8
16.3|92.99|1822|398|5.4|5.4|3|8
16.4|93|1825|398|5.4|5.4|3|8
16.5|93.04|1825|398|5.4|5.4|3|8
16.6|93|1827|398|5.4|5.4|3|8
16.7|93.02|1827|398|5.4|5.4|3|8
16.8|93.04|1827|398|5.4|5.4|3|8
16.9|92.99|1827|398|5.4|5.4|3|8
17|93|1830|398|5.4|5.4|3|8
17.1|93.04|1830|398|5.4|5.4|3|8
17.2|93.02|1832|398|5.4|5.4|4|8
17.3|93.15|1835|398|5.4|5.4|4|8
17.4|93.42|1830|398|5.4|5.4|4|8
17.5|93.85|1198|398|5.4|5.4|5|8
17.6|94.21|1108|398|5.4|5.4|5|8
17.7|94.31|1106|398|5.4|5.4|5|8
17.8|94.33|1103|397|5.4|5.4|5|8
17.9|94.37|1101|397|5.4|5.4|5|8
18|94.37|1101|397|5.4|5.4|5|8
18.1|94.39|1101|397|5.4|5.4|5|8
18.2|94.41|1101|397|5.4|5.4|5|8
18.3|94.36|1098|396|5.4|5.4|5|8
18.4|94.37|1101|396|5.4|5.4|5|8
18.5|94.37|1098|396|5.4|5.4|5|8
18.6|94.37|1098|396|5.4|5.4|5|8
18.7|94.33|1098|396|5.4|5.4|5|8
18.8|94.33|1098|396|5.4|5.4|5|8
18.9|94.32|1095|396|5.4|5.4|5|8
19|94.28|1098|396|5.4|5.4|5|8
19.1|94.35|1098|396|5.4|5.4|5|8
19.2|94.36|1095|396|5.4|5.4|5|8
19.3|94.37|1095|396|5.4|5.4|5|8
19.4|94.36|1095|396|5.4|5.4|5|8
19.5|94.4|1098|396|5.4|5.4|2|8
19.6|94.39|1095|396|5.4|5.4|2|8
19.7|93.93|1095|396|5.4|5.4|2|8
19.8|93.47|1345|396|5.4|5.4|2|8
19.9|93.09|1802|397|5.4|5.4|3|8
20|92.92|1825|398|5.4|5.4|3|8
20.1|92.76|1835|398|5.4|5.4|3|8
20.2|92.71|1840|398|5.4|5.4|3|8
20.3|92.68|1843|398|5.4|5.4|3|8
20.4|92.78|1848|398|5.4|5.4|3|8
20.5|92.72|1848|398|5.4|5.4|3|8
20.6|92.68|1851|398|5.4|5.4|3|8
20.7|92.74|1851|398|5.4|5.4|3|8
20.8|92.75|1853|398|5.4|5.4|3|8
20.9|92.68|1853|398|5.4|5.4|3|8
21|92.75|1853|398|5.4|5.4|3|8
21.1|92.72|1853|398|5.4|5.4|3|8
21.2|92.7|1856|398|5.4|5.4|3|8
21.3|92.75|1856|398|5.4|5.4|3|8
21.4|92.7|1858|398|5.4|5.4|3|8
21.5|92.7|1858|398|5.4|5.4|3|8
21.6|92.75|1858|398|5.4|5.4|3|8
21.7|92.72|1861|398|5.4|5.4|3|8
21.8|92.67|1861|398|5.4|5.4|3|8
21.9|92.75|1861|398|5.4|5.4|4|8
22|92.95|1856|398|5.4|5.4|4|8
22.1|93.46|1755|398|5.4|5.4|4|8
22.2|93.84|1121|398|5.4|5.4|5|8
22.3|94.09|1108|397|5.4|5.4|5|8
22.4|94.15|1108|397|5.4|5.4|5|8
22.5|94.19|1106|397|5.4|5.4|5|8
22.6|94.21|1106|396|5.4|5.4|5|8
22.7|94.16|1103|396|5.4|5.4|5|8
22.8|94.12|1103|396|5.4|5.4|5|8
22.9|94.19|1103|396|5.4|5.4|5|8
23|94.19|1103|396|5.4|5.4|5|8
23.1|94.25|1101|396|5.4|5.4|5|8
23.2|94.1|1103|396|5.4|5.4|5|8
23.3|94.15|1101|396|5.4|5.4|5|8
23.4|94.17|1101|396|5.4|5.4|5|8
23.5|94.19|1101|396|5.4|5.4|5|8
23.6|94.2|1101|396|5.4|5.4|5|8
23.7|94.2|1101|396|5.4|5.4|5|8
23.8|94.09|1098|396|5.4|5.4|5|8
23.9|94.16|1098|396|5.4|5.4|5|8
24|94.17|1098|396|5.4|5.4|5|8
24.1|94.17|1095|396|5.4|5.4|5|8
24.2|94.21|1098|396|5.4|5.4|2|8
24.3|93.92|1098|396|5.4|5.4|2|8
24.4|93.49|1098|396|5.4|5.4|2|8
24.5|93.09|1722|396|5.4|5.4|3|8
24.6|92.75|1820|397|5.4|5.4|3|8
24.7|92.66|1843|398|5.4|5.4|3|8
24.8|92.56|1853|398|5.4|5.4|3|8
24.9|92.64|1858|398|5.4|5.4|3|8
25|92.47|1861|398|5.4|5.4|3|8
25.1|92.55|1863|397|5.4|5.4|3|8
25.2|92.48|1866|398|5.4|5.4|3|8
25.3|92.56|1866|397|5.4|5.4|3|8
25.4|92.51|1869|398|5.4|5.4|3|8
25.5|92.53|1869|398|5.4|5.4|3|8
25.6|92.55|1869|397|5.4|5.4|3|8
25.7|92.52|1869|398|5.4|5.4|3|8
25.8|92.53|1869|397|5.4|5.4|3|8
25.9|92.53|1871|397|5.4|5.4|3|8
26|92.51|1871|398|5.4|5.4|3|8
26.1|92.52|1874|398|5.4|5.4|3|8
26.2|92.53|1874|398|5.4|5.4|3|8
26.3|92.53|1874|398|5.4|5.4|3|8
26.4|92.52|1876|398|5.4|5.4|3|8
26.5|92.52|1876|397|5.4|5.4|4|8
26.6|92.58|1874|397|5.4|5.4|4|8
26.7|92.92|1856|397|5.4|5.4|4|8
26.8|93.45|1209|398|5.4|5.4|5|8
26.9|93.8|1111|397|5.4|5.4|5|8
27|93.84|1108|396|5.4|5.4|5|8
27.1|93.92|1106|396|5.4|5.4|5|8
27.2|93.96|1106|396|5.4|5.4|5|8
27.3|94.02|1103|396|5.4|5.4|5|8
27.4|94|1103|396|5.4|5.4|5|8
27.5|93.97|1103|396|5.4|5.4|5|8
27.6|93.96|1101|396|5.4|5.4|5|8
27.7|93.93|1101|396|5.4|5.4|5|8
27.8|93.96|1101|396|5.4|5.4|5|8
27.9|94.05|1101|396|5.4|5.4|5|8
28|93.98|1101|396|5.4|5.4|5|8
28.1|93.98|1101|396|5.4|5.4|5|8
28.2|93.97|1101|396|5.4|5.4|5|8
28.3|93.96|1101|396|5.4|5.4|5|8
28.4|93.9|1101|396|5.4|5.4|5|8
28.5|94|1101|396|5.4|5.4|5|8
28.6|93.96|1098|396|5.4|5.4|5|8
28.7|93.94|1098|396|5.4|5.4|5|8
28.8|93.98|1098|396|5.4|5.4|2|8
28.9|93.92|1098|396|5.4|5.4|2|8
29|93.57|1098|396|5.4|5.4|2|8
29.1|93.1|1201|396|5.4|5.4|2|8
29.2|92.71|1799|396|5.4|5.4|3|8
29.3|92.41|1848|396|5.4|5.4|3|8
29.4|92.39|1863|396|5.4|5.4|3|8
29.5|92.25|1871|396|5.4|5.4|3|8
29.6|92.19|1874|396|5.4|5.4|3|8
29.7|92.2|1876|396|5.4|5.4|3|8
29.8|92.23|1876|396|5.4|5.4|3|8
29.9|92.21|1879|396|5.4|5.4|3|8
30|92.24|1879|396|5.4|5.4|3|8
30.1|92.23|1881|396|5.4|5.4|3|8
30.2|92.21|1881|396|5.4|5.4|3|8
30.3|92.24|1881|396|5.4|5.4|3|8
30.4|92.2|1881|396|5.4|5.4|3|8
30.5|92.2|1881|396|5.4|5.4|3|8
30.6|92.25|1881|396|5.4|5.4|3|8
30.7|92.21|1884|396|5.4|5.4|3|8
30.8|92.17|1884|396|5.4|5.4|3|8
30.9|92.23|1884|396|5.4|5.4|3|8
31|92.21|1884|396|5.4|5.4|3|8
31.1|92.23|1887|396|5.4|5.4|3|8
31.2|92.23|1887|396|5.4|5.4|4|8
31.3|92.39|1884|396|5.4|5.4|4|8
31.4|92.78|1856|396|5.4|5.4|4|8
31.5|93.31|1188|397|5.4|5.4|5|8
31.6|93.68|1111|396|5.4|5.4|5|8
31.7|93.77|1108|396|5.4|5.4|5|8
31.8|93.8|1106|396|5.4|5.4|5|8
31.9|93.84|1106|396|5.4|5.4|5|8
32|93.86|1106|396|5.4|5.4|5|8
32.1|93.78|1103|396|5.4|5.4|5|8
32.2|93.81|1103|396|5.4|5.4|5|8
32.3|93.82|1103|396|5.4|5.4|5|8
32.4|93.84|1103|396|5.4|5.4|5|8
32.5|93.85|1101|396|5.4|5.4|5|8
32.6|93.78|1101|395|5.4|5.4|5|8
32.7|93.78|1101|395|5.4|5.4|5|8
32.8|93.81|1101|396|5.4|5.4|5|8
32.9|93.81|1101|395|5.4|5.4|5|8
33|93.72|1101|395|5.4|5.4|5|8
33.1|93.84|1101|395|5.4|5.4|5|8
33.2|93.81|1098|395|5.4|5.4|5|8
33.3|93.82|1098|395|5.4|5.4|5|8
33.4|93.88|1098|395|5.4|5.4|5|8
33.5|93.84|1098|395|5.4|5.4|2|8
33.6|93.72|1095|395|5.4|5.4|2|8
33.7|93.37|1095|395|5.4|5.4|2|8
33.8|92.94|1183|395|5.4|5.4|2|8
33.9|92.52|1802|396|5.4|5.4|3|8
34|92.27|1851|396|5.4|5.4|3|8
34.1|92.13|1866|396|5.4|5.4|3|8
34.2|92.12|1874|396|5.4|5.4|3|8
34.3|92.07|1879|396|5.4|5.4|3|8
34.4|92.02|1881|396|5.4|5.4|3|8
34.5|92.07|1881|396|5.4|5.4|3|8
34.6|92.12|1884|396|5.4|5.4|3|8
34.7|92.09|1887|396|5.4|5.4|3|8
34.8|92.11|1887|396|5.4|5.4|3|8
34.9|92.08|1887|396|5.4|5.4|3|8
35|92.08|1889|396|5.4|5.4|3|8
35.1|92.05|1889|396|5.4|5.4|3|8
35.2|92.02|1889|396|5.4|5.4|3|8
35.3|92.05|1889|396|5.4|5.4|3|8
35.4|92.08|1892|396|5.4|5.4|3|8
35.5|92.08|1892|396|5.4|5.4|3|8
35.6|92.09|1892|396|5.4|5.4|3|8
35.7|92.11|1894|396|5.4|5.4|3|8
35.8|92.11|1894|396|5.4|5.4|3|8
35.9|92.01|1894|396|5.4|5.4|4|8
36|92.28|1894|396|5.4|5.4|4|8
36.1|92.64|1858|396|5.4|5.4|4|8
36.2|93.1|1152|397|5.4|5.4|2|8
36.3|93.3|1111|396|5.4|5.4|2|8
36.4|93.3|1108|396|5.4|5.4|2|8
36.5|93.3|1106|396|5.4|5.4|2|8
36.6|93.13|1103|396|5.4|5.4|2|8
36.7|93.11|1103|396|5.4|5.4|2|8
36.8|93.29|1103|396|5.4|5.4|2|8
36.9|93|1101|396|5.4|5.4|2|8
37|93.07|1101|396|5.4|5.4|2|8
37.1|92.95|1101|396|5.4|5.4|2|8
37.2|92.82|1098|396|5.4|5.4|2|8
37.3|92.9|1101|396|5.4|5.4|2|8
37.4|92.74|1237|396|5.4|5.4|2|8
37.5|92.64|1286|396|5.4|5.4|2|8
37.6|92.67|1224|396|5.4|5.4|2|8
37.7|92.6|1245|397|5.4|5.4|2|8
37.8|92.48|1211|397|5.4|5.4|2|8
37.9|92.35|1160|396|5.4|5.4|2|8
38|92.36|1250|396|5.4|5.4|2|8
38.1|92.36|1745|396|5.4|5.4|2|8
38.2|92.31|1804|396|5.4|5.4|2|8
38.3|92.49|1760|396|5.4|5.4|2|8
38.4|92.56|1296|398|5.4|5.4|2|8
38.5|92.74|1106|396|5.4|5.4|2|8
38.6|92.82|1103|396|5.4|5.4|2|8
38.7|92.79|1101|396|5.4|5.4|2|8
38.8|92.67|1098|396|5.4|5.4|2|8
38.9|92.62|1098|396|5.4|5.4|2|8
39|92.67|1098|396|5.4|5.4|2|8
39.1|92.64|1098|396|5.4|5.4|2|8
39.2|92.48|1108|396|5.4|5.4|2|8
39.3|92.36|1095|396|5.4|5.4|2|8
39.4|92.37|1157|396|5.4|5.4|2|8
39.5|92.37|1606|396|5.4|5.4|2|8
39.6|92.29|1706|396|5.4|5.4|2|8
39.7|92.49|1691|397|5.4|5.4|2|8
39.8|92.59|1116|396|5.4|5.4|2|8
39.9|92.63|1101|396|5.4|5.4|2|8
40|92.68|1101|396|5.4|5.4|2|8
40.1|92.66|1095|396|5.4|5.4|2|8
40.2|92.66|1095|396|5.4|5.4|2|8
40.3|92.55|1095|396|5.4|5.4|2|8
40.4|92.36|1106|396|5.4|5.4|2|8
40.5|92.35|1093|396|5.4|5.4|2|8
40.6|92.4|1106|396|5.4|5.4|2|8
40.7|92.39|1250|396|5.4|5.4|2|8
40.8|92.19|1278|396|5.4|5.4|2|8
40.9|92.13|1490|396|5.4|5.4|2|8
41|92.05|1216|396|5.4|5.4|2|8
41.1|92.12|1098|396|5.4|5.4|2|8
41.2|92.17|1095|396|5.4|5.4|2|8
41.3|92.11|1204|396|5.4|5.4|2|8
41.4|92.05|1356|396|5.4|5.4|2|8
41.5|91.96|1309|396|5.4|5.4|2|8
41.6|91.93|1371|396|5.4|5.4|2|8
41.7|91.85|1371|396|5.4|5.4|2|8
41.8|91.76|1428|397|5.4|5.4|2|8
41.9|91.69|1407|397|5.4|5.4|2|8
42|91.65|1338|396|5.4|5.4|2|8
42.1|91.56|1162|396|5.4|5.4|2|8
42.2|91.54|1268|396|5.4|5.4|2|8
42.3|91.47|1273|396|5.4|5.4|2|8
42.4|91.42|1281|396|5.4|5.4|2|8
42.5|91.27|1258|396|5.4|5.4|2|8
42.6|91.29|1253|396|5.4|5.4|2|8
42.7|91.25|1291|396|5.4|5.4|2|8
42.8|91.02|1219|396|5.4|5.4|2|8
42.9|91.02|1129|396|5.4|5.4|2|8
43|90.99|1276|396|5.4|5.4|2|8
43.1|90.87|1188|396|5.4|5.4|2|8
43.2|90.79|1204|396|5.4|5.4|2|8
43.3|90.72|1291|396|5.4|5.4|2|8
43.4|90.59|1196|396|5.4|5.4|2|8
43.5|90.56|1204|396|5.4|5.4|2|8
43.6|90.52|1302|396|5.4|5.4|2|8
43.7|90.44|1268|396|5.4|5.4|2|8
43.8|90.36|1255|396|5.4|5.4|2|8
43.9|90.31|1271|396|5.4|5.4|2|8
44|90.17|1265|396|5.4|5.4|2|8
44.1|89.97|1299|396|5.4|5.4|2|8
44.2|90|1165|396|5.4|5.4|2|8
44.3|89.81|1245|396|5.4|5.4|2|8
44.4|89.8|1247|396|5.4|5.4|2|8
44.5|89.74|1193|396|5.4|5.4|2|8
44.6|89.64|1219|395|5.4|5.4|2|8
44.7|89.52|1191|396|5.4|5.4|2|8
44.8|89.46|1204|396|5.4|5.4|2|8
44.9|89.33|1211|396|5.4|5.4|2|8
45|89.18|1149|396|5.4|5.4|2|8
45.1|89.14|1237|396|5.4|5.4|2|8
45.2|89.07|1193|396|5.4|5.4|2|8
45.3|88.92|1394|396|5.4|5.4|2|8
45.4|88.86|1278|396|5.4|5.4|2|8
45.5|88.72|1229|397|5.4|5.4|2|8
45.6|88.6|1317|397|5.4|5.4|2|8
45.7|88.52|1191|396|5.4|5.4|2|8
45.8|88.4|1299|396|5.4|5.4|2|8
45.9|88.25|1186|396|5.4|5.4|2|8
46|88.24|1235|396|5.4|5.4|2|8
46.1|88.05|1294|396|5.4|5.4|2|8
46.2|87.99|1211|396|5.4|5.4|2|8
46.3|87.89|1227|396|5.4|5.4|2|8
46.4|87.65|1232|396|5.4|5.4|2|8
46.5|87.58|1240|396|5.4|5.4|2|8
46.6|87.42|1258|396|5.4|5.4|2|8
46.7|87.39|1232|396|5.4|5.4|2|8
46.8|87.25|1296|396|5.4|5.4|2|8
46.9|87.06|1281|396|5.4|5.4|2|8
47|87.03|1250|396|5.4|5.4|2|8
47.1|86.87|1304|396|5.4|5.4|2|8
47.2|86.63|1180|396|5.4|5.4|2|8
47.3|86.59|1258|396|5.4|5.4|2|8
47.4|86.4|1309|396|5.4|5.4|2|8
47.5|86.24|1332|397|5.4|5.4|2|8
47.6|86.15|1265|397|5.4|5.4|2|8
47.7|86.07|1232|397|5.4|5.4|2|8
47.8|85.91|1237|396|5.4|5.4|2|8
47.9|85.76|1338|397|5.4|5.4|2|8
48|85.54|1227|396|5.4|5.4|2|8
48.1|85.41|1211|396|5.4|5.4|2|8
48.2|85.25|1260|396|5.4|5.4|2|8
48.3|85.1|1366|396|5.4|5.4|2|8
48.4|84.94|1232|396|5.4|5.4|2|8
48.5|84.78|1343|396|5.4|5.4|2|8
48.6|84.62|1245|397|5.4|5.4|2|8
48.7|84.43|1255|396|5.4|5.4|2|8
48.8|84.39|1229|397|5.4|5.4|2|8
48.9|84.17|1296|396|5.4|5.4|2|8
49|84.04|1366|396|5.4|5.4|2|8
49.1|83.83|1428|396|5.4|5.4|2|8
49.2|83.66|1327|396|5.4|5.4|2|8
49.3|83.42|1363|396|5.4|5.4|2|8
49.4|83.25|1523|396|5.4|5.4|2|8
49.5|83.07|1232|396|5.4|5.4|2|8
49.6|82.89|1351|396|5.4|5.4|2|8
49.7|82.71|1482|396|5.4|5.4|2|8
49.8|82.52|1338|397|5.4|5.4|2|8
49.9|82.32|1294|397|5.4|5.4|2|8
50|82.09|1412|397|5.4|5.4|6|8
50.1|80.16|1899|397|5.4|5.4|6|8
50.2|77.46|1799|397|5.4|5.4|6|8
50.3|74.95|0|395|5.4|5.4|7|8
50.4|73|0|394|5.4|5.4|7|8
50.5|72.12|0|393|5.4|5.4|7|8
50.6|71.64|0|392|5.4|5.4|7|8
50.7|71.47|0|392|5.4|5.4|7|8
50.8|71.34|0|392|5.4|5.4|7|8
50.9|71.24|0|392|5.4|5.4|7|8
51|71.25|0|392|5.4|5.4|7|8
51.1|71.24|0|392|5.4|5.4|7|8
51.2|71.22|0|392|5.4|5.4|7|8
51.3|71.3|0|392|5.4|5.4|7|8
51.4|71.37|0|392|5.4|5.4|7|8
51.5|71.29|0|392|5.4|5.4|7|8
51.6|71.28|0|392|5.4|5.4|7|8
51.7|71.33|0|392|5.4|5.4|7|8
51.8|71.32|0|392|5.4|5.4|7|8
51.9|71.22|0|392|5.4|5.4|7|8
52|71.2|0|392|5.4|5.4|7|8
52.1|71.22|0|392|5.4|5.4|7|8
52.2|71.22|0|392|5.4|5.4|7|8
52.3|71.18|0|392|5.4|5.4|7|8
52.4|71.24|0|392|5.4|5.4|7|8
52.5|71.22|0|392|5.4|5.4|7|8
52.6|71.21|0|392|5.4|5.4|7|8
52.7|71.24|0|392|5.4|5.4|7|8
52.8|71.28|0|392|5.4|5.4|7|8
52.9|71.3|0|392|5.4|5.4|7|8
53|71.28|0|392|5.4|5.4|7|8
53.1|71.32|0|392|5.4|5.4|7|8
53.2|71.34|0|392|5.4|5.4|7|8
53.3|71.22|0|392|5.4|5.4|7|8
53.4|71.2|0|392|5.4|5.4|7|8
53.5|71.24|0|392|5.4|5.4|7|8
53.6|71.25|0|392|5.4|5.4|7|8
53.7|71.21|0|392|5.4|5.4|7|8
53.8|71.22|0|392|5.4|5.4|7|8
53.9|71.24|0|392|5.4|5.4|7|8
54|71.25|0|392|5.4|5.4|7|8
54.1|71.22|0|392|5.4|5.4|7|8
54.2|71.22|0|392|5.4|5.4|7|8
54.3|71.24|0|392|5.4|5.4|7|8
54.4|71.25|0|392|5.4|5.4|7|8
54.5|71.25|0|392|5.4|5.4|7|8
54.6|71.26|0|392|5.4|5.4|7|8
54.7|71.26|0|392|5.4|5.4|7|8
54.8|71.24|0|392|5.4|5.4|7|8
54.9|71.25|0|392|5.4|5.4|7|8
55|71.25|0|392|5.4|5.4|7|8
55.1|71.22|0|392|5.4|5.4|7|8
55.2|71.17|0|392|5.4|5.4|7|8
55.3|71.18|0|392|5.4|5.4|7|8
55.4|71.21|0|392|5.4|5.4|7|8
55.5|71.2|0|392|5.4|5.4|7|8
55.6|71.21|0|392|5.4|5.4|7|8
55.7|71.22|0|392|5.4|5.4|7|8
55.8|71.22|0|392|5.4|5.4|7|8
55.9|71.25|0|392|5.4|5.4|7|8
56|71.32|0|392|5.4|5.4|7|8
56.1|71.25|0|392|5.4|5.4|7|8
56.2|71.24|0|392|5.4|5.4|7|8
56.3|71.26|0|392|5.4|5.4|7|8
56.4|71.16|0|392|5.4|5.4|7|8
56.5|71.18|0|392|5.4|5.4|7|8
56.6|71.2|0|392|5.4|5.4|7|8
56.7|71.22|0|392|5.4|5.4|7|8
56.8|71.21|0|392|5.4|5.4|7|8
56.9|71.22|0|392|5.4|5.4|7|8
57|71.22|0|392|5.4|5.4|7|8
57.1|71.3|0|392|5.4|5.4|7|8
57.2|71.22|0|392|5.4|5.4|7|8
57.3|71.21|0|392|5.4|5.4|7|8
57.4|71.18|0|392|5.4|5.4|7|8
57.5|71.18|0|392|5.4|5.4|7|8
57.6|71.21|0|392|5.4|5.4|7|8
57.7|71.2|0|392|5.4|5.4|7|8
57.8|71.22|0|392|5.4|5.4|7|8
57.9|71.3|0|392|5.4|5.4|7|8
58|71.25|0|392|5.4|5.4|7|8
58.1|71.22|0|392|5.4|5.4|7|8
58.2|71.22|0|392|5.4|5.4|7|8
58.3|71.25|0|392|5.4|5.4|7|8
58.4|71.18|0|392|5.4|5.4|7|8
58.5|71.16|0|392|5.4|5.4|7|8
58.6|71.18|0|392|5.4|5.4|7|8
58.7|71.22|0|392|5.4|5.4|7|8
58.8|71.24|0|392|5.4|5.4|7|8
58.9|71.28|0|392|5.4|5.4|7|8
59|71.22|0|392|5.4|5.4|7|8
59.1|71.25|0|392|5.4|5.4|7|8
59.2|71.21|0|392|5.4|5.4|7|8
59.3|71.16|0|392|5.4|5.4|7|8
59.4|71.18|0|392|5.4|5.4|7|8
59.5|71.18|0|392|5.4|5.4|7|8
59.6|71.21|0|392|5.4|5.4|7|8
59.7|71.21|0|392|5.4|5.4|7|8
59.8|71.2|0|392|5.4|5.4|7|8
59.9|71.21|0|392|5.4|5.4|7|8
60|71.22|0|392|5.4|5.4|7|8
60.1|71.25|0|392|5.4|5.4|7|8
60.2|71.28|0|392|5.4|5.4|7|8
60.3|71.24|0|392|5.4|5.4|7|8
60.4|71.22|0|392|5.4|5.4|7|8
60.5|71.2|0|392|5.4|5.4|7|8
60.6|71.16|0|392|5.4|5.4|7|8
60.7|71.18|0|392|5.4|5.4|7|8
60.8|71.18|0|392|5.4|5.4|7|8
60.9|71.21|0|392|5.4|5.4|7|8
61|71.2|0|392|5.4|5.4|7|8
61.1|71.21|0|393|5.4|5.4|7|8
61.2|71.22|0|394|5.4|5.4|7|8
61.3|71.25|0|395|5.4|5.4|7|8
61.4|71.25|0|396|5.4|5.4|7|8
61.5|71.24|0|396|5.4|5.4|7|8
61.6|71.2|0|396|5.4|5.4|7|8
61.7|71.14|0|396|5.4|5.4|7|8
61.8|71.18|0|396|5.4|5.4|7|8
61.9|71.21|0|396|5.4|5.4|7|8
62|71.18|0|396|5.4|5.4|7|8
62.1|71.18|0|401|5.4|5.4|7|8
62.2|71.21|0|407|5.4|5.4|7|8
62.3|71.21|0|408|5.4|5.4|7|8
62.4|71.22|0|409|5.4|5.4|7|8
62.5|71.26|0|409|5.4|5.4|7|8
62.6|71.24|0|409|5.4|5.4|7|8
62.7|71.2|0|409|5.4|5.4|7|8
62.8|71.14|0|410|5.4|5.4|7|8
62.9|71.18|0|409|5.4|5.4|7|8
63|71.2|0|409|5.4|5.4|7|8
63.1|71.2|0|409|5.4|5.4|7|8
63.2|71.18|0|409|5.4|5.4|7|8
63.3|71.2|0|409|5.4|5.4|8|8
63.4|71.1|0|409|5.4|5.4|8|8
63.5|71.08|0|409|5.4|5.4|8|8
63.6|71.16|0|409|5.4|5.4|8|8
63.7|71.18|0|409|5.4|5.4|8|8
63.8|71.1|0|409|5.4|5.4|8|8
63.9|71.14|0|409|5.4|5.4|8|8
64|71.14|0|409|5.4|5.4|8|8
64.1|71.14|0|409|5.4|5.4|8|8
64.2|71.14|0|409|5.3|5.3|8|8
64.3|71.16|0|409|5.3|5.3|8|8
64.4|71.16|0|409|5.3|5.3|8|8
64.5|71.2|0|410|5.3|5.3|8|8
64.6|71.09|0|409|5.3|5.3|8|8
64.7|71.17|0|409|5.3|5.3|8|8
64.8|71.2|0|410|5.3|5.3|8|8
64.9|71.13|0|410|5.2|5.2|8|8
65|71.13|0|410|5.2|5.2|8|8
65.1|71.17|0|410|5.2|5.2|8|8
65.2|71.2|0|410|5.2|5.2|8|8
65.3|72.4|0|410|5.2|5.2|8|8
65.4|75.48|0|410|5.2|5.2|8|8
65.5|78.56|0|410|5.2|5.2|8|8
65.6|81.5|0|410|5.2|5.2|8|8
65.7|84.5|0|410|5.2|5.2|8|8
65.8|87.44|0|410|5.2|5.2|8|8
65.9|90.35|0|410|5.2|5.2|8|8
66|93.27|0|410|5.2|5.2|8|8
66.1|94.96|0|410|5.2|5.2|8|8
66.2|95.63|0|410|5.2|5.2|8|8
