0|96.08|928|409|5|5|1|8
0.1|96.08|1026|412|5|5|1|8
0.2|96.06|1031|413|5|5|1|8
0.3|96.08|1031|413|5|5|1|8
0.4|96.06|1034|413|5|5|1|8
0.5|96.05|1034|413|5|5|2|8
0.6|95.74|1036|413|5|5|2|8
0.7|95.34|1039|413|5|5|2|8
0.8|94.91|1075|414|5|5|2|8
0.9|94.45|1518|415|5|5|2|8
1|94.06|1660|416|5|5|3|8
1.1|93.89|1696|416|5|5|3|8
1.2|93.82|1714|416|5|5|3|8
1.3|93.68|1724|416|5|5|3|8
1.4|93.64|1729|417|5|5|3|8
1.5|93.64|1735|417|5|5|3|8
1.6|93.62|1735|417|5.1|5.1|3|8
1.7|93.64|1732|416|5.1|5.1|3|8
1.8|93.65|1729|416|5.1|5.1|3|8
1.9|93.68|1724|417|5.1|5.1|3|8
2|93.64|1709|416|5.1|5.1|3|8
2.1|93.66|1711|416|5.1|5.1|3|8
2.2|93.66|1714|416|5.1|5.1|3|8
2.3|93.66|1716|416|5.1|5.1|3|8
2.4|93.64|1719|416|5.1|5.1|3|8
2.5|93.65|1722|416|5.1|5.1|3|8
2.6|93.68|1722|416|5.1|5.1|3|8
2.7|93.65|1724|416|5.1|5.1|3|8
2.8|93.65|1724|416|5.1|5.1|3|8
2.9|93.65|1724|416|5.1|5.1|3|8
3|93.77|1727|416|5.1|5.1|4|8
3.1|93.94|1727|416|5.1|5.1|4|8
3.2|94.43|1621|416|5.1|5.1|4|8
3.3|94.87|1080|414|5.1|5.1|5|8
3.4|95.02|1070|413|5.1|5.1|5|8
3.5|95.11|1064|413|5.1|5.1|5|8
3.6|95.18|1062|413|5.1|5.1|5|8
3.7|95.17|1062|413|5.1|5.1|5|8
3.8|95.22|1059|413|5.1|5.1|5|8
3.9|95.25|1059|412|5.1|5.1|5|8
4|95.23|1059|412|5.1|5.1|5|8
4.1|95.23|1059|413|5.1|5.1|5|8
4.2|95.22|1059|412|5.1|5.1|5|8
4.3|95.23|1057|412|5.1|5.1|5|8
4.4|95.21|1059|412|5.1|5.1|5|8
4.5|95.19|1059|412|5.1|5.1|5|8
4.6|95.19|1059|412|5.1|5.1|5|8
4.7|95.18|1057|412|5.2|5.1|5|8
4.8|95.22|1059|412|5.2|5.2|5|8
4.9|95.23|1062|412|5.2|5.2|5|8
5|95.23|1059|412|5.2|5.2|5|8
5.1|95.22|1062|412|5.2|5.2|5|8
5.2|95.22|1059|412|5.2|5.2|5|8
5.3|95.17|1057|412|5.2|5.2|2|8
5.4|94.98|1052|412|5.2|5.2|2|8
5.5|94.61|1054|412|5.2|5.2|2|8
5.6|94.16|1456|413|5.2|5.2|2|8
5.7|93.78|1686|414|5.2|5.2|3|8
5.8|93.54|1732|414|5.2|5.2|3|8
5.9|93.41|1750|415|5.2|5.2|3|8
6|93.38|1760|415|5.2|5.2|3|8
6.1|93.41|1765|415|5.2|5.2|3|8
6.2|93.31|1771|415|5.2|5.2|3|8
6.3|93.35|1773|415|5.2|5.2|3|8
6.4|93.35|1776|415|5.2|5.2|3|8
6.5|93.35|1778|415|5.2|5.2|3|8
6.6|93.35|1781|415|5.2|5.2|3|8
6.7|93.35|1781|415|5.2|5.2|3|8
6.8|93.35|1784|415|5.2|5.2|3|8
6.9|93.39|1784|415|5.2|5.2|3|8
7|93.41|1784|415|5.2|5.2|3|8
7.1|93.34|1786|415|5.2|5.2|3|8
7.2|93.35|1786|415|5.2|5.2|3|8
7.3|93.35|1786|415|5.2|5.2|3|8
7.4|93.37|1784|415|5.2|5.2|3|8
7.5|93.37|1768|414|5.2|5.2|3|8
7.6|93.33|1768|414|5.2|5.2|3|8
7.7|93.33|1768|414|5.2|5.2|4|8
7.8|93.64|1771|414|5.2|5.2|4|8
7.9|94.1|1735|414|5.2|5.2|4|8
8|94.59|1603|414|5.2|5.2|4|8
8.1|95.02|1080|413|5.2|5.2|5|8
8.2|95.18|1067|412|5.2|5.2|5|8
8.3|95.27|1067|412|5.2|5.2|5|8
8.4|95.37|1070|412|5.2|5.2|5|8
8.5|95.34|1070|413|5.2|5.2|5|8
8.6|95.35|1072|414|5.2|5.2|5|8
8.7|95.35|1070|414|5.2|5.2|5|8
8.8|95.35|1070|414|5.3|5.2|5|8
8.9|95.35|1070|414|5.3|5.2|5|8
9|95.35|1067|414|5.3|5.3|5|8
9.1|95.35|1064|414|5.3|5.3|5|8
9.2|95.35|1064|414|5.3|5.3|5|8
9.3|95.35|1067|414|5.3|5.3|5|8
9.4|95.35|1070|414|5.3|5.3|5|8
9.5|95.35|1070|414|5.3|5.3|5|8
9.6|95.35|1070|414|5.3|5.3|5|8
9.7|95.35|1067|414|5.3|5.3|5|8
9.8|95.35|1067|414|5.3|5.3|5|8
9.9|95.35|1070|414|5.3|5.3|5|8
10|95.35|1067|414|5.3|5.3|5|8
10.1|95.33|1070|414|5.3|5.3|2|8
10.2|95.12|1070|414|5.3|5.3|2|8
10.3|94.76|1070|414|5.3|5.3|2|8
10.4|94.31|1144|414|5.3|5.3|2|8
10.5|93.84|1387|415|5.3|5.3|2|8
10.6|93.39|1732|416|5.3|5.3|3|8
10.7|93.19|1784|417|5.3|5.3|3|8
10.8|93.02|1796|418|5.3|5.3|3|8
10.9|93.02|1802|418|5.3|5.3|3|8
11|92.99|1825|408|5.3|5.3|3|8
11.1|92.99|1830|400|5.3|5.3|3|8
11.2|92.96|1832|396|5.3|5.3|3|8
11.3|92.96|1832|396|5.3|5.3|3|8
11.4|92.96|1835|395|5.3|5.3|3|8
11.5|92.95|1840|395|5.3|5.3|3|8
11.6|92.96|1840|394|5.3|5.3|3|8
11.7|92.96|1843|394|5.3|5.3|3|8
11.8|92.95|1843|394|5.3|5.3|3|8
11.9|92.94|1843|394|5.3|5.3|3|8
12|92.95|1843|394|5.3|5.3|3|8
12.1|92.98|1845|394|5.3|5.3|3|8
12.2|92.98|1845|395|5.3|5.3|3|8
12.3|93|1845|395|5.3|5.3|3|8
12.4|92.98|1848|394|5.3|5.3|3|8
12.5|92.94|1848|394|5.3|5.3|3|8
12.6|92.92|1848|395|5.3|5.3|4|8
12.7|93.14|1838|395|5.3|5.3|4|8
12.8|93.66|1771|395|5.3|5.3|4|8
12.9|94.17|1131|395|5.3|5.3|5|8
13|94.43|1090|394|5.3|5.3|5|8
13.1|94.52|1090|394|5.3|5.3|5|8
13.2|94.56|1090|394|5.3|5.3|5|8
13.3|94.63|1088|394|5.3|5.3|5|8
13.4|94.6|1088|394|5.4|5.4|5|8
13.5|94.59|1088|394|5.4|5.4|5|8
13.6|94.6|1088|394|5.4|5.4|5|8
13.7|94.61|1088|394|5.4|5.4|5|8
13.8|94.59|1085|394|5.4|5.4|5|8
13.9|94.59|1085|394|5.4|5.4|5|8
14|94.63|1085|394|5.4|5.4|5|8
14.1|94.59|1085|394|5.4|5.4|5|8
14.2|94.63|1085|394|5.4|5.4|5|8
14.3|94.6|1085|394|5.4|5.4|5|8
14.4|94.6|1085|394|5.4|5.4|5|8
14.5|94.59|1085|394|5.4|5.4|5|8
14.6|94.61|1085|394|5.4|5.4|5|8
14.7|94.59|1085|394|5.4|5.4|5|8
14.8|94.61|1085|394|5.4|5.4|5|8
14.9|94.61|1085|394|5.4|5.4|2|8
15|94.48|1085|394|5.4|5.4|2|8
15.1|94.12|1085|394|5.4|5.4|2|8
15.2|93.69|1157|394|5.4|5.4|2|8
15.3|93.27|1711|395|5.4|5.4|3|8
15.4|92.92|1809|395|5.4|5.4|3|8
15.5|92.82|1830|395|5.4|5.4|3|8
15.6|92.7|1838|395|5.4|5.4|3|8
15.7|92.7|1840|395|5.4|5.4|3|8
15.8|92.71|1843|395|5.4|5.4|3|8
15.9|92.75|1845|395|5.4|5.4|3|8
16|92.72|1848|395|5.4|5.4|3|8
16.1|92.75|1848|395|5.4|5.4|3|8
16.2|92.7|1851|395|5.4|5.4|3|8
16.3|92.71|1853|395|5.4|5.4|3|8
16.4|92.74|1856|395|5.4|5.4|3|8
16.5|92.7|1856|395|5.4|5.4|3|8
16.6|92.71|1856|395|5.4|5.4|3|8
16.7|92.71|1856|395|5.4|5.4|3|8
16.8|92.74|1856|395|5.4|5.4|3|8
16.9|92.7|1858|395|5.4|5.4|3|8
17|92.71|1858|395|5.4|5.4|3|8
17.1|92.75|1858|395|5.4|5.4|3|8
17.2|92.68|1858|395|5.4|5.4|3|8
17.3|92.71|1861|395|5.4|5.4|4|8
17.4|92.86|1861|395|5.4|5.4|4|8
17.5|93.18|1817|396|5.4|5.4|4|8
17.6|93.73|1268|396|5.4|5.4|5|8
17.7|94.1|1098|395|5.4|5.4|5|8
17.8|94.2|1095|394|5.4|5.4|5|8
17.9|94.27|1093|394|5.4|5.4|5|8
18|94.28|1090|394|5.4|5.4|5|8
18.1|94.29|1090|394|5.4|5.4|5|8
18.2|94.31|1088|394|5.4|5.4|5|8
18.3|94.36|1090|394|5.4|5.4|5|8
18.4|94.31|1088|394|5.4|5.4|5|8
18.5|94.33|1088|394|5.4|5.4|5|8
18.6|94.29|1088|394|5.4|5.4|5|8
18.7|94.24|1088|394|5.4|5.4|5|8
18.8|94.27|1088|394|5.4|5.4|5|8
18.9|94.31|1088|394|5.4|5.4|5|8
19|94.36|1085|394|5.4|5.4|5|8
19.1|94.31|1085|394|5.4|5.4|5|8
19.2|94.32|1085|394|5.4|5.4|5|8
19.3|94.32|1085|394|5.4|5.4|5|8
19.4|94.27|1085|394|5.4|5.4|5|8
19.5|94.27|1085|394|5.4|5.4|5|8
19.6|94.29|1088|394|5.4|5.4|2|8
19.7|94.31|1088|394|5.4|5.4|2|8
19.8|93.93|1088|394|5.4|5.4|2|8
19.9|93.51|1103|394|5.4|5.4|2|8
20|93.07|1698|396|5.4|5.4|3|8
20.1|92.74|1820|396|5.4|5.4|3|8
20.2|92.62|1840|396|5.4|5.4|3|8
20.3|92.58|1851|396|5.4|5.4|3|8
20.4|92.64|1853|396|5.4|5.4|3|8
20.5|92.52|1858|396|5.4|5.4|3|8
20.6|92.53|1861|396|5.4|5.4|3|8
20.7|92.53|1861|396|5.4|5.4|3|8
20.8|92.53|1863|396|5.4|5.4|3|8
20.9|92.52|1869|396|5.4|5.4|3|8
21|92.48|1869|396|5.4|5.4|3|8
21.1|92.47|1869|396|5.4|5.4|3|8
21.2|92.52|1869|396|5.4|5.4|3|8
21.3|92.51|1871|396|5.4|5.4|3|8
21.4|92.52|1871|396|5.4|5.4|3|8
21.5|92.51|1871|396|5.4|5.4|3|8
21.6|92.52|1871|396|5.4|5.4|3|8
21.7|92.52|1874|396|5.4|5.4|3|8
21.8|92.51|1874|396|5.4|5.4|3|8
21.9|92.52|1874|396|5.4|5.4|3|8
22|92.48|1874|396|5.4|5.4|4|8
22.1|92.55|1874|396|5.4|5.4|4|8
22.2|92.92|1835|396|5.4|5.4|4|8
22.3|93.47|1273|396|5.4|5.4|5|8
22.4|93.81|1103|395|5.4|5.4|5|8
22.5|93.94|1098|394|5.4|5.4|5|8
22.6|94|1098|394|5.4|5.4|5|8
22.7|94.05|1095|394|5.4|5.4|5|8
22.8|94.05|1095|394|5.4|5.4|5|8
22.9|94.05|1093|394|5.4|5.4|5|8
23|94.02|1093|394|5.4|5.4|5|8
23.1|94.05|1093|394|5.4|5.4|5|8
23.2|94.05|1093|394|5.4|5.4|5|8
23.3|94.04|1095|394|5.4|5.4|5|8
23.4|94|1098|394|5.4|5.4|5|8
23.5|94.02|1101|394|5.4|5.4|5|8
23.6|94.05|1101|395|5.4|5.4|5|8
23.7|94.06|1101|394|5.4|5.4|5|8
23.8|94.08|1101|395|5.4|5.4|5|8
23.9|94.01|1101|394|5.4|5.4|5|8
24|94.01|1101|394|5.4|5.4|5|8
24.1|94.02|1101|394|5.4|5.4|5|8
24.2|94.06|1101|394|5.4|5.4|5|8
24.3|94.05|1101|394|5.4|5.4|2|8
24.4|94.02|1101|394|5.4|5.4|2|8
24.5|93.7|1101|394|5.4|5.4|2|8
24.6|93.29|1113|394|5.4|5.4|2|8
24.7|92.8|1727|395|5.4|5.4|3|8
24.8|92.64|1825|396|5.4|5.4|3|8
24.9|92.4|1848|396|5.4|5.4|3|8
25|92.43|1856|396|5.4|5.4|3|8
25.1|92.35|1861|396|5.4|5.4|3|8
25.2|92.33|1866|396|5.4|5.4|3|8
25.3|92.36|1866|396|5.4|5.4|3|8
25.4|92.41|1869|396|5.4|5.4|3|8
25.5|92.25|1871|396|5.4|5.4|3|8
25.6|92.32|1874|396|5.4|5.4|3|8
25.7|92.33|1876|396|5.4|5.4|3|8
25.8|92.33|1876|396|5.4|5.4|3|8
25.9|92.32|1876|396|5.4|5.4|3|8
26|92.37|1876|396|5.4|5.4|3|8
26.1|92.25|1876|396|5.4|5.4|3|8
26.2|92.31|1876|396|5.4|5.4|3|8
26.3|92.32|1879|396|5.4|5.4|3|8
26.4|92.32|1879|396|5.4|5.4|3|8
26.5|92.31|1879|396|5.4|5.4|3|8
26.6|92.32|1879|396|5.4|5.4|3|8
26.7|92.32|1879|396|5.4|5.4|4|8
26.8|92.33|1879|396|5.4|5.4|4|8
26.9|92.74|1832|396|5.4|5.4|4|8
27|93.29|1260|396|5.4|5.4|5|8
27.1|93.64|1103|395|5.4|5.4|5|8
27.2|93.8|1098|394|5.4|5.4|5|8
27.3|93.77|1098|394|5.4|5.4|5|8
27.4|93.82|1095|394|5.4|5.4|5|8
27.5|93.82|1095|394|5.4|5.4|5|8
27.6|93.85|1093|394|5.4|5.4|5|8
27.7|93.84|1093|394|5.4|5.4|5|8
27.8|93.84|1093|394|5.4|5.4|5|8
27.9|93.88|1093|394|5.4|5.4|5|8
28|93.89|1090|394|5.4|5.4|5|8
28.1|93.85|1090|394|5.4|5.4|5|8
28.2|93.84|1090|394|5.4|5.4|5|8
28.3|93.81|1090|394|5.4|5.4|5|8
28.4|93.82|1090|394|5.4|5.4|5|8
28.5|93.84|1090|394|5.4|5.4|5|8
28.6|93.85|1090|394|5.4|5.4|5|8
28.7|93.85|1088|394|5.4|5.4|5|8
28.8|93.92|1088|394|5.4|5.4|5|8
28.9|93.88|1088|394|5.4|5.4|5|8
29|93.84|1090|395|5.4|5.4|2|8
29.1|93.82|1090|395|5.4|5.4|2|8
29.2|93.43|1088|395|5.4|5.4|2|8
29.3|93|1180|395|5.4|5.4|2|8
29.4|92.62|1742|396|5.4|5.4|3|8
29.5|92.36|1832|396|5.4|5.4|3|8
29.6|92.2|1851|396|5.4|5.4|3|8
29.7|92.13|1861|396|5.4|5.4|3|8
29.8|92.11|1866|396|5.4|5.4|3|8
29.9|92.08|1869|396|5.4|5.4|3|8
30|92.11|1871|396|5.4|5.4|3|8
30.1|92.15|1871|396|5.4|5.4|3|8
30.2|92.13|1874|396|5.4|5.4|3|8
30.3|92.09|1874|396|5.4|5.4|3|8
30.4|92.11|1879|396|5.4|5.4|3|8
30.5|92.13|1879|396|5.4|5.4|3|8
30.6|92.13|1881|396|5.4|5.4|3|8
30.7|92.09|1881|396|5.4|5.4|3|8
30.8|92.12|1881|396|5.4|5.4|3|8
30.9|92.13|1879|396|5.4|5.4|3|8
31|92.11|1879|396|5.4|5.4|3|8
31.1|92.11|1881|396|5.4|5.4|3|8
31.2|92.12|1881|396|5.4|5.4|3|8
31.3|92.12|1881|396|5.4|5.4|3|8
31.4|92.09|1881|396|5.4|5.4|4|8
31.5|92.31|1881|396|5.4|5.4|4|8
31.6|92.59|1838|396|5.4|5.4|4|8
31.7|93.14|1247|396|5.4|5.4|5|8
31.8|93.53|1103|396|5.4|5.4|5|8
31.9|93.6|1098|395|5.4|5.4|5|8
32|93.66|1098|395|5.4|5.4|5|8
32.1|93.74|1095|395|5.4|5.4|5|8
32.2|93.7|1095|395|5.4|5.4|5|8
32.3|93.72|1095|395|5.4|5.4|5|8
32.4|93.69|1095|395|5.4|5.4|5|8
32.5|93.65|1093|395|5.4|5.4|5|8
32.6|93.72|1090|395|5.4|5.4|5|8
32.7|93.73|1090|395|5.4|5.4|5|8
32.8|93.68|1090|395|5.4|5.4|5|8
32.9|93.66|1088|395|5.4|5.4|5|8
33|93.69|1088|395|5.4|5.4|5|8
33.1|93.7|1088|395|5.4|5.4|5|8
33.2|93.73|1088|395|5.4|5.4|5|8
33.3|93.7|1088|395|5.4|5.4|5|8
33.4|93.65|1088|395|5.4|5.4|5|8
33.5|93.7|1088|395|5.4|5.4|5|8
33.6|93.73|1088|395|5.4|5.4|5|8
33.7|93.7|1090|395|5.4|5.4|2|8
33.8|93.6|1088|395|5.4|5.4|2|8
33.9|93.27|1088|395|5.4|5.4|2|8
34|92.86|1204|395|5.4|5.4|2|8
34.1|92.44|1765|396|5.4|5.4|3|8
34.2|92.25|1838|396|5.4|5.4|3|8
34.3|92.13|1853|396|5.4|5.4|3|8
34.4|92.08|1861|396|5.4|5.4|3|8
34.5|92.05|1866|396|5.4|5.4|3|8
34.6|92.05|1871|396|5.4|5.4|3|8
34.7|92.11|1874|396|5.4|5.4|3|8
34.8|92.08|1876|396|5.4|5.4|3|8
34.9|92.08|1876|396|5.4|5.4|3|8
35|92.07|1881|396|5.4|5.4|3|8
35.1|92.02|1884|396|5.4|5.4|3|8
35.2|92.05|1884|396|5.4|5.4|3|8
35.3|92.05|1887|396|5.4|5.4|3|8
35.4|92.07|1887|396|5.4|5.4|3|8
35.5|92.08|1889|396|5.4|5.4|3|8
35.6|92.07|1889|396|5.4|5.4|3|8
35.7|92.07|1889|396|5.4|5.4|3|8
35.8|92.05|1889|396|5.4|5.4|3|8
35.9|92.04|1892|396|5.4|5.4|3|8
36|92.04|1889|396|5.4|5.4|3|8
36.1|92.08|1889|396|5.4|5.4|4|8
36.2|92.31|1887|396|5.4|5.4|4|8
36.3|92.68|1827|396|5.4|5.4|4|8
36.4|93.19|1178|396|5.4|5.4|2|8
36.5|93.38|1098|396|5.4|5.4|2|8
36.6|93.53|1095|396|5.4|5.4|2|8
36.7|93.38|1093|396|5.4|5.4|2|8
36.8|93.41|1093|396|5.4|5.4|2|8
36.9|93.35|1093|396|5.4|5.4|2|8
37|93.25|1090|396|5.4|5.4|2|8
37.1|93.22|1090|396|5.4|5.4|2|8
37.2|93.21|1090|396|5.4|5.4|2|8
37.3|93.03|1088|396|5.4|5.4|2|8
37.4|93.02|1088|396|5.4|5.4|2|8
37.5|93.02|1088|396|5.4|5.4|2|8
37.6|92.91|1088|396|5.4|5.4|2|8
37.7|92.88|1098|396|5.4|5.4|2|8
37.8|92.8|1124|396|5.4|5.4|2|8
37.9|92.72|1229|396|5.4|5.4|2|8
38|92.66|1165|396|5.4|5.4|2|8
38.1|92.64|1152|396|5.4|5.4|2|8
38.2|92.6|1139|396|5.4|5.4|2|8
38.3|92.44|1155|396|5.4|5.4|2|8
38.4|92.36|1649|396|5.4|5.4|2|8
38.5|92.44|1704|396|5.4|5.4|2|8
38.6|92.53|1644|397|5.4|5.4|2|8
38.7|92.64|1149|397|5.4|5.4|2|8
38.8|92.82|1090|396|5.4|5.4|2|8
38.9|92.87|1088|396|5.4|5.4|2|8
39|92.72|1085|396|5.4|5.4|2|8
39.1|92.68|1085|396|5.4|5.4|2|8
39.2|92.67|1085|396|5.4|5.4|2|8
39.3|92.66|1085|396|5.4|5.4|2|8
39.4|92.6|1088|396|5.4|5.4|2|8
39.5|92.45|1131|396|5.4|5.4|2|8
39.6|92.35|1580|396|5.4|5.4|2|8
39.7|92.44|1095|396|5.4|5.4|2|8
39.8|92.45|1085|396|5.4|5.4|2|8
39.9|92.37|1116|396|5.4|5.4|2|8
40|92.37|1534|396|5.4|5.4|2|8
40.1|92.35|1714|396|5.4|5.4|2|8
40.2|92.41|1696|396|5.4|5.4|2|8
40.3|92.56|1637|396|5.4|5.4|2|8
40.4|92.78|1106|396|5.4|5.4|2|8
40.5|92.86|1090|396|5.4|5.4|2|8
40.6|92.87|1088|396|5.4|5.4|2|8
40.7|92.74|1085|396|5.4|5.4|2|8
40.8|92.71|1085|396|5.4|5.4|2|8
40.9|92.66|1085|396|5.4|5.4|2|8
41|92.63|1082|396|5.4|5.4|2|8
41.1|92.59|1082|396|5.4|5.4|2|8
41.2|92.51|1108|396|5.4|5.4|2|8
41.3|92.35|1085|396|5.4|5.4|2|8
41.4|92.36|1103|396|5.4|5.4|2|8
41.5|92.36|1304|396|5.4|5.4|2|8
41.6|92.27|1616|396|5.4|5.4|2|8
41.7|92.29|1629|396|5.4|5.4|2|8
41.8|92.4|1119|396|5.4|5.4|2|8
41.9|92.6|1082|396|5.4|5.4|2|8
42|92.52|1082|396|5.4|5.4|2|8
42.1|92.37|1082|396|5.4|5.4|2|8
42.2|92.35|1082|396|5.4|5.4|2|8
42.3|92.39|1082|396|5.4|5.4|2|8
42.4|92.36|1080|396|5.4|5.4|2|8
42.5|92.23|1222|396|5.4|5.4|2|8
42.6|92.15|1580|396|5.4|5.4|2|8
42.7|92.13|1649|396|5.4|5.4|2|8
42.8|92.31|1536|397|5.4|5.4|2|8
42.9|92.44|1090|396|5.4|5.4|2|8
43|92.49|1082|396|5.4|5.4|2|8
43.1|92.53|1082|396|5.4|5.4|2|8
43.2|92.41|1080|396|5.4|5.4|2|8
43.3|92.39|1080|396|5.4|5.4|2|8
43.4|92.39|1088|396|5.4|5.4|2|8
43.5|92.23|1098|396|5.4|5.4|2|8
43.6|92.13|1209|396|5.4|5.4|2|8
43.7|92.13|1219|396|5.4|5.4|2|8
43.8|92.11|1405|398|5.4|5.4|2|8
43.9|91.92|1369|398|5.4|5.4|2|8
44|91.93|1273|397|5.4|5.4|2|8
44.1|91.92|1276|397|5.4|5.4|2|8
44.2|91.8|1327|397|5.4|5.4|2|8
44.3|91.76|1371|398|5.4|5.4|2|8
44.4|91.62|1317|396|5.4|5.4|2|8
44.5|91.58|1209|397|5.4|5.4|2|8
44.6|91.51|1178|396|5.4|5.4|2|8
44.7|91.46|1304|396|5.4|5.4|2|8
44.8|91.38|1294|397|5.4|5.4|2|8
44.9|91.3|1356|396|5.4|5.4|2|8
45|91.26|1198|396|5.4|5.4|2|8
45.1|91.22|1253|396|5.4|5.4|2|8
45.2|91.09|1374|396|5.4|5.4|2|8
45.3|91.03|1188|397|5.4|5.4|2|8
45.4|90.95|1186|396|5.4|5.4|2|8
45.5|90.86|1332|396|5.4|5.4|2|8
45.6|90.82|1144|397|5.4|5.4|2|8
45.7|90.72|1271|397|5.4|5.4|2|8
45.8|90.66|1263|397|5.4|5.4|2|8
45.9|90.55|1186|397|5.4|5.4|2|8
46|90.51|1157|398|5.4|5.4|2|8
46.1|90.39|1242|397|5.4|5.4|2|8
46.2|90.33|1165|398|5.4|5.4|2|8
46.3|90.24|1193|398|5.4|5.4|2|8
46.4|90.13|1219|398|5.4|5.4|2|8
46.5|90.04|1247|398|5.4|5.4|2|8
46.6|89.96|1188|397|5.4|5.4|2|8
46.7|89.88|1149|397|5.4|5.4|2|8
46.8|89.78|1178|398|5.4|5.4|2|8
46.9|89.78|1178|397|5.4|5.4|2|8
47|89.57|1369|398|5.4|5.4|2|8
47.1|89.53|1191|396|5.4|5.4|2|8
47.2|89.42|1137|396|5.4|5.4|2|8
47.3|89.31|1366|397|5.4|5.4|2|8
47.4|89.18|1188|397|5.4|5.4|2|8
47.5|89.13|1209|397|5.4|5.4|2|8
47.6|89.05|1175|398|5.4|5.4|2|8
47.7|88.9|1291|398|5.4|5.4|2|8
47.8|88.86|1222|398|5.4|5.4|2|8
47.9|88.72|1204|398|5.4|5.4|2|8
48|88.6|1227|397|5.4|5.4|2|8
48.1|88.54|1216|396|5.4|5.4|2|8
48.2|88.39|1147|397|5.4|5.4|2|8
48.3|88.27|1201|398|5.4|5.4|2|8
48.4|88.19|1211|398|5.4|5.4|2|8
48.5|88.04|1237|398|5.4|5.4|2|8
48.6|87.97|1263|398|5.4|5.4|2|8
48.7|87.86|1152|398|5.4|5.4|2|8
48.8|87.69|1124|398|5.4|5.4|2|8
48.9|87.6|1325|397|5.4|5.4|2|8
49|87.46|1284|396|5.4|5.4|2|8
49.1|87.42|1131|396|5.4|5.4|2|8
49.2|87.22|1258|396|5.4|5.4|2|8
49.3|87.14|1296|396|5.4|5.4|2|8
49.4|86.99|1186|397|5.4|5.4|2|8
49.5|86.89|1247|397|5.4|5.4|2|8
49.6|86.78|1193|396|5.4|5.4|2|8
49.7|86.62|1302|397|5.4|5.4|2|8
49.8|86.47|1392|398|5.4|5.4|2|8
49.9|86.38|1206|398|5.4|5.4|2|8
50|86.21|1309|398|5.4|5.4|2|8
50.1|86.05|1281|398|5.4|5.4|2|8
50.2|85.95|1196|398|5.4|5.4|2|8
50.3|85.77|1320|398|5.4|5.4|2|8
50.4|85.68|1327|398|5.4|5.4|2|8
50.5|85.46|1299|398|5.4|5.4|2|8
50.6|85.38|1129|396|5.4|5.4|2|8
50.7|85.22|1198|396|5.4|5.4|2|8
50.8|85.05|1276|396|5.4|5.4|2|8
50.9|84.94|1216|396|5.4|5.4|2|8
51|84.82|1322|396|5.4|5.4|2|8
51.1|84.59|1149|396|5.4|5.4|2|8
51.2|84.38|1206|396|5.4|5.4|2|8
51.3|84.27|1219|396|5.4|5.4|2|8
51.4|84.13|1317|397|5.4|5.4|2|8
51.5|83.95|1397|396|5.4|5.4|2|8
51.6|83.81|1361|396|5.4|5.4|2|8
51.7|83.64|1358|397|5.4|5.4|2|8
51.8|83.42|1271|396|5.4|5.4|2|8
51.9|83.29|1320|398|5.4|5.4|2|8
52|83.1|1351|398|5.4|5.4|2|8
52.1|82.93|1289|396|5.4|5.4|2|8
52.2|82.74|1304|396|5.4|5.4|2|8
52.3|82.56|1322|396|5.4|5.4|2|8
52.4|82.35|1201|396|5.4|5.4|2|8
52.5|82.17|1265|396|5.4|5.4|2|8
52.6|82.04|1340|396|5.4|5.4|2|8
52.7|81.79|1296|396|5.4|5.4|2|8
52.8|81.66|1263|396|5.4|5.4|2|8
52.9|81.44|1309|396|5.4|5.4|6|8
53|80.34|1822|396|5.4|5.4|6|8
53.1|77.77|1930|396|5.4|5.4|6|8
53.2|75.16|90|394|5.4|5.4|7|8
53.3|72.94|0|393|5.4|5.4|7|8
53.4|71.71|0|392|5.4|5.4|7|8
53.5|71.09|0|392|5.4|5.4|7|8
53.6|70.79|0|392|5.4|5.4|7|8
53.7|70.69|0|392|5.4|5.4|7|8
53.8|70.65|0|392|5.4|5.4|7|8
53.9|70.63|0|392|5.4|5.4|7|8
54|70.57|0|392|5.4|5.4|7|8
54.1|70.57|0|392|5.4|5.4|7|8
54.2|70.57|0|392|5.4|5.4|7|8
54.3|70.57|0|392|5.4|5.4|7|8
54.4|70.57|0|392|5.4|5.4|7|8
54.5|70.55|0|392|5.4|5.4|7|8
54.6|70.55|0|392|5.4|5.4|7|8
54.7|70.54|0|392|5.4|5.4|7|8
54.8|70.55|0|392|5.4|5.4|7|8
54.9|70.55|0|392|5.4|5.4|7|8
55|70.55|0|392|5.4|5.4|7|8
55.1|70.53|0|392|5.4|5.4|7|8
55.2|70.53|0|392|5.4|5.4|7|8
55.3|70.55|0|392|5.4|5.4|7|8
55.4|70.57|0|392|5.4|5.4|7|8
55.5|70.57|0|392|5.4|5.4|7|8
55.6|70.57|0|392|5.4|5.4|7|8
55.7|70.62|0|392|5.4|5.4|7|8
55.8|70.55|0|392|5.4|5.4|7|8
55.9|70.45|0|392|5.4|5.4|7|8
56|70.49|0|392|5.4|5.4|7|8
56.1|70.5|0|392|5.4|5.4|7|8
56.2|70.5|0|392|5.4|5.4|7|8
56.3|70.53|0|392|5.4|5.4|7|8
56.4|70.54|0|392|5.4|5.4|7|8
56.5|70.58|0|392|5.4|5.4|7|8
56.6|70.61|0|392|5.4|5.4|7|8
56.7|70.55|0|392|5.4|5.4|7|8
56.8|70.54|0|392|5.4|5.4|7|8
56.9|70.55|0|392|5.4|5.4|7|8
57|70.53|0|392|5.4|5.4|7|8
57.1|70.53|0|392|5.4|5.4|7|8
57.2|70.51|0|392|5.4|5.4|7|8
57.3|70.5|0|392|5.4|5.4|7|8
57.4|70.51|0|392|5.4|5.4|7|8
57.5|70.5|0|392|5.4|5.4|7|8
57.6|70.53|0|392|5.4|5.4|7|8
57.7|70.53|0|392|5.4|5.4|7|8
57.8|70.55|0|392|5.4|5.4|7|8
57.9|70.58|0|392|5.4|5.4|7|8
58|70.59|0|392|5.4|5.4|7|8
58.1|70.57|0|392|5.4|5.4|7|8
58.2|70.5|0|392|5.4|5.4|7|8
58.3|70.46|0|392|5.4|5.4|7|8
58.4|70.51|0|392|5.4|5.4|7|8
58.5|70.49|0|392|5.4|5.4|7|8
58.6|70.51|0|392|5.4|5.4|7|8
58.7|70.54|0|392|5.4|5.4|7|8
58.8|70.55|0|392|5.4|5.4|7|8
58.9|70.61|0|392|5.4|5.4|7|8
59|70.57|0|392|5.4|5.4|7|8
59.1|70.51|0|392|5.4|5.4|7|8
59.2|70.46|0|392|5.4|5.4|7|8
59.3|70.47|0|392|5.4|5.4|7|8
59.4|70.49|0|392|5.4|5.4|7|8
59.5|70.53|0|392|5.4|5.4|7|8
59.6|70.55|0|392|5.4|5.4|7|8
59.7|70.58|0|392|5.4|5.4|7|8
59.8|70.57|0|392|5.4|5.4|7|8
59.9|70.55|0|392|5.4|5.4|7|8
60|70.51|0|392|5.4|5.4|7|8
60.1|70.5|0|392|5.4|5.4|7|8
60.2|70.46|0|392|5.4|5.4|7|8
60.3|70.47|0|392|5.4|5.4|7|8
60.4|70.51|0|392|5.4|5.4|7|8
60.5|70.51|0|392|5.4|5.4|7|8
60.6|70.51|0|392|5.4|5.4|7|8
60.7|70.53|0|392|5.4|5.4|7|8
60.8|70.55|0|392|5.4|5.4|7|8
60.9|70.57|0|393|5.4|5.4|7|8
61|70.54|0|393|5.4|5.4|7|8
61.1|70.5|0|393|5.4|5.4|7|8
61.2|70.49|0|393|5.4|5.4|7|8
61.3|70.47|0|393|5.4|5.4|7|8
61.4|70.51|0|393|5.4|5.4|7|8
61.5|70.51|0|393|5.4|5.4|7|8
61.6|70.51|0|393|5.4|5.4|7|8
61.7|70.55|0|393|5.4|5.4|7|8
61.8|70.55|0|393|5.4|5.4|7|8
61.9|70.55|0|393|5.4|5.4|7|8
62|70.54|0|393|5.4|5.4|7|8
62.1|70.54|0|393|5.4|5.4|7|8
62.2|70.54|0|393|5.4|5.4|7|8
62.3|70.53|0|393|5.4|5.4|7|8
62.4|70.53|0|393|5.4|5.4|7|8
62.5|70.51|0|393|5.4|5.4|7|8
62.6|70.51|0|393|5.4|5.4|7|8
62.7|70.51|0|393|5.4|5.4|7|8
62.8|70.47|0|393|5.4|5.4|7|8
62.9|70.47|0|393|5.4|5.4|7|8
63|70.5|0|393|5.4|5.4|7|8
63.1|70.49|0|393|5.4|5.4|7|8
63.2|70.51|0|393|5.4|5.4|7|8
63.3|70.53|0|394|5.4|5.4|7|8
63.4|70.55|0|393|5.4|5.4|7|8
63.5|70.54|0|393|5.4|5.4|7|8
63.6|70.53|0|393|5.4|5.4|7|8
63.7|70.55|0|393|5.4|5.4|7|8
63.8|70.54|0|394|5.4|5.4|7|8
63.9|70.5|0|394|5.4|5.4|7|8
64|70.47|0|402|5.4|5.4|7|8
64.1|70.46|0|405|5.4|5.4|7|8
64.2|70.49|0|407|5.4|5.4|7|8
64.3|70.47|0|408|5.4|5.4|7|8
64.4|70.53|0|408|5.4|5.4|7|8
64.5|70.55|0|408|5.4|5.4|7|8
64.6|70.54|0|408|5.4|5.4|7|8
64.7|70.53|0|408|5.4|5.4|7|8
64.8|70.53|0|408|5.4|5.4|7|8
64.9|70.51|0|408|5.4|5.4|7|8
65|70.51|0|408|5.4|5.4|7|8
65.1|70.51|0|408|5.4|5.4|7|8
65.2|70.46|0|408|5.4|5.4|7|8
65.3|70.47|0|408|5.4|5.4|7|8
65.4|70.49|0|408|5.4|5.4|7|8
65.5|70.47|0|408|5.4|5.4|7|8
65.6|70.5|0|408|5.4|5.4|7|8
65.7|70.51|0|408|5.4|5.4|7|8
65.8|70.54|0|408|5.4|5.4|7|8
65.9|70.55|0|408|5.4|5.4|7|8
66|70.54|0|408|5.4|5.4|7|8
66.1|70.53|0|408|5.4|5.4|7|8
66.2|70.53|0|408|5.4|5.4|8|8
66.3|70.45|0|408|5.4|5.4|8|8
66.4|70.34|0|408|5.4|5.4|8|8
66.5|70.39|0|408|5.4|5.4|8|8
66.6|70.47|0|408|5.4|5.4|8|8
66.7|70.45|0|408|5.4|5.4|8|8
66.8|70.45|0|408|5.4|5.4|8|8
66.9|70.42|0|408|5.4|5.4|8|8
67|70.46|0|408|5.4|5.4|8|8
67.1|70.46|0|408|5.4|5.4|8|8
67.2|70.46|0|408|5.3|5.3|8|8
67.3|70.45|0|408|5.3|5.3|8|8
67.4|70.45|0|408|5.3|5.3|8|8
67.5|70.43|0|408|5.3|5.3|8|8
67.6|70.46|0|408|5.2|5.2|8|8
67.7|70.49|0|408|5.3|5.3|8|8
67.8|70.47|0|408|5.2|5.2|8|8
67.9|70.46|0|408|5.2|5.2|8|8
68|70.45|0|408|5.2|5.2|8|8
68.1|70.46|0|408|5.2|5.2|8|8
68.2|70.63|0|408|5.2|5.2|8|8
68.3|73.44|0|408|5.2|5.2|8|8
68.4|76.42|0|408|5.2|5.2|8|8
68.5|79.45|0|408|5.2|5.2|8|8
68.6|82.46|0|408|5.2|5.2|8|8
68.7|85.41|0|408|5.2|5.2|8|8
68.8|88.32|0|408|5.2|5.2|8|8
68.9|91.26|0|408|5.2|5.2|8|8
69|94|0|408|5.2|5.2|8|8
69.1|95.22|0|408|5.2|5.2|8|8
69.2|95.77|0|408|5.2|5.2|8|8
