0|96.08|1410|457|5.1|5.1|1|8
0.1|96.09|1557|463|5.1|5.1|1|8
0.2|96.06|1582|466|5.1|5.1|1|8
0.3|96.02|1595|467|5.1|5.1|1|8
0.4|96.04|1608|468|5.1|5.1|1|8
0.5|96.09|1613|468|5.1|5.1|3|8
0.6|96.02|1619|468|5.1|5.1|3|8
0.7|96|1624|468|5.1|5.1|3|8
0.8|96.01|1629|468|5.1|5.1|3|8
0.9|96.01|1631|468|5.1|5.1|3|8
1|96.01|1639|468|5.1|5.1|3|8
1.1|96.01|1642|468|5.1|5.1|3|8
1.2|96.01|1647|468|5.1|5.1|3|8
1.3|95.98|1647|468|5.1|5.1|3|8
1.4|96.04|1647|468|5.2|5.1|3|8
1.5|96.01|1649|468|5.1|5.1|3|8
1.6|96|1652|468|5.2|5.2|3|8
1.7|96.01|1652|468|5.2|5.2|3|8
1.8|96.04|1652|468|5.2|5.2|3|8
1.9|96.06|1655|468|5.2|5.2|3|8
2|96.04|1647|468|5.2|5.2|3|8
2.1|96|1644|468|5.2|5.2|3|8
2.2|95.94|1642|468|5.2|5.2|3|8
2.3|95.97|1631|468|5.2|5.2|3|8
2.4|95.98|1619|468|5.2|5.2|3|8
2.5|95.98|1598|468|5.2|5.2|4|8
2.6|96.28|1534|468|5.2|5.2|4|8
2.7|96.63|1064|468|5.2|5.2|5|8
2.8|96.91|1034|466|5.2|5.2|5|8
2.9|96.95|1031|466|5.2|5.2|5|8
3|97|1028|466|5.2|5.2|5|8
3.1|97.02|1028|466|5.2|5.2|5|8
3.2|97.03|1026|466|5.2|5.2|5|8
3.3|97.06|1026|466|5.2|5.2|5|8
3.4|97.08|1026|466|5.2|5.2|5|8
3.5|96.92|1023|466|5.2|5.2|5|8
3.6|97|1023|466|5.2|5.2|5|8
3.7|96.98|1026|466|5.2|5.2|5|8
3.8|97.02|1026|466|5.2|5.2|5|8
3.9|97.03|1023|466|5.2|5.2|5|8
4|97.02|1023|466|5.2|5.2|5|8
4.1|96.99|1023|466|5.2|5.2|5|8
4.2|97.03|1023|466|5.2|5.2|5|8
4.3|97.04|1023|466|5.2|5.2|5|8
4.4|97.03|1026|466|5.2|5.2|5|8
4.5|97.04|1023|466|5.2|5.2|5|8
4.6|97.03|1023|466|5.2|5.2|5|8
4.7|96.96|1023|466|5.2|5.2|2|8
4.8|96.79|1023|466|5.2|5.2|2|8
4.9|96.49|1026|466|5.2|5.2|2|8
5|95.98|1090|466|5.2|5.2|2|8
5.1|95.49|1131|464|5.2|5.2|2|8
5.2|95.02|1198|464|5.2|5.2|2|8
5.3|94.55|1536|466|5.2|5.2|3|8
5.4|94.21|1691|467|5.2|5.2|3|8
5.5|94|1706|468|5.2|5.2|3|8
5.6|93.96|1711|468|5.2|5.2|3|8
5.7|93.9|1714|468|5.2|5.2|3|8
5.8|93.89|1716|468|5.2|5.2|3|8
5.9|93.88|1719|468|5.2|5.2|3|8
6|93.86|1719|469|5.2|5.3|3|8
6.1|93.86|1719|469|5.2|5.3|3|8
6.2|93.82|1722|469|5.3|5.3|3|8
6.3|93.81|1724|468|5.3|5.3|3|8
6.4|93.81|1724|468|5.3|5.3|3|8
6.5|93.81|1724|468|5.3|5.3|3|8
6.6|93.88|1724|469|5.3|5.3|3|8
6.7|93.89|1724|469|5.3|5.3|3|8
6.8|93.85|1727|469|5.3|5.3|3|8
6.9|93.84|1727|469|5.3|5.3|3|8
7|93.81|1727|469|5.3|5.3|3|8
7.1|93.84|1727|469|5.3|5.3|3|8
7.2|93.84|1729|468|5.3|5.3|3|8
7.3|93.92|1729|468|5.3|5.3|4|8
7.4|93.85|1729|468|5.3|5.3|4|8
7.5|94.21|1724|469|5.3|5.3|4|8
7.6|94.64|1698|469|5.3|5.3|4|8
7.7|95.14|1206|468|5.3|5.3|5|8
7.8|95.51|1041|468|5.3|5.3|5|8
7.9|95.63|1039|467|5.3|5.3|5|8
8|95.69|1036|467|5.3|5.3|5|8
8.1|95.7|1036|467|5.3|5.3|5|8
8.2|95.69|1036|467|5.3|5.3|5|8
8.3|95.69|1034|467|5.3|5.3|5|8
8.4|95.74|1034|467|5.3|5.3|5|8
8.5|95.78|1034|466|5.3|5.3|5|8
8.6|95.78|1034|466|5.3|5.3|5|8
8.7|95.7|1034|466|5.3|5.3|5|8
8.8|95.66|1034|466|5.3|5.3|5|8
8.9|95.69|1034|466|5.3|5.3|5|8
9|95.68|1034|466|5.3|5.3|5|8
9.1|95.72|1034|466|5.3|5.3|5|8
9.2|95.72|1034|466|5.3|5.3|5|8
9.3|95.72|1034|466|5.3|5.3|5|8
9.4|95.72|1034|466|5.3|5.3|5|8
9.5|95.73|1034|465|5.3|5.3|5|8
9.6|95.8|1034|465|5.3|5.3|5|8
9.7|95.77|1034|465|5.3|5.3|2|8
9.8|95.66|1034|466|5.3|5.3|2|8
9.9|95.31|1034|466|5.3|5.3|2|8
10|94.91|1041|466|5.3|5.3|2|8
10.1|94.45|1245|464|5.3|5.3|2|8
10.2|93.98|1688|465|5.3|5.3|3|8
10.3|93.84|1724|467|5.3|5.3|3|8
10.4|93.69|1747|457|5.3|5.4|3|8
10.5|93.55|1758|441|5.4|5.4|3|8
10.6|93.54|1760|436|5.4|5.4|3|8
10.7|93.51|1765|434|5.4|5.4|3|8
10.8|93.5|1765|434|5.4|5.4|3|8
10.9|93.53|1768|434|5.4|5.4|3|8
11|93.6|1768|434|5.4|5.4|3|8
11.1|93.53|1771|433|5.4|5.4|3|8
11.2|93.54|1771|434|5.4|5.4|3|8
11.3|93.57|1771|434|5.4|5.4|3|8
11.4|93.57|1771|434|5.4|5.4|3|8
11.5|93.53|1773|434|5.4|5.4|3|8
11.6|93.53|1773|434|5.4|5.4|3|8
11.7|93.57|1773|434|5.4|5.4|3|8
11.8|93.51|1773|434|5.4|5.4|3|8
11.9|93.51|1776|434|5.4|5.4|3|8
12|93.55|1776|434|5.4|5.4|3|8
12.1|93.55|1776|434|5.4|5.4|3|8
12.2|93.53|1778|434|5.4|5.4|4|8
12.3|93.74|1776|434|5.4|5.4|4|8
12.4|94.1|1755|434|5.4|5.4|4|8
12.5|94.61|1732|434|5.4|5.4|4|8
12.6|95.08|1183|434|5.4|5.4|5|8
12.7|95.42|1062|432|5.4|5.4|5|8
12.8|95.54|1059|431|5.4|5.4|5|8
12.9|95.57|1057|430|5.4|5.4|5|8
13|95.63|1057|430|5.4|5.4|5|8
13.1|95.68|1054|430|5.4|5.4|5|8
13.2|95.62|1054|430|5.4|5.4|5|8
13.3|95.61|1054|429|5.4|5.4|5|8
13.4|95.58|1052|428|5.4|5.4|5|8
13.5|95.62|1052|428|5.4|5.4|5|8
13.6|95.68|1052|428|5.4|5.4|5|8
13.7|95.66|1052|429|5.4|5.4|5|8
13.8|95.63|1052|429|5.4|5.4|5|8
13.9|95.57|1052|428|5.4|5.4|5|8
14|95.55|1049|428|5.4|5.4|5|8
14.1|95.61|1052|428|5.4|5.4|5|8
14.2|95.63|1052|428|5.4|5.4|5|8
14.3|95.66|1052|428|5.4|5.4|5|8
14.4|95.65|1052|428|5.4|5.4|5|8
14.5|95.62|1052|428|5.4|5.4|5|8
14.6|95.62|1049|428|5.4|5.4|2|8
14.7|95.51|1049|428|5.4|5.4|2|8
14.8|95.19|1049|428|5.4|5.4|2|8
14.9|94.8|1075|428|5.4|5.4|2|8
15|94.33|1466|428|5.4|5.4|2|8
15.1|93.9|1724|430|5.4|5.4|3|8
15.2|93.69|1750|432|5.4|5.4|3|8
15.3|93.54|1760|432|5.4|5.4|3|8
15.4|93.49|1765|432|5.4|5.4|3|8
15.5|93.54|1771|432|5.4|5.4|3|8
15.6|93.6|1773|432|5.4|5.4|3|8
15.7|93.53|1778|432|5.4|5.4|3|8
15.8|93.49|1778|432|5.4|5.4|3|8
15.9|93.57|1781|432|5.4|5.4|3|8
16|93.51|1781|433|5.4|5.4|3|8
16.1|93.5|1786|433|5.4|5.4|3|8
16.2|93.54|1784|433|5.4|5.4|3|8
16.3|93.57|1784|432|5.4|5.4|3|8
16.4|93.54|1786|432|5.4|5.4|3|8
16.5|93.54|1786|432|5.4|5.4|3|8
16.6|93.51|1786|432|5.4|5.4|3|8
16.7|93.51|1786|432|5.4|5.4|3|8
16.8|93.58|1786|432|5.4|5.4|3|8
16.9|93.53|1786|433|5.4|5.4|3|8
17|93.54|1786|432|5.4|5.4|3|8
17.1|93.55|1786|432|5.4|5.4|4|8
17.2|93.8|1781|432|5.4|5.4|4|8
17.3|94.28|1753|432|5.4|5.4|4|8
17.4|94.76|1536|432|5.4|5.4|4|8
17.5|95.14|1067|432|5.4|5.4|5|8
17.6|95.35|1059|430|5.4|5.4|5|8
17.7|95.39|1057|430|5.4|5.4|5|8
17.8|95.43|1057|430|5.4|5.4|5|8
17.9|95.41|1057|429|5.4|5.4|5|8
18|95.5|1054|428|5.4|5.4|5|8
18.1|95.46|1054|428|5.4|5.4|5|8
18.2|95.45|1052|428|5.4|5.4|5|8
18.3|95.46|1054|428|5.4|5.4|5|8
18.4|95.49|1052|428|5.4|5.4|5|8
18.5|95.47|1052|428|5.4|5.4|5|8
18.6|95.45|1052|428|5.4|5.4|5|8
18.7|95.42|1052|427|5.4|5.4|5|8
18.8|95.5|1052|427|5.4|5.4|5|8
18.9|95.46|1052|427|5.4|5.4|5|8
19|95.46|1049|427|5.4|5.4|5|8
19.1|95.43|1052|427|5.4|5.4|5|8
19.2|95.49|1049|427|5.4|5.4|5|8
19.3|95.49|1049|427|5.4|5.4|5|8
19.4|95.46|1049|426|5.4|5.4|5|8
19.5|95.49|1049|426|5.4|5.4|2|8
19.6|95.19|1049|426|5.4|5.4|2|8
19.7|94.8|1049|426|5.4|5.4|2|8
19.8|94.39|1307|428|5.4|5.4|2|8
19.9|93.89|1719|429|5.4|5.4|3|8
20|93.68|1755|430|5.4|5.4|3|8
20.1|93.54|1771|431|5.4|5.4|3|8
20.2|93.58|1776|431|5.4|5.4|3|8
20.3|93.53|1784|431|5.4|5.4|3|8
20.4|93.49|1812|420|5.4|5.4|3|8
20.5|93.49|1817|404|5.4|5.4|3|8
20.6|93.51|1820|398|5.4|5.4|3|8
20.7|93.42|1822|397|5.4|5.4|3|8
20.8|93.45|1822|396|5.4|5.4|3|8
20.9|93.5|1822|396|5.4|5.4|3|8
21|93.51|1822|396|5.4|5.4|3|8
21.1|93.49|1822|396|5.4|5.4|3|8
21.2|93.49|1825|396|5.4|5.4|3|8
21.3|93.47|1825|396|5.4|5.4|3|8
21.4|93.45|1825|396|5.4|5.4|3|8
21.5|93.49|1822|396|5.4|5.4|3|8
21.6|93.51|1822|396|5.4|5.4|3|8
21.7|93.5|1825|396|5.4|5.4|3|8
21.8|93.47|1825|396|5.4|5.4|3|8
21.9|93.46|1825|396|5.4|5.4|4|8
22|93.64|1822|396|5.4|5.4|4|8
22.1|94.13|1789|396|5.4|5.4|4|8
22.2|94.64|1389|396|5.4|5.4|4|8
22.3|95|1077|396|5.4|5.4|5|8
22.4|95.12|1070|395|5.4|5.4|5|8
22.5|95.17|1070|394|5.4|5.4|5|8
22.6|95.25|1067|394|5.4|5.4|5|8
22.7|95.34|1067|394|5.4|5.4|5|8
22.8|95.27|1064|394|5.4|5.4|5|8
22.9|95.26|1064|394|5.4|5.4|5|8
23|95.23|1064|394|5.4|5.4|5|8
23.1|95.21|1062|394|5.4|5.4|5|8
23.2|95.29|1062|394|5.4|5.4|5|8
23.3|95.3|1062|394|5.4|5.4|5|8
23.4|95.29|1062|394|5.4|5.4|5|8
23.5|95.27|1062|394|5.4|5.4|5|8
23.6|95.27|1062|394|5.4|5.4|5|8
23.7|95.26|1062|394|5.4|5.4|5|8
23.8|95.23|1059|394|5.4|5.4|5|8
23.9|95.23|1059|394|5.4|5.4|5|8
24|95.35|1059|394|5.4|5.4|5|8
24.1|95.26|1059|394|5.4|5.4|5|8
24.2|95.22|1057|394|5.4|5.4|5|8
24.3|95.26|1057|393|5.4|5.4|2|8
24.4|95|1057|393|5.4|5.4|2|8
24.5|94.59|1057|393|5.4|5.4|2|8
24.6|94.05|1534|394|5.4|5.4|2|8
24.7|93.72|1760|395|5.4|5.4|3|8
24.8|93.57|1791|395|5.4|5.4|3|8
24.9|93.38|1807|396|5.4|5.4|3|8
25|93.33|1812|396|5.4|5.4|3|8
25.1|93.35|1814|396|5.4|5.4|3|8
25.2|93.41|1817|396|5.4|5.4|3|8
25.3|93.39|1820|396|5.4|5.4|3|8
25.4|93.38|1825|396|5.4|5.4|3|8
25.5|93.38|1825|396|5.4|5.4|3|8
25.6|93.37|1827|396|5.4|5.4|3|8
25.7|93.38|1827|396|5.4|5.4|3|8
25.8|93.37|1827|396|5.4|5.4|3|8
25.9|93.37|1830|396|5.4|5.4|3|8
26|93.34|1830|396|5.4|5.4|3|8
26.1|93.37|1830|396|5.4|5.4|3|8
26.2|93.39|1830|396|5.4|5.4|3|8
26.3|93.37|1830|396|5.4|5.4|3|8
26.4|93.39|1830|396|5.4|5.4|3|8
26.5|93.37|1832|396|5.4|5.4|3|8
26.6|93.34|1832|396|5.4|5.4|3|8
26.7|93.47|1832|396|5.4|5.4|4|8
26.8|93.72|1825|396|5.4|5.4|4|8
26.9|94.24|1719|396|5.4|5.4|4|8
27|94.66|1085|395|5.4|5.4|5|8
27.1|94.76|1070|394|5.4|5.4|5|8
27.2|94.79|1067|394|5.4|5.4|5|8
27.3|94.99|1067|394|5.4|5.4|5|8
27.4|94.91|1067|394|5.4|5.4|5|8
27.5|94.84|1064|394|5.4|5.4|5|8
27.6|94.92|1064|394|5.4|5.4|5|8
27.7|94.96|1064|394|5.4|5.4|5|8
27.8|94.87|1064|394|5.4|5.4|5|8
27.9|94.99|1062|394|5.4|5.4|5|8
28|94.87|1062|394|5.4|5.4|5|8
28.1|94.99|1062|394|5.4|5.4|5|8
28.2|94.84|1062|394|5.4|5.4|5|8
28.3|94.98|1062|394|5.4|5.4|5|8
28.4|94.87|1062|394|5.4|5.4|5|8
28.5|94.94|1059|394|5.4|5.4|5|8
28.6|94.94|1059|394|5.4|5.4|5|8
28.7|94.9|1057|394|5.4|5.4|5|8
28.8|94.95|1059|394|5.4|5.4|5|8
28.9|94.87|1059|394|5.4|5.4|5|8
29|94.94|1059|394|5.4|5.4|2|8
29.1|94.71|1059|394|5.4|5.4|2|8
29.2|94.33|1059|394|5.4|5.4|2|8
29.3|93.85|1634|394|5.4|5.4|3|8
29.4|93.47|1786|394|5.4|5.4|3|8
29.5|93.34|1809|394|5.4|5.4|3|8
29.6|93.13|1817|395|5.4|5.4|3|8
29.7|93.17|1822|395|5.4|5.4|3|8
29.8|93.17|1825|394|5.4|5.4|3|8
29.9|93.18|1830|395|5.4|5.4|3|8
30|93.19|1832|394|5.4|5.4|3|8
30.1|93.18|1835|394|5.4|5.4|3|8
30.2|93.18|1838|395|5.4|5.4|3|8
30.3|93.18|1838|395|5.4|5.4|3|8
30.4|93.17|1838|395|5.4|5.4|3|8
30.5|93.18|1838|395|5.4|5.4|3|8
30.6|93.18|1838|395|5.4|5.4|3|8
30.7|93.18|1838|394|5.4|5.4|3|8
30.8|93.21|1840|394|5.4|5.4|3|8
30.9|93.19|1840|394|5.4|5.4|3|8
31|93.21|1840|394|5.4|5.4|3|8
31.1|93.17|1840|395|5.4|5.4|3|8
31.2|93.17|1840|395|5.4|5.4|3|8
31.3|93.17|1840|395|5.4|5.4|4|8
31.4|93.3|1840|395|5.4|5.4|4|8
31.5|93.5|1835|394|5.4|5.4|4|8
31.6|94.05|1258|395|5.4|5.4|5|8
31.7|94.37|1075|394|5.4|5.4|5|8
31.8|94.48|1070|394|5.4|5.4|5|8
31.9|94.64|1067|394|5.4|5.4|5|8
32|94.6|1067|394|5.4|5.4|5|8
32.1|94.61|1064|394|5.4|5.4|5|8
32.2|94.61|1064|394|5.4|5.4|5|8
32.3|94.6|1062|394|5.4|5.4|5|8
32.4|94.64|1062|394|5.4|5.4|5|8
32.5|94.61|1062|394|5.4|5.4|5|8
32.6|94.61|1059|394|5.4|5.4|5|8
32.7|94.61|1059|394|5.4|5.4|5|8
32.8|94.61|1059|394|5.4|5.4|5|8
32.9|94.61|1059|393|5.4|5.4|5|8
33|94.61|1059|393|5.4|5.4|5|8
33.1|94.61|1059|393|5.4|5.4|5|8
33.2|94.61|1059|393|5.4|5.4|5|8
33.3|94.61|1059|393|5.4|5.4|5|8
33.4|94.63|1059|393|5.4|5.4|5|8
33.5|94.61|1059|393|5.4|5.4|5|8
33.6|94.61|1059|393|5.4|5.4|2|8
33.7|94.57|1059|393|5.4|5.4|2|8
33.8|94.31|1059|393|5.4|5.4|2|8
33.9|93.85|1168|393|5.4|5.4|2|8
34|93.43|1765|394|5.4|5.4|3|8
34.1|93.26|1809|394|5.4|5.4|3|8
34.2|93.03|1820|394|5.4|5.4|3|8
34.3|92.98|1827|394|5.4|5.4|3|8
34.4|93|1830|394|5.4|5.4|3|8
34.5|93.04|1835|394|5.4|5.4|3|8
34.6|93.06|1838|394|5.4|5.4|3|8
34.7|93.06|1840|394|5.4|5.4|3|8
34.8|92.96|1845|394|5.4|5.4|3|8
34.9|92.95|1845|394|5.4|5.4|3|8
35|92.99|1845|394|5.4|5.4|3|8
35.1|92.96|1845|394|5.4|5.4|3|8
35.2|92.98|1845|394|5.4|5.4|3|8
35.3|92.96|1848|394|5.4|5.4|3|8
35.4|92.94|1848|394|5.4|5.4|3|8
35.5|93|1848|394|5.4|5.4|3|8
35.6|93.06|1848|394|5.4|5.4|3|8
35.7|93.06|1848|394|5.4|5.4|3|8
35.8|93.03|1851|394|5.4|5.4|3|8
35.9|92.94|1851|394|5.4|5.4|3|8
36|92.96|1851|394|5.4|5.4|4|8
36.1|93.15|1848|394|5.4|5.4|4|8
36.2|93.57|1753|394|5.4|5.4|4|8
36.3|93.94|1085|394|5.4|5.4|2|8
36.4|94.12|1070|394|5.4|5.4|2|8
36.5|94.05|1067|394|5.4|5.4|2|8
36.6|94.04|1067|394|5.4|5.4|2|8
36.7|94.02|1064|393|5.4|5.4|2|8
36.8|93.96|1064|393|5.4|5.4|2|8
36.9|93.89|1062|393|5.4|5.4|2|8
37|93.81|1062|393|5.4|5.4|2|8
37.1|93.84|1059|393|5.4|5.4|2|8
37.2|93.64|1059|393|5.4|5.4|2|8
37.3|93.68|1059|393|5.4|5.4|2|8
37.4|93.53|1077|393|5.4|5.4|2|8
37.5|93.61|1152|394|5.4|5.4|2|8
37.6|93.43|1206|394|5.4|5.4|2|8
37.7|93.43|1229|394|5.4|5.4|2|8
37.8|93.38|1595|394|5.4|5.4|2|8
37.9|93.31|1683|394|5.4|5.4|2|8
38|93.41|1693|394|5.4|5.4|2|8
38.1|93.58|1412|394|5.4|5.4|2|8
38.2|93.76|1070|394|5.4|5.4|2|8
38.3|93.81|1064|393|5.4|5.4|2|8
38.4|93.85|1064|392|5.4|5.4|2|8
38.5|93.82|1062|392|5.4|5.4|2|8
38.6|93.66|1062|392|5.4|5.4|2|8
38.7|93.69|1062|392|5.4|5.4|2|8
38.8|93.51|1059|392|5.4|5.4|2|8
38.9|93.53|1059|392|5.4|5.4|2|8
39|93.58|1098|392|5.4|5.4|2|8
39.1|93.41|1211|393|5.4|5.4|2|8
39.2|93.37|1263|393|5.4|5.4|2|8
39.3|93.21|1603|394|5.4|5.4|2|8
39.4|93.27|1670|394|5.4|5.4|2|8
39.5|93.39|1680|394|5.4|5.4|2|8
39.6|93.47|1077|393|5.4|5.4|2|8
39.7|93.57|1062|392|5.4|5.4|2|8
39.8|93.6|1062|392|5.4|5.4|2|8
39.9|93.65|1059|392|5.4|5.4|2|8
40|93.55|1059|392|5.4|5.4|2|8
40.1|93.53|1059|392|5.4|5.4|2|8
40.2|93.39|1059|392|5.4|5.4|2|8
40.3|93.35|1149|392|5.4|5.4|2|8
40.4|93.19|1284|392|5.4|5.4|2|8
40.5|93.18|1072|393|5.4|5.4|2|8
40.6|93.15|1513|393|5.4|5.4|2|8
40.7|93.25|1621|394|5.4|5.4|2|8
40.8|93.15|1546|394|5.4|5.4|2|8
40.9|93.35|1082|394|5.4|5.4|2|8
41|93.43|1059|392|5.4|5.4|2|8
41.1|93.41|1059|392|5.4|5.4|2|8
41.2|93.43|1059|392|5.4|5.4|2|8
41.3|93.39|1059|392|5.4|5.4|2|8
41.4|93.15|1057|392|5.4|5.4|2|8
41.5|93.15|1057|392|5.4|5.4|2|8
41.6|93.15|1057|392|5.4|5.4|2|8
41.7|93.18|1289|392|5.4|5.4|2|8
41.8|92.99|1312|393|5.4|5.4|2|8
41.9|93.06|1227|393|5.4|5.4|2|8
42|92.86|1356|394|5.4|5.4|2|8
42.1|92.92|1428|393|5.4|5.4|2|8
42.2|92.76|1647|393|5.4|5.4|2|8
42.3|92.84|1660|393|5.4|5.4|2|8
42.4|92.95|1701|393|5.4|5.4|2|8
42.5|93.13|1173|393|5.4|5.4|2|8
42.6|93.31|1064|392|5.4|5.4|2|8
42.7|93.31|1059|392|5.4|5.4|2|8
42.8|93.38|1059|392|5.4|5.4|2|8
42.9|93.17|1059|392|5.4|5.4|2|8
43|93.14|1059|392|5.4|5.4|2|8
43.1|93.23|1059|392|5.4|5.4|2|8
43.2|93|1108|392|5.4|5.4|2|8
43.3|92.98|1059|392|5.4|5.4|2|8
43.4|93.04|1291|392|5.4|5.4|2|8
43.5|92.87|1116|392|5.4|5.4|2|8
43.6|92.9|1152|392|5.4|5.4|2|8
43.7|92.76|1271|392|5.4|5.4|2|8
43.8|92.67|1196|392|5.4|5.4|2|8
43.9|92.67|1286|392|5.4|5.4|2|8
44|92.58|1405|394|5.4|5.4|2|8
44.1|92.52|1260|393|5.4|5.4|2|8
44.2|92.36|1235|392|5.4|5.4|2|8
44.3|92.37|1155|392|5.4|5.4|2|8
44.4|92.4|1335|392|5.4|5.4|2|8
44.5|92.23|1387|394|5.4|5.4|2|8
44.6|92.15|1253|393|5.4|5.4|2|8
44.7|92.09|1250|392|5.4|5.4|2|8
44.8|91.96|1237|392|5.4|5.4|2|8
44.9|91.94|1250|393|5.4|5.4|2|8
45|91.9|1214|393|5.4|5.4|2|8
45.1|91.78|1216|393|5.4|5.4|2|8
45.2|91.73|1214|392|5.4|5.4|2|8
45.3|91.57|1095|392|5.4|5.4|2|8
45.4|91.54|1173|392|5.4|5.4|2|8
45.5|91.47|1247|393|5.4|5.4|2|8
45.6|91.45|1268|393|5.4|5.4|2|8
45.7|91.27|1219|392|5.4|5.4|2|8
45.8|91.25|1255|393|5.4|5.4|2|8
45.9|91.07|1201|392|5.4|5.4|2|8
46|91.06|1090|392|5.4|5.4|2|8
46.1|90.94|1191|392|5.4|5.4|2|8
46.2|90.84|1152|392|5.4|5.4|2|8
46.3|90.83|1157|392|5.4|5.4|2|8
46.4|90.62|1193|392|5.4|5.4|2|8
46.5|90.59|1142|392|5.4|5.4|2|8
46.6|90.55|1296|392|5.4|5.4|2|8
46.7|90.43|1175|392|5.4|5.4|2|8
46.8|90.35|1250|392|5.4|5.4|2|8
46.9|90.19|1268|392|5.4|5.4|2|8
47|90.13|1147|392|5.4|5.4|2|8
47.1|90|1227|392|5.4|5.4|2|8
47.2|89.86|1090|392|5.4|5.4|2|8
47.3|89.81|1273|392|5.4|5.4|2|8
47.4|89.74|1250|392|5.4|5.4|2|8
47.5|89.52|1183|392|5.4|5.4|2|8
47.6|89.53|1134|392|5.4|5.4|2|8
47.7|89.35|1263|392|5.4|5.4|2|8
47.8|89.19|1134|392|5.4|5.4|2|8
47.9|89.15|1260|392|5.4|5.4|2|8
48|89.05|1268|392|5.4|5.4|2|8
48.1|88.86|1253|392|5.4|5.4|2|8
48.2|88.86|1149|392|5.4|5.4|2|8
48.3|88.72|1222|392|5.4|5.4|2|8
48.4|88.56|1320|392|5.4|5.4|2|8
48.5|88.46|1204|392|5.4|5.4|2|8
48.6|88.27|1299|392|5.4|5.4|2|8
48.7|88.23|1235|392|5.4|5.4|2|8
48.8|88.09|1196|392|5.4|5.4|2|8
48.9|87.93|1240|392|5.4|5.4|2|8
49|87.8|1242|392|5.4|5.4|2|8
49.1|87.69|1209|392|5.4|5.4|2|8
49.2|87.56|1152|392|5.4|5.4|2|8
49.3|87.41|1144|392|5.4|5.4|2|8
49.4|87.26|1284|392|5.4|5.4|2|8
49.5|87.09|1237|392|5.4|5.4|2|8
49.6|86.99|1320|392|5.4|5.4|2|8
49.7|86.83|1402|392|5.4|5.4|2|8
49.8|86.7|1286|392|5.4|5.4|2|8
49.9|86.58|1144|392|5.4|5.4|2|8
50|86.48|1312|392|5.4|5.4|2|8
50.1|86.23|1198|392|5.4|5.4|2|8
50.2|86.08|1232|392|5.4|5.4|2|8
50.3|85.96|1258|392|5.4|5.4|2|8
50.4|85.77|1374|392|5.4|5.4|2|8
50.5|85.57|1307|391|5.4|5.4|2|8
50.6|85.44|1258|392|5.4|5.4|2|8
50.7|85.26|1245|392|5.4|5.4|2|8
50.8|85.11|1358|391|5.4|5.4|2|8
50.9|84.99|1263|392|5.4|5.4|2|8
51|84.82|1255|392|5.4|5.4|2|8
51.1|84.56|1211|392|5.4|5.4|2|8
51.2|84.4|1263|392|5.4|5.4|2|8
51.3|84.25|1260|392|5.4|5.4|2|8
51.4|84.08|1304|392|5.4|5.4|2|8
51.5|83.89|1260|392|5.4|5.4|2|8
51.6|83.65|1325|392|5.4|5.4|2|8
51.7|83.52|1211|392|5.4|5.4|2|8
51.8|83.29|1327|392|5.4|5.4|2|8
51.9|83.11|1356|392|5.4|5.4|2|8
52|82.72|1436|392|5.4|5.4|6|8
52.1|80.71|1879|392|5.4|5.4|6|8
52.2|77.89|1327|392|5.4|5.4|6|8
52.3|75.2|0|390|5.4|5.4|7|8
52.4|73.49|0|390|5.4|5.4|7|8
52.5|72.73|0|389|5.4|5.4|7|8
52.6|72.4|0|388|5.4|5.4|7|8
52.7|72.26|0|388|5.4|5.4|7|8
52.8|72.22|0|388|5.4|5.4|7|8
52.9|72.19|0|388|5.4|5.4|7|8
53|72.2|0|388|5.4|5.4|7|8
53.1|72.16|0|388|5.4|5.4|7|8
53.2|72.18|0|388|5.4|5.4|7|8
53.3|72.26|0|388|5.4|5.4|7|8
53.4|72.04|0|388|5.4|5.4|7|8
53.5|72.14|0|388|5.4|5.4|7|8
53.6|72.1|0|388|5.4|5.4|7|8
53.7|72.1|0|388|5.4|5.4|7|8
53.8|72.12|0|388|5.4|5.4|7|8
53.9|72.08|0|388|5.4|5.4|7|8
54|72.12|0|388|5.4|5.4|7|8
54.1|72.14|0|388|5.4|5.4|7|8
54.2|72.15|0|388|5.4|5.4|7|8
54.3|72.18|0|388|5.4|5.4|7|8
54.4|72.18|0|388|5.4|5.4|7|8
54.5|72.15|0|388|5.4|5.4|7|8
54.6|72.15|0|388|5.4|5.4|7|8
54.7|72.12|0|388|5.4|5.4|7|8
54.8|72.12|0|388|5.4|5.4|7|8
54.9|72.14|0|388|5.4|5.4|7|8
55|72.14|0|388|5.4|5.4|7|8
55.1|72.14|0|388|5.4|5.4|7|8
55.2|72.14|0|388|5.4|5.4|7|8
55.3|72.14|0|388|5.4|5.4|7|8
55.4|72.12|0|388|5.4|5.4|7|8
55.5|72.12|0|388|5.4|5.4|7|8
55.6|72.12|0|388|5.4|5.4|7|8
55.7|72.12|0|388|5.4|5.4|7|8
55.8|72.14|0|388|5.4|5.4|7|8
55.9|72.11|0|388|5.4|5.4|7|8
56|72.12|0|388|5.4|5.4|7|8
56.1|72.14|0|388|5.4|5.4|7|8
56.2|72.12|0|388|5.4|5.4|7|8
56.3|72.14|0|388|5.4|5.4|7|8
56.4|72.12|0|388|5.4|5.4|7|8
56.5|72.12|0|388|5.4|5.4|7|8
56.6|72.12|0|388|5.4|5.4|7|8
56.7|72.12|0|388|5.4|5.4|7|8
56.8|72.12|0|388|5.4|5.4|7|8
56.9|72.11|0|388|5.4|5.4|7|8
57|72.12|0|388|5.4|5.4|7|8
57.1|72.12|0|388|5.4|5.4|7|8
57.2|72.12|0|388|5.4|5.4|7|8
57.3|72.12|0|388|5.4|5.4|7|8
57.4|72.12|0|388|5.4|5.4|7|8
57.5|72.11|0|388|5.4|5.4|7|8
57.6|72.11|0|388|5.4|5.4|7|8
57.7|72.12|0|388|5.4|5.4|7|8
57.8|72.12|0|388|5.4|5.4|7|8
57.9|72.12|0|388|5.4|5.4|7|8
58|72.12|0|388|5.4|5.4|7|8
58.1|72.12|0|388|5.4|5.4|7|8
58.2|72.24|0|388|5.4|5.4|7|8
58.3|72.04|0|388|5.4|5.4|7|8
58.4|72.08|0|388|5.4|5.4|7|8
58.5|72.19|0|388|5.4|5.4|7|8
58.6|72.1|0|388|5.4|5.4|7|8
58.7|72.06|0|388|5.4|5.4|7|8
58.8|72.15|0|388|5.4|5.4|7|8
58.9|72.14|0|388|5.4|5.4|7|8
59|72.04|0|388|5.4|5.4|7|8
59.1|72.18|0|388|5.4|5.4|7|8
59.2|72.1|0|388|5.4|5.4|7|8
59.3|72.06|0|388|5.4|5.4|7|8
59.4|72.16|0|388|5.4|5.4|7|8
59.5|72.1|0|388|5.4|5.4|7|8
59.6|72.06|0|388|5.4|5.4|7|8
59.7|72.16|0|388|5.4|5.4|7|8
59.8|72.08|0|388|5.4|5.4|7|8
59.9|72.07|0|388|5.4|5.4|7|8
60|72.11|0|388|5.4|5.4|7|8
60.1|72.16|0|388|5.4|5.4|7|8
60.2|72.07|0|388|5.4|5.4|7|8
60.3|72.08|0|388|5.4|5.4|7|8
60.4|72.1|0|388|5.4|5.4|7|8
60.5|72.14|0|388|5.4|5.4|7|8
60.6|72.15|0|388|5.4|5.4|7|8
60.7|72.03|0|388|5.4|5.4|7|8
60.8|72.1|0|388|5.4|5.4|7|8
60.9|72.16|0|388|5.4|5.4|7|8
61|72.08|0|388|5.4|5.4|7|8
61.1|72.07|0|388|5.4|5.4|7|8
61.2|72.14|0|388|5.4|5.4|7|8
61.3|72.14|0|388|5.4|5.4|7|8
61.4|72.03|0|388|5.4|5.4|7|8
61.5|72.11|0|388|5.4|5.4|7|8
61.6|72.14|0|388|5.4|5.4|7|8
61.7|72.11|0|388|5.4|5.4|7|8
61.8|72.04|0|388|5.4|5.4|7|8
61.9|72.1|0|388|5.4|5.4|7|8
62|72.08|0|388|5.4|5.4|7|8
62.1|72.08|0|388|5.4|5.4|7|8
62.2|72.1|0|388|5.4|5.4|7|8
62.3|72.11|0|388|5.4|5.4|7|8
62.4|72.18|0|390|5.4|5.4|7|8
62.5|72.07|0|396|5.4|5.4|7|8
62.6|72.07|0|399|5.4|5.4|7|8
62.7|72.11|0|400|5.4|5.4|7|8
62.8|72.19|0|400|5.4|5.4|7|8
62.9|72.02|0|400|5.4|5.4|7|8
63|72.1|0|400|5.4|5.4|7|8
63.1|72.15|0|400|5.4|5.4|7|8
63.2|72.06|0|400|5.4|5.4|7|8
63.3|72.07|0|400|5.4|5.4|7|8
63.4|72.11|0|400|5.4|5.4|7|8
63.5|72.18|0|400|5.4|5.4|7|8
63.6|72.03|0|400|5.4|5.4|7|8
63.7|72.11|0|400|5.4|5.4|7|8
63.8|72.18|0|400|5.4|5.4|7|8
63.9|72.02|0|400|5.4|5.4|7|8
64|72.1|0|400|5.4|5.4|7|8
64.1|72.1|0|400|5.4|5.4|7|8
64.2|72.14|0|400|5.4|5.4|7|8
64.3|72.07|0|400|5.4|5.4|7|8
64.4|72.07|0|400|5.4|5.4|7|8
64.5|72.1|0|400|5.4|5.4|7|8
64.6|72.11|0|400|5.4|5.4|7|8
64.7|72.16|0|400|5.4|5.4|7|8
64.8|72.03|0|400|5.4|5.4|7|8
64.9|72.08|0|400|5.4|5.4|7|8
65|72.11|0|400|5.4|5.4|7|8
65.1|72.16|0|399|5.4|5.4|7|8
65.2|72.04|0|400|5.4|5.4|7|8
65.3|72.1|0|400|5.4|5.4|8|8
65.4|72.03|0|400|5.4|5.4|8|8
65.5|72.06|0|400|5.4|5.4|8|8
65.6|72.06|0|400|5.4|5.4|8|8
65.7|72.04|0|400|5.4|5.4|8|8
65.8|72.06|0|400|5.4|5.4|8|8
65.9|72.06|0|400|5.4|5.4|8|8
66|72.04|0|400|5.4|5.4|8|8
66.1|71.99|0|400|5.4|5.4|8|8
66.2|71.99|0|400|5.4|5.4|8|8
66.3|72.03|0|400|5.3|5.3|8|8
66.4|72.06|0|400|5.3|5.3|8|8
66.5|72.11|0|400|5.3|5.3|8|8
66.6|72.07|0|400|5.3|5.3|8|8
66.7|72.04|0|400|5.3|5.3|8|8
66.8|72.02|0|400|5.3|5.3|8|8
66.9|72.06|0|399|5.3|5.3|8|8
67|72.06|0|399|5.3|5.3|8|8
67.1|72.06|0|400|5.3|5.3|8|8
67.2|72.06|0|400|5.3|5.3|8|8
67.3|73.67|0|400|5.2|5.2|8|8
67.4|76.7|0|400|5.2|5.2|8|8
67.5|79.75|0|400|5.2|5.2|8|8
67.6|82.74|0|400|5.2|5.2|8|8
67.7|85.74|0|399|5.2|5.2|8|8
67.8|88.64|0|399|5.2|5.2|8|8
67.9|91.61|0|399|5.2|5.2|8|8
68|94.2|0|399|5.2|5.2|8|8
68.1|95.31|0|399|5.2|5.2|8|8
68.2|95.78|0|399|5.2|5.2|8|8
