0|96.05|876|422|5.1|5.1|1|8
0.1|96.02|1067|427|5.1|5.1|1|8
0.2|96.02|1075|429|5.1|5.1|1|8
0.3|96.04|1075|430|5.1|5.1|1|8
0.4|96.04|1077|430|5.1|5.1|1|8
0.5|96.05|1077|430|5.1|5.1|2|8
0.6|95.74|1116|430|5.1|5.1|2|8
0.7|95.34|1186|431|5.1|5.1|2|8
0.8|94.96|1634|432|5.1|5.1|3|8
0.9|94.66|1724|433|5.1|5.1|3|8
1|94.45|1745|433|5.1|5.1|3|8
1.1|94.39|1758|434|5.1|5.1|3|8
1.2|94.36|1765|434|5.1|5.1|3|8
1.3|94.31|1771|434|5.1|5.1|3|8
1.4|94.31|1776|434|5.1|5.1|3|8
1.5|94.31|1778|434|5.1|5.1|3|8
1.6|94.29|1781|434|5.1|5.1|3|8
1.7|94.32|1781|434|5.1|5.1|3|8
1.8|94.33|1784|434|5.1|5.1|3|8
1.9|94.32|1786|434|5.1|5.1|3|8
2|94.28|1789|434|5.1|5.1|3|8
2.1|94.33|1789|434|5.1|5.1|3|8
2.2|94.32|1791|434|5.1|5.1|3|8
2.3|94.32|1791|434|5.1|5.1|3|8
2.4|94.32|1794|434|5.1|5.1|3|8
2.5|94.32|1796|434|5.1|5.1|3|8
2.6|94.31|1796|434|5.1|5.1|3|8
2.7|94.32|1799|434|5.1|5.1|3|8
2.8|94.31|1799|434|5.1|5.1|4|8
2.9|94.41|1799|434|5.1|5.1|4|8
3|94.71|1781|434|5.1|5.2|4|8
3.1|95.17|1314|434|5.2|5.2|5|8
3.2|95.57|1103|432|5.2|5.2|5|8
3.3|95.73|1101|431|5.2|5.2|5|8
3.4|95.8|1098|430|5.2|5.2|5|8
3.5|95.81|1095|430|5.2|5.2|5|8
3.6|95.85|1095|430|5.2|5.2|5|8
3.7|95.85|1093|431|5.2|5.2|5|8
3.8|95.88|1093|431|5.2|5.2|5|8
3.9|95.86|1093|431|5.2|5.2|5|8
4|95.85|1093|431|5.2|5.2|5|8
4.1|95.84|1090|431|5.2|5.2|5|8
4.2|95.82|1090|431|5.2|5.2|5|8
4.3|95.82|1090|432|5.2|5.2|5|8
4.4|95.84|1090|431|5.2|5.2|5|8
4.5|95.85|1090|431|5.2|5.2|5|8
4.6|95.86|1090|431|5.2|5.2|5|8
4.7|95.86|1088|431|5.2|5.2|5|8
4.8|95.85|1088|432|5.2|5.2|5|8
4.9|95.81|1088|432|5.2|5.2|5|8
5|95.82|1088|432|5.2|5.2|5|8
5.1|95.84|1085|431|5.2|5.2|2|8
5.2|95.8|1088|431|5.2|5.2|2|8
5.3|95.51|1090|431|5.2|5.2|2|8
5.4|95.11|1093|431|5.2|5.2|2|8
5.5|94.68|1528|432|5.2|5.2|2|8
5.6|94.35|1765|434|5.2|5.2|3|8
5.7|94.17|1799|434|5.2|5.2|3|8
5.8|94.02|1812|434|5.2|5.2|3|8
5.9|93.98|1817|434|5.2|5.2|3|8
6|93.93|1822|434|5.2|5.2|3|8
6.1|93.93|1822|434|5.2|5.2|3|8
6.2|93.94|1825|434|5.2|5.2|3|8
6.3|93.94|1825|434|5.2|5.2|3|8
6.4|93.92|1827|434|5.2|5.2|3|8
6.5|93.94|1827|434|5.2|5.2|3|8
6.6|93.94|1827|434|5.2|5.2|3|8
6.7|93.9|1830|434|5.2|5.2|3|8
6.8|93.94|1830|434|5.2|5.2|3|8
6.9|93.94|1830|434|5.2|5.2|3|8
7|93.92|1832|434|5.2|5.2|3|8
7.1|93.94|1832|434|5.2|5.2|3|8
7.2|93.93|1835|434|5.2|5.2|3|8
7.3|93.93|1835|434|5.2|5.2|3|8
7.4|93.9|1835|434|5.3|5.3|3|8
7.5|93.92|1835|434|5.3|5.3|3|8
7.6|93.94|1835|434|5.3|5.3|4|8
7.7|94.23|1830|434|5.3|5.3|4|8
7.8|94.66|1634|435|5.3|5.3|4|8
7.9|95.06|1119|433|5.3|5.3|5|8
8|95.31|1106|432|5.3|5.3|5|8
8.1|95.42|1101|432|5.3|5.3|5|8
8.2|95.42|1101|432|5.3|5.3|5|8
8.3|95.42|1098|432|5.3|5.3|5|8
8.4|95.41|1098|432|5.3|5.3|5|8
8.5|95.42|1095|432|5.3|5.3|5|8
8.6|95.43|1095|432|5.3|5.3|5|8
8.7|95.43|1095|432|5.3|5.3|5|8
8.8|95.42|1093|432|5.3|5.3|5|8
8.9|95.45|1093|432|5.3|5.3|5|8
9|95.45|1093|432|5.3|5.3|5|8
9.1|95.45|1093|432|5.3|5.3|5|8
9.2|95.46|1093|432|5.3|5.3|5|8
9.3|95.47|1093|432|5.3|5.3|5|8
9.4|95.45|1093|432|5.3|5.3|5|8
9.5|95.41|1093|432|5.3|5.3|5|8
9.6|95.43|1090|432|5.3|5.3|5|8
9.7|95.43|1095|430|5.3|5.3|5|8
9.8|95.43|1101|417|5.3|5.3|5|8
9.9|95.46|1101|412|5.3|5.3|2|8
10|95.18|1101|411|5.3|5.3|2|8
10.1|94.83|1101|410|5.3|5.3|2|8
10.2|94.4|1314|410|5.3|5.3|2|8
10.3|94.02|1791|411|5.3|5.3|3|8
10.4|93.82|1835|412|5.3|5.3|3|8
10.5|93.66|1848|412|5.3|5.3|3|8
10.6|93.68|1856|412|5.3|5.3|3|8
10.7|93.61|1861|412|5.3|5.3|3|8
10.8|93.57|1866|410|5.3|5.3|3|8
10.9|93.58|1869|408|5.3|5.3|3|8
11|93.6|1869|408|5.3|5.3|3|8
11.1|93.6|1869|408|5.3|5.3|3|8
11.2|93.61|1869|408|5.3|5.3|3|8
11.3|93.62|1871|408|5.3|5.3|3|8
11.4|93.55|1871|408|5.3|5.3|3|8
11.5|93.55|1874|408|5.3|5.3|3|8
11.6|93.58|1874|408|5.3|5.3|3|8
11.7|93.57|1874|408|5.3|5.3|3|8
11.8|93.58|1876|408|5.4|5.4|3|8
11.9|93.61|1876|408|5.4|5.4|3|8
12|93.61|1876|408|5.4|5.4|3|8
12.1|93.57|1879|408|5.4|5.4|3|8
12.2|93.57|1879|408|5.4|5.4|3|8
12.3|93.58|1879|408|5.4|5.4|4|8
12.4|93.77|1876|408|5.4|5.4|4|8
12.5|94.23|1742|408|5.4|5.4|4|8
12.6|94.67|1129|407|5.4|5.4|5|8
12.7|94.83|1116|406|5.4|5.4|5|8
12.8|94.91|1113|405|5.4|5.4|5|8
12.9|94.96|1113|405|5.4|5.4|5|8
13|94.99|1111|405|5.4|5.4|5|8
13.1|94.99|1111|405|5.4|5.4|5|8
13.2|94.99|1111|405|5.4|5.4|5|8
13.3|95|1111|405|5.4|5.4|5|8
13.4|94.99|1111|404|5.4|5.4|5|8
13.5|95|1111|404|5.4|5.4|5|8
13.6|94.99|1108|404|5.4|5.4|5|8
13.7|95|1108|404|5.4|5.4|5|8
13.8|95|1108|404|5.4|5.4|5|8
13.9|94.99|1108|404|5.4|5.4|5|8
14|94.99|1111|404|5.4|5.4|5|8
14.1|95|1108|404|5.4|5.4|5|8
14.2|94.99|1108|404|5.4|5.4|5|8
14.3|95|1108|404|5.4|5.4|5|8
14.4|95|1108|404|5.4|5.4|5|8
14.5|94.99|1108|404|5.4|5.4|5|8
14.6|95|1108|404|5.4|5.4|2|8
14.7|94.76|1108|404|5.4|5.4|2|8
14.8|94.37|1108|404|5.4|5.4|2|8
14.9|93.96|1691|405|5.4|5.4|3|8
15|93.66|1835|407|5.4|5.4|3|8
15.1|93.55|1863|407|5.4|5.4|3|8
15.2|93.41|1871|407|5.4|5.4|3|8
15.3|93.41|1879|407|5.4|5.4|3|8
15.4|93.3|1881|407|5.4|5.4|3|8
15.5|93.35|1884|408|5.4|5.4|3|8
15.6|93.35|1887|408|5.4|5.4|3|8
15.7|93.33|1887|408|5.4|5.4|3|8
15.8|93.34|1889|408|5.4|5.4|3|8
15.9|93.34|1889|408|5.4|5.4|3|8
16|93.34|1889|408|5.4|5.4|3|8
16.1|93.33|1892|407|5.4|5.4|3|8
16.2|93.35|1892|408|5.4|5.4|3|8
16.3|93.35|1892|407|5.4|5.4|3|8
16.4|93.33|1892|408|5.4|5.4|3|8
16.5|93.34|1892|408|5.4|5.4|3|8
16.6|93.34|1869|406|5.4|5.4|3|8
16.7|93.33|1887|408|5.4|5.4|3|8
16.8|93.34|1889|408|5.4|5.4|3|8
16.9|93.34|1892|408|5.4|5.4|4|8
17|93.39|1894|408|5.4|5.4|4|8
17.1|93.7|1881|408|5.4|5.4|4|8
17.2|94.2|1428|408|5.4|5.4|4|8
17.3|94.55|1124|406|5.4|5.4|5|8
17.4|94.71|1119|405|5.4|5.4|5|8
17.5|94.78|1116|405|5.4|5.4|5|8
17.6|94.88|1113|405|5.4|5.4|5|8
17.7|94.83|1111|405|5.4|5.4|5|8
17.8|94.82|1111|405|5.4|5.4|5|8
17.9|94.87|1108|405|5.4|5.4|5|8
18|94.86|1108|405|5.4|5.4|5|8
18.1|94.8|1106|405|5.4|5.4|5|8
18.2|94.86|1106|405|5.4|5.4|5|8
18.3|94.86|1106|405|5.4|5.4|5|8
18.4|94.84|1103|405|5.4|5.4|5|8
18.5|94.82|1103|405|5.4|5.4|5|8
18.6|94.87|1103|405|5.4|5.4|5|8
18.7|94.84|1103|405|5.4|5.4|5|8
18.8|94.82|1103|405|5.4|5.4|5|8
18.9|94.87|1103|405|5.4|5.4|5|8
19|94.84|1106|405|5.4|5.4|5|8
19.1|94.86|1103|405|5.4|5.4|5|8
19.2|94.83|1106|405|5.4|5.4|5|8
19.3|94.82|1106|405|5.4|5.4|2|8
19.4|94.52|1106|405|5.4|5.4|2|8
19.5|94.1|1121|405|5.4|5.4|2|8
19.6|93.7|1735|407|5.4|5.4|3|8
19.7|93.42|1848|406|5.4|5.4|3|8
19.8|93.26|1879|398|5.4|5.4|3|8
19.9|93.14|1889|396|5.4|5.4|3|8
20|93.18|1894|395|5.4|5.4|3|8
20.1|93.27|1899|394|5.4|5.4|3|8
20.2|93.17|1902|395|5.4|5.4|3|8
20.3|93.09|1905|394|5.4|5.4|3|8
20.4|93.15|1907|394|5.4|5.4|3|8
20.5|93.17|1910|395|5.4|5.4|3|8
20.6|93.1|1910|395|5.4|5.4|3|8
20.7|93.15|1912|395|5.4|5.4|3|8
20.8|93.15|1915|395|5.4|5.4|3|8
20.9|93.13|1915|395|5.4|5.4|3|8
21|93.13|1912|395|5.4|5.4|3|8
21.1|93.17|1915|395|5.4|5.4|3|8
21.2|93.15|1915|395|5.4|5.4|3|8
21.3|93.17|1918|395|5.4|5.4|3|8
21.4|93.15|1918|394|5.4|5.4|3|8
21.5|93.13|1920|395|5.4|5.4|3|8
21.6|93.1|1920|395|5.4|5.4|4|8
21.7|93.15|1920|395|5.4|5.4|4|8
21.8|93.47|1897|395|5.4|5.4|4|8
21.9|94.02|1219|394|5.4|5.4|5|8
22|94.29|1129|394|5.4|5.4|5|8
22.1|94.43|1124|394|5.4|5.4|5|8
22.2|94.49|1121|394|5.4|5.4|5|8
22.3|94.53|1121|394|5.4|5.4|5|8
22.4|94.53|1121|394|5.4|5.4|5|8
22.5|94.53|1119|394|5.4|5.4|5|8
22.6|94.55|1116|394|5.4|5.4|5|8
22.7|94.56|1116|394|5.4|5.4|5|8
22.8|94.56|1116|394|5.4|5.4|5|8
22.9|94.52|1113|394|5.4|5.4|5|8
23|94.52|1113|394|5.4|5.4|5|8
23.1|94.53|1113|394|5.4|5.4|5|8
23.2|94.53|1113|394|5.4|5.4|5|8
23.3|94.55|1113|394|5.4|5.4|5|8
23.4|94.57|1113|394|5.4|5.4|5|8
23.5|94.56|1113|394|5.4|5.4|5|8
23.6|94.53|1113|394|5.4|5.4|5|8
23.7|94.49|1113|394|5.4|5.4|5|8
23.8|94.53|1113|394|5.4|5.4|5|8
23.9|94.53|1113|394|5.4|5.4|2|8
24|94.45|1111|394|5.4|5.4|2|8
24.1|94.1|1111|394|5.4|5.4|2|8
24.2|93.68|1276|394|5.4|5.4|2|8
24.3|93.3|1827|395|5.4|5.4|3|8
24.4|93.19|1876|395|5.4|5.4|3|8
24.5|93|1892|396|5.4|5.4|3|8
24.6|93.03|1899|395|5.4|5.4|3|8
24.7|92.98|1907|395|5.4|5.4|3|8
24.8|92.91|1912|395|5.4|5.4|3|8
24.9|92.96|1915|395|5.4|5.4|3|8
25|92.94|1918|395|5.4|5.4|3|8
25.1|92.94|1920|395|5.4|5.4|3|8
25.2|92.95|1923|395|5.4|5.4|3|8
25.3|92.95|1923|395|5.4|5.4|3|8
25.4|92.94|1925|395|5.4|5.4|3|8
25.5|92.92|1928|395|5.4|5.4|3|8
25.6|92.94|1928|395|5.4|5.4|3|8
25.7|92.94|1928|394|5.4|5.4|3|8
25.8|92.96|1928|394|5.4|5.4|3|8
25.9|92.94|1930|394|5.4|5.4|3|8
26|92.91|1930|394|5.4|5.4|3|8
26.1|92.94|1930|394|5.4|5.4|3|8
26.2|92.94|1933|394|5.4|5.4|3|8
26.3|92.94|1933|394|5.4|5.4|4|8
26.4|93.15|1930|395|5.4|5.4|4|8
26.5|93.51|1835|394|5.4|5.4|4|8
26.6|94.06|1144|394|5.4|5.4|5|8
26.7|94.31|1124|394|5.4|5.4|5|8
26.8|94.36|1121|394|5.4|5.4|5|8
26.9|94.45|1119|394|5.4|5.4|5|8
27|94.43|1116|394|5.4|5.4|5|8
27.1|94.44|1116|394|5.4|5.4|5|8
27.2|94.45|1113|394|5.4|5.4|5|8
27.3|94.49|1113|394|5.4|5.4|5|8
27.4|94.45|1111|394|5.4|5.4|5|8
27.5|94.44|1111|394|5.4|5.4|5|8
27.6|94.43|1111|394|5.4|5.4|5|8
27.7|94.39|1111|394|5.4|5.4|5|8
27.8|94.43|1111|394|5.4|5.4|5|8
27.9|94.45|1111|394|5.4|5.4|5|8
28|94.45|1111|394|5.4|5.4|5|8
28.1|94.47|1113|394|5.4|5.4|5|8
28.2|94.45|1113|394|5.4|5.4|5|8
28.3|94.44|1113|394|5.4|5.4|5|8
28.4|94.44|1113|394|5.4|5.4|5|8
28.5|94.41|1111|394|5.4|5.4|5|8
28.6|94.41|1111|394|5.4|5.4|2|8
28.7|94.29|1111|394|5.4|5.4|2|8
28.8|93.86|1111|394|5.4|5.4|2|8
28.9|93.45|1559|394|5.4|5.4|2|8
29|93.14|1845|394|5.4|5.4|3|8
29.1|92.98|1881|394|5.4|5.4|3|8
29.2|92.9|1897|394|5.4|5.4|3|8
29.3|92.87|1907|394|5.4|5.4|3|8
29.4|92.8|1912|394|5.4|5.4|3|8
29.5|92.8|1918|394|5.4|5.4|3|8
29.6|92.74|1920|394|5.4|5.4|3|8
29.7|92.75|1925|394|5.4|5.4|3|8
29.8|92.8|1925|394|5.4|5.4|3|8
29.9|92.79|1928|394|5.4|5.4|3|8
30|92.78|1930|394|5.4|5.4|3|8
30.1|92.78|1933|394|5.4|5.4|3|8
30.2|92.79|1936|394|5.4|5.4|3|8
30.3|92.78|1936|394|5.4|5.4|3|8
30.4|92.78|1936|394|5.4|5.4|3|8
30.5|92.79|1936|394|5.4|5.4|3|8
30.6|92.79|1936|394|5.4|5.4|3|8
30.7|92.76|1938|394|5.4|5.4|3|8
30.8|92.78|1938|394|5.4|5.4|3|8
30.9|92.76|1938|394|5.4|5.4|3|8
31|92.79|1938|394|5.4|5.4|4|8
31.1|93.04|1933|394|5.4|5.4|4|8
31.2|93.51|1791|395|5.4|5.4|4|8
31.3|94.02|1237|395|5.4|5.4|5|8
31.4|94.27|1126|394|5.4|5.4|5|8
31.5|94.43|1124|394|5.4|5.4|5|8
31.6|94.49|1121|394|5.4|5.4|5|8
31.7|94.52|1119|394|5.4|5.4|5|8
31.8|94.53|1116|394|5.4|5.4|5|8
31.9|94.53|1116|394|5.4|5.4|5|8
32|94.53|1113|394|5.4|5.4|5|8
32.1|94.53|1113|394|5.4|5.4|5|8
32.2|94.53|1113|394|5.4|5.4|5|8
32.3|94.53|1113|394|5.4|5.4|5|8
32.4|94.53|1111|394|5.4|5.4|5|8
32.5|94.53|1111|394|5.4|5.4|5|8
32.6|94.53|1111|394|5.4|5.4|5|8
32.7|94.53|1111|394|5.4|5.4|5|8
32.8|94.53|1111|394|5.4|5.4|5|8
32.9|94.53|1111|394|5.4|5.4|5|8
33|94.53|1111|394|5.4|5.4|5|8
33.1|94.53|1111|394|5.4|5.4|5|8
33.2|94.61|1108|394|5.4|5.4|5|8
33.3|94.51|1108|394|5.4|5.4|2|8
33.4|94.43|1108|394|5.4|5.4|2|8
33.5|94.1|1108|394|5.4|5.4|2|8
33.6|93.66|1142|394|5.4|5.4|2|8
33.7|93.25|1567|395|5.4|5.4|2|8
33.8|92.87|1858|395|5.4|5.4|3|8
33.9|92.7|1892|395|5.4|5.4|3|8
34|92.6|1905|395|5.4|5.4|3|8
34.1|92.59|1912|395|5.4|5.4|3|8
34.2|92.59|1920|395|5.4|5.4|3|8
34.3|92.63|1925|396|5.4|5.4|3|8
34.4|92.48|1928|396|5.4|5.4|3|8
34.5|92.56|1930|395|5.4|5.4|3|8
34.6|92.48|1933|395|5.4|5.4|3|8
34.7|92.56|1938|395|5.4|5.4|3|8
34.8|92.49|1938|395|5.4|5.4|3|8
34.9|92.55|1936|395|5.4|5.4|3|8
35|92.49|1941|396|5.4|5.4|3|8
35.1|92.56|1941|396|5.4|5.4|3|8
35.2|92.52|1941|396|5.4|5.4|3|8
35.3|92.53|1941|396|5.4|5.4|3|8
35.4|92.52|1943|396|5.4|5.4|3|8
35.5|92.53|1941|396|5.4|5.4|3|8
35.6|92.53|1943|396|5.4|5.4|3|8
35.7|92.51|1943|396|5.4|5.4|3|8
35.8|92.58|1943|396|5.4|5.4|4|8
35.9|92.75|1936|396|5.4|5.4|4|8
36|93.26|1235|394|5.4|5.4|2|8
36.1|93.46|1124|396|5.4|5.4|2|8
36.2|93.54|1119|396|5.4|5.4|2|8
36.3|93.57|1119|396|5.4|5.4|2|8
36.4|93.39|1116|396|5.4|5.4|2|8
36.5|93.41|1113|396|5.4|5.4|2|8
36.6|93.33|1113|396|5.4|5.4|2|8
36.7|93.25|1111|396|5.4|5.4|2|8
36.8|93.18|1111|395|5.4|5.4|2|8
36.9|93.25|1111|396|5.4|5.4|2|8
37|93.1|1111|396|5.4|5.4|2|8
37.1|92.98|1108|395|5.4|5.4|2|8
37.2|93.02|1142|396|5.4|5.4|2|8
37.3|92.95|1562|396|5.4|5.4|2|8
37.4|92.88|1768|396|5.4|5.4|2|8
37.5|92.96|1784|396|5.4|5.4|2|8
37.6|93.15|1722|396|5.4|5.4|2|8
37.7|93.35|1284|396|5.4|5.4|2|8
37.8|93.53|1116|396|5.4|5.4|2|8
37.9|93.53|1111|396|5.4|5.4|2|8
38|93.57|1108|396|5.4|5.4|2|8
38.1|93.42|1108|396|5.4|5.4|2|8
38.2|93.41|1106|396|5.4|5.4|2|8
38.3|93.33|1106|396|5.4|5.4|2|8
38.4|93.3|1106|396|5.4|5.4|2|8
38.5|93.21|1103|396|5.4|5.4|2|8
38.6|93.27|1131|395|5.4|5.4|2|8
38.7|93.17|1240|396|5.4|5.4|2|8
38.8|92.99|1173|396|5.4|5.4|2|8
38.9|93.02|1201|396|5.4|5.4|2|8
39|92.96|1616|396|5.4|5.4|2|8
39.1|92.9|1784|396|5.4|5.4|2|8
39.2|92.99|1778|396|5.4|5.4|2|8
39.3|93.14|1405|398|5.4|5.4|2|8
39.4|93.34|1113|396|5.4|5.4|2|8
39.5|93.38|1108|396|5.4|5.4|2|8
39.6|93.42|1108|396|5.4|5.4|2|8
39.7|93.38|1106|396|5.4|5.4|2|8
39.8|93.26|1106|396|5.4|5.4|2|8
39.9|93.22|1106|396|5.4|5.4|2|8
40|93.19|1106|396|5.4|5.4|2|8
40.1|93|1157|396|5.4|5.4|2|8
40.2|93.02|1103|396|5.4|5.4|2|8
40.3|93.02|1348|396|5.4|5.4|2|8
40.4|92.9|1688|397|5.4|5.4|2|8
40.5|92.92|1750|397|5.4|5.4|2|8
40.6|93.09|1704|397|5.4|5.4|2|8
40.7|93.25|1678|397|5.4|5.4|2|8
40.8|93.47|1387|397|5.4|5.4|2|8
40.9|93.55|1116|396|5.4|5.4|2|8
41|93.64|1108|396|5.4|5.4|2|8
41.1|93.58|1106|396|5.4|5.4|2|8
41.2|93.58|1103|396|5.4|5.4|2|8
41.3|93.53|1103|396|5.4|5.4|2|8
41.4|93.41|1103|396|5.4|5.4|2|8
41.5|93.37|1103|396|5.4|5.4|2|8
41.6|93.33|1113|396|5.4|5.4|2|8
41.7|93.21|1111|396|5.4|5.4|2|8
41.8|93.26|1103|396|5.4|5.4|2|8
41.9|93.15|1183|396|5.4|5.4|2|8
42|92.99|1101|396|5.4|5.4|2|8
42.1|93|1214|396|5.4|5.4|2|8
42.2|92.96|1644|397|5.4|5.4|2|8
42.3|92.92|1624|398|5.4|5.4|2|8
42.4|93.14|1237|398|5.4|5.4|2|8
42.5|93.14|1103|396|5.4|5.4|2|8
42.6|93.22|1101|396|5.4|5.4|2|8
42.7|93.22|1098|396|5.4|5.4|2|8
42.8|93.19|1098|396|5.4|5.4|2|8
42.9|93.02|1098|396|5.4|5.4|2|8
43|93.03|1098|396|5.4|5.4|2|8
43.1|93.02|1116|396|5.4|5.4|2|8
43.2|92.88|1278|396|5.4|5.4|2|8
43.3|92.87|1284|396|5.4|5.4|2|8
43.4|92.78|1219|398|5.4|5.4|2|8
43.5|92.71|1214|396|5.4|5.4|2|8
43.6|92.66|1173|397|5.4|5.4|2|8
43.7|92.63|1147|396|5.4|5.4|2|8
43.8|92.63|1255|396|5.4|5.4|2|8
43.9|92.4|1477|398|5.4|5.4|2|8
44|92.48|1119|397|5.4|5.4|2|8
44.1|92.36|1129|396|5.4|5.4|2|8
44.2|92.35|1170|396|5.4|5.4|2|8
44.3|92.41|1495|397|5.4|5.4|2|8
44.4|92.35|1240|397|5.4|5.4|2|8
44.5|92.24|1348|398|5.4|5.4|2|8
44.6|92.21|1317|398|5.4|5.4|2|8
44.7|92.15|1206|398|5.4|5.4|2|8
44.8|92.08|1304|398|5.4|5.4|2|8
44.9|92.01|1330|398|5.4|5.4|2|8
45|91.9|1186|398|5.4|5.4|2|8
45.1|91.93|1180|397|5.4|5.4|2|8
45.2|91.89|1232|398|5.4|5.4|2|8
45.3|91.8|1335|398|5.4|5.4|2|8
45.4|91.74|1320|398|5.4|5.4|2|8
45.5|91.6|1291|398|5.4|5.4|2|8
45.6|91.56|1302|398|5.4|5.4|2|8
45.7|91.51|1237|398|5.4|5.4|2|8
45.8|91.5|1374|399|5.4|5.4|2|8
45.9|91.39|1361|398|5.4|5.4|2|8
46|91.22|1296|398|5.4|5.4|2|8
46.1|91.26|1162|398|5.4|5.4|2|8
46.2|91.21|1273|398|5.4|5.4|2|8
46.3|91.03|1245|398|5.4|5.4|2|8
46.4|91.03|1162|398|5.4|5.4|2|8
46.5|90.88|1214|398|5.4|5.4|2|8
46.6|90.79|1209|398|5.4|5.4|2|8
46.7|90.75|1265|398|5.4|5.4|2|8
46.8|90.6|1180|398|5.4|5.4|2|8
46.9|90.59|1170|398|5.4|5.4|2|8
47|90.52|1296|398|5.4|5.4|2|8
47.1|90.45|1276|398|5.4|5.4|2|8
47.2|90.35|1332|398|5.4|5.4|2|8
47.3|90.31|1330|398|5.4|5.4|2|8
47.4|90.16|1160|398|5.4|5.4|2|8
47.5|89.99|1358|398|5.4|5.4|2|8
47.6|90.03|1165|398|5.4|5.4|2|8
47.7|89.85|1124|398|5.4|5.4|2|8
47.8|89.78|1204|398|5.4|5.4|2|8
47.9|89.77|1299|398|5.4|5.4|2|8
48|89.61|1240|398|5.4|5.4|2|8
48.1|89.54|1155|398|5.4|5.4|2|8
48.2|89.42|1224|398|5.4|5.4|2|8
48.3|89.31|1178|398|5.4|5.4|2|8
48.4|89.18|1418|398|5.4|5.4|2|8
48.5|89.13|1229|398|5.4|5.4|2|8
48.6|89.05|1175|398|5.4|5.4|2|8
48.7|88.9|1242|398|5.4|5.4|2|8
48.8|88.86|1374|398|5.4|5.4|2|8
48.9|88.74|1281|398|5.4|5.4|2|8
49|88.59|1209|398|5.4|5.4|2|8
49.1|88.5|1284|397|5.4|5.4|2|8
49.2|88.35|1325|398|5.4|5.4|2|8
49.3|88.23|1204|398|5.4|5.4|2|8
49.4|88.16|1371|398|5.4|5.4|2|8
49.5|88.07|1173|398|5.4|5.4|2|8
49.6|87.9|1260|398|5.4|5.4|2|8
49.7|87.8|1281|398|5.4|5.4|2|8
49.8|87.68|1438|398|5.4|5.4|2|8
49.9|87.54|1214|398|5.4|5.4|2|8
50|87.38|1235|398|5.4|5.4|2|8
50.1|87.29|1214|398|5.4|5.4|2|8
50.2|87.14|1268|398|5.4|5.4|2|8
50.3|87.07|1227|398|5.4|5.4|2|8
50.4|86.9|1335|398|5.4|5.4|2|8
50.5|86.79|1381|398|5.4|5.4|2|8
50.6|86.62|1206|398|5.4|5.4|2|8
50.7|86.56|1196|398|5.4|5.4|2|8
50.8|86.4|1276|397|5.4|5.4|2|8
50.9|86.25|1392|398|5.4|5.4|2|8
51|86.08|1302|398|5.4|5.4|2|8
51.1|85.93|1304|398|5.4|5.4|2|8
51.2|85.8|1397|399|5.4|5.4|2|8
51.3|85.68|1271|398|5.4|5.4|2|8
51.4|85.46|1330|398|5.4|5.4|2|8
51.5|85.38|1281|398|5.4|5.4|2|8
51.6|85.18|1307|398|5.4|5.4|2|8
51.7|85.03|1407|398|5.4|5.4|2|8
51.8|84.93|1255|398|5.4|5.4|2|8
51.9|84.79|1240|398|5.4|5.4|2|8
52|84.54|1255|398|5.4|5.4|2|8
52.1|84.36|1276|398|5.4|5.4|2|8
52.2|84.24|1263|398|5.4|5.4|2|8
52.3|84.09|1320|398|5.4|5.4|2|8
52.4|83.91|1325|398|5.4|5.4|2|8
52.5|83.72|1361|398|5.4|5.4|2|8
52.6|83.6|1361|398|5.4|5.4|2|8
52.7|83.4|1340|398|5.4|5.4|2|8
52.8|83.22|1265|398|5.4|5.4|2|8
52.9|82.99|1245|398|5.4|5.4|2|8
53|82.79|1263|398|5.4|5.4|2|8
53.1|82.66|1214|398|5.4|5.4|2|8
53.2|82.43|1384|398|5.4|5.4|2|8
53.3|82.26|1312|398|5.4|5.4|2|8
53.4|82.07|1312|398|5.4|5.4|2|8
53.5|81.33|1768|398|5.4|5.4|6|8
53.6|78.95|1946|398|5.4|5.4|6|8
53.7|76.16|265|398|5.4|5.4|7|8
53.8|73.68|0|396|5.4|5.4|7|8
53.9|72.28|0|396|5.4|5.4|7|8
54|71.65|0|394|5.4|5.4|7|8
54.1|71.36|0|394|5.4|5.4|7|8
54.2|71.28|0|394|5.4|5.4|7|8
54.3|71.14|0|394|5.4|5.4|7|8
54.4|71.13|0|393|5.4|5.4|7|8
54.5|71.12|0|393|5.4|5.4|7|8
54.6|71.16|0|393|5.4|5.4|7|8
54.7|71.14|0|393|5.4|5.4|7|8
54.8|71.17|0|392|5.4|5.4|7|8
54.9|71.13|0|392|5.4|5.4|7|8
55|71.12|0|392|5.4|5.4|7|8
55.1|71.12|0|392|5.4|5.4|7|8
55.2|71.13|0|392|5.4|5.4|7|8
55.3|71.13|0|392|5.4|5.4|7|8
55.4|71.13|0|392|5.4|5.4|7|8
55.5|71.13|0|392|5.4|5.4|7|8
55.6|71.13|0|392|5.4|5.4|7|8
55.7|71.13|0|392|5.4|5.4|7|8
55.8|71.13|0|392|5.4|5.4|7|8
55.9|71.14|0|392|5.4|5.4|7|8
56|71.16|0|392|5.4|5.4|7|8
56.1|71.1|0|392|5.4|5.4|7|8
56.2|71.09|0|392|5.4|5.4|7|8
56.3|71.09|0|392|5.4|5.4|7|8
56.4|71.12|0|392|5.4|5.4|7|8
56.5|71.13|0|392|5.4|5.4|7|8
56.6|71.12|0|392|5.4|5.4|7|8
56.7|71.12|0|392|5.4|5.4|7|8
56.8|71.12|0|392|5.4|5.4|7|8
56.9|71.12|0|392|5.4|5.4|7|8
57|71.1|0|392|5.4|5.4|7|8
57.1|71.1|0|392|5.4|5.4|7|8
57.2|71.12|0|392|5.4|5.4|7|8
57.3|71.12|0|392|5.4|5.4|7|8
57.4|71.13|0|392|5.4|5.4|7|8
57.5|71.12|0|392|5.4|5.4|7|8
57.6|71.12|0|392|5.4|5.4|7|8
57.7|71.12|0|392|5.4|5.4|7|8
57.8|71.12|0|392|5.4|5.4|7|8
57.9|71.1|0|392|5.4|5.4|7|8
58|71.12|0|392|5.4|5.4|7|8
58.1|71.12|0|392|5.4|5.4|7|8
58.2|71.1|0|392|5.4|5.4|7|8
58.3|71.12|0|392|5.4|5.4|7|8
58.4|71.1|0|392|5.4|5.4|7|8
58.5|71.1|0|392|5.4|5.4|7|8
58.6|71.09|0|392|5.4|5.4|7|8
58.7|71.09|0|392|5.4|5.4|7|8
58.8|71.12|0|392|5.4|5.4|7|8
58.9|71.12|0|392|5.4|5.4|7|8
59|71.13|0|392|5.4|5.4|7|8
59.1|71.09|0|392|5.4|5.4|7|8
59.2|71.08|0|392|5.4|5.4|7|8
59.3|71.09|0|392|5.4|5.4|7|8
59.4|71.09|0|392|5.4|5.4|7|8
59.5|71.1|0|392|5.4|5.4|7|8
59.6|71.12|0|392|5.4|5.4|7|8
59.7|71.13|0|392|5.4|5.4|7|8
59.8|71.13|0|392|5.4|5.4|7|8
59.9|71.12|0|392|5.4|5.4|7|8
60|71.1|0|392|5.4|5.4|7|8
60.1|71.09|0|392|5.4|5.4|7|8
60.2|71.09|0|392|5.4|5.4|7|8
60.3|71.08|0|392|5.4|5.4|7|8
60.4|71.09|0|392|5.4|5.4|7|8
60.5|71.1|0|392|5.4|5.4|7|8
60.6|71.09|0|392|5.4|5.4|7|8
60.7|71.1|0|392|5.4|5.4|7|8
60.8|71.1|0|392|5.4|5.4|7|8
60.9|71.12|0|392|5.4|5.4|7|8
61|71.12|0|392|5.4|5.4|7|8
61.1|71.13|0|392|5.4|5.4|7|8
61.2|71.2|0|392|5.4|5.4|7|8
61.3|71.1|0|392|5.4|5.4|7|8
61.4|71.06|0|392|5.4|5.4|7|8
61.5|71.09|0|392|5.4|5.4|7|8
61.6|71.1|0|392|5.4|5.4|7|8
61.7|71.1|0|392|5.4|5.4|7|8
61.8|71.12|0|392|5.4|5.4|7|8
61.9|71.17|0|392|5.4|5.4|7|8
62|71.09|0|392|5.4|5.4|7|8
62.1|71.1|0|392|5.4|5.4|7|8
62.2|71.06|0|392|5.4|5.4|7|8
62.3|71.1|0|392|5.4|5.4|7|8
62.4|71.09|0|392|5.4|5.4|7|8
62.5|71.1|0|392|5.4|5.4|7|8
62.6|71.09|0|392|5.4|5.4|7|8
62.7|71.1|0|392|5.4|5.4|7|8
62.8|71.1|0|392|5.4|5.4|7|8
62.9|71.17|0|392|5.4|5.4|7|8
63|71.1|0|392|5.4|5.4|7|8
63.1|71.09|0|392|5.4|5.4|7|8
63.2|71.09|0|392|5.4|5.4|7|8
63.3|71.06|0|390|5.4|5.4|7|8
63.4|71.12|0|391|5.4|5.4|7|8
63.5|71.17|0|392|5.4|5.4|7|8
63.6|71.09|0|392|5.4|5.4|7|8
63.7|71.08|0|392|5.4|5.4|7|8
63.8|71.1|0|392|5.4|5.4|7|8
63.9|71.13|0|392|5.4|5.4|7|8
64|71.1|0|392|5.4|5.4|7|8
64.1|71.1|0|392|5.4|5.4|7|8
64.2|71.1|0|392|5.4|5.4|7|8
64.3|71.09|0|392|5.4|5.4|7|8
64.4|71.09|0|392|5.4|5.4|7|8
64.5|71.08|0|392|5.4|5.4|7|8
64.6|71.12|0|392|5.4|5.4|7|8
64.7|71.13|0|392|5.4|5.4|7|8
64.8|71.09|0|404|5.4|5.4|7|8
64.9|71.08|0|411|5.4|5.4|7|8
65|71.08|0|412|5.4|5.4|7|8
65.1|71.1|0|413|5.4|5.4|7|8
65.2|71.12|0|413|5.4|5.4|7|8
65.3|71.09|0|413|5.4|5.4|7|8
65.4|71.09|0|413|5.4|5.4|7|8
65.5|71.09|0|413|5.4|5.4|7|8
65.6|71.09|0|413|5.4|5.4|7|8
65.7|71.09|0|413|5.4|5.4|7|8
65.8|71.09|0|413|5.4|5.4|7|8
65.9|71.09|0|413|5.4|5.4|7|8
66|71.08|0|413|5.4|5.4|7|8
66.1|71.08|0|413|5.4|5.4|7|8
66.2|71.1|0|413|5.4|5.4|7|8
66.3|71.1|0|413|5.4|5.4|7|8
66.4|71.09|0|413|5.4|5.4|7|8
66.5|71.09|0|413|5.4|5.4|7|8
66.6|71.08|0|413|5.4|5.4|7|8
66.7|71.06|0|413|5.4|5.4|8|8
66.8|71.09|0|413|5.4|5.4|8|8
66.9|70.98|0|413|5.4|5.4|8|8
67|71.01|0|413|5.4|5.4|8|8
67.1|70.96|0|413|5.4|5.4|8|8
67.2|70.97|0|413|5.4|5.4|8|8
67.3|71.04|0|413|5.4|5.4|8|8
67.4|71.05|0|413|5.4|5.4|8|8
67.5|71.06|0|413|5.4|5.4|8|8
67.6|71.04|0|413|5.4|5.4|8|8
67.7|71.02|0|413|5.3|5.3|8|8
67.8|71.02|0|413|5.3|5.3|8|8
67.9|71.01|0|413|5.3|5.3|8|8
68|71.04|0|413|5.3|5.3|8|8
68.1|71.05|0|413|5.3|5.3|8|8
68.2|71.09|0|413|5.2|5.2|8|8
68.3|71.06|0|413|5.2|5.2|8|8
68.4|71.05|0|413|5.2|5.2|8|8
68.5|71.06|0|413|5.2|5.2|8|8
68.6|71.04|0|413|5.2|5.2|8|8
68.7|71.05|0|413|5.2|5.2|8|8
68.8|73.55|0|412|5.2|5.2|8|8
68.9|76.55|0|412|5.2|5.2|8|8
69|79.56|0|412|5.2|5.2|8|8
69.1|82.5|0|412|5.2|5.2|8|8
69.2|85.46|0|412|5.2|5.2|8|8
69.3|88.36|0|412|5.2|5.2|8|8
69.4|91.27|0|412|5.2|5.2|8|8
69.5|93.97|0|412|5.2|5.2|8|8
69.6|95.23|0|412|5.2|5.2|8|8
69.7|95.77|0|412|5.2|5.2|8|8
