0|96.13|930|398|5|5|1|8
0.1|96.04|1036|400|5|5|1|8
0.2|96.02|1041|401|5|5|1|8
0.3|96.06|1046|402|5|5|1|8
0.4|96.12|1049|402|5|5|1|8
0.5|96.09|1052|402|5|5|2|8
0.6|95.74|1052|402|5|5|2|8
0.7|95.34|1054|402|5|5|2|8
0.8|94.91|1057|402|5.1|5|2|8
0.9|94.4|1062|402|5.1|5|2|8
1|93.92|1064|402|5.1|5|2|8
1.1|93.41|1420|403|5.1|5.1|2|8
1.2|93.03|1631|404|5.1|5.1|3|8
1.3|92.8|1649|405|5.1|5.1|3|8
1.4|92.63|1662|405|5.1|5.1|3|8
1.5|92.62|1668|405|5.1|5.1|3|8
1.6|92.59|1673|405|5.1|5.1|3|8
1.7|92.66|1678|405|5.1|5.1|3|8
1.8|92.53|1688|405|5.1|5.1|3|8
1.9|92.53|1683|405|5.1|5.1|3|8
2|92.51|1683|405|5.1|5.1|3|8
2.1|92.55|1686|405|5.1|5.1|3|8
2.2|92.59|1688|405|5.1|5.1|3|8
2.3|92.52|1691|405|5.1|5.1|3|8
2.4|92.58|1691|405|5.1|5.1|3|8
2.5|92.59|1696|405|5.1|5.1|3|8
2.6|92.53|1701|405|5.1|5.1|3|8
2.7|92.53|1698|405|5.1|5.1|3|8
2.8|92.59|1698|405|5.1|5.1|3|8
2.9|92.55|1709|405|5.1|5.1|3|8
3|92.52|1719|405|5.1|5.1|3|8
3.1|92.56|1722|405|5.1|5.1|3|8
3.2|92.56|1724|405|5.1|5.1|4|8
3.3|92.82|1711|405|5.1|5.1|4|8
3.4|93.25|1477|405|5.1|5.1|4|8
3.5|93.65|1088|404|5.1|5.1|5|8
3.6|93.77|1080|402|5.1|5.1|5|8
3.7|93.85|1080|402|5.1|5.1|5|8
3.8|93.86|1080|402|5.1|5.1|5|8
3.9|93.89|1080|402|5.1|5.1|5|8
4|93.92|1080|402|5.1|5.1|5|8
4.1|93.94|1080|402|5.1|5.1|5|8
4.2|93.93|1080|402|5.2|5.1|5|8
4.3|93.92|1077|402|5.2|5.2|5|8
4.4|93.92|1080|402|5.2|5.2|5|8
4.5|93.92|1080|402|5.2|5.2|5|8
4.6|93.92|1080|402|5.2|5.2|5|8
4.7|93.9|1080|402|5.2|5.2|5|8
4.8|93.86|1082|402|5.2|5.2|5|8
4.9|93.9|1082|402|5.2|5.2|5|8
5|93.9|1080|402|5.2|5.2|5|8
5.1|93.9|1082|402|5.2|5.2|5|8
5.2|93.93|1082|402|5.2|5.2|5|8
5.3|93.96|1082|402|5.2|5.2|5|8
5.4|93.93|1082|402|5.2|5.2|5|8
5.5|93.9|1082|402|5.2|5.2|2|8
5.6|93.6|1082|402|5.2|5.2|2|8
5.7|93.21|1119|402|5.2|5.2|2|8
5.8|92.75|1673|404|5.2|5.2|3|8
5.9|92.59|1719|405|5.2|5.2|3|8
6|92.39|1729|405|5.2|5.2|3|8
6.1|92.36|1737|405|5.2|5.2|3|8
6.2|92.35|1742|405|5.2|5.2|3|8
6.3|92.36|1745|405|5.2|5.2|3|8
6.4|92.23|1747|405|5.2|5.2|3|8
6.5|92.29|1750|405|5.2|5.2|3|8
6.6|92.28|1750|405|5.2|5.2|3|8
6.7|92.27|1753|405|5.2|5.2|3|8
6.8|92.27|1753|406|5.2|5.2|3|8
6.9|92.21|1755|406|5.2|5.2|3|8
7|92.25|1755|406|5.2|5.2|3|8
7.1|92.25|1755|406|5.2|5.2|3|8
7.2|92.31|1758|405|5.2|5.2|3|8
7.3|92.21|1758|405|5.2|5.2|3|8
7.4|92.27|1758|405|5.2|5.2|3|8
7.5|92.29|1758|406|5.2|5.2|3|8
7.6|92.24|1760|406|5.2|5.2|3|8
7.7|92.27|1760|406|5.2|5.2|3|8
7.8|92.27|1760|406|5.2|5.2|4|8
7.9|92.37|1758|406|5.2|5.2|4|8
8|92.74|1711|406|5.2|5.2|4|8
8.1|93.26|1131|404|5.2|5.2|5|8
8.2|93.49|1090|403|5.2|5.2|5|8
8.3|93.65|1088|402|5.2|5.2|5|8
8.4|93.77|1088|402|5.3|5.2|5|8
8.5|93.66|1088|402|5.3|5.2|5|8
8.6|93.73|1088|402|5.3|5.3|5|8
8.7|93.73|1088|402|5.3|5.3|5|8
8.8|93.66|1088|402|5.3|5.3|5|8
8.9|93.76|1088|402|5.3|5.3|5|8
9|93.69|1088|402|5.3|5.3|5|8
9.1|93.73|1088|402|5.3|5.3|5|8
9.2|93.72|1088|402|5.3|5.3|5|8
9.3|93.66|1088|402|5.3|5.3|5|8
9.4|93.76|1088|402|5.3|5.3|5|8
9.5|93.65|1088|402|5.3|5.3|5|8
9.6|93.77|1088|402|5.3|5.3|5|8
9.7|93.68|1088|402|5.3|5.3|5|8
9.8|93.74|1088|402|5.3|5.3|5|8
9.9|93.69|1088|402|5.3|5.3|5|8
10|93.72|1088|402|5.3|5.3|5|8
10.1|93.72|1088|402|5.3|5.3|2|8
10.2|93.55|1088|402|5.3|5.3|2|8
10.3|93.19|1090|402|5.3|5.3|2|8
10.4|92.68|1361|404|5.3|5.3|2|8
10.5|92.37|1716|404|5.3|5.3|3|8
10.6|92.16|1765|402|5.3|5.3|3|8
10.7|92.07|1778|393|5.3|5.3|3|8
10.8|92.01|1784|390|5.3|5.3|3|8
10.9|91.94|1786|389|5.3|5.3|3|8
11|92|1789|388|5.3|5.3|3|8
11.1|91.97|1789|388|5.3|5.3|3|8
11.2|91.97|1791|388|5.3|5.3|3|8
11.3|91.98|1791|388|5.3|5.3|3|8
11.4|91.98|1794|388|5.3|5.3|3|8
11.5|91.97|1794|388|5.3|5.3|3|8
11.6|91.96|1796|388|5.3|5.3|3|8
11.7|91.98|1796|388|5.3|5.3|3|8
11.8|91.97|1796|388|5.3|5.3|3|8
11.9|91.97|1796|388|5.3|5.3|3|8
12|91.94|1799|388|5.3|5.3|3|8
12.1|91.94|1799|388|5.3|5.3|3|8
12.2|91.97|1799|388|5.3|5.3|3|8
12.3|91.96|1799|388|5.3|5.3|3|8
12.4|91.96|1802|388|5.3|5.3|3|8
12.5|92.02|1802|388|5.3|5.3|4|8
12.6|92.23|1796|388|5.3|5.3|4|8
12.7|92.58|1729|388|5.3|5.3|4|8
12.8|93.14|1198|388|5.3|5.3|5|8
12.9|93.47|1103|388|5.3|5.3|5|8
13|93.55|1101|388|5.3|5.3|5|8
13.1|93.6|1101|388|5.3|5.3|5|8
13.2|93.65|1101|388|5.3|5.3|5|8
13.3|93.64|1101|388|5.3|5.3|5|8
13.4|93.65|1098|388|5.3|5.3|5|8
13.5|93.65|1098|388|5.3|5.3|5|8
13.6|93.65|1095|388|5.3|5.3|5|8
13.7|93.66|1095|389|5.3|5.3|5|8
13.8|93.66|1095|390|5.3|5.3|5|8
13.9|93.69|1095|390|5.3|5.3|5|8
14|93.68|1095|390|5.3|5.3|5|8
14.1|93.65|1095|390|5.3|5.3|5|8
14.2|93.58|1095|390|5.3|5.3|5|8
14.3|93.65|1095|390|5.3|5.3|5|8
14.4|93.64|1098|390|5.3|5.3|5|8
14.5|93.66|1095|390|5.3|5.3|5|8
14.6|93.65|1095|390|5.3|5.3|5|8
14.7|93.65|1095|390|5.3|5.3|5|8
14.8|93.65|1095|390|5.3|5.3|2|8
14.9|93.6|1095|390|5.3|5.3|2|8
15|93.25|1095|390|5.3|5.3|2|8
15.1|92.75|1198|390|5.3|5.3|2|8
15.2|92.37|1683|390|5.3|5.3|3|8
15.3|92.09|1771|390|5.3|5.3|3|8
15.4|91.97|1786|390|5.3|5.3|3|8
15.5|91.94|1791|390|5.3|5.3|3|8
15.6|91.9|1794|390|5.3|5.3|3|8
15.7|91.89|1799|390|5.3|5.3|3|8
15.8|91.86|1799|390|5.3|5.3|3|8
15.9|91.88|1802|390|5.3|5.3|3|8
16|91.88|1802|390|5.3|5.3|3|8
16.1|91.89|1802|390|5.3|5.3|3|8
16.2|91.88|1804|390|5.3|5.3|3|8
16.3|91.88|1804|390|5.3|5.3|3|8
16.4|91.86|1804|390|5.3|5.3|3|8
16.5|91.86|1804|390|5.3|5.3|3|8
16.6|91.85|1804|390|5.3|5.3|3|8
16.7|91.85|1807|390|5.3|5.3|3|8
16.8|91.86|1807|390|5.3|5.3|3|8
16.9|91.88|1809|390|5.3|5.3|3|8
17|91.86|1809|390|5.3|5.3|3|8
17.1|91.88|1809|390|5.3|5.3|3|8
17.2|91.88|1809|391|5.3|5.3|4|8
17.3|92.01|1812|390|5.3|5.3|4|8
17.4|92.35|1758|391|5.3|5.3|4|8
17.5|92.88|1657|391|5.3|5.3|4|8
17.6|93.33|1119|390|5.3|5.3|5|8
17.7|93.55|1106|390|5.3|5.3|5|8
17.8|93.65|1106|390|5.3|5.3|5|8
17.9|93.76|1103|390|5.3|5.3|5|8
18|93.7|1103|390|5.3|5.3|5|8
18.1|93.65|1103|390|5.3|5.3|5|8
18.2|93.7|1101|390|5.3|5.3|5|8
18.3|93.72|1101|390|5.3|5.3|5|8
18.4|93.65|1101|390|5.3|5.3|5|8
18.5|93.74|1098|390|5.3|5.3|5|8
18.6|93.69|1098|390|5.3|5.3|5|8
18.7|93.66|1098|390|5.3|5.3|5|8
18.8|93.74|1098|390|5.3|5.3|5|8
18.9|93.65|1098|390|5.3|5.3|5|8
19|93.74|1098|390|5.3|5.3|5|8
19.1|93.68|1098|390|5.3|5.3|5|8
19.2|93.73|1098|390|5.3|5.3|5|8
19.3|93.7|1098|390|5.3|5.3|5|8
19.4|93.68|1098|390|5.3|5.3|5|8
19.5|93.73|1098|390|5.3|5.3|5|8
19.6|93.69|1098|390|5.3|5.3|2|8
19.7|93.45|1098|390|5.3|5.3|2|8
19.8|93.07|1098|390|5.3|5.3|2|8
19.9|92.63|1222|390|5.3|5.3|2|8
20|92.2|1668|391|5.3|5.3|3|8
20.1|91.9|1786|391|5.3|5.3|3|8
20.2|91.76|1799|391|5.3|5.3|3|8
20.3|91.74|1807|391|5.3|5.4|3|8
20.4|91.62|1809|391|5.3|5.3|3|8
20.5|91.61|1812|391|5.3|5.3|3|8
20.6|91.65|1812|391|5.3|5.3|3|8
20.7|91.62|1812|391|5.3|5.3|3|8
20.8|91.62|1814|391|5.3|5.3|3|8
20.9|91.64|1814|391|5.3|5.3|3|8
21|91.64|1814|391|5.3|5.3|3|8
21.1|91.62|1814|391|5.3|5.3|3|8
21.2|91.62|1817|391|5.3|5.3|3|8
21.3|91.62|1817|391|5.3|5.3|3|8
21.4|91.62|1817|391|5.3|5.3|3|8
21.5|91.62|1820|391|5.3|5.3|3|8
21.6|91.61|1820|391|5.3|5.3|3|8
21.7|91.61|1820|391|5.3|5.3|3|8
21.8|91.61|1820|391|5.3|5.4|3|8
21.9|91.61|1820|391|5.3|5.4|3|8
22|91.62|1822|391|5.4|5.3|4|8
22.1|91.72|1822|391|5.3|5.3|4|8
22.2|92.02|1809|391|5.3|5.3|4|8
22.3|92.53|1482|392|5.4|5.3|4|8
22.4|92.92|1113|390|5.3|5.4|5|8
22.5|93.1|1106|390|5.4|5.3|5|8
22.6|93.21|1108|390|5.3|5.3|5|8
22.7|93.19|1103|390|5.3|5.3|5|8
22.8|93.19|1103|390|5.4|5.3|5|8
22.9|93.19|1103|390|5.3|5.4|5|8
23|93.18|1101|390|5.3|5.4|5|8
23.1|93.19|1101|390|5.3|5.3|5|8
23.2|93.19|1101|390|5.4|5.3|5|8
23.3|93.21|1101|390|5.4|5.3|5|8
23.4|93.21|1101|390|5.4|5.3|5|8
23.5|93.23|1101|390|5.3|5.3|5|8
23.6|93.25|1101|390|5.3|5.3|5|8
23.7|93.14|1101|390|5.3|5.3|5|8
23.8|93.19|1098|390|5.4|5.4|5|8
23.9|93.19|1098|390|5.3|5.3|5|8
24|93.18|1098|390|5.3|5.4|5|8
24.1|93.19|1098|390|5.4|5.4|5|8
24.2|93.19|1098|390|5.3|5.3|5|8
24.3|93.19|1098|390|5.3|5.3|5|8
24.4|93.19|1098|390|5.3|5.3|2|8
24.5|92.86|1098|390|5.3|5.3|2|8
24.6|92.44|1124|390|5.3|5.3|2|8
24.7|91.97|1603|390|5.3|5.4|3|8
24.8|91.74|1791|390|5.3|5.4|3|8
24.9|91.57|1809|390|5.3|5.4|3|8
25|91.56|1814|391|5.3|5.3|3|8
25.1|91.47|1820|391|5.4|5.3|3|8
25.2|91.34|1822|391|5.3|5.3|3|8
25.3|91.38|1825|391|5.4|5.4|3|8
25.4|91.38|1825|391|5.4|5.4|3|8
25.5|91.38|1825|391|5.3|5.3|3|8
25.6|91.39|1825|391|5.3|5.3|3|8
25.7|91.39|1827|391|5.3|5.3|3|8
25.8|91.35|1827|391|5.4|5.4|3|8
25.9|91.38|1827|391|5.3|5.3|3|8
26|91.38|1827|391|5.3|5.3|3|8
26.1|91.41|1827|391|5.4|5.3|3|8
26.2|91.37|1827|391|5.4|5.4|3|8
26.3|91.37|1830|391|5.3|5.3|3|8
26.4|91.37|1830|391|5.4|5.3|3|8
26.5|91.39|1832|391|5.4|5.4|3|8
26.6|91.38|1832|392|5.4|5.4|3|8
26.7|91.37|1832|392|5.3|5.3|4|8
26.8|91.41|1832|392|5.4|5.4|4|8
26.9|91.68|1830|391|5.3|5.3|4|8
27|92.16|1729|392|5.4|5.4|4|8
27.1|92.59|1124|391|5.4|5.4|5|8
27.2|92.87|1108|390|5.4|5.4|5|8
27.3|92.94|1106|390|5.4|5.4|5|8
27.4|92.92|1103|390|5.4|5.4|5|8
27.5|92.96|1103|390|5.4|5.4|5|8
27.6|93|1101|390|5.3|5.4|5|8
27.7|93.03|1101|390|5.4|5.4|5|8
27.8|93.03|1098|390|5.4|5.4|5|8
27.9|92.99|1098|390|5.4|5.3|5|8
28|92.96|1098|390|5.4|5.4|5|8
28.1|92.98|1098|390|5.4|5.4|5|8
28.2|92.99|1098|390|5.4|5.4|5|8
28.3|92.99|1095|390|5.4|5.4|5|8
28.4|92.99|1098|390|5.4|5.4|5|8
28.5|92.99|1098|390|5.4|5.4|5|8
28.6|93|1098|390|5.4|5.4|5|8
28.7|92.99|1098|390|5.4|5.4|5|8
28.8|92.99|1098|390|5.4|5.4|5|8
28.9|92.99|1098|390|5.4|5.4|5|8
29|92.99|1098|390|5.4|5.4|5|8
29.1|93.03|1095|390|5.4|5.4|2|8
29.2|92.78|1098|390|5.3|5.4|2|8
29.3|92.39|1098|390|5.4|5.4|2|8
29.4|91.93|1438|391|5.4|5.4|2|8
29.5|91.58|1786|391|5.4|5.4|3|8
29.6|91.49|1809|392|5.4|5.4|3|8
29.7|91.35|1820|392|5.4|5.3|3|8
29.8|91.26|1825|392|5.4|5.4|3|8
29.9|91.23|1830|392|5.4|5.4|3|8
30|91.19|1830|392|5.4|5.4|3|8
30.1|91.22|1832|392|5.4|5.4|3|8
30.2|91.23|1832|392|5.3|5.4|3|8
30.3|91.25|1832|392|5.4|5.4|3|8
30.4|91.25|1832|392|5.4|5.4|3|8
30.5|91.25|1832|392|5.4|5.4|3|8
30.6|91.25|1835|392|5.4|5.4|3|8
30.7|91.22|1835|392|5.4|5.3|3|8
30.8|91.21|1835|392|5.4|5.4|3|8
30.9|91.23|1835|392|5.4|5.4|3|8
31|91.25|1835|392|5.4|5.3|3|8
31.1|91.22|1835|392|5.4|5.4|3|8
31.2|91.22|1835|392|5.4|5.4|3|8
31.3|91.22|1835|392|5.4|5.3|3|8
31.4|91.25|1838|392|5.4|5.4|3|8
31.5|91.27|1838|392|5.4|5.4|4|8
31.6|91.46|1835|392|5.4|5.4|4|8
31.7|91.84|1786|392|5.4|5.4|4|8
31.8|92.45|1147|392|5.4|5.4|5|8
31.9|92.62|1108|392|5.4|5.4|5|8
32|92.78|1103|392|5.4|5.4|5|8
32.1|92.9|1103|391|5.4|5.4|5|8
32.2|92.82|1101|391|5.4|5.4|5|8
32.3|92.87|1101|391|5.4|5.4|5|8
32.4|92.83|1098|391|5.4|5.4|5|8
32.5|92.8|1098|391|5.4|5.4|5|8
32.6|92.87|1098|391|5.4|5.4|5|8
32.7|92.82|1098|390|5.4|5.4|5|8
32.8|92.86|1098|391|5.4|5.4|5|8
32.9|92.88|1098|390|5.4|5.4|5|8
33|92.82|1098|390|5.4|5.4|5|8
33.1|92.84|1098|390|5.4|5.4|5|8
33.2|92.87|1098|390|5.4|5.4|5|8
33.3|92.83|1098|390|5.4|5.4|5|8
33.4|92.83|1095|390|5.4|5.4|5|8
33.5|92.86|1095|390|5.4|5.4|5|8
33.6|92.87|1095|390|5.4|5.4|5|8
33.7|92.83|1095|390|5.4|5.4|5|8
33.8|92.84|1095|390|5.4|5.4|2|8
33.9|92.64|1095|390|5.4|5.4|2|8
34|92.36|1098|390|5.4|5.4|2|8
34.1|91.86|1441|391|5.4|5.4|2|8
34.2|91.54|1789|391|5.4|5.4|3|8
34.3|91.37|1817|392|5.4|5.4|3|8
34.4|91.25|1827|392|5.4|5.4|3|8
34.5|91.23|1835|392|5.4|5.4|3|8
34.6|91.23|1838|392|5.4|5.4|3|8
34.7|91.15|1840|391|5.4|5.4|3|8
34.8|91.18|1840|391|5.4|5.4|3|8
34.9|91.19|1843|391|5.4|5.4|3|8
35|91.18|1843|391|5.4|5.4|3|8
35.1|91.17|1843|391|5.4|5.4|3|8
35.2|91.21|1845|391|5.4|5.4|3|8
35.3|91.17|1845|391|5.4|5.4|3|8
35.4|91.19|1845|391|5.4|5.4|3|8
35.5|91.19|1845|391|5.4|5.4|3|8
35.6|91.19|1848|391|5.4|5.4|3|8
35.7|91.15|1848|390|5.4|5.4|3|8
35.8|91.18|1848|391|5.4|5.4|3|8
35.9|91.18|1848|391|5.4|5.4|3|8
36|91.18|1848|391|5.4|5.4|3|8
36.1|91.19|1848|390|5.4|5.4|3|8
36.2|91.19|1851|391|5.4|5.4|4|8
36.3|91.43|1848|390|5.4|5.4|4|8
36.4|91.81|1789|390|5.4|5.4|4|8
36.5|92.37|1206|391|5.4|5.4|2|8
36.6|92.53|1111|390|5.4|5.4|2|8
36.7|92.64|1108|390|5.4|5.4|2|8
36.8|92.58|1106|390|5.4|5.4|2|8
36.9|92.55|1106|390|5.4|5.4|2|8
37|92.41|1106|390|5.4|5.4|2|8
37.1|92.31|1103|390|5.4|5.4|2|8
37.2|92.36|1103|390|5.4|5.4|2|8
37.3|92.39|1103|390|5.4|5.4|2|8
37.4|92.28|1103|390|5.4|5.4|2|8
37.5|92.15|1103|390|5.4|5.4|2|8
37.6|92.15|1106|390|5.4|5.4|2|8
37.7|92.05|1119|390|5.4|5.4|2|8
37.8|91.97|1113|390|5.4|5.4|2|8
37.9|91.92|1116|390|5.4|5.4|2|8
38|91.89|1152|390|5.4|5.4|2|8
38.1|91.84|1173|389|5.4|5.4|2|8
38.2|91.76|1294|390|5.4|5.4|2|8
38.3|91.7|1683|390|5.4|5.4|2|8
38.4|91.76|1722|390|5.4|5.4|2|8
38.5|91.86|1716|391|5.4|5.4|2|8
38.6|92.08|1662|391|5.4|5.4|2|8
38.7|92.29|1134|391|5.4|5.4|2|8
38.8|92.32|1103|390|5.4|5.4|2|8
38.9|92.4|1101|390|5.4|5.4|2|8
39|92.36|1098|390|5.4|5.4|2|8
39.1|92.23|1098|390|5.4|5.4|2|8
39.2|92.15|1098|390|5.4|5.4|2|8
39.3|92.15|1095|390|5.4|5.4|2|8
39.4|92.07|1116|390|5.4|5.4|2|8
39.5|91.98|1137|390|5.4|5.4|2|8
39.6|91.94|1211|390|5.4|5.4|2|8
39.7|91.89|1111|390|5.4|5.4|2|8
39.8|91.84|1198|390|5.4|5.4|2|8
39.9|91.76|1289|390|5.4|5.4|2|8
40|91.76|1626|391|5.4|5.4|2|8
40.1|91.7|1719|391|5.4|5.4|2|8
40.2|91.8|1732|392|5.4|5.4|2|8
40.3|91.98|1680|391|5.4|5.4|2|8
40.4|92.24|1162|392|5.4|5.4|2|8
40.5|92.29|1098|390|5.4|5.4|2|8
40.6|92.36|1095|390|5.4|5.4|2|8
40.7|92.29|1095|390|5.4|5.4|2|8
40.8|92.21|1095|390|5.4|5.4|2|8
40.9|92.15|1093|390|5.4|5.4|2|8
41|92.15|1093|390|5.4|5.4|2|8
41.1|92.09|1113|390|5.4|5.4|2|8
41.2|91.97|1106|390|5.4|5.4|2|8
41.3|91.94|1101|390|5.4|5.4|2|8
41.4|91.9|1113|390|5.4|5.4|2|8
41.5|91.81|1188|390|5.4|5.4|2|8
41.6|91.76|1340|391|5.4|5.4|2|8
41.7|91.74|1598|392|5.4|5.4|2|8
41.8|91.69|1701|392|5.4|5.4|2|8
41.9|91.78|1693|392|5.4|5.4|2|8
42|92|1454|392|5.4|5.4|2|8
42.1|92.13|1101|391|5.4|5.4|2|8
42.2|92.17|1095|390|5.4|5.4|2|8
42.3|92.21|1093|390|5.4|5.4|2|8
42.4|92.15|1093|390|5.4|5.4|2|8
42.5|92.08|1093|390|5.4|5.4|2|8
42.6|91.98|1093|390|5.4|5.4|2|8
42.7|91.96|1093|390|5.4|5.4|2|8
42.8|91.89|1098|390|5.4|5.4|2|8
42.9|91.84|1144|390|5.4|5.4|2|8
43|91.74|1291|391|5.4|5.4|2|8
43.1|91.72|1572|392|5.4|5.4|2|8
43.2|91.7|1619|392|5.4|5.4|2|8
43.3|91.74|1572|392|5.4|5.4|2|8
43.4|91.92|1209|392|5.4|5.4|2|8
43.5|92.07|1095|391|5.4|5.4|2|8
43.6|92.15|1093|390|5.4|5.4|2|8
43.7|92.08|1093|390|5.4|5.4|2|8
43.8|91.92|1093|390|5.4|5.4|2|8
43.9|91.94|1090|390|5.4|5.4|2|8
44|91.89|1090|390|5.4|5.4|2|8
44.1|91.8|1098|390|5.4|5.4|2|8
44.2|91.76|1093|390|5.4|5.4|2|8
44.3|91.73|1260|390|5.4|5.4|2|8
44.4|91.6|1335|392|5.4|5.4|2|8
44.5|91.54|1515|392|5.4|5.4|2|8
44.6|91.56|1384|392|5.4|5.4|2|8
44.7|91.53|1098|391|5.4|5.4|2|8
44.8|91.58|1093|391|5.4|5.4|2|8
44.9|91.58|1090|390|5.4|5.4|2|8
45|91.5|1345|391|5.4|5.4|2|8
45.1|91.47|1436|392|5.4|5.4|2|8
45.2|91.34|1508|392|5.4|5.4|2|8
45.3|91.41|1103|391|5.4|5.4|2|8
45.4|91.43|1093|391|5.4|5.4|2|8
45.5|91.46|1090|391|5.4|5.4|2|8
45.6|91.37|1425|391|5.4|5.4|2|8
45.7|91.23|1387|391|5.4|5.4|2|8
45.8|91.29|1098|392|5.4|5.4|2|8
45.9|91.34|1090|391|5.4|5.4|2|8
46|91.25|1451|392|5.4|5.4|2|8
46.1|91.19|1456|392|5.4|5.4|2|8
46.2|91.19|1098|392|5.4|5.4|2|8
46.3|91.21|1090|392|5.4|5.4|2|8
46.4|91.26|1090|392|5.4|5.4|2|8
46.5|91.22|1441|392|5.4|5.4|2|8
46.6|91.14|1758|392|5.4|5.4|2|8
46.7|91.14|1745|392|5.4|5.4|2|8
46.8|91.34|1139|393|5.4|5.4|2|8
46.9|91.46|1093|392|5.4|5.4|2|8
47|91.47|1093|392|5.4|5.4|2|8
47.1|91.38|1093|392|5.4|5.4|2|8
47.2|91.37|1090|392|5.4|5.4|2|8
47.3|91.27|1090|392|5.4|5.4|2|8
47.4|91.22|1090|392|5.4|5.4|2|8
47.5|91.22|1113|392|5.4|5.4|2|8
47.6|91.17|1644|392|5.4|5.4|2|8
47.7|91.14|1716|392|5.4|5.4|2|8
47.8|91.19|1670|393|5.4|5.4|2|8
47.9|91.46|1611|393|5.4|5.4|2|8
48|91.58|1103|392|5.4|5.4|2|8
48.1|91.76|1090|392|5.4|5.4|2|8
48.2|91.62|1088|392|5.4|5.4|2|8
48.3|91.6|1090|392|5.4|5.4|2|8
48.4|91.6|1090|392|5.4|5.4|2|8
48.5|91.56|1090|392|5.4|5.4|2|8
48.6|91.49|1088|392|5.4|5.4|2|8
48.7|91.37|1088|392|5.4|5.4|2|8
48.8|91.33|1111|392|5.4|5.4|2|8
48.9|91.25|1131|392|5.4|5.4|2|8
49|91.22|1093|392|5.4|5.4|2|8
49.1|91.22|1204|392|5.4|5.4|2|8
49.2|91.03|1552|393|5.4|5.4|2|8
49.3|91.1|1106|392|5.4|5.4|2|8
49.4|91.15|1088|392|5.4|5.4|2|8
49.5|91.03|1198|392|5.4|5.4|2|8
49.6|91|1428|392|5.4|5.4|2|8
49.7|90.95|1459|392|5.4|5.4|2|8
49.8|90.9|1479|393|5.4|5.4|2|8
49.9|90.91|1108|393|5.4|5.4|2|8
50|90.92|1090|392|5.4|5.4|2|8
50.1|90.91|1090|392|5.4|5.4|2|8
50.2|90.79|1459|393|5.4|5.4|2|8
50.3|90.79|1384|393|5.4|5.4|2|8
50.4|90.71|1477|393|5.4|5.4|2|8
50.5|90.71|1343|394|5.4|5.4|2|8
50.6|90.64|1399|394|5.4|5.4|2|8
50.7|90.62|1276|393|5.4|5.4|2|8
50.8|90.54|1438|393|5.4|5.4|2|8
50.9|90.41|1294|392|5.4|5.4|2|8
51|90.33|1237|393|5.4|5.4|2|8
51.1|90.36|1175|392|5.4|5.4|2|8
51.2|90.32|1175|392|5.4|5.4|2|8
51.3|90.19|1211|393|5.4|5.4|2|8
51.4|90.13|1235|393|5.4|5.4|2|8
51.5|90.03|1173|392|5.4|5.4|2|8
51.6|90.01|1193|392|5.4|5.4|2|8
51.7|89.88|1134|392|5.4|5.4|2|8
51.8|89.85|1175|392|5.4|5.4|2|8
51.9|89.78|1160|392|5.4|5.4|2|8
52|89.78|1137|392|5.4|5.4|2|8
52.1|89.61|1165|392|5.4|5.4|2|8
52.2|89.53|1147|392|5.4|5.4|2|8
52.3|89.5|1211|393|5.4|5.4|2|8
52.4|89.41|1183|392|5.4|5.4|2|8
52.5|89.31|1232|392|5.4|5.4|2|8
52.6|89.23|1201|392|5.4|5.4|2|8
52.7|89.18|1204|393|5.4|5.4|2|8
52.8|89.07|1168|392|5.4|5.4|2|8
52.9|89.05|1209|392|5.4|5.4|2|8
53|88.92|1183|393|5.4|5.4|2|8
53.1|88.84|1149|392|5.4|5.4|2|8
53.2|88.78|1162|394|5.4|5.4|2|8
53.3|88.71|1204|393|5.4|5.4|2|8
53.4|88.58|1281|393|5.4|5.4|2|8
53.5|88.51|1219|394|5.4|5.4|2|8
53.6|88.4|1219|394|5.4|5.4|2|8
53.7|88.31|1160|393|5.4|5.4|2|8
53.8|88.21|1180|393|5.4|5.4|2|8
53.9|88.15|1178|393|5.4|5.4|2|8
54|88.04|1322|394|5.4|5.4|2|8
54.1|87.97|1260|394|5.4|5.4|2|8
54.2|87.86|1170|394|5.4|5.4|2|8
54.3|87.73|1242|394|5.4|5.4|2|8
54.4|87.65|1155|392|5.4|5.4|2|8
54.5|87.52|1219|393|5.4|5.4|2|8
54.6|87.44|1165|393|5.4|5.4|2|8
54.7|87.42|1157|394|5.4|5.4|2|8
54.8|87.26|1165|393|5.4|5.4|2|8
54.9|87.13|1237|394|5.4|5.4|2|8
55|87.06|1216|394|5.4|5.4|2|8
55.1|86.94|1242|394|5.4|5.4|2|8
55.2|86.83|1247|394|5.4|5.4|2|8
55.3|86.76|1284|394|5.4|5.4|2|8
55.4|86.58|1235|394|5.4|5.4|2|8
55.5|86.55|1229|393|5.4|5.4|2|8
55.6|86.4|1191|394|5.4|5.4|2|8
55.7|86.25|1294|394|5.4|5.4|2|8
55.8|86.15|1188|394|5.4|5.4|2|8
55.9|86.04|1312|393|5.4|5.4|2|8
56|85.93|1284|392|5.4|5.4|2|8
56.1|85.76|1183|394|5.4|5.4|2|8
56.2|85.66|1214|394|5.4|5.4|2|8
56.3|85.53|1255|394|5.4|5.4|2|8
56.4|85.44|1204|394|5.4|5.4|2|8
56.5|85.22|1235|394|5.4|5.4|2|8
56.6|85.15|1394|394|5.4|5.4|2|8
56.7|84.99|1263|394|5.4|5.4|2|8
56.8|84.89|1263|393|5.4|5.4|2|8
56.9|84.79|1330|392|5.4|5.4|2|8
57|84.58|1240|394|5.4|5.4|2|8
57.1|84.43|1258|394|5.4|5.4|2|8
57.2|84.32|1286|393|5.4|5.4|2|8
57.3|84.19|1152|393|5.4|5.4|2|8
57.4|84.05|1160|393|5.4|5.4|2|8
57.5|83.89|1229|394|5.4|5.4|2|8
57.6|83.72|1268|394|5.4|5.4|2|8
57.7|83.58|1240|393|5.4|5.4|2|8
57.8|83.44|1325|394|5.4|5.4|2|8
57.9|83.23|1273|394|5.4|5.4|2|8
58|83.07|1232|394|5.4|5.4|2|8
58.1|82.91|1240|394|5.4|5.4|2|8
58.2|82.74|1466|393|5.4|5.4|2|8
58.3|82.66|1358|394|5.4|5.4|2|8
58.4|82.42|1335|394|5.4|5.4|2|8
58.5|82.24|1307|394|5.4|5.4|2|8
58.6|82.12|1351|394|5.4|5.4|2|8
58.7|81.92|1258|394|5.4|5.4|2|8
58.8|81.72|1260|394|5.4|5.4|2|8
58.9|81.56|1286|394|5.4|5.4|2|8
59|81.41|1258|393|5.4|5.4|2|8
59.1|81.21|1260|392|5.4|5.4|2|8
59.2|80.98|1229|393|5.4|5.4|2|8
59.3|80.83|1345|394|5.4|5.4|2|8
59.4|80.62|1325|393|5.4|5.4|2|8
59.5|80.44|1399|393|5.4|5.4|2|8
59.6|80.23|1320|394|5.4|5.4|6|8
59.7|78.94|1845|394|5.4|5.4|6|8
59.8|76.46|1892|394|5.4|5.4|6|8
59.9|73.95|59|392|5.4|5.4|7|8
60|71.76|0|390|5.4|5.4|7|8
60.1|70.57|0|389|5.4|5.4|7|8
60.2|70.03|0|389|5.4|5.4|7|8
60.3|69.73|0|389|5.4|5.4|7|8
60.4|69.53|0|388|5.4|5.4|7|8
60.5|69.52|0|388|5.4|5.4|7|8
60.6|69.41|0|388|5.4|5.4|7|8
60.7|69.47|0|388|5.4|5.4|7|8
60.8|69.49|0|388|5.4|5.4|7|8
60.9|69.41|0|388|5.4|5.4|7|8
61|69.41|0|388|5.4|5.4|7|8
61.1|69.4|0|388|5.4|5.4|7|8
61.2|69.43|0|388|5.4|5.4|7|8
61.3|69.43|0|388|5.4|5.4|7|8
61.4|69.47|0|388|5.4|5.4|7|8
61.5|69.49|0|388|5.4|5.4|7|8
61.6|69.45|0|388|5.4|5.4|7|8
61.7|69.41|0|388|5.4|5.4|7|8
61.8|69.43|0|388|5.4|5.4|7|8
61.9|69.43|0|388|5.4|5.4|7|8
62|69.44|0|388|5.4|5.4|7|8
62.1|69.44|0|388|5.4|5.4|7|8
62.2|69.41|0|388|5.4|5.4|7|8
62.3|69.4|0|388|5.4|5.4|7|8
62.4|69.41|0|388|5.4|5.4|7|8
62.5|69.43|0|388|5.4|5.4|7|8
62.6|69.41|0|388|5.4|5.4|7|8
62.7|69.4|0|388|5.4|5.4|7|8
62.8|69.4|0|388|5.3|5.4|7|8
62.9|69.37|0|388|5.4|5.4|7|8
63|69.37|0|388|5.4|5.4|7|8
63.1|69.43|0|388|5.4|5.4|7|8
63.2|69.48|0|388|5.4|5.4|7|8
63.3|69.49|0|388|5.4|5.4|7|8
63.4|69.37|0|388|5.4|5.4|7|8
63.5|69.43|0|388|5.4|5.4|7|8
63.6|69.45|0|388|5.4|5.3|7|8
63.7|69.41|0|388|5.4|5.4|7|8
63.8|69.4|0|388|5.4|5.4|7|8
63.9|69.41|0|388|5.4|5.4|7|8
64|69.41|0|388|5.4|5.4|7|8
64.1|69.43|0|388|5.4|5.4|7|8
64.2|69.41|0|388|5.4|5.4|7|8
64.3|69.41|0|388|5.4|5.4|7|8
64.4|69.4|0|388|5.4|5.4|7|8
64.5|69.41|0|388|5.4|5.4|7|8
64.6|69.41|0|388|5.4|5.4|7|8
64.7|69.41|0|388|5.4|5.4|7|8
64.8|69.41|0|388|5.4|5.4|7|8
64.9|69.41|0|388|5.4|5.4|7|8
65|69.41|0|388|5.4|5.4|7|8
65.1|69.41|0|388|5.4|5.4|7|8
65.2|69.4|0|388|5.4|5.4|7|8
65.3|69.4|0|388|5.4|5.4|7|8
65.4|69.4|0|388|5.4|5.4|7|8
65.5|69.41|0|388|5.4|5.4|7|8
65.6|69.41|0|388|5.4|5.4|7|8
65.7|69.41|0|388|5.4|5.4|7|8
65.8|69.41|0|388|5.4|5.4|7|8
65.9|69.4|0|388|5.4|5.4|7|8
66|69.4|0|388|5.4|5.4|7|8
66.1|69.41|0|388|5.4|5.4|7|8
66.2|69.4|0|388|5.4|5.4|7|8
66.3|69.4|0|388|5.4|5.4|7|8
66.4|69.4|0|388|5.4|5.4|7|8
66.5|69.4|0|388|5.4|5.4|7|8
66.6|69.41|0|388|5.4|5.4|7|8
66.7|69.41|0|388|5.4|5.4|7|8
66.8|69.4|0|388|5.4|5.4|7|8
66.9|69.4|0|388|5.4|5.4|7|8
67|69.4|0|388|5.4|5.4|7|8
67.1|69.4|0|388|5.4|5.4|7|8
67.2|69.39|0|388|5.4|5.4|7|8
67.3|69.4|0|388|5.4|5.4|7|8
67.4|69.41|0|388|5.4|5.4|7|8
67.5|69.4|0|388|5.4|5.4|7|8
67.6|69.37|0|388|5.4|5.4|7|8
67.7|69.4|0|388|5.4|5.4|7|8
67.8|69.4|0|388|5.4|5.4|7|8
67.9|69.4|0|388|5.4|5.4|7|8
68|69.41|0|388|5.4|5.4|7|8
68.1|69.4|0|388|5.4|5.4|7|8
68.2|69.39|0|388|5.4|5.4|7|8
68.3|69.37|0|388|5.4|5.4|7|8
68.4|69.4|0|388|5.4|5.4|7|8
68.5|69.4|0|388|5.4|5.4|7|8
68.6|69.41|0|388|5.4|5.4|7|8
68.7|69.4|0|388|5.4|5.4|7|8
68.8|69.39|0|388|5.4|5.4|7|8
68.9|69.39|0|388|5.4|5.4|7|8
69|69.39|0|388|5.4|5.4|7|8
69.1|69.4|0|388|5.4|5.4|7|8
69.2|69.4|0|388|5.4|5.4|7|8
69.3|69.41|0|388|5.4|5.4|7|8
69.4|69.4|0|388|5.4|5.4|7|8
69.5|69.39|0|388|5.4|5.4|7|8
69.6|69.39|0|388|5.4|5.4|7|8
69.7|69.4|0|388|5.4|5.4|7|8
69.8|69.41|0|388|5.4|5.4|7|8
69.9|69.39|0|388|5.4|5.4|7|8
70|69.36|0|388|5.4|5.4|7|8
70.1|69.4|0|388|5.4|5.4|7|8
70.2|69.4|0|388|5.4|5.4|7|8
70.3|69.43|0|388|5.4|5.4|7|8
70.4|69.39|0|388|5.4|5.4|7|8
70.5|69.4|0|388|5.4|5.4|7|8
70.6|69.39|0|390|5.4|5.4|7|8
70.7|69.39|0|400|5.4|5.4|7|8
70.8|69.4|0|402|5.4|5.4|7|8
70.9|69.37|0|404|5.4|5.4|7|8
71|69.39|0|404|5.4|5.4|7|8
71.1|69.39|0|404|5.4|5.4|7|8
71.2|69.39|0|404|5.4|5.4|7|8
71.3|69.4|0|404|5.4|5.4|7|8
71.4|69.41|0|404|5.4|5.4|7|8
71.5|69.39|0|404|5.4|5.4|7|8
71.6|69.37|0|404|5.4|5.4|7|8
71.7|69.36|0|404|5.4|5.4|7|8
71.8|69.37|0|404|5.4|5.4|7|8
71.9|69.4|0|404|5.4|5.4|7|8
72|69.41|0|404|5.4|5.4|7|8
72.1|69.39|0|404|5.4|5.4|7|8
72.2|69.39|0|404|5.4|5.4|7|8
72.3|69.37|0|404|5.4|5.4|7|8
72.4|69.37|0|404|5.4|5.4|7|8
72.5|69.39|0|404|5.4|5.4|7|8
72.6|69.4|0|404|5.4|5.4|7|8
72.7|69.4|0|404|5.4|5.4|7|8
72.8|69.39|0|404|5.4|5.4|7|8
72.9|69.37|0|404|5.4|5.4|8|8
73|69.41|0|404|5.4|5.4|8|8
73.1|69.3|0|404|5.4|5.4|8|8
73.2|69.18|0|404|5.4|5.3|8|8
73.3|69.21|0|404|5.3|5.3|8|8
73.4|69.3|0|404|5.3|5.3|8|8
73.5|69.28|0|404|5.3|5.3|8|8
73.6|69.33|0|404|5.3|5.3|8|8
73.7|69.33|0|404|5.3|5.3|8|8
73.8|69.36|0|404|5.3|5.3|8|8
73.9|69.35|0|404|5.3|5.3|8|8
74|69.33|0|404|5.3|5.3|8|8
74.1|69.32|0|404|5.2|5.2|8|8
74.2|69.32|0|404|5.2|5.2|8|8
74.3|69.28|0|404|5.2|5.2|8|8
74.4|69.3|0|404|5.2|5.2|8|8
74.5|69.36|0|404|5.2|5.2|8|8
74.6|69.39|0|404|5.2|5.2|8|8
74.7|69.33|0|404|5.2|5.2|8|8
74.8|69.28|0|404|5.2|5.2|8|8
74.9|69.71|0|404|5.2|5.2|8|8
75|72.47|0|404|5.2|5.2|8|8
75.1|75.49|0|404|5.2|5.2|8|8
75.2|78.47|0|404|5.2|5.2|8|8
75.3|81.45|0|404|5.2|5.2|8|8
75.4|84.4|0|404|5.2|5.1|8|8
75.5|87.33|0|404|5.1|5.1|8|8
75.6|90.2|0|404|5.1|5.1|8|8
75.7|93.13|0|404|5.1|5.1|8|8
75.8|94.9|0|404|5.1|5.1|8|8
75.9|95.61|0|404|5.1|5.1|8|8
