0|96.04|874|400|4.7|4.7|1|8
0.1|96.04|1000|404|4.7|4.7|1|8
0.2|96.04|1003|405|4.7|4.7|1|8
0.3|96.04|1003|405|4.7|4.7|1|8
0.4|96.04|1003|405|4.7|4.7|1|8
0.5|96.05|1005|405|4.7|4.7|2|8
0.6|95.77|1085|407|4.7|4.7|2|8
0.7|95.35|1515|408|4.7|4.7|3|8
0.8|95.08|1631|408|4.7|4.7|3|8
0.9|94.79|1655|409|4.7|4.7|3|8
1|94.74|1665|409|4.7|4.7|3|8
1.1|94.71|1673|409|4.7|4.7|3|8
1.2|94.66|1678|409|4.7|4.7|3|8
1.3|94.68|1683|409|4.7|4.7|3|8
1.4|94.7|1686|409|4.7|4.7|3|8
1.5|94.71|1688|409|4.8|4.8|3|8
1.6|94.68|1691|409|4.8|4.8|3|8
1.7|94.68|1693|409|4.8|4.8|3|8
1.8|94.68|1693|409|4.8|4.8|3|8
1.9|94.67|1693|409|4.8|4.8|3|8
2|94.67|1696|409|4.8|4.8|3|8
2.1|94.67|1696|409|4.8|4.8|3|8
2.2|94.66|1698|409|4.8|4.8|3|8
2.3|94.66|1701|409|4.8|4.8|3|8
2.4|94.66|1704|409|4.8|4.8|3|8
2.5|94.63|1706|409|4.8|4.8|3|8
2.6|94.7|1704|409|4.8|4.8|3|8
2.7|94.66|1706|409|4.8|4.8|4|8
2.8|94.72|1706|409|4.8|4.8|4|8
2.9|95.06|1696|409|4.8|4.8|4|8
3|95.46|1644|409|4.8|4.8|4|8
3.1|96|1570|409|4.8|4.8|4|8
3.2|96.4|1057|408|4.8|4.8|5|8
3.3|96.63|1028|407|4.8|4.8|5|8
3.4|96.7|1028|406|4.8|4.8|5|8
3.5|96.79|1026|405|4.8|4.8|5|8
3.6|96.82|1026|405|4.8|4.8|5|8
3.7|96.83|1026|405|4.8|4.8|5|8
3.8|96.87|1023|405|4.8|4.8|5|8
3.9|96.83|1023|405|4.9|4.8|5|8
4|96.84|1023|405|4.9|4.9|5|8
4.1|96.82|1023|405|4.9|4.9|5|8
4.2|96.76|1023|405|4.9|4.9|5|8
4.3|96.79|1023|405|4.9|4.9|5|8
4.4|96.79|1023|405|4.9|4.9|5|8
4.5|96.83|1023|405|4.9|4.9|5|8
4.6|96.86|1023|405|4.9|4.9|5|8
4.7|96.88|1023|405|4.9|4.9|5|8
4.8|96.8|1023|405|4.9|4.9|5|8
4.9|96.8|1023|405|4.9|4.9|5|8
5|96.82|1023|405|4.9|4.9|5|8
5.1|96.8|1023|406|4.9|4.9|5|8
5.2|96.84|1023|405|4.9|4.9|2|8
5.3|96.64|1023|406|4.9|4.9|2|8
5.4|96.28|1026|405|4.9|4.9|2|8
5.5|95.81|1049|406|4.9|4.9|2|8
5.6|95.33|1113|405|4.9|4.9|2|8
5.7|94.83|1193|407|4.9|4.9|2|8
5.8|94.4|1268|408|4.9|4.9|2|8
5.9|93.89|1216|408|4.9|4.9|2|8
6|93.38|1680|408|4.9|4.9|3|8
6.1|93.06|1732|409|4.9|4.9|3|8
6.2|93.03|1742|409|4.9|4.9|3|8
6.3|92.87|1747|409|4.9|4.9|3|8
6.4|92.82|1750|409|4.9|4.9|3|8
6.5|92.82|1753|409|4.9|4.9|3|8
6.6|92.7|1755|409|4.9|4.9|3|8
6.7|92.86|1755|409|4.9|4.9|3|8
6.8|92.87|1758|409|4.9|4.9|3|8
6.9|92.82|1758|409|4.9|4.9|3|8
7|92.86|1760|409|4.9|4.9|3|8
7.1|92.84|1760|409|4.9|4.9|3|8
7.2|92.86|1763|409|4.9|4.9|3|8
7.3|92.83|1763|409|5|5|3|8
7.4|92.86|1765|409|5|5|3|8
7.5|92.84|1765|409|5|5|3|8
7.6|92.84|1768|409|5|5|3|8
7.7|92.84|1768|409|5|5|3|8
7.8|92.82|1771|409|5|5|3|8
7.9|92.86|1771|409|5|5|3|8
8|92.84|1773|409|5|5|4|8
8.1|92.99|1773|409|5|5|4|8
8.2|93.3|1765|409|5|5|4|8
8.3|93.81|1716|409|5|5|4|8
8.4|94.31|1098|408|5|5|5|8
8.5|94.53|1049|407|5|5|5|8
8.6|94.61|1046|406|5|5|5|8
8.7|94.78|1044|406|5|5|5|8
8.8|94.76|1044|406|5|5|5|8
8.9|94.71|1044|405|5|5|5|8
9|94.78|1044|405|5|5|5|8
9.1|94.78|1044|405|5|5|5|8
9.2|94.78|1044|405|5|5|5|8
9.3|94.79|1044|405|5|5|5|8
9.4|94.78|1044|405|5|5|5|8
9.5|94.78|1044|405|5|5|5|8
9.6|94.78|1044|406|5|5|5|8
9.7|94.78|1044|405|5|5|5|8
9.8|94.78|1044|405|5|5|5|8
9.9|94.78|1044|405|5|5|5|8
10|94.78|1046|405|5|5|5|8
10.1|94.78|1046|405|5|5|5|8
10.2|94.78|1046|406|5|5|5|8
10.3|94.78|1046|405|5|5|5|8
10.4|94.8|1046|406|5.1|5|2|8
10.5|94.66|1046|406|5.1|5|2|8
10.6|94.33|1046|405|5.1|5.1|2|8
10.7|93.88|1067|406|5.1|5.1|2|8
10.8|93.41|1613|405|5.1|5.1|3|8
10.9|93.03|1768|396|5.1|5.1|3|8
11|92.86|1786|394|5.1|5.1|3|8
11.1|92.78|1791|392|5.1|5.1|3|8
11.2|92.71|1796|392|5.1|5.1|3|8
11.3|92.71|1799|392|5.1|5.1|3|8
11.4|92.7|1802|392|5.1|5.1|3|8
11.5|92.66|1802|392|5.1|5.1|3|8
11.6|92.68|1804|392|5.1|5.1|3|8
11.7|92.66|1807|392|5.1|5.1|3|8
11.8|92.68|1807|392|5.1|5.1|3|8
11.9|92.74|1809|392|5.1|5.1|3|8
12|92.71|1809|392|5.1|5.1|3|8
12.1|92.7|1812|392|5.1|5.1|3|8
12.2|92.71|1812|392|5.1|5.1|3|8
12.3|92.7|1812|392|5.1|5.1|3|8
12.4|92.71|1814|392|5.1|5.1|3|8
12.5|92.68|1814|392|5.1|5.1|3|8
12.6|92.66|1817|392|5.1|5.1|3|8
12.7|92.68|1817|392|5.1|5.1|3|8
12.8|92.68|1817|392|5.1|5.1|4|8
12.9|92.75|1820|392|5.1|5.1|4|8
13|93|1817|392|5.1|5.1|4|8
13.1|93.47|1784|392|5.1|5.1|4|8
13.2|93.98|1129|392|5.1|5.1|5|8
13.3|94.31|1067|391|5.1|5.1|5|8
13.4|94.39|1067|390|5.1|5.1|5|8
13.5|94.41|1064|390|5.1|5.1|5|8
13.6|94.44|1064|390|5.1|5.1|5|8
13.7|94.49|1064|390|5.1|5.1|5|8
13.8|94.55|1062|390|5.1|5.1|5|8
13.9|94.49|1062|390|5.1|5.2|5|8
14|94.48|1062|390|5.2|5.1|5|8
14.1|94.47|1062|390|5.2|5.2|5|8
14.2|94.44|1062|390|5.2|5.2|5|8
14.3|94.44|1062|390|5.2|5.2|5|8
14.4|94.48|1062|390|5.2|5.2|5|8
14.5|94.48|1059|390|5.2|5.2|5|8
14.6|94.47|1062|390|5.2|5.2|5|8
14.7|94.47|1062|390|5.2|5.2|5|8
14.8|94.47|1062|390|5.2|5.2|5|8
14.9|94.51|1062|390|5.2|5.2|5|8
15|94.47|1062|390|5.2|5.2|5|8
15.1|94.47|1062|390|5.2|5.2|5|8
15.2|94.47|1062|390|5.2|5.2|2|8
15.3|94.4|1062|390|5.2|5.2|2|8
15.4|93.97|1062|390|5.2|5.2|2|8
15.5|93.58|1149|390|5.2|5.2|2|8
15.6|93.11|1709|391|5.2|5.2|3|8
15.7|92.84|1791|392|5.2|5.2|3|8
15.8|92.64|1807|392|5.2|5.2|3|8
15.9|92.63|1809|392|5.2|5.2|3|8
16|92.66|1814|392|5.2|5.2|3|8
16.1|92.56|1817|392|5.2|5.2|3|8
16.2|92.56|1820|392|5.2|5.2|3|8
16.3|92.63|1822|392|5.2|5.2|3|8
16.4|92.52|1825|392|5.2|5.2|3|8
16.5|92.62|1825|392|5.2|5.2|3|8
16.6|92.53|1825|392|5.2|5.2|3|8
16.7|92.6|1825|392|5.2|5.2|3|8
16.8|92.56|1827|392|5.2|5.2|3|8
16.9|92.6|1827|392|5.2|5.2|3|8
17|92.58|1827|392|5.2|5.2|3|8
17.1|92.55|1830|392|5.2|5.2|3|8
17.2|92.59|1830|392|5.2|5.2|3|8
17.3|92.53|1832|392|5.2|5.2|3|8
17.4|92.62|1832|392|5.2|5.2|3|8
17.5|92.58|1835|392|5.2|5.2|3|8
17.6|92.55|1843|392|5.2|5.2|4|8
17.7|92.64|1845|392|5.2|5.2|4|8
17.8|93.11|1830|392|5.2|5.2|4|8
17.9|93.54|1309|392|5.2|5.2|5|8
18|93.88|1082|392|5.2|5.2|5|8
18.1|94.06|1077|391|5.2|5.2|5|8
18.2|94.2|1072|390|5.2|5.2|5|8
18.3|94.23|1072|390|5.2|5.2|5|8
18.4|94.13|1070|391|5.3|5.2|5|8
18.5|94.17|1070|390|5.3|5.3|5|8
18.6|94.15|1070|390|5.3|5.3|5|8
18.7|94.17|1067|390|5.3|5.3|5|8
18.8|94.17|1067|390|5.3|5.3|5|8
18.9|94.19|1067|390|5.3|5.3|5|8
19|94.19|1067|390|5.3|5.3|5|8
19.1|94.1|1067|391|5.3|5.3|5|8
19.2|94.17|1067|390|5.3|5.3|5|8
19.3|94.17|1067|390|5.3|5.3|5|8
19.4|94.17|1067|390|5.3|5.3|5|8
19.5|94.17|1067|390|5.3|5.3|5|8
19.6|94.17|1067|390|5.3|5.3|5|8
19.7|94.19|1067|390|5.3|5.3|5|8
19.8|94.23|1067|390|5.3|5.3|5|8
19.9|94.13|1067|390|5.3|5.3|2|8
20|94.13|1067|390|5.3|5.3|2|8
20.1|93.85|1067|390|5.3|5.3|2|8
20.2|93.42|1082|390|5.3|5.3|2|8
20.3|92.94|1539|392|5.3|5.3|2|8
20.4|92.6|1809|392|5.3|5.3|3|8
20.5|92.39|1825|392|5.3|5.3|3|8
20.6|92.36|1830|392|5.3|5.3|3|8
20.7|92.23|1832|392|5.3|5.3|3|8
20.8|92.15|1835|392|5.3|5.3|3|8
20.9|92.23|1838|392|5.3|5.3|3|8
21|92.24|1843|392|5.3|5.3|3|8
21.1|92.2|1851|392|5.3|5.3|3|8
21.2|92.24|1853|392|5.3|5.3|3|8
21.3|92.24|1853|392|5.3|5.3|3|8
21.4|92.25|1856|392|5.3|5.3|3|8
21.5|92.24|1858|392|5.3|5.3|3|8
21.6|92.2|1858|392|5.3|5.3|3|8
21.7|92.21|1858|392|5.3|5.3|3|8
21.8|92.23|1858|392|5.3|5.3|3|8
21.9|92.24|1858|392|5.3|5.3|3|8
22|92.23|1861|392|5.3|5.3|3|8
22.1|92.21|1861|392|5.3|5.3|3|8
22.2|92.21|1861|392|5.3|5.3|3|8
22.3|92.24|1861|392|5.3|5.3|3|8
22.4|92.27|1863|392|5.3|5.3|4|8
22.5|92.53|1861|392|5.3|5.3|4|8
22.6|93.02|1356|392|5.3|5.3|4|8
22.7|93.42|1090|392|5.3|5.3|5|8
22.8|93.53|1085|392|5.3|5.3|5|8
22.9|93.61|1082|391|5.3|5.3|5|8
23|93.69|1082|391|5.4|5.3|5|8
23.1|93.68|1082|391|5.4|5.4|5|8
23.2|93.66|1080|391|5.4|5.4|5|8
23.3|93.7|1080|391|5.4|5.4|5|8
23.4|93.64|1080|391|5.4|5.4|5|8
23.5|93.69|1077|391|5.4|5.4|5|8
23.6|93.7|1077|391|5.4|5.4|5|8
23.7|93.69|1075|391|5.4|5.4|5|8
23.8|93.66|1075|391|5.4|5.4|5|8
23.9|93.64|1075|391|5.4|5.4|5|8
24|93.68|1075|391|5.4|5.4|5|8
24.1|93.69|1075|391|5.4|5.4|5|8
24.2|93.68|1075|391|5.4|5.4|5|8
24.3|93.68|1072|391|5.4|5.4|5|8
24.4|93.64|1072|391|5.4|5.4|5|8
24.5|93.69|1072|391|5.4|5.4|5|8
24.6|93.68|1072|391|5.4|5.4|5|8
24.7|93.68|1072|391|5.4|5.4|2|8
24.8|93.38|1072|391|5.4|5.4|2|8
24.9|92.96|1075|391|5.4|5.4|2|8
25|92.53|1765|392|5.4|5.4|3|8
25.1|92.17|1840|392|5.4|5.4|3|8
25.2|92.05|1851|392|5.4|5.4|3|8
25.3|92.04|1856|392|5.4|5.4|3|8
25.4|91.98|1858|392|5.4|5.4|3|8
25.5|91.96|1861|392|5.4|5.4|3|8
25.6|91.96|1863|392|5.4|5.4|3|8
25.7|91.98|1863|392|5.4|5.4|3|8
25.8|91.96|1863|392|5.4|5.4|3|8
25.9|92|1866|392|5.4|5.4|3|8
26|91.97|1866|392|5.4|5.4|3|8
26.1|91.98|1866|392|5.4|5.4|3|8
26.2|91.96|1866|392|5.4|5.4|3|8
26.3|91.96|1869|392|5.4|5.4|3|8
26.4|91.97|1869|392|5.4|5.4|3|8
26.5|91.97|1869|392|5.4|5.4|3|8
26.6|91.97|1871|392|5.4|5.4|3|8
26.7|91.97|1874|392|5.4|5.4|3|8
26.8|91.93|1871|392|5.4|5.4|3|8
26.9|91.97|1871|392|5.4|5.4|3|8
27|91.97|1871|392|5.4|5.4|4|8
27.1|92.04|1874|392|5.4|5.4|4|8
27.2|92.49|1863|392|5.4|5.4|4|8
27.3|92.98|1237|393|5.4|5.4|5|8
27.4|93.31|1090|392|5.4|5.4|5|8
27.5|93.43|1085|392|5.4|5.4|5|8
27.6|93.47|1085|392|5.4|5.4|5|8
27.7|93.51|1082|392|5.4|5.4|5|8
27.8|93.53|1080|392|5.4|5.4|5|8
27.9|93.57|1080|392|5.4|5.4|5|8
28|93.5|1080|392|5.4|5.4|5|8
28.1|93.49|1077|392|5.4|5.4|5|8
28.2|93.49|1077|391|5.4|5.4|5|8
28.3|93.51|1077|391|5.4|5.4|5|8
28.4|93.51|1077|391|5.4|5.4|5|8
28.5|93.51|1077|391|5.4|5.4|5|8
28.6|93.51|1075|391|5.4|5.4|5|8
28.7|93.5|1075|391|5.4|5.4|5|8
28.8|93.51|1075|391|5.4|5.4|5|8
28.9|93.51|1075|391|5.4|5.4|5|8
29|93.53|1075|391|5.4|5.4|5|8
29.1|93.55|1075|391|5.4|5.4|5|8
29.2|93.53|1075|391|5.4|5.4|5|8
29.3|93.49|1075|391|5.4|5.4|2|8
29.4|93.47|1075|391|5.4|5.4|2|8
29.5|93.1|1075|391|5.4|5.4|2|8
29.6|92.7|1155|391|5.4|5.4|2|8
29.7|92.29|1817|392|5.4|5.4|3|8
29.8|92.05|1851|392|5.4|5.4|3|8
29.9|91.94|1863|392|5.4|5.4|3|8
30|91.94|1866|392|5.4|5.4|3|8
30.1|91.9|1871|392|5.4|5.4|3|8
30.2|91.89|1874|392|5.4|5.4|3|8
30.3|91.88|1876|392|5.4|5.4|3|8
30.4|91.82|1879|392|5.4|5.4|3|8
30.5|91.88|1879|392|5.4|5.4|3|8
30.6|91.89|1881|392|5.4|5.4|3|8
30.7|91.88|1881|392|5.4|5.4|3|8
30.8|91.81|1881|392|5.4|5.4|3|8
30.9|91.88|1881|392|5.4|5.4|3|8
31|91.9|1884|392|5.4|5.4|3|8
31.1|91.85|1884|392|5.4|5.4|3|8
31.2|91.86|1884|392|5.4|5.4|3|8
31.3|91.89|1884|392|5.4|5.4|3|8
31.4|91.86|1887|392|5.4|5.4|3|8
31.5|91.81|1887|392|5.4|5.4|3|8
31.6|91.88|1887|392|5.4|5.4|3|8
31.7|91.84|1887|392|5.4|5.4|4|8
31.8|92|1884|392|5.4|5.4|4|8
31.9|92.55|1838|392|5.4|5.4|4|8
32|93.02|1108|393|5.4|5.4|5|8
32.1|93.15|1088|392|5.4|5.4|5|8
32.2|93.29|1085|392|5.4|5.4|5|8
32.3|93.37|1085|392|5.4|5.4|5|8
32.4|93.37|1082|392|5.4|5.4|5|8
32.5|93.45|1082|392|5.4|5.4|5|8
32.6|93.3|1082|392|5.4|5.4|5|8
32.7|93.34|1080|392|5.4|5.4|5|8
32.8|93.31|1080|392|5.4|5.4|5|8
32.9|93.35|1080|392|5.4|5.4|5|8
33|93.37|1077|392|5.4|5.4|5|8
33.1|93.39|1077|392|5.4|5.4|5|8
33.2|93.42|1077|392|5.4|5.4|5|8
33.3|93.42|1077|392|5.4|5.4|5|8
33.4|93.3|1077|392|5.4|5.4|5|8
33.5|93.34|1077|392|5.4|5.4|5|8
33.6|93.34|1077|392|5.4|5.4|5|8
33.7|93.34|1077|392|5.4|5.4|5|8
33.8|93.37|1077|392|5.4|5.4|5|8
33.9|93.41|1075|392|5.4|5.4|5|8
34|93.42|1075|392|5.4|5.4|2|8
34.1|93.22|1077|392|5.4|5.4|2|8
34.2|92.79|1075|391|5.4|5.4|2|8
34.3|92.39|1577|392|5.4|5.4|2|8
34.4|91.97|1845|392|5.4|5.4|3|8
34.5|91.84|1869|392|5.4|5.4|3|8
34.6|91.72|1879|392|5.4|5.4|3|8
34.7|91.73|1881|392|5.4|5.4|3|8
34.8|91.72|1887|392|5.4|5.4|3|8
34.9|91.65|1887|392|5.4|5.4|3|8
35|91.65|1889|392|5.4|5.4|3|8
35.1|91.66|1889|392|5.4|5.4|3|8
35.2|91.68|1892|392|5.4|5.4|3|8
35.3|91.66|1892|392|5.4|5.4|3|8
35.4|91.66|1892|392|5.4|5.4|3|8
35.5|91.69|1894|392|5.4|5.4|3|8
35.6|91.69|1894|392|5.4|5.4|3|8
35.7|91.64|1894|392|5.4|5.4|3|8
35.8|91.68|1894|392|5.4|5.4|3|8
35.9|91.65|1894|392|5.4|5.4|3|8
36|91.68|1897|392|5.4|5.4|3|8
36.1|91.69|1897|392|5.4|5.4|3|8
36.2|91.65|1897|392|5.4|5.4|3|8
36.3|91.66|1897|392|5.4|5.4|3|8
36.4|91.69|1897|392|5.4|5.4|4|8
36.5|91.94|1892|392|5.4|5.4|4|8
36.6|92.52|1418|393|5.4|5.4|4|8
36.7|92.76|1093|393|5.4|5.4|2|8
36.8|92.84|1088|392|5.4|5.4|2|8
36.9|92.91|1085|392|5.4|5.4|2|8
37|92.83|1085|392|5.4|5.4|2|8
37.1|92.75|1085|392|5.4|5.4|2|8
37.2|92.64|1082|392|5.4|5.4|2|8
37.3|92.67|1082|392|5.4|5.4|2|8
37.4|92.62|1082|392|5.4|5.4|2|8
37.5|92.59|1082|392|5.4|5.4|2|8
37.6|92.41|1082|392|5.4|5.4|2|8
37.7|92.4|1088|391|5.4|5.4|2|8
37.8|92.33|1106|392|5.4|5.4|2|8
37.9|92.36|1235|392|5.4|5.4|2|8
38|92.2|1289|393|5.4|5.4|2|8
38.1|92.09|1103|392|5.4|5.4|2|8
38.2|92.07|1131|392|5.4|5.4|2|8
38.3|92.05|1211|392|5.4|5.4|2|8
38.4|91.96|1162|392|5.4|5.4|2|8
38.5|91.93|1224|392|5.4|5.4|2|8
38.6|91.85|1523|392|5.4|5.4|2|8
38.7|91.85|1673|392|5.4|5.4|2|8
38.8|91.81|1693|392|5.4|5.4|2|8
38.9|91.98|1312|393|5.4|5.4|2|8
39|92.23|1090|392|5.4|5.4|2|8
39.1|92.29|1085|391|5.4|5.4|2|8
39.2|92.2|1085|391|5.4|5.4|2|8
39.3|92.11|1082|391|5.4|5.4|2|8
39.4|92.08|1082|391|5.4|5.4|2|8
39.5|92.04|1080|391|5.4|5.4|2|8
39.6|91.97|1082|391|5.4|5.4|2|8
39.7|91.93|1090|391|5.4|5.4|2|8
39.8|91.92|1088|391|5.4|5.4|2|8
39.9|91.82|1165|392|5.4|5.4|2|8
40|91.72|1149|392|5.4|5.4|2|8
40.1|91.72|1253|392|5.4|5.4|2|8
40.2|91.56|1206|392|5.4|5.4|2|8
40.3|91.54|1173|392|5.4|5.4|2|8
40.4|91.53|1178|391|5.4|5.4|2|8
40.5|91.47|1263|392|5.4|5.4|2|8
40.6|91.39|1314|392|5.4|5.4|2|8
40.7|91.27|1253|392|5.4|5.4|2|8
40.8|91.19|1255|392|5.4|5.4|2|8
40.9|91.18|1356|392|5.4|5.4|2|8
41|91.02|1423|392|5.4|5.4|2|8
41.1|90.96|1356|392|5.4|5.4|2|8
41.2|90.91|1229|392|5.4|5.4|2|8
41.3|90.88|1291|394|5.4|5.4|2|8
41.4|90.8|1278|393|5.4|5.4|2|8
41.5|90.68|1312|392|5.4|5.4|2|8
41.6|90.62|1263|393|5.4|5.4|2|8
41.7|90.56|1232|393|5.4|5.4|2|8
41.8|90.49|1294|392|5.4|5.4|2|8
41.9|90.41|1320|392|5.4|5.4|2|8
42|90.32|1206|393|5.4|5.4|2|8
42.1|90.25|1265|392|5.4|5.4|2|8
42.2|90.13|1222|392|5.4|5.4|2|8
42.3|90.04|1186|392|5.4|5.4|2|8
42.4|89.94|1250|392|5.4|5.4|2|8
42.5|89.89|1219|392|5.4|5.4|2|8
42.6|89.8|1250|394|5.4|5.4|2|8
42.7|89.73|1345|392|5.4|5.4|2|8
42.8|89.53|1289|392|5.4|5.4|2|8
42.9|89.5|1253|393|5.4|5.4|2|8
43|89.41|1142|393|5.4|5.4|2|8
43.1|89.27|1247|393|5.4|5.4|2|8
43.2|89.17|1235|392|5.4|5.4|2|8
43.3|89.13|1227|392|5.4|5.4|2|8
43.4|89.06|1201|393|5.4|5.4|2|8
43.5|88.9|1258|392|5.4|5.4|2|8
43.6|88.84|1219|392|5.4|5.4|2|8
43.7|88.74|1384|392|5.4|5.4|2|8
43.8|88.59|1302|393|5.4|5.4|2|8
43.9|88.54|1284|393|5.4|5.4|2|8
44|88.4|1250|393|5.4|5.4|2|8
44.1|88.24|1188|392|5.4|5.4|2|8
44.2|88.2|1201|392|5.4|5.4|2|8
44.3|88.07|1240|392|5.4|5.4|2|8
44.4|87.96|1209|393|5.4|5.4|2|8
44.5|87.85|1250|393|5.4|5.4|2|8
44.6|87.65|1173|392|5.4|5.4|2|8
44.7|87.56|1268|393|5.4|5.4|2|8
44.8|87.44|1227|392|5.4|5.4|2|8
44.9|87.35|1304|393|5.4|5.4|2|8
45|87.23|1250|393|5.4|5.4|2|8
45.1|87.03|1273|392|5.4|5.4|2|8
45.2|87.02|1250|392|5.4|5.4|2|8
45.3|86.84|1343|394|5.4|5.4|2|8
45.4|86.68|1188|393|5.4|5.4|2|8
45.5|86.58|1255|393|5.4|5.4|2|8
45.6|86.42|1281|393|5.4|5.4|2|8
45.7|86.25|1242|393|5.4|5.4|2|8
45.8|86.15|1253|394|5.4|5.4|2|8
45.9|86.01|1253|393|5.4|5.4|2|8
46|85.89|1294|394|5.4|5.4|2|8
46.1|85.72|1309|393|5.4|5.4|2|8
46.2|85.54|1250|392|5.4|5.4|2|8
46.3|85.4|1325|392|5.4|5.4|2|8
46.4|85.23|1247|392|5.4|5.4|2|8
46.5|85.06|1284|392|5.4|5.4|2|8
46.6|84.97|1317|392|5.4|5.4|2|8
46.7|84.79|1286|392|5.4|5.4|2|8
46.8|84.59|1191|392|5.4|5.4|2|8
46.9|84.4|1260|392|5.4|5.4|2|8
47|84.21|1268|392|5.4|5.4|2|8
47.1|84.12|1312|392|5.4|5.4|2|8
47.2|83.89|1361|394|5.4|5.4|2|8
47.3|83.73|1332|393|5.4|5.4|2|8
47.4|83.6|1374|394|5.4|5.4|2|8
47.5|83.41|1392|392|5.4|5.4|2|8
47.6|83.18|1302|393|5.4|5.4|2|8
47.7|83.05|1309|392|5.4|5.4|2|8
47.8|82.81|1392|394|5.4|5.4|2|8
47.9|82.7|1206|393|5.4|5.4|2|8
48|82.46|1284|392|5.4|5.4|2|8
48.1|82|1624|394|5.4|5.4|6|8
48.2|79.87|1938|394|5.4|5.4|6|8
48.3|77.22|497|394|5.4|5.4|6|8
48.4|74.69|0|391|5.4|5.4|7|8
48.5|72.94|0|390|5.4|5.4|7|8
48.6|72.22|0|389|5.4|5.4|7|8
48.7|71.84|0|388|5.4|5.4|7|8
48.8|71.64|0|388|5.4|5.4|7|8
48.9|71.55|0|388|5.4|5.4|7|8
49|71.57|0|388|5.4|5.4|7|8
49.1|71.47|0|388|5.4|5.4|7|8
49.2|71.43|0|388|5.4|5.4|7|8
49.3|71.51|0|388|5.4|5.4|7|8
49.4|71.49|0|388|5.4|5.4|7|8
49.5|71.47|0|388|5.4|5.4|7|8
49.6|71.44|0|388|5.4|5.4|7|8
49.7|71.53|0|388|5.4|5.4|7|8
49.8|71.45|0|388|5.4|5.4|7|8
49.9|71.43|0|388|5.4|5.4|7|8
50|71.49|0|388|5.4|5.4|7|8
50.1|71.45|0|388|5.4|5.4|7|8
50.2|71.43|0|388|5.4|5.4|7|8
50.3|71.48|0|388|5.4|5.4|7|8
50.4|71.47|0|388|5.4|5.4|7|8
50.5|71.44|0|388|5.4|5.4|7|8
50.6|71.48|0|388|5.4|5.4|7|8
50.7|71.48|0|388|5.4|5.4|7|8
50.8|71.43|0|388|5.4|5.4|7|8
50.9|71.47|0|388|5.4|5.4|7|8
51|71.48|0|388|5.4|5.4|7|8
51.1|71.44|0|388|5.4|5.4|7|8
51.2|71.44|0|388|5.4|5.4|7|8
51.3|71.49|0|388|5.4|5.4|7|8
51.4|71.45|0|388|5.4|5.4|7|8
51.5|71.43|0|388|5.4|5.4|7|8
51.6|71.44|0|388|5.4|5.4|7|8
51.7|71.44|0|388|5.4|5.4|7|8
51.8|71.44|0|388|5.4|5.4|7|8
51.9|71.45|0|388|5.4|5.4|7|8
52|71.47|0|388|5.4|5.4|7|8
52.1|71.43|0|388|5.4|5.4|7|8
52.2|71.41|0|388|5.4|5.4|7|8
52.3|71.43|0|388|5.4|5.4|7|8
52.4|71.47|0|388|5.4|5.4|7|8
52.5|71.45|0|388|5.4|5.4|7|8
52.6|71.43|0|388|5.4|5.4|7|8
52.7|71.41|0|388|5.4|5.4|7|8
52.8|71.49|0|388|5.4|5.4|7|8
52.9|71.43|0|388|5.4|5.4|7|8
53|71.43|0|388|5.4|5.4|7|8
53.1|71.45|0|388|5.4|5.4|7|8
53.2|71.47|0|388|5.4|5.4|7|8
53.3|71.43|0|388|5.4|5.4|7|8
53.4|71.44|0|388|5.4|5.4|7|8
53.5|71.44|0|388|5.4|5.4|7|8
53.6|71.44|0|388|5.4|5.4|7|8
53.7|71.44|0|388|5.4|5.4|7|8
53.8|71.45|0|388|5.4|5.4|7|8
53.9|71.43|0|388|5.4|5.4|7|8
54|71.43|0|388|5.4|5.4|7|8
54.1|71.43|0|388|5.4|5.4|7|8
54.2|71.4|0|386|5.4|5.4|7|8
54.3|71.47|0|386|5.4|5.4|7|8
54.4|71.44|0|386|5.4|5.4|7|8
54.5|71.43|0|386|5.4|5.4|7|8
54.6|71.43|0|386|5.4|5.4|7|8
54.7|71.43|0|386|5.4|5.4|7|8
54.8|71.44|0|386|5.4|5.4|7|8
54.9|71.44|0|386|5.4|5.4|7|8
55|71.43|0|386|5.4|5.4|7|8
55.1|71.43|0|386|5.4|5.4|7|8
55.2|71.43|0|387|5.4|5.4|7|8
55.3|71.43|0|387|5.4|5.4|7|8
55.4|71.43|0|387|5.4|5.4|7|8
55.5|71.44|0|387|5.4|5.4|7|8
55.6|71.47|0|388|5.4|5.4|7|8
55.7|71.44|0|388|5.4|5.4|7|8
55.8|71.44|0|388|5.4|5.4|7|8
55.9|71.41|0|388|5.4|5.4|7|8
56|71.4|0|388|5.4|5.4|7|8
56.1|71.43|0|388|5.4|5.4|7|8
56.2|71.43|0|388|5.4|5.4|7|8
56.3|71.43|0|388|5.4|5.4|7|8
56.4|71.43|0|388|5.4|5.4|7|8
56.5|71.44|0|388|5.4|5.4|7|8
56.6|71.45|0|388|5.4|5.4|7|8
56.7|71.41|0|388|5.4|5.4|7|8
56.8|71.4|0|388|5.4|5.4|7|8
56.9|71.43|0|388|5.4|5.4|7|8
57|71.44|0|388|5.4|5.4|7|8
57.1|71.41|0|388|5.4|5.4|7|8
57.2|71.41|0|388|5.4|5.4|7|8
57.3|71.41|0|388|5.4|5.4|7|8
57.4|71.43|0|388|5.4|5.4|7|8
57.5|71.43|0|388|5.4|5.4|7|8
57.6|71.43|0|388|5.4|5.4|7|8
57.7|71.43|0|388|5.4|5.4|7|8
57.8|71.44|0|388|5.4|5.4|7|8
57.9|71.45|0|388|5.4|5.4|7|8
58|71.47|0|388|5.4|5.4|7|8
58.1|71.43|0|388|5.4|5.4|7|8
58.2|71.44|0|388|5.4|5.4|7|8
58.3|71.44|0|388|5.4|5.4|7|8
58.4|71.44|0|388|5.4|5.4|7|8
58.5|71.45|0|388|5.4|5.4|7|8
58.6|71.47|0|388|5.4|5.4|7|8
58.7|71.48|0|388|5.4|5.4|7|8
58.8|71.43|0|388|5.4|5.4|7|8
58.9|71.4|0|388|5.4|5.4|7|8
59|71.45|0|388|5.4|5.4|7|8
59.1|71.47|0|388|5.4|5.4|7|8
59.2|71.41|0|388|5.4|5.4|7|8
59.3|71.41|0|388|5.4|5.4|7|8
59.4|71.41|0|388|5.4|5.4|7|8
59.5|71.41|0|388|5.4|5.4|7|8
59.6|71.41|0|388|5.4|5.4|7|8
59.7|71.37|0|388|5.4|5.4|7|8
59.8|71.4|0|388|5.4|5.4|7|8
59.9|71.41|0|388|5.4|5.4|7|8
60|71.44|0|388|5.4|5.4|7|8
60.1|71.44|0|388|5.4|5.4|7|8
60.2|71.43|0|388|5.4|5.4|7|8
60.3|71.41|0|388|5.4|5.4|7|8
60.4|71.41|0|388|5.4|5.4|7|8
60.5|71.43|0|388|5.4|5.4|7|8
60.6|71.43|0|388|5.4|5.4|7|8
60.7|71.41|0|388|5.4|5.4|7|8
60.8|71.41|0|388|5.4|5.4|7|8
60.9|71.44|0|388|5.4|5.4|7|8
61|71.43|0|388|5.4|5.4|7|8
61.1|71.43|0|388|5.4|5.4|7|8
61.2|71.41|0|388|5.4|5.4|7|8
61.3|71.43|0|388|5.4|5.4|7|8
61.4|71.43|0|388|5.4|5.4|8|8
61.5|71.33|0|388|5.4|5.4|8|8
61.6|71.26|0|388|5.4|5.4|8|8
61.7|71.36|0|388|5.4|5.4|8|8
61.8|71.36|0|388|5.4|5.4|8|8
61.9|71.36|0|388|5.4|5.4|8|8
62|71.34|0|388|5.4|5.4|8|8
62.1|71.33|0|388|5.4|5.4|8|8
62.2|71.34|0|388|5.4|5.4|8|8
62.3|71.38|0|388|5.4|5.4|8|8
62.4|71.36|0|388|5.3|5.3|8|8
62.5|71.41|0|388|5.3|5.3|8|8
62.6|71.32|0|388|5.3|5.3|8|8
62.7|71.34|0|388|5.3|5.3|8|8
62.8|71.37|0|388|5.3|5.3|8|8
62.9|71.38|0|388|5.2|5.2|8|8
63|71.36|0|388|5.2|5.2|8|8
63.1|71.37|0|388|5.2|5.2|8|8
63.2|71.36|0|388|5.2|5.2|8|8
63.3|71.37|0|388|5.2|5.2|8|8
63.4|72.77|0|388|5.2|5.2|8|8
63.5|75.83|0|388|5.2|5.2|8|8
63.6|78.83|0|388|5.2|5.2|8|8
63.7|81.81|0|388|5.2|5.2|8|8
63.8|84.79|0|388|5.2|5.2|8|8
63.9|87.7|0|388|5.2|5.2|8|8
64|90.63|0|388|5.2|5.2|8|8
64.1|93.51|0|388|5.2|5.2|8|8
64.2|95.02|0|388|5.2|5.2|8|8
64.3|95.65|0|388|5.2|5.2|8|8
