0|96.09|905|398|5|5|1|8
0.1|96.08|1018|400|5|5|1|8
0.2|96.08|1023|400|5.1|5|1|8
0.3|96.06|1028|400|5.1|5.1|1|8
0.4|96.05|1028|400|5.1|5.1|1|8
0.5|96.05|1031|400|5.1|5.1|2|8
0.6|95.77|1031|400|5.1|5.1|2|8
0.7|95.37|1057|400|5.1|5.1|2|8
0.8|94.91|1397|401|5.1|5.1|2|8
0.9|94.53|1644|402|5.1|5.1|3|8
1|94.35|1683|403|5.1|5.1|3|8
1.1|94.19|1696|403|5.1|5.1|3|8
1.2|94.06|1709|404|5.1|5.1|3|8
1.3|94.04|1714|404|5.1|5.1|3|8
1.4|94.05|1716|404|5.1|5.1|3|8
1.5|94.02|1719|404|5.1|5.1|3|8
1.6|93.98|1722|404|5.1|5.1|3|8
1.7|94.01|1724|404|5.1|5.1|3|8
1.8|94.04|1727|404|5.1|5.1|3|8
1.9|94.04|1729|404|5.1|5.1|3|8
2|94.01|1732|404|5.1|5.1|3|8
2.1|94.04|1735|404|5.1|5.1|3|8
2.2|94.01|1737|404|5.1|5.1|3|8
2.3|94.02|1735|404|5.1|5.1|3|8
2.4|94.01|1735|403|5.1|5.1|3|8
2.5|94.01|1737|403|5.1|5.1|3|8
2.6|94.04|1737|403|5.1|5.1|3|8
2.7|94|1740|403|5.1|5.1|3|8
2.8|94.02|1740|404|5.1|5.1|3|8
2.9|94.02|1740|403|5.1|5.1|4|8
3|94.27|1735|403|5.1|5.1|4|8
3.1|94.61|1642|403|5.1|5.1|4|8
3.2|95.1|1183|402|5.1|5.1|5|8
3.3|95.41|1064|401|5.1|5.1|5|8
3.4|95.54|1062|400|5.1|5.1|5|8
3.5|95.62|1059|400|5.1|5.1|5|8
3.6|95.65|1059|400|5.1|5.1|5|8
3.7|95.63|1059|400|5.1|5.1|5|8
3.8|95.66|1057|400|5.1|5.1|5|8
3.9|95.68|1057|400|5.1|5.1|5|8
4|95.68|1057|400|5.1|5.1|5|8
4.1|95.66|1057|400|5.1|5.1|5|8
4.2|95.65|1057|400|5.1|5.1|5|8
4.3|95.61|1059|400|5.1|5.1|5|8
4.4|95.63|1057|400|5.1|5.1|5|8
4.5|95.65|1057|400|5.1|5.1|5|8
4.6|95.66|1057|400|5.1|5.1|5|8
4.7|95.68|1057|400|5.1|5.1|5|8
4.8|95.68|1057|400|5.1|5.1|5|8
4.9|95.66|1057|400|5.1|5.1|5|8
5|95.63|1057|400|5.1|5.1|5|8
5.1|95.59|1059|400|5.1|5.1|5|8
5.2|95.65|1059|400|5.1|5.1|2|8
5.3|95.57|1057|400|5.1|5.1|2|8
5.4|95.23|1057|400|5.1|5.1|2|8
5.5|94.8|1059|400|5.1|5.1|2|8
5.6|94.43|1485|400|5.1|5.1|2|8
5.7|93.98|1704|401|5.1|5.1|3|8
5.8|93.84|1732|402|5.1|5.1|3|8
5.9|93.66|1742|402|5.1|5.1|3|8
6|93.65|1747|402|5.1|5.1|3|8
6.1|93.55|1753|402|5.1|5.1|3|8
6.2|93.55|1755|402|5.1|5.1|3|8
6.3|93.6|1758|403|5.1|5.1|3|8
6.4|93.57|1760|403|5.1|5.1|3|8
6.5|93.57|1763|403|5.1|5.1|3|8
6.6|93.57|1765|403|5.1|5.1|3|8
6.7|93.54|1768|402|5.1|5.1|3|8
6.8|93.6|1768|402|5.1|5.1|3|8
6.9|93.6|1771|402|5.1|5.1|3|8
7|93.58|1771|402|5.1|5.1|3|8
7.1|93.58|1771|402|5.1|5.1|3|8
7.2|93.58|1773|402|5.1|5.1|3|8
7.3|93.57|1773|403|5.1|5.1|3|8
7.4|93.55|1773|403|5.1|5.1|3|8
7.5|93.58|1773|403|5.1|5.1|3|8
7.6|93.58|1776|403|5.1|5.1|3|8
7.7|93.61|1776|403|5.1|5.1|4|8
7.8|93.85|1773|402|5.1|5.1|4|8
7.9|94.32|1673|402|5.1|5.1|4|8
8|94.72|1101|401|5.1|5.1|5|8
8.1|94.96|1075|400|5.1|5.1|5|8
8.2|95.08|1070|400|5.1|5.1|5|8
8.3|95.08|1070|400|5.1|5.1|5|8
8.4|95.14|1070|400|5.1|5.1|5|8
8.5|95.15|1067|400|5.1|5.1|5|8
8.6|95.18|1067|400|5.1|5.1|5|8
8.7|95.17|1067|400|5.1|5.1|5|8
8.8|95.18|1067|400|5.1|5.1|5|8
8.9|95.14|1067|400|5.1|5.1|5|8
9|95.1|1064|400|5.1|5.1|5|8
9.1|95.14|1064|400|5.1|5.1|5|8
9.2|95.15|1064|400|5.1|5.1|5|8
9.3|95.14|1067|400|5.1|5.1|5|8
9.4|95.15|1064|400|5.1|5.1|5|8
9.5|95.17|1067|400|5.1|5.1|5|8
9.6|95.17|1064|400|5.1|5.1|5|8
9.7|95.23|1064|400|5.1|5.1|5|8
9.8|95.17|1064|400|5.1|5.1|5|8
9.9|95.17|1064|400|5.1|5.1|5|8
10|95.14|1064|400|5.1|5.1|2|8
10.1|94.98|1064|400|5.1|5.1|2|8
10.2|94.61|1064|400|5.1|5.1|2|8
10.3|94.2|1191|400|5.1|5.1|2|8
10.4|93.77|1701|400|5.1|5.1|3|8
10.5|93.58|1760|401|5.1|5.1|3|8
10.6|93.45|1773|401|5.1|5.1|3|8
10.7|93.35|1781|401|5.1|5.1|3|8
10.8|93.29|1802|396|5.1|5.1|3|8
10.9|93.23|1807|394|5.1|5.1|3|8
11|93.31|1809|394|5.1|5.1|3|8
11.1|93.31|1809|393|5.1|5.1|3|8
11.2|93.25|1812|393|5.1|5.1|3|8
11.3|93.31|1814|393|5.1|5.1|3|8
11.4|93.29|1814|393|5.1|5.1|3|8
11.5|93.25|1817|394|5.1|5.1|3|8
11.6|93.27|1820|393|5.1|5.1|3|8
11.7|93.27|1820|393|5.1|5.1|3|8
11.8|93.27|1820|394|5.1|5.1|3|8
11.9|93.3|1822|394|5.1|5.1|3|8
12|93.27|1822|393|5.1|5.1|3|8
12.1|93.26|1822|393|5.1|5.1|3|8
12.2|93.33|1822|394|5.1|5.1|3|8
12.3|93.26|1825|394|5.1|5.1|3|8
12.4|93.29|1822|394|5.1|5.1|4|8
12.5|93.47|1822|394|5.1|5.1|4|8
12.6|93.81|1755|394|5.1|5.1|4|8
12.7|94.35|1160|394|5.1|5.1|5|8
12.8|94.66|1090|394|5.1|5.1|5|8
12.9|94.72|1088|393|5.1|5.1|5|8
13|94.84|1085|393|5.1|5.1|5|8
13.1|94.86|1082|393|5.1|5.1|5|8
13.2|94.91|1082|393|5.1|5.1|5|8
13.3|94.8|1082|394|5.1|5.1|5|8
13.4|94.86|1082|394|5.1|5.1|5|8
13.5|94.84|1082|394|5.1|5.1|5|8
13.6|94.84|1082|394|5.1|5.1|5|8
13.7|94.84|1080|394|5.1|5.1|5|8
13.8|94.86|1080|394|5.1|5.1|5|8
13.9|94.86|1080|394|5.1|5.1|5|8
14|94.84|1080|394|5.1|5.1|5|8
14.1|94.84|1080|393|5.1|5.1|5|8
14.2|94.84|1080|393|5.1|5.1|5|8
14.3|94.84|1080|393|5.1|5.1|5|8
14.4|94.86|1080|393|5.1|5.1|5|8
14.5|94.86|1082|393|5.1|5.1|5|8
14.6|94.84|1082|394|5.1|5.1|5|8
14.7|94.86|1082|394|5.1|5.1|2|8
14.8|94.76|1077|394|5.1|5.1|2|8
14.9|94.45|1077|394|5.1|5.1|2|8
15|94|1119|394|5.1|5.1|2|8
15.1|93.6|1688|394|5.1|5.1|3|8
15.2|93.26|1789|394|5.1|5.1|3|8
15.3|93.17|1807|394|5.1|5.1|3|8
15.4|92.99|1814|394|5.1|5.1|3|8
15.5|92.96|1820|394|5.1|5.1|3|8
15.6|92.99|1822|394|5.1|5.1|3|8
15.7|93|1825|394|5.1|5.1|3|8
15.8|92.98|1827|394|5.1|5.1|3|8
15.9|93|1830|394|5.1|5.1|3|8
16|92.99|1830|394|5.1|5.1|3|8
16.1|93|1832|394|5.1|5.1|3|8
16.2|93|1832|394|5.1|5.1|3|8
16.3|92.98|1832|394|5.1|5.1|3|8
16.4|93|1832|394|5.1|5.1|3|8
16.5|93|1835|394|5.1|5.1|3|8
16.6|92.98|1835|394|5.1|5.1|3|8
16.7|93|1835|394|5.1|5.1|3|8
16.8|92.98|1838|394|5.1|5.1|3|8
16.9|92.98|1835|394|5.1|5.1|3|8
17|92.98|1838|394|5.1|5.1|3|8
17.1|92.98|1838|394|5.1|5.1|4|8
17.2|93.13|1838|394|5.1|5.1|4|8
17.3|93.43|1830|394|5.1|5.1|4|8
17.4|93.86|1492|394|5.1|5.1|4|8
17.5|94.35|1101|394|5.1|5.1|5|8
17.6|94.44|1093|394|5.1|5.1|5|8
17.7|94.49|1088|394|5.1|5.1|5|8
17.8|94.55|1088|393|5.1|5.1|5|8
17.9|94.63|1088|393|5.1|5.1|5|8
18|94.59|1088|394|5.1|5.1|5|8
18.1|94.59|1085|394|5.1|5.1|5|8
18.2|94.6|1085|394|5.1|5.1|5|8
18.3|94.6|1085|394|5.1|5.1|5|8
18.4|94.6|1085|394|5.1|5.1|5|8
18.5|94.6|1085|394|5.1|5.1|5|8
18.6|94.6|1082|394|5.1|5.1|5|8
18.7|94.6|1082|394|5.1|5.1|5|8
18.8|94.6|1082|394|5.1|5.1|5|8
18.9|94.6|1082|394|5.1|5.1|5|8
19|94.6|1082|394|5.1|5.1|5|8
19.1|94.61|1082|394|5.1|5.1|5|8
19.2|94.6|1082|394|5.1|5.1|5|8
19.3|94.6|1082|394|5.1|5.1|5|8
19.4|94.6|1080|394|5.1|5.1|5|8
19.5|94.61|1080|394|5.1|5.1|2|8
19.6|94.4|1080|394|5.1|5.1|2|8
19.7|93.92|1080|394|5.1|5.1|2|8
19.8|93.5|1544|394|5.1|5.1|2|8
19.9|93.17|1784|394|5.1|5.1|3|8
20|93.04|1812|394|5.1|5.1|3|8
20.1|92.95|1825|394|5.1|5.1|3|8
20.2|92.9|1830|394|5.1|5.1|3|8
20.3|92.78|1835|394|5.1|5.1|3|8
20.4|92.76|1835|394|5.1|5.1|3|8
20.5|92.82|1838|394|5.1|5.1|3|8
20.6|92.82|1838|394|5.1|5.1|3|8
20.7|92.8|1840|394|5.1|5.1|3|8
20.8|92.8|1840|394|5.1|5.1|3|8
20.9|92.82|1843|394|5.1|5.1|3|8
21|92.83|1843|394|5.1|5.1|3|8
21.1|92.8|1845|394|5.1|5.1|3|8
21.2|92.82|1843|394|5.1|5.1|3|8
21.3|92.78|1845|394|5.1|5.1|3|8
21.4|92.78|1845|394|5.1|5.1|3|8
21.5|92.79|1845|394|5.1|5.1|3|8
21.6|92.8|1848|394|5.1|5.1|3|8
21.7|92.8|1848|394|5.1|5.1|3|8
21.8|92.83|1848|394|5.1|5.1|3|8
21.9|92.8|1848|394|5.1|5.1|4|8
22|93.06|1843|394|5.1|5.1|4|8
22.1|93.51|1657|394|5.1|5.1|4|8
22.2|93.94|1103|394|5.1|5.1|5|8
22.3|94.21|1093|394|5.1|5.1|5|8
22.4|94.21|1090|394|5.1|5.1|5|8
22.5|94.29|1090|394|5.1|5.1|5|8
22.6|94.31|1088|394|5.1|5.1|5|8
22.7|94.32|1085|394|5.1|5.1|5|8
22.8|94.29|1085|394|5.1|5.1|5|8
22.9|94.27|1085|394|5.1|5.1|5|8
23|94.29|1085|394|5.1|5.1|5|8
23.1|94.29|1085|394|5.1|5.1|5|8
23.2|94.31|1085|394|5.1|5.1|5|8
23.3|94.31|1082|394|5.1|5.1|5|8
23.4|94.33|1082|394|5.1|5.1|5|8
23.5|94.31|1082|394|5.1|5.1|5|8
23.6|94.31|1082|394|5.1|5.1|5|8
23.7|94.28|1082|394|5.1|5.1|5|8
23.8|94.27|1082|394|5.1|5.1|5|8
23.9|94.29|1082|394|5.1|5.1|5|8
24|94.29|1080|394|5.1|5.1|5|8
24.1|94.29|1080|394|5.1|5.1|5|8
24.2|94.32|1080|394|5.1|5.1|2|8
24.3|94|1080|394|5.1|5.1|2|8
24.4|93.65|1080|394|5.1|5.1|2|8
24.5|93.21|1644|394|5.1|5.1|3|8
24.6|92.96|1794|394|5.1|5.1|3|8
24.7|92.8|1814|394|5.1|5.1|3|8
24.8|92.72|1825|394|5.1|5.1|3|8
24.9|92.67|1830|394|5.1|5.1|3|8
25|92.64|1835|394|5.1|5.1|3|8
25.1|92.66|1838|394|5.1|5.1|3|8
25.2|92.7|1840|394|5.1|5.1|3|8
25.3|92.64|1843|394|5.1|5.1|3|8
25.4|92.59|1845|394|5.1|5.1|3|8
25.5|92.67|1848|394|5.1|5.1|3|8
25.6|92.67|1848|394|5.1|5.1|3|8
25.7|92.6|1848|394|5.1|5.1|3|8
25.8|92.67|1851|394|5.1|5.1|3|8
25.9|92.67|1851|394|5.1|5.1|3|8
26|92.59|1851|394|5.1|5.1|3|8
26.1|92.68|1853|394|5.1|5.1|3|8
26.2|92.64|1853|394|5.1|5.1|3|8
26.3|92.63|1853|394|5.1|5.1|3|8
26.4|92.66|1853|394|5.1|5.1|3|8
26.5|92.7|1853|394|5.1|5.1|4|8
26.6|92.71|1853|394|5.1|5.1|4|8
26.7|92.95|1848|394|5.1|5.1|4|8
26.8|93.46|1668|394|5.1|5.1|4|8
26.9|93.89|1106|394|5.1|5.1|5|8
27|94.15|1093|394|5.1|5.1|5|8
27.1|94.21|1090|394|5.1|5.1|5|8
27.2|94.23|1088|393|5.1|5.1|5|8
27.3|94.24|1085|393|5.1|5.1|5|8
27.4|94.24|1085|393|5.1|5.1|5|8
27.5|94.24|1082|393|5.1|5.1|5|8
27.6|94.21|1080|393|5.1|5.1|5|8
27.7|94.2|1082|393|5.1|5.1|5|8
27.8|94.24|1080|393|5.1|5.1|5|8
27.9|94.25|1080|393|5.1|5.1|5|8
28|94.25|1080|393|5.1|5.1|5|8
28.1|94.25|1080|393|5.1|5.1|5|8
28.2|94.27|1080|393|5.1|5.1|5|8
28.3|94.32|1077|393|5.1|5.1|5|8
28.4|94.27|1080|393|5.1|5.1|5|8
28.5|94.29|1080|394|5.1|5.1|5|8
28.6|94.27|1077|394|5.1|5.1|5|8
28.7|94.28|1077|394|5.1|5.1|5|8
28.8|94.24|1077|394|5.1|5.1|5|8
28.9|94.24|1077|394|5.1|5.1|2|8
29|93.97|1077|394|5.1|5.1|2|8
29.1|93.6|1080|394|5.1|5.1|2|8
29.2|93.18|1631|393|5.1|5.1|3|8
29.3|92.9|1789|394|5.1|5.1|3|8
29.4|92.75|1814|394|5.1|5.1|3|8
29.5|92.67|1825|394|5.1|5.1|3|8
29.6|92.67|1835|394|5.1|5.1|3|8
29.7|92.63|1840|394|5.1|5.1|3|8
29.8|92.7|1843|394|5.1|5.1|3|8
29.9|92.6|1845|394|5.1|5.1|3|8
30|92.6|1851|394|5.1|5.1|3|8
30.1|92.58|1853|394|5.1|5.1|3|8
30.2|92.58|1853|394|5.1|5.1|3|8
30.3|92.62|1856|394|5.1|5.1|3|8
30.4|92.6|1858|394|5.1|5.1|3|8
30.5|92.56|1858|394|5.1|5.1|3|8
30.6|92.6|1858|394|5.1|5.1|3|8
30.7|92.62|1858|394|5.1|5.1|3|8
30.8|92.56|1858|394|5.1|5.1|3|8
30.9|92.62|1861|394|5.1|5.1|3|8
31|92.64|1858|394|5.1|5.1|3|8
31.1|92.59|1861|394|5.1|5.1|3|8
31.2|92.59|1861|394|5.1|5.1|4|8
31.3|92.62|1861|394|5.1|5.1|4|8
31.4|92.92|1853|394|5.1|5.1|4|8
31.5|93.42|1552|394|5.1|5.1|4|8
31.6|93.86|1095|394|5.1|5.1|5|8
31.7|94.02|1088|393|5.1|5.1|5|8
31.8|94.1|1085|393|5.1|5.1|5|8
31.9|94.12|1082|393|5.1|5.1|5|8
32|94.15|1082|394|5.1|5.1|5|8
32.1|94.15|1082|393|5.1|5.1|5|8
32.2|94.13|1080|393|5.1|5.1|5|8
32.3|94.15|1077|393|5.1|5.1|5|8
32.4|94.15|1077|393|5.1|5.1|5|8
32.5|94.15|1077|393|5.1|5.1|5|8
32.6|94.16|1077|393|5.1|5.1|5|8
32.7|94.17|1075|393|5.1|5.1|5|8
32.8|94.17|1075|393|5.1|5.1|5|8
32.9|94.17|1075|393|5.1|5.1|5|8
33|94.15|1075|392|5.1|5.1|5|8
33.1|94.12|1072|393|5.1|5.1|5|8
33.2|94.12|1072|392|5.1|5.1|5|8
33.3|94.13|1072|393|5.1|5.1|5|8
33.4|94.15|1072|393|5.1|5.1|5|8
33.5|94.16|1075|393|5.1|5.1|5|8
33.6|94.16|1075|393|5.1|5.1|2|8
33.7|93.88|1075|393|5.1|5.1|2|8
33.8|93.51|1075|393|5.1|5.1|2|8
33.9|93.04|1660|393|5.1|5.1|3|8
34|92.75|1799|394|5.1|5.1|3|8
34.1|92.7|1825|394|5.1|5.1|3|8
34.2|92.62|1838|394|5.1|5.1|3|8
34.3|92.48|1843|394|5.1|5.1|3|8
34.4|92.47|1848|394|5.1|5.1|3|8
34.5|92.45|1851|394|5.1|5.1|3|8
34.6|92.44|1853|394|5.1|5.1|3|8
34.7|92.43|1856|394|5.1|5.1|3|8
34.8|92.47|1858|394|5.1|5.1|3|8
34.9|92.47|1863|394|5.1|5.1|3|8
35|92.45|1863|394|5.1|5.1|3|8
35.1|92.44|1863|394|5.1|5.1|3|8
35.2|92.45|1863|394|5.1|5.1|3|8
35.3|92.44|1866|394|5.1|5.1|3|8
35.4|92.45|1866|394|5.1|5.1|3|8
35.5|92.44|1866|394|5.1|5.1|3|8
35.6|92.44|1866|394|5.1|5.1|3|8
35.7|92.45|1866|394|5.1|5.1|3|8
35.8|92.45|1866|394|5.1|5.1|3|8
35.9|92.45|1869|394|5.1|5.1|4|8
36|92.56|1869|394|5.1|5.1|4|8
36.1|92.74|1863|394|5.1|5.1|4|8
36.2|93.23|1678|394|5.1|5.1|4|8
36.3|93.6|1101|394|5.1|5.1|2|8
36.4|93.73|1088|393|5.1|5.1|2|8
36.5|93.74|1085|393|5.1|5.1|2|8
36.6|93.64|1082|393|5.1|5.1|2|8
36.7|93.66|1082|393|5.1|5.1|2|8
36.8|93.57|1080|393|5.1|5.1|2|8
36.9|93.57|1080|394|5.1|5.1|2|8
37|93.43|1077|394|5.1|5.1|2|8
37.1|93.42|1077|394|5.1|5.1|2|8
37.2|93.35|1077|393|5.1|5.1|2|8
37.3|93.22|1077|394|5.1|5.1|2|8
37.4|93.14|1077|394|5.1|5.1|2|8
37.5|93.19|1080|394|5.1|5.1|2|8
37.6|93.17|1119|394|5.1|5.1|2|8
37.7|93|1116|394|5.1|5.1|2|8
37.8|93.03|1518|394|5.1|5.1|2|8
37.9|92.94|1698|394|5.1|5.1|2|8
38|92.96|1732|394|5.1|5.1|2|8
38.1|93.13|1662|394|5.1|5.1|2|8
38.2|93.38|1106|394|5.1|5.1|2|8
38.3|93.43|1077|394|5.1|5.1|2|8
38.4|93.5|1075|394|5.1|5.1|2|8
38.5|93.43|1075|394|5.1|5.1|2|8
38.6|93.35|1075|394|5.1|5.1|2|8
38.7|93.3|1072|394|5.1|5.1|2|8
38.8|93.19|1072|394|5.1|5.1|2|8
38.9|93.14|1072|394|5.1|5.1|2|8
39|93.23|1072|394|5.1|5.1|2|8
39.1|93.14|1351|394|5.1|5.1|2|8
39.2|93.03|1526|394|5.1|5.1|2|8
39.3|92.99|1464|394|5.1|5.1|2|8
39.4|93.09|1080|394|5.1|5.1|2|8
39.5|93.03|1072|394|5.1|5.1|2|8
39.6|92.99|1072|394|5.1|5.1|2|8
39.7|93.04|1438|394|5.1|5.1|2|8
39.8|92.95|1714|394|5.1|5.1|2|8
39.9|92.95|1735|394|5.1|5.1|2|8
40|93.14|1673|394|5.1|5.1|2|8
40.1|93.35|1093|394|5.1|5.1|2|8
40.2|93.35|1077|394|5.1|5.1|2|8
40.3|93.39|1075|394|5.1|5.1|2|8
40.4|93.43|1075|394|5.1|5.1|2|8
40.5|93.34|1075|394|5.1|5.1|2|8
40.6|93.22|1072|394|5.1|5.1|2|8
40.7|93.15|1070|394|5.1|5.1|2|8
40.8|93.18|1072|394|5.1|5.1|2|8
40.9|93.17|1152|394|5.1|5.1|2|8
41|93|1242|394|5.1|5.1|2|8
41.1|93.03|1389|394|5.1|5.1|2|8
41.2|92.94|1698|394|5.1|5.1|2|8
41.3|92.98|1714|394|5.1|5.1|2|8
41.4|93.11|1668|394|5.1|5.1|2|8
41.5|93.33|1191|394|5.1|5.1|2|8
41.6|93.39|1077|394|5.1|5.1|2|8
41.7|93.43|1075|394|5.1|5.1|2|8
41.8|93.43|1075|394|5.1|5.1|2|8
41.9|93.41|1072|394|5.1|5.1|2|8
42|93.37|1072|394|5.1|5.1|2|8
42.1|93.21|1072|394|5.1|5.1|2|8
42.2|93.14|1072|394|5.1|5.1|2|8
42.3|93.22|1072|394|5.1|5.1|2|8
42.4|93.15|1168|394|5.1|5.1|2|8
42.5|93.02|1191|394|5.1|5.1|2|8
42.6|93|1265|394|5.1|5.1|2|8
42.7|92.91|1601|394|5.1|5.1|2|8
42.8|92.87|1652|394|5.1|5.1|2|8
42.9|92.96|1649|394|5.1|5.1|2|8
43|93.14|1557|394|5.1|5.1|2|8
43.1|93.37|1082|394|5.1|5.1|2|8
43.2|93.39|1075|394|5.1|5.1|2|8
43.3|93.43|1072|394|5.1|5.1|2|8
43.4|93.37|1072|394|5.1|5.1|2|8
43.5|93.31|1072|394|5.1|5.1|2|8
43.6|93.18|1070|394|5.1|5.1|2|8
43.7|93.14|1070|394|5.1|5.1|2|8
43.8|93.23|1072|394|5.1|5.1|2|8
43.9|93.15|1098|394|5.1|5.1|2|8
44|93.03|1090|394|5.1|5.1|2|8
44.1|92.99|1178|394|5.1|5.1|2|8
44.2|92.95|1299|394|5.1|5.1|2|8
44.3|92.87|1281|394|5.1|5.1|2|8
44.4|92.79|1247|394|5.1|5.1|2|8
44.5|92.68|1284|394|5.1|5.1|2|8
44.6|92.68|1276|394|5.1|5.1|2|8
44.7|92.63|1348|394|5.1|5.1|2|8
44.8|92.51|1397|394|5.1|5.1|2|8
44.9|92.43|1485|394|5.1|5.1|2|8
45|92.4|1302|394|5.1|5.1|2|8
45.1|92.37|1291|394|5.1|5.1|2|8
45.2|92.21|1302|394|5.1|5.1|2|8
45.3|92.17|1268|394|5.1|5.1|2|8
45.4|92.12|1281|394|5.1|5.1|2|8
45.5|92.02|1286|394|5.1|5.1|2|8
45.6|91.97|1327|394|5.1|5.1|2|8
45.7|91.93|1214|394|5.1|5.1|2|8
45.8|91.86|1345|395|5.1|5.1|2|8
45.9|91.76|1289|394|5.1|5.1|2|8
46|91.62|1162|394|5.1|5.1|2|8
46.1|91.53|1314|394|5.1|5.1|2|8
46.2|91.49|1152|394|5.1|5.1|2|8
46.3|91.47|1250|394|5.1|5.1|2|8
46.4|91.41|1314|394|5.1|5.1|2|8
46.5|91.27|1294|394|5.1|5.1|2|8
46.6|91.25|1268|394|5.1|5.1|2|8
46.7|91.07|1152|394|5.1|5.1|2|8
46.8|91.05|1193|394|5.1|5.1|2|8
46.9|90.96|1119|394|5.1|5.1|2|8
47|90.8|1162|394|5.1|5.1|2|8
47.1|90.75|1168|394|5.1|5.1|2|8
47.2|90.64|1113|394|5.1|5.1|2|8
47.3|90.63|1134|394|5.1|5.1|2|8
47.4|90.48|1219|394|5.1|5.1|2|8
47.5|90.4|1242|394|5.1|5.1|2|8
47.6|90.33|1162|394|5.1|5.1|2|8
47.7|90.23|1258|394|5.1|5.1|2|8
47.8|90.15|1255|394|5.1|5.1|2|8
47.9|90|1191|394|5.1|5.1|2|8
48|89.9|1235|394|5.1|5.1|2|8
48.1|89.85|1253|394|5.1|5.1|2|8
48.2|89.72|1149|394|5.1|5.1|2|8
48.3|89.65|1304|394|5.1|5.1|2|8
48.4|89.54|1299|394|5.1|5.1|2|8
48.5|89.42|1201|394|5.1|5.1|2|8
48.6|89.33|1286|394|5.1|5.1|2|8
48.7|89.21|1229|394|5.1|5.1|2|8
48.8|89.11|1219|393|5.1|5.1|2|8
48.9|88.98|1235|393|5.1|5.1|2|8
49|88.9|1134|393|5.1|5.1|2|8
49.1|88.74|1265|394|5.1|5.1|2|8
49.2|88.72|1268|394|5.1|5.1|2|8
49.3|88.54|1278|394|5.1|5.1|2|8
49.4|88.5|1268|394|5.1|5.1|2|8
49.5|88.32|1142|394|5.1|5.1|2|8
49.6|88.23|1183|394|5.1|5.1|2|8
49.7|88.08|1227|394|5.1|5.1|2|8
49.8|88.05|1247|393|5.1|5.1|2|8
49.9|87.84|1281|394|5.1|5.1|2|8
50|87.68|1219|394|5.1|5.1|2|8
50.1|87.6|1340|393|5.1|5.1|2|8
50.2|87.5|1320|394|5.1|5.1|2|8
50.3|87.31|1219|394|5.1|5.1|2|8
50.4|87.18|1191|394|5.1|5.1|2|8
50.5|87.11|1237|394|5.1|5.1|2|8
50.6|87.01|1211|394|5.1|5.1|2|8
50.7|86.79|1345|394|5.1|5.1|2|8
50.8|86.67|1219|394|5.1|5.1|2|8
50.9|86.55|1206|394|5.1|5.1|2|8
51|86.44|1291|394|5.1|5.1|2|8
51.1|86.28|1260|394|5.1|5.1|2|8
51.2|86.12|1322|394|5.1|5.1|2|8
51.3|85.96|1240|393|5.1|5.1|2|8
51.4|85.89|1335|394|5.1|5.1|2|8
51.5|85.72|1428|393|5.1|5.1|2|8
51.6|85.52|1276|394|5.1|5.1|2|8
51.7|85.38|1173|394|5.1|5.1|2|8
51.8|85.23|1299|394|5.1|5.1|2|8
51.9|85.07|1227|394|5.1|5.1|2|8
52|84.9|1206|394|5.1|5.1|2|8
52.1|84.78|1273|394|5.1|5.1|2|8
52.2|84.58|1278|394|5.1|5.1|2|8
52.3|84.39|1338|394|5.1|5.1|2|8
52.4|84.27|1258|394|5.1|5.1|2|8
52.5|84.11|1273|394|5.1|5.1|2|8
52.6|83.92|1271|394|5.1|5.1|2|8
52.7|83.77|1302|394|5.1|5.1|2|8
52.8|83.58|1345|394|5.1|5.1|2|8
52.9|83.4|1415|394|5.1|5.1|2|8
53|83.19|1260|394|5.1|5.1|2|8
53.1|83.07|1273|394|5.1|5.1|2|8
53.2|82.86|1224|394|5.1|5.1|2|8
53.3|82.7|1271|394|5.1|5.1|2|8
53.4|82.5|1327|394|5.1|5.1|2|8
53.5|82.31|1320|394|5.1|5.1|2|8
53.6|82.11|1320|394|5.1|5.1|2|8
53.7|81.95|1376|393|5.1|5.1|2|8
53.8|81.7|1302|394|5.1|5.1|6|8
53.9|80.24|1853|394|5.1|5.1|6|8
54|77.67|1912|394|5.1|5.1|6|8
54.1|75.14|59|394|5.1|5.1|7|8
54.2|73.05|0|394|5.1|5.1|7|8
54.3|71.94|0|394|5.1|5.1|7|8
54.4|71.4|0|394|5.1|5.1|7|8
54.5|71.18|0|394|5.1|5.1|7|8
54.6|71.12|0|394|5.1|5.1|7|8
54.7|70.97|0|394|5.1|5.1|7|8
54.8|70.98|0|394|5.1|5.1|7|8
54.9|70.94|0|394|5.1|5.1|7|8
55|70.93|0|394|5.1|5.1|7|8
55.1|70.93|0|393|5.1|5.1|7|8
55.2|70.89|0|394|5.1|5.1|7|8
55.3|70.89|0|394|5.1|5.1|7|8
55.4|70.87|0|393|5.1|5.1|7|8
55.5|70.9|0|393|5.1|5.1|7|8
55.6|70.92|0|393|5.1|5.1|7|8
55.7|70.93|0|393|5.1|5.1|7|8
55.8|70.89|0|394|5.1|5.1|7|8
55.9|70.9|0|393|5.1|5.1|7|8
56|70.89|0|393|5.1|5.1|7|8
56.1|70.9|0|393|5.1|5.1|7|8
56.2|70.9|0|393|5.1|5.1|7|8
56.3|70.89|0|393|5.1|5.1|7|8
56.4|70.89|0|394|5.1|5.1|7|8
56.5|70.89|0|393|5.1|5.1|7|8
56.6|70.89|0|393|5.1|5.1|7|8
56.7|70.89|0|393|5.1|5.1|7|8
56.8|70.89|0|393|5.1|5.1|7|8
56.9|70.89|0|393|5.1|5.1|7|8
57|70.89|0|393|5.1|5.1|7|8
57.1|70.87|0|393|5.1|5.1|7|8
57.2|70.89|0|393|5.1|5.1|7|8
57.3|70.89|0|393|5.1|5.1|7|8
57.4|70.89|0|392|5.1|5.1|7|8
57.5|70.87|0|393|5.1|5.1|7|8
57.6|70.87|0|393|5.1|5.1|7|8
57.7|70.89|0|393|5.1|5.1|7|8
57.8|70.87|0|393|5.1|5.1|7|8
57.9|70.89|0|393|5.1|5.1|7|8
58|70.89|0|393|5.1|5.1|7|8
58.1|70.89|0|393|5.1|5.1|7|8
58.2|70.92|0|393|5.1|5.1|7|8
58.3|70.9|0|393|5.1|5.1|7|8
58.4|70.87|0|393|5.1|5.1|7|8
58.5|70.87|0|393|5.1|5.1|7|8
58.6|70.86|0|393|5.1|5.1|7|8
58.7|70.87|0|393|5.1|5.1|7|8
58.8|70.87|0|393|5.1|5.1|7|8
58.9|70.87|0|393|5.1|5.1|7|8
59|70.89|0|393|5.1|5.1|7|8
59.1|70.86|0|393|5.1|5.1|7|8
59.2|70.86|0|393|5.1|5.1|7|8
59.3|70.86|0|393|5.1|5.1|7|8
59.4|70.85|0|393|5.1|5.1|7|8
59.5|70.83|0|393|5.1|5.1|7|8
59.6|70.85|0|393|5.1|5.1|7|8
59.7|70.83|0|393|5.1|5.1|7|8
59.8|70.87|0|392|5.1|5.1|7|8
59.9|70.89|0|392|5.1|5.1|7|8
60|70.87|0|392|5.1|5.1|7|8
60.1|70.87|0|393|5.1|5.1|7|8
60.2|70.89|0|393|5.1|5.1|7|8
60.3|70.87|0|392|5.1|5.1|7|8
60.4|70.89|0|393|5.1|5.1|7|8
60.5|70.87|0|393|5.1|5.1|7|8
60.6|70.86|0|393|5.1|5.1|7|8
60.7|70.86|0|393|5.1|5.1|7|8
60.8|70.86|0|393|5.1|5.1|7|8
60.9|70.86|0|393|5.1|5.1|7|8
61|70.85|0|393|5.1|5.1|7|8
61.1|70.83|0|393|5.1|5.1|7|8
61.2|70.85|0|393|5.1|5.1|7|8
61.3|70.85|0|393|5.1|5.1|7|8
61.4|70.85|0|393|5.1|5.1|7|8
61.5|70.85|0|393|5.1|5.1|7|8
61.6|70.85|0|393|5.1|5.1|7|8
61.7|70.87|0|393|5.1|5.1|7|8
61.8|70.87|0|393|5.1|5.1|7|8
61.9|70.87|0|393|5.1|5.1|7|8
62|70.87|0|393|5.1|5.1|7|8
62.1|70.89|0|393|5.1|5.1|7|8
62.2|70.87|0|393|5.1|5.1|7|8
62.3|70.87|0|393|5.1|5.1|7|8
62.4|70.86|0|392|5.1|5.1|7|8
62.5|70.86|0|393|5.1|5.1|7|8
62.6|70.86|0|393|5.1|5.1|7|8
62.7|70.86|0|393|5.1|5.1|7|8
62.8|70.85|0|393|5.1|5.1|7|8
62.9|70.83|0|393|5.1|5.1|7|8
63|70.85|0|393|5.1|5.1|7|8
63.1|70.86|0|393|5.1|5.1|7|8
63.2|70.85|0|394|5.1|5.1|7|8
63.3|70.85|0|393|5.1|5.1|7|8
63.4|70.86|0|393|5.1|5.1|7|8
63.5|70.86|0|393|5.1|5.1|7|8
63.6|70.89|0|393|5.1|5.1|7|8
63.7|70.87|0|392|5.1|5.1|7|8
63.8|70.87|0|392|5.1|5.1|7|8
63.9|70.87|0|392|5.1|5.1|7|8
64|70.85|0|392|5.1|5.1|7|8
64.1|70.85|0|393|5.1|5.1|7|8
64.2|70.85|0|393|5.1|5.1|7|8
64.3|70.85|0|393|5.1|5.1|7|8
64.4|70.82|0|393|5.1|5.1|7|8
64.5|70.83|0|393|5.1|5.1|7|8
64.6|70.85|0|393|5.1|5.1|7|8
64.7|70.83|0|393|5.1|5.1|7|8
64.8|70.85|0|395|5.1|5.1|7|8
64.9|70.85|0|396|5.1|5.1|7|8
65|70.85|0|396|5.1|5.1|7|8
65.1|70.86|0|396|5.1|5.1|7|8
65.2|70.89|0|396|5.1|5.1|7|8
65.3|70.87|0|396|5.1|5.1|7|8
65.4|70.86|0|396|5.1|5.1|7|8
65.5|70.86|0|396|5.1|5.1|7|8
65.6|70.86|0|396|5.1|5.1|7|8
65.7|70.85|0|396|5.1|5.1|7|8
65.8|70.85|0|396|5.1|5.1|7|8
65.9|70.85|0|396|5.1|5.1|7|8
66|70.85|0|396|5.1|5.1|7|8
66.1|70.85|0|396|5.1|5.1|7|8
66.2|70.85|0|396|5.1|5.1|7|8
66.3|70.85|0|396|5.1|5.1|7|8
66.4|70.85|0|396|5.1|5.1|7|8
66.5|70.85|0|396|5.1|5.1|7|8
66.6|70.85|0|396|5.1|5.1|7|8
66.7|70.85|0|396|5.1|5.1|7|8
66.8|70.85|0|396|5.1|5.1|7|8
66.9|70.86|0|396|5.1|5.1|7|8
67|70.85|0|396|5.1|5.1|7|8
67.1|70.86|0|396|5.1|5.1|8|8
67.2|70.74|0|396|5.1|5.1|8|8
67.3|70.73|0|396|5.1|5.1|8|8
67.4|70.79|0|396|5.1|5.1|8|8
67.5|70.82|0|396|5.1|5.1|8|8
67.6|70.75|0|396|5.1|5.1|8|8
67.7|70.78|0|396|5.1|5.1|8|8
67.8|70.75|0|396|5.1|5.1|8|8
67.9|70.79|0|396|5.1|5.1|8|8
68|70.81|0|396|5.1|5.1|8|8
68.1|70.79|0|396|5.1|5.1|8|8
68.2|70.75|0|396|5.1|5|8|8
68.3|70.78|0|396|5|5|8|8
68.4|70.78|0|396|5|5|8|8
68.5|70.75|0|396|5|5|8|8
68.6|70.71|0|396|5|5|8|8
68.7|70.83|0|396|5|5|8|8
68.8|70.78|0|396|5|5|8|8
68.9|70.74|0|396|5|5|8|8
69|70.81|0|396|5|5|8|8
69.1|71.48|0|396|5|5|8|8
69.2|74.43|0|396|5|5|8|8
69.3|77.44|0|396|5|5|8|8
69.4|80.44|0|396|5|5|8|8
69.5|83.38|0|396|5|5|8|8
69.6|86.33|0|397|5|5|8|8
69.7|89.22|0|397|5|5|8|8
69.8|92.21|0|397|5|5|8|8
69.9|94.45|0|397|5|5|8|8
70|95.41|0|397|5|5|8|8
70.1|95.8|0|397|5|5|8|8
