0|96.12|786|400|4.3|4.3|1|8
0.1|96.05|879|403|4.3|4.3|1|8
0.2|96.12|884|404|4.3|4.3|1|8
0.3|96.13|881|405|4.3|4.3|1|8
0.4|96.13|889|405|4.3|4.3|1|8
0.5|96.14|892|405|4.3|4.3|2|8
0.6|95.82|894|403|4.3|4.3|2|8
0.7|95.39|894|401|4.3|4.3|2|8
0.8|95.02|933|401|4.3|4.4|2|8
0.9|94.52|1036|402|4.3|4.4|2|8
1|94.01|1343|403|4.4|4.4|3|8
1.1|93.72|1387|404|4.4|4.4|3|8
1.2|93.55|1405|404|4.4|4.4|3|8
1.3|93.41|1418|404|4.4|4.4|3|8
1.4|93.35|1428|404|4.4|4.4|3|8
1.5|93.39|1433|404|4.4|4.4|3|8
1.6|93.42|1438|404|4.4|4.4|3|8
1.7|93.37|1443|404|4.4|4.4|3|8
1.8|93.35|1451|404|4.4|4.4|3|8
1.9|93.38|1456|404|4.4|4.4|3|8
2|93.39|1459|404|4.4|4.4|3|8
2.1|93.38|1464|404|4.4|4.4|3|8
2.2|93.39|1466|404|4.4|4.4|3|8
2.3|93.35|1469|404|4.4|4.4|3|8
2.4|93.35|1469|404|4.4|4.4|3|8
2.5|93.39|1472|404|4.4|4.4|3|8
2.6|93.38|1474|404|4.4|4.4|3|8
2.7|93.39|1477|404|4.4|4.4|3|8
2.8|93.39|1479|404|4.4|4.4|3|8
2.9|93.35|1482|404|4.4|4.4|3|8
3|93.34|1482|404|4.4|4.4|4|8
3.1|93.46|1482|404|4.4|4.4|4|8
3.2|93.85|1464|404|4.4|4.4|4|8
3.3|94.33|1077|403|4.4|4.4|5|8
3.4|94.53|936|401|4.4|4.4|5|8
3.5|94.71|930|401|4.4|4.4|5|8
3.6|94.67|928|401|4.4|4.4|5|8
3.7|94.68|928|401|4.4|4.4|5|8
3.8|94.86|928|401|4.4|4.4|5|8
3.9|94.94|925|401|4.4|4.4|5|8
4|94.96|925|401|4.4|4.4|5|8
4.1|94.96|925|401|4.4|4.4|5|8
4.2|94.99|925|401|4.4|4.4|5|8
4.3|94.98|925|401|4.4|4.4|5|8
4.4|94.99|925|400|4.4|4.4|5|8
4.5|94.99|923|400|4.4|4.4|5|8
4.6|94.99|915|401|4.4|4.4|5|8
4.7|94.99|912|400|4.4|4.4|5|8
4.8|94.99|912|400|4.4|4.4|5|8
4.9|94.99|912|400|4.4|4.4|5|8
5|94.99|912|400|4.4|4.4|5|8
5.1|94.99|912|400|4.4|4.4|5|8
5.2|95|910|400|4.4|4.4|5|8
5.3|95|910|400|4.4|4.4|2|8
5.4|95.02|910|400|4.4|4.4|2|8
5.5|95.03|910|400|4.4|4.4|2|8
5.6|94.53|910|400|4.4|4.4|2|8
5.7|93.92|1116|401|4.4|4.4|2|8
5.8|93.47|1451|402|4.4|4.4|3|8
5.9|93.19|1479|402|4.4|4.4|3|8
6|93.02|1485|402|4.4|4.4|3|8
6.1|92.98|1490|402|4.4|4.4|3|8
6.2|92.9|1495|402|4.4|4.4|3|8
6.3|92.95|1497|402|4.4|4.4|3|8
6.4|92.96|1497|402|4.4|4.4|3|8
6.5|92.87|1500|402|4.4|4.4|3|8
6.6|92.99|1503|402|4.4|4.4|3|8
6.7|92.95|1503|402|4.4|4.4|3|8
6.8|92.87|1505|402|4.4|4.4|3|8
6.9|92.98|1508|402|4.4|4.4|3|8
7|92.92|1508|402|4.4|4.4|3|8
7.1|92.88|1510|402|4.4|4.4|3|8
7.2|92.96|1510|402|4.4|4.4|3|8
7.3|92.94|1513|402|4.4|4.4|3|8
7.4|92.94|1513|402|4.4|4.4|3|8
7.5|92.87|1515|402|4.4|4.4|3|8
7.6|92.95|1515|402|4.4|4.4|3|8
7.7|92.88|1515|402|4.4|4.4|3|8
7.8|92.91|1518|402|4.4|4.4|4|8
7.9|93.14|1518|402|4.4|4.4|4|8
8|93.39|1497|402|4.4|4.4|4|8
8.1|93.74|1448|402|4.4|4.4|4|8
8.2|94.35|938|401|4.4|4.4|5|8
8.3|94.74|920|401|4.4|4.4|5|8
8.4|94.84|920|400|4.4|4.4|5|8
8.5|94.9|918|400|4.4|4.4|5|8
8.6|95.03|918|400|4.4|4.4|5|8
8.7|94.95|915|400|4.4|4.4|5|8
8.8|94.99|915|400|4.4|4.4|5|8
8.9|94.95|915|400|4.4|4.4|5|8
9|95.02|915|400|4.4|4.4|5|8
9.1|94.96|915|400|4.4|4.4|5|8
9.2|94.95|915|400|4.4|4.4|5|8
9.3|94.99|912|400|4.4|4.4|5|8
9.4|94.95|912|400|4.4|4.4|5|8
9.5|94.98|912|400|4.4|4.4|5|8
9.6|94.98|912|400|4.4|4.4|5|8
9.7|94.95|912|400|4.4|4.4|5|8
9.8|95.02|912|400|4.4|4.4|5|8
9.9|94.92|912|400|4.4|4.4|5|8
10|95|912|400|4.4|4.4|5|8
10.1|94.94|912|400|4.4|4.4|5|8
10.2|94.99|912|400|4.4|4.4|2|8
10.3|94.9|912|400|4.4|4.4|2|8
10.4|94.83|915|396|4.4|4.4|2|8
10.5|94.27|915|393|4.4|4.4|2|8
10.6|93.65|1062|392|4.4|4.4|2|8
10.7|93.13|1466|392|4.4|4.4|3|8
10.8|92.83|1510|393|4.4|4.4|3|8
10.9|92.67|1521|393|4.4|4.4|3|8
11|92.58|1526|393|4.4|4.4|3|8
11.1|92.59|1528|393|4.4|4.4|3|8
11.2|92.58|1531|393|4.4|4.4|3|8
11.3|92.62|1534|393|4.4|4.4|3|8
11.4|92.63|1539|393|4.4|4.4|3|8
11.5|92.52|1541|393|4.4|4.4|3|8
11.6|92.63|1544|394|4.4|4.4|3|8
11.7|92.59|1546|394|4.4|4.4|3|8
11.8|92.58|1546|394|4.4|4.4|3|8
11.9|92.49|1546|394|4.4|4.4|3|8
12|92.66|1541|394|4.4|4.4|3|8
12.1|92.59|1544|394|4.4|4.4|3|8
12.2|92.53|1544|394|4.4|4.4|3|8
12.3|92.63|1544|394|4.4|4.4|3|8
12.4|92.56|1546|394|4.4|4.4|3|8
12.5|92.63|1546|394|4.4|4.4|3|8
12.6|92.62|1546|394|4.4|4.4|3|8
12.7|92.56|1549|394|4.4|4.4|4|8
12.8|92.63|1552|394|4.4|4.4|4|8
12.9|92.87|1544|394|4.4|4.4|4|8
13|93.26|1500|394|4.4|4.4|4|8
13.1|93.92|956|394|4.4|4.4|5|8
13.2|94.33|925|394|4.4|4.4|5|8
13.3|94.51|923|393|4.4|4.4|5|8
13.4|94.55|920|393|4.4|4.4|5|8
13.5|94.56|920|393|4.4|4.4|5|8
13.6|94.55|920|392|4.4|4.4|5|8
13.7|94.59|920|392|4.4|4.4|5|8
13.8|94.59|918|392|4.4|4.4|5|8
13.9|94.53|918|392|4.4|4.4|5|8
14|94.61|918|392|4.4|4.4|5|8
14.1|94.56|918|392|4.4|4.4|5|8
14.2|94.52|918|392|4.4|4.4|5|8
14.3|94.64|918|392|4.4|4.4|5|8
14.4|94.55|918|392|4.4|4.4|5|8
14.5|94.59|920|392|4.4|4.4|5|8
14.6|94.56|918|392|4.4|4.4|5|8
14.7|94.51|918|392|4.4|4.4|5|8
14.8|94.66|918|392|4.4|4.4|5|8
14.9|94.59|918|392|4.4|4.4|5|8
15|94.59|918|392|4.4|4.4|5|8
15.1|94.57|915|392|4.4|4.4|2|8
15.2|94.52|915|392|4.4|4.4|2|8
15.3|94.48|918|392|4.4|4.4|2|8
15.4|93.93|915|392|4.4|4.4|2|8
15.5|93.27|1062|393|4.4|4.4|2|8
15.6|92.76|1461|393|4.4|4.4|3|8
15.7|92.4|1526|394|4.4|4.4|3|8
15.8|92.28|1541|394|4.4|4.4|3|8
15.9|92.2|1549|394|4.4|4.4|3|8
16|92.13|1554|394|4.4|4.4|3|8
16.1|92.07|1559|394|4.4|4.4|3|8
16.2|92.08|1559|394|4.4|4.4|3|8
16.3|92.17|1562|394|4.4|4.4|3|8
16.4|92.17|1562|394|4.4|4.4|3|8
16.5|92.11|1564|394|4.4|4.4|3|8
16.6|92.08|1567|394|4.4|4.4|3|8
16.7|92.07|1567|394|4.4|4.4|3|8
16.8|92.19|1567|394|4.4|4.4|3|8
16.9|92.17|1567|394|4.4|4.4|3|8
17|92.07|1567|394|4.4|4.4|3|8
17.1|92.08|1567|394|4.4|4.4|3|8
17.2|92.17|1570|394|4.4|4.4|3|8
17.3|92.16|1570|394|4.4|4.4|3|8
17.4|92.11|1572|394|4.4|4.4|3|8
17.5|92.07|1572|394|4.4|4.4|3|8
17.6|92.07|1570|396|4.4|4.4|4|8
17.7|92.24|1567|397|4.4|4.4|4|8
17.8|92.44|1554|398|4.4|4.4|4|8
17.9|92.84|1515|398|4.4|4.4|4|8
18|93.55|933|398|4.4|4.4|5|8
18.1|93.55|923|396|4.4|4.4|5|8
18.2|93.74|920|396|4.4|4.4|5|8
18.3|93.85|920|396|4.4|4.4|5|8
18.4|93.92|918|396|4.4|4.4|5|8
18.5|93.9|918|396|4.4|4.4|5|8
18.6|93.89|920|396|4.4|4.4|5|8
18.7|93.93|918|396|4.4|4.4|5|8
18.8|93.94|918|396|4.4|4.4|5|8
18.9|93.9|918|396|4.4|4.4|5|8
19|93.88|918|396|4.4|4.4|5|8
19.1|93.96|915|396|4.4|4.4|5|8
19.2|93.98|915|396|4.4|4.4|5|8
19.3|93.94|915|396|4.4|4.4|5|8
19.4|93.89|915|396|4.4|4.4|5|8
19.5|93.93|915|396|4.4|4.4|5|8
19.6|93.97|915|396|4.4|4.4|5|8
19.7|93.92|915|396|4.4|4.4|5|8
19.8|93.86|915|396|4.4|4.4|5|8
19.9|93.89|915|396|4.4|4.4|5|8
20|93.92|915|396|4.4|4.4|2|8
20.1|93.92|915|396|4.4|4.4|2|8
20.2|93.74|915|396|4.4|4.4|2|8
20.3|93.09|941|396|4.4|4.4|2|8
20.4|92.51|1394|394|4.4|4.4|3|8
20.5|92.13|1534|394|4.4|4.4|3|8
20.6|91.98|1557|393|4.4|4.4|3|8
20.7|91.86|1564|394|4.4|4.4|3|8
20.8|91.82|1570|394|4.4|4.4|3|8
20.9|91.76|1572|394|4.4|4.4|3|8
21|91.78|1575|394|4.4|4.4|3|8
21.1|91.77|1575|394|4.4|4.4|3|8
21.2|91.82|1575|394|4.4|4.4|3|8
21.3|91.8|1575|394|4.4|4.4|3|8
21.4|91.72|1577|394|4.4|4.4|3|8
21.5|91.77|1577|394|4.4|4.4|3|8
21.6|91.81|1577|394|4.4|4.4|3|8
21.7|91.81|1580|394|4.4|4.4|3|8
21.8|91.81|1577|394|4.4|4.4|3|8
21.9|91.76|1580|394|4.4|4.4|3|8
22|91.78|1582|394|4.4|4.4|3|8
22.1|91.8|1582|394|4.4|4.4|3|8
22.2|91.74|1582|394|4.4|4.4|3|8
22.3|91.78|1582|394|4.4|4.4|3|8
22.4|91.8|1582|394|4.4|4.4|4|8
22.5|91.85|1585|394|4.4|4.4|4|8
22.6|92.02|1567|394|4.4|4.4|4|8
22.7|92.13|1557|394|4.4|4.4|4|8
22.8|93.15|966|394|4.4|4.4|5|8
22.9|93.26|925|393|4.4|4.4|5|8
23|93.45|923|392|4.4|4.4|5|8
23.1|93.65|920|392|4.4|4.4|5|8
23.2|93.61|918|392|4.4|4.4|5|8
23.3|93.61|918|392|4.4|4.4|5|8
23.4|93.62|918|392|4.4|4.4|5|8
23.5|93.62|918|392|4.4|4.4|5|8
23.6|93.62|918|392|4.4|4.4|5|8
23.7|93.64|918|392|4.4|4.4|5|8
23.8|93.58|915|392|4.4|4.4|5|8
23.9|93.61|915|392|4.4|4.4|5|8
24|93.65|915|392|4.4|4.4|5|8
24.1|93.6|915|392|4.4|4.4|5|8
24.2|93.65|915|392|4.4|4.4|5|8
24.3|93.6|915|392|4.4|4.4|5|8
24.4|93.64|915|392|4.4|4.4|5|8
24.5|93.64|915|392|4.4|4.4|5|8
24.6|93.66|915|392|4.4|4.4|5|8
24.7|93.61|915|392|4.4|4.4|5|8
24.8|93.61|915|392|4.4|4.4|2|8
24.9|93.51|915|392|4.4|4.4|2|8
25|93.49|912|392|4.4|4.4|2|8
25.1|92.98|912|392|4.4|4.4|2|8
25.2|92.39|1098|392|4.4|4.4|2|8
25.3|91.93|1510|392|4.4|4.4|3|8
25.4|91.65|1554|393|4.4|4.4|3|8
25.5|91.58|1567|394|4.4|4.4|3|8
25.6|91.54|1575|394|4.4|4.4|3|8
25.7|91.38|1580|394|4.4|4.4|3|8
25.8|91.42|1582|394|4.4|4.4|3|8
25.9|91.43|1588|394|4.4|4.4|3|8
26|91.45|1588|394|4.4|4.4|3|8
26.1|91.43|1588|394|4.4|4.4|3|8
26.2|91.43|1588|394|4.4|4.4|3|8
26.3|91.47|1590|394|4.4|4.4|3|8
26.4|91.45|1590|394|4.4|4.4|3|8
26.5|91.42|1590|394|4.4|4.4|3|8
26.6|91.43|1590|394|4.4|4.4|3|8
26.7|91.43|1593|394|4.4|4.4|3|8
26.8|91.43|1593|394|4.4|4.4|3|8
26.9|91.43|1593|394|4.4|4.4|3|8
27|91.43|1593|394|4.4|4.4|3|8
27.1|91.42|1593|394|4.4|4.4|3|8
27.2|91.42|1593|394|4.4|4.4|3|8
27.3|91.49|1595|394|4.4|4.4|4|8
27.4|91.6|1593|394|4.4|4.4|4|8
27.5|91.78|1570|394|4.4|4.4|4|8
27.6|92.43|1304|395|4.4|4.4|4|8
27.7|92.88|928|394|4.4|4.4|5|8
27.8|93.11|923|394|4.4|4.4|5|8
27.9|93.19|920|394|4.4|4.4|5|8
28|93.3|918|394|4.4|4.4|5|8
28.1|93.38|918|394|4.4|4.4|5|8
28.2|93.29|918|394|4.4|4.4|5|8
28.3|93.34|918|393|4.4|4.4|5|8
28.4|93.33|915|393|4.4|4.4|5|8
28.5|93.29|915|393|4.4|4.4|5|8
28.6|93.34|915|393|4.4|4.4|5|8
28.7|93.34|915|393|4.4|4.4|5|8
28.8|93.33|915|393|4.5|4.4|5|8
28.9|93.33|915|393|4.4|4.4|5|8
29|93.31|915|392|4.4|4.4|5|8
29.1|93.29|915|392|4.4|4.4|5|8
29.2|93.35|915|392|4.4|4.4|5|8
29.3|93.27|915|392|4.4|4.4|5|8
29.4|93.34|910|392|4.4|4.4|5|8
29.5|93.31|912|392|4.4|4.4|5|8
29.6|93.33|912|392|4.4|4.4|5|8
29.7|93.29|912|392|4.4|4.4|2|8
29.8|93.33|912|392|4.4|4.4|2|8
29.9|93.03|912|392|4.4|4.4|2|8
30|92.37|915|392|4.4|4.4|2|8
30.1|91.84|1402|393|4.4|4.4|3|8
30.2|91.43|1559|394|4.4|4.4|3|8
30.3|91.34|1577|394|4.4|4.4|3|8
30.4|91.21|1585|392|4.4|4.4|3|8
30.5|91.09|1590|391|4.4|4.4|3|8
30.6|91.02|1595|391|4.4|4.4|3|8
30.7|91.11|1598|391|4.4|4.4|3|8
30.8|91.09|1601|390|4.4|4.4|3|8
30.9|91.05|1601|391|4.4|4.4|3|8
31|91.13|1603|391|4.4|4.4|3|8
31.1|91.13|1603|391|4.4|4.4|3|8
31.2|91.06|1603|391|4.4|4.4|3|8
31.3|91.1|1603|391|4.4|4.4|3|8
31.4|91.11|1603|390|4.4|4.5|3|8
31.5|91.11|1606|390|4.4|4.4|3|8
31.6|91.06|1603|390|4.4|4.4|3|8
31.7|91.1|1603|390|4.4|4.5|3|8
31.8|91.14|1603|390|4.5|4.4|3|8
31.9|91.07|1603|390|4.5|4.4|3|8
32|91.07|1603|390|4.5|4.4|3|8
32.1|91.1|1603|390|4.4|4.4|4|8
32.2|91.17|1606|390|4.5|4.4|4|8
32.3|91.43|1598|391|4.4|4.4|4|8
32.4|91.45|1580|391|4.4|4.4|4|8
32.5|92.19|1209|392|4.4|4.4|4|8
32.6|92.74|928|391|4.5|4.4|5|8
32.7|92.96|923|390|4.5|4.4|5|8
32.8|93.03|920|390|4.5|4.4|5|8
32.9|93.1|920|390|4.5|4.4|5|8
33|93.1|918|390|4.5|4.5|5|8
33.1|93.07|918|390|4.5|4.4|5|8
33.2|93.23|918|390|4.5|4.5|5|8
33.3|93.02|915|390|4.5|4.5|5|8
33.4|93.19|915|390|4.5|4.5|5|8
33.5|93.06|915|390|4.5|4.5|5|8
33.6|93.11|918|390|4.5|4.5|5|8
33.7|93.1|912|390|4.5|4.5|5|8
33.8|93.17|912|390|4.5|4.5|5|8
33.9|93.06|912|390|4.5|4.5|5|8
34|93.19|912|390|4.5|4.5|5|8
34.1|93.04|912|390|4.5|4.5|5|8
34.2|93.1|912|390|4.5|4.5|5|8
34.3|93.19|912|390|4.5|4.5|5|8
34.4|93.11|912|390|4.5|4.5|5|8
34.5|93.15|912|390|4.5|4.5|5|8
34.6|93.14|912|390|4.5|4.5|2|8
34.7|92.99|912|389|4.5|4.5|2|8
34.8|92.8|912|389|4.5|4.5|2|8
34.9|92.15|915|389|4.5|4.4|2|8
35|91.58|1469|390|4.5|4.5|3|8
35.1|91.25|1562|390|4.5|4.5|3|8
35.2|91.05|1580|390|4.5|4.4|3|8
35.3|91.06|1588|390|4.5|4.4|3|8
35.4|91.02|1595|391|4.5|4.4|3|8
35.5|90.99|1601|391|4.5|4.4|3|8
35.6|90.98|1603|391|4.5|4.5|3|8
35.7|90.91|1606|391|4.5|4.4|3|8
35.8|90.9|1606|390|4.5|4.4|3|8
35.9|90.87|1606|391|4.5|4.5|3|8
36|90.98|1608|391|4.5|4.4|3|8
36.1|90.98|1608|391|4.5|4.5|3|8
36.2|90.96|1608|391|4.5|4.5|3|8
36.3|90.95|1608|391|4.5|4.5|3|8
36.4|90.91|1608|391|4.5|4.5|3|8
36.5|90.88|1611|391|4.5|4.5|3|8
36.6|90.92|1611|391|4.5|4.5|3|8
36.7|90.92|1611|392|4.5|4.5|3|8
36.8|90.94|1611|392|4.5|4.5|3|8
36.9|90.99|1613|392|4.5|4.5|3|8
37|90.94|1613|392|4.5|4.5|4|8
37.1|91|1613|392|4.5|4.5|4|8
37.2|91.3|1598|392|4.5|4.5|4|8
37.3|91.39|1580|392|4.5|4.5|4|8
37.4|92.12|1103|392|4.5|4.5|5|8
37.5|92.47|925|392|4.5|4.5|2|8
37.6|92.51|920|391|4.5|4.5|2|8
37.7|92.4|918|390|4.5|4.5|2|8
37.8|92.43|915|390|4.5|4.5|2|8
37.9|92.32|915|390|4.5|4.5|2|8
38|92.31|915|390|4.5|4.5|2|8
38.1|92.28|912|390|4.5|4.5|2|8
38.2|92.28|912|390|4.5|4.5|2|8
38.3|92.29|912|390|4.5|4.5|2|8
38.4|92.27|915|390|4.5|4.5|2|8
38.5|92.07|912|390|4.5|4.5|2|8
38.6|91.96|918|390|4.5|4.5|2|8
38.7|91.86|948|390|4.5|4.5|2|8
38.8|91.78|987|390|4.5|4.5|2|8
38.9|91.74|987|390|4.5|4.5|2|8
39|91.56|951|391|4.5|4.5|2|8
39.1|91.53|912|390|4.5|4.5|2|8
39.2|91.61|928|390|4.5|4.5|2|8
39.3|91.56|979|391|4.5|4.5|2|8
39.4|91.42|1013|391|4.5|4.5|2|8
39.5|91.41|1214|391|4.5|4.5|2|8
39.6|91.21|1451|391|4.5|4.5|2|8
39.7|91.35|1469|392|4.5|4.5|2|8
39.8|91.45|1356|392|4.5|4.5|2|8
39.9|91.72|923|391|4.5|4.5|2|8
40|91.77|912|390|4.5|4.5|2|8
40.1|91.78|912|390|4.5|4.5|2|8
40.2|91.74|910|390|4.5|4.5|2|8
40.3|91.58|910|390|4.5|4.5|2|8
40.4|91.64|910|390|4.5|4.5|2|8
40.5|91.5|910|390|4.5|4.5|2|8
40.6|91.5|910|390|4.5|4.5|2|8
40.7|91.39|1039|390|4.5|4.5|2|8
40.8|91.41|1124|390|4.5|4.5|2|8
40.9|91.27|1387|391|4.5|4.5|2|8
41|91.33|1485|392|4.5|4.5|2|8
41.1|91.42|1446|392|4.5|4.5|2|8
41.2|91.58|943|392|4.5|4.5|2|8
41.3|91.77|912|391|4.5|4.5|2|8
41.4|91.74|910|390|4.5|4.5|2|8
41.5|91.61|910|390|4.5|4.5|2|8
41.6|91.54|910|390|4.5|4.5|2|8
41.7|91.61|910|390|4.5|4.5|2|8
41.8|91.56|910|390|4.5|4.5|2|8
41.9|91.5|907|390|4.5|4.5|2|8
42|91.38|985|390|4.5|4.5|2|8
42.1|91.42|1010|390|4.5|4.5|2|8
42.2|91.27|1294|392|4.5|4.5|2|8
42.3|91.25|1451|392|4.5|4.5|2|8
42.4|91.33|1441|392|4.5|4.5|2|8
42.5|91.45|1170|392|4.5|4.5|2|8
42.6|91.64|915|392|4.5|4.5|2|8
42.7|91.8|910|391|4.5|4.5|2|8
42.8|91.7|910|390|4.5|4.5|2|8
42.9|91.51|907|390|4.5|4.5|2|8
43|91.6|907|390|4.5|4.5|2|8
43.1|91.58|907|390|4.5|4.5|2|8
43.2|91.49|907|390|4.5|4.5|2|8
43.3|91.39|918|390|4.5|4.5|2|8
43.4|91.39|912|390|4.5|4.5|2|8
43.5|91.27|992|391|4.5|4.5|2|8
43.6|91.26|1041|390|4.5|4.5|2|8
43.7|91.17|997|390|4.5|4.5|2|8
43.8|91.02|1057|390|4.5|4.5|2|8
43.9|90.96|912|390|4.5|4.5|2|8
44|90.96|912|390|4.5|4.5|2|8
44.1|91.02|1142|391|4.5|4.5|2|8
44.2|90.9|1219|392|4.5|4.5|2|8
44.3|90.82|1186|391|4.5|4.5|2|8
44.4|90.67|1345|392|4.5|4.5|2|8
44.5|90.78|936|392|4.5|4.5|2|8
44.6|90.83|910|391|4.5|4.5|2|8
44.7|90.74|930|391|4.5|4.5|2|8
44.8|90.64|1363|391|4.5|4.5|2|8
44.9|90.67|1402|392|4.5|4.5|2|8
45|90.84|1129|392|4.5|4.5|2|8
45.1|90.94|912|392|4.5|4.5|2|8
45.2|90.92|907|391|4.5|4.5|2|8
45.3|91.02|907|391|4.5|4.5|2|8
45.4|90.94|907|390|4.5|4.5|2|8
45.5|90.79|907|391|4.5|4.5|2|8
45.6|90.83|920|391|4.5|4.5|2|8
45.7|90.66|1098|391|4.5|4.5|2|8
45.8|90.62|1219|392|4.5|4.5|2|8
45.9|90.63|1335|392|4.5|4.5|2|8
46|90.74|1116|392|4.5|4.5|2|8
46.1|90.78|910|392|4.5|4.5|2|8
46.2|90.79|905|392|4.5|4.5|2|8
46.3|90.72|920|392|4.5|4.5|2|8
46.4|90.66|923|392|4.5|4.5|2|8
46.5|90.62|1394|392|4.5|4.5|2|8
46.6|90.6|1415|392|4.5|4.5|2|8
46.7|90.74|1425|391|4.5|4.5|2|8
46.8|90.95|1415|391|4.5|4.5|2|8
46.9|91.19|977|390|4.5|4.5|2|8
47|91.22|905|390|4.5|4.5|2|8
47.1|91.27|902|390|4.5|4.5|2|8
47.2|91.3|899|389|4.5|4.5|2|8
47.3|91.17|918|388|4.5|4.5|2|8
47.4|91.02|902|388|4.5|4.5|2|8
47.5|90.99|902|388|4.5|4.5|2|8
47.6|91.02|899|388|4.5|4.5|2|8
47.7|90.95|902|388|4.5|4.5|2|8
47.8|90.91|928|388|4.5|4.5|2|8
47.9|90.83|907|388|4.5|4.5|2|8
48|90.76|948|388|4.5|4.5|2|8
48.1|90.64|966|388|4.5|4.5|2|8
48.2|90.62|1075|388|4.5|4.5|2|8
48.3|90.62|995|388|4.5|4.5|2|8
48.4|90.51|1034|388|4.5|4.5|2|8
48.5|90.48|1036|389|4.5|4.5|2|8
48.6|90.4|1067|388|4.5|4.5|2|8
48.7|90.32|1183|390|4.5|4.5|2|8
48.8|90.19|1170|388|4.5|4.5|2|8
48.9|90.11|1157|388|4.5|4.5|2|8
49|90.12|1070|389|4.5|4.5|2|8
49.1|90|1111|390|4.5|4.5|2|8
49.2|89.92|1142|391|4.5|4.5|2|8
49.3|89.82|1041|390|4.5|4.5|2|8
49.4|89.7|1108|390|4.5|4.5|2|8
49.5|89.8|1010|390|4.5|4.5|2|8
49.6|89.62|1204|390|4.5|4.5|2|8
49.7|89.56|1090|390|4.5|4.5|2|8
49.8|89.5|1101|389|4.5|4.5|2|8
49.9|89.45|990|389|4.5|4.5|2|8
50|89.35|1036|389|4.5|4.5|2|8
50.1|89.33|923|389|4.5|4.5|2|8
50.2|89.21|995|389|4.5|4.5|2|8
50.3|89.15|964|389|4.5|4.5|2|8
50.4|89.17|1000|389|4.5|4.5|2|8
50.5|89.05|982|390|4.5|4.5|2|8
50.6|88.98|979|390|4.5|4.5|2|8
50.7|88.82|954|390|4.5|4.5|2|8
50.8|88.91|925|390|4.5|4.5|2|8
50.9|88.76|1082|390|4.5|4.5|2|8
51|88.72|1046|390|4.5|4.5|2|8
51.1|88.6|1026|390|4.5|4.5|2|8
51.2|88.52|1134|390|4.5|4.5|2|8
51.3|88.5|1160|390|4.5|4.5|2|8
51.4|88.35|1028|390|4.5|4.5|2|8
51.5|88.29|1026|390|4.5|4.5|2|8
51.6|88.2|992|390|4.5|4.5|2|8
51.7|88.16|1036|390|4.5|4.5|2|8
51.8|88.04|1005|390|4.5|4.5|2|8
51.9|88|1077|390|4.5|4.5|2|8
52|87.88|1052|390|4.5|4.5|2|8
52.1|87.8|1015|391|4.5|4.5|2|8
52.2|87.7|982|390|4.5|4.5|2|8
52.3|87.58|979|390|4.5|4.5|2|8
52.4|87.58|1077|391|4.5|4.5|2|8
52.5|87.41|969|390|4.5|4.5|2|8
52.6|87.33|1054|390|4.5|4.5|2|8
52.7|87.15|1093|390|4.5|4.5|2|8
52.8|87.17|1067|390|4.5|4.5|2|8
52.9|87.03|1113|391|4.5|4.5|2|8
53|86.93|941|390|4.5|4.5|2|8
53.1|86.79|1077|391|4.5|4.5|2|8
53.2|86.75|990|391|4.5|4.5|2|8
53.3|86.6|961|390|4.5|4.5|2|8
53.4|86.51|1070|390|4.5|4.5|2|8
53.5|86.43|1183|390|4.5|4.5|2|8
53.6|86.24|1142|390|4.5|4.5|2|8
53.7|86.2|1026|391|4.5|4.5|2|8
53.8|86.03|1090|391|4.5|4.5|2|8
53.9|85.93|1026|390|4.5|4.5|2|8
54|85.87|1121|390|4.5|4.5|2|8
54.1|85.72|1070|390|4.5|4.5|2|8
54.2|85.56|1173|390|4.5|4.5|2|8
54.3|85.48|1085|390|4.5|4.5|2|8
54.4|85.27|1204|392|4.5|4.5|2|8
54.5|85.18|987|392|4.5|4.5|2|8
54.6|85.03|1026|392|4.5|4.5|2|8
54.7|84.94|1157|392|4.5|4.5|2|8
54.8|84.8|1072|392|4.5|4.5|2|8
54.9|84.6|1057|392|4.5|4.5|2|8
55|84.47|1028|392|4.5|4.5|2|8
55.1|84.39|1023|392|4.5|4.5|2|8
55.2|84.21|1119|392|4.5|4.5|2|8
55.3|84.12|1126|391|4.5|4.5|2|8
55.4|83.92|1152|391|4.5|4.5|2|8
55.5|83.78|1119|392|4.5|4.5|2|8
55.6|83.61|1106|392|4.5|4.5|2|8
55.7|83.42|1147|392|4.5|4.5|2|8
55.8|83.3|1039|392|4.5|4.5|2|8
55.9|83.14|1059|392|4.5|4.5|2|8
56|82.95|1162|392|4.5|4.5|2|8
56.1|82.78|1018|392|4.5|4.5|2|8
56.2|82.64|1149|392|4.5|4.5|2|8
56.3|82.48|1108|392|4.5|4.5|2|8
56.4|82.27|1204|392|4.5|4.5|2|8
56.5|82.11|1196|392|4.5|4.5|2|8
56.6|81.92|1314|392|4.5|4.5|2|8
56.7|81.68|1147|392|4.5|4.5|2|8
56.8|81.52|1216|392|4.5|4.5|2|8
56.9|81.28|1090|392|4.5|4.5|2|8
57|80.81|1428|392|4.5|4.5|6|8
57.1|78.5|1631|392|4.5|4.5|6|8
57.2|75.76|299|392|4.5|4.5|7|8
57.3|73.25|0|388|4.5|4.5|7|8
57.4|71.71|0|387|4.5|4.5|7|8
57.5|71.01|0|386|4.5|4.5|7|8
57.6|70.67|0|386|4.5|4.5|7|8
57.7|70.5|0|386|4.5|4.5|7|8
57.8|70.5|0|386|4.5|4.5|7|8
57.9|70.34|0|386|4.5|4.5|7|8
58|70.31|0|386|4.5|4.5|7|8
58.1|70.35|0|386|4.5|4.5|7|8
58.2|70.34|0|386|4.5|4.5|7|8
58.3|70.43|0|386|4.5|4.5|7|8
58.4|70.42|0|386|4.5|4.5|7|8
58.5|70.32|0|386|4.5|4.5|7|8
58.6|70.35|0|386|4.5|4.5|7|8
58.7|70.34|0|386|4.5|4.5|7|8
58.8|70.38|0|386|4.5|4.5|7|8
58.9|70.43|0|386|4.5|4.5|7|8
59|70.34|0|386|4.5|4.5|7|8
59.1|70.28|0|386|4.5|4.5|7|8
59.2|70.31|0|386|4.5|4.5|7|8
59.3|70.42|0|386|4.5|4.5|7|8
59.4|70.35|0|386|4.5|4.5|7|8
59.5|70.28|0|386|4.5|4.5|7|8
59.6|70.35|0|386|4.5|4.5|7|8
59.7|70.39|0|386|4.5|4.5|7|8
59.8|70.34|0|386|4.5|4.5|7|8
59.9|70.35|0|386|4.5|4.5|7|8
60|70.35|0|386|4.5|4.5|7|8
60.1|70.31|0|386|4.5|4.5|7|8
60.2|70.31|0|386|4.5|4.5|7|8
60.3|70.39|0|386|4.5|4.5|7|8
60.4|70.31|0|386|4.5|4.5|7|8
60.5|70.34|0|386|4.5|4.5|7|8
60.6|70.32|0|386|4.5|4.5|7|8
60.7|70.31|0|386|4.5|4.5|7|8
60.8|70.36|0|386|4.5|4.5|7|8
60.9|70.43|0|386|4.5|4.5|7|8
61|70.34|0|386|4.5|4.5|7|8
61.1|70.28|0|386|4.5|4.5|7|8
61.2|70.35|0|386|4.5|4.5|7|8
61.3|70.35|0|386|4.5|4.5|7|8
61.4|70.28|0|386|4.5|4.5|7|8
61.5|70.34|0|386|4.5|4.5|7|8
61.6|70.41|0|386|4.5|4.5|7|8
61.7|70.3|0|386|4.5|4.5|7|8
61.8|70.32|0|386|4.5|4.5|7|8
61.9|70.34|0|386|4.5|4.5|7|8
62|70.35|0|386|4.5|4.5|7|8
62.1|70.32|0|386|4.5|4.5|7|8
62.2|70.28|0|386|4.5|4.5|7|8
62.3|70.34|0|386|4.5|4.5|7|8
62.4|70.39|0|386|4.5|4.5|7|8
62.5|70.27|0|386|4.5|4.5|7|8
62.6|70.34|0|386|4.5|4.5|7|8
62.7|70.41|0|386|4.5|4.5|7|8
62.8|70.27|0|386|4.5|4.5|7|8
62.9|70.34|0|386|4.5|4.5|7|8
63|70.34|0|386|4.5|4.5|7|8
63.1|70.39|0|386|4.5|4.5|7|8
63.2|70.28|0|386|4.5|4.5|7|8
63.3|70.3|0|386|4.5|4.5|7|8
63.4|70.3|0|386|4.5|4.5|7|8
63.5|70.31|0|386|4.5|4.5|7|8
63.6|70.31|0|386|4.5|4.5|7|8
63.7|70.31|0|386|4.5|4.5|7|8
63.8|70.34|0|386|4.5|4.5|7|8
63.9|70.41|0|387|4.5|4.5|7|8
64|70.34|0|386|4.5|4.5|7|8
64.1|70.32|0|386|4.5|4.5|7|8
64.2|70.28|0|387|4.5|4.5|7|8
64.3|70.31|0|387|4.5|4.5|7|8
64.4|70.39|0|387|4.5|4.5|7|8
64.5|70.31|0|386|4.5|4.5|7|8
64.6|70.26|0|387|4.5|4.5|7|8
64.7|70.32|0|387|4.5|4.5|7|8
64.8|70.39|0|387|4.5|4.5|7|8
64.9|70.31|0|387|4.5|4.5|7|8
65|70.28|0|387|4.5|4.5|7|8
65.1|70.32|0|386|4.5|4.5|7|8
65.2|70.35|0|387|4.5|4.5|7|8
65.3|70.3|0|387|4.5|4.5|7|8
65.4|70.28|0|387|4.5|4.5|7|8
65.5|70.31|0|387|4.5|4.5|7|8
65.6|70.34|0|387|4.5|4.5|7|8
65.7|70.32|0|387|4.5|4.5|7|8
65.8|70.28|0|387|4.5|4.5|7|8
65.9|70.34|0|387|4.5|4.5|7|8
66|70.34|0|387|4.5|4.5|7|8
66.1|70.27|0|387|4.5|4.5|7|8
66.2|70.3|0|387|4.5|4.5|7|8
66.3|70.31|0|387|4.5|4.5|7|8
66.4|70.38|0|387|4.5|4.5|7|8
66.5|70.31|0|387|4.5|4.5|7|8
66.6|70.28|0|387|4.5|4.5|7|8
66.7|70.31|0|387|4.5|4.5|7|8
66.8|70.34|0|387|4.5|4.5|7|8
66.9|70.32|0|387|4.5|4.5|7|8
67|70.27|0|387|4.5|4.5|7|8
67.1|70.32|0|387|4.5|4.5|7|8
67.2|70.35|0|387|4.5|4.5|7|8
67.3|70.3|0|387|4.5|4.5|7|8
67.4|70.3|0|389|4.5|4.5|7|8
67.5|70.36|0|390|4.5|4.5|7|8
67.6|70.3|0|390|4.5|4.5|7|8
67.7|70.28|0|390|4.5|4.5|7|8
67.8|70.34|0|390|4.5|4.5|7|8
67.9|70.31|0|390|4.5|4.5|7|8
68|70.27|0|390|4.5|4.5|7|8
68.1|70.31|0|390|4.5|4.5|7|8
68.2|70.38|0|390|4.5|4.5|7|8
68.3|70.31|0|390|4.5|4.5|7|8
68.4|70.32|0|390|4.5|4.5|7|8
68.5|70.31|0|390|4.5|4.5|7|8
68.6|70.31|0|390|4.5|4.5|7|8
68.7|70.32|0|390|4.5|4.5|7|8
68.8|70.32|0|390|4.5|4.5|7|8
68.9|70.31|0|390|4.5|4.5|7|8
69|70.27|0|390|4.5|4.5|7|8
69.1|70.32|0|390|4.5|4.5|7|8
69.2|70.32|0|390|4.5|4.5|7|8
69.3|70.27|0|390|4.5|4.5|7|8
69.4|70.3|0|390|4.5|4.5|7|8
69.5|70.36|0|390|4.5|4.5|7|8
69.6|70.3|0|390|4.5|4.5|7|8
69.7|70.27|0|390|4.5|4.5|7|8
69.8|70.31|0|390|4.5|4.5|7|8
69.9|70.35|0|390|4.5|4.5|7|8
70|70.27|0|390|4.5|4.5|7|8
70.1|70.3|0|390|4.5|4.5|7|8
70.2|70.38|0|390|4.5|4.5|8|8
70.3|70.31|0|390|4.5|4.5|8|8
70.4|70.31|0|390|4.5|4.5|8|8
70.5|70.14|0|390|4.5|4.5|8|8
70.6|70.06|0|390|4.5|4.5|8|8
70.7|70.11|0|389|4.5|4.5|8|8
70.8|70.12|0|389|4.5|4.5|8|8
70.9|70.22|0|389|4.5|4.5|8|8
71|70.16|0|390|4.5|4.5|8|8
71.1|70.23|0|390|4.5|4.5|8|8
71.2|70.24|0|390|4.5|4.5|8|8
71.3|70.26|0|390|4.5|4.5|8|8
71.4|70.27|0|390|4.5|4.5|8|8
71.5|70.27|0|390|4.5|4.5|8|8
71.6|70.27|0|390|4.5|4.4|8|8
71.7|70.27|0|390|4.4|4.4|8|8
71.8|70.24|0|390|4.4|4.4|8|8
71.9|70.26|0|390|4.4|4.4|8|8
72|70.27|0|390|4.4|4.4|8|8
72.1|70.27|0|389|4.4|4.4|8|8
72.2|70.27|0|389|4.4|4.4|8|8
72.3|72.08|0|389|4.4|4.4|8|8
72.4|74.97|0|389|4.4|4.4|8|8
72.5|77.89|0|389|4.4|4.4|8|8
72.6|80.82|0|389|4.4|4.4|8|8
72.7|83.74|0|389|4.4|4.4|8|8
72.8|86.59|0|390|4.4|4.4|8|8
72.9|89.43|0|389|4.4|4.4|8|8
73|92.35|0|389|4.4|4.4|8|8
73.1|94.52|0|389|4.4|4.4|8|8
73.2|95.42|0|390|4.4|4.4|8|8
73.3|95.8|0|390|4.4|4.4|8|8
