0|96.14|1345|408|5.1|5.1|1|8
0.1|96.13|1611|412|5.1|5.1|1|8
0.2|96.08|1626|413|5.1|5.1|1|8
0.3|96.08|1631|413|5.1|5.1|1|8
0.4|96.16|1634|413|5.1|5.1|1|8
0.5|96.13|1639|413|5.1|5.1|3|8
0.6|96.09|1644|413|5.1|5.1|3|8
0.7|96.08|1652|413|5.1|5.1|3|8
0.8|96.16|1657|413|5.1|5.1|3|8
0.9|96.09|1662|414|5.1|5.1|3|8
1|96.05|1668|414|5.1|5.1|3|8
1.1|96.02|1673|414|5.1|5.1|3|8
1.2|96.05|1675|414|5.1|5.1|3|8
1.3|96.08|1678|414|5.1|5.1|3|8
1.4|96.02|1680|414|5.1|5.1|3|8
1.5|96.09|1683|414|5.1|5.1|3|8
1.6|96.01|1686|414|5.1|5.1|3|8
1.7|96.04|1688|414|5.1|5.1|3|8
1.8|96.08|1691|414|5.1|5.1|3|8
1.9|96.04|1691|414|5.1|5.1|3|8
2|96.05|1693|414|5.1|5.1|3|8
2.1|96.02|1696|414|5.1|5.1|3|8
2.2|96.06|1693|414|5.1|5.1|3|8
2.3|96.02|1696|414|5.1|5.1|3|8
2.4|96.05|1698|414|5.1|5.1|3|8
2.5|96.1|1698|414|5.1|5.1|4|8
2.6|96.35|1698|414|5.1|5.1|4|8
2.7|96.67|1673|414|5.2|5.2|4|8
2.8|96.76|1670|414|5.2|5.1|4|8
2.9|97.45|1139|414|5.2|5.2|5|8
3|98.02|1062|413|5.2|5.2|5|8
3.1|98.1|1059|413|5.2|5.2|5|8
3.2|98.16|1057|413|5.2|5.2|5|8
3.3|98.13|1057|413|5.2|5.2|5|8
3.4|98.21|1057|413|5.2|5.2|5|8
3.5|98.24|1057|413|5.2|5.2|5|8
3.6|98.24|1054|413|5.2|5.2|5|8
3.7|98.24|1054|413|5.2|5.2|5|8
3.8|98.24|1054|413|5.2|5.2|5|8
3.9|98.29|1054|413|5.2|5.2|5|8
4|98.27|1054|413|5.2|5.2|5|8
4.1|98.21|1054|413|5.2|5.2|5|8
4.2|98.25|1054|413|5.2|5.2|5|8
4.3|98.28|1054|413|5.2|5.2|5|8
4.4|98.25|1054|413|5.2|5.2|5|8
4.5|98.24|1054|413|5.2|5.2|5|8
4.6|98.25|1054|413|5.2|5.2|5|8
4.7|98.24|1057|414|5.2|5.2|5|8
4.8|98.24|1054|414|5.2|5.2|5|8
4.9|98.25|1054|413|5.2|5.2|2|8
5|98.21|1054|414|5.2|5.2|2|8
5.1|98.12|1054|414|5.2|5.2|2|8
5.2|97.74|1054|414|5.2|5.2|2|8
5.3|97.04|1106|414|5.2|5.2|2|8
5.4|96.56|1634|414|5.2|5.2|3|8
5.5|96.14|1688|415|5.2|5.2|3|8
5.6|96.02|1701|416|5.2|5.2|3|8
5.7|95.93|1704|416|5.2|5.2|3|8
5.8|95.86|1709|416|5.2|5.2|3|8
5.9|95.86|1711|416|5.2|5.2|3|8
6|95.85|1711|416|5.2|5.2|3|8
6.1|95.93|1714|416|5.2|5.2|3|8
6.2|95.94|1714|416|5.2|5.2|3|8
6.3|95.97|1719|416|5.2|5.2|3|8
6.4|95.86|1722|416|5.2|5.2|3|8
6.5|95.88|1722|416|5.2|5.2|3|8
6.6|95.84|1722|416|5.2|5.2|3|8
6.7|95.92|1724|416|5.2|5.2|3|8
6.8|95.94|1724|416|5.2|5.2|3|8
6.9|96|1727|416|5.2|5.2|3|8
7|95.9|1729|416|5.3|5.2|3|8
7.1|95.92|1729|416|5.3|5.2|3|8
7.2|95.89|1732|416|5.3|5.3|3|8
7.3|95.85|1732|416|5.3|5.3|3|8
7.4|95.93|1732|416|5.3|5.3|4|8
7.5|96.08|1732|416|5.3|5.3|4|8
7.6|96.23|1729|416|5.3|5.3|4|8
7.7|96.44|1729|416|5.3|5.3|4|8
7.8|97.2|1562|417|5.3|5.3|4|8
7.9|97.76|1072|416|5.3|5.3|5|8
8|98.05|1064|416|5.3|5.3|5|8
8.1|98.09|1062|416|5.3|5.3|5|8
8.2|98.08|1062|415|5.3|5.3|5|8
8.3|98.16|1059|416|5.3|5.3|5|8
8.4|98.16|1059|416|5.3|5.3|5|8
8.5|98.22|1057|416|5.3|5.3|5|8
8.6|98.14|1057|416|5.3|5.3|5|8
8.7|98.21|1057|416|5.3|5.3|5|8
8.8|98.13|1057|416|5.3|5.3|5|8
8.9|98.13|1057|416|5.3|5.3|5|8
9|98.21|1054|415|5.3|5.3|5|8
9.1|98.04|1057|415|5.3|5.3|5|8
9.2|98.22|1057|416|5.3|5.3|5|8
9.3|98.12|1057|416|5.3|5.3|5|8
9.4|98.16|1057|416|5.3|5.3|5|8
9.5|98.14|1057|416|5.3|5.3|5|8
9.6|98.14|1054|416|5.3|5.3|5|8
9.7|98.2|1054|416|5.3|5.3|5|8
9.8|98.04|1054|416|5.3|5.3|5|8
9.9|98.1|1054|416|5.3|5.3|2|8
10|97.97|1054|416|5.3|5.3|2|8
10.1|97.82|1054|416|5.3|5.3|2|8
10.2|97.3|1057|416|5.3|5.3|2|8
10.3|96.71|1247|416|5.3|5.3|2|8
10.4|96.2|1680|416|5.3|5.3|3|8
10.5|95.88|1714|417|5.3|5.3|3|8
10.6|95.81|1729|417|5.3|5.3|3|8
10.7|95.66|1735|417|5.3|5.3|3|8
10.8|95.59|1745|416|5.3|5.3|3|8
10.9|95.59|1760|400|5.3|5.3|3|8
11|95.8|1763|394|5.3|5.3|3|8
11.1|95.68|1768|392|5.3|5.3|3|8
11.2|95.63|1771|392|5.3|5.3|3|8
11.3|95.62|1771|392|5.3|5.3|3|8
11.4|95.59|1771|391|5.3|5.3|3|8
11.5|95.76|1773|391|5.3|5.3|3|8
11.6|95.69|1773|391|5.3|5.3|3|8
11.7|95.68|1776|391|5.3|5.3|3|8
11.8|95.59|1776|391|5.3|5.3|3|8
11.9|95.61|1776|391|5.3|5.3|3|8
12|95.66|1776|391|5.3|5.3|3|8
12.1|95.68|1776|391|5.3|5.3|3|8
12.2|95.72|1778|391|5.3|5.3|3|8
12.3|95.68|1778|391|5.3|5.3|3|8
12.4|95.59|1781|391|5.3|5.3|4|8
12.5|95.8|1778|391|5.3|5.4|4|8
12.6|96.01|1760|391|5.3|5.3|4|8
12.7|96.35|1740|391|5.3|5.3|4|8
12.8|97.04|1232|392|5.4|5.4|5|8
12.9|97.58|1075|390|5.4|5.4|5|8
13|97.67|1072|390|5.4|5.4|5|8
13.1|97.8|1070|390|5.4|5.4|5|8
13.2|97.89|1070|390|5.4|5.4|5|8
13.3|97.85|1070|390|5.4|5.4|5|8
13.4|97.85|1070|390|5.4|5.4|5|8
13.5|97.81|1067|390|5.4|5.4|5|8
13.6|97.89|1067|390|5.4|5.4|5|8
13.7|97.82|1067|390|5.4|5.4|5|8
13.8|97.81|1067|390|5.4|5.4|5|8
13.9|97.9|1067|390|5.4|5.4|5|8
14|97.82|1067|390|5.4|5.4|5|8
14.1|97.9|1064|390|5.4|5.4|5|8
14.2|97.81|1064|390|5.4|5.4|5|8
14.3|97.84|1064|390|5.4|5.4|5|8
14.4|97.88|1064|390|5.4|5.4|5|8
14.5|97.84|1064|390|5.4|5.4|5|8
14.6|97.82|1064|390|5.4|5.4|5|8
14.7|97.86|1064|390|5.4|5.4|5|8
14.8|97.85|1064|390|5.4|5.4|2|8
14.9|97.76|1064|390|5.4|5.4|2|8
15|97.69|1064|390|5.4|5.4|2|8
15.1|97.49|1064|390|5.4|5.4|2|8
15.2|96.76|1077|390|5.4|5.4|2|8
15.3|96.2|1402|391|5.4|5.4|2|8
15.4|95.74|1732|391|5.4|5.4|3|8
15.5|95.54|1763|391|5.4|5.4|3|8
15.6|95.49|1771|391|5.4|5.4|3|8
15.7|95.38|1776|391|5.4|5.4|3|8
15.8|95.33|1778|391|5.4|5.4|3|8
15.9|95.39|1781|391|5.4|5.4|3|8
16|95.37|1784|391|5.4|5.4|3|8
16.1|95.39|1786|391|5.4|5.4|3|8
16.2|95.34|1786|391|5.4|5.4|3|8
16.3|95.33|1789|391|5.4|5.4|3|8
16.4|95.35|1789|391|5.4|5.4|3|8
16.5|95.37|1791|392|5.4|5.4|3|8
16.6|95.35|1791|392|5.4|5.4|3|8
16.7|95.37|1791|392|5.4|5.4|3|8
16.8|95.37|1791|391|5.4|5.4|3|8
16.9|95.35|1791|391|5.4|5.4|3|8
17|95.37|1794|391|5.4|5.4|3|8
17.1|95.37|1794|391|5.4|5.4|3|8
17.2|95.37|1794|391|5.4|5.4|3|8
17.3|95.37|1794|391|5.4|5.4|3|8
17.4|95.39|1794|391|5.4|5.4|4|8
17.5|95.58|1789|391|5.4|5.4|4|8
17.6|95.76|1778|392|5.4|5.4|4|8
17.7|96.28|1714|392|5.4|5.4|4|8
17.8|96.9|1090|391|5.4|5.4|5|8
17.9|97.25|1072|390|5.4|5.4|5|8
18|97.39|1072|390|5.4|5.4|5|8
18.1|97.39|1070|390|5.4|5.4|5|8
18.2|97.41|1070|390|5.4|5.4|5|8
18.3|97.41|1070|390|5.4|5.4|5|8
18.4|97.38|1067|390|5.4|5.4|5|8
18.5|97.38|1067|390|5.4|5.4|5|8
18.6|97.39|1067|390|5.4|5.4|5|8
18.7|97.39|1067|390|5.4|5.4|5|8
18.8|97.38|1067|390|5.4|5.4|5|8
18.9|97.41|1067|390|5.4|5.4|5|8
19|97.39|1067|390|5.4|5.4|5|8
19.1|97.39|1067|390|5.4|5.4|5|8
19.2|97.39|1064|390|5.4|5.4|5|8
19.3|97.39|1064|390|5.4|5.4|5|8
19.4|97.39|1067|390|5.4|5.4|5|8
19.5|97.39|1064|390|5.4|5.4|5|8
19.6|97.39|1067|390|5.4|5.4|5|8
19.7|97.39|1064|390|5.4|5.4|5|8
19.8|97.39|1064|390|5.4|5.4|2|8
19.9|97.22|1064|390|5.4|5.4|2|8
20|97.14|1062|390|5.4|5.4|2|8
20.1|96.6|1064|390|5.4|5.4|2|8
20.2|95.93|1472|390|5.4|5.4|2|8
20.3|95.51|1729|391|5.4|5.4|3|8
20.4|95.35|1771|391|5.4|5.4|3|8
20.5|95.22|1781|391|5.4|5.4|3|8
20.6|95.17|1786|391|5.4|5.4|3|8
20.7|95.15|1791|391|5.4|5.4|3|8
20.8|95.15|1791|391|5.4|5.4|3|8
20.9|95.19|1794|391|5.4|5.4|3|8
21|95.17|1796|391|5.4|5.4|3|8
21.1|95.12|1796|391|5.4|5.4|3|8
21.2|95.21|1799|391|5.4|5.4|3|8
21.3|95.21|1799|391|5.4|5.4|3|8
21.4|95.21|1802|391|5.4|5.4|3|8
21.5|95.23|1802|391|5.4|5.4|3|8
21.6|95.22|1802|391|5.4|5.4|3|8
21.7|95.22|1804|391|5.4|5.4|3|8
21.8|95.21|1804|391|5.4|5.4|3|8
21.9|95.18|1804|391|5.4|5.4|3|8
22|95.15|1807|391|5.4|5.4|3|8
22.1|95.15|1807|391|5.4|5.4|3|8
22.2|95.18|1807|391|5.4|5.4|3|8
22.3|95.14|1809|391|5.4|5.4|4|8
22.4|95.39|1802|391|5.4|5.4|4|8
22.5|95.42|1791|391|5.4|5.4|4|8
22.6|96.23|1312|392|5.4|5.4|4|8
22.7|96.72|1077|391|5.4|5.4|5|8
22.8|96.96|1072|391|5.4|5.4|5|8
22.9|97.06|1070|390|5.4|5.4|5|8
23|97.06|1070|390|5.4|5.4|5|8
23.1|97.02|1067|390|5.4|5.4|5|8
23.2|97.1|1067|390|5.4|5.4|5|8
23.3|97.12|1067|390|5.4|5.4|5|8
23.4|97.11|1067|390|5.4|5.4|5|8
23.5|97.06|1067|390|5.4|5.4|5|8
23.6|97.11|1067|390|5.4|5.4|5|8
23.7|97.14|1064|390|5.4|5.4|5|8
23.8|97.04|1064|390|5.4|5.4|5|8
23.9|97.08|1067|390|5.4|5.4|5|8
24|97.06|1064|390|5.4|5.4|5|8
24.1|97.07|1064|390|5.4|5.4|5|8
24.2|97.15|1064|390|5.4|5.4|5|8
24.3|97.12|1064|390|5.4|5.4|5|8
24.4|97.12|1064|390|5.4|5.4|5|8
24.5|97.12|1064|390|5.4|5.4|5|8
24.6|97.04|1064|390|5.4|5.4|5|8
24.7|97.11|1064|390|5.4|5.4|2|8
24.8|96.9|1064|390|5.4|5.4|2|8
24.9|96.83|1064|390|5.4|5.4|2|8
25|96.08|1072|390|5.4|5.4|2|8
25.1|95.53|1647|390|5.4|5.4|3|8
25.2|95.23|1763|390|5.4|5.4|3|8
25.3|95.04|1786|391|5.4|5.4|3|8
25.4|94.95|1794|391|5.4|5.4|3|8
25.5|94.87|1799|391|5.4|5.4|3|8
25.6|94.87|1802|391|5.4|5.4|3|8
25.7|94.87|1804|390|5.4|5.4|3|8
25.8|94.9|1804|390|5.4|5.4|3|8
25.9|94.9|1807|390|5.4|5.4|3|8
26|94.84|1809|390|5.4|5.4|3|8
26.1|94.8|1809|390|5.4|5.4|3|8
26.2|94.86|1809|390|5.4|5.4|3|8
26.3|94.92|1809|390|5.4|5.4|3|8
26.4|94.95|1812|390|5.4|5.4|3|8
26.5|94.82|1812|390|5.4|5.4|3|8
26.6|94.91|1812|390|5.4|5.4|3|8
26.7|94.91|1812|390|5.4|5.4|3|8
26.8|94.92|1812|390|5.4|5.4|3|8
26.9|94.83|1812|390|5.4|5.4|3|8
27|94.84|1812|390|5.4|5.4|3|8
27.1|94.84|1812|390|5.4|5.4|4|8
27.2|94.98|1812|390|5.4|5.4|4|8
27.3|95.21|1804|390|5.4|5.4|4|8
27.4|95.29|1794|390|5.4|5.4|4|8
27.5|96.05|1284|391|5.4|5.4|5|8
27.6|96.59|1075|391|5.4|5.4|5|8
27.7|96.76|1070|391|5.4|5.4|5|8
27.8|96.79|1070|390|5.4|5.4|5|8
27.9|96.86|1067|390|5.4|5.4|5|8
28|96.94|1067|390|5.4|5.4|5|8
28.1|96.95|1067|390|5.4|5.4|5|8
28.2|96.86|1067|390|5.4|5.4|5|8
28.3|96.9|1067|390|5.4|5.4|5|8
28.4|96.88|1064|390|5.4|5.4|5|8
28.5|96.88|1064|390|5.4|5.4|5|8
28.6|96.9|1064|390|5.4|5.4|5|8
28.7|96.92|1064|390|5.4|5.4|5|8
28.8|96.94|1064|390|5.4|5.4|5|8
28.9|96.83|1062|390|5.4|5.4|5|8
29|96.88|1062|390|5.4|5.4|5|8
29.1|96.88|1062|390|5.4|5.4|5|8
29.2|96.86|1062|390|5.4|5.4|5|8
29.3|96.94|1062|390|5.4|5.4|5|8
29.4|96.98|1062|390|5.4|5.4|5|8
29.5|96.86|1062|390|5.4|5.4|2|8
29.6|96.86|1062|390|5.4|5.4|2|8
29.7|96.7|1062|390|5.4|5.4|2|8
29.8|96.56|1062|390|5.4|5.4|2|8
29.9|95.82|1080|390|5.4|5.4|2|8
30|95.3|1686|390|5.4|5.4|3|8
30.1|94.9|1773|390|5.4|5.4|3|8
30.2|94.78|1791|390|5.4|5.4|3|8
30.3|94.75|1799|390|5.4|5.4|3|8
30.4|94.82|1802|390|5.4|5.4|3|8
30.5|94.68|1809|390|5.4|5.4|3|8
30.6|94.68|1812|390|5.4|5.4|3|8
30.7|94.71|1814|390|5.4|5.4|3|8
30.8|94.68|1814|390|5.4|5.4|3|8
30.9|94.67|1817|390|5.4|5.4|3|8
31|94.67|1820|390|5.4|5.4|3|8
31.1|94.7|1822|390|5.4|5.4|3|8
31.2|94.66|1825|390|5.4|5.4|3|8
31.3|94.68|1825|390|5.4|5.4|3|8
31.4|94.67|1825|390|5.4|5.4|3|8
31.5|94.66|1825|390|5.4|5.4|3|8
31.6|94.64|1825|390|5.4|5.4|3|8
31.7|94.67|1825|390|5.4|5.4|3|8
31.8|94.68|1827|390|5.4|5.4|3|8
31.9|94.63|1825|390|5.4|5.4|3|8
32|94.7|1827|390|5.4|5.4|4|8
32.1|94.68|1827|390|5.4|5.4|4|8
32.2|94.99|1814|390|5.4|5.4|4|8
32.3|95.15|1799|390|5.4|5.4|4|8
32.4|95.9|1170|391|5.4|5.4|5|8
32.5|96.44|1075|391|5.4|5.4|5|8
32.6|96.56|1072|390|5.4|5.4|5|8
32.7|96.67|1070|390|5.4|5.4|5|8
32.8|96.64|1070|390|5.4|5.4|5|8
32.9|96.63|1067|390|5.4|5.4|5|8
33|96.65|1067|390|5.4|5.4|5|8
33.1|96.63|1067|390|5.4|5.4|5|8
33.2|96.75|1067|390|5.4|5.4|5|8
33.3|96.78|1067|390|5.4|5.4|5|8
33.4|96.65|1064|390|5.4|5.4|5|8
33.5|96.65|1064|390|5.4|5.4|5|8
33.6|96.72|1064|390|5.4|5.4|5|8
33.7|96.79|1064|390|5.4|5.4|5|8
33.8|96.59|1064|390|5.4|5.4|5|8
33.9|96.65|1064|390|5.4|5.4|5|8
34|96.72|1064|390|5.4|5.4|5|8
34.1|96.75|1064|390|5.4|5.4|5|8
34.2|96.63|1064|390|5.4|5.4|5|8
34.3|96.76|1064|390|5.4|5.4|5|8
34.4|96.68|1062|390|5.4|5.4|2|8
34.5|96.71|1062|390|5.4|5.4|2|8
34.6|96.52|1062|390|5.4|5.4|2|8
34.7|96.24|1062|390|5.4|5.4|2|8
34.8|95.55|1082|390|5.4|5.4|2|8
34.9|95.02|1706|390|5.4|5.4|3|8
35|94.82|1786|390|5.4|5.4|3|8
35.1|94.67|1807|390|5.4|5.4|3|8
35.2|94.55|1814|390|5.4|5.4|3|8
35.3|94.52|1822|390|5.4|5.4|3|8
35.4|94.48|1827|390|5.4|5.4|3|8
35.5|94.4|1827|390|5.4|5.4|3|8
35.6|94.49|1830|390|5.4|5.4|3|8
35.7|94.51|1830|390|5.4|5.4|3|8
35.8|94.49|1830|390|5.4|5.4|3|8
35.9|94.47|1832|390|5.4|5.4|3|8
36|94.43|1832|390|5.4|5.4|3|8
36.1|94.43|1832|390|5.4|5.4|3|8
36.2|94.49|1835|390|5.4|5.4|3|8
36.3|94.44|1835|390|5.4|5.4|3|8
36.4|94.44|1835|390|5.4|5.4|3|8
36.5|94.53|1835|390|5.4|5.4|3|8
36.6|94.48|1835|390|5.4|5.4|3|8
36.7|94.4|1835|390|5.4|5.4|3|8
36.8|94.49|1835|390|5.4|5.4|3|8
36.9|94.49|1838|390|5.4|5.4|4|8
37|94.6|1838|390|5.4|5.4|4|8
37.1|94.83|1825|390|5.4|5.4|4|8
37.2|95|1809|390|5.4|5.4|4|8
37.3|95.73|1152|390|5.4|5.4|2|8
37.4|95.86|1077|390|5.4|5.4|2|8
37.5|95.88|1072|390|5.4|5.4|2|8
37.6|95.98|1070|390|5.4|5.4|2|8
37.7|95.9|1070|390|5.4|5.4|2|8
37.8|95.8|1070|390|5.4|5.4|2|8
37.9|95.77|1067|390|5.4|5.4|2|8
38|95.78|1067|390|5.4|5.4|2|8
38.1|95.78|1067|390|5.4|5.4|2|8
38.2|95.76|1067|390|5.4|5.4|2|8
38.3|95.58|1067|390|5.4|5.4|2|8
38.4|95.47|1067|390|5.4|5.4|2|8
38.5|95.34|1124|390|5.4|5.4|2|8
38.6|95.27|1157|390|5.4|5.4|2|8
38.7|95.21|1095|390|5.4|5.4|2|8
38.8|95.23|1178|390|5.4|5.4|2|8
38.9|95.07|1121|390|5.4|5.4|2|8
39|95.04|1206|390|5.4|5.4|2|8
39.1|94.99|1616|390|5.4|5.4|2|8
39.2|94.9|1675|390|5.4|5.4|2|8
39.3|95.12|1683|390|5.4|5.4|2|8
39.4|95.25|1649|390|5.4|5.4|2|8
39.5|95.41|1088|390|5.4|5.4|2|8
39.6|95.51|1067|390|5.4|5.4|2|8
39.7|95.5|1067|390|5.4|5.4|2|8
39.8|95.46|1064|390|5.4|5.4|2|8
39.9|95.51|1064|390|5.4|5.4|2|8
40|95.5|1064|390|5.4|5.4|2|8
40.1|95.39|1064|390|5.4|5.4|2|8
40.2|95.31|1082|390|5.4|5.4|2|8
40.3|95.23|1327|390|5.4|5.4|2|8
40.4|95.22|1157|390|5.4|5.4|2|8
40.5|95.04|1175|390|5.4|5.4|2|8
40.6|95.06|1131|390|5.4|5.4|2|8
40.7|94.98|1198|390|5.4|5.4|2|8
40.8|94.92|1575|390|5.4|5.4|2|8
40.9|94.88|1662|390|5.4|5.4|2|8
41|95.11|1642|390|5.4|5.4|2|8
41.1|95.23|1108|390|5.4|5.4|2|8
41.2|95.29|1067|390|5.4|5.4|2|8
41.3|95.41|1064|390|5.4|5.4|2|8
41.4|95.37|1064|389|5.4|5.4|2|8
41.5|95.33|1062|389|5.4|5.4|2|8
41.6|95.23|1062|389|5.4|5.4|2|8
41.7|95.25|1062|389|5.4|5.4|2|8
41.8|95.08|1070|388|5.4|5.4|2|8
41.9|95.04|1085|389|5.4|5.4|2|8
42|95.06|1067|388|5.4|5.4|2|8
42.1|94.86|1067|390|5.4|5.4|2|8
42.2|94.95|1237|389|5.4|5.4|2|8
42.3|94.9|1657|390|5.4|5.4|2|8
42.4|94.87|1680|390|5.4|5.4|2|8
42.5|95.08|1670|390|5.4|5.4|2|8
42.6|95.22|1423|390|5.4|5.4|2|8
42.7|95.3|1072|390|5.4|5.4|2|8
42.8|95.38|1064|389|5.4|5.4|2|8
42.9|95.46|1064|389|5.4|5.4|2|8
43|95.43|1064|389|5.4|5.4|2|8
43.1|95.34|1080|389|5.4|5.4|2|8
43.2|95.29|1064|389|5.4|5.4|2|8
43.3|95.19|1062|389|5.4|5.4|2|8
43.4|95.22|1111|388|5.4|5.4|2|8
43.5|95.04|1178|389|5.4|5.4|2|8
43.6|95|1263|389|5.4|5.4|2|8
43.7|94.84|1500|390|5.4|5.4|2|8
43.8|95|1253|390|5.4|5.4|2|8
43.9|95.1|1064|389|5.4|5.4|2|8
44|95.07|1062|388|5.4|5.4|2|8
44.1|95|1062|388|5.4|5.4|2|8
44.2|94.87|1485|388|5.4|5.4|2|8
44.3|94.96|1634|389|5.4|5.4|2|8
44.4|95.06|1639|389|5.4|5.4|2|8
44.5|95.15|1606|389|5.4|5.4|2|8
44.6|95.29|1103|389|5.4|5.4|2|8
44.7|95.34|1064|388|5.4|5.4|2|8
44.8|95.42|1064|388|5.4|5.4|2|8
44.9|95.39|1062|388|5.4|5.4|2|8
45|95.43|1062|388|5.4|5.4|2|8
45.1|95.46|1062|388|5.4|5.4|2|8
45.2|95.33|1062|388|5.4|5.4|2|8
45.3|95.26|1062|388|5.4|5.4|2|8
45.4|95.21|1062|388|5.4|5.4|2|8
45.5|95.06|1077|388|5.4|5.4|2|8
45.6|95.03|1075|388|5.4|5.4|2|8
45.7|94.83|1155|388|5.4|5.4|2|8
45.8|94.87|1062|388|5.4|5.4|2|8
45.9|94.96|1093|388|5.4|5.4|2|8
46|94.76|1294|388|5.4|5.4|2|8
46.1|94.78|1247|389|5.4|5.4|2|8
46.2|94.7|1363|388|5.4|5.4|2|8
46.3|94.6|1327|389|5.4|5.4|2|8
46.4|94.52|1399|388|5.4|5.4|2|8
46.5|94.41|1338|388|5.4|5.4|2|8
46.6|94.4|1260|388|5.4|5.4|2|8
46.7|94.35|1374|388|5.4|5.4|2|8
46.8|94.25|1374|389|5.4|5.4|2|8
46.9|94.12|1216|389|5.4|5.4|2|8
47|94.05|1162|388|5.4|5.4|2|8
47.1|93.98|1201|388|5.4|5.4|2|8
47.2|93.94|1289|388|5.4|5.4|2|8
47.3|93.96|1276|388|5.4|5.4|2|8
47.4|93.89|1276|388|5.4|5.4|2|8
47.5|93.7|1121|388|5.4|5.4|2|8
47.6|93.61|1227|388|5.4|5.4|2|8
47.7|93.46|1070|388|5.4|5.4|2|8
47.8|93.49|1152|388|5.4|5.4|2|8
47.9|93.54|1209|388|5.4|5.4|2|8
48|93.37|1284|388|5.4|5.4|2|8
48.1|93.06|1129|388|5.4|5.4|2|8
48.2|93.18|1088|388|5.4|5.4|2|8
48.3|93.11|1278|388|5.4|5.4|2|8
48.4|93.1|1255|390|5.4|5.4|2|8
48.5|92.95|1299|389|5.4|5.4|2|8
48.6|92.83|1232|389|5.4|5.4|2|8
48.7|92.71|1242|389|5.4|5.4|2|8
48.8|92.7|1227|389|5.4|5.4|2|8
48.9|92.62|1273|389|5.4|5.4|2|8
49|92.41|1245|390|5.4|5.4|2|8
49.1|92.39|1152|390|5.4|5.4|2|8
49.2|92.37|1157|389|5.4|5.4|2|8
49.3|92.17|1173|389|5.4|5.4|2|8
49.4|92.12|1191|388|5.4|5.4|2|8
49.5|92.08|1155|388|5.4|5.4|2|8
49.6|91.98|1180|388|5.4|5.4|2|8
49.7|91.84|1204|388|5.4|5.4|2|8
49.8|91.65|1209|389|5.4|5.4|2|8
49.9|91.56|1193|389|5.4|5.4|2|8
50|91.6|1157|389|5.4|5.4|2|8
50.1|91.39|1173|388|5.4|5.4|2|8
50.2|91.35|1201|389|5.4|5.4|2|8
50.3|91.22|1291|390|5.4|5.4|2|8
50.4|90.96|1137|390|5.4|5.4|2|8
50.5|91.07|1082|389|5.4|5.4|2|8
50.6|90.91|1214|388|5.4|5.4|2|8
50.7|90.87|1183|388|5.4|5.4|2|8
50.8|90.63|1271|388|5.4|5.4|2|8
50.9|90.56|1157|388|5.4|5.4|2|8
51|90.47|1139|389|5.4|5.4|2|8
51.1|90.41|1314|388|5.4|5.4|2|8
51.2|90.23|1343|389|5.4|5.4|2|8
51.3|90.15|1245|388|5.4|5.4|2|8
51.4|89.97|1165|390|5.4|5.4|2|8
51.5|89.81|1204|389|5.4|5.4|2|8
51.6|89.74|1131|390|5.4|5.4|2|8
51.7|89.66|1284|390|5.4|5.4|2|8
51.8|89.5|1201|389|5.4|5.4|2|8
51.9|89.39|1142|389|5.4|5.4|2|8
52|89.19|1180|389|5.4|5.4|2|8
52.1|89.18|1111|388|5.4|5.4|2|8
52.2|89.01|1268|389|5.4|5.4|2|8
52.3|88.9|1214|388|5.4|5.4|2|8
52.4|88.75|1209|389|5.4|5.4|2|8
52.5|88.63|1276|390|5.4|5.4|2|8
52.6|88.48|1363|390|5.4|5.4|2|8
52.7|88.31|1139|390|5.4|5.4|2|8
52.8|88.23|1304|390|5.4|5.4|2|8
52.9|88.08|1126|390|5.4|5.4|2|8
53|87.93|1253|390|5.4|5.4|2|8
53.1|87.73|1160|390|5.4|5.4|2|8
53.2|87.64|1209|390|5.4|5.4|2|8
53.3|87.41|1376|390|5.4|5.4|2|8
53.4|87.35|1126|390|5.4|5.4|2|8
53.5|87.18|1253|390|5.4|5.4|2|8
53.6|87.03|1235|390|5.4|5.4|2|8
53.7|86.79|1296|390|5.4|5.4|2|8
53.8|86.71|1260|391|5.4|5.4|2|8
53.9|86.58|1214|390|5.4|5.4|2|8
54|86.33|1240|391|5.4|5.4|2|8
54.1|86.23|1188|390|5.4|5.4|2|8
54.2|86.03|1240|390|5.4|5.4|2|8
54.3|85.96|1255|390|5.4|5.4|2|8
54.4|85.78|1216|390|5.4|5.4|2|8
54.5|85.57|1242|390|5.4|5.4|2|8
54.6|85.45|1438|390|5.4|5.4|2|8
54.7|85.26|1134|390|5.4|5.4|2|8
54.8|85.19|1095|390|5.4|5.4|2|8
54.9|85.07|1260|390|5.4|5.4|2|8
55|84.99|1160|389|5.4|5.4|2|8
55.1|84.99|1131|389|5.4|5.4|2|8
55.2|84.85|1206|390|5.4|5.4|2|8
55.3|84.8|1209|390|5.4|5.4|2|8
55.4|84.64|1193|390|5.4|5.4|2|8
55.5|84.63|1162|390|5.4|5.4|2|8
55.6|84.47|1209|390|5.4|5.4|2|8
55.7|84.4|1201|390|5.4|5.4|2|8
55.8|84.25|1180|390|5.4|5.4|2|8
55.9|84.2|1183|390|5.4|5.4|2|8
56|83.92|1173|390|5.4|5.4|2|8
56.1|83.88|1209|390|5.4|5.4|2|8
56.2|83.69|1232|390|5.4|5.4|2|8
56.3|83.6|1276|390|5.4|5.4|2|8
56.4|83.37|1240|390|5.4|5.4|2|8
56.5|83.14|1186|389|5.4|5.4|6|8
56.6|82.16|1778|390|5.4|5.4|6|8
56.7|79.54|1889|389|5.4|5.4|6|8
56.8|76.73|80|388|5.4|5.4|7|8
56.9|74.42|0|387|5.4|5.4|7|8
57|73.24|0|386|5.4|5.4|7|8
57.1|72.74|0|386|5.4|5.4|7|8
57.2|72.45|0|386|5.4|5.4|7|8
57.3|72.35|0|386|5.4|5.4|7|8
57.4|72.31|0|386|5.4|5.4|7|8
57.5|72.3|0|386|5.4|5.4|7|8
57.6|72.28|0|386|5.4|5.4|7|8
57.7|72.28|0|386|5.4|5.4|7|8
57.8|72.3|0|385|5.4|5.4|7|8
57.9|72.27|0|386|5.4|5.4|7|8
58|72.28|0|386|5.4|5.4|7|8
58.1|72.26|0|386|5.4|5.4|7|8
58.2|72.24|0|385|5.4|5.4|7|8
58.3|72.28|0|385|5.4|5.4|7|8
58.4|72.27|0|386|5.4|5.4|7|8
58.5|72.3|0|386|5.4|5.4|7|8
58.6|72.24|0|385|5.4|5.4|7|8
58.7|72.24|0|385|5.4|5.4|7|8
58.8|72.27|0|385|5.4|5.4|7|8
58.9|72.24|0|385|5.4|5.4|7|8
59|72.2|0|386|5.4|5.4|7|8
59.1|72.28|0|385|5.4|5.4|7|8
59.2|72.22|0|385|5.4|5.4|7|8
59.3|72.28|0|386|5.4|5.4|7|8
59.4|72.22|0|386|5.4|5.4|7|8
59.5|72.26|0|386|5.4|5.4|7|8
59.6|72.26|0|386|5.4|5.4|7|8
59.7|72.26|0|386|5.4|5.4|7|8
59.8|72.23|0|386|5.4|5.4|7|8
59.9|72.22|0|386|5.4|5.4|7|8
60|72.27|0|385|5.4|5.4|7|8
60.1|72.23|0|385|5.4|5.4|7|8
60.2|72.26|0|385|5.4|5.4|7|8
60.3|72.27|0|385|5.4|5.4|7|8
60.4|72.22|0|385|5.4|5.4|7|8
60.5|72.24|0|385|5.4|5.4|7|8
60.6|72.23|0|385|5.4|5.4|7|8
60.7|72.23|0|385|5.4|5.4|7|8
60.8|72.23|0|385|5.4|5.4|7|8
60.9|72.23|0|385|5.4|5.4|7|8
61|72.23|0|385|5.4|5.4|7|8
61.1|72.23|0|385|5.4|5.4|7|8
61.2|72.24|0|385|5.4|5.4|7|8
61.3|72.23|0|385|5.4|5.4|7|8
61.4|72.23|0|385|5.4|5.4|7|8
61.5|72.23|0|385|5.4|5.4|7|8
61.6|72.22|0|385|5.4|5.4|7|8
61.7|72.23|0|385|5.4|5.4|7|8
61.8|72.23|0|385|5.4|5.4|7|8
61.9|72.23|0|385|5.4|5.4|7|8
62|72.22|0|385|5.4|5.4|7|8
62.1|72.22|0|385|5.4|5.4|7|8
62.2|72.23|0|385|5.4|5.4|7|8
62.3|72.23|0|385|5.4|5.4|7|8
62.4|72.23|0|385|5.4|5.4|7|8
62.5|72.23|0|385|5.4|5.4|7|8
62.6|72.23|0|385|5.4|5.4|7|8
62.7|72.19|0|385|5.4|5.4|7|8
62.8|72.27|0|385|5.4|5.4|7|8
62.9|72.24|0|385|5.4|5.4|7|8
63|72.24|0|385|5.4|5.4|7|8
63.1|72.23|0|385|5.4|5.4|7|8
63.2|72.23|0|385|5.4|5.4|7|8
63.3|72.19|0|385|5.4|5.4|7|8
63.4|72.26|0|385|5.4|5.4|7|8
63.5|72.22|0|385|5.4|5.4|7|8
63.6|72.23|0|385|5.4|5.4|7|8
63.7|72.2|0|385|5.4|5.4|7|8
63.8|72.18|0|385|5.4|5.4|7|8
63.9|72.22|0|385|5.4|5.4|7|8
64|72.22|0|385|5.4|5.4|7|8
64.1|72.22|0|385|5.4|5.4|7|8
64.2|72.22|0|385|5.4|5.4|7|8
64.3|72.22|0|385|5.4|5.4|7|8
64.4|72.23|0|385|5.4|5.4|7|8
64.5|72.22|0|385|5.4|5.4|7|8
64.6|72.22|0|385|5.4|5.4|7|8
64.7|72.22|0|385|5.4|5.4|7|8
64.8|72.22|0|385|5.4|5.4|7|8
64.9|72.22|0|385|5.4|5.4|7|8
65|72.22|0|385|5.4|5.4|7|8
65.1|72.22|0|385|5.4|5.4|7|8
65.2|72.2|0|385|5.4|5.4|7|8
65.3|72.22|0|385|5.4|5.4|7|8
65.4|72.22|0|385|5.4|5.4|7|8
65.5|72.22|0|386|5.4|5.4|7|8
65.6|72.2|0|386|5.4|5.4|7|8
65.7|72.22|0|386|5.4|5.4|7|8
65.8|72.2|0|386|5.4|5.4|7|8
65.9|72.23|0|385|5.4|5.4|7|8
66|72.22|0|386|5.4|5.4|7|8
66.1|72.18|0|386|5.4|5.4|7|8
66.2|72.23|0|386|5.4|5.4|7|8
66.3|72.16|0|386|5.4|5.4|7|8
66.4|72.23|0|386|5.4|5.4|7|8
66.5|72.16|0|386|5.4|5.4|7|8
66.6|72.23|0|386|5.4|5.4|7|8
66.7|72.16|0|386|5.4|5.4|7|8
66.8|72.23|0|386|5.4|5.4|7|8
66.9|72.2|0|386|5.4|5.4|7|8
67|72.22|0|386|5.4|5.4|7|8
67.1|72.23|0|386|5.4|5.4|7|8
67.2|72.19|0|386|5.4|5.4|7|8
67.3|72.23|0|386|5.4|5.4|7|8
67.4|72.19|0|386|5.4|5.4|7|8
67.5|72.23|0|386|5.4|5.4|7|8
67.6|72.2|0|386|5.4|5.4|7|8
67.7|72.16|0|386|5.4|5.4|7|8
67.8|72.24|0|388|5.4|5.4|7|8
67.9|72.19|0|397|5.4|5.4|7|8
68|72.23|0|400|5.4|5.4|7|8
68.1|72.2|0|401|5.4|5.4|7|8
68.2|72.2|0|402|5.4|5.4|7|8
68.3|72.22|0|402|5.4|5.4|7|8
68.4|72.2|0|402|5.4|5.4|7|8
68.5|72.2|0|402|5.4|5.4|7|8
68.6|72.2|0|402|5.4|5.4|7|8
68.7|72.22|0|402|5.4|5.4|7|8
68.8|72.22|0|402|5.4|5.4|7|8
68.9|72.18|0|402|5.4|5.4|7|8
69|72.23|0|402|5.4|5.4|7|8
69.1|72.19|0|402|5.4|5.4|7|8
69.2|72.2|0|402|5.4|5.4|7|8
69.3|72.16|0|402|5.4|5.4|7|8
69.4|72.24|0|402|5.4|5.4|7|8
69.5|72.19|0|402|5.4|5.4|7|8
69.6|72.18|0|402|5.4|5.4|7|8
69.7|72.23|0|402|5.4|5.4|7|8
69.8|72.2|0|402|5.4|5.4|8|8
69.9|72.15|0|402|5.4|5.4|8|8
70|72.07|0|402|5.4|5.4|8|8
70.1|72.06|0|402|5.4|5.4|8|8
70.2|72.08|0|402|5.4|5.4|8|8
70.3|72.11|0|402|5.4|5.4|8|8
70.4|72.14|0|402|5.4|5.4|8|8
70.5|72.14|0|402|5.4|5.4|8|8
70.6|72.12|0|402|5.3|5.3|8|8
70.7|72.14|0|402|5.3|5.3|8|8
70.8|72.14|0|402|5.3|5.3|8|8
70.9|72.14|0|402|5.3|5.3|8|8
71|72.14|0|402|5.2|5.2|8|8
71.1|72.14|0|402|5.2|5.2|8|8
71.2|72.14|0|402|5.2|5.2|8|8
71.3|72.1|0|402|5.2|5.2|8|8
71.4|72.14|0|402|5.2|5.2|8|8
71.5|72.14|0|402|5.2|5.2|8|8
71.6|72.15|0|402|5.2|5.2|8|8
71.7|72.15|0|402|5.2|5.2|8|8
71.8|72.26|0|402|5.2|5.2|8|8
71.9|75.12|0|402|5.2|5.2|8|8
72|78.08|0|402|5.2|5.2|8|8
72.1|81.02|0|402|5.2|5.2|8|8
72.2|83.93|0|402|5.2|5.1|8|8
72.3|86.79|0|402|5.1|5.1|8|8
72.4|89.68|0|402|5.1|5.1|8|8
72.5|92.6|0|402|5.1|5.1|8|8
72.6|94.64|0|402|5.1|5.1|8|8
72.7|95.53|0|402|5.1|5.1|8|8
