0|96.02|941|474|5|5|1|8
0.1|96.04|1064|474|5|5|1|8
0.2|96.01|1075|474|5|5|1|8
0.3|96.02|1075|475|5|5|1|8
0.4|96.02|1075|475|5|5|1|8
0.5|96.06|1077|475|5|5|2|8
0.6|95.78|1077|475|5|5|2|8
0.7|95.37|1088|475|5|5|2|8
0.8|94.91|1165|474|5|5|2|8
0.9|94.45|1497|474|5|5|2|8
1|94.05|1698|473|5|5|3|8
1.1|93.84|1729|473|5|5|3|8
1.2|93.73|1742|473|5|5|3|8
1.3|93.72|1753|472|5.1|5.1|3|8
1.4|93.58|1760|472|5.1|5.1|3|8
1.5|93.58|1765|473|5.1|5.1|3|8
1.6|93.62|1771|473|5.1|5.1|3|8
1.7|93.62|1773|473|5.1|5.1|3|8
1.8|93.64|1778|473|5.1|5.1|3|8
1.9|93.64|1778|473|5.1|5.1|3|8
2|93.61|1781|473|5.1|5.1|3|8
2.1|93.64|1784|473|5.1|5.1|3|8
2.2|93.62|1786|473|5.1|5.1|3|8
2.3|93.62|1786|473|5.1|5.1|3|8
2.4|93.62|1789|473|5.1|5.1|3|8
2.5|93.61|1789|474|5.1|5.1|3|8
2.6|93.62|1791|474|5.1|5.1|3|8
2.7|93.62|1791|474|5.1|5.1|3|8
2.8|93.6|1794|474|5.1|5.1|3|8
2.9|93.62|1796|474|5.1|5.1|3|8
3|93.65|1796|474|5.1|5.1|4|8
3.1|93.84|1796|474|5.1|5.1|4|8
3.2|94.32|1673|474|5.1|5.1|4|8
3.3|94.78|1137|476|5.1|5.1|5|8
3.4|94.95|1108|476|5.1|5.1|5|8
3.5|94.95|1106|476|5.1|5.1|5|8
3.6|95.07|1106|476|5.1|5.1|5|8
3.7|95.14|1106|476|5.1|5.1|5|8
3.8|95.12|1103|477|5.1|5.1|5|8
3.9|95.19|1103|477|5.1|5.1|5|8
4|95.25|1103|477|5.1|5.1|5|8
4.1|95.26|1103|477|5.1|5.1|5|8
4.2|95.26|1103|477|5.1|5.1|5|8
4.3|95.27|1101|477|5.1|5.1|5|8
4.4|95.27|1101|477|5.1|5.1|5|8
4.5|95.25|1101|478|5.1|5.1|5|8
4.6|95.3|1101|478|5.1|5.1|5|8
4.7|95.31|1101|478|5.1|5.1|5|8
4.8|95.3|1101|478|5.2|5.2|5|8
4.9|95.26|1103|478|5.2|5.2|5|8
5|95.23|1103|478|5.2|5.2|5|8
5.1|95.23|1101|478|5.2|5.2|5|8
5.2|95.23|1101|478|5.2|5.2|5|8
5.3|95.31|1103|478|5.2|5.2|2|8
5.4|95.23|1101|478|5.2|5.2|2|8
5.5|95.12|1101|478|5.2|5.2|2|8
5.6|94.53|1103|478|5.2|5.2|2|8
5.7|93.98|1611|477|5.2|5.2|3|8
5.8|93.61|1776|476|5.2|5.2|3|8
5.9|93.39|1799|476|5.2|5.2|3|8
6|93.29|1809|476|5.2|5.2|3|8
6.1|93.17|1812|476|5.2|5.2|3|8
6.2|93.17|1817|476|5.2|5.2|3|8
6.3|93.15|1817|475|5.2|5.2|3|8
6.4|93.13|1820|475|5.2|5.2|3|8
6.5|93.13|1820|476|5.2|5.2|3|8
6.6|93.14|1822|476|5.2|5.2|3|8
6.7|93.14|1822|476|5.2|5.2|3|8
6.8|93.14|1825|476|5.2|5.2|3|8
6.9|93.14|1822|476|5.2|5.2|3|8
7|93.14|1825|476|5.2|5.2|3|8
7.1|93.14|1825|476|5.2|5.2|3|8
7.2|93.14|1825|476|5.2|5.2|3|8
7.3|93.13|1827|476|5.2|5.2|3|8
7.4|93.1|1827|476|5.2|5.2|3|8
7.5|93.13|1827|476|5.2|5.2|3|8
7.6|93.14|1827|476|5.2|5.2|3|8
7.7|93.14|1830|476|5.2|5.2|4|8
7.8|93.19|1830|476|5.2|5.2|4|8
7.9|93.45|1830|476|5.2|5.2|4|8
8|93.82|1716|476|5.2|5.2|4|8
8.1|94.36|1196|478|5.2|5.2|5|8
8.2|94.51|1116|479|5.2|5.2|5|8
8.3|94.61|1111|479|5.2|5.2|5|8
8.4|94.74|1111|479|5.2|5.2|5|8
8.5|94.72|1108|479|5.2|5.2|5|8
8.6|94.72|1106|479|5.2|5.2|5|8
8.7|94.8|1106|479|5.2|5.2|5|8
8.8|94.84|1106|479|5.2|5.2|5|8
8.9|94.91|1106|479|5.2|5.2|5|8
9|94.84|1106|479|5.2|5.2|5|8
9.1|94.87|1103|478|5.2|5.2|5|8
9.2|94.91|1103|478|5.2|5.2|5|8
9.3|94.86|1103|479|5.2|5.2|5|8
9.4|94.83|1106|478|5.2|5.2|5|8
9.5|94.87|1103|479|5.2|5.2|5|8
9.6|94.86|1103|479|5.2|5.2|5|8
9.7|94.87|1103|479|5.2|5.2|5|8
9.8|94.86|1103|479|5.2|5.2|5|8
9.9|94.88|1103|478|5.2|5.2|5|8
10|94.9|1103|478|5.2|5.3|5|8
10.1|94.83|1103|478|5.3|5.3|2|8
10.2|94.83|1103|478|5.2|5.3|2|8
10.3|94.76|1103|478|5.2|5.3|2|8
10.4|94.13|1106|478|5.3|5.3|2|8
10.5|93.64|1611|461|5.3|5.3|3|8
10.6|93.27|1814|451|5.3|5.3|3|8
10.7|93.07|1835|448|5.3|5.3|3|8
10.8|92.9|1843|447|5.3|5.3|3|8
10.9|92.82|1848|447|5.3|5.3|3|8
11|92.79|1848|447|5.3|5.3|3|8
11.1|92.79|1851|447|5.3|5.3|3|8
11.2|92.8|1853|447|5.3|5.3|3|8
11.3|92.76|1853|447|5.3|5.3|3|8
11.4|92.8|1853|447|5.3|5.3|3|8
11.5|92.8|1853|446|5.3|5.3|3|8
11.6|92.8|1856|447|5.3|5.3|3|8
11.7|92.79|1856|447|5.3|5.3|3|8
11.8|92.8|1856|447|5.3|5.3|3|8
11.9|92.79|1858|446|5.3|5.3|3|8
12|92.8|1861|446|5.3|5.3|3|8
12.1|92.79|1861|446|5.3|5.3|3|8
12.2|92.79|1863|446|5.3|5.3|3|8
12.3|92.78|1861|446|5.3|5.3|3|8
12.4|92.78|1863|446|5.3|5.3|3|8
12.5|92.78|1863|446|5.3|5.3|4|8
12.6|92.87|1863|446|5.3|5.3|4|8
12.7|93.09|1861|446|5.3|5.3|4|8
12.8|93.41|1809|446|5.3|5.3|4|8
12.9|94|1165|446|5.3|5.3|5|8
13|94.21|1129|445|5.3|5.3|5|8
13.1|94.25|1126|444|5.3|5.3|5|8
13.2|94.33|1126|444|5.3|5.3|5|8
13.3|94.29|1124|444|5.3|5.3|5|8
13.4|94.39|1124|444|5.3|5.3|5|8
13.5|94.44|1124|443|5.3|5.3|5|8
13.6|94.47|1121|443|5.3|5.3|5|8
13.7|94.48|1121|443|5.3|5.3|5|8
13.8|94.51|1124|443|5.3|5.3|5|8
13.9|94.52|1124|443|5.3|5.3|5|8
14|94.53|1124|443|5.3|5.3|5|8
14.1|94.55|1124|443|5.3|5.3|5|8
14.2|94.53|1124|443|5.3|5.3|5|8
14.3|94.51|1124|443|5.3|5.3|5|8
14.4|94.45|1124|443|5.3|5.3|5|8
14.5|94.48|1121|443|5.3|5.3|5|8
14.6|94.47|1121|443|5.3|5.3|5|8
14.7|94.51|1121|443|5.3|5.3|5|8
14.8|94.51|1121|443|5.3|5.3|5|8
14.9|94.55|1121|443|5.3|5.3|2|8
15|94.49|1121|443|5.3|5.3|2|8
15.1|94.43|1121|443|5.3|5.3|2|8
15.2|93.86|1121|443|5.3|5.3|2|8
15.3|93.3|1680|443|5.3|5.3|3|8
15.4|92.95|1832|444|5.3|5.3|3|8
15.5|92.72|1856|446|5.3|5.3|3|8
15.6|92.59|1863|446|5.3|5.3|3|8
15.7|92.59|1866|446|5.3|5.3|3|8
15.8|92.53|1869|446|5.3|5.3|3|8
15.9|92.51|1871|446|5.3|5.3|3|8
16|92.51|1871|446|5.3|5.3|3|8
16.1|92.48|1874|446|5.3|5.3|3|8
16.2|92.49|1874|446|5.3|5.3|3|8
16.3|92.49|1874|446|5.3|5.3|3|8
16.4|92.51|1874|446|5.3|5.3|3|8
16.5|92.48|1876|446|5.3|5.3|3|8
16.6|92.51|1876|446|5.3|5.3|3|8
16.7|92.49|1876|446|5.3|5.3|3|8
16.8|92.49|1874|446|5.3|5.3|3|8
16.9|92.51|1876|446|5.3|5.3|3|8
17|92.52|1879|446|5.3|5.3|3|8
17.1|92.51|1879|446|5.3|5.3|3|8
17.2|92.51|1879|446|5.3|5.3|3|8
17.3|92.52|1881|446|5.3|5.3|4|8
17.4|92.56|1881|446|5.3|5.3|4|8
17.5|92.8|1874|446|5.3|5.3|4|8
17.6|93.17|1809|446|5.3|5.3|4|8
17.7|93.8|1227|446|5.3|5.3|5|8
17.8|93.84|1134|444|5.3|5.3|5|8
17.9|93.97|1129|444|5.3|5.3|5|8
18|94.15|1126|444|5.3|5.3|5|8
18.1|94.2|1124|444|5.3|5.3|5|8
18.2|94.31|1124|444|5.3|5.3|5|8
18.3|94.33|1121|443|5.3|5.3|5|8
18.4|94.33|1121|443|5.3|5.3|5|8
18.5|94.36|1121|443|5.3|5.3|5|8
18.6|94.36|1121|443|5.3|5.3|5|8
18.7|94.33|1119|443|5.3|5.3|5|8
18.8|94.36|1119|443|5.3|5.3|5|8
18.9|94.36|1119|443|5.3|5.3|5|8
19|94.35|1119|443|5.3|5.3|5|8
19.1|94.35|1119|442|5.3|5.3|5|8
19.2|94.35|1119|442|5.3|5.3|5|8
19.3|94.4|1119|442|5.3|5.3|5|8
19.4|94.4|1119|442|5.3|5.3|5|8
19.5|94.31|1116|442|5.3|5.3|5|8
19.6|94.33|1116|442|5.3|5.3|5|8
19.7|94.37|1116|442|5.3|5.3|2|8
19.8|94.32|1116|442|5.3|5.3|2|8
19.9|94.23|1116|442|5.3|5.3|2|8
20|93.92|1116|442|5.3|5.3|2|8
20.1|93.26|1299|442|5.3|5.3|2|8
20.2|92.79|1807|443|5.3|5.3|3|8
20.3|92.6|1853|444|5.3|5.3|3|8
20.4|92.41|1871|445|5.3|5.3|3|8
20.5|92.41|1897|432|5.3|5.3|3|8
20.6|92.23|1902|423|5.3|5.3|3|8
20.7|92.25|1905|420|5.3|5.3|3|8
20.8|92.25|1905|420|5.3|5.3|3|8
20.9|92.25|1907|420|5.3|5.3|3|8
21|92.25|1907|420|5.3|5.3|3|8
21.1|92.24|1910|419|5.3|5.3|3|8
21.2|92.27|1910|419|5.3|5.3|3|8
21.3|92.24|1910|419|5.3|5.3|3|8
21.4|92.28|1912|419|5.3|5.3|3|8
21.5|92.23|1915|419|5.3|5.3|3|8
21.6|92.24|1915|419|5.3|5.3|3|8
21.7|92.25|1915|419|5.3|5.3|3|8
21.8|92.27|1915|420|5.3|5.3|3|8
21.9|92.24|1918|420|5.3|5.3|3|8
22|92.25|1920|420|5.3|5.3|3|8
22.1|92.25|1920|420|5.3|5.3|3|8
22.2|92.35|1920|420|5.3|5.3|4|8
22.3|92.45|1918|420|5.3|5.3|4|8
22.4|92.74|1894|420|5.3|5.3|4|8
22.5|92.88|1876|420|5.3|5.3|4|8
22.6|93.41|1660|420|5.3|5.3|4|8
22.7|94.16|1155|419|5.3|5.3|5|8
22.8|94.41|1144|418|5.3|5.3|5|8
22.9|94.55|1142|418|5.3|5.3|5|8
23|94.68|1137|418|5.3|5.3|5|8
23.1|94.66|1137|417|5.3|5.3|5|8
23.2|94.64|1134|417|5.3|5.3|5|8
23.3|94.68|1134|417|5.3|5.3|5|8
23.4|94.66|1134|416|5.3|5.3|5|8
23.5|94.66|1131|416|5.3|5.3|5|8
23.6|94.66|1131|416|5.3|5.3|5|8
23.7|94.66|1129|416|5.3|5.3|5|8
23.8|94.66|1129|416|5.3|5.3|5|8
23.9|94.64|1129|416|5.3|5.3|5|8
24|94.68|1129|416|5.3|5.3|5|8
24.1|94.66|1129|416|5.3|5.3|5|8
24.2|94.64|1129|416|5.3|5.3|5|8
24.3|94.68|1129|416|5.3|5.3|5|8
24.4|94.66|1129|416|5.3|5.3|5|8
24.5|94.64|1129|416|5.3|5.3|5|8
24.6|94.68|1129|416|5.3|5.3|5|8
24.7|94.66|1126|416|5.3|5.3|2|8
24.8|94.4|1126|416|5.3|5.3|2|8
24.9|94.35|1126|416|5.3|5.3|2|8
25|94.01|1126|416|5.3|5.3|2|8
25.1|93.34|1245|416|5.3|5.3|2|8
25.2|92.79|1807|418|5.3|5.3|3|8
25.3|92.6|1874|418|5.3|5.3|3|8
25.4|92.43|1894|418|5.3|5.3|3|8
25.5|92.4|1907|418|5.3|5.3|3|8
25.6|92.23|1912|418|5.3|5.3|3|8
25.7|92.23|1912|418|5.3|5.3|3|8
25.8|92.24|1915|418|5.3|5.3|3|8
25.9|92.25|1918|418|5.3|5.3|3|8
26|92.25|1918|418|5.3|5.3|3|8
26.1|92.25|1920|418|5.3|5.3|3|8
26.2|92.25|1920|418|5.3|5.3|3|8
26.3|92.24|1920|418|5.3|5.3|3|8
26.4|92.24|1923|418|5.3|5.3|3|8
26.5|92.24|1923|418|5.3|5.3|3|8
26.6|92.25|1923|418|5.3|5.3|3|8
26.7|92.24|1925|418|5.3|5.3|3|8
26.8|92.27|1928|418|5.3|5.3|3|8
26.9|92.25|1925|418|5.3|5.3|3|8
27|92.27|1928|418|5.3|5.3|3|8
27.1|92.27|1928|418|5.3|5.3|3|8
27.2|92.24|1928|418|5.3|5.3|4|8
27.3|92.36|1928|418|5.3|5.3|4|8
27.4|92.67|1907|418|5.3|5.3|4|8
27.5|92.86|1892|419|5.3|5.3|4|8
27.6|93.26|1822|419|5.3|5.3|4|8
27.7|94.15|1162|418|5.3|5.3|5|8
27.8|94.41|1144|418|5.3|5.3|5|8
27.9|94.55|1142|417|5.3|5.3|5|8
28|94.67|1139|417|5.3|5.3|5|8
28.1|94.67|1137|416|5.3|5.3|5|8
28.2|94.66|1137|416|5.3|5.3|5|8
28.3|94.64|1134|416|5.3|5.3|5|8
28.4|94.66|1134|416|5.3|5.3|5|8
28.5|94.64|1134|416|5.3|5.3|5|8
28.6|94.67|1134|416|5.3|5.3|5|8
28.7|94.63|1131|416|5.3|5.3|5|8
28.8|94.68|1131|416|5.3|5.3|5|8
28.9|94.66|1131|416|5.3|5.3|5|8
29|94.64|1129|416|5.3|5.3|5|8
29.1|94.67|1129|416|5.3|5.3|5|8
29.2|94.64|1129|416|5.3|5.3|5|8
29.3|94.66|1129|416|5.3|5.3|5|8
29.4|94.66|1126|416|5.3|5.3|5|8
29.5|94.66|1129|416|5.3|5.3|5|8
29.6|94.66|1129|416|5.3|5.3|5|8
29.7|94.66|1129|416|5.3|5.3|2|8
29.8|94.41|1126|416|5.3|5.3|2|8
29.9|94.28|1126|416|5.3|5.3|2|8
30|94.08|1126|416|5.3|5.3|2|8
30.1|93.46|1162|416|5.3|5.3|2|8
30.2|92.86|1765|416|5.3|5.3|3|8
30.3|92.6|1876|417|5.3|5.3|3|8
30.4|92.43|1905|418|5.3|5.3|3|8
30.5|92.43|1938|406|5.3|5.3|3|8
30.6|92.25|1948|399|5.3|5.3|3|8
30.7|92.2|1951|397|5.3|5.3|3|8
30.8|92.24|1954|396|5.3|5.3|3|8
30.9|92.23|1956|396|5.3|5.3|3|8
31|92.24|1959|396|5.3|5.3|3|8
31.1|92.24|1959|396|5.3|5.3|3|8
31.2|92.24|1961|396|5.3|5.3|3|8
31.3|92.24|1964|396|5.3|5.3|3|8
31.4|92.24|1964|396|5.3|5.3|3|8
31.5|92.23|1964|396|5.3|5.3|3|8
31.6|92.23|1966|396|5.3|5.3|3|8
31.7|92.24|1969|396|5.3|5.3|3|8
31.8|92.23|1969|396|5.3|5.3|3|8
31.9|92.24|1969|396|5.3|5.3|3|8
32|92.24|1969|396|5.3|5.3|3|8
32.1|92.21|1972|396|5.3|5.3|3|8
32.2|92.27|1972|396|5.3|5.3|4|8
32.3|92.36|1969|396|5.3|5.3|4|8
32.4|92.64|1954|396|5.3|5.3|4|8
32.5|92.72|1946|396|5.3|5.3|4|8
32.6|93.25|1869|396|5.3|5.3|4|8
32.7|94.15|1660|396|5.3|5.3|4|8
32.8|94.72|1165|396|5.3|5.3|5|8
32.9|94.9|1157|396|5.3|5.3|5|8
33|94.92|1152|396|5.3|5.3|5|8
33.1|95.03|1149|396|5.3|5.3|5|8
33.2|95.03|1149|396|5.3|5.3|5|8
33.3|95.03|1147|396|5.3|5.3|5|8
33.4|95.04|1147|395|5.3|5.3|5|8
33.5|95.03|1144|395|5.3|5.3|5|8
33.6|95.04|1144|395|5.3|5.3|5|8
33.7|95.04|1144|395|5.3|5.3|5|8
33.8|95.04|1142|395|5.3|5.3|5|8
33.9|95.06|1142|395|5.3|5.3|5|8
34|95.11|1139|395|5.3|5.3|5|8
34.1|95.07|1139|395|5.3|5.3|5|8
34.2|95.04|1139|395|5.3|5.3|5|8
34.3|95.02|1139|395|5.3|5.3|5|8
34.4|95.02|1139|395|5.3|5.3|5|8
34.5|95.03|1139|395|5.3|5.3|5|8
34.6|95.06|1139|395|5.3|5.3|5|8
34.7|95.04|1139|395|5.3|5.3|5|8
34.8|95.1|1139|395|5.3|5.3|2|8
34.9|94.86|1139|395|5.3|5.3|2|8
35|94.51|1139|395|5.3|5.3|2|8
35.1|94.43|1139|395|5.3|5.3|2|8
35.2|93.88|1216|395|5.3|5.3|2|8
35.3|93.17|1611|395|5.3|5.3|3|8
35.4|92.76|1869|395|5.3|5.3|3|8
35.5|92.64|1912|395|5.3|5.3|3|8
35.6|92.49|1928|395|5.3|5.3|3|8
35.7|92.36|1938|395|5.3|5.3|3|8
35.8|92.43|1943|395|5.3|5.3|3|8
35.9|92.41|1948|395|5.3|5.3|3|8
36|92.41|1951|395|5.3|5.3|3|8
36.1|92.43|1956|395|5.3|5.3|3|8
36.2|92.43|1959|395|5.3|5.3|3|8
36.3|92.41|1964|395|5.3|5.3|3|8
36.4|92.41|1966|395|5.3|5.3|3|8
36.5|92.43|1966|395|5.3|5.3|3|8
36.6|92.43|1969|395|5.3|5.3|3|8
36.7|92.44|1972|395|5.3|5.3|3|8
36.8|92.41|1972|395|5.3|5.3|3|8
36.9|92.4|1974|395|5.3|5.3|3|8
37|92.43|1974|394|5.3|5.3|3|8
37.1|92.43|1972|395|5.3|5.3|3|8
37.2|92.43|1974|394|5.3|5.3|3|8
37.3|92.44|1977|394|5.3|5.3|4|8
37.4|92.56|1974|395|5.3|5.3|4|8
37.5|92.72|1964|395|5.3|5.3|4|8
37.6|92.91|1959|394|5.3|5.3|4|8
37.7|93.25|1905|395|5.3|5.3|4|8
37.8|94.16|1268|396|5.3|5.3|2|8
37.9|94.39|1162|396|5.3|5.3|2|8
38|94.37|1160|395|5.3|5.3|2|8
38.1|94.28|1157|395|5.3|5.3|2|8
38.2|94.19|1155|395|5.3|5.3|2|8
38.3|94.1|1152|394|5.3|5.3|2|8
38.4|94.13|1149|394|5.3|5.3|2|8
38.5|94.08|1149|394|5.3|5.3|2|8
38.6|94.02|1149|394|5.3|5.3|2|8
38.7|93.96|1147|394|5.3|5.3|2|8
38.8|93.94|1147|394|5.3|5.3|2|8
38.9|93.84|1147|394|5.3|5.3|2|8
39|93.81|1144|394|5.3|5.3|2|8
39.1|93.88|1144|394|5.3|5.3|2|8
39.2|93.88|1144|394|5.3|5.3|2|8
39.3|93.74|1144|394|5.3|5.3|2|8
39.4|93.7|1142|394|5.3|5.3|2|8
39.5|93.61|1201|394|5.3|5.3|2|8
39.6|93.47|1278|394|5.3|5.3|2|8
39.7|93.35|1227|395|5.3|5.3|2|8
39.8|93.22|1191|394|5.3|5.3|2|8
39.9|93.23|1240|394|5.3|5.3|2|8
40|93.07|1423|396|5.3|5.3|2|8
40.1|93.09|1284|395|5.3|5.3|2|8
40.2|93.02|1753|395|5.3|5.3|2|8
40.3|92.98|1807|395|5.3|5.3|2|8
40.4|93.21|1809|395|5.3|5.3|2|8
40.5|93.33|1781|395|5.3|5.3|2|8
40.6|93.55|1348|396|5.3|5.3|2|8
40.7|93.64|1155|394|5.3|5.3|2|8
40.8|93.66|1149|394|5.3|5.3|2|8
40.9|93.68|1147|394|5.3|5.3|2|8
41|93.6|1144|394|5.3|5.3|2|8
41.1|93.58|1144|394|5.3|5.3|2|8
41.2|93.45|1142|394|5.3|5.3|2|8
41.3|93.46|1142|394|5.3|5.3|2|8
41.4|93.38|1142|394|5.3|5.3|2|8
41.5|93.27|1144|394|5.3|5.3|2|8
41.6|93.21|1214|394|5.3|5.3|2|8
41.7|93.27|1173|394|5.3|5.3|2|8
41.8|93.11|1188|394|5.3|5.3|2|8
41.9|93.03|1196|394|5.3|5.3|2|8
42|93.03|1289|394|5.3|5.3|2|8
42.1|92.98|1327|394|5.3|5.3|2|8
42.2|92.9|1539|395|5.3|5.3|2|8
42.3|92.86|1629|395|5.3|5.3|2|8
42.4|92.96|1201|395|5.3|5.3|2|8
42.5|93.11|1147|394|5.3|5.3|2|8
42.6|93.14|1144|394|5.3|5.3|2|8
42.7|93.04|1142|394|5.3|5.3|2|8
42.8|93.03|1142|394|5.3|5.3|2|8
42.9|93.09|1142|394|5.3|5.3|2|8
43|92.92|1142|394|5.3|5.3|2|8
43.1|92.91|1325|394|5.3|5.3|2|8
43.2|92.78|1534|394|5.3|5.3|2|8
43.3|92.84|1152|394|5.3|5.3|2|8
43.4|92.91|1142|394|5.3|5.3|2|8
43.5|92.76|1149|394|5.3|5.3|2|8
43.6|92.75|1469|394|5.3|5.3|2|8
43.7|92.72|1399|394|5.3|5.3|2|8
43.8|92.63|1374|394|5.3|5.3|2|8
43.9|92.63|1281|394|5.3|5.3|2|8
44|92.58|1459|394|5.3|5.3|2|8
44.1|92.36|1196|395|5.3|5.3|2|8
44.2|92.51|1147|394|5.3|5.3|2|8
44.3|92.41|1175|394|5.3|5.3|2|8
44.4|92.4|1340|394|5.3|5.3|2|8
44.5|92.41|1433|395|5.3|5.3|2|8
44.6|92.2|1464|395|5.3|5.3|2|8
44.7|92.28|1152|394|5.3|5.3|2|8
44.8|92.35|1144|394|5.3|5.3|2|8
44.9|92.25|1144|394|5.3|5.3|2|8
45|92.2|1456|394|5.3|5.3|2|8
45.1|92.15|1624|395|5.3|5.3|2|8
45.2|92.2|1183|394|5.3|5.3|2|8
45.3|92.25|1147|394|5.3|5.3|2|8
45.4|92.28|1144|394|5.3|5.3|2|8
45.5|92.28|1147|394|5.3|5.3|2|8
45.6|92.19|1232|394|5.3|5.3|2|8
45.7|92.11|1448|394|5.3|5.3|2|8
45.8|92.02|1330|394|5.3|5.3|2|8
45.9|91.93|1178|394|5.3|5.3|2|8
46|91.98|1340|394|5.3|5.3|2|8
46.1|91.94|1575|394|5.3|5.3|2|8
46.2|91.78|1237|395|5.3|5.3|2|8
46.3|91.86|1149|394|5.3|5.3|2|8
46.4|91.85|1147|394|5.3|5.3|2|8
46.5|91.82|1405|394|5.3|5.3|2|8
46.6|91.77|1387|394|5.3|5.3|2|8
46.7|91.64|1286|395|5.3|5.3|2|8
46.8|91.64|1356|395|5.3|5.3|2|8
46.9|91.51|1276|394|5.3|5.3|2|8
47|91.51|1289|394|5.3|5.3|2|8
47.1|91.39|1420|394|5.3|5.3|2|8
47.2|91.38|1299|394|5.3|5.3|2|8
47.3|91.26|1276|396|5.3|5.3|2|8
47.4|91.22|1196|394|5.3|5.3|2|8
47.5|91.18|1278|394|5.3|5.3|2|8
47.6|91.07|1201|394|5.3|5.3|2|8
47.7|91.05|1258|394|5.3|5.3|2|8
47.8|90.88|1191|394|5.3|5.3|2|8
47.9|90.87|1168|394|5.3|5.3|2|8
48|90.82|1227|394|5.3|5.3|2|8
48.1|90.68|1198|394|5.3|5.3|2|8
48.2|90.66|1178|394|5.3|5.3|2|8
48.3|90.54|1178|394|5.3|5.3|2|8
48.4|90.55|1271|395|5.3|5.3|2|8
48.5|90.47|1237|394|5.3|5.3|2|8
48.6|90.36|1242|394|5.3|5.3|2|8
48.7|90.29|1299|395|5.3|5.3|2|8
48.8|90.2|1428|395|5.3|5.3|2|8
48.9|90.05|1273|395|5.3|5.3|2|8
49|89.96|1152|394|5.3|5.3|2|8
49.1|89.99|1149|394|5.3|5.3|2|8
49.2|89.99|1265|394|5.3|5.3|2|8
49.3|89.92|1245|395|5.3|5.3|2|8
49.4|89.82|1369|394|5.3|5.3|2|8
49.5|89.77|1232|395|5.3|5.3|2|8
49.6|89.76|1229|395|5.3|5.3|2|8
49.7|89.56|1168|394|5.3|5.3|2|8
49.8|89.58|1237|394|5.3|5.3|2|8
49.9|89.5|1193|394|5.3|5.3|2|8
50|89.43|1273|394|5.3|5.3|2|8
50.1|89.34|1325|395|5.3|5.3|2|8
50.2|89.18|1273|395|5.3|5.3|2|8
50.3|89.18|1173|394|5.3|5.3|2|8
50.4|89.13|1286|394|5.3|5.3|2|8
50.5|89.02|1219|394|5.3|5.3|2|8
50.6|88.88|1309|394|5.3|5.3|2|8
50.7|88.87|1183|394|5.3|5.3|2|8
50.8|88.86|1425|394|5.3|5.3|2|8
50.9|88.74|1327|394|5.3|5.3|2|8
51|88.66|1299|394|5.3|5.3|2|8
51.1|88.58|1320|394|5.3|5.3|2|8
51.2|88.47|1255|394|5.3|5.3|2|8
51.3|88.39|1258|394|5.3|5.3|2|8
51.4|88.25|1162|394|5.3|5.3|2|8
51.5|88.2|1186|394|5.3|5.3|2|8
51.6|88.13|1206|394|5.3|5.3|2|8
51.7|88.04|1232|394|5.3|5.3|2|8
51.8|87.92|1216|394|5.3|5.3|2|8
51.9|87.84|1247|394|5.3|5.3|2|8
52|87.68|1245|394|5.3|5.3|2|8
52.1|87.66|1289|394|5.3|5.3|2|8
52.2|87.54|1250|395|5.3|5.3|2|8
52.3|87.38|1222|394|5.3|5.3|2|8
52.4|87.41|1330|394|5.3|5.3|2|8
52.5|87.19|1441|395|5.3|5.3|2|8
52.6|87.15|1268|394|5.3|5.3|2|8
52.7|87.22|1232|394|5.3|5.3|2|8
52.8|87.1|1173|394|5.3|5.3|2|8
52.9|87.03|1201|394|5.3|5.3|2|8
53|86.97|1299|394|5.3|5.3|2|8
53.1|86.9|1191|394|5.3|5.3|2|8
53.2|86.8|1162|394|5.3|5.3|2|8
53.3|86.79|1209|394|5.3|5.3|2|8
53.4|86.72|1191|394|5.3|5.3|2|8
53.5|86.63|1216|394|5.3|5.3|2|8
53.6|86.56|1304|394|5.3|5.3|2|8
53.7|86.4|1198|394|5.3|5.3|2|8
53.8|86.42|1162|394|5.3|5.3|2|8
53.9|86.32|1240|394|5.3|5.3|2|8
54|86.29|1271|394|5.3|5.3|2|8
54.1|86.13|1302|394|5.3|5.3|2|8
54.2|86.05|1299|394|5.3|5.3|2|8
54.3|86|1299|394|5.3|5.3|2|8
54.4|85.96|1312|394|5.3|5.3|2|8
54.5|85.76|1294|395|5.3|5.3|2|8
54.6|85.74|1201|394|5.3|5.3|2|8
54.7|85.58|1327|394|5.3|5.3|2|8
54.8|85.5|1263|394|5.3|5.3|2|8
54.9|85.44|1183|394|5.3|5.3|2|8
55|85.3|1211|396|5.3|5.3|2|8
55.1|85.26|1265|394|5.3|5.3|2|8
55.2|85.14|1281|394|5.3|5.3|2|8
55.3|85.02|1273|394|5.3|5.3|2|8
55.4|84.94|1247|394|5.3|5.3|2|8
55.5|84.83|1232|394|5.3|5.3|2|8
55.6|84.62|1446|394|5.3|5.3|2|8
55.7|84.52|1281|394|5.3|5.3|2|8
55.8|84.5|1206|395|5.3|5.3|2|8
55.9|84.4|1247|395|5.3|5.3|2|8
56|84.43|1183|395|5.3|5.3|2|8
56.1|84.23|1235|395|5.3|5.3|2|8
56.2|84.25|1204|394|5.3|5.3|2|8
56.3|84.15|1253|395|5.3|5.3|2|8
56.4|84.09|1193|394|5.3|5.3|2|8
56.5|83.96|1335|396|5.3|5.3|2|8
56.6|83.96|1312|395|5.3|5.3|2|8
56.7|83.77|1309|394|5.3|5.3|2|8
56.8|83.65|1245|395|5.3|5.3|2|8
56.9|83.61|1309|394|5.3|5.3|2|8
57|83.54|1335|395|5.3|5.3|2|8
57.1|83.45|1332|394|5.3|5.3|2|8
57.2|83.41|1188|394|5.3|5.3|2|8
57.3|83.32|1235|394|5.3|5.3|2|8
57.4|83.3|1242|395|5.3|5.3|2|8
57.5|83.19|1204|394|5.3|5.3|2|8
57.6|83.09|1211|394|5.3|5.3|2|8
57.7|83.01|1245|394|5.3|5.3|2|8
57.8|82.91|1299|394|5.3|5.3|2|8
57.9|82.83|1271|395|5.3|5.3|2|8
58|82.75|1198|394|5.3|5.3|2|8
58.1|82.59|1247|395|5.3|5.3|2|8
58.2|82.54|1260|394|5.3|5.3|2|8
58.3|82.32|1240|395|5.3|5.3|2|8
58.4|82.26|1394|396|5.3|5.3|2|8
58.5|82.19|1302|396|5.3|5.3|2|8
58.6|82|1289|396|5.3|5.3|2|8
58.7|81.79|1325|395|5.3|5.3|2|8
58.8|81.65|1304|396|5.3|5.3|2|8
58.9|81.5|1325|395|5.3|5.3|2|8
59|81.02|1544|395|5.3|5.3|6|8
59.1|78.78|2015|394|5.3|5.3|6|8
59.2|75.75|807|394|5.3|5.3|7|8
59.3|73|0|393|5.3|5.3|7|8
59.4|71.55|0|392|5.3|5.3|7|8
59.5|70.94|0|392|5.3|5.3|7|8
59.6|70.69|0|392|5.3|5.3|7|8
59.7|70.57|0|392|5.3|5.3|7|8
59.8|70.49|0|392|5.3|5.3|7|8
59.9|70.47|0|392|5.3|5.3|7|8
60|70.49|0|392|5.3|5.3|7|8
60.1|70.49|0|392|5.3|5.3|7|8
60.2|70.51|0|392|5.3|5.3|7|8
60.3|70.54|0|392|5.3|5.3|7|8
60.4|70.46|0|392|5.3|5.3|7|8
60.5|70.49|0|392|5.3|5.3|7|8
60.6|70.49|0|392|5.3|5.3|7|8
60.7|70.5|0|392|5.3|5.3|7|8
60.8|70.49|0|392|5.3|5.3|7|8
60.9|70.5|0|392|5.3|5.3|7|8
61|70.5|0|392|5.3|5.3|7|8
61.1|70.54|0|392|5.3|5.3|7|8
61.2|70.47|0|392|5.3|5.3|7|8
61.3|70.47|0|392|5.3|5.3|7|8
61.4|70.46|0|392|5.3|5.3|7|8
61.5|70.47|0|392|5.3|5.3|7|8
61.6|70.46|0|392|5.3|5.3|7|8
61.7|70.47|0|392|5.3|5.3|7|8
61.8|70.45|0|392|5.3|5.3|7|8
61.9|70.43|0|392|5.3|5.3|7|8
62|70.51|0|392|5.3|5.3|7|8
62.1|70.47|0|392|5.3|5.3|7|8
62.2|70.46|0|392|5.3|5.3|7|8
62.3|70.49|0|392|5.3|5.3|7|8
62.4|70.5|0|392|5.3|5.3|7|8
62.5|70.49|0|392|5.3|5.3|7|8
62.6|70.46|0|392|5.3|5.3|7|8
62.7|70.47|0|392|5.3|5.3|7|8
62.8|70.51|0|392|5.3|5.3|7|8
62.9|70.47|0|392|5.3|5.3|7|8
63|70.47|0|392|5.3|5.3|7|8
63.1|70.47|0|392|5.3|5.3|7|8
63.2|70.47|0|392|5.3|5.3|7|8
63.3|70.47|0|392|5.3|5.3|7|8
63.4|70.47|0|392|5.3|5.3|7|8
63.5|70.47|0|392|5.3|5.3|7|8
63.6|70.47|0|392|5.3|5.3|7|8
63.7|70.49|0|392|5.3|5.3|7|8
63.8|70.49|0|392|5.3|5.3|7|8
63.9|70.5|0|392|5.3|5.3|7|8
64|70.51|0|392|5.3|5.3|7|8
64.1|70.46|0|392|5.3|5.3|7|8
64.2|70.46|0|392|5.3|5.3|7|8
64.3|70.46|0|392|5.3|5.3|7|8
64.4|70.47|0|392|5.3|5.3|7|8
64.5|70.47|0|392|5.3|5.3|7|8
64.6|70.47|0|392|5.3|5.3|7|8
64.7|70.49|0|392|5.3|5.3|7|8
64.8|70.46|0|392|5.3|5.3|7|8
64.9|70.46|0|392|5.3|5.3|7|8
65|70.46|0|392|5.3|5.3|7|8
65.1|70.47|0|392|5.3|5.3|7|8
65.2|70.47|0|392|5.3|5.3|7|8
65.3|70.47|0|392|5.3|5.3|7|8
65.4|70.47|0|392|5.3|5.3|7|8
65.5|70.49|0|392|5.3|5.3|7|8
65.6|70.5|0|392|5.3|5.3|7|8
65.7|70.49|0|392|5.3|5.3|7|8
65.8|70.45|0|392|5.3|5.3|7|8
65.9|70.43|0|392|5.3|5.3|7|8
66|70.46|0|392|5.3|5.3|7|8
66.1|70.47|0|392|5.3|5.3|7|8
66.2|70.47|0|392|5.3|5.3|7|8
66.3|70.49|0|392|5.3|5.3|7|8
66.4|70.47|0|392|5.3|5.3|7|8
66.5|70.47|0|392|5.3|5.3|7|8
66.6|70.45|0|392|5.3|5.3|7|8
66.7|70.43|0|392|5.3|5.3|7|8
66.8|70.46|0|392|5.3|5.3|7|8
66.9|70.46|0|392|5.3|5.3|7|8
67|70.46|0|392|5.3|5.3|7|8
67.1|70.46|0|392|5.3|5.3|7|8
67.2|70.47|0|392|5.3|5.3|7|8
67.3|70.47|0|392|5.3|5.3|7|8
67.4|70.46|0|392|5.3|5.3|7|8
67.5|70.46|0|392|5.3|5.3|7|8
67.6|70.46|0|392|5.3|5.3|7|8
67.7|70.46|0|392|5.3|5.3|7|8
67.8|70.45|0|392|5.3|5.3|7|8
67.9|70.45|0|392|5.3|5.3|7|8
68|70.46|0|392|5.3|5.3|7|8
68.1|70.46|0|392|5.3|5.3|7|8
68.2|70.46|0|392|5.3|5.3|7|8
68.3|70.46|0|392|5.3|5.3|7|8
68.4|70.47|0|392|5.3|5.3|7|8
68.5|70.47|0|392|5.3|5.3|7|8
68.6|70.47|0|392|5.3|5.3|7|8
68.7|70.47|0|392|5.3|5.3|7|8
68.8|70.46|0|392|5.3|5.3|7|8
68.9|70.46|0|392|5.3|5.3|7|8
69|70.46|0|392|5.3|5.3|7|8
69.1|70.46|0|392|5.3|5.3|7|8
69.2|70.45|0|392|5.3|5.3|7|8
69.3|70.46|0|392|5.3|5.3|7|8
69.4|70.46|0|392|5.3|5.3|7|8
69.5|70.46|0|401|5.3|5.3|7|8
69.6|70.46|0|405|5.3|5.3|7|8
69.7|70.45|0|408|5.3|5.3|7|8
69.8|70.45|0|408|5.3|5.3|7|8
69.9|70.45|0|408|5.3|5.3|7|8
70|70.47|0|408|5.3|5.3|7|8
70.1|70.47|0|408|5.3|5.3|7|8
70.2|70.46|0|408|5.3|5.3|7|8
70.3|70.46|0|408|5.3|5.3|7|8
70.4|70.46|0|408|5.3|5.3|7|8
70.5|70.46|0|408|5.3|5.3|7|8
70.6|70.46|0|408|5.3|5.3|7|8
70.7|70.46|0|408|5.3|5.3|7|8
70.8|70.43|0|408|5.3|5.3|7|8
70.9|70.43|0|408|5.3|5.3|7|8
71|70.42|0|408|5.3|5.3|7|8
71.1|70.46|0|408|5.3|5.3|7|8
71.2|70.46|0|408|5.3|5.3|7|8
71.3|70.47|0|408|5.3|5.3|7|8
71.4|70.47|0|408|5.3|5.3|7|8
71.5|70.46|0|408|5.3|5.3|7|8
71.6|70.46|0|408|5.3|5.3|7|8
71.7|70.46|0|408|5.3|5.3|7|8
71.8|70.45|0|408|5.3|5.3|7|8
71.9|70.45|0|408|5.3|5.3|7|8
72|70.45|0|408|5.3|5.3|7|8
72.1|70.46|0|408|5.3|5.3|7|8
72.2|70.45|0|408|5.3|5.3|8|8
72.3|70.43|0|408|5.3|5.3|8|8
72.4|70.32|0|408|5.3|5.3|8|8
72.5|70.3|0|408|5.3|5.3|8|8
72.6|70.35|0|408|5.3|5.3|8|8
72.7|70.42|0|408|5.3|5.3|8|8
72.8|70.43|0|408|5.3|5.3|8|8
72.9|70.41|0|408|5.3|5.3|8|8
73|70.38|0|408|5.3|5.3|8|8
73.1|70.41|0|408|5.3|5.3|8|8
73.2|70.41|0|408|5.3|5.3|8|8
73.3|70.41|0|408|5.2|5.2|8|8
73.4|70.41|0|408|5.2|5.2|8|8
73.5|70.42|0|408|5.2|5.2|8|8
73.6|70.45|0|408|5.2|5.2|8|8
73.7|70.42|0|408|5.2|5.2|8|8
73.8|70.39|0|408|5.2|5.2|8|8
73.9|70.41|0|408|5.2|5.2|8|8
74|70.45|0|408|5.2|5.2|8|8
74.1|70.49|0|408|5.2|5.2|8|8
74.2|70.41|0|408|5.2|5.2|8|8
74.3|72.18|0|408|5.2|5.2|8|8
74.4|75.21|0|408|5.2|5.2|8|8
74.5|78.26|0|408|5.2|5.2|8|8
74.6|81.26|0|408|5.2|5.2|8|8
74.7|84.24|0|408|5.1|5.1|8|8
74.8|87.19|0|408|5.1|5.1|8|8
74.9|90.09|0|408|5.1|5.1|8|8
75|93.06|0|408|5.1|5.1|8|8
75.1|94.86|0|408|5.1|5.1|8|8
75.2|95.59|0|408|5.1|5.1|8|8
